0 7.5153963829704225
0.5 1.5908404262365132
1.0 2.538344503237709
1.5 3.669688307636544
2.0 1.2490371544183405
2.5 3.824959150859004
3.0 2.609808852213356
3.5 3.023287437864541
4.0 2.40752229753018
4.5 1.7726341886960164
5.0 2.394651004697283
5.5 2.853761402125845
6.0 3.3536075649097903
6.5 4.3607401233300065
7.0 2.9800028211617207
7.5 1.9709129156986398
8.0 3.180288320164138
8.5 3.1867983542425313
9.0 2.8486629209801846
9.5 3.125939923276782
10.0 0.2
10.5 4.084472857878172
11.0 3.3130201261093855
11.5 3.8993539899664396
12.0 6.165553727913844
12.5 4.894632822945859
13.0 2.483433968911762
13.5 3.94769019252906
14.0 0.8074715507279642
14.5 3.5762356268860716
15.0 1.033664488632576
15.5 2.7280717539773636
16.0 4.799229882259834
16.5 3.5939791603853632
17.0 2.6517809426475094
17.5 2.7784573020261085
18.0 1.674168778880029
18.5 5.280563329437326
19.0 5.589308282097608
19.5 2.4425499350622957
20.0 5.2169020710704554
20.5 2.820139579936126
21.0 3.1852210539980135
21.5 4.6288751473450205
22.0 4.3619149433203654
22.5 1.7687805380117336
23.0 4.28377162206016
23.5 4.351987162051084
24.0 1.724521156484002
24.5 4.326255621758989
25.0 4.221461618590503
25.5 4.854013030621351
26.0 1.465138099061795
26.5 4.569754751090477
27.0 2.431623594104108
27.5 2.52768341170665
28.0 2.4800739984707065
28.5 1.4852519775047843
29.0 4.70124052213568
29.5 2.3770590589521174
30.0 1.9612220366350197
30.5 4.07224302057387
31.0 3.609696312754065
31.5 4.037569847068453
32.0 2.0889744647435715
32.5 4.543538266765896
33.0 2.5210340866342866
33.5 0.4914054854662542
34.0 2.330135291196049
34.5 4.249843664668093
35.0 2.0961011192569594
35.5 1.596622322971437
36.0 2.671157066905821
36.5 1.2555348168498228
37.0 2.280139524836917
37.5 3.2902795621107472
38.0 3.23458638810598
38.5 2.5365505276476945
39.0 1.7262877939752095
39.5 7.05480731821258
40.0 4.505034021123616
40.5 1.1617950052135226
41.0 5.0183963265354095
41.5 3.660947737466328
42.0 4.73356439448512
42.5 2.225273381436508
43.0 2.613498307701509
43.5 1.4713641893589045
44.0 4.09644343069095
44.5 3.507989855099779
45.0 4.254080689064028
45.5 4.919233825145161
46.0 1.1049082992304315
46.5 4.3693177893880035
47.0 4.997869343773645
47.5 7.211898309435349
48.0 4.7789051065924015
48.5 3.2604916901575294
49.0 7.463595586088394
49.5 4.853670940368797
50.0 3.601825698758588
50.5 3.7094016547714865
51.0 4.201132937599819
51.5 2.0498554534201556
52.0 4.440309639474031
52.5 3.8246577720023676
53.0 3.0085968843571416
53.5 4.592947035600432
54.0 6.514116395262626
54.5 3.8134726894108493
55.0 2.6496090138694415
55.5 6.284854158922805
56.0 3.613431487806854
56.5 5.67026015455261
57.0 6.422262735042748
57.5 3.5170299503857216
58.0 3.9370199726098956
58.5 1.8500848992650942
59.0 0.6684174113339374
59.5 4.026689679541623
60.0 9.596602135733374
60.5 4.549976951434478
61.0 3.5960836932728806
61.5 7.1140624300812325
62.0 6.983789106986532
62.5 6.247110404517915
63.0 2.1616753651757223
63.5 2.487186495222123
64.0 2.5206186785469096
64.5 3.222012685824356
65.0 3.842632970552308
65.5 0.2
66.0 9.355659856191286
66.5 2.0096304619256964
67.0 1.4770896771845545
67.5 4.338162621167536
68.0 0.6793671270628301
68.5 3.194367673854504
69.0 3.9822242050788397
69.5 2.3415628418139267
70.0 4.658929706809603
70.5 4.883298581717387
71.0 4.012007972608078
71.5 5.010838959379589
72.0 5.79215244387959
72.5 3.9570297477963843
73.0 3.0527036843679607
73.5 3.8972547581642853
74.0 4.1212001557370055
74.5 3.8949263181190577
75.0 4.852319780137433
75.5 0.598462498485004
76.0 4.565672116399091
76.5 3.865186946445667
77.0 4.40906353260232
77.5 4.320180594618342
78.0 1.2118540545210021
78.5 2.7367666963363937
79.0 1.9269492345600112
79.5 4.1021381290642465
80.0 2.2700271922622415
80.5 5.697049557175012
81.0 3.3570805880472223
81.5 3.4397017040042654
82.0 2.4722716932766446
82.5 3.4593664958477874
83.0 2.1723442272899542
83.5 2.5740371071027286
84.0 3.358608945641244
84.5 2.331961228346236
85.0 3.430261982198829
85.5 3.719230130068346
86.0 2.870571129156588
86.5 4.08804707741727
87.0 2.5936367118356545
87.5 2.358514979281351
88.0 2.2001419081481033
88.5 2.2670163481544465
89.0 3.001988752728581
89.5 2.7783299734660742
90.0 3.1864355791751153
90.5 4.015090149202253
91.0 3.835050533215627
91.5 1.7626070293293346
92.0 2.979201633925726
92.5 4.119509318738471
93.0 3.086372264925343
93.5 3.8431503652555876
94.0 1.4897245099100647
94.5 2.8303088460248307
95.0 3.086405857915999
95.5 2.8287720771517897
96.0 2.701740749053725
96.5 4.048167126366714
97.0 4.105613402148649
97.5 3.8666849490898256
98.0 1.5378622462593083
98.5 1.4379775483553436
99.0 4.288435277292653
99.5 1.9238072745387287
100.0 3.7445406088316844
100.5 4.725701633361886
101.0 2.7960858818781134
101.5 4.500802233360387
102.0 2.6653037067369385
102.5 4.996436809201688
103.0 3.9440128675892874
103.5 2.971740321608398
104.0 4.321200984107351
104.5 0.2
105.0 3.7671269691747047
105.5 1.9592509411567143
106.0 0.48737115704662015
106.5 2.9768283580763764
107.0 2.934276451229266
107.5 4.769059099680545
108.0 2.392502691450291
108.5 2.785115532949721
109.0 5.3745161143270135
109.5 3.4139910323001375
110.0 2.521229990763758
110.5 1.1124651596805335
111.0 1.5727457422875586
111.5 2.9661236905457176
112.0 2.697009152571336
112.5 3.5040463167002995
113.0 3.4622242897127067
113.5 2.5736014142968653
114.0 4.079357439280654
114.5 6.634977724667113
115.0 3.9084275944829745
115.5 1.362661846328376
116.0 4.896440221723566
116.5 3.4698089542285513
117.0 4.296497315921929
117.5 1.7449303577926205
118.0 3.253176677074427
118.5 4.2258140921473615
119.0 2.4186495795679503
119.5 5.404037979795008
120.0 5.230220785390527
120.5 6.8952125713032375
121.0 4.029810621139399
121.5 5.126018364764625
122.0 5.139480414470611
122.5 3.750770150832898
123.0 1.3289918348374887
123.5 3.8794707897491474
124.0 5.141549154382234
124.5 2.8158363203425116
125.0 6.785273404351404
125.5 3.8238522606171164
126.0 3.2480755462148756
126.5 6.76914397222622
127.0 0.34009232680823986
127.5 3.725438015838916
128.0 1.7342852550329064
128.5 2.55794961371054
129.0 4.03396596443833
129.5 2.6744561740063304
130.0 5.865140584171106
130.5 2.682125488906961
131.0 1.1472945536471904
131.5 1.7703664938795551
132.0 2.227406895150858
132.5 1.7418720406971866
133.0 2.20137363472982
133.5 4.803271540788151
134.0 3.4533480713114675
134.5 1.8239227070714752
135.0 2.7236326333437995
135.5 4.608650952496398
136.0 5.02621750709584
136.5 3.70153244282558
137.0 4.354851271219196
137.5 2.1307624083045895
138.0 0.2
138.5 2.2529297302159366
139.0 3.4621230430195857
139.5 4.461006427346989
140.0 3.7221779890569504
140.5 3.1242139535234976
141.0 2.898790332066661
141.5 4.3297245478874915
142.0 3.7581263631291533
142.5 1.6463326218805852
143.0 3.8503743323057487
143.5 0.8720786755049068
144.0 3.366977909321136
144.5 2.818769145548419
145.0 2.302739108677337
145.5 3.862352719789905
146.0 3.4079296650043527
146.5 2.194961184988315
147.0 3.249561112766969
147.5 1.755133931885768
148.0 2.277290265677147
148.5 1.298169620162769
149.0 0.8581054181888677
149.5 1.0699194655429507
150.0 1.8824887727867403
150.5 3.2644285567121796
151.0 2.2820644243474595
151.5 3.5571569385420516
152.0 3.2913039947335396
152.5 3.160207827797837
153.0 4.61512422841424
153.5 3.2565395663313916
154.0 4.233814880345154
154.5 5.199964044623213
155.0 2.6381148636257494
155.5 1.7134532956715003
156.0 2.0533758560054496
156.5 0.5704197021717596
157.0 2.0786255081441287
157.5 0.2
158.0 3.0480237412008484
158.5 4.863874945572297
159.0 2.567581920358486
159.5 4.030237148157732
160.0 3.2575879152902605
160.5 0.6906566759560224
161.0 3.5502062600555315
161.5 1.121028690546638
162.0 1.2784757872353265
162.5 6.988454258217482
163.0 4.313717812166177
163.5 0.33687182527135784
164.0 2.428422705006263
164.5 3.4710617671445925
165.0 6.197645860534685
165.5 2.9911007385223467
166.0 4.431567242374454
166.5 2.68909000788724
167.0 4.841383974274921
167.5 5.476847741378318
168.0 4.949891265041201
168.5 1.8488988431029174
169.0 5.367120609947554
169.5 4.727167136661892
170.0 2.975554927616347
170.5 4.326464358420846
171.0 3.4287362117094586
171.5 6.732349431439606
172.0 5.422320029751393
172.5 4.026469274713806
173.0 4.008940341541702
173.5 6.713096044860788
174.0 4.745775320556263
174.5 5.076244015326634
175.0 5.822366370527978
175.5 5.690209118197519
176.0 2.834158260949195
176.5 6.1327530103413315
177.0 8.147217260308484
177.5 7.589545493921221
178.0 2.42604312747474
178.5 4.749524006829057
179.0 3.5221504857163684
179.5 2.157924018619043
180.0 7.293271678034341
180.5 6.142273528675854
181.0 5.5276909634742175
181.5 3.882414502382761
182.0 4.4522598299050316
182.5 7.136578697817836
183.0 5.980192132506241
183.5 6.302919191604385
184.0 6.274360859390649
184.5 1.7668550867565966
185.0 6.578531796483141
185.5 0.6631867507443974
186.0 4.59180995082135
186.5 4.999797028414111
187.0 4.129171702348163
187.5 3.6748861816499794
188.0 3.5385488828305665
188.5 3.3534185366073213
189.0 3.201414980116299
189.5 3.12322829511776
190.0 4.243263701146845
190.5 4.642146407037892
191.0 2.9630642507426015
191.5 3.9800888060276884
192.0 1.636123204743502
192.5 4.566552232014407
193.0 3.2916700143045343
193.5 2.4783821506297072
194.0 2.5259469656711806
194.5 3.2506470445433786
195.0 3.1652595001277306
195.5 4.5171231241778536
196.0 2.818845055932266
196.5 0.2
197.0 4.477919769046533
197.5 3.301803680917613
198.0 3.7752047148936962
198.5 2.8019107160847683
199.0 1.5841584077328652
199.5 6.7530061433208655
200.0 4.55527198127437
200.5 1.702466322521281
201.0 3.364058273759425
201.5 1.548977685296046
202.0 4.119745012561734
202.5 4.287101672837529
203.0 4.732218705843232
203.5 6.409097384299544
204.0 7.343314916543585
204.5 0.8731873933277736
205.0 4.7279529562992835
205.5 6.091050012145139
206.0 5.718639955717469
206.5 0.2
207.0 3.707483132289802
207.5 3.692568619285138
208.0 1.2050946548476045
208.5 5.490813447432268
209.0 0.2
209.5 3.252738581425199
210.0 6.1207180681685145
210.5 0.4618269967399149
211.0 3.5661603618017845
211.5 4.558949715340358
212.0 3.341621838139666
212.5 2.073476534282838
213.0 2.5438825657066326
213.5 4.912849116869365
214.0 5.055816905801992
214.5 4.916057542384839
215.0 4.571083286238607
215.5 8.057668917625007
216.0 5.232590671567566
216.5 8.555246472558864
217.0 3.3329767727817186
217.5 4.473466889671075
218.0 5.688116895300711
218.5 3.6216860757944014
219.0 7.865978931794851
219.5 6.587481601190696
220.0 6.948425762335344
220.5 4.516731826693477
221.0 2.3107941995523427
221.5 7.596973232907555
222.0 9.47717349022489
222.5 4.9172245983298515
223.0 3.781568059909399
223.5 3.8359243797286378
224.0 6.180167912177476
224.5 1.5278883126397176
225.0 7.19230388778888
225.5 5.122458795450469
226.0 11.646508410902992
226.5 5.187088833007472
227.0 4.163954624865145
227.5 7.318564610661847
228.0 4.996064868431419
228.5 4.562748916187559
229.0 7.439411476160069
229.5 5.359105557280751
230.0 1.6718031292497906
230.5 3.8463587152518564
231.0 0.2
231.5 5.9036460442627945
232.0 3.013781634701432
232.5 1.907444235487323
233.0 7.382477210691243
233.5 2.5778128903172997
234.0 6.248584050455159
234.5 5.937571098651561
235.0 2.8225101269742363
235.5 1.7838062498743803
236.0 3.1234305116889467
236.5 6.465176155382837
237.0 3.781466578248779
237.5 2.5927647090170587
238.0 1.1636685478610955
238.5 4.1051516748217605
239.0 3.4670891341427055
239.5 2.0099825796880917
240.0 6.09168562085244
240.5 3.7543569266154355
241.0 1.7247619493714563
241.5 4.529222673310592
242.0 2.3845805385668055
242.5 3.4741600646140687
243.0 5.55715333286844
243.5 4.773232134352699
244.0 4.24451215680304
244.5 2.1314079029572004
245.0 2.5027655348366977
245.5 5.110823045126155
246.0 4.479169806001441
246.5 6.204505821242998
247.0 7.821368672446236
247.5 4.150174323359747
248.0 8.756237045645566
248.5 5.971810951840029
249.0 2.4084230566690996
249.5 2.9588745796837626
250.0 2.277366874175303
250.5 2.3011997581823533
251.0 7.055178751578447
251.5 6.606776144380705
252.0 9.247950442256755
252.5 6.739283537278586
253.0 3.229419455567254
253.5 9.580081900573813
254.0 6.062587749112211
254.5 5.1629361244059755
255.0 6.082073777542205
255.5 0.4462493043280764
256.0 6.9228778547362655
256.5 4.43733065861265
257.0 4.559297298400421
257.5 7.625652039406187
258.0 4.08786634761444
258.5 5.422833152459576
259.0 2.0448225445327175
259.5 2.7781796568134776
260.0 4.941626973512651
260.5 5.1729186539343806
261.0 9.053590908657958
261.5 7.618507623212527
262.0 9.611723821482443
262.5 3.1256856309331957
263.0 7.375073463511313
263.5 9.566932035787243
264.0 4.837765486054932
264.5 5.571114758045277
265.0 2.35596064423525
265.5 6.816197957357794
266.0 4.452004080518321
266.5 8.350422513020082
267.0 2.4001732968709226
267.5 2.4888056607219182
268.0 5.133645042083311
268.5 4.429100525780866
269.0 1.6619798317596524
269.5 5.8945023181449825
270.0 4.269078041218249
270.5 2.555529180577637
271.0 7.531234754678201
271.5 0.2
272.0 5.526788144368419
272.5 7.828844053412716
273.0 1.932371280403407
273.5 5.021638728336447
274.0 4.3510942846925476
274.5 3.0459151034017307
275.0 2.589757183911888
275.5 3.725061411917863
276.0 4.730011803767894
276.5 4.252478905334753
277.0 5.523731478081005
277.5 4.559598381545961
278.0 1.852578556046896
278.5 5.748085158010486
279.0 5.4895049313863655
279.5 3.897084257571462
280.0 4.355544888776853
280.5 4.349862333008361
281.0 5.0010775949386606
281.5 2.8438875603122566
282.0 2.117943795789617
282.5 1.0229361821362757
283.0 2.2308610110948384
283.5 2.666271797188607
284.0 1.7139690993104206
284.5 1.9408291068750934
285.0 3.3937748959998917
285.5 1.9556705979211157
286.0 1.8475602076387854
286.5 6.280260077439506
287.0 6.250281277672525
287.5 5.49679458942264
288.0 6.155599602333146
288.5 1.1984155084682278
289.0 1.35518022567511
289.5 4.483275101403632
290.0 4.706961078857867
290.5 4.455027930113047
291.0 4.319078234472613
291.5 4.745120077955678
292.0 5.436021388223799
292.5 3.840797801722671
293.0 3.1008149727853143
293.5 5.450853246441403
294.0 5.747573765640979
294.5 1.4146121544947765
295.0 2.8816426247230744
295.5 2.26258756806983
296.0 2.5863445410008605
296.5 2.2863993158098173
297.0 1.1444262564884473
297.5 2.7439748636357697
298.0 3.774138805691048
298.5 2.9582803194230816
299.0 3.8870027787722736
299.5 1.1442983128526967
300.0 0.8845075340587172
300.5 2.391940864190765
301.0 3.911291012474571
301.5 3.951864028398045
302.0 1.7938237095642906
302.5 2.847253887946019
303.0 1.2435899888656086
303.5 1.8528644769090885
304.0 2.1990290100995518
304.5 4.120208039864336
305.0 1.8642060483779557
305.5 2.8489089538868186
306.0 2.094994194520039
306.5 5.131566270829838
307.0 2.862846563075166
307.5 3.6441069636085857
308.0 4.945722588970846
308.5 4.467553471952984
309.0 4.883203573773552
309.5 7.107283057686799
310.0 2.323961744976895
310.5 4.629243061471289
311.0 6.838815290600962
311.5 5.910483035573875
312.0 5.3689404832781715
312.5 4.724982274402505
313.0 1.4527667547027068
313.5 4.441845798741081
314.0 0.4528158124829753
314.5 1.6971491567466916
315.0 1.4509880973242009
315.5 2.166891058540268
316.0 7.820811091637658
316.5 2.547565170256873
317.0 5.068688032986645
317.5 1.6914259226137074
318.0 5.790914586210902
318.5 2.6953502317413633
319.0 0.8981335318129773
319.5 7.9561778131685
320.0 3.89224824907754
320.5 5.656860762041818
321.0 3.511629549159733
321.5 1.5281976351217907
322.0 4.8171281334897245
322.5 6.932894557376983
323.0 1.4474847587866146
323.5 1.713602984393963
324.0 2.5395792333914677
324.5 5.777805704258105
325.0 2.104307075422715
325.5 4.957963424111346
326.0 4.2214161288411844
326.5 6.1691600514566645
327.0 4.379843831380784
327.5 4.659022114021972
328.0 1.6080665559836254
328.5 4.312796185115172
329.0 4.827739219105085
329.5 5.454697212761984
330.0 2.982686730716742
330.5 5.488356493920003
331.0 6.715290740571725
331.5 6.015374440242941
332.0 4.077009712807499
332.5 4.398695883987032
333.0 3.140210701158056
333.5 3.4563331211809523
334.0 3.1058959991436397
334.5 6.1566481532532125
335.0 3.8726384117991577
335.5 2.524545863724745
336.0 4.433702385739742
336.5 2.610398080872841
337.0 4.67805881488294
337.5 8.40158635519964
338.0 5.669797208050754
338.5 4.565431942446553
339.0 6.405731978599912
339.5 5.882493710744063
340.0 2.2143184679636136
340.5 5.719113306693169
341.0 4.1804174902801305
341.5 1.3870567176103439
342.0 3.635386019507929
342.5 3.150944800856464
343.0 3.0722914993895376
343.5 3.433858401751666
344.0 3.584202106440025
344.5 3.659026823996582
345.0 2.107727469121893
345.5 5.41744697475844
346.0 2.760541939609541
346.5 6.185844186115328
347.0 5.502468825980735
347.5 1.3968602863337702
348.0 5.671658830118028
348.5 3.943138915234614
349.0 4.392350023015366
349.5 5.057530918923479
350.0 2.076240141771267
350.5 6.146386784447999
351.0 1.6674565950360127
351.5 3.5145532491375295
352.0 3.1109308556824526
352.5 3.4881300143611593
353.0 5.897855819326117
353.5 5.610685952845086
354.0 2.4060213746367634
354.5 4.075192918084671
355.0 4.523658387242486
355.5 2.3555983535230345
356.0 2.203666488114196
356.5 1.4252752184876525
357.0 3.1228504828663715
357.5 1.7944800282001527
358.0 3.610161748724555
358.5 0.8771209020763191
359.0 0.43052853529319846
359.5 3.4087872861107704
360.0 6.516019325028693
360.5 1.1920669458097881
361.0 4.4815436299245155
361.5 3.6681655442271386
362.0 0.811123739889072
362.5 5.0113198536466665
363.0 1.0019013759986488
363.5 1.4821572249966526
364.0 0.5722410097260258
364.5 2.509934057178977
365.0 3.9111175354613277
365.5 3.540915416789834
366.0 2.5538040050609254
366.5 1.9780583573844548
367.0 0.4714733004287872
367.5 8.055868405809443
368.0 4.461846062624191
368.5 3.45192306033998
369.0 2.376948462508583
369.5 2.8680759162415157
370.0 2.391885848960447
370.5 2.1109005543300623
371.0 1.1898000652362974
371.5 2.94538833512132
372.0 5.036981976425711
372.5 2.3939467525506486
373.0 1.2879639637691263
373.5 2.7027466238999427
374.0 3.478377734802418
374.5 2.416705441348861
375.0 2.57937090908244
375.5 3.8798692721599526
376.0 2.396462887822631
376.5 2.848941174836032
377.0 3.2704304958144186
377.5 3.1495569159858685
378.0 2.1955491455459972
378.5 4.155677303936844
379.0 2.4975763101406505
379.5 2.407384950313376
380.0 4.382752208653093
380.5 1.3241228001973315
381.0 4.142942594868053
381.5 5.214402126430309
382.0 0.7540176876997493
382.5 5.516608012591844
383.0 2.7300989086433622
383.5 2.8448778406592394
384.0 2.126526395146709
384.5 5.27242604512249
385.0 5.646832378977887
385.5 6.8815991404355845
386.0 2.502142445034236
386.5 6.022915970504648
387.0 4.03869810931992
387.5 0.2420256898367099
388.0 4.474299048652271
388.5 4.917862037159903
389.0 2.8848869019905647
389.5 5.985165087131347
390.0 2.9894595757325435
390.5 2.9586567632930563
391.0 3.053961790423881
391.5 6.555272416377952
392.0 1.586114032166082
392.5 4.544348904496516
393.0 2.4056737427422337
393.5 2.9676818865956367
394.0 3.8504007004657255
394.5 3.93198477418421
395.0 0.7153427019749392
395.5 4.371242343693783
396.0 1.6307665916702985
396.5 4.962500239068115
397.0 1.9838298199505506
397.5 7.372387180471939
398.0 3.4981827812097
398.5 4.030150623306557
399.0 3.363925968607159
399.5 7.514661518179116
400.0 3.0804250883981226
400.5 8.538344245921888
401.0 4.018810742277239
401.5 2.0224543776682156
402.0 5.943860704970463
402.5 2.7550575892637266
403.0 2.817254183298135
403.5 2.9864595454672327
404.0 3.1538969587983137
404.5 5.055844256343909
405.0 5.152902244091528
405.5 3.1637507236836346
406.0 1.6185476761908153
406.5 4.342263313256983
407.0 4.7383325124785225
407.5 7.910112631429104
408.0 2.0367478063024196
408.5 4.940002302876943
409.0 3.629549367093806
409.5 2.5456376733919566
410.0 3.248028809619466
410.5 3.472077525021413
411.0 5.46574755385796
411.5 4.813972629296719
412.0 6.414562255299955
412.5 4.85358936580022
413.0 4.7374590074207
413.5 3.099731660874581
414.0 6.6475333868813005
414.5 3.9169178950298718
415.0 7.230589774322835
415.5 7.127420421153747
416.0 4.578931153723277
416.5 3.7446856939933575
417.0 6.349797014064061
417.5 2.286382200276011
418.0 7.105725558902336
418.5 5.326843881377386
419.0 5.083612409849207
419.5 8.733304303862472
420.0 3.561843342022687
420.5 4.003483514802424
421.0 4.640620973411195
421.5 3.115044345745389
422.0 3.7841890626947814
422.5 3.745616760100669
423.0 2.20276609543924
423.5 4.370259527535074
424.0 1.40966111581593
424.5 3.134583768471667
425.0 3.016987588471948
425.5 4.645416869639771
426.0 3.247489546967037
426.5 3.736414522472681
427.0 3.4549096229175214
427.5 2.9776458814815046
428.0 3.6869366437213515
428.5 3.3449783626615464
429.0 4.007929414836607
429.5 3.066012277764212
430.0 3.361232504556094
430.5 3.386387509176772
431.0 0.2
431.5 4.659527884684628
432.0 1.735541838812607
432.5 3.7019658368008836
433.0 7.570359859850182
433.5 5.44154999945518
434.0 3.347053689976719
434.5 1.4461105128563148
435.0 3.691527941011066
435.5 1.1919708097456185
436.0 5.400996564460981
436.5 5.232727944809714
437.0 3.9889435951755616
437.5 6.183719563406479
438.0 3.0302380501044004
438.5 3.3625833025137233
439.0 2.303711653333016
439.5 4.417894226446941
440.0 4.098054763337298
440.5 4.5235229304373075
441.0 3.495661226281789
441.5 3.638755202381188
442.0 3.5533065638732104
442.5 4.378248852222394
443.0 3.141427890818706
443.5 4.111943180598244
444.0 1.7490949560510671
444.5 3.9954932365900526
445.0 0.7731277350131238
445.5 0.8836428076152396
446.0 4.786752992795946
446.5 6.062602808258065
447.0 3.835695504806897
447.5 3.530494007208318
448.0 1.485591503164783
448.5 4.3280293294330345
449.0 6.063680223120942
449.5 2.555662914895649
450.0 3.5688931730862525
450.5 0.9040536586776793
451.0 3.296435466216534
451.5 5.346628212920786
452.0 4.391733989894316
452.5 2.242564205467207
453.0 3.0375857116582052
453.5 2.6938725489689137
454.0 0.2
454.5 1.4814767226369667
455.0 3.0079966831789995
455.5 4.922605072644762
456.0 3.0155289434745596
456.5 2.3670905365263257
457.0 3.5332820373559146
457.5 2.651627662416997
458.0 3.5353374077671558
458.5 0.9902309899370865
459.0 1.6903423957895427
459.5 2.5378569520060537
460.0 2.330686778927726
460.5 1.3203719304960653
461.0 3.321766034250745
461.5 0.8989535845427783
462.0 1.3792854187293906
462.5 2.6648972581052073
463.0 2.2237316631167743
463.5 2.8118971298608653
464.0 3.457877021971602
464.5 3.475009986909642
465.0 1.7107958303322808
465.5 3.590244739792634
466.0 3.8640418008939212
466.5 2.7093873339664287
467.0 2.2772768943830046
467.5 1.5639735141750135
468.0 3.289168998415084
468.5 1.864616388874439
469.0 0.5749703819736367
469.5 0.26567480078635874
470.0 3.6017215005345484
470.5 2.7896107683181137
471.0 3.083617176256227
471.5 0.6703726941374741
472.0 2.1468517842780916
472.5 3.5646046366165063
473.0 3.2456590706921147
473.5 2.8168825193014535
474.0 1.5673564278062482
474.5 1.9405708028885444
475.0 1.9684227056355934
475.5 1.270085342762729
476.0 4.457846168192112
476.5 3.129572558982537
477.0 0.856323622972363
477.5 2.8373476384594616
478.0 2.5462587507859435
478.5 3.231188916718443
479.0 1.1289844754871179
479.5 3.0909696812838146
480.0 3.4941878298116835
480.5 1.7005011610136969
481.0 2.5346451960747305
481.5 2.5601113400072375
482.0 2.5155129424846048
482.5 2.3164733154001316
483.0 2.5658581170327386
483.5 3.2175497851541426
484.0 2.6655874500707144
484.5 0.9657780308372315
485.0 3.1702529520829605
485.5 2.1716138518116086
486.0 2.0575180955346677
486.5 1.8378276835690575
487.0 2.603708656260613
487.5 1.3163600490308673
488.0 2.754059859893694
488.5 3.1115751285250157
489.0 1.893076645551223
489.5 3.4498191931877864
490.0 3.547275591309034
490.5 0.429936010019089
491.0 3.87801223586483
491.5 3.2256376733654113
492.0 2.115282691093885
492.5 5.5720841441671505
493.0 4.709918438136337
493.5 2.3282782336648076
494.0 4.8301487287254
494.5 2.4785189198624913
495.0 0.4276634177150429
495.5 4.214544883926642
496.0 3.008647945768308
496.5 4.055646147327552
497.0 2.8812068461944156
497.5 1.0052468551832745
498.0 3.0207814950336926
498.5 2.9807942003556116
499.0 1.6208096271864507
499.5 3.595907158152481
500.0 3.5752435318895492
500.5 2.35196990928092
501.0 3.2389020079469124
501.5 1.8210501814446658
502.0 1.8545646077989186
502.5 3.4442144866347406
503.0 1.6658149452960362
503.5 3.083203601840211
504.0 3.0265652908451597
504.5 5.800482553101343
505.0 3.542556740054623
505.5 5.752779262376539
506.0 3.829319729292037
506.5 0.4799418107063169
507.0 2.7876113922723684
507.5 1.9377040046344545
508.0 2.8179567761379447
508.5 3.0834453193544125
509.0 3.771291489233832
509.5 2.2977368785805727
510.0 6.244265713633461
510.5 4.456916024362207
511.0 5.23779595258933
511.5 6.158645892045859
512.0 5.273559774290773
512.5 5.304670254057122
513.0 5.093194875430618
513.5 0.9103965470823199
514.0 3.840754465576799
514.5 3.003810894568813
515.0 1.200089369621982
515.5 4.990068156818047
516.0 1.1761548144469298
516.5 1.1772528786812368
517.0 3.5947159010851477
517.5 3.798736012862644
518.0 1.622705933180865
518.5 2.5173220601935458
519.0 2.8159383431615335
519.5 2.6369879619283467
520.0 4.90029379175404
520.5 4.646932171724952
521.0 5.631993247673146
521.5 1.737206075247768
522.0 3.4204295210175433
522.5 4.773430514750196
523.0 8.669860982268961
523.5 5.276197551095858
524.0 6.073639407391948
524.5 3.2957753285592064
525.0 2.9126043069530434
525.5 4.771156101154764
526.0 0.2
526.5 1.987889795509664
527.0 3.201939466604538
527.5 3.771186541378735
528.0 3.9782349242274977
528.5 5.398972462434589
529.0 2.9532749854572695
529.5 4.043031112213993
530.0 5.57459081352534
530.5 5.177807434359416
531.0 3.8557069337342975
531.5 5.049701887016987
532.0 3.31343903740057
532.5 5.491972918770987
533.0 4.384864467309202
533.5 3.116377976614894
534.0 4.968456828647696
534.5 4.754748557422877
535.0 0.2
535.5 2.6080039460284485
536.0 3.5140622034151248
536.5 3.9708877840711514
537.0 1.8796158307547857
537.5 3.556455362105397
538.0 4.905550949257356
538.5 2.905556534977808
539.0 2.6437616823673142
539.5 0.5316967818372302
540.0 2.0401807350608947
540.5 2.9955214656794382
541.0 5.825210049552384
541.5 5.359625009460812
542.0 1.9819232944106155
542.5 2.593451014743316
543.0 4.868082498126563
543.5 6.272297613328824
544.0 3.2761357351520135
544.5 2.9881652912418653
545.0 3.5750672443300697
545.5 2.510689543523193
546.0 2.5760850926886425
546.5 3.4506978987631682
547.0 6.073330592980499
547.5 1.6554165272760444
548.0 3.850727440358341
548.5 6.1050024790896185
549.0 1.173415499833061
549.5 2.4526693154595445
550.0 7.395622462425489
550.5 0.2
551.0 4.559926770570717
551.5 3.8997389430317284
552.0 4.01459367055804
552.5 1.1011704097637556
553.0 5.664452459160527
553.5 1.3939444774302714
554.0 1.7106774047016389
554.5 3.3547175978866592
555.0 2.7215017865015025
555.5 2.135809867489412
556.0 3.560972245311012
556.5 2.0265067095504374
557.0 2.3320809409102345
557.5 1.5161047749324301
558.0 2.8383939743135413
558.5 2.2895935410610004
559.0 3.8389820917940085
559.5 3.752579285759018
560.0 3.6892503232396816
560.5 2.634841646415432
561.0 2.417381160941555
561.5 2.788014146094089
562.0 4.739008407467274
562.5 3.4048852655792485
563.0 1.8728973839091023
563.5 2.3263377713909374
564.0 3.80665240870201
564.5 2.169793662838189
565.0 5.430144248951817
565.5 3.904993401684514
566.0 3.47894230747025
566.5 3.128032795126436
567.0 4.551041539418289
567.5 4.377662823273381
568.0 5.406014055142633
568.5 4.166617073727586
569.0 2.4705914190991876
569.5 2.9455982525682023
570.0 3.745095366471976
570.5 5.408970055187362
571.0 4.996199906102115
571.5 6.165155308084016
572.0 6.425467556506611
572.5 6.802344260365592
573.0 4.685413945558007
573.5 1.9111124791301202
574.0 9.009230412951482
574.5 5.609001134783469
575.0 3.8250601876929267
575.5 4.566436444316101
576.0 3.626429519394991
576.5 0.5232317129938027
577.0 1.1948976022045563
577.5 2.0353186294369694
578.0 0.6570480272900099
578.5 5.226152401578436
579.0 5.276607745244842
579.5 1.4585837133146864
580.0 5.747505651483077
580.5 4.031819795522548
581.0 3.1261934491137096
581.5 3.3594040072621203
582.0 1.5676013080622628
582.5 1.533875857085162
583.0 2.6218931204367375
583.5 1.928870302714793
584.0 2.3877654767150256
584.5 4.017168299633137
585.0 3.5774291794648523
585.5 5.187730952190242
586.0 2.650531072351706
586.5 2.6768691254659474
587.0 0.7120084455525797
587.5 1.0168786879443346
588.0 2.308064720233102
588.5 4.714398640902283
589.0 5.220507974380396
589.5 1.6895875978347175
590.0 1.677649500877643
590.5 0.6017065176300713
591.0 2.2284976492747326
591.5 4.254638753834864
592.0 2.8148988600964064
592.5 2.2730566215857744
593.0 2.025803237063209
593.5 4.552818990683099
594.0 1.9295234167589672
594.5 3.47878843263147
595.0 2.9726317651642873
595.5 2.4234117386770775
596.0 2.974153393033496
596.5 3.1147067391865146
597.0 3.994299105092137
597.5 3.3388438131135203
598.0 4.183600753697758
598.5 2.364328880977974
599.0 3.8105157472164697
599.5 0.2
600.0 4.281858469718802
600.5 6.738093346715191
601.0 2.9127380737138284
601.5 3.348371163696844
602.0 3.1657302197740753
602.5 4.275595943833052
603.0 3.874154416260656
603.5 4.212215783767521
604.0 4.505069662104598
604.5 1.6317534442479837
605.0 3.810731196302207
605.5 1.4722455828471086
606.0 5.1357463040580384
606.5 4.593100654475553
607.0 5.491160274106588
607.5 3.1362166825216455
608.0 5.138472841657078
608.5 3.2148187068890013
609.0 3.80932793493485
609.5 5.323219146386144
610.0 6.103612772336886
610.5 2.2463505359191642
611.0 3.3949985716219953
611.5 4.523798071337579
612.0 1.6687500964970852
612.5 6.593637441593044
613.0 8.71217813018526
613.5 6.728106464152837
614.0 3.9818909600403933
614.5 4.505620796766283
615.0 4.002808535725272
615.5 8.611319459253792
616.0 0.6445118590590386
616.5 2.6062289797561182
617.0 4.682517897350999
617.5 3.2526273175240163
618.0 3.2794593438094397
618.5 3.1016497383459694
619.0 8.89828541848449
619.5 5.899020648896883
620.0 1.435864719458996
620.5 3.9261279340023147
621.0 3.287462491062304
621.5 2.42546585807772
622.0 2.157840997959693
622.5 1.6451613197197468
623.0 4.333014883204127
623.5 4.571598618184569
624.0 2.124858735222542
624.5 4.924179416216585
625.0 2.752390961398451
625.5 3.069868260705315
626.0 4.099018322489879
626.5 4.148262005781499
627.0 1.5124467124176024
627.5 3.3966166032100813
628.0 0.3094235236608971
628.5 4.579894571971351
629.0 1.7516987080166067
629.5 2.966974384007357
630.0 2.464976865400706
630.5 2.784248366114599
631.0 2.6060036256731918
631.5 2.2298165393609954
632.0 2.358700713928118
632.5 3.2811530889959535
633.0 2.2521788979846282
633.5 4.452807299938723
634.0 3.358412753500162
634.5 3.981132062532308
635.0 2.603489671469902
635.5 3.7533206308571296
636.0 5.406559672782706
636.5 0.8710026857164839
637.0 2.716697303030216
637.5 3.3889124103546275
638.0 5.075063816416961
638.5 4.326896852324542
639.0 2.350142188825677
639.5 4.913382229567467
640.0 2.5511321378015843
640.5 0.9778012933625098
641.0 3.219942392783086
641.5 4.379802253541057
642.0 2.3031270186620687
642.5 4.5945797339344265
643.0 3.5009671482791607
643.5 3.5560447875130037
644.0 4.0312471833285315
644.5 2.4518001844590214
645.0 4.571223001268211
645.5 3.142148374375842
646.0 4.892329090278344
646.5 2.6084443912377884
647.0 4.463964897561567
647.5 2.923939745814524
648.0 2.1792511474762177
648.5 3.95203939797518
649.0 4.7617164444542786
649.5 0.7393064703307075
650.0 3.72604425031785
650.5 1.2691956523097885
651.0 1.2517235044376993
651.5 2.0141480513074566
652.0 2.0332886511944928
652.5 1.8409864226742272
653.0 2.8287517110120666
653.5 2.816426429807576
654.0 2.229075052238075
654.5 4.810662877526067
655.0 3.075383949946126
655.5 1.8676049893802626
656.0 1.2164434150382435
656.5 3.1848604393580855
657.0 2.489390805066714
657.5 2.59755452283597
658.0 3.0420113764434853
658.5 2.0983907994859177
659.0 4.797248478395407
659.5 4.534736699490429
660.0 5.319391350438186
660.5 0.888997569015916
661.0 6.525900918103337
661.5 5.126627223848621
662.0 3.4025994244301097
662.5 6.654320589815323
663.0 2.6102204544435335
663.5 2.203272048260707
664.0 5.820271292928718
664.5 4.400071273367699
665.0 1.646638306118259
665.5 5.788711811897835
666.0 4.016582027733775
666.5 2.755207431353651
667.0 3.1264015035180104
667.5 3.5471804142964896
668.0 3.8105256988474974
668.5 4.386990514057979
669.0 1.2412996777616065
669.5 3.0920201132041942
670.0 1.7729690936009102
670.5 4.4713357445223565
671.0 2.134702621940707
671.5 3.536799688543714
672.0 4.987010728325621
672.5 3.307573811614137
673.0 2.227234267505548
673.5 3.1310221434310477
674.0 4.535188896348393
674.5 2.4909650919032034
675.0 5.939062053688261
675.5 2.440842533781029
676.0 2.4531010233746056
676.5 3.2637913500353664
677.0 2.9461814521922536
677.5 4.867812102579419
678.0 4.40500747595896
678.5 1.4961877073709142
679.0 2.1596289464271767
679.5 5.130164564446943
680.0 3.6708772079680405
680.5 2.021765022312425
681.0 3.625891098476934
681.5 2.4459984947343427
682.0 9.341616388502922
682.5 3.4107074401442024
683.0 1.5881795974492987
683.5 4.832460601256043
684.0 5.34593512728963
684.5 4.518286462747277
685.0 4.477993984445379
685.5 2.289050816323916
686.0 3.9336998688409333
686.5 4.648685148790255
687.0 1.8595977915527853
687.5 0.2
688.0 4.741084148911481
688.5 4.455653095227628
689.0 4.76745740798034
689.5 3.3076825266865617
690.0 2.024850594193154
690.5 3.725328000257253
691.0 2.512276198882601
691.5 4.023037861758521
692.0 2.857195300317626
692.5 2.9401886481558814
693.0 0.6566929254830565
693.5 1.0907562447955619
694.0 5.273298185437602
694.5 2.319730611916128
695.0 5.306049793184651
695.5 1.9354457481693503
696.0 2.179009200664298
696.5 6.487029316450973
697.0 5.850374703363691
697.5 4.0479776573893504
698.0 4.043709863119435
698.5 4.144107245238983
699.0 2.786310652442714
699.5 3.167799023708009
700.0 1.6324662782431758
700.5 3.088597217807482
701.0 2.0841015404248804
701.5 2.87850858125374
702.0 2.4288154508650153
702.5 4.231588381038062
703.0 4.402619362830206
703.5 2.9547690742816806
704.0 3.360576435926842
704.5 4.388848746625409
705.0 2.1909097527799464
705.5 4.029090894233944
706.0 4.01711150957258
706.5 3.5304542514857458
707.0 3.642540721928826
707.5 3.018469603732351
708.0 1.2788907637899596
708.5 4.523067005885331
709.0 2.691979296035139
709.5 1.679408218332112
710.0 3.3423839600805407
710.5 5.563508692865913
711.0 2.0275462434663334
711.5 0.23396275674460165
712.0 1.3553853859360772
712.5 1.375731928298092
713.0 3.005951648822375
713.5 3.161326622395692
714.0 3.126930084366829
714.5 2.969224987951752
715.0 2.015172475595326
715.5 4.760484401490565
716.0 0.7282840422954919
716.5 0.8176908231088156
717.0 3.2545344978187716
717.5 3.349942517180789
718.0 0.24281152651050464
718.5 2.2266032262347157
719.0 4.138425780744801
719.5 3.086680965560511
720.0 3.101912610731098
720.5 2.1530828698890208
721.0 1.7375174110745855
721.5 4.916735330392854
722.0 1.458702504344765
722.5 1.8573678285116766
723.0 2.3891631223551464
723.5 2.118048162284758
724.0 3.722416749652041
724.5 4.739897243889507
725.0 4.371942815863853
725.5 4.421661182766152
726.0 4.90588641814443
726.5 2.729487920674239
727.0 5.099630023437177
727.5 2.552284994316916
728.0 4.506038707245149
728.5 5.517564453678403
729.0 2.6299216260574663
729.5 3.2218046576182204
730.0 4.208437422772437
730.5 4.032095070930391
731.0 5.070654359035194
731.5 3.581857549322277
732.0 3.90667562690669
732.5 1.6855012343704885
733.0 6.70568844498745
733.5 4.878055600240243
734.0 0.32583067725644277
734.5 8.374824966710502
735.0 1.8807801449003612
735.5 6.12133341561888
736.0 2.120005204794639
736.5 6.369768197937853
737.0 5.6944962503244
737.5 0.7996131044727495
738.0 2.4596711832600144
738.5 5.817651301157261
739.0 6.114510557755831
739.5 5.426161610911872
740.0 0.8770808529251513
740.5 3.033678385135638
741.0 3.6120008647199486
741.5 2.907881548998275
742.0 2.7057127368058507
742.5 5.680313002669499
743.0 4.241104888298089
743.5 5.774457388375037
744.0 6.139257762782672
744.5 4.375607736880501
745.0 4.157475285426341
745.5 8.413347208381094
746.0 1.9746997316305626
746.5 4.481319156601285
747.0 7.508250468790555
747.5 3.2755893365766857
748.0 3.297859605639136
748.5 4.312737986370651
749.0 1.0980936170777604
749.5 3.644798733783637
750.0 5.309822075111048
750.5 4.1951441038578
751.0 1.783052945572087
751.5 2.902268828809275
752.0 5.669267533497541
752.5 1.2036587255235518
753.0 6.49691110171053
753.5 5.224059640804114
754.0 6.764477059850895
754.5 6.33447725480783
755.0 2.0062921437669687
755.5 3.7878805266422972
756.0 3.9830104665818054
756.5 4.540823082687804
757.0 2.0523100487995816
757.5 1.5614915974343189
758.0 3.2264844594263793
758.5 2.3430325161027437
759.0 1.5171788995074054
759.5 2.150402205132868
760.0 4.17159123873645
760.5 2.609277672931912
761.0 2.244423185211467
761.5 3.404454955726209
762.0 2.222766812861849
762.5 2.801642007034734
763.0 3.9478719485723577
763.5 5.426059903382532
764.0 5.166144270047855
764.5 2.61407905796033
765.0 3.479390018350191
765.5 3.621325865978886
766.0 3.113276453262514
766.5 3.0952486392412077
767.0 2.638511456400103
767.5 1.5693755717252302
768.0 2.0696207908571207
768.5 4.894115165053847
769.0 5.038827769665865
769.5 3.497832401909672
770.0 1.8044884935713241
770.5 3.3922413903948447
771.0 4.110090398195465
771.5 4.688876416768371
772.0 3.6897104626274664
772.5 2.5321160148593407
773.0 3.1107371314247367
773.5 3.8191894350298083
774.0 1.8685006668433246
774.5 5.039964829264962
775.0 3.9163605270550983
775.5 3.686494393833795
776.0 4.547169675096418
776.5 1.5241104344559584
777.0 2.150906463822439
777.5 3.8029385999026535
778.0 1.160785288705209
778.5 2.3956838644971605
779.0 2.552388667507277
779.5 3.5367717714456743
780.0 1.2980620735157122
780.5 2.0677154655422716
781.0 1.4281013025838607
781.5 2.3956770732459267
782.0 1.425337282256098
782.5 0.7101130091349392
783.0 3.975837976341527
783.5 2.813158358878302
784.0 3.186991316848437
784.5 1.8971589162292886
785.0 2.8002980020931485
785.5 1.3115951495384472
786.0 2.3292757711422833
786.5 2.2653084548757407
787.0 2.8110772650107823
787.5 0.4885683797042346
788.0 2.716248606508022
788.5 3.1645767509934397
789.0 1.4540462946390433
789.5 5.546934760274095
790.0 4.411052553601241
790.5 2.583269814694831
791.0 4.795848053218238
791.5 3.821516006629681
792.0 5.97462800857013
792.5 1.1352046608419029
793.0 3.5829437176415353
793.5 1.8451628444514456
794.0 4.72929441779967
794.5 3.393402175126656
795.0 3.331888777799551
795.5 2.4403087438940094
796.0 1.1735821089314131
796.5 2.926823818722747
797.0 1.8598688299032367
797.5 1.253567460478405
798.0 2.9765139064200166
798.5 4.963117291827025
799.0 2.5067118149726797
799.5 3.2172623181179927
800.0 4.2483172968704705
800.5 3.368398803128172
801.0 4.368584252209829
801.5 4.914880011057338
802.0 3.024211565867298
802.5 3.822672741826211
803.0 2.7896977218261982
803.5 0.88673130627391
804.0 2.2573561900088244
804.5 6.521142777956818
805.0 4.968689179083869
805.5 4.086700496428681
806.0 5.037015794152314
806.5 1.2800648955844203
807.0 4.151103819858758
807.5 6.231939133795733
808.0 4.575561526757467
808.5 3.9544248799428092
809.0 3.938650719824685
809.5 2.2954719716082286
810.0 3.7588351827810373
810.5 1.007981450635529
811.0 2.028353478245456
811.5 5.7068666120710105
812.0 3.765810060188333
812.5 3.5960941034642238
813.0 5.587099471932746
813.5 1.1933732737351845
814.0 1.7618612939840443
814.5 0.2
815.0 4.276102337284177
815.5 5.751382829344408
816.0 3.714900442458365
816.5 5.201267112693724
817.0 5.295413998467312
817.5 3.9266839001277023
818.0 3.4093858381706728
818.5 4.607658094603199
819.0 2.4285488959774835
819.5 1.934922419156976
820.0 3.923405877041422
820.5 3.909381455659065
821.0 4.824422354560013
821.5 3.460538459337979
822.0 2.977540546000638
822.5 5.171775973074009
823.0 3.6036285168186275
823.5 6.444991143756228
824.0 2.59228504968646
824.5 1.5644483125562423
825.0 3.4297820678378463
825.5 1.8183393375940784
826.0 2.9404306846391757
826.5 2.4312697847908735
827.0 3.772358206341866
827.5 3.531446827315444
828.0 3.4513459884668922
828.5 2.219435091257836
829.0 2.1055943037916065
829.5 0.6848726849160074
830.0 2.1965308613213157
830.5 2.5447723006083978
831.0 2.98747925358808
831.5 1.4589840578696702
832.0 1.2349838292473647
832.5 5.2447181233074875
833.0 2.9195377793647026
833.5 5.151790002393382
834.0 4.5883279917133715
834.5 3.6866059145646375
835.0 1.2309571608518062
835.5 1.6217187383411424
836.0 3.979863047071691
836.5 5.859223743761211
837.0 3.1210409548825
837.5 4.133416427338798
838.0 7.909150142816811
838.5 4.063987961468757
839.0 3.891658402837175
839.5 5.1035871671900415
840.0 4.20301655153699
840.5 3.220963789536467
841.0 5.654135437682271
841.5 4.010090028539551
842.0 6.955716085383193
842.5 6.687487124756467
843.0 7.071210586728901
843.5 3.9997166127795296
844.0 3.7808717443196493
844.5 1.9391662961313116
845.0 3.5686369446340525
845.5 3.70188476830384
846.0 2.77610711238128
846.5 7.654499604197621
847.0 4.451646923507712
847.5 5.651172337524413
848.0 3.8791607035839046
848.5 1.2036977653198297
849.0 3.034833361543538
849.5 4.066895974307706
850.0 2.9914221658056244
850.5 2.5943063251068943
851.0 1.0043404843813564
851.5 1.7741613658884465
852.0 2.0293444941793446
852.5 3.443067423829071
853.0 1.3069892546264348
853.5 1.917585374503803
854.0 2.6606412039035234
854.5 2.8756463885932844
855.0 1.958730909684435
855.5 5.867415420791687
856.0 2.657741411970126
856.5 1.5365882569473632
857.0 3.5174758138272315
857.5 2.8944331688786034
858.0 1.2174063654799718
858.5 3.856326114892484
859.0 2.737325331800642
859.5 3.081755315963534
860.0 3.2273016158870598
860.5 3.2465474019812
861.0 1.598001183731783
861.5 5.259850540234575
862.0 3.081132264632063
862.5 1.1909514324501835
863.0 4.63354825414757
863.5 3.8157153340209065
864.0 3.796855119807904
864.5 2.8122418542195557
865.0 2.7171069157265837
865.5 1.6480354838087292
866.0 2.708524115700529
866.5 1.6063792831428285
867.0 3.5269876638097015
867.5 2.5695886788502027
868.0 0.2
868.5 2.3686465070866354
869.0 3.47954554187769
869.5 1.81901927111305
870.0 4.301806890765293
870.5 0.9705938941471457
871.0 2.0239596546905405
871.5 3.5501704397695315
872.0 1.9561053198980192
872.5 3.708805856365613
873.0 2.5938545176382823
873.5 7.28711444378693
874.0 5.346879913982928
874.5 5.042402556694783
875.0 3.2124907859960956
875.5 4.111849766917999
876.0 5.763054598665635
876.5 1.9987110282778562
877.0 4.158488779274993
877.5 2.57374385199408
878.0 4.85823739546291
878.5 6.735662246091243
879.0 8.151176527246344
879.5 5.048793597695313
880.0 3.37941889674895
880.5 2.6088029326772877
881.0 1.9565993424901902
881.5 4.6744139143711525
882.0 7.397454266641583
882.5 4.611965004180356
883.0 4.114020003870255
883.5 3.6552416667641237
884.0 1.5303640816699529
884.5 2.1574414068793266
885.0 3.822049088943693
885.5 4.459673512680167
886.0 1.0271067478558131
886.5 3.3401746039060822
887.0 4.887118164866786
887.5 4.291226953316199
888.0 3.6098956354664673
888.5 4.440015248831074
889.0 3.0862003390305333
889.5 3.4101712530168755
890.0 3.8167079417089083
890.5 2.95045361613118
891.0 5.045078470051817
891.5 4.332146762880125
892.0 3.5729339206760944
892.5 6.856136815157543
893.0 4.076039178991635
893.5 6.569305976869728
894.0 4.644603558765851
894.5 4.037199119482298
895.0 5.461305143548201
895.5 3.4485433960392826
896.0 3.7970664671780585
896.5 0.6514374814067447
897.0 6.177217470487051
897.5 0.2
898.0 3.810293346604865
898.5 5.2103952143475665
899.0 4.397056249226196
899.5 2.483603277195866
900.0 1.9047162282216044
900.5 5.37412742630945
901.0 3.979408804941243
901.5 4.909317793139622
902.0 1.3364045050442745
902.5 2.4670858695411244
903.0 3.820140318265832
903.5 3.327700040757061
904.0 3.5001497539010984
904.5 5.954253274847577
905.0 2.027430560418121
905.5 1.0990388897827756
906.0 4.200469068098831
906.5 1.8315514667048682
907.0 1.811150364784365
907.5 3.093766947952493
908.0 3.5380479521071764
908.5 4.179818489204791
909.0 3.5848146289413565
909.5 4.03855685610317
910.0 4.835681873974671
910.5 2.2041300566215205
911.0 2.115291080922149
911.5 4.277395001262743
912.0 8.294264620808418
912.5 4.255948831458674
913.0 3.0704269098553327
913.5 4.006917609333714
914.0 0.6101643010746365
914.5 2.2994935569445722
915.0 5.119132064539231
915.5 5.026117980828239
916.0 6.985855399557437
916.5 4.719755989336771
917.0 6.69594550069683
917.5 8.839321777567555
918.0 4.5434699920942405
918.5 3.1800545855234015
919.0 3.849289755452099
919.5 4.362739987864192
920.0 5.960784805705442
920.5 5.295905861155254
921.0 2.963845614915553
921.5 4.259945357456653
922.0 5.454566714607292
922.5 1.599583371146653
923.0 3.1228240932942293
923.5 4.963668589910301
924.0 6.326001779340589
924.5 4.920757891804231
925.0 4.273752243610524
925.5 7.905883552795755
926.0 5.367142971645169
926.5 2.6136289090084466
927.0 4.234195036065271
927.5 2.0288534406410696
928.0 2.1369629061417155
928.5 3.1971219006544533
929.0 6.180186703941031
929.5 2.6262785246239173
930.0 6.931990351428135
930.5 1.8307054175976
931.0 3.068986952055913
931.5 5.130663931116118
932.0 4.456563630888077
932.5 3.6945636233279364
933.0 3.722883013952511
933.5 1.9695095621099938
934.0 3.8656543861039374
934.5 2.8670782904451206
935.0 5.056485522205315
935.5 2.1354179779749036
936.0 1.2790666237216721
936.5 2.532958712078668
937.0 3.7355184392720298
937.5 5.400210369888758
938.0 7.903099593562166
938.5 1.112123568641556
939.0 3.5159401834435275
939.5 5.445759648790611
940.0 4.644982986043617
940.5 1.7456310440911142
941.0 3.209510869590088
941.5 3.238905665840499
942.0 3.865938113226873
942.5 3.327296179757425
943.0 5.084874979277659
943.5 4.63330910970849
944.0 3.3402152587105842
944.5 1.2228631512066404
945.0 3.6780383472948692
945.5 6.1158320050573165
946.0 4.842510125354821
946.5 3.9458094074063483
947.0 6.391674305293031
947.5 5.493232990339944
948.0 1.9134902669446665
948.5 4.6969892993176705
949.0 4.274044789116116
949.5 3.210552725274807
950.0 5.738592962788561
950.5 6.154126371658489
951.0 3.4048514254752504
951.5 3.683530718155095
952.0 1.7970457261189396
952.5 1.7547107751221964
953.0 1.6340110834179713
953.5 0.2
954.0 3.3454281495349183
954.5 3.4931421833953187
955.0 3.647738359515313
955.5 2.0919557238501003
956.0 6.067332880207542
956.5 2.8410819245303687
957.0 5.065485178921773
957.5 3.353842204570488
958.0 6.1761221263999015
958.5 3.552773480189914
959.0 4.009044417836826
959.5 4.869558145159983
960.0 3.5043878901293137
960.5 4.893482193769463
961.0 5.382715096208678
961.5 3.6362101312834563
962.0 4.594571974488261
962.5 1.9809005577202878
963.0 5.183602305446796
963.5 0.2
964.0 3.956011619927463
964.5 4.125123082256105
965.0 1.8013483074958594
965.5 2.8960861727575065
966.0 3.9658092219808116
966.5 1.1552797746782626
967.0 4.830367795795948
967.5 3.499062252271393
968.0 1.5453779078836276
968.5 2.5143562387185234
969.0 4.961922624258376
969.5 5.0338939689979
970.0 2.666870036851936
970.5 3.2741562988213384
971.0 3.608287562154374
971.5 5.7659670127954925
972.0 5.258103696699367
972.5 4.636591236875129
973.0 7.462617271103486
973.5 2.531775301803145
974.0 2.192201085389351
974.5 3.5836705649046467
975.0 4.589188061117174
975.5 1.0891300461221791
976.0 2.031201349828412
976.5 1.779753409169051
977.0 2.124355786543614
977.5 3.296565113885877
978.0 5.3302328966585755
978.5 3.310854830147907
979.0 3.1925828787581265
979.5 4.317342427706891
980.0 6.290868502787774
980.5 0.8031648743193189
981.0 6.118656855786158
981.5 0.2
982.0 3.6155477937342835
982.5 3.704959345485931
983.0 4.681643023989141
983.5 4.312497156227068
984.0 1.6742344123497064
984.5 5.738934434041928
985.0 7.78867361784213
985.5 6.204200662938087
986.0 6.327158595713077
986.5 4.466888395281904
987.0 3.577514461740707
987.5 5.764936568236417
988.0 6.990781957271511
988.5 5.260408459003969
989.0 3.78520911923153
989.5 2.328733603023175
990.0 1.2452301148564184
990.5 1.854192747487082
991.0 5.590208846750703
991.5 4.4827294867139855
992.0 4.313381636699779
992.5 3.0505454953872673
993.0 5.038808104449695
993.5 6.038353754635901
994.0 3.159445200905452
994.5 4.220689290599779
995.0 4.9525101009105015
995.5 3.0286361336724017
996.0 3.0040809355784335
996.5 2.363680952677286
997.0 5.15006580483826
997.5 2.2120645775550796
998.0 1.2403812954792222
998.5 5.240918052326052
999.0 5.354177002255762
999.5 2.75964460887848
1000.0 5.503332975830608
1000.5 4.039692679671947
1001.0 4.715204310551105
1001.5 4.969240035438929
1002.0 3.1577209569488556
1002.5 4.047766298911896
1003.0 5.9533536921270045
1003.5 4.481396086387816
1004.0 3.4328862273614913
1004.5 3.287573793918867
1005.0 1.2329688901724825
1005.5 4.594155163321434
1006.0 2.7401164946478898
1006.5 4.743340833222985
1007.0 4.92126118229298
1007.5 2.729875105787372
1008.0 0.6745691995338432
1008.5 1.5307829760983203
1009.0 5.785814994119875
1009.5 2.3200843764636465
1010.0 3.4247947564663703
1010.5 3.4941696138806577
1011.0 2.9214639742882538
1011.5 1.5941990875157073
1012.0 1.0272502698729609
1012.5 3.9811377655092004
1013.0 4.780013427407453
1013.5 3.094967573368951
1014.0 3.868739183334557
1014.5 3.953087282175664
1015.0 2.594291918739918
1015.5 3.550209544284677
1016.0 3.879187899116818
1016.5 3.5262425278572898
1017.0 4.996358034300853
1017.5 4.2108025324280955
1018.0 6.280262846147485
1018.5 5.153167304216564
1019.0 4.405657093140653
1019.5 4.507015520630384
1020.0 4.504151478402898
1020.5 5.270531374304638
1021.0 3.9289818825043676
1021.5 6.541624178587718
1022.0 2.9894120457872715
1022.5 3.867021773358691
1023.0 2.8587411755143193
1023.5 6.3222570503864155
1024.0 0.5412066613448672
1024.5 5.848848539535085
1025.0 2.3493578813296034
1025.5 4.212827266811647
1026.0 2.9721776165747387
1026.5 6.340222098431018
1027.0 3.464025772628267
1027.5 1.6616986104548417
1028.0 3.803013818539192
1028.5 3.3562059118231917
1029.0 3.6479081969869647
1029.5 2.4179236057396967
1030.0 2.460826043803693
1030.5 1.5528376197673472
1031.0 2.5292551597095314
1031.5 4.484025495303836
1032.0 5.567689814895761
1032.5 3.16146324104295
1033.0 9.1920372025988
1033.5 4.42671226106406
1034.0 5.503204450247807
1034.5 3.8383159941515115
1035.0 5.286693438795019
1035.5 4.21863270255176
1036.0 0.9806986593295757
1036.5 3.7188052790991204
1037.0 2.810267417149094
1037.5 3.2515755456714417
1038.0 2.8812375947506528
1038.5 7.645772036302052
1039.0 2.6757287237609746
1039.5 7.405155308633097
1040.0 2.8005075747209087
1040.5 4.784545950299976
1041.0 6.496337218814743
1041.5 5.275016280521061
1042.0 5.485947645801895
1042.5 1.5151725524161903
1043.0 2.9197369514176446
1043.5 1.6331416679136275
1044.0 2.7687611235767142
1044.5 3.464622602833768
1045.0 2.2685034895204392
1045.5 2.1851833665164384
1046.0 2.6935231564261852
1046.5 2.0410963267014806
1047.0 2.1527390433292943
1047.5 2.4512010017034616
1048.0 2.8584220458074054
1048.5 2.311660244006126
1049.0 2.4388409781665876
1049.5 2.893687372827844
1050.0 2.34726652878429
1050.5 2.1024505210140148
1051.0 6.4438802362781065
1051.5 2.0900225614310077
1052.0 2.3925438154573166
1052.5 3.3071373747176507
1053.0 3.233405042457349
1053.5 3.6097177069566557
1054.0 6.108409417004426
1054.5 4.260291506762153
1055.0 2.5405230777568413
1055.5 3.32299267499462
1056.0 5.37003320043863
1056.5 3.2833149702860966
1057.0 6.178596210752071
1057.5 1.6932221446073414
1058.0 3.6227595773748598
1058.5 1.9846085310534194
1059.0 5.054031005422413
1059.5 5.173288287750415
1060.0 3.5026861814942283
1060.5 5.362808863271004
1061.0 3.409410462238257
1061.5 3.803749493332674
1062.0 4.812393720176692
1062.5 3.06496991212193
1063.0 2.1145732810575106
1063.5 3.337256656853735
1064.0 3.391766362582981
1064.5 2.10214803416611
1065.0 4.220980001871288
1065.5 3.0599713712953385
1066.0 3.019333421527837
1066.5 3.0872557500803524
1067.0 5.549175080474498
1067.5 4.171074416062977
1068.0 0.6401815017229198
1068.5 1.0864555045249045
1069.0 5.468379213296079
1069.5 3.7230455392035173
1070.0 3.0408771600092015
1070.5 2.2870609192228324
1071.0 1.6590641724836876
1071.5 2.3621757490330975
1072.0 4.771992737202874
1072.5 2.6014013448935187
1073.0 3.7222591130543634
1073.5 3.743077609344938
1074.0 5.985879225228286
1074.5 4.710941407989224
1075.0 2.0621439913066775
1075.5 4.842352866009129
1076.0 3.984806867242219
1076.5 3.554849510083785
1077.0 4.918238031259486
1077.5 1.102163420276916
1078.0 5.977452081343905
1078.5 4.413705291063693
1079.0 3.1918428077771894
1079.5 5.64526383793405
1080.0 0.748011011490386
1080.5 4.038514394400034
1081.0 2.4582428694328056
1081.5 2.772117508771119
1082.0 2.299324375647337
1082.5 5.50527734780818
1083.0 4.838502209514874
1083.5 6.4803710558095675
1084.0 4.08364261361703
1084.5 2.1645476921583553
1085.0 2.236084000783761
1085.5 1.9562059124236144
1086.0 3.4176374705554506
1086.5 0.8597385524524577
1087.0 4.356398840481283
1087.5 4.169419477477318
1088.0 2.3657531819394935
1088.5 2.4442165257925135
1089.0 3.2124578754293247
1089.5 3.9389975179099497
1090.0 2.325573505101654
1090.5 1.651987962274465
1091.0 3.2895405355610605
1091.5 3.1426169917360363
1092.0 1.565814413307226
1092.5 1.5906549466278697
1093.0 3.910107543318389
1093.5 2.778692648361826
1094.0 1.4049789498720247
1094.5 2.223678182464166
1095.0 2.133969415409575
1095.5 2.301984624036295
1096.0 0.929737978790977
1096.5 0.2497967203102136
1097.0 2.4205183057570023
1097.5 4.883461015394449
1098.0 1.0961478451475344
1098.5 3.9221387115623356
1099.0 1.8776587250112704
1099.5 3.4094414896073086
1100.0 4.858077069919284
1100.5 1.5356815594524125
1101.0 1.4207243289885165
1101.5 3.340143494914705
1102.0 2.985594558575323
1102.5 3.268917608866186
1103.0 4.824078493956248
1103.5 1.0949535137018458
1104.0 2.2836951100105463
1104.5 5.014389153549621
1105.0 5.424463285101081
1105.5 4.212252694001647
1106.0 4.308279623357853
1106.5 3.7410305405996414
1107.0 0.2
1107.5 0.52223918830546
1108.0 7.159838741650938
1108.5 0.2
1109.0 5.1556978583551025
1109.5 2.641051555774487
1110.0 4.599522832066322
1110.5 5.4873794129135725
1111.0 3.676357923626673
1111.5 5.9275051225555
1112.0 4.999934442637365
1112.5 2.369799591619805
1113.0 1.453042879698566
1113.5 3.5223160542560192
1114.0 2.856177909209754
1114.5 2.107849748955251
1115.0 2.504174320810183
1115.5 1.2265867048221095
1116.0 2.4785337861392973
1116.5 2.462521480664267
1117.0 4.452346061970932
1117.5 2.769271936986996
1118.0 4.833492981588726
1118.5 3.446275866201139
1119.0 3.913086691236009
1119.5 5.995911244893286
1120.0 4.451210896744734
1120.5 2.916602732487708
1121.0 6.840778604131673
1121.5 6.867959779464718
1122.0 2.868925772841071
1122.5 7.2634527544626035
1123.0 7.109275398620905
1123.5 2.506792185364933
1124.0 2.918275712714479
1124.5 1.3825164664199043
1125.0 5.100383326867731
1125.5 3.6716443848740927
1126.0 5.162771777329853
1126.5 5.127713085665353
1127.0 0.34657990372158753
1127.5 3.9800815791156663
1128.0 2.446957372931445
1128.5 0.5249656440390611
1129.0 1.6268867622472798
1129.5 3.134500332571445
1130.0 6.361612448798143
1130.5 5.591398411881492
1131.0 1.6447627436558623
1131.5 5.217380288964808
1132.0 3.1901503359196655
1132.5 4.9680683985980245
1133.0 3.5858566899467488
1133.5 5.379353931080262
1134.0 2.794123684831291
1134.5 2.165782209465993
1135.0 8.9230220774567
1135.5 1.431550604697887
1136.0 3.966499923547961
1136.5 3.093591814604134
1137.0 6.850677156885103
1137.5 4.131202003141171
1138.0 3.002275397929539
1138.5 4.462650565604199
1139.0 1.978064658699525
1139.5 2.5123087315550214
1140.0 2.319449054844042
1140.5 2.2520180151418048
1141.0 3.8729906916807644
1141.5 4.2158452072663595
1142.0 3.8503194591619256
1142.5 2.9579688021446153
1143.0 5.550330219596003
1143.5 2.3260351903277066
1144.0 3.570784270270096
1144.5 4.174298527367053
1145.0 4.187593574840861
1145.5 3.6704830570840574
1146.0 3.15582691831416
1146.5 5.524988771213993
1147.0 3.5717969614184217
1147.5 3.3669368684153467
1148.0 4.342733855160096
1148.5 3.938534026882693
1149.0 4.712132122526405
1149.5 3.7999259075285883
1150.0 2.9370069805302275
1150.5 4.849318004701347
1151.0 1.6230863562609903
1151.5 6.396557264356754
1152.0 5.854533842796846
1152.5 6.5902770262933625
1153.0 5.123139895813608
1153.5 6.599515611565236
1154.0 7.29756574581542
1154.5 3.3943706669224474
1155.0 3.9176951521988532
1155.5 4.404729044349796
1156.0 3.938499022271042
1156.5 5.480394626477484
1157.0 5.3249075568050825
1157.5 1.8422723974280943
1158.0 3.4194542895751754
1158.5 10.061234265467668
1159.0 6.285802431157984
1159.5 4.481674635341052
1160.0 5.550616845967039
1160.5 6.684663959063594
1161.0 0.2
1161.5 5.112958814773724
1162.0 3.8393411750177213
1162.5 5.6243451924425685
1163.0 6.351911218541031
1163.5 3.009653398358193
1164.0 6.001912945247051
1164.5 3.953207957726352
1165.0 4.64026120440886
1165.5 5.8248107880521385
1166.0 2.965034502870968
1166.5 7.78898186163665
1167.0 4.665033590318909
1167.5 4.069561458160487
1168.0 6.682951423298296
1168.5 2.7926657019779095
1169.0 5.7737002149075085
1169.5 4.703502530079401
1170.0 5.086082244905288
1170.5 5.931269942282623
1171.0 4.6047459680559335
1171.5 6.537400950449782
1172.0 4.676015036789611
1172.5 5.055203617883052
1173.0 3.1246330616956906
1173.5 1.5761230461018298
1174.0 3.9130457499900726
1174.5 2.258064466152629
1175.0 4.956365769089137
1175.5 4.106662156072288
1176.0 6.273482785897586
1176.5 2.90817830911268
1177.0 2.4758127795893787
1177.5 5.195143551095708
1178.0 7.395411212665033
1178.5 2.403793076964765
1179.0 2.1468235140688896
1179.5 5.632152810115084
1180.0 2.86622931745769
1180.5 3.5887800366094265
1181.0 5.390761480342342
1181.5 4.597348159585491
1182.0 5.287573311874803
1182.5 4.384103160770726
1183.0 2.9195060145436385
1183.5 4.768490247408222
1184.0 6.008570940422904
1184.5 4.557314621740107
1185.0 1.768034263820562
1185.5 2.280421920738231
1186.0 4.371317975649815
1186.5 4.390967184092648
1187.0 2.307469818792792
1187.5 8.268764704309316
1188.0 5.495440142122282
1188.5 6.249787284959853
1189.0 3.887678314283738
1189.5 6.400958486329056
1190.0 5.094443919662641
1190.5 4.650959857820374
1191.0 2.9963243559297763
1191.5 5.398533349176785
1192.0 6.535690167895238
1192.5 3.3972350560650915
1193.0 2.7865001660057303
1193.5 5.02962070694856
1194.0 9.518622149003935
1194.5 3.164951373548303
1195.0 4.937532792135925
1195.5 6.200863946575527
1196.0 4.976543857219855
1196.5 3.5034311637393305
1197.0 4.238339359213553
1197.5 4.1432682566354515
1198.0 5.003805552127654
1198.5 4.681411259240099
1199.0 1.9134297439831878
1199.5 4.679315581850122
1200.0 4.48394536197454
1200.5 4.356551377603841
1201.0 2.706176250323565
1201.5 3.1134910763085175
1202.0 5.441807086759064
1202.5 4.7083308120394545
1203.0 4.067825626948065
1203.5 4.648116883150411
1204.0 4.160294579262308
1204.5 2.535424882861967
1205.0 5.1101250196366195
1205.5 2.8740720749897917
1206.0 1.8109419975605467
1206.5 4.493966348404416
1207.0 6.565475524149716
1207.5 1.685974181500694
1208.0 2.6946618075970354
1208.5 3.6161712622792486
1209.0 1.2461683736458922
1209.5 2.1030531798643786
1210.0 5.7204325261034645
1210.5 4.278254122372286
1211.0 1.355377119842001
1211.5 4.747411560119067
1212.0 2.9090922015920864
1212.5 1.5070522318484727
1213.0 3.586887749058553
1213.5 1.804173523062386
1214.0 3.5966944874792754
1214.5 2.2483702563154893
1215.0 1.063165795856956
1215.5 3.577800001058648
1216.0 4.095915380822722
1216.5 3.5111048278950427
1217.0 4.560737935773204
1217.5 3.7980576775469723
1218.0 5.710233322756757
1218.5 4.6345659160506365
1219.0 2.793679221974167
1219.5 6.586195397773566
1220.0 1.558172922014344
1220.5 5.0054008267543235
1221.0 4.594663664138648
1221.5 7.45864073674268
1222.0 3.6828333026545077
1222.5 2.767923530243277
1223.0 1.4496495343278666
1223.5 1.661152001731798
1224.0 5.922772927262573
1224.5 5.223862062146154
1225.0 1.618134652907465
1225.5 2.9304326652094534
1226.0 1.717727239628143
1226.5 5.622557632852079
1227.0 4.332283310817369
1227.5 0.2
1228.0 6.627196590633957
1228.5 2.811737106306972
1229.0 4.202145726924881
1229.5 4.975582953308319
1230.0 3.574486624422565
1230.5 2.7974336109342652
1231.0 3.6010898451737225
1231.5 4.939843124010885
1232.0 4.459583692363614
1232.5 3.6034300662638383
1233.0 2.698246144213534
1233.5 3.2215711987891686
1234.0 2.7717729240051305
1234.5 2.6354569679343958
1235.0 1.7680330123261776
1235.5 2.1215069811054112
1236.0 2.7774100680551763
1236.5 3.7862204490696945
1237.0 2.037377066349603
1237.5 2.789169517167467
1238.0 3.1860715479741004
1238.5 2.7358052699760727
1239.0 5.785073189154335
1239.5 4.330418389775711
1240.0 5.339724432923376
1240.5 3.057285504719876
1241.0 5.958081357299882
1241.5 2.146482332045119
1242.0 4.64122273748766
1242.5 3.8004630563820796
1243.0 6.012311915979801
1243.5 4.249301396714154
1244.0 4.925787205496855
1244.5 4.9665425056547035
1245.0 2.8534697156755
1245.5 0.9131162761395561
1246.0 2.514069055324213
1246.5 6.077365099370787
1247.0 2.9756454837337754
1247.5 4.427120216722997
1248.0 2.4793255316872083
1248.5 1.1783262803009635
1249.0 5.608448032843161
1249.5 3.7301743851975173
1250.0 4.8097851576339075
1250.5 2.8840420170497216
1251.0 7.732978627365684
1251.5 7.372531511724796
1252.0 0.6554797751777768
1252.5 1.9549711315487164
1253.0 5.5097699479238695
1253.5 4.624170175256564
1254.0 5.077696818725609
1254.5 4.429994187863438
1255.0 0.8350326988912831
1255.5 5.34197134408693
1256.0 7.928404085818933
1256.5 3.6630918625963855
1257.0 4.2869635774685895
1257.5 6.1722330255323055
1258.0 1.813676932206131
1258.5 3.90614500249671
1259.0 3.9465083039373594
1259.5 0.2
1260.0 5.074816167834599
1260.5 4.334788959047855
1261.0 5.089668028484022
1261.5 9.143879030912844
1262.0 5.706143623044072
1262.5 2.313460723143365
1263.0 5.330304356427671
1263.5 1.4806912097776914
1264.0 3.973342795638385
1264.5 4.1720386364397495
1265.0 4.715570682436946
1265.5 3.1896714975949574
1266.0 1.5194648408029248
1266.5 2.0819593759143347
1267.0 5.760033672879411
1267.5 2.702889618253577
1268.0 1.6413562676186326
1268.5 3.734002724592206
1269.0 5.904068317986287
1269.5 6.160890038396389
1270.0 3.4197021548274
1270.5 0.2
1271.0 3.450800026076351
1271.5 2.2170052418492814
1272.0 2.5624533559030365
1272.5 0.5086873592855157
1273.0 1.6712516229338719
1273.5 3.8369520827754364
1274.0 3.7131572505441994
1274.5 1.5339622447948746
1275.0 1.7247704792571306
1275.5 3.4186724185131627
1276.0 1.788766243622266
1276.5 2.9293204360051703
1277.0 1.9931062252930072
1277.5 5.294180597664619
1278.0 4.380792477806422
1278.5 1.225011010671173
1279.0 2.4184077619118836
1279.5 2.8951167646456364
1280.0 4.121289236530375
1280.5 2.849673753657949
1281.0 0.946443755130409
1281.5 1.9856477798554137
1282.0 1.7647075001590462
1282.5 3.8944051927073504
1283.0 2.3756132262471783
1283.5 2.6268999538989766
1284.0 1.8690964043852767
1284.5 2.7694293827100087
1285.0 0.7174142769385208
1285.5 1.227286417484351
1286.0 2.613971731003992
1286.5 1.5027256477911106
1287.0 4.734696265308571
1287.5 1.5800527462144243
1288.0 2.3884198028183246
1288.5 2.884186645132117
1289.0 1.7924942210545554
1289.5 2.3445529802705742
1290.0 3.263613067405606
1290.5 3.765652640928499
1291.0 2.4685974646319626
1291.5 3.898075615600833
1292.0 2.9657980494160716
1292.5 1.8520669261875278
1293.0 2.8219971275233804
1293.5 1.6079011484414616
1294.0 1.1099928364121283
1294.5 0.9986768801499843
1295.0 2.3581630237977755
1295.5 3.4053376331604914
1296.0 3.7134378965882653
1296.5 3.9585416208982793
1297.0 2.1964966615227413
1297.5 2.1690541459468085
1298.0 1.3943756932489209
1298.5 2.633865478749815
1299.0 2.8853549143917236
1299.5 4.365760245473398
1300.0 3.528149289507388
1300.5 3.5514670569832156
1301.0 1.1802651447922607
1301.5 2.972062888684844
1302.0 2.4007389903186005
1302.5 2.161865476022159
1303.0 2.2793595267801594
1303.5 2.6409722144143704
1304.0 2.0606834787072033
1304.5 1.5910785709210142
1305.0 1.1174479310477057
1305.5 3.456023311607832
1306.0 2.769796803988963
1306.5 2.000581886285146
1307.0 4.737032589075657
1307.5 4.007547050520854
1308.0 3.763903457021568
1308.5 1.8492531229126328
1309.0 2.275652787148896
1309.5 2.7568309148278463
1310.0 2.5908131548994686
1310.5 1.0480597256666127
1311.0 2.995404115774347
1311.5 0.37057279784607156
1312.0 2.674269022915011
1312.5 2.131710938531647
1313.0 1.6912036981441545
1313.5 0.4851068258800133
1314.0 1.7195894238521872
1314.5 3.8307818933777504
1315.0 3.094601608470641
1315.5 2.4629383510944765
1316.0 2.9561856829807898
1316.5 2.2826938614331658
1317.0 2.427127464861897
1317.5 3.632445720728774
1318.0 3.7660810501444413
1318.5 3.2492846264636808
1319.0 2.755524313465547
1319.5 1.611789427159521
1320.0 3.3000865127207994
1320.5 2.3140742653218824
1321.0 1.6944286120651708
1321.5 3.4839137815301795
1322.0 3.1017493665213562
1322.5 3.556520033680826
1323.0 4.803803198028252
1323.5 5.0571709974790675
1324.0 4.630855205454513
1324.5 5.517159988863358
1325.0 5.030140402750115
1325.5 4.3760211094977794
1326.0 3.793093937138207
1326.5 2.14378748754815
1327.0 2.0330444380227686
1327.5 5.191103027856284
1328.0 1.6705946010027046
1328.5 2.7596336163361936
1329.0 1.5999166434465368
1329.5 2.588194360517407
1330.0 5.147692918357924
1330.5 2.444393262315203
1331.0 1.3301861568012259
1331.5 2.7986603554325233
1332.0 1.2561006814209614
1332.5 3.7245366536107904
1333.0 4.211953427345507
1333.5 0.6565828575870913
1334.0 2.071228669362656
1334.5 1.5315855793774906
1335.0 4.429015745668778
1335.5 4.200302928655372
1336.0 3.2194861314123044
1336.5 1.8934888986792062
1337.0 4.217612775472476
1337.5 1.7693880617243953
1338.0 1.3309083185780357
1338.5 2.431177411312998
1339.0 1.961908668356049
1339.5 5.257553578426374
1340.0 6.658061538158684
1340.5 6.102787668055499
1341.0 6.581643966488377
1341.5 6.434998273062094
1342.0 6.837130019483131
1342.5 4.801102203639104
1343.0 0.2
1343.5 6.040748784973549
1344.0 11.194602383117804
1344.5 5.488128926741158
1345.0 4.413254360102915
1345.5 3.7494084960645493
1346.0 2.932390400418721
1346.5 2.9191075640555777
1347.0 2.222806890114924
1347.5 2.589748005557426
1348.0 6.25108434969594
1348.5 2.826834117677884
1349.0 6.514655383384276
1349.5 6.136908158788206
1350.0 1.1690807076938423
1350.5 2.128712275871624
1351.0 2.497289360651923
1351.5 1.7840606851111835
1352.0 2.5350546869733996
1352.5 2.9046052506549307
1353.0 0.7997318106292919
1353.5 4.162126694109348
1354.0 1.6370333356997349
1354.5 2.098577935783104
1355.0 2.6668435735993765
1355.5 2.927954853017563
1356.0 2.7657755328223157
1356.5 6.2245440775515455
1357.0 3.209653958117429
1357.5 5.154202405879205
1358.0 4.4971627773776115
1358.5 5.549782636745568
1359.0 3.271731289211565
1359.5 4.474383008346469
1360.0 5.006480127560046
1360.5 4.158461783297587
1361.0 4.797965009614409
1361.5 6.698251410702097
1362.0 4.962492567587441
1362.5 5.860368221036037
1363.0 2.567610952233293
1363.5 0.3964834176474388
1364.0 5.4159150772333655
1364.5 2.7676906447581304
1365.0 5.340988594500334
1365.5 4.0395448780134116
1366.0 3.7509464599982256
1366.5 3.588678581442797
1367.0 3.853080867614126
1367.5 3.344557613615217
1368.0 2.350514541698246
1368.5 1.4601564064002668
1369.0 3.1986513124925287
1369.5 4.395179978429794
1370.0 4.583081178426585
1370.5 3.466438218568422
1371.0 4.752687314253302
1371.5 2.8576638216780124
1372.0 3.447758685862156
1372.5 2.823747995436947
1373.0 4.858315321872203
1373.5 1.8840014370813574
1374.0 1.3197515339025414
1374.5 3.2612745603787174
1375.0 2.7558175939115905
1375.5 1.4582181787580248
1376.0 3.1735446101912768
1376.5 4.0577723300651165
1377.0 2.794213328047221
1377.5 1.250245479512864
1378.0 2.684502538103927
1378.5 2.7349888356510004
1379.0 1.867029006099013
1379.5 1.1658360588798347
1380.0 1.2116737503807187
1380.5 1.7075046534471947
1381.0 2.3819120765398827
1381.5 2.411981627545463
1382.0 2.4412816825077504
1382.5 1.5822763825953106
1383.0 2.685222686110136
1383.5 5.060822003448221
1384.0 4.092524331455379
1384.5 5.548203278272632
1385.0 2.5961557944733435
1385.5 2.265427561853925
1386.0 2.919904289754427
1386.5 4.50119752438847
1387.0 3.3694923320982797
1387.5 2.563477332724455
1388.0 3.9017496488859855
1388.5 6.210354477136413
1389.0 5.595892109907332
1389.5 6.097299218617465
1390.0 2.1018362731162026
1390.5 2.9966393994891805
1391.0 1.330241085012281
1391.5 1.9281982477064732
1392.0 4.894131654480176
1392.5 1.5530745706217755
1393.0 2.2841193435030913
1393.5 0.9183275587069755
1394.0 4.795894665936952
1394.5 3.58089036183446
1395.0 4.855773559532861
1395.5 3.182901005727321
1396.0 4.450860338572627
1396.5 4.010137305647081
1397.0 2.3860525687160017
1397.5 3.1779937169320953
1398.0 4.560855164974559
1398.5 3.79877353984329
1399.0 2.9297964567811046
1399.5 0.47120213798987276
1400.0 0.8756055496251665
1400.5 2.7543735054906002
1401.0 3.2464186468215916
1401.5 2.494586516183767
1402.0 3.7069732496615035
1402.5 2.0174769541630866
1403.0 6.04779700219232
1403.5 4.95595112685178
1404.0 4.8288381215829865
1404.5 2.7062438370584063
1405.0 4.548206976909435
1405.5 4.9433217596216235
1406.0 2.2831436625543775
1406.5 7.916323861458181
1407.0 7.946692930110758
1407.5 6.1835901592573705
1408.0 6.196732338357146
1408.5 2.7175811346348264
1409.0 3.9044781990467357
1409.5 5.542033620161012
1410.0 5.700311198959293
1410.5 3.844319450437237
1411.0 3.596145766009752
1411.5 1.896100435409088
1412.0 6.489839170431043
1412.5 2.7966816538340664
1413.0 1.6517877166969228
1413.5 2.484023274091275
1414.0 1.9844016279244656
1414.5 2.0065834851585365
1415.0 0.353883757775757
1415.5 2.807191729050544
1416.0 4.712480918816072
1416.5 3.0938780123918117
1417.0 3.4740613478194833
1417.5 2.1569992047509983
1418.0 4.867546142652753
1418.5 2.583732992429747
1419.0 6.0153629406562
1419.5 3.035245590357254
1420.0 4.580792145665773
1420.5 2.939729678871445
1421.0 4.14529726937611
1421.5 4.360390113764218
1422.0 0.516521212997572
1422.5 3.050994559657516
1423.0 5.385217591815526
1423.5 4.6525688818422655
1424.0 5.128574599786469
1424.5 4.269298403447044
1425.0 1.9383289429544035
1425.5 3.9151940033457473
1426.0 1.043166791304483
1426.5 3.1974861955030534
1427.0 6.368636548990185
1427.5 3.1533789880870513
1428.0 5.008686425451314
1428.5 5.593101213970922
1429.0 6.179328586749646
1429.5 5.382166530396968
1430.0 5.102264226785247
1430.5 3.7563180689159315
1431.0 8.794142217360022
1431.5 2.4967665986249763
1432.0 5.333838509028002
1432.5 0.7602174931053658
1433.0 4.005058078598639
1433.5 1.573449215114386
1434.0 6.147871835212147
1434.5 5.571767583640496
1435.0 1.563346957019946
1435.5 4.480531048253602
1436.0 3.806861731660807
1436.5 0.8931500537565911
1437.0 3.361568584662586
1437.5 6.743006695590191
1438.0 2.97243627729438
1438.5 3.8385395926096857
1439.0 3.7456492927409624
