0 5.781135674054177
0.5 5.686265921197277
1.0 5.149623266826488
1.5 5.485720050137924
2.0 8.899907008187963
2.5 1.476510649915586
3.0 5.338535889161803
3.5 6.785920775898718
4.0 5.048784396463056
4.5 5.938027076312197
5.0 7.479824448396074
5.5 3.1316805587840895
6.0 5.9454268970429895
6.5 4.5258262065507475
7.0 7.716878581600984
7.5 4.23041845511368
8.0 6.169516813778525
8.5 4.440939624595911
9.0 4.925394882824387
9.5 4.25931024690083
10.0 2.3092129437574758
10.5 3.7433193369664557
11.0 3.371671659027387
11.5 4.044599886715799
12.0 3.9337858742219733
12.5 4.547275674035642
13.0 7.679875914145717
13.5 4.383783660666974
14.0 1.4176528620212117
14.5 3.909317732993749
15.0 5.769582952211342
15.5 3.5687241984032587
16.0 3.63782569279799
16.5 7.327399969012879
17.0 5.203286355476772
17.5 2.8970492419625953
18.0 2.055199489854572
18.5 4.587483473306817
19.0 1.3827394893797291
19.5 0.3387470023010537
20.0 3.228468515503349
20.5 3.7317265596747395
21.0 3.484558654072943
21.5 3.8476090650985615
22.0 3.7538262003991982
22.5 3.3912934833077015
23.0 1.088537446337868
23.5 2.110003592672313
24.0 3.256258493621729
24.5 3.8641598045662735
25.0 3.25745966527869
25.5 2.6819706260545333
26.0 3.680915843560361
26.5 1.2529830078237039
27.0 3.6445338459528736
27.5 2.7583475255374976
28.0 4.14595356468654
28.5 6.012503363562223
29.0 3.7156212915275906
29.5 1.7194216217882548
30.0 2.609314135301574
30.5 3.125785217365423
31.0 4.230078562311188
31.5 6.312819884906986
32.0 2.5891186130644224
32.5 5.0156784430409145
33.0 1.7883840160867748
33.5 3.404238624121061
34.0 5.307994136264748
34.5 4.435093401863076
35.0 3.122422242190251
35.5 0.2
36.0 2.2047311648447505
36.5 1.0787845455911875
37.0 2.4840494432753015
37.5 3.3087355264370775
38.0 1.977412459071994
38.5 3.4153170872227743
39.0 0.9771062030491418
39.5 2.0415633903308947
40.0 2.647552951666699
40.5 1.4595107747210236
41.0 3.2924906486194314
41.5 2.5485397970365673
42.0 1.975345600806599
42.5 1.5507204226669575
43.0 2.0576922216107
43.5 3.8493172799802347
44.0 3.0226746036006342
44.5 2.7077328305048973
45.0 3.7454421988022304
45.5 2.874648811940371
46.0 2.889008871183437
46.5 3.3816740061940207
47.0 3.114425518287906
47.5 1.3948373247441128
48.0 2.7871482083837495
48.5 2.0970735106183174
49.0 2.488352429790324
49.5 0.43355836219779365
50.0 6.52638847725018
50.5 2.0129328841657603
51.0 2.929039635352275
51.5 0.6632185611937564
52.0 3.408765818606098
52.5 4.293652328199627
53.0 3.0629308542334823
53.5 4.189167723823239
54.0 5.765706590497668
54.5 3.392239324058533
55.0 1.9883827951563193
55.5 4.440805857404607
56.0 4.5885977229001185
56.5 4.848978255776498
57.0 4.195417264260467
57.5 1.3042202973201542
58.0 3.0068486061078428
58.5 5.322956977959219
59.0 3.151885543987791
59.5 3.90379043634346
60.0 3.3996955894835055
60.5 4.668348977044399
61.0 3.725113434401332
61.5 1.2767574944858222
62.0 1.6888041748360685
62.5 1.8962844672516364
63.0 3.6794267865251706
63.5 2.1211146517180928
64.0 4.64886683704227
64.5 1.878287235578573
65.0 2.3141434400914904
65.5 1.5634993667510066
66.0 4.163683076576376
66.5 2.5515777008784517
67.0 2.809152642218976
67.5 3.3898204698232672
68.0 2.347502062313971
68.5 1.0809117318545147
69.0 6.058679044343451
69.5 2.390595183069941
70.0 3.837768105393159
70.5 3.5163826255396096
71.0 1.9397819523661606
71.5 0.8265912929119827
72.0 5.176412732521664
72.5 2.778450914002001
73.0 2.6958412340913167
73.5 2.9589871458938624
74.0 4.990218152808547
74.5 2.8770219522035125
75.0 1.412487377710331
75.5 4.537043087764489
76.0 2.350372181011029
76.5 4.976139546035244
77.0 5.424389812469361
77.5 4.6866796776382005
78.0 0.8292539486275838
78.5 1.8549248838299641
79.0 2.251507559475561
79.5 3.0977830246616334
80.0 2.6210666648325947
80.5 3.1239334773276397
81.0 2.1464305358594418
81.5 5.245373240080044
82.0 3.2777096597682287
82.5 2.3812774772069076
83.0 1.0317710271833955
83.5 3.7969004622159606
84.0 5.324405400340054
84.5 1.36614022336073
85.0 2.6177729722273915
85.5 2.4572868772750804
86.0 3.0750369426594024
86.5 1.5867827435451562
87.0 3.1085202687978484
87.5 2.5430323305602847
88.0 2.1529357339268747
88.5 2.882808191623388
89.0 2.1579840728811277
89.5 2.958504865401419
90.0 3.694546755589686
90.5 3.480216080900349
91.0 2.9457850709654596
91.5 3.201521533290995
92.0 0.20619518269231873
92.5 2.936834886080794
93.0 4.126086133110517
93.5 5.9415411064838555
94.0 3.27069398302975
94.5 2.5641130524187004
95.0 0.7338311555247929
95.5 3.6298873437023422
96.0 2.372311937300464
96.5 2.008689617350556
97.0 2.1510945408518904
97.5 4.476896863501036
98.0 8.471523606247626
98.5 4.61864264818172
99.0 4.248702153494946
99.5 4.214344839477789
100.0 5.930358400459697
100.5 1.8790781728325978
101.0 3.9483936479374835
101.5 2.4883351420160214
102.0 4.756854397561776
102.5 1.6916791941965368
103.0 4.1171672692850105
103.5 3.296541266347178
104.0 2.989753514462244
104.5 4.590595653194624
105.0 3.737965738852688
105.5 0.2
106.0 3.1775427524889412
106.5 7.045418327770453
107.0 3.6889188546532106
107.5 4.3087253417990485
108.0 1.3467605953092936
108.5 6.729045092449932
109.0 5.538379879163907
109.5 1.2638770578770147
110.0 1.804756797321156
110.5 4.318239658844985
111.0 5.52352015097548
111.5 1.879521630775519
112.0 2.774818009719718
112.5 5.053242292017003
113.0 4.795730185870362
113.5 2.9721328426440525
114.0 1.8331801034866428
114.5 0.65392737296542
115.0 3.802395193978475
115.5 1.3400560030027815
116.0 2.7434885081909326
116.5 2.744974906835118
117.0 1.4344709168599457
117.5 2.7085510609976793
118.0 2.288279322009437
118.5 2.2717676460463214
119.0 0.27543614990318677
119.5 3.3056619755727064
120.0 3.510606176566832
120.5 0.7632191517837263
121.0 0.2
121.5 4.4037456363733956
122.0 2.129779191058755
122.5 1.6660487657265244
123.0 2.267838908791238
123.5 3.1484664720521187
124.0 1.1379861150497108
124.5 5.124913059266493
125.0 2.7687997245883276
125.5 0.5457113685379937
126.0 3.529337178570016
126.5 2.8635742563324307
127.0 5.1797801138028525
127.5 3.293547750311686
128.0 1.6045908179451693
128.5 2.740898970170763
129.0 2.2715290238813584
129.5 3.7325197006749313
130.0 1.3508059591831518
130.5 2.5797870764891795
131.0 3.7730066866597127
131.5 6.626709140667588
132.0 1.7138526291561782
132.5 3.780543222869358
133.0 3.783902575520838
133.5 2.8038302908644797
134.0 4.045036772770297
134.5 2.4345829100181353
135.0 1.9887456475495147
135.5 3.6478563201122425
136.0 3.091463233933032
136.5 3.1283044513844014
137.0 1.2082117212408092
137.5 5.174274633821156
138.0 4.69006358124597
138.5 1.837716423607556
139.0 6.121773184266692
139.5 4.544987990990158
140.0 6.353008538029195
140.5 4.392938980240817
141.0 1.6227811514237964
141.5 4.708313091177605
142.0 3.9104900526672193
142.5 5.162108330636054
143.0 5.891718211562148
143.5 3.6775677014801387
144.0 4.08774880822647
144.5 6.4572753475958695
145.0 4.951558588470428
145.5 5.215816364209811
146.0 1.4379456930761125
146.5 4.381642512107367
147.0 6.490377317469974
147.5 5.8024264389253375
148.0 3.4756297936388174
148.5 3.5311002731573606
149.0 5.805052348683658
149.5 1.1119632501799934
150.0 1.0479976404634872
150.5 7.529669110212874
151.0 3.497175491437449
151.5 5.552327787469338
152.0 2.9597823719232705
152.5 3.039990157780078
153.0 4.026397392337404
153.5 2.474298787584978
154.0 2.2215315499395234
154.5 5.20540192968217
155.0 2.16239298745477
155.5 2.5446673957252077
156.0 3.277025628159346
156.5 4.682685198538643
157.0 2.3325975755797934
157.5 3.371603886743725
158.0 6.429719266760619
158.5 7.155916857304577
159.0 7.3782151147385
159.5 6.527205517548877
160.0 3.052231127308115
160.5 3.8161503708111746
161.0 6.344212020384452
161.5 2.6479622207101987
162.0 4.315139168005075
162.5 3.7253482630696704
163.0 0.5704673124903441
163.5 3.008560339575147
164.0 5.956259609253431
164.5 3.5070846389476698
165.0 3.7952629760885133
165.5 4.7408379317128215
166.0 3.919565108929448
166.5 2.394846150410041
167.0 7.224103364351697
167.5 4.479282265967809
168.0 4.236292831998291
168.5 5.89653905714046
169.0 3.3588258465576937
169.5 2.503863732659112
170.0 3.7175653130718773
170.5 4.037165624159162
171.0 3.6993977782538816
171.5 2.920754482947219
172.0 3.218277274618795
172.5 4.23177491955681
173.0 2.1694293459085188
173.5 4.30598885600839
174.0 5.9350936168472455
174.5 3.492469650560487
175.0 4.2612323954276885
175.5 1.724933808930512
176.0 4.291561479971242
176.5 6.27851592607179
177.0 1.620440833932593
177.5 5.2059721552827005
178.0 6.498974269235262
178.5 2.7882819186715295
179.0 2.588723182403025
179.5 2.7306190349326482
180.0 0.8326297694117479
180.5 2.331969199680249
181.0 2.054584989552209
181.5 0.8021464611826041
182.0 4.109931831662058
182.5 2.8475689229576906
183.0 2.048448238261261
183.5 3.270128170449211
184.0 1.8875040021964042
184.5 1.2256707891852194
185.0 2.5485171061777523
185.5 4.456296849910823
186.0 2.5164902351922653
186.5 3.249578741196573
187.0 3.002808776764856
187.5 2.7481182289500303
188.0 0.9218795755781202
188.5 1.7911184053000415
189.0 2.2552483007664597
189.5 3.44509965316251
190.0 6.163378802006987
190.5 1.4941735084913277
191.0 4.731969269856535
191.5 2.1873459348229973
192.0 3.5262696513185823
192.5 3.438756156931837
193.0 4.133892084024916
193.5 4.254817918220924
194.0 5.243832626403693
194.5 3.2343665072925405
195.0 2.8333447082821897
195.5 4.255813540588592
196.0 0.2
196.5 4.711389151166646
197.0 4.6392486567321605
197.5 6.691908287674803
198.0 6.96987407386343
198.5 3.9121216753527968
199.0 6.675071493060253
199.5 3.6470799605417064
200.0 3.289183362248161
200.5 3.40061263956132
201.0 2.4655261066721734
201.5 3.822540532574444
202.0 2.3760385036620093
202.5 2.9909272369491307
203.0 2.9097608945011175
203.5 2.2615166012288705
204.0 1.6461181157241462
204.5 3.3908104727281954
205.0 1.5577666903133547
205.5 3.0995013551670176
206.0 3.444375860994798
206.5 2.4503242640411216
207.0 2.9456284396050876
207.5 4.864109362551847
208.0 2.971061715733861
208.5 4.191107498512768
209.0 1.960536216368674
209.5 3.5788615243354465
210.0 4.686109422135606
210.5 3.725262967620467
211.0 2.822691916316771
211.5 1.1287035164228572
212.0 3.7977362552320035
212.5 2.996739400814161
213.0 6.149936639312347
213.5 3.4313925925241193
214.0 3.19664054641377
214.5 1.7318705105551175
215.0 2.901397021083735
215.5 3.2381676734073492
216.0 6.704429040915011
216.5 5.821254585923166
217.0 1.7065921528272827
217.5 3.4203538586220152
218.0 4.033530648728289
218.5 4.927483382729154
219.0 3.545291292352447
219.5 5.3503314297948705
220.0 4.802279301004625
220.5 4.441183638704741
221.0 2.9866443281414763
221.5 3.4876790321593276
222.0 5.2750439434069705
222.5 2.443193327950635
223.0 3.372039373446049
223.5 4.003051460477066
224.0 4.3963990582968755
224.5 2.9157450157372207
225.0 1.6669795183084588
225.5 4.877789070280811
226.0 3.3442745763330626
226.5 5.241360044565209
227.0 0.2
227.5 4.367688244291903
228.0 3.8882226446515356
228.5 4.4068702725189635
229.0 6.2064404227358185
229.5 6.281954160475639
230.0 3.6346441945143977
230.5 6.862813404416286
231.0 4.775389352179098
231.5 3.4050696102254303
232.0 6.034062977869937
232.5 3.041096660315396
233.0 1.6185146029751252
233.5 2.845557707521105
234.0 4.388002410587385
234.5 3.361375965549252
235.0 3.806239263213425
235.5 2.093516756960309
236.0 3.770301779501057
236.5 3.1400996185925774
237.0 7.202774379884223
237.5 5.725464666769579
238.0 3.6088573067582743
238.5 6.972678859191972
239.0 1.281632167614614
239.5 2.593475226525149
240.0 4.188425140290155
240.5 2.8743513791378366
241.0 2.8138064289855516
241.5 3.5516257478930267
242.0 2.486928036809251
242.5 2.130086613766334
243.0 4.091755727486371
243.5 3.1026834129602534
244.0 3.475069001573573
244.5 2.6774526871812236
245.0 1.6605763865414507
245.5 4.498709153603933
246.0 2.917657516401068
246.5 3.3904640521896363
247.0 1.7111187771573915
247.5 4.994236006867056
248.0 1.4849167817986797
248.5 2.841631673656339
249.0 2.24174739956852
249.5 2.8896340385828956
250.0 2.0155576099441284
250.5 1.1620107369357788
251.0 2.3548141913634772
251.5 2.2899506980108195
252.0 3.539531429207745
252.5 4.013266954532638
253.0 2.0310408198187226
253.5 2.539514880964454
254.0 4.099363195153652
254.5 2.99065094665517
255.0 2.5724463985857975
255.5 2.4217354132223377
256.0 2.806608415438882
256.5 4.048375233763584
257.0 0.9860110444086847
257.5 2.685358696712739
258.0 0.2
258.5 1.6196168007776799
259.0 2.2992807639820714
259.5 1.0420114703558865
260.0 2.5114769967978363
260.5 2.2297575883802376
261.0 2.6470364579068684
261.5 0.280786232519354
262.0 2.837624980202886
262.5 1.8180904605025696
263.0 1.9101248066816139
263.5 3.725776751999098
264.0 3.1445377878619136
264.5 0.92309809486513
265.0 1.2098077262324973
265.5 2.5603184333153615
266.0 2.87525717408416
266.5 2.1283211943626466
267.0 3.072304488773331
267.5 2.988249117184325
268.0 2.7963927636434702
268.5 4.129727359833948
269.0 3.6687205962306955
269.5 2.1160996229965368
270.0 2.8994409449327456
270.5 2.368655554888199
271.0 1.1116792428127205
271.5 2.7296942866548877
272.0 3.630037413831332
272.5 3.371298956385387
273.0 3.8066533905419226
273.5 4.761007177245226
274.0 3.4700514606934187
274.5 1.27603531297565
275.0 1.7254884496776572
275.5 4.600699907789292
276.0 3.1379600365949725
276.5 3.13800640570715
277.0 2.3938257992197136
277.5 2.124196151722485
278.0 1.0684378501261698
278.5 7.242208555689294
279.0 3.980930905477363
279.5 7.146438063064027
280.0 5.125949927591889
280.5 3.3480315774608203
281.0 5.3374800516851675
281.5 2.122827028700935
282.0 4.850773992487943
282.5 6.123675115650681
283.0 3.257495477695509
283.5 0.7435529861686643
284.0 4.983076020785937
284.5 4.716577196038754
285.0 4.474650402041151
285.5 3.8139636979676146
286.0 4.29940007294449
286.5 5.032906940504757
287.0 3.3678689605719745
287.5 3.086978881673278
288.0 1.0219602614056449
288.5 4.019593896170793
289.0 4.333105165350096
289.5 3.34087316150954
290.0 2.0904811610296186
290.5 2.4464938863062526
291.0 1.3646145517500579
291.5 0.2
292.0 3.752841734510792
292.5 4.071137455100871
293.0 1.2909032565705345
293.5 2.679746613272452
294.0 3.6181552723665322
294.5 1.7044673243938755
295.0 2.592716597993365
295.5 1.481017294116188
296.0 2.7276661460987772
296.5 1.4912210004918607
297.0 4.216799594062927
297.5 1.8943097780310967
298.0 2.7736347694575776
298.5 1.86869627684507
299.0 2.7456307892003546
299.5 0.5078664542198839
300.0 2.8609573412369333
300.5 2.143880082125832
301.0 2.852642662138916
301.5 2.412256970670451
302.0 0.2
302.5 3.988384102486237
303.0 4.076479918240705
303.5 1.8702555783658306
304.0 7.918925308476437
304.5 6.966247780392925
305.0 4.143444975177211
305.5 2.7091933167171183
306.0 1.130212394182403
306.5 4.060281454324518
307.0 3.283860491029261
307.5 4.425722985070134
308.0 0.7739868433904906
308.5 2.156523234640126
309.0 2.5070841136857958
309.5 4.467439376053985
310.0 4.454671416876838
310.5 2.011068028499087
311.0 2.469573103525625
311.5 2.6799036295920393
312.0 2.561526221193515
312.5 5.655581388780963
313.0 4.732527430628285
313.5 2.536897832069956
314.0 5.6193822665669035
314.5 3.2584391254976124
315.0 4.997153274488128
315.5 4.0548262972523865
316.0 5.849739796232509
316.5 6.417888380549571
317.0 4.926189988988613
317.5 2.640746396546888
318.0 4.35017048286754
318.5 3.6975205319434927
319.0 4.464128923306772
319.5 0.2
320.0 3.8780245631890624
320.5 1.96383699650648
321.0 3.155211890296841
321.5 4.340181978439579
322.0 2.7180222328559154
322.5 5.009866903185602
323.0 2.8999589811529023
323.5 3.3070625234956776
324.0 4.7661997034206225
324.5 5.288038932370034
325.0 4.902881843627732
325.5 3.222038963411666
326.0 2.002409027581169
326.5 3.849046216770777
327.0 2.266954850353597
327.5 5.140404786066442
328.0 4.023156336281168
328.5 0.8472456515400677
329.0 1.306980898043975
329.5 4.154285622178469
330.0 3.745629680955829
330.5 5.961387241546303
331.0 5.5885179060548715
331.5 4.757277281550609
332.0 3.9684665788141262
332.5 5.138832765916096
333.0 2.022911675322412
333.5 3.138880756465727
334.0 1.7706071855564818
334.5 3.3973929404192975
335.0 2.8167802632737153
335.5 2.201664165660964
336.0 3.227845499208028
336.5 2.539757735876202
337.0 3.7800518471128908
337.5 3.3427497625789204
338.0 3.6307313783782607
338.5 0.2
339.0 1.827951867639382
339.5 5.3166264621587604
340.0 1.733826803389163
340.5 0.8760203785883753
341.0 4.838243016355543
341.5 2.29958104272834
342.0 2.8587970759783388
342.5 6.065932909755029
343.0 2.282121943054569
343.5 3.6875832229855674
344.0 4.259241074061496
344.5 2.7883606766810205
345.0 3.3609316359827806
345.5 0.2
346.0 3.033071894892245
346.5 1.3196856747923154
347.0 1.23015240742711
347.5 2.1212822032114413
348.0 0.31237674573873075
348.5 4.284682542341982
349.0 2.3859996998198247
349.5 3.2439800956216924
350.0 1.2328919622211758
350.5 1.7131256861325228
351.0 1.8031351745628683
351.5 2.251359006087108
352.0 2.2741286072893176
352.5 2.7210224690664573
353.0 2.349228109873615
353.5 3.6965119584434
354.0 2.48524967690891
354.5 3.720840713141818
355.0 2.156626069733849
355.5 0.9685281487372117
356.0 2.696107997275246
356.5 2.7332774237413657
357.0 5.6813835607605165
357.5 4.408415196114727
358.0 7.542692468866578
358.5 4.10166415440493
359.0 4.066756890192448
359.5 1.4815170222999803
360.0 2.0847217176470987
360.5 4.697306886183243
361.0 2.8074168047224832
361.5 1.9681293623432983
362.0 2.6878965006207727
362.5 2.34680543047919
363.0 6.130572443679451
363.5 1.663880460441559
364.0 4.604764149556733
364.5 1.733209710523526
365.0 3.490481145240739
365.5 1.3526860353579662
366.0 4.019391965090583
366.5 3.5960847443192527
367.0 4.9865704960923525
367.5 6.45961677388569
368.0 4.258648650385729
368.5 6.691532192228772
369.0 3.794223344862149
369.5 2.13896549643738
370.0 5.065775089881621
370.5 2.364373809325559
371.0 2.525731271120837
371.5 2.126620562413966
372.0 3.825072642938892
372.5 1.1107118022209015
373.0 4.545507329578992
373.5 4.339007714023946
374.0 3.794498300859266
374.5 2.773134405464669
375.0 1.6675685760535568
375.5 0.2
376.0 5.575305688697896
376.5 0.41850222951097305
377.0 4.02344840403714
377.5 4.423642712487187
378.0 5.818049061866479
378.5 0.9739792728389776
379.0 5.081437653672548
379.5 4.049542149633367
380.0 4.072171885294562
380.5 4.290043623517334
381.0 2.9605308989036856
381.5 1.494539540147532
382.0 0.2
382.5 3.2472025153696844
383.0 1.9300646761180713
383.5 4.610803721215916
384.0 3.807946729779069
384.5 4.4576266747003865
385.0 2.718032808372187
385.5 5.553282360035927
386.0 5.9159567325251015
386.5 3.712211329114938
387.0 4.804037807588868
387.5 2.1671100210072565
388.0 1.6914100912349592
388.5 0.8442570822018789
389.0 4.791870918054152
389.5 3.675015267611572
390.0 4.186158977020837
390.5 4.006950795679909
391.0 0.2
391.5 2.5528003404034645
392.0 2.05331377734911
392.5 3.3028214436004704
393.0 2.336017647568377
393.5 2.9733488926410883
394.0 4.506676905763777
394.5 1.4081893213511454
395.0 4.569513060986747
395.5 2.9222119013519143
396.0 1.9700827266404288
396.5 4.259821152639091
397.0 6.2990706855707
397.5 3.966619223349979
398.0 4.615542250766577
398.5 4.639225072507049
399.0 4.012037921365453
399.5 4.959919436053287
400.0 2.3139341416482173
400.5 4.253484962932465
401.0 2.6705245993261952
401.5 1.8405606632965812
402.0 5.139039528055547
402.5 1.3056997801272825
403.0 8.437112018151815
403.5 2.2108084509586456
404.0 8.558874932985656
404.5 7.134148478062877
405.0 6.342576709020217
405.5 4.5445366116461114
406.0 1.9980868543176162
406.5 6.1373439760853685
407.0 2.3957986884186324
407.5 3.7412419122133755
408.0 0.9977225266938823
408.5 6.906382519451201
409.0 2.8728412551848574
409.5 5.530860529058929
410.0 3.251216793766654
410.5 2.4227963790034353
411.0 1.3258831240835744
411.5 2.2638206337573243
412.0 1.9943170085294408
412.5 1.5216879116672652
413.0 2.626339595853435
413.5 3.21933820023153
414.0 2.1543519469395394
414.5 3.900406267525706
415.0 1.0444252112471384
415.5 2.6022632434216773
416.0 4.24770933164012
416.5 1.2865430638700281
417.0 4.964274499636767
417.5 2.9386400161135033
418.0 1.3525049572903625
418.5 3.2119812219297703
419.0 4.243707643508549
419.5 4.1671294334886335
420.0 0.2
420.5 3.1892171412735895
421.0 1.2683200228328027
421.5 3.2876181521470045
422.0 2.4814579253739684
422.5 3.8663712718480685
423.0 2.1282018160652028
423.5 2.151581780914406
424.0 1.2392346694911207
424.5 1.8566244647942793
425.0 2.26319609176752
425.5 8.348463021024783
426.0 4.035545861840198
426.5 0.2
427.0 7.374052391518623
427.5 4.515849787975084
428.0 0.8980742455855952
428.5 3.4836739459032247
429.0 0.7096349465912906
429.5 4.838604744202842
430.0 6.831275594166571
430.5 0.6899559693128183
431.0 6.912280451199546
431.5 0.7639884000419341
432.0 2.976547555565281
432.5 6.521221055825093
433.0 4.1386513417336595
433.5 3.4114282382377983
434.0 2.6481682006241494
434.5 2.3334347930715245
435.0 4.805531497124591
435.5 4.994715265336416
436.0 4.611950185289565
436.5 4.647823601823986
437.0 2.3783026243781356
437.5 1.6458393560874796
438.0 5.3134233238093405
438.5 3.6216857348494065
439.0 4.164241068720317
439.5 2.7629635063568254
440.0 4.099363469089664
440.5 3.8587585727067237
441.0 1.4632173103276886
441.5 5.00024757103901
442.0 5.579172835568056
442.5 5.8719089755712695
443.0 5.772108025083219
443.5 5.319056925068164
444.0 1.6591894021182076
444.5 6.582721724881752
445.0 4.699135630522157
445.5 6.1500693803596285
446.0 4.344686517756064
446.5 4.29802966349669
447.0 4.958048284825047
447.5 3.382131135119873
448.0 3.890518226768261
448.5 4.127637730591928
449.0 5.391578904409995
449.5 2.671142746314178
450.0 1.4652139522167271
450.5 2.7932931796653504
451.0 4.4339304921772875
451.5 4.152170826305788
452.0 5.49933319958299
452.5 4.363814410436944
453.0 5.055901667919789
453.5 3.253656522211577
454.0 5.002500108477036
454.5 4.828616854986014
455.0 2.3517236232044536
455.5 3.8457657963402587
456.0 2.931557677638251
456.5 4.448349005152205
457.0 5.691173653415165
457.5 3.777309436833124
458.0 6.1936949218624076
458.5 3.570671043624544
459.0 3.31661453323029
459.5 5.642199976626896
460.0 1.082872903875888
460.5 0.9219511347691776
461.0 3.906767497613431
461.5 1.1381505666675031
462.0 2.322577681795207
462.5 4.952616593251072
463.0 3.0400433311339654
463.5 3.955127964634464
464.0 0.8314744935457901
464.5 5.342791411013247
465.0 3.999256315306132
465.5 1.2335243145075885
466.0 3.0336091586865415
466.5 2.286444716084529
467.0 4.9750269633630175
467.5 5.4977826590201735
468.0 1.8868958122964523
468.5 3.439340241078466
469.0 4.273878277270883
469.5 0.2
470.0 2.817132871353494
470.5 5.18129695948373
471.0 0.9330722657803929
471.5 1.2513052703969811
472.0 5.790335423402816
472.5 4.983271153612302
473.0 3.5628621002735046
473.5 4.366527450485135
474.0 5.0792893936533545
474.5 3.7819527862675084
475.0 7.286935635953794
475.5 7.609471674724864
476.0 5.914454992156868
476.5 5.889792151864978
477.0 3.809858280029993
477.5 6.60203451422851
478.0 1.1417562677684305
478.5 2.5072887263390977
479.0 3.7065023800205745
479.5 3.936438347446456
480.0 2.607316501205637
480.5 5.906592679974956
481.0 0.3155401343590407
481.5 1.8787723618982137
482.0 2.784280051293707
482.5 3.5456448462125114
483.0 4.955381084315318
483.5 1.4127281660874509
484.0 4.000976359827431
484.5 4.931995151533683
485.0 3.5103187891811896
485.5 1.5651291152277214
486.0 4.473086574831021
486.5 6.252987766415239
487.0 4.1776890892812535
487.5 4.363552602249063
488.0 5.287310171522261
488.5 1.4435341658808647
489.0 3.8365215273544013
489.5 4.6877112205632
490.0 4.7738508104150394
490.5 4.543624217694747
491.0 3.7022369223441003
491.5 3.7564785392349345
492.0 2.21895585498884
492.5 2.753347452098614
493.0 0.226236076367627
493.5 1.7274010885240925
494.0 1.9536813344098256
494.5 2.938254655847957
495.0 3.4872770505391992
495.5 1.5170529879075914
496.0 2.1116942838321076
496.5 3.5103546514718653
497.0 0.3133864322905837
497.5 3.2061511413987063
498.0 3.0707097357386273
498.5 3.310275698838602
499.0 1.9603691194938322
499.5 4.171232140928237
500.0 2.325623645573599
500.5 3.0912159533479118
501.0 1.9768319243738006
501.5 2.8891592161998845
502.0 3.273887140415264
502.5 3.5418332117632705
503.0 2.802822048399309
503.5 3.929000193478231
504.0 0.7623659658994866
504.5 3.8987749060181196
505.0 2.8359487511793544
505.5 2.747670022018294
506.0 2.122925540130428
506.5 2.5958759152079867
507.0 3.1232752007985525
507.5 6.976257527586217
508.0 4.955547912346197
508.5 3.9100790180922127
509.0 2.9002080390660123
509.5 3.9695537635503726
510.0 1.0902616351689283
510.5 4.612786102664403
511.0 3.5451052285292155
511.5 2.9833413182653743
512.0 5.185907929973432
512.5 1.071290602132581
513.0 3.390629968422763
513.5 1.9709460672057844
514.0 3.1595312053641007
514.5 3.1414266807194564
515.0 5.035582278382694
515.5 1.5183686415263922
516.0 3.3845130675444253
516.5 3.839622325416363
517.0 4.290530036913753
517.5 2.846402659834932
518.0 4.9613514859883505
518.5 2.929669326949478
519.0 4.791180405681273
519.5 4.492168467454322
520.0 4.999226024153751
520.5 1.7051426075060245
521.0 5.227817526221106
521.5 4.617998799246239
522.0 1.2191005975456526
522.5 1.9598786037420857
523.0 4.472666673248864
523.5 2.1426882521496258
524.0 3.6782945472978508
524.5 3.1289021172250893
525.0 7.080085251842867
525.5 0.9824379001853942
526.0 6.535405453328165
526.5 4.326650018676984
527.0 2.8162062632529716
527.5 0.5822237275741795
528.0 5.334920065998142
528.5 0.6753881938321156
529.0 4.9552795227767215
529.5 1.7228038918053081
530.0 2.994942404858986
530.5 4.833525957353373
531.0 2.2895880737622534
531.5 3.0058291770918024
532.0 3.153938499224895
532.5 5.361801399457082
533.0 2.7318722031905103
533.5 4.063633702532263
534.0 2.207789903567681
534.5 1.6488613035917736
535.0 8.313729198281361
535.5 6.0450094752198105
536.0 2.7612953491818475
536.5 4.581225402200687
537.0 5.253763220804509
537.5 4.455997823996489
538.0 2.7258953820276037
538.5 1.8751387199925393
539.0 1.5567013292240157
539.5 2.251890736334115
540.0 0.7746724761827366
540.5 0.9668554059983872
541.0 2.443962691085622
541.5 4.651607544253654
542.0 2.1027205416057653
542.5 1.073989249153064
543.0 2.224403271574517
543.5 2.410867432164048
544.0 3.0049091985635714
544.5 2.847908093718615
545.0 3.3626976100495876
545.5 3.0556866485140897
546.0 3.8794081242314737
546.5 2.939868467709166
547.0 4.643474361834154
547.5 1.938956765401692
548.0 3.8139793820370036
548.5 1.607571691160815
549.0 3.9970547093923208
549.5 4.89589497445264
550.0 2.0953141235099073
550.5 2.1598899312095785
551.0 3.6953953868581704
551.5 4.701158050688061
552.0 2.6869714876095294
552.5 3.219693612016391
553.0 5.853309859002458
553.5 5.163796656747969
554.0 2.9618218311836273
554.5 2.961119076418256
555.0 1.3753140246528655
555.5 3.4054041028575437
556.0 1.6162423695070665
556.5 1.2784472219900365
557.0 3.2051938789670382
557.5 3.4781414854731874
558.0 7.094041851653248
558.5 2.724753244760759
559.0 4.336891354933393
559.5 5.847879175115601
560.0 2.5923840365747592
560.5 4.216960125595588
561.0 7.151401556145004
561.5 1.1557917393134525
562.0 2.030454754442962
562.5 4.817682400707424
563.0 4.595182115306056
563.5 6.250970381945306
564.0 5.954103318846824
564.5 4.477156110475207
565.0 3.3155117434940977
565.5 5.785723830124746
566.0 2.8458568820892407
566.5 4.448861939985383
567.0 4.521404878194145
567.5 0.3938044398312668
568.0 2.460275310132287
568.5 4.915652260066923
569.0 2.060506971969329
569.5 4.08473698254128
570.0 4.199556348996207
570.5 2.0800255162830776
571.0 5.130304346746893
571.5 3.4748873333372834
572.0 2.583183693466748
572.5 5.909544146099956
573.0 6.572427441939773
573.5 3.206312482854214
574.0 4.502379626489414
574.5 3.6263303100116344
575.0 6.067013431669253
575.5 3.015062912668311
576.0 2.7420205894998113
576.5 3.1736312660156636
577.0 3.4737944057968195
577.5 3.8381677700106995
578.0 5.339610092244785
578.5 5.3735079940388815
579.0 4.914279516224227
579.5 3.135119353811077
580.0 2.208258313016379
580.5 3.178191115011497
581.0 1.431388185760548
581.5 2.8623631417545154
582.0 1.2833049029003951
582.5 1.6435789927486801
583.0 2.1076922452529927
583.5 2.3131242926812003
584.0 1.7337688920308159
584.5 3.5328439158005356
585.0 1.131434237434754
585.5 0.6789977928170687
586.0 5.448363937902545
586.5 4.747876283863269
587.0 1.9970744697804597
587.5 4.214817650442489
588.0 2.449626473152735
588.5 2.91089671241142
589.0 3.465784151432313
589.5 2.476381121512209
590.0 2.466968315818898
590.5 2.0149082187218506
591.0 4.08311346583774
591.5 2.275309368182719
592.0 1.8108747807367103
592.5 4.448421250515819
593.0 3.1940314583709375
593.5 4.066420840484629
594.0 2.0152360645135436
594.5 1.4222243283565936
595.0 1.0898252051488586
595.5 3.6235084440450684
596.0 0.2
596.5 3.965103517122759
597.0 0.9448610794759711
597.5 4.35535513213565
598.0 3.639876942226019
598.5 3.7969424749418947
599.0 2.894934055260804
599.5 6.934764195444904
600.0 3.900490804332774
600.5 0.2704946228046512
601.0 5.436016635725828
601.5 2.9773326567777687
602.0 4.412819160079822
602.5 6.637441286128058
603.0 1.5922304238443932
603.5 3.7396396395085127
604.0 7.17620220731816
604.5 3.7937603674507177
605.0 2.562873395206207
605.5 2.2577020804551786
606.0 3.8910068867043797
606.5 4.270842783379487
607.0 4.8847434581689235
607.5 3.539512477729176
608.0 3.9744757687474115
608.5 2.9913727179602927
609.0 0.9638566051685937
609.5 3.192972647056369
610.0 1.945325549416783
610.5 3.539802385998858
611.0 3.246014198498027
611.5 2.060011283195461
612.0 2.2579226188453676
612.5 5.650812976834395
613.0 1.188062781760991
613.5 3.403628967551546
614.0 2.616608837477827
614.5 2.1030315204453647
615.0 2.272215303742965
615.5 2.3085204002786983
616.0 4.60604902080526
616.5 2.6959472314453987
617.0 4.422825550824555
617.5 2.4583151205085336
618.0 2.2657606241650647
618.5 3.361693870166034
619.0 3.3460180495787935
619.5 4.5867881038039435
620.0 3.4021911553350486
620.5 3.591579179264925
621.0 1.411577096975063
621.5 4.974699336103364
622.0 3.157121946451634
622.5 2.2099395763749468
623.0 4.268136913507561
623.5 5.327503462179665
624.0 6.918838297391709
624.5 1.7246738979739327
625.0 7.173936469616008
625.5 3.3370434606396833
626.0 3.4126450784489393
626.5 4.957614910403232
627.0 6.814777296296079
627.5 4.241955584824128
628.0 1.4641830620393388
628.5 1.592157783905415
629.0 3.3288952078277476
629.5 3.208473868398475
630.0 5.818472497411264
630.5 0.6243373282977851
631.0 2.7663466682638633
631.5 3.0442019423736832
632.0 0.42421504620408124
632.5 1.7880469547773508
633.0 2.262792835001915
633.5 2.52945909336167
634.0 5.387890269109021
634.5 4.005130703547
635.0 4.473603137838291
635.5 2.141811164950887
636.0 3.3674561877369764
636.5 6.157830878878821
637.0 4.389861493332257
637.5 0.2
638.0 4.152515184926673
638.5 8.246449909938649
639.0 7.717452110452593
639.5 10.089520016257246
640.0 5.7157174233450405
640.5 1.0345935933641282
641.0 6.384842997286306
641.5 3.1249600955869705
642.0 5.554681621376267
642.5 2.5706854629000997
643.0 3.2712657830956933
643.5 4.99736454569102
644.0 3.9958068650707323
644.5 4.8486717715977505
645.0 2.615277561714602
645.5 3.92814458097176
646.0 2.1154342058488136
646.5 4.435928597323401
647.0 3.42765037812204
647.5 2.4395191282745947
648.0 2.1359995677865555
648.5 2.97879648684246
649.0 3.5226676583100525
649.5 3.6193385116554815
650.0 4.895121311584545
650.5 3.5272874249364845
651.0 3.3996504628985327
651.5 3.7829900614020935
652.0 3.814633253878371
652.5 2.3435148183466215
653.0 2.3391491540512632
653.5 3.8968023344842773
654.0 3.015832253738833
654.5 1.3362990422262746
655.0 5.594548213945538
655.5 3.883022053608546
656.0 4.450040043171155
656.5 5.42033516732301
657.0 4.089279028486708
657.5 3.3945054540706177
658.0 4.817968490948635
658.5 5.966180772991127
659.0 3.316380440437672
659.5 5.245100988612148
660.0 2.3781799951838885
660.5 6.1350119814479775
661.0 4.526057422755829
661.5 2.982393859964391
662.0 3.4435395940898483
662.5 3.352276885265761
663.0 3.2406712411173224
663.5 1.3067020692324363
664.0 0.626357619983245
664.5 0.6472548447434248
665.0 2.3225817478832735
665.5 1.903515490849031
666.0 1.3462916545661487
666.5 0.2
667.0 2.367611529731664
667.5 1.9435702040286513
668.0 2.678187722331972
668.5 2.6981199069927815
669.0 6.817003504082614
669.5 5.657702681521881
670.0 1.4043319564045267
670.5 6.143208263243595
671.0 2.5238102140864433
671.5 2.2494917370430056
672.0 3.029773374125849
672.5 3.7333860772236513
673.0 4.207681462284864
673.5 2.9644530379616056
674.0 3.1850611902705763
674.5 1.2081336577792152
675.0 4.359860235841639
675.5 5.583424183733067
676.0 2.455877615166522
676.5 1.7766644105801217
677.0 1.9720278399266293
677.5 1.4110390153575076
678.0 1.5458344427301478
678.5 1.967682883868325
679.0 3.2227809795283773
679.5 2.453383968394236
680.0 0.5694558762972846
680.5 3.448907832510644
681.0 3.037001651081554
681.5 0.2
682.0 1.967448383683041
682.5 1.8533889060484021
683.0 4.631612391579465
683.5 0.8393043480530311
684.0 5.570165988907135
684.5 3.205692689482528
685.0 3.1206214330273165
685.5 3.1785271470094902
686.0 3.3007235615486983
686.5 2.291921152635264
687.0 2.3694669766980927
687.5 1.1450089348853427
688.0 3.577523609859348
688.5 2.002136902487817
689.0 3.5953356979861057
689.5 3.239903935488833
690.0 1.1989952623885465
690.5 2.8810865971597814
691.0 2.6012423689282174
691.5 3.2343884408120807
692.0 2.94911090378546
692.5 4.429414635424266
693.0 5.794437819439656
693.5 3.0610786776000554
694.0 5.884025109957616
694.5 5.132692126966667
695.0 6.713250092583124
695.5 6.073698052649583
696.0 2.138162212798519
696.5 3.2755887297715116
697.0 1.654961631963737
697.5 2.255839476227875
698.0 4.701765351011731
698.5 1.0681226236696593
699.0 5.472075338244012
699.5 3.515543357634445
700.0 2.979094620814265
700.5 6.486738798289771
701.0 4.057423265882997
701.5 3.8280783138113708
702.0 4.453164945526633
702.5 5.0488491005566125
703.0 6.32705473493148
703.5 7.0593197223690325
704.0 4.007983275646556
704.5 5.845023743353245
705.0 3.7734481328899876
705.5 2.373666250704444
706.0 1.330044615649551
706.5 3.485724707333693
707.0 1.6782167294763506
707.5 4.3392404723256375
708.0 2.2348735037885845
708.5 0.3268228069698518
709.0 3.1607202758080453
709.5 1.6131245141612895
710.0 3.61057254124887
710.5 3.158305598277927
711.0 2.4312855993505083
711.5 3.0529494647075652
712.0 8.027714944747588
712.5 4.530134193333565
713.0 1.022112564754492
713.5 7.559895359675922
714.0 5.699531355491159
714.5 6.2960040562890045
715.0 3.1821191830704674
715.5 3.7917393655240685
716.0 2.549750888507239
716.5 4.235266142124256
717.0 2.071246332636855
717.5 7.008009494741559
718.0 5.055474814043243
718.5 5.7012578820363675
719.0 6.769867196643213
719.5 3.556347140409491
720.0 3.014713085830482
720.5 4.73678705983946
721.0 4.5952571156054605
721.5 3.678935713600084
722.0 4.235766514002886
722.5 5.446098033944567
723.0 6.493204597358101
723.5 1.7245823065999848
724.0 3.359426433266284
724.5 9.058156965023032
725.0 3.142847321893096
725.5 2.2154997399430925
726.0 1.0099760512545526
726.5 8.313464383126599
727.0 0.25980301317453236
727.5 2.735970888283336
728.0 6.594903348727387
728.5 4.496293472926491
729.0 4.737648511616056
729.5 5.76024785147918
730.0 3.42351403638657
730.5 6.383300337342891
731.0 3.3547930018853584
731.5 6.4332106332012025
732.0 0.2
732.5 5.36749082689278
733.0 4.084661806505796
733.5 9.974223802589997
734.0 3.629491191834033
734.5 8.690672318940614
735.0 5.2780368298848614
735.5 2.985789061323561
736.0 1.510153172333085
736.5 2.6728247123030417
737.0 6.060532713392808
737.5 7.016597451776926
738.0 3.471536923918717
738.5 5.143847273936242
739.0 0.5381135048945369
739.5 7.804693946749106
740.0 4.046338300417765
740.5 5.35188305001095
741.0 4.20026699825101
741.5 6.435751036973559
742.0 6.114058222005715
742.5 4.934855285888328
743.0 2.6492670518401646
743.5 1.6630618471272718
744.0 6.028193519686523
744.5 4.090232570857075
745.0 2.1703631796414493
745.5 0.8296895809518645
746.0 4.7618357353740794
746.5 6.0339859324150975
747.0 3.892083423356162
747.5 3.476030515252826
748.0 3.944451467720864
748.5 3.859656631901969
749.0 1.0897122668503494
749.5 3.5306248447002044
750.0 2.878761730454828
750.5 2.535738037282296
751.0 3.0863936554961477
751.5 2.764917303049015
752.0 4.225986435464574
752.5 3.231691641931422
753.0 3.7528364840703468
753.5 1.5389296933319732
754.0 0.6925588017023254
754.5 4.687733325014832
755.0 3.5314984133803904
755.5 2.768528677182659
756.0 3.42942709778825
756.5 7.673813093933418
757.0 3.642698326706802
757.5 1.8080170022186952
758.0 0.2
758.5 5.473383412454834
759.0 2.8186448780902174
759.5 3.8448411583760365
760.0 5.291919790507459
760.5 5.4348494884920795
761.0 5.778262381446451
761.5 5.5300537460454775
762.0 6.947222607315795
762.5 4.887822603550388
763.0 4.921085764728108
763.5 2.9801827676291017
764.0 6.60572968250714
764.5 6.337999481783232
765.0 5.634889058115623
765.5 0.8556470598734354
766.0 0.974535550663727
766.5 5.95996725412701
767.0 3.7347485638444904
767.5 3.145853790337988
768.0 1.070111619603198
768.5 4.5253543219299015
769.0 2.5762970154693066
769.5 1.9243500906879987
770.0 2.1126647124319664
770.5 0.3367607506959098
771.0 1.8891807793786923
771.5 0.7272287318583954
772.0 2.8214319736562397
772.5 1.3107669870676115
773.0 4.241621059050852
773.5 2.429349469001253
774.0 4.089693179050654
774.5 1.9135608275045928
775.0 3.6634358930357793
775.5 2.0861548671445918
776.0 0.9403724816274124
776.5 2.507067208568677
777.0 1.955970265242931
777.5 3.437592809728333
778.0 2.902659121309796
778.5 3.1106578879316418
779.0 0.7179045677030274
779.5 4.760894028227737
780.0 2.0231548888925635
780.5 3.035677369221285
781.0 2.777917106782832
781.5 3.245222151036447
782.0 3.2136422062152183
782.5 0.9689799358576785
783.0 2.293359805185739
783.5 2.2326961686157833
784.0 3.1493125458576627
784.5 3.9965854680586252
785.0 2.2010967425719987
785.5 2.977918325795404
786.0 3.6697020441364154
786.5 1.98735249865655
787.0 0.2
787.5 1.8331445362790295
788.0 1.8780865180078428
788.5 2.211791397553983
789.0 1.7882662965407503
789.5 4.419689748574124
790.0 3.018525911473114
790.5 1.9029136378776588
791.0 1.6246753069343236
791.5 2.263029969133691
792.0 2.0814801399915357
792.5 3.824930798513787
793.0 2.642494819476951
793.5 2.37270232298997
794.0 0.9284786828519371
794.5 2.356897905102488
795.0 3.422852283858008
795.5 0.5372334612304954
796.0 2.725572281043382
796.5 1.1812090813927627
797.0 1.684561465603856
797.5 1.107055882518
798.0 1.6898225490353056
798.5 3.155074528170882
799.0 2.5409337404285757
799.5 1.5984378527254133
800.0 2.2885059011554043
800.5 2.2700358912650653
801.0 1.865289467165863
801.5 2.212114804369051
802.0 2.523291551364288
802.5 4.030026794556909
803.0 2.5457686946932836
803.5 1.0722677028580423
804.0 0.8834126320878961
804.5 2.8770474049653147
805.0 2.6734420580422316
805.5 1.6289694007295998
806.0 2.174355800123229
806.5 2.6671473533170587
807.0 3.298199369066282
807.5 1.3777393904085393
808.0 2.185041757108172
808.5 3.108265221797623
809.0 2.763155281087932
809.5 2.7860593235435744
810.0 1.8163200838640818
810.5 3.524360208961687
811.0 2.364761280129793
811.5 3.55669353113608
812.0 4.147036625239433
812.5 5.4441523231116795
813.0 5.109024001080992
813.5 5.619279306818844
814.0 3.896307586033199
814.5 4.640776519564937
815.0 4.63428567810597
815.5 5.598676718416984
816.0 3.6167359783132893
816.5 6.50478673573417
817.0 8.088955048570195
817.5 4.903951683772763
818.0 3.70494475273037
818.5 2.2552546211609044
819.0 3.1518929977929195
819.5 5.93078437187399
820.0 8.067952004563793
820.5 5.468950792698777
821.0 3.4537150810595767
821.5 4.835368857122873
822.0 3.067005134811364
822.5 6.180990678898079
823.0 3.6002011218308736
823.5 2.19511473336271
824.0 2.2410293567903636
824.5 8.839698654597345
825.0 6.800319456800607
825.5 4.004008688634507
826.0 2.2844377511569136
826.5 7.541550117059255
827.0 2.7847878386560856
827.5 10.970493835072627
828.0 4.667065658900294
828.5 5.606551568697504
829.0 3.565869313833562
829.5 1.3386476695941298
830.0 7.758521374038277
830.5 3.4516271276341044
831.0 2.8144690731882522
831.5 6.108380531791317
832.0 4.026318612195879
832.5 4.058418023788393
833.0 5.120244890794839
833.5 4.187568533831427
834.0 3.5090003043289
834.5 5.664594176032766
835.0 4.286551382868551
835.5 1.5538966527169942
836.0 3.198985127146474
836.5 2.0177220940275147
837.0 2.046112190391003
837.5 3.8657135462681023
838.0 1.8269901471005952
838.5 6.053619923950096
839.0 4.779977486346568
839.5 5.169507546714435
840.0 3.835445500582215
840.5 2.534335968146101
841.0 2.113243313704781
841.5 3.928570067562426
842.0 4.05770950795544
842.5 0.2
843.0 2.934868063468994
843.5 2.638888322273838
844.0 1.5637811575622378
844.5 2.0495489983199096
845.0 4.143986670540401
845.5 2.7122292153354493
846.0 2.9137364129414296
846.5 4.273892759172177
847.0 3.190679080011404
847.5 1.5001042305852692
848.0 2.116848878195724
848.5 4.02775942890711
849.0 2.9520017894383654
849.5 2.736326279416996
850.0 3.9869468861224098
850.5 4.720130445071597
851.0 3.556735085164057
851.5 3.8243032025962234
852.0 3.125297848281475
852.5 2.413879596167471
853.0 4.533466735689861
853.5 4.523336035077365
854.0 4.21780653587482
854.5 2.7696705360204312
855.0 1.9847893173203075
855.5 2.559904302727719
856.0 4.805614263626637
856.5 0.6750259999847583
857.0 4.522418841464729
857.5 5.116653015557023
858.0 0.599907536904214
858.5 8.06673432905864
859.0 2.668994979048074
859.5 1.2008664303127456
860.0 2.976151078919469
860.5 2.4142739062864496
861.0 3.8813536824297428
861.5 4.0701681054047
862.0 2.618736696106314
862.5 2.227216874569147
863.0 3.4405288681814157
863.5 3.6209113275264744
864.0 0.7248130627235188
864.5 5.22626597761356
865.0 1.2664338785138782
865.5 3.840439603901719
866.0 4.551714164581818
866.5 1.46957674746508
867.0 6.862845761700369
867.5 1.7328328674875157
868.0 0.20355678592462123
868.5 5.868034682045469
869.0 3.9763758702877396
869.5 2.6635385475595736
870.0 3.8449508818674687
870.5 2.4013820081090005
871.0 3.9583979728058827
871.5 4.348895721094475
872.0 8.253794326492576
872.5 5.761750389134017
873.0 3.139905895015561
873.5 7.4465212027901195
874.0 4.725431859918633
874.5 3.319643585314183
875.0 5.037636796548626
875.5 2.8056860553195153
876.0 4.287122051481527
876.5 5.072796137680198
877.0 3.8722976361258006
877.5 3.618872740007145
878.0 2.7602378297255856
878.5 1.5488691147344797
879.0 4.132018318971152
879.5 1.7690668403698475
880.0 4.123377644609885
880.5 0.8010736412741815
881.0 1.3604557181086299
881.5 1.667368454113677
882.0 1.8830072522889738
882.5 2.929105003699492
883.0 3.9716462391102034
883.5 4.556234012395484
884.0 1.8326184078886762
884.5 2.5030177982318484
885.0 2.9267890656809534
885.5 1.3571264096151603
886.0 4.338925704465086
886.5 3.43317443071113
887.0 2.073004287439072
887.5 2.8455754602753816
888.0 5.095933859391459
888.5 2.5917276535807323
889.0 3.5408971529915902
889.5 2.6293346784936134
890.0 7.313225801325679
890.5 6.148608003904652
891.0 5.809059146654201
891.5 1.3202372761830574
892.0 3.5608241895122847
892.5 8.459199609262082
893.0 6.443910195696851
893.5 3.6374494077325803
894.0 9.11220621305836
894.5 4.395734723983008
895.0 4.919421974237634
895.5 6.776418432590835
896.0 2.457599800881254
896.5 4.7787612987113
897.0 4.901229591880023
897.5 4.751436628619581
898.0 3.9136653626135782
898.5 3.860048567394782
899.0 0.2
899.5 0.2
900.0 1.4510898992919508
900.5 3.5469832841531437
901.0 4.304135341033409
901.5 5.88396223247222
902.0 0.24451153206711584
902.5 2.6474307316692176
903.0 4.570137236844664
903.5 4.27627937266086
904.0 5.042296623643681
904.5 3.202588752967857
905.0 1.1179550689343647
905.5 3.218508168486723
906.0 2.8171991384038755
906.5 4.1509131398785595
907.0 7.373985364509007
907.5 4.398413920458514
908.0 5.200558599747993
908.5 2.3317613938744772
909.0 2.4434628745402085
909.5 2.1411901399434408
910.0 5.876506848652271
910.5 4.573976475220637
911.0 5.030029441897245
911.5 6.989993989263968
912.0 2.6775851286597625
912.5 4.3518330835288035
913.0 4.6555096558713345
913.5 3.668137815054177
914.0 3.4305482789725867
914.5 1.3045033152452843
915.0 0.22460506600169783
915.5 1.4775321266348331
916.0 3.6926216345571405
916.5 4.868909809273156
917.0 4.753439712554611
917.5 4.402027667672263
918.0 2.8460406151634663
918.5 5.265778447341727
919.0 2.6202891873722045
919.5 2.9422668472729505
920.0 4.288984234612986
920.5 4.75663880803988
921.0 1.3970854970563642
921.5 2.476585627351427
922.0 3.309977732892444
922.5 0.8177201891014076
923.0 1.1331958869117824
923.5 3.261612814496407
924.0 3.6874809792837464
924.5 3.971653480215781
925.0 3.23864331215388
925.5 3.245683346537618
926.0 4.413028066968132
926.5 4.13583406287421
927.0 5.672734933766676
927.5 2.7106119535421955
928.0 3.6222680491944343
928.5 1.933890612537416
929.0 4.35229712934623
929.5 3.669399898292456
930.0 3.876170421603578
930.5 2.804790569254644
931.0 6.580289977097896
931.5 5.024566940649912
932.0 3.8804249820461445
932.5 1.7342942950683695
933.0 4.766055636314457
933.5 4.408242284028088
934.0 2.2290355151123302
934.5 6.904691032751371
935.0 1.541401449072646
935.5 3.59505638907622
936.0 3.9708784309055076
936.5 3.95730878932078
937.0 2.4860077532578417
937.5 1.9154381302325525
938.0 3.257433857210003
938.5 2.803910642779653
939.0 5.2554696934732466
939.5 3.3975302174375623
940.0 5.42471638410977
940.5 3.047891893854465
941.0 3.885963106025537
941.5 2.124531064937908
942.0 3.977898594392661
942.5 2.3513891056707648
943.0 1.8322691375525972
943.5 1.7326871951974057
944.0 2.254264308796561
944.5 3.7115589051007953
945.0 4.624954924367355
945.5 4.399180085962611
946.0 6.411147529429552
946.5 4.615429746257672
947.0 3.8888820605148275
947.5 1.9894687706016962
948.0 4.88756743577455
948.5 6.501727174182188
949.0 2.05937148490713
949.5 5.0337880836499
950.0 5.624013455283124
950.5 3.8250720083278775
951.0 1.5139018805726234
951.5 3.5445667578173374
952.0 4.036698545028667
952.5 4.90519290469965
953.0 4.2954874991242065
953.5 0.9330172958463399
954.0 4.867119526700984
954.5 2.620953592232856
955.0 3.0873984322756014
955.5 4.515783627565897
956.0 2.9528852681232873
956.5 6.736275303832414
957.0 4.369526657779472
957.5 6.340323534314772
958.0 3.224161373435069
958.5 4.53709003869475
959.0 3.3763856823268883
959.5 2.2352949876681896
960.0 1.245607679182992
960.5 1.9187088248602309
961.0 3.460410266385124
961.5 1.0748739230156672
962.0 2.2656472272535337
962.5 1.3238680442013675
963.0 2.8407673407224863
963.5 1.8065830381056807
964.0 2.3655816867602386
964.5 2.5129227793905033
965.0 1.5603720154578196
965.5 2.095499283676295
966.0 1.6623822652648546
966.5 1.4994545583111578
967.0 2.8101391433131617
967.5 2.348559290180118
968.0 2.8750462097142346
968.5 4.061528816229737
969.0 2.531058213677791
969.5 4.5304519666327066
970.0 3.3535420142716896
970.5 2.094015020833153
971.0 2.474529867164913
971.5 2.5356779159738707
972.0 3.552769311645112
972.5 2.613683421350164
973.0 0.560234222223096
973.5 4.294583564742337
974.0 4.834094303949766
974.5 3.8245868762372917
975.0 5.203165884381163
975.5 4.167502590237183
976.0 6.237173955660168
976.5 2.7599127926457143
977.0 2.803635008998631
977.5 5.906434954500934
978.0 5.5838055360313
978.5 3.0097059166243705
979.0 3.1038588177837916
979.5 6.363021137918576
980.0 7.257677022768184
980.5 2.218378351869854
981.0 2.695270441995219
981.5 0.2
982.0 1.1750536972114873
982.5 4.601286845161281
983.0 3.3684729122851262
983.5 3.3720277149893634
984.0 1.2258448655585552
984.5 3.5538595090300373
985.0 6.070030514947595
985.5 0.27494783181536864
986.0 5.449820618329394
986.5 1.651514016917766
987.0 3.8617728037517134
987.5 1.8089036558028457
988.0 4.038090250083524
988.5 2.3815803158093694
989.0 5.977998103375878
989.5 2.465477001495001
990.0 5.828463373911126
990.5 4.894805583378761
991.0 0.4475930074895933
991.5 4.064488500684317
992.0 4.25770411753588
992.5 2.1121109964668054
993.0 0.6154594236848099
993.5 3.1677349342476684
994.0 2.054049252155476
994.5 2.4645756429308605
995.0 1.5191899718844246
995.5 1.7626097686195896
996.0 1.752787838946285
996.5 3.4253858759671143
997.0 2.653770725210947
997.5 2.33341891180411
998.0 3.27921020478611
998.5 2.7301980017032625
999.0 2.2617585834321745
999.5 2.402188385915543
1000.0 3.753682172158787
1000.5 2.9315790520584257
1001.0 1.3046832553304415
1001.5 2.9759957299108186
1002.0 3.3912320873072743
1002.5 3.0210635005907367
1003.0 3.5099328523604645
1003.5 3.7165847466276554
1004.0 1.1497801621610955
1004.5 4.271353232771517
1005.0 3.571022627911316
1005.5 0.2
1006.0 3.1541363610370476
1006.5 1.2507792159958404
1007.0 2.154207019128047
1007.5 1.0282001123439664
1008.0 2.0887109530109718
1008.5 1.3378313982201853
1009.0 2.0488164800940156
1009.5 3.2881364536749653
1010.0 0.7940715201500064
1010.5 2.413671076682106
1011.0 3.58308828650767
1011.5 1.1061861203133516
1012.0 5.484042010506382
1012.5 2.813593898694471
1013.0 4.502133526255389
1013.5 2.311020240460035
1014.0 3.756564310838935
1014.5 5.076169901454573
1015.0 5.056922005168274
1015.5 4.140429289877032
1016.0 2.833258027028089
1016.5 3.0593789768927313
1017.0 6.671043563109647
1017.5 8.154622655852908
1018.0 3.593205600145214
1018.5 5.007461406226762
1019.0 6.349773163448171
1019.5 4.904689502587187
1020.0 3.6837122011720265
1020.5 7.0041276006427555
1021.0 6.4300329569797325
1021.5 4.770231548683849
1022.0 6.785882117386455
1022.5 3.0945600361537116
1023.0 6.087819961075667
1023.5 5.424475604280612
1024.0 3.9210554681738
1024.5 5.134418678201888
1025.0 1.2387674887489124
1025.5 2.2876801858783278
1026.0 3.5399163714771045
1026.5 3.2811853378361198
1027.0 2.8015894014369693
1027.5 2.694473562550423
1028.0 2.9406894582549383
1028.5 5.480515589789524
1029.0 2.170972531731195
1029.5 1.7827285461849274
1030.0 1.149961149172389
1030.5 1.6491810902152348
1031.0 2.4729373471083513
1031.5 1.6677869456564327
1032.0 2.3094165443933994
1032.5 4.00164872503803
1033.0 2.29383041424519
1033.5 3.9190776545733
1034.0 2.581338454583564
1034.5 0.7951161697391049
1035.0 2.368419183144286
1035.5 5.638391015609744
1036.0 2.4611660216899542
1036.5 4.595279405340429
1037.0 2.7810712886989384
1037.5 1.7317599062618538
1038.0 5.656553795391725
1038.5 2.5689371943587433
1039.0 3.984140324634872
1039.5 3.5596869257012234
1040.0 1.8225859625895473
1040.5 3.287025236878483
1041.0 1.950523463354723
1041.5 4.9135292859888375
1042.0 5.202383431562023
1042.5 4.398929526413643
1043.0 6.251923338989692
1043.5 1.2448412056158276
1044.0 2.4160002026958347
1044.5 2.308438724903417
1045.0 4.500646001162501
1045.5 3.51257263392963
1046.0 8.668147628582762
1046.5 3.7738894718163696
1047.0 6.7223319325881485
1047.5 3.2687154491079973
1048.0 2.733107210523423
1048.5 3.0116141892457033
1049.0 3.4556628287585176
1049.5 4.102868648618085
1050.0 3.2772866575518043
1050.5 4.08664616135269
1051.0 5.7665469084750125
1051.5 2.029864425581682
1052.0 0.7428490516738804
1052.5 3.9281175726146103
1053.0 1.2274755693849628
1053.5 3.0215814126652867
1054.0 1.7467281818022238
1054.5 3.7205274554800614
1055.0 6.041122564304995
1055.5 3.2431206702436284
1056.0 1.5770255150793946
1056.5 3.3665085139622763
1057.0 6.590397689115013
1057.5 4.242190607702977
1058.0 3.5926018401954805
1058.5 3.022227120850854
1059.0 2.006477189054372
1059.5 4.4022480254218115
1060.0 5.20781820660847
1060.5 3.916581220090638
1061.0 3.786718563883058
1061.5 3.565180632570673
1062.0 2.5384512285394285
1062.5 1.819638611831671
1063.0 0.2
1063.5 2.4135093051059284
1064.0 6.229571379474573
1064.5 1.9801530265297937
1065.0 4.612509508963859
1065.5 5.129297132418756
1066.0 4.6227483288701485
1066.5 5.019503026788051
1067.0 1.7422256445675093
1067.5 2.4527162295242064
1068.0 3.4711188326025813
1068.5 4.478045990221176
1069.0 4.378975038608066
1069.5 2.419183327790909
1070.0 7.744888653755741
1070.5 3.628398724719839
1071.0 6.276353119803169
1071.5 6.0027748177478
1072.0 3.7542749186256565
1072.5 4.534733278234247
1073.0 6.482732784245021
1073.5 9.726597328443102
1074.0 4.4382468170311045
1074.5 6.464318308116113
1075.0 2.664109402942543
1075.5 4.244092473325463
1076.0 1.2120054168477852
1076.5 1.0499149284447662
1077.0 0.9789872668440776
1077.5 3.975799446001172
1078.0 4.202963085827781
1078.5 7.115240275481737
1079.0 6.468537835678384
1079.5 0.8229843120459965
1080.0 5.598041034586295
1080.5 1.4156081690663416
1081.0 5.205435375807559
1081.5 4.849626949312884
1082.0 5.881582551885309
1082.5 6.513783493578575
1083.0 8.830763428596187
1083.5 5.426811353204249
1084.0 6.325703966427713
1084.5 4.775039944883357
1085.0 5.176689246680732
1085.5 1.9484781974142598
1086.0 2.8933406441238647
1086.5 8.131579398387156
1087.0 5.41888464724669
1087.5 2.9156410943911117
1088.0 5.79347262899076
1088.5 0.5288446792105073
1089.0 4.090577911062592
1089.5 4.198322048471554
1090.0 3.6882307132133434
1090.5 7.749536734288821
1091.0 5.678510502321219
1091.5 0.8957572999245347
1092.0 2.3971505343697084
1092.5 3.737634270417449
1093.0 3.5927625239352663
1093.5 5.668960883230937
1094.0 6.476233512923997
1094.5 7.512578819498366
1095.0 6.173869596466837
1095.5 1.67648835338067
1096.0 4.80518062157328
1096.5 3.555696453554361
1097.0 4.529723652576878
1097.5 4.5238519258189385
1098.0 4.76205954238339
1098.5 5.815866026714885
1099.0 2.543449899717059
1099.5 4.368531078309984
1100.0 8.782807269520628
1100.5 4.413183101038567
1101.0 0.2
1101.5 4.720077300925642
1102.0 2.6631225521247397
1102.5 4.465069138457826
1103.0 2.214127118584857
1103.5 3.5795265691776916
1104.0 2.0866581353997846
1104.5 5.559637507452615
1105.0 2.963300732602706
1105.5 5.616446923023042
1106.0 2.0061550094342953
1106.5 3.7072722352225096
1107.0 6.251396451911658
1107.5 4.868995948975092
1108.0 1.2315871754383045
1108.5 6.013526498758037
1109.0 6.6862899934248645
1109.5 0.2
1110.0 6.808012694415998
1110.5 4.40628962563833
1111.0 4.650178869211803
1111.5 6.84226389894749
1112.0 1.9310995381075573
1112.5 2.4121561620902834
1113.0 7.374455706380314
1113.5 2.530517073985641
1114.0 3.0397531539513514
1114.5 2.9235016794790822
1115.0 4.501899667687778
1115.5 3.18533777491174
1116.0 1.6804868972124023
1116.5 4.3430526670618965
1117.0 4.028168853795169
1117.5 5.684974075935772
1118.0 4.798027116170187
1118.5 1.1990398515966558
1119.0 3.222331742746861
1119.5 3.620800157183295
1120.0 4.09216122393656
1120.5 3.3796045372358527
1121.0 2.9531684343361864
1121.5 3.9069875929936053
1122.0 7.191918992939081
1122.5 5.225372005861006
1123.0 3.653852362488147
1123.5 5.927790920252449
1124.0 1.3642312225735802
1124.5 5.220666777002814
1125.0 2.486222331143632
1125.5 6.821585422840906
1126.0 4.600589673040405
1126.5 4.698777332079923
1127.0 4.135058009378948
1127.5 4.045428535005439
1128.0 2.1060046139220776
1128.5 3.4531469001211494
1129.0 3.6330589553145347
1129.5 1.7132855469340535
1130.0 2.6445058213236456
1130.5 2.9849363342745825
1131.0 0.6487485840862
1131.5 0.8849793539151773
1132.0 1.7290285165896808
1132.5 6.451765315528806
1133.0 5.145122976601238
1133.5 7.750394967988198
1134.0 1.8162259148410538
1134.5 1.3755495801575892
1135.0 3.0304624172996135
1135.5 2.608345597905821
1136.0 4.136157340049925
1136.5 3.7891998279414976
1137.0 4.721709316484924
1137.5 2.1732453513467704
1138.0 4.8417121509444545
1138.5 2.4386726704499737
1139.0 2.694153110446359
1139.5 3.306999540020302
1140.0 1.533630235809371
1140.5 4.421649846477772
1141.0 3.2915528436065435
1141.5 2.3017738072181335
1142.0 3.177529471431486
1142.5 4.401222721200602
1143.0 0.5485086213636481
1143.5 0.8925836142786503
1144.0 2.119266969717313
1144.5 2.998815493489603
1145.0 2.655636987772624
1145.5 1.9784262707096274
1146.0 2.2953970840741587
1146.5 2.341283764080246
1147.0 3.020399112460735
1147.5 6.1581918520557135
1148.0 2.7314548859271817
1148.5 4.608662832802308
1149.0 4.648437107568849
1149.5 3.3820774045895465
1150.0 7.3837620860365885
1150.5 2.0295181647551375
1151.0 1.2351843964701295
1151.5 0.2
1152.0 0.9359566356181626
1152.5 2.818325330364029
1153.0 2.5767098191558455
1153.5 4.525068599318281
1154.0 5.120176250762369
1154.5 1.7723475784545104
1155.0 8.345466038386954
1155.5 4.175894969804604
1156.0 0.2
1156.5 1.2256839969486593
1157.0 5.029798684634713
1157.5 2.602224437801497
1158.0 2.4844293071958488
1158.5 5.125395619164774
1159.0 2.9342834036394976
1159.5 4.638189575784218
1160.0 5.886923602599557
1160.5 5.3362973149231285
1161.0 5.057978095068103
1161.5 7.647479086926381
1162.0 1.8657394570034498
1162.5 4.75029475314429
1163.0 6.1626751932841195
1163.5 3.4242084711198473
1164.0 5.807591636134145
1164.5 2.623909392583435
1165.0 6.7510122228683
1165.5 3.6569584183635384
1166.0 5.058287233115591
1166.5 7.024611780091348
1167.0 3.3727138584955143
1167.5 3.94075012253131
1168.0 5.903317674583686
1168.5 4.047978874878757
1169.0 3.8818838208310114
1169.5 0.2
1170.0 2.3946093087256424
1170.5 1.2242376127926025
1171.0 3.0184979394002487
1171.5 3.766522812022194
1172.0 2.5979705648444082
1172.5 4.684609042284009
1173.0 3.474058362921536
1173.5 1.346770808543104
1174.0 1.5734567587422605
1174.5 3.030670147431321
1175.0 1.6682556952696759
1175.5 2.3020370938007377
1176.0 4.478094429499845
1176.5 2.0248460712216803
1177.0 1.5482523864100703
1177.5 0.4782499536871514
1178.0 1.6722061699222828
1178.5 3.755322912725916
1179.0 2.553752002215032
1179.5 0.7069767520978096
1180.0 0.7543469080347127
1180.5 1.6688991626487977
1181.0 2.9696934408195967
1181.5 2.753607174461468
1182.0 0.24981983577651024
1182.5 1.2595898719784693
1183.0 2.0004341379711628
1183.5 0.6388887401873031
1184.0 2.488060965143834
1184.5 2.967909115782824
1185.0 2.9560173203069153
1185.5 2.0355019462345068
1186.0 6.601995718144516
1186.5 2.994198815363191
1187.0 5.534815602403526
1187.5 4.686626614350629
1188.0 0.2
1188.5 4.32432589953045
1189.0 3.3955798034611617
1189.5 2.3095486209939065
1190.0 0.2
1190.5 6.742599145669087
1191.0 1.8936493400881587
1191.5 5.518405178808285
1192.0 2.642637317498454
1192.5 0.2565064909609829
1193.0 5.079581533429907
1193.5 0.4744530641474225
1194.0 3.837784662597914
1194.5 3.5580281422557007
1195.0 3.198646393526425
1195.5 6.700399750222221
1196.0 6.555773294532173
1196.5 2.71358525731503
1197.0 2.5396054632901084
1197.5 2.741888847337627
1198.0 7.188075920231247
1198.5 3.8297114315877407
1199.0 2.0382747787602904
1199.5 4.223627670635836
1200.0 5.5994294627236325
1200.5 2.6341070268842603
1201.0 4.976946059973214
1201.5 1.4356108146489603
1202.0 4.038511459190987
1202.5 7.564809223564577
1203.0 4.214710772798091
1203.5 2.1443219709257955
1204.0 4.129872023982326
1204.5 2.963558824978989
1205.0 0.5789603873093472
1205.5 5.343900515406013
1206.0 0.5847344750372456
1206.5 5.91026029832847
1207.0 6.182943442699143
1207.5 3.7810957040654243
1208.0 5.972108908220619
1208.5 2.088382379274402
1209.0 6.585378990537233
1209.5 4.276442064418293
1210.0 3.790443768769185
1210.5 3.5060374160018077
1211.0 5.996894209041357
1211.5 2.0657233450598667
1212.0 3.0912249939264758
1212.5 2.804410496354302
1213.0 6.824503840448288
1213.5 4.9142699939408505
1214.0 3.83319727208897
1214.5 7.078410636759959
1215.0 4.470313679893357
1215.5 4.715318909417498
1216.0 4.080436678038264
1216.5 3.0168969513812387
1217.0 3.652977245103698
1217.5 2.5877192792203174
1218.0 3.1634110461583056
1218.5 4.095953517814907
1219.0 4.493423852823607
1219.5 2.126454273750241
1220.0 7.324890839783529
1220.5 9.72840609415207
1221.0 4.9247315853301075
1221.5 4.830397956814962
1222.0 4.13160053795897
1222.5 2.1779729064725464
1223.0 1.8091813873271314
1223.5 4.974175533726793
1224.0 6.801363148009134
1224.5 6.437881378376039
1225.0 3.548048114418698
1225.5 3.8028658276951415
1226.0 4.864784107642091
1226.5 5.5738481242511515
1227.0 5.550366103962219
1227.5 3.9645167997281896
1228.0 4.342791197191796
1228.5 2.133686680720542
1229.0 2.53463551884983
1229.5 3.592983707421733
1230.0 2.325684059357627
1230.5 4.547366833706205
1231.0 5.416648520586806
1231.5 4.222220036251158
1232.0 4.404886924673384
1232.5 2.2315468590966447
1233.0 5.8326816343450645
1233.5 5.037247079507626
1234.0 5.036594909711905
1234.5 3.439925710440441
1235.0 4.319385480361062
1235.5 2.5624834294167678
1236.0 1.1789925705827808
1236.5 3.4700237468051163
1237.0 2.7805691287480725
1237.5 3.2891466038808925
1238.0 0.8475767861673513
1238.5 3.1809568741326926
1239.0 5.433156602092632
1239.5 2.966000672923577
1240.0 1.9424514509816713
1240.5 2.833868200204652
1241.0 1.4036838302064114
1241.5 3.409094117516928
1242.0 2.2267630498922193
1242.5 1.629396477163969
1243.0 3.2394191661768152
1243.5 1.1482386427986162
1244.0 3.0793438421842136
1244.5 1.3260375767234793
1245.0 2.300279682739942
1245.5 3.614582468701788
1246.0 2.0118046859913354
1246.5 5.855886535147382
1247.0 2.0483115974897728
1247.5 2.4306435231190835
1248.0 2.5418916707669883
1248.5 2.7004891018103017
1249.0 5.06782932743676
1249.5 2.9083584722756375
1250.0 3.6008229864972323
1250.5 5.225468902207156
1251.0 3.9776762428632626
1251.5 1.6813593135516938
1252.0 1.5205376696459942
1252.5 0.7196792974692756
1253.0 3.519465313710497
1253.5 2.0274451458025524
1254.0 3.1911198494968778
1254.5 4.497698757644892
1255.0 4.749288301407814
1255.5 1.5154183080836825
1256.0 3.0113828004681467
1256.5 1.7427567447599626
1257.0 4.445456928312911
1257.5 2.4545508229855395
1258.0 2.9379348528629134
1258.5 3.287973256738665
1259.0 3.5343511018199223
1259.5 0.4916346887894476
1260.0 4.89627326481958
1260.5 5.83374097555441
1261.0 0.3262582188009353
1261.5 2.636789096136498
1262.0 5.825833359826623
1262.5 2.522395390550484
1263.0 3.65357738887321
1263.5 1.47912652052716
1264.0 4.825356352669407
1264.5 4.20867826582663
1265.0 6.052563272025701
1265.5 6.458205840093585
1266.0 1.432811976866327
1266.5 3.777527359765073
1267.0 4.711797736648624
1267.5 3.121905073452618
1268.0 2.476919518887515
1268.5 3.5714213710853966
1269.0 5.506990412221503
1269.5 2.1598628192827087
1270.0 0.7024449397173465
1270.5 2.272137252599779
1271.0 3.501740505248154
1271.5 3.661075693595428
1272.0 1.8893353953571157
1272.5 2.2442429371410606
1273.0 5.370586854054951
1273.5 5.453621478509485
1274.0 4.479337564309748
1274.5 6.536728057447754
1275.0 0.48741155093054944
1275.5 2.8453977157332986
1276.0 4.3194621328885106
1276.5 4.895516498887076
1277.0 3.739766018783398
1277.5 6.322919001428446
1278.0 3.7536425591849127
1278.5 5.464199728698967
1279.0 5.175455463179571
1279.5 5.153991012883711
1280.0 1.8154890238124088
1280.5 3.086957752266767
1281.0 2.9969879228956504
1281.5 3.492774433861079
1282.0 4.399973179315646
1282.5 3.245913773494689
1283.0 4.409387806201011
1283.5 6.276316340781947
1284.0 1.7503981766112173
1284.5 5.701602357824635
1285.0 6.316816458574273
1285.5 4.357768357836029
1286.0 5.029309948019165
1286.5 3.7702576748082457
1287.0 3.74285723573269
1287.5 2.592153672504325
1288.0 2.3883625831380257
1288.5 2.847946314508989
1289.0 4.849888267341866
1289.5 5.693644641398652
1290.0 2.975261449815405
1290.5 2.5487318639351284
1291.0 4.314795199763718
1291.5 2.5116579656055515
1292.0 2.8609812098290606
1292.5 3.671074959671518
1293.0 3.4696011372874564
1293.5 2.0705256823227183
1294.0 4.797229272605607
1294.5 2.893359344617482
1295.0 6.378575667704615
1295.5 6.195695578599181
1296.0 3.498961563095958
1296.5 2.740080143987243
1297.0 4.083912542760078
1297.5 1.710039947519101
1298.0 5.392745047574177
1298.5 2.9158900167281816
1299.0 6.595259542162258
1299.5 1.8374879192343256
1300.0 3.2261525523442995
1300.5 2.9995095063253743
1301.0 2.45769323364819
1301.5 3.3737729080448733
1302.0 3.3978297493786056
1302.5 2.5390330462156814
1303.0 6.495149726503577
1303.5 2.9892886886123367
1304.0 0.7793962668267058
1304.5 5.423492099565622
1305.0 2.6660592834497376
1305.5 1.0696163471972466
1306.0 1.1284476685649183
1306.5 4.784238083467157
1307.0 2.973660017956363
1307.5 4.036995388329895
1308.0 2.0123163730599534
1308.5 4.169538473630744
1309.0 4.601798456099273
1309.5 2.1501716364604566
1310.0 3.7180663527748266
1310.5 4.027479200181572
1311.0 3.0271011681696773
1311.5 3.0094911470071937
1312.0 3.433752325028542
1312.5 4.612199541314339
1313.0 4.2588340229425565
1313.5 1.5898560899071228
1314.0 2.1572361064828605
1314.5 2.6841203507805433
1315.0 3.196225560856365
1315.5 0.7366367527615314
1316.0 2.125827574489009
1316.5 2.98154464884725
1317.0 3.7010844253727577
1317.5 4.6689196450896295
1318.0 2.6003338217704215
1318.5 5.830991443029268
1319.0 3.006741391061396
1319.5 6.192746143322582
1320.0 5.002761468180052
1320.5 2.081761770481382
1321.0 4.493045412718428
1321.5 4.060891036186471
1322.0 5.637954036420156
1322.5 5.6084379652324
1323.0 0.2
1323.5 4.245799407764483
1324.0 1.1576499250044683
1324.5 3.507752401499574
1325.0 5.6188911953559515
1325.5 5.6524014802513545
1326.0 5.094934437790565
1326.5 5.107007278616787
1327.0 4.630368585515246
1327.5 4.521357863099714
1328.0 5.445059956592122
1328.5 0.2
1329.0 4.79999786415585
1329.5 1.7279819753101928
1330.0 3.4584990006489953
1330.5 2.561510956814062
1331.0 4.7711589371769305
1331.5 2.7794246530614535
1332.0 1.6254204981083014
1332.5 1.1304587987002725
1333.0 2.353805717797747
1333.5 0.6677530037925652
1334.0 2.0906995441315237
1334.5 1.5255049683597515
1335.0 4.303176243716944
1335.5 3.2639887773670058
1336.0 0.8833165981580993
1336.5 5.607575856928886
1337.0 3.407112656701652
1337.5 2.55635324806407
1338.0 2.416484339451231
1338.5 3.407194320635202
1339.0 3.3270843805349823
1339.5 3.4713727820824833
1340.0 5.887884773494465
1340.5 8.109886538084492
1341.0 5.73093325168774
1341.5 3.3420935466356525
1342.0 2.4694557354436446
1342.5 8.488406266737957
1343.0 3.1188381652404584
1343.5 4.274271352848128
1344.0 6.274072735424026
1344.5 4.293815259255781
1345.0 2.9570158722201736
1345.5 7.272445900587998
1346.0 1.2384136065899574
1346.5 3.9378672966028887
1347.0 2.200376331703486
1347.5 7.0174248333622735
1348.0 7.3998488380134
1348.5 0.7862578413549435
1349.0 7.0788867805259095
1349.5 5.19146188330497
1350.0 6.8738230364733965
1350.5 6.386872730740643
1351.0 7.790852855320001
1351.5 5.89974248880051
1352.0 7.010869530560916
1352.5 0.2
1353.0 4.072475185031995
1353.5 0.8121378088745828
1354.0 2.972648744220205
1354.5 3.8063229980330275
1355.0 1.8419447855927518
1355.5 2.734753789071642
1356.0 3.401935476097874
1356.5 2.6856709275350648
1357.0 4.161042717303513
1357.5 4.240560947885596
1358.0 3.1222787421901415
1358.5 2.143474928243194
1359.0 1.941069853719119
1359.5 3.9815405859777746
1360.0 3.373887172265272
1360.5 4.677610111892007
1361.0 2.493460365638037
1361.5 2.6697541545597065
1362.0 3.3854539381388795
1362.5 2.440166770973076
1363.0 3.0045254857715085
1363.5 2.25312351124619
1364.0 0.7949876223098806
1364.5 2.892857118485602
1365.0 1.5778850638011996
1365.5 1.2915668015250799
1366.0 3.508712173134347
1366.5 1.962202358285285
1367.0 4.090912188824139
1367.5 2.6992920054935468
1368.0 2.2716282317137866
1368.5 2.5000477403425574
1369.0 1.2911051897948873
1369.5 2.8896372785014615
1370.0 2.1143874248696903
1370.5 3.433900316675862
1371.0 2.953387558507907
1371.5 1.8733539736564506
1372.0 2.7320962695841793
1372.5 0.49705041572342035
1373.0 2.4873528075557703
1373.5 4.7436985594760595
1374.0 4.768010899309341
1374.5 4.687766030344102
1375.0 4.143493925528118
1375.5 4.42170373707518
1376.0 2.6491237587403247
1376.5 2.703559650615077
1377.0 2.8166219344135968
1377.5 5.3300651220027015
1378.0 0.2
1378.5 3.05124311712599
1379.0 2.9914186277965173
1379.5 4.225164846589068
1380.0 3.1938623704465305
1380.5 4.749716681092881
1381.0 5.907990873410651
1381.5 2.474907004816392
1382.0 5.043169292763075
1382.5 4.359869593239711
1383.0 2.6300548716742176
1383.5 3.0347794999706608
1384.0 4.35552086579387
1384.5 3.9317945782135486
1385.0 3.1376219114669532
1385.5 6.411160541255544
1386.0 3.859507501077658
1386.5 4.994194102166748
1387.0 2.608802937234099
1387.5 1.6938614232807265
1388.0 0.9899009411303092
1388.5 1.7166353574946436
1389.0 5.68788139086335
1389.5 5.515456429026805
1390.0 6.455107487858214
1390.5 9.278344494907746
1391.0 5.263670975751567
1391.5 6.684336507476599
1392.0 2.833886489433069
1392.5 7.241155856653407
1393.0 6.469083416240481
1393.5 3.670245840743692
1394.0 6.296196763130324
1394.5 6.439743401271363
1395.0 7.670198992590333
1395.5 6.278039403937499
1396.0 8.081021907230141
1396.5 2.8276035945512152
1397.0 3.6570098551833334
1397.5 3.677882906147775
1398.0 2.375053211121159
1398.5 3.9011905657131356
1399.0 3.162409807728732
1399.5 4.090626521570355
1400.0 4.7301946646986135
1400.5 3.91022680273453
1401.0 1.2696221394497567
1401.5 5.839117945184827
1402.0 4.837431025892709
1402.5 0.2
1403.0 3.228127042325261
1403.5 4.358780956959736
1404.0 4.694582201037324
1404.5 1.0565547017981034
1405.0 3.2795614002248317
1405.5 2.490005634462328
1406.0 1.9031146113351503
1406.5 3.592493211152761
1407.0 2.1571316401918788
1407.5 1.2961059108343456
1408.0 1.0017762693812373
1408.5 7.718796207756926
1409.0 4.54586093824789
1409.5 1.7070509237500597
1410.0 1.9092453508641865
1410.5 5.884208223081799
1411.0 3.424363242291573
1411.5 5.890679857355116
1412.0 2.642523912300306
1412.5 1.5437962174324438
1413.0 3.7983940747386336
1413.5 1.861730744781716
1414.0 1.0685356758922424
1414.5 3.6382795930500325
1415.0 2.5182366410986035
1415.5 3.703562891514914
1416.0 3.011646623178729
1416.5 2.6057551337296423
1417.0 3.0821660704073834
1417.5 3.402613721860879
1418.0 2.6958690921808803
1418.5 6.08038154500708
1419.0 1.4153242878360945
1419.5 1.8040649850180683
1420.0 5.1408092216997545
1420.5 4.058740070527412
1421.0 2.087031279027313
1421.5 2.2144923715519234
1422.0 3.1976869437927284
1422.5 3.5366510057206697
1423.0 1.7425355180966242
1423.5 2.703466079279866
1424.0 3.9698441802405693
1424.5 5.039398210100109
1425.0 0.5543987924775191
1425.5 3.103988742216473
1426.0 1.9843678344234768
1426.5 4.046935812547766
1427.0 2.0393568711304484
1427.5 4.570957770326752
1428.0 0.6399617713162957
1428.5 3.110389959558176
1429.0 4.131446772290575
1429.5 4.994873541084765
1430.0 0.3742335614256991
1430.5 0.2
1431.0 8.08595036323518
1431.5 2.1923051003324945
1432.0 6.20606969650784
1432.5 6.6295971177971476
1433.0 6.00249534954528
1433.5 2.0358513608368827
1434.0 4.375863539908113
1434.5 3.94082593952276
1435.0 6.753222305742678
1435.5 3.517423263694506
1436.0 6.6843274955466825
1436.5 3.6021028573855096
1437.0 1.4959396944661787
1437.5 1.6090714394373387
1438.0 3.554393591706131
1438.5 2.2715128959632644
1439.0 4.174216359709104
