0 2.6693377749800193
0.5 4.82462307684483
1.0 1.8640389721801247
1.5 0.2381156404775342
2.0 3.6723806391621583
2.5 1.992781746572582
3.0 8.741684054854883
3.5 5.3549932056099205
4.0 3.3978359104766596
4.5 4.613712360829323
5.0 3.0896239153776723
5.5 3.6460946488082873
6.0 1.973016791438833
6.5 1.7643888783393387
7.0 0.8851332020164926
7.5 4.1480480232632395
8.0 8.309654739862237
8.5 3.963541210006099
9.0 3.5932005224352848
9.5 0.5233187830629569
10.0 1.997187510393898
10.5 1.2299788439876493
11.0 3.8186885738425786
11.5 5.935114332754887
12.0 3.099798962608785
12.5 2.337651988382183
13.0 2.9695636375859036
13.5 1.6843934255802617
14.0 3.0717640894629907
14.5 2.1880464012727674
15.0 1.576365185797825
15.5 2.1261946002839047
16.0 0.2
16.5 6.406757574522641
17.0 5.893780402871299
17.5 7.54616196721728
18.0 5.702009324689309
18.5 9.559805698729848
19.0 2.645595559762178
19.5 2.7952121064932953
20.0 1.9942416475088593
20.5 8.039914553398045
21.0 6.598630946003247
21.5 6.79450675542191
22.0 0.324316131592326
22.5 5.17397405867387
23.0 0.7542019856587419
23.5 3.261962626280644
24.0 3.3705028889861044
24.5 4.063723810806615
25.0 7.254600398517053
25.5 7.339723673411154
26.0 2.8566536532995954
26.5 0.20347107633434547
27.0 0.2
27.5 1.7986585259831906
28.0 2.3441752320274243
28.5 4.001119984220586
29.0 0.9600962661658929
29.5 2.7545328620915486
30.0 0.7370509793415856
30.5 1.4201645419570599
31.0 2.6576106566955633
31.5 1.9802944483941047
32.0 2.4445386855360627
32.5 2.2032621346503203
33.0 2.338705387247003
33.5 4.239292987342309
34.0 1.7525541012901944
34.5 1.9791941376719613
35.0 1.2745669329944258
35.5 2.4391001645493584
36.0 1.500851689874013
36.5 2.248919859496579
37.0 2.9724577708758533
37.5 1.9790175799071807
38.0 3.367473422363005
38.5 0.8196715077359944
39.0 1.1421180792729975
39.5 2.3437621499881756
40.0 2.43080009562333
40.5 6.538323760863186
41.0 7.242429695431735
41.5 5.187355269455958
42.0 4.5007700498264285
42.5 1.8694524470479792
43.0 4.3948430885270575
43.5 2.076025635947448
44.0 2.5528250505961285
44.5 3.6698447920422588
45.0 5.050413673499038
45.5 1.9971111166705113
46.0 5.708401567439593
46.5 4.8293246065380835
47.0 2.689294822912262
47.5 4.557236837384805
48.0 4.2318125167489615
48.5 3.377712366395661
49.0 1.5822804807185353
49.5 5.242747299546345
50.0 2.8351547205618877
50.5 4.496751101382248
51.0 3.888892915565049
51.5 0.2
52.0 3.6957916896148983
52.5 5.54359952084656
53.0 5.096050752364405
53.5 1.0028001271744542
54.0 1.6579431156928002
54.5 5.057548082685145
55.0 3.2266071158756326
55.5 4.472156443399159
56.0 5.093570611419915
56.5 3.269975337596083
57.0 6.270017963170597
57.5 1.430135080027434
58.0 4.246728178096468
58.5 3.8192775769995055
59.0 2.930875472827363
59.5 1.5721701455937405
60.0 3.9516413386871188
60.5 2.303763022480647
61.0 3.4989445475808747
61.5 0.9171508256027696
62.0 4.624807220150396
62.5 2.770817207653301
63.0 2.7038437314210424
63.5 2.381659551073309
64.0 2.642360355419355
64.5 1.5959613743082508
65.0 1.8989991220099327
65.5 2.3298635141748862
66.0 3.0013635225000423
66.5 5.37484399894263
67.0 4.164879418858286
67.5 0.6620310527846001
68.0 3.7592997520813682
68.5 2.1955702736078506
69.0 3.3372161572138643
69.5 0.22712441024573593
70.0 3.6044705880001726
70.5 3.6326473412723157
71.0 1.0411771859942025
71.5 2.7284883981601222
72.0 1.4094990142040908
72.5 4.206177209426508
73.0 1.1901130628178032
73.5 2.4133493580484977
74.0 2.5547981551918504
74.5 2.8210283446012796
75.0 3.4785901780858843
75.5 3.853900234129057
76.0 3.1095377093182153
76.5 2.9720340359101742
77.0 3.1803306702781677
77.5 3.717989072022962
78.0 3.787879845627142
78.5 4.258735194167327
79.0 2.15635541799697
79.5 2.133608566072036
80.0 0.2
80.5 5.191469222238742
81.0 6.222165246912562
81.5 2.362201799836913
82.0 2.271517760491407
82.5 3.597751012281452
83.0 4.8216253358427394
83.5 1.23996904777443
84.0 2.223810804224904
84.5 2.652669912630543
85.0 4.178489193190039
85.5 4.217944469594917
86.0 1.2490543226480026
86.5 2.8735261228061946
87.0 2.1538004584462174
87.5 1.2780005938623027
88.0 3.165386118299036
88.5 5.8662533775946
89.0 2.3789956696749286
89.5 3.630608329348806
90.0 5.4687352207521105
90.5 2.2657403930253355
91.0 2.631129642006912
91.5 0.2
92.0 2.2203334794652645
92.5 1.630503343911592
93.0 2.22103844565014
93.5 3.5826814413333263
94.0 4.530360041565756
94.5 1.9929423680250469
95.0 3.327200278423792
95.5 1.5169949471607056
96.0 0.6004300701782512
96.5 0.4998879447888096
97.0 2.35544127455684
97.5 0.728000434926316
98.0 1.2053053119112236
98.5 2.3726420562414265
99.0 3.7031204917695884
99.5 1.666251043632033
100.0 2.522219452400206
100.5 0.7133849983476452
101.0 2.657557038150284
101.5 2.7638612318489164
102.0 3.680807314014158
102.5 2.967395919609955
103.0 3.8050508227578286
103.5 0.6228481499174681
104.0 3.4520263373462168
104.5 4.615799342263497
105.0 0.2
105.5 4.266878553006386
106.0 11.108750906549517
106.5 4.443711297292784
107.0 8.402850170724244
107.5 5.912217064236709
108.0 2.77927923691208
108.5 5.613133718053701
109.0 4.498615797312411
109.5 4.096434126020676
110.0 4.63247716849653
110.5 0.2
111.0 4.496790854812403
111.5 6.406247809942427
112.0 2.840904754238816
112.5 4.576701806304383
113.0 3.8631413610809764
113.5 0.2
114.0 3.675826314928023
114.5 3.493452326193766
115.0 7.475105998846978
115.5 5.135230150915177
116.0 5.203656087000519
116.5 4.604294264615794
117.0 3.551479572665319
117.5 4.059370602600769
118.0 7.062879006056203
118.5 0.6996052569685993
119.0 0.7470559928797549
119.5 0.2
120.0 2.8289908402118575
120.5 3.379121887236327
121.0 3.8123570796308535
121.5 3.9977826497006035
122.0 5.850371254242726
122.5 4.47857280766162
123.0 4.070526111146294
123.5 1.0833976893392432
124.0 3.2815991001615634
124.5 4.506737743503983
125.0 5.085482218542891
125.5 4.630118794500781
126.0 1.20023807560032
126.5 0.2
127.0 4.263359282937416
127.5 4.265202180205783
128.0 2.511926834130846
128.5 1.6061082058610252
129.0 3.234944507057933
129.5 1.218779100929154
130.0 2.535399733579585
130.5 2.8806272600085556
131.0 2.8876439117596684
131.5 2.1392957790929907
132.0 1.9273714585964425
132.5 2.8732857082267973
133.0 0.730892874831836
133.5 1.5820321154124328
134.0 4.276509589534495
134.5 2.9010899589572077
135.0 2.3616831654297292
135.5 1.1212044455499344
136.0 2.1028563761921615
136.5 1.461130523239389
137.0 4.854949878991424
137.5 3.8323896974392935
138.0 1.1370356477986325
138.5 2.194782965735989
139.0 1.9626319108322634
139.5 1.8667468209837126
140.0 1.9294976213198098
140.5 1.784452867624466
141.0 0.8412982314322615
141.5 0.8250760726807926
142.0 5.157471067258569
142.5 2.4568256759343114
143.0 5.648413990591428
143.5 2.202047971889755
144.0 4.978818171450897
144.5 2.124805829929943
145.0 3.0723605078244014
145.5 4.232666074239477
146.0 6.620577791477761
146.5 2.747228978229658
147.0 2.3771097906030825
147.5 1.6969045599383044
148.0 2.1220803671486332
148.5 4.9004585754812675
149.0 4.736876044640716
149.5 2.8946071581353063
150.0 2.515817387117752
150.5 4.28519945030601
151.0 2.674943664794146
151.5 5.1302537532237125
152.0 5.81695901111693
152.5 0.4014644792361186
153.0 4.02219089230452
153.5 7.067905360108885
154.0 2.6594809556148564
154.5 5.1592928026191895
155.0 1.3407546064214229
155.5 8.20487279014464
156.0 3.832914189639129
156.5 2.1796231913494437
157.0 8.886953033676654
157.5 2.959470735562116
158.0 3.832737488740174
158.5 5.85472349969537
159.0 3.6196099785201197
159.5 4.520516008863799
160.0 4.025101560552591
160.5 3.192090058741363
161.0 6.808945396052034
161.5 4.1372559149089
162.0 5.238189414610829
162.5 2.4297151026753605
163.0 7.670331553800686
163.5 1.612009937879673
164.0 7.962442161539966
164.5 7.008601853116388
165.0 3.250377531989431
165.5 7.538856142745329
166.0 1.662205364986579
166.5 4.9333005492140405
167.0 0.9523262480545722
167.5 4.511642442011374
168.0 3.355768708416686
168.5 3.7655773638644234
169.0 0.5974931905183913
169.5 9.052587588588004
170.0 4.78062897508747
170.5 9.261553257843929
171.0 7.674579718591094
171.5 0.2
172.0 2.6752992232918107
172.5 6.074218366419895
173.0 2.5716842786153657
173.5 5.07637677999328
174.0 1.9921336211966842
174.5 1.6095630475234013
175.0 3.900508927322757
175.5 6.5472721900527855
176.0 3.6523378983679975
176.5 3.5478798343115687
177.0 2.6612367220920294
177.5 5.062901231866736
178.0 3.415861441058209
178.5 2.71799082433365
179.0 1.8882025404766056
179.5 3.811664498772319
180.0 2.58442458911614
180.5 1.8320356693130335
181.0 5.2194544653503705
181.5 1.6116500057908403
182.0 0.7529570583491205
182.5 2.263498431532252
183.0 4.988351744056374
183.5 1.8744374268306783
184.0 3.0725252443127253
184.5 4.405162998832095
185.0 4.885942317582144
185.5 2.4150100948311692
186.0 0.2
186.5 1.202180982225099
187.0 0.482354498667092
187.5 3.978602253589369
188.0 3.4926467672632606
188.5 2.0533343669047652
189.0 0.2
189.5 3.865312998941395
190.0 2.976286928844473
190.5 4.583177973782599
191.0 5.585231783412698
191.5 2.941735468419818
192.0 6.29124521895297
192.5 2.9387028682197602
193.0 2.8318094689931037
193.5 4.011014455823672
194.0 4.65852241962218
194.5 3.7834858076061044
195.0 5.29428485485633
195.5 3.5838208778186464
196.0 1.6297266169992821
196.5 2.6337735465237113
197.0 4.989922103056955
197.5 4.395138348005688
198.0 2.746618433999538
198.5 2.945323936800513
199.0 2.8046928409262524
199.5 2.6469090822849273
200.0 2.027176661696887
200.5 3.4261939526119396
201.0 2.879531622493491
201.5 0.3274425687901821
202.0 5.361681119246729
202.5 4.567452659692389
203.0 3.667695285046048
203.5 3.214593184451113
204.0 9.578703150992276
204.5 7.075999834414107
205.0 0.3141770956486649
205.5 0.2
206.0 2.4112403304017587
206.5 1.4235997227851391
207.0 5.631722417588124
207.5 4.053352525251658
208.0 4.269665107849525
208.5 7.403287852510397
209.0 5.285006316373405
209.5 3.0613566520840427
210.0 4.444719947854309
210.5 3.543544287545338
211.0 5.646135875146932
211.5 1.6437348914379122
212.0 1.5196227148090586
212.5 1.9840071294265709
213.0 4.804484690047806
213.5 3.3753704384257563
214.0 7.50770679185219
214.5 4.538871039615123
215.0 4.453077683758744
215.5 3.0789957342624183
216.0 6.593523099892807
216.5 6.208994316477831
217.0 5.49887558796232
217.5 3.3099227472059565
218.0 3.5389529504373756
218.5 5.908971706619912
219.0 4.46787524084497
219.5 3.66215756564292
220.0 5.670905644207278
220.5 8.30777448980714
221.0 6.492993228711143
221.5 5.829362185929346
222.0 3.16106941099715
222.5 1.8647211242754884
223.0 2.7866852156857043
223.5 4.549559608332151
224.0 3.9803334049513666
224.5 3.393379975901469
225.0 3.1344218363365206
225.5 5.725366952420708
226.0 6.73721634745576
226.5 4.2823768768404875
227.0 7.859611087379523
227.5 1.7530413947301744
228.0 6.993381997324716
228.5 3.77693655574961
229.0 2.243871630170678
229.5 4.199410080356337
230.0 1.0897592014705335
230.5 4.528905135674294
231.0 0.9473466321069073
231.5 6.368213716361716
232.0 1.5968971517129842
232.5 5.098160953576187
233.0 0.7254331704368386
233.5 6.159026854813556
234.0 5.881319110478499
234.5 5.411842237927093
235.0 5.096375495015399
235.5 2.3884439702034674
236.0 8.331387684889426
236.5 2.6567231262479143
237.0 5.701943575850579
237.5 2.9241118352691524
238.0 9.02790295364372
238.5 2.4976404191590555
239.0 3.012177408405904
239.5 5.069425558486883
240.0 2.7130728466275524
240.5 0.5330926165295975
241.0 7.425562263800716
241.5 0.2
242.0 7.4191496989436265
242.5 6.180170886789801
243.0 2.2674171412813373
243.5 2.988955723155165
244.0 1.107455942117452
244.5 7.921712590904892
245.0 3.89074240614994
245.5 6.319639562843285
246.0 1.8980163465203108
246.5 5.256292904923903
247.0 2.7124931710682167
247.5 3.6083888112276874
248.0 5.318465541841707
248.5 5.612578321590847
249.0 5.131285372044718
249.5 5.778039705198687
250.0 4.893385458505528
250.5 8.911330137056751
251.0 1.9018713204173654
251.5 3.515202853477609
252.0 5.951649331932485
252.5 3.7673223172268244
253.0 3.004235464300455
253.5 1.0054618971555362
254.0 3.8832342277275904
254.5 1.9670371779804272
255.0 2.7048306792546066
255.5 3.167477218812917
256.0 1.5773379150541718
256.5 5.1616168686013175
257.0 3.2881404565795602
257.5 3.4543043395326682
258.0 2.8050621089636425
258.5 3.812931810316819
259.0 2.6430123309602336
259.5 1.4102557859198157
260.0 1.3111533654423073
260.5 5.8543668154652115
261.0 4.240300383134249
261.5 3.7206314304093455
262.0 3.0345282024378712
262.5 4.294379524220574
263.0 0.3772724867857806
263.5 2.9971632329245232
264.0 2.4561711854805095
264.5 0.2
265.0 3.7921643133397547
265.5 3.2871313828951396
266.0 1.6110659770390794
266.5 4.1641613691614845
267.0 4.106471367616031
267.5 0.2657801864727518
268.0 1.9970705374731237
268.5 7.292213212745981
269.0 6.795683338168546
269.5 2.9246806870609925
270.0 2.1833515863336315
270.5 0.6381674644708304
271.0 1.5967492753671115
271.5 3.1480172208971346
272.0 2.5539687631080623
272.5 3.7315775480298874
273.0 5.0578968351905385
273.5 5.748601673558795
274.0 3.4102961151673843
274.5 6.752704804881851
275.0 6.704731235755501
275.5 2.3789037102838564
276.0 4.176187899411006
276.5 2.7272831181060644
277.0 4.670049716630212
277.5 0.9188035820624751
278.0 5.327425285301054
278.5 4.391878569981431
279.0 3.413543458513891
279.5 3.2991742274000773
280.0 2.569092293693388
280.5 1.7177028019201435
281.0 1.707993410601357
281.5 0.9773456297668286
282.0 3.1870897949297436
282.5 2.770238342075121
283.0 2.764102018827737
283.5 0.7508200602557387
284.0 7.359268663496874
284.5 0.2
285.0 0.2
285.5 2.0561999657763534
286.0 6.152509985473338
286.5 4.190161816566635
287.0 5.411249477412448
287.5 4.787440661161008
288.0 2.949327002010926
288.5 3.1136655707784016
289.0 0.8035353435228787
289.5 4.775030930284625
290.0 6.487916124206308
290.5 1.0746400167508394
291.0 0.5524919969932554
291.5 0.4515786772672201
292.0 2.4690166682424586
292.5 2.6597306118416673
293.0 2.0026484157580895
293.5 4.679848378598824
294.0 2.316949675463089
294.5 2.5767033458953255
295.0 3.1753226250537203
295.5 0.24312406444096313
296.0 3.1244752319399467
296.5 2.3768373462163517
297.0 1.5271403937284378
297.5 3.131501020463977
298.0 2.558539420523636
298.5 3.052254312236649
299.0 5.350599358689566
299.5 3.783466181816742
300.0 1.1471693079780387
300.5 2.8816765122616443
301.0 1.8659685588319201
301.5 0.2
302.0 3.0971247841174803
302.5 3.396013881930146
303.0 2.8880600346584737
303.5 0.8273194144869287
304.0 1.6561849918999654
304.5 2.56708431896929
305.0 1.0015854661345744
305.5 2.872186252416407
306.0 3.747304524287336
306.5 2.48088780202321
307.0 3.8176714147317776
307.5 2.154584219801646
308.0 1.8927707176277702
308.5 3.299201809888306
309.0 1.5863577560757087
309.5 2.6687830431645745
310.0 4.587193927882304
310.5 3.540273382054371
311.0 2.1558573206248495
311.5 3.2922747784696744
312.0 0.2
312.5 4.350774637224476
313.0 4.900047982174694
313.5 4.965951920329719
314.0 2.715494587510272
314.5 0.2
315.0 2.621004766945229
315.5 1.0203976600756088
316.0 4.91491586919934
316.5 3.951627094889563
317.0 1.7269709115755343
317.5 4.68399104458365
318.0 5.747885658031093
318.5 1.9931493333867296
319.0 0.2
319.5 5.22097158794344
320.0 5.313452115302661
320.5 4.726018193257841
321.0 4.271298123861886
321.5 1.902875328251942
322.0 4.565208727115851
322.5 3.4054565485390107
323.0 3.7033952470200884
323.5 5.609260849001713
324.0 6.4851532692746625
324.5 5.266411490120469
325.0 2.6428714811299177
325.5 4.76701795260411
326.0 3.2340028905609888
326.5 0.5434730690795639
327.0 9.439603954817724
327.5 7.121009022985647
328.0 4.535393599715451
328.5 0.2
329.0 1.5482372854325148
329.5 1.8299415791380276
330.0 4.853893245396235
330.5 8.975682402628664
331.0 3.126398250728914
331.5 4.416981121942214
332.0 5.917056458652553
332.5 1.588811532291194
333.0 5.106235339866231
333.5 3.497513001842087
334.0 6.355321546022891
334.5 3.95905450972641
335.0 2.4033882145991323
335.5 3.3702691391313477
336.0 2.543192285351717
336.5 6.269880273059557
337.0 8.268484846022991
337.5 4.908907029911419
338.0 3.8193142968507305
338.5 11.721327979441758
339.0 3.9126606362501297
339.5 9.818895569728934
340.0 8.50448846491466
340.5 7.002641729781153
341.0 5.813258281776403
341.5 7.686608959925151
342.0 4.481933213679557
342.5 6.233994297200386
343.0 2.0233744025804725
343.5 2.8964200329951373
344.0 4.100204929642752
344.5 6.011970751615847
345.0 7.524395299838382
345.5 0.2
346.0 7.852992574532282
346.5 2.565667348285938
347.0 5.7565619566915
347.5 2.410204625276285
348.0 7.214157663495954
348.5 6.195297431384983
349.0 6.971561275145847
349.5 7.539347313578622
350.0 4.5505376063276
350.5 4.857241046306091
351.0 2.3505908859981313
351.5 2.0436225253920877
352.0 5.240542512956683
352.5 4.201732594700271
353.0 2.922359360116033
353.5 3.218368749735485
354.0 5.540781593489665
354.5 7.910688053487304
355.0 3.9248631695046656
355.5 3.3704006457498794
356.0 3.8151106961617463
356.5 6.109696166358256
357.0 3.4059058663567696
357.5 3.515440051589587
358.0 4.488924257229113
358.5 4.733211093476208
359.0 6.277368808902793
359.5 4.661317822566371
360.0 4.257763133109785
360.5 5.53039635111373
361.0 2.2864687997297812
361.5 3.1378748603769657
362.0 5.518558471926017
362.5 2.2845085378694074
363.0 0.42467392571190743
363.5 1.8659795329166144
364.0 2.2394404647722768
364.5 1.1248747956277656
365.0 0.3076976567341352
365.5 2.1481207927778705
366.0 0.2
366.5 4.940073848506385
367.0 1.4394795857366587
367.5 6.61060792219522
368.0 2.758443871317635
368.5 3.2679729873345362
369.0 2.0744447849009866
369.5 2.126300295516503
370.0 4.330081487276781
370.5 6.0390900677388855
371.0 3.0428041763232274
371.5 6.524195655043652
372.0 4.472114608138957
372.5 1.8561231354614105
373.0 4.975931844801347
373.5 3.4626017360364583
374.0 1.6097068118522473
374.5 2.95750134563293
375.0 6.155745376379352
375.5 1.626587809981289
376.0 5.631371025414683
376.5 5.204241073362833
377.0 4.535068536067552
377.5 3.0094197613683447
378.0 4.184520498126342
378.5 0.35617783842758666
379.0 0.5480207198329556
379.5 4.645775298862958
380.0 3.7238816702451896
380.5 4.126326230951403
381.0 3.0692271298532505
381.5 3.6972906037787467
382.0 3.603505362310706
382.5 4.995828324669663
383.0 6.028905126082224
383.5 3.2785756460316606
384.0 1.56161083549233
384.5 1.641304053517023
385.0 5.353561026025369
385.5 5.90786539847373
386.0 3.434208721455034
386.5 3.5999868840802627
387.0 3.7903060987646717
387.5 4.311406845388888
388.0 0.665796221203792
388.5 1.5071131389300014
389.0 2.1594874550696948
389.5 2.638314954820694
390.0 4.0753239445887415
390.5 3.502402919701303
391.0 2.1988256435818876
391.5 7.458750554845533
392.0 2.985438203897837
392.5 1.1020443256137824
393.0 4.910543689566467
393.5 2.097921650273727
394.0 4.338681078873769
394.5 2.727281854286314
395.0 2.8274616062710893
395.5 6.434726200736224
396.0 6.8021867414975965
396.5 0.4559212517452589
397.0 4.244417027726683
397.5 3.090523501446064
398.0 4.779252170408829
398.5 3.8416107971192464
399.0 2.2693787958854745
399.5 3.604140399524482
400.0 2.427988900324112
400.5 3.5815879464893827
401.0 6.537620737884811
401.5 5.398077406138764
402.0 5.610724336334798
402.5 2.50857329512612
403.0 4.725482690700587
403.5 6.059327957029478
404.0 2.0317978807930297
404.5 2.8514294487650123
405.0 5.314334273626284
405.5 2.4026518352988573
406.0 4.55052789164426
406.5 3.5506701024348586
407.0 7.87619287172965
407.5 1.516580588465509
408.0 5.828394112130101
408.5 1.6051076137506501
409.0 5.044364837984285
409.5 4.571179624570107
410.0 3.0818179549721427
410.5 3.624801305237295
411.0 3.303340230095787
411.5 4.7255796716496175
412.0 0.40858959673236406
412.5 0.7349152095381402
413.0 1.9378183861638794
413.5 4.3094722709603595
414.0 2.4388010174667443
414.5 1.4130763982825911
415.0 5.816745557330145
415.5 4.475724986731738
416.0 4.674292084983773
416.5 6.4213777241065335
417.0 3.992732521671795
417.5 3.882361161870451
418.0 6.075582035149863
418.5 4.4387042847478035
419.0 1.4178935337105818
419.5 0.7784930059061264
420.0 2.7994341820944526
420.5 2.3604723446006277
421.0 6.156024397482528
421.5 2.609286296028041
422.0 2.4670742813746402
422.5 0.908018606534732
423.0 3.378091661814648
423.5 1.130891192778658
424.0 0.27972086616084635
424.5 3.8653872502888396
425.0 5.212986307915495
425.5 3.631563141128057
426.0 5.718995507960432
426.5 6.457710426977513
427.0 4.024960918243072
427.5 7.768042683491256
428.0 1.2765628766953059
428.5 5.453628512169129
429.0 4.8054687579605755
429.5 3.096773863199308
430.0 2.472763644790483
430.5 6.0221036486400195
431.0 6.460249187032541
431.5 3.9824444237073777
432.0 5.427945579781989
432.5 5.4491877325128915
433.0 2.642016211079393
433.5 1.4492377062151802
434.0 5.034197960747526
434.5 3.645946045103858
435.0 5.335368395507862
435.5 1.9880308815496512
436.0 3.478035284232904
436.5 4.3407740508980215
437.0 0.2
437.5 1.115041124009835
438.0 1.7463892541364903
438.5 3.439367794667076
439.0 3.9411247730339256
439.5 3.717251770995847
440.0 5.58721394117779
440.5 3.0701964750695585
441.0 4.700096632510428
441.5 0.5033438637369221
442.0 6.509137454007677
442.5 2.777003744428276
443.0 3.6667269764204695
443.5 2.9201980825706677
444.0 0.2
444.5 4.463451457312156
445.0 5.707080602358954
445.5 3.013059545364965
446.0 2.8957119276038386
446.5 1.5174090821582173
447.0 3.8382830514226867
447.5 7.051864579657888
448.0 4.611144039721163
448.5 4.828717397810714
449.0 3.276875688570119
449.5 3.7465095840473954
450.0 1.1539391649367596
450.5 2.1908682433099917
451.0 3.1844953819278397
451.5 2.723727453442925
452.0 3.9000882837099957
452.5 0.2
453.0 6.661326397823869
453.5 2.605423647664093
454.0 3.1021424903180863
454.5 2.8398992651420407
455.0 2.945954568096149
455.5 4.436234888025994
456.0 5.041557115458071
456.5 0.7509573943443324
457.0 4.109934189933642
457.5 2.7647438169780907
458.0 5.497881351445342
458.5 4.454623699237116
459.0 8.148679620841808
459.5 5.291314145346012
460.0 2.7618507109671016
460.5 2.1762919985192015
461.0 6.131741960563481
461.5 5.870571311405321
462.0 4.795429329945067
462.5 2.758085262217312
463.0 3.509158475617642
463.5 1.754535171893108
464.0 3.413398017885824
464.5 1.7404907664256286
465.0 4.013842185205519
465.5 4.935862109064577
466.0 3.342856581865826
466.5 6.8196125488136445
467.0 2.9257959106198275
467.5 3.718316583802177
468.0 5.1200489657839565
468.5 3.316038148342304
469.0 3.4185894688577756
469.5 2.535945627133607
470.0 2.6983563351963
470.5 4.220799214154586
471.0 6.899570391242613
471.5 4.417749126728799
472.0 6.753762840057865
472.5 3.137764605384621
473.0 7.613862411632469
473.5 3.670076904622416
474.0 2.70078614088651
474.5 4.939329044210619
475.0 5.058069427048464
475.5 6.387641797356629
476.0 7.166960574904625
476.5 4.430472336582088
477.0 6.6311576214404395
477.5 3.3271968321974157
478.0 4.323233529900527
478.5 3.19074149565365
479.0 5.617789726151662
479.5 5.586564800700527
480.0 4.153406064852062
480.5 5.713627933098075
481.0 7.166094283616845
481.5 1.346301951406747
482.0 3.56816231864074
482.5 3.6853480958503364
483.0 3.8154381940190905
483.5 4.9698206416273365
484.0 4.176871713764591
484.5 1.9704763885579215
485.0 0.8318494851116927
485.5 4.366685515169992
486.0 0.2
486.5 1.5576969253989599
487.0 1.6439474462981873
487.5 3.302339259105673
488.0 3.0549451277646225
488.5 0.7273735649230924
489.0 3.2480317483313996
489.5 2.5754705331033456
490.0 2.7591835453943214
490.5 3.4423530592342533
491.0 1.562176049278177
491.5 1.97190758960098
492.0 2.034667982756678
492.5 2.6346707843039585
493.0 5.651874969333644
493.5 5.168125226681472
494.0 4.812789007972661
494.5 2.5622303639805626
495.0 8.58580264282056
495.5 3.9982142563004155
496.0 3.8735278902774253
496.5 3.87131426388395
497.0 2.495304254423255
497.5 1.8621088512920712
498.0 2.9265670715271406
498.5 4.27934000236727
499.0 0.2
499.5 4.964283506075349
500.0 3.0187920454559833
500.5 1.5372623356248685
501.0 4.851932787630916
501.5 2.9036220691207983
502.0 2.076602700143088
502.5 5.117147516033485
503.0 1.444749362045171
503.5 6.935266155248767
504.0 2.048439903190257
504.5 2.7817072372296487
505.0 2.455144954085763
505.5 2.0695781966265927
506.0 1.0187672966302503
506.5 2.6275845543348915
507.0 0.9316664692093979
507.5 2.492533046953035
508.0 2.6937389792009316
508.5 2.0162541457060326
509.0 2.5417050366999896
509.5 0.2
510.0 3.7419525331853585
510.5 1.5414208866990966
511.0 3.11237554495413
511.5 3.689180243727
512.0 2.894906718628615
512.5 3.5882331024309746
513.0 2.78509888522757
513.5 1.9237414013038254
514.0 0.6720156322045026
514.5 4.100667084261684
515.0 1.360108115756823
515.5 2.8822902939753554
516.0 2.2753407882816914
516.5 4.759971093255358
517.0 1.6409442843650655
517.5 2.7625914805612686
518.0 1.8768725727428084
518.5 3.445619564977628
519.0 1.2055042099774202
519.5 2.1112030519330163
520.0 1.4571943385203678
520.5 2.865850338728915
521.0 1.2398075533598312
521.5 2.144681476369442
522.0 1.0425895586220197
522.5 3.093731509121563
523.0 1.3952968792405207
523.5 5.190409690247273
524.0 3.898570168834955
524.5 1.5818360592021459
525.0 4.469105762919932
525.5 1.9411286356083526
526.0 8.194754451970784
526.5 2.1853029998693088
527.0 3.4088898727765247
527.5 3.6714316739005017
528.0 0.7420531721346806
528.5 3.957280295341071
529.0 2.3255330130967753
529.5 6.007335155009185
530.0 0.7172632455448888
530.5 2.1424571809414905
531.0 4.1370595665252825
531.5 4.106271022728906
532.0 1.3261975341508294
532.5 8.059194450029151
533.0 3.9080341580183138
533.5 3.1371049319406734
534.0 4.976202150699345
534.5 3.8337971646506626
535.0 1.7878436811300302
535.5 5.75356815285852
536.0 6.351080125614635
536.5 5.565121143213037
537.0 2.8645440838769702
537.5 1.8773440587556172
538.0 3.2994708987019403
538.5 4.406834771819869
539.0 4.005426475939213
539.5 2.3314086754745356
540.0 7.065897400058754
540.5 5.297992730831196
541.0 1.4557969316085178
541.5 6.3903432284245785
542.0 6.853276385821982
542.5 2.4326323282884124
543.0 6.665886235705249
543.5 7.341045132292958
544.0 4.403265043904586
544.5 4.29053684643814
545.0 4.881889713232971
545.5 7.166380049917862
546.0 3.364277417137106
546.5 4.53407359370811
547.0 3.1857581239875774
547.5 4.742839865740172
548.0 2.8875991296877337
548.5 3.3985741570566343
549.0 4.8093933318660484
549.5 2.1419366151190538
550.0 1.129626764573092
550.5 4.422416967100346
551.0 6.656967530059151
551.5 4.818555260244085
552.0 9.118426897817177
552.5 1.6145750919060946
553.0 7.669815382658328
553.5 4.308569203098191
554.0 3.053905273606923
554.5 4.013894432739855
555.0 3.371058865245116
555.5 3.1215405660732025
556.0 2.6758051952467077
556.5 3.003178381588104
557.0 4.791393870618343
557.5 3.978176951598429
558.0 4.291364898419124
558.5 5.913098547624043
559.0 3.9825371375139085
559.5 3.6089244580590556
560.0 0.9992958787644239
560.5 2.53016484399565
561.0 1.4497939542798297
561.5 2.5419281577972703
562.0 2.825185661495288
562.5 2.9221361787827207
563.0 3.239842692155101
563.5 3.4318595832716086
564.0 2.2731156847985146
564.5 2.7447233743150927
565.0 4.597428140294738
565.5 3.371262461316232
566.0 0.8358217609946568
566.5 4.79588018307059
567.0 4.280406882187543
567.5 1.7233507931069805
568.0 4.425478495982419
568.5 6.74575525120218
569.0 3.5593110376422485
569.5 4.258154349056822
570.0 4.560395078321031
570.5 1.18206672422744
571.0 3.4592383827730258
571.5 5.085868747200539
572.0 4.69953676161663
572.5 5.078721071981095
573.0 1.4132780213045648
573.5 3.1320025938590854
574.0 3.482403164128447
574.5 6.158197059724781
575.0 2.8999986980493464
575.5 3.7234243662546094
576.0 4.6284320710866735
576.5 2.766004962157893
577.0 1.8534848773793804
577.5 1.7021459514177237
578.0 4.517476236770544
578.5 2.243022490754506
579.0 0.24097225463741445
579.5 5.576730272349684
580.0 2.561747834606202
580.5 3.0566137821629065
581.0 4.089500687760305
581.5 1.5360192633520267
582.0 2.2382983966932386
582.5 5.3945357201435495
583.0 0.7273349638593034
583.5 2.142473332991027
584.0 3.900849174735056
584.5 6.3079837570859665
585.0 7.3083537276295605
585.5 4.337223086551313
586.0 2.09897393995156
586.5 5.213354760244341
587.0 3.4508052823717255
587.5 4.6827901698696826
588.0 1.9490771036886971
588.5 3.04961178008825
589.0 2.362906731864504
589.5 2.4913913082092667
590.0 2.492736066439739
590.5 5.575506703083353
591.0 3.083898614116709
591.5 3.4716752199096543
592.0 4.393047891302742
592.5 6.111547837692819
593.0 4.975367635158858
593.5 0.7609267735586127
594.0 4.165001165375758
594.5 8.454898607670792
595.0 8.094914713096003
595.5 3.5394019581521245
596.0 3.0701253447768413
596.5 8.506558274123938
597.0 5.5507368833094635
597.5 4.087104065465572
598.0 5.058081880674758
598.5 0.2
599.0 1.1666114384197983
599.5 5.436155113925247
600.0 2.1390554963176216
600.5 0.9990230109751237
601.0 5.304081318132459
601.5 2.822667898103367
602.0 3.946523975263543
602.5 2.278287957260145
603.0 4.9080918457654406
603.5 2.4877912167740908
604.0 3.9885352265015555
604.5 5.644077528771282
605.0 3.0864953006071953
605.5 1.2457274324918126
606.0 0.2937850118984944
606.5 3.0266429860751476
607.0 4.951712484324722
607.5 1.1168398306328655
608.0 2.7729033759931045
608.5 2.5554095104317915
609.0 1.9049585662487767
609.5 2.722390953858201
610.0 1.2050343076644503
610.5 3.326324974341583
611.0 4.437423319237224
611.5 2.698816029269106
612.0 2.142406360089997
612.5 2.731642887900388
613.0 2.438499950706092
613.5 1.7258230674176116
614.0 2.561034607372448
614.5 3.621020634271457
615.0 1.614938295946407
615.5 1.4171490693749629
616.0 2.030698266544528
616.5 2.040794654378537
617.0 1.7434159179116846
617.5 4.254835801465081
618.0 2.0440670331828947
618.5 2.6733394380335556
619.0 2.628590861943418
619.5 2.581895128148174
620.0 4.006492026135959
620.5 0.9212191497274957
621.0 2.1851088287790974
621.5 1.7000282955593657
622.0 4.391270223026249
622.5 0.2
623.0 2.9071176959154523
623.5 1.6576895148029236
624.0 1.9520170456822261
624.5 3.3102152471290607
625.0 4.168736325412869
625.5 1.2214083649601857
626.0 2.5753823699292964
626.5 2.6530843964677766
627.0 3.018258832340345
627.5 1.2616061440910917
628.0 3.5643802663593123
628.5 4.640974571071354
629.0 1.5414354302711994
629.5 0.5070152990910808
630.0 3.8188023630047887
630.5 3.288387759876352
631.0 4.756115291152259
631.5 3.784251902948016
632.0 3.358673685438271
632.5 3.3058267608973737
633.0 2.3651663092863364
633.5 2.6182921879194967
634.0 2.257307135187152
634.5 3.095484346572179
635.0 4.40922185972342
635.5 2.9811581706798336
636.0 5.00431900307328
636.5 2.4476732933589425
637.0 5.660505276378765
637.5 3.5834362893278455
638.0 4.954281161719555
638.5 3.498830305566875
639.0 5.582811687531297
639.5 1.115317893419122
640.0 2.00242119476833
640.5 4.915786086317599
641.0 0.9188024290210168
641.5 3.8245996413191676
642.0 3.8826770042233822
642.5 0.5680301556298151
643.0 2.9622810097051637
643.5 2.8781300233109803
644.0 3.5225099629861845
644.5 3.16008470843513
645.0 2.5776701030702642
645.5 3.0788799037779686
646.0 5.51276042278127
646.5 4.464605957545352
647.0 0.2
647.5 2.592373225929004
648.0 2.1702989522896496
648.5 3.0801021543424705
649.0 2.9654455469283665
649.5 1.9049621222004265
650.0 2.444721516924017
650.5 6.118222449360414
651.0 2.2204440733341846
651.5 2.7011263371345833
652.0 1.434072422621435
652.5 3.1639609036565033
653.0 4.108400069644794
653.5 3.153174721097946
654.0 3.9695063791673393
654.5 3.995532633203662
655.0 1.921173535365595
655.5 5.0117728147720495
656.0 2.725087088493807
656.5 2.808710895572802
657.0 1.863278812193407
657.5 3.761537898663571
658.0 0.8730097846992351
658.5 1.8613451017246048
659.0 2.7372617860353587
659.5 4.555418092559739
660.0 2.0122593375523423
660.5 1.398294615414622
661.0 2.4123695099959113
661.5 4.7960421950818635
662.0 5.350556992480179
662.5 2.0976807372086057
663.0 3.3398445955804927
663.5 4.270275199687816
664.0 1.9104092647993647
664.5 0.7544837163507967
665.0 8.119029760095346
665.5 7.89220096791386
666.0 5.948147403095048
666.5 2.3317596315848585
667.0 4.194078446463615
667.5 6.355531690724675
668.0 5.276754170028694
668.5 8.07092221474457
669.0 4.1405454389018015
669.5 8.630148088732888
670.0 3.444119889445622
670.5 1.6166570057428862
671.0 4.237611010886579
671.5 2.8885142637827923
672.0 2.7152710996453595
672.5 0.44902829980649317
673.0 8.041315312906148
673.5 2.6876873380867985
674.0 4.806340580485589
674.5 1.7499858512684634
675.0 2.3990837119859743
675.5 1.2475200557873425
676.0 8.569054647958806
676.5 8.394871255483556
677.0 1.1788671065845309
677.5 2.3428567580213047
678.0 5.329772845573694
678.5 7.113890402959977
679.0 6.2554004597638
679.5 2.9336335806281113
680.0 2.365317869051802
680.5 5.482761757104436
681.0 6.003982237986067
681.5 0.32898334738278656
682.0 2.4962884717615506
682.5 5.352464421661738
683.0 6.1681128399706395
683.5 3.7274484784784594
684.0 4.32061511112649
684.5 6.109511416686536
685.0 2.5337593643636724
685.5 3.712071282126479
686.0 3.474168100241103
686.5 2.788639092054395
687.0 7.353776521267112
687.5 4.22349985049001
688.0 0.6209149680861743
688.5 3.832341599182614
689.0 1.2492323427309286
689.5 3.654429879762513
690.0 4.10186278325732
690.5 4.677529458229382
691.0 1.80574866312223
691.5 2.5095577511497913
692.0 9.141029266712717
692.5 4.3620299122951325
693.0 6.544443945312785
693.5 6.551644343913933
694.0 4.270315634643068
694.5 0.32276230430561803
695.0 6.319444749674501
695.5 3.404374577600435
696.0 5.9817176544952755
696.5 2.3560166080045195
697.0 5.163118595024075
697.5 7.254148339011245
698.0 2.4350087290168427
698.5 3.6600673851303513
699.0 5.136701812965855
699.5 4.70893856481557
700.0 6.850552329419244
700.5 4.930488262285268
701.0 2.8375797459124206
701.5 3.6767037402401836
702.0 1.9655505907810848
702.5 5.503591479117091
703.0 9.386546834266788
703.5 2.908328616170725
704.0 7.311258253533973
704.5 8.915213550610584
705.0 7.030810270889931
705.5 5.632452610705261
706.0 1.8361464024756753
706.5 3.058946005634427
707.0 3.6379022254025406
707.5 1.0159076809939767
708.0 5.476131065540826
708.5 6.0343331331987295
709.0 4.3078208004400835
709.5 6.2593714115715375
710.0 3.2563168983629724
710.5 4.680082032162697
711.0 3.788693206435862
711.5 0.3063365183678117
712.0 0.2
712.5 4.679486343017018
713.0 5.805729086256496
713.5 6.695497356030798
714.0 5.47483228621069
714.5 5.570360131145254
715.0 8.313368989841575
715.5 7.827585059704018
716.0 5.97754394954787
716.5 2.719001212245983
717.0 3.002450775141221
717.5 0.2
718.0 5.525188460657512
718.5 0.6090847156555119
719.0 7.557172789501257
719.5 3.4403649139966244
720.0 3.9380963716860755
720.5 4.853997621214466
721.0 3.6945543057624057
721.5 2.657024020661696
722.0 2.481679823893657
722.5 3.2274906574821527
723.0 2.201472665226035
723.5 0.40622919643747
724.0 5.722144630543132
724.5 2.931146749069296
725.0 2.640057107813011
725.5 0.2
726.0 1.1532673442356858
726.5 4.049163638913847
727.0 4.499773445118526
727.5 1.856183069925336
728.0 2.2515392836609696
728.5 4.9297875262666775
729.0 3.8747558865815215
729.5 4.603395441089162
730.0 3.6128416758564517
730.5 1.2096886370320412
731.0 7.635931179098151
731.5 3.6193551562975435
732.0 2.658900827555954
732.5 2.1422340233010173
733.0 4.801557234981795
733.5 3.0458260316861434
734.0 0.2
734.5 5.1299217033007505
735.0 4.734194625995179
735.5 3.87274131452751
736.0 5.286183989965631
736.5 1.1232420803610395
737.0 0.5590033735259472
737.5 5.393695003673453
738.0 6.493023488558665
738.5 6.44101077002533
739.0 4.886949843636712
739.5 7.435414698272504
740.0 3.3828631531882243
740.5 6.733646226333602
741.0 6.576298388860495
741.5 5.843956242995848
742.0 1.4641980566168167
742.5 4.080972695738211
743.0 3.0125302817266397
743.5 0.2
744.0 4.121063656300389
744.5 0.2
745.0 4.218595941437619
745.5 4.59498846249072
746.0 8.193129198868432
746.5 5.033278573581948
747.0 2.7154364989710453
747.5 3.7592658915915846
748.0 8.45716815390286
748.5 0.2
749.0 3.6573213910496984
749.5 3.7164063018834113
750.0 5.12399097963822
750.5 6.570895821537588
751.0 3.1847342913123358
751.5 1.4425455698297946
752.0 1.6877636213891853
752.5 3.436497971756688
753.0 4.512253597236484
753.5 3.273224279255946
754.0 3.0985064399396993
754.5 4.9950926280671855
755.0 0.2
755.5 3.5482380322657723
756.0 4.88985054188224
756.5 3.425230051711361
757.0 2.7251330531803313
757.5 5.654315511966862
758.0 7.293635896924588
758.5 4.032316661403611
759.0 4.207396369757976
759.5 5.6427672364917445
760.0 6.3646530306914
760.5 5.442727029639995
761.0 6.316013716908909
761.5 7.228284589268634
762.0 5.128880146494008
762.5 5.488381359240947
763.0 3.922175693681855
763.5 0.2
764.0 2.3240549536896515
764.5 2.505109654468863
765.0 2.5039285663394812
765.5 3.6106353353876095
766.0 0.42054896720465296
766.5 2.4454540907138838
767.0 7.093982383852074
767.5 1.0221020412668884
768.0 6.273687916799979
768.5 0.5787768813526224
769.0 1.4893936216552164
769.5 2.425607676291853
770.0 3.76247998776899
770.5 0.2
771.0 5.799505493943858
771.5 4.147002607079336
772.0 3.8819727249439784
772.5 5.209271293467522
773.0 6.207706838483231
773.5 4.3618916130151915
774.0 2.2564630513369934
774.5 4.843004425882616
775.0 3.914780828595611
775.5 5.72948830931324
776.0 3.955633472384053
776.5 3.0477020278817424
777.0 0.2
777.5 8.273900444246788
778.0 3.5684391841854337
778.5 6.007028153001288
779.0 1.8846155266274471
779.5 3.93084960033188
780.0 2.000390750876457
780.5 3.3407419385275365
781.0 3.0628393881901275
781.5 4.922576972457696
782.0 7.1994484519825015
782.5 6.4883835746862
783.0 3.495287152200434
783.5 3.1253010690620444
784.0 6.100753889281621
784.5 7.27882210352718
785.0 5.599155260690157
785.5 3.1462400514099285
786.0 4.119918472355013
786.5 3.0930850946912356
787.0 4.112497906234501
787.5 3.122718463349222
788.0 5.530448192982367
788.5 7.732794688657542
789.0 3.566350019244972
789.5 0.2
790.0 0.2
790.5 2.1760186057337805
791.0 4.23918015525631
791.5 0.2
792.0 4.5616106470025475
792.5 8.809271033852859
793.0 8.353422314980904
793.5 8.90820067078719
794.0 1.3087462194840414
794.5 3.809908400208707
795.0 1.688858093761774
795.5 5.477049250725424
796.0 3.3478632594224056
796.5 4.840556621260935
797.0 5.547986416090389
797.5 4.5025465212749936
798.0 4.865697744337077
798.5 7.710099929350596
799.0 0.9659282614911775
799.5 5.402231906798486
800.0 4.02217949583085
800.5 9.190017885709848
801.0 1.6995419937922578
801.5 2.2580075062214764
802.0 6.361004891080824
802.5 9.676226988218419
803.0 4.5039619467076495
803.5 2.5915890375173456
804.0 3.78736514835033
804.5 8.137430306463774
805.0 0.8375947743982501
805.5 3.472277353969368
806.0 3.492209551224246
806.5 3.031932641808994
807.0 1.1587761062329163
807.5 3.119180687929557
808.0 2.4935705480373236
808.5 4.4128179798665546
809.0 0.7808832890708863
809.5 1.888008043612439
810.0 1.3894204580274865
810.5 4.923902851175269
811.0 0.8041743992006942
811.5 2.0829352350476382
812.0 5.266336749689756
812.5 2.9407769705985483
813.0 1.6308489778888142
813.5 1.767812348824125
814.0 1.641524016849671
814.5 0.7702081100497218
815.0 1.9928162251215795
815.5 1.6574205189146827
816.0 3.3722035035283797
816.5 2.142842775151844
817.0 1.4504903167618433
817.5 3.6015799274390266
818.0 2.7990212523172158
818.5 4.423993872859459
819.0 2.6407017326404314
819.5 1.4738233491565127
820.0 2.4956737866148395
820.5 1.6561899095012391
821.0 2.2265305670145197
821.5 3.169126868811959
822.0 1.7766521286313164
822.5 2.4163566824780336
823.0 0.9915898388251756
823.5 2.096286352571408
824.0 4.447395901558284
824.5 2.146072871331864
825.0 2.203676457870433
825.5 3.5974410270481116
826.0 2.795777216675063
826.5 3.0096944707100803
827.0 3.461249752136881
827.5 0.2
828.0 0.9046103027464325
828.5 0.658412340243429
829.0 2.055648951116673
829.5 2.9223726523687246
830.0 2.427023327087916
830.5 0.6882752855842253
831.0 1.5866568723482217
831.5 3.519425667751956
832.0 2.1434159736966696
832.5 1.953705555432026
833.0 1.77751028811177
833.5 1.3778389272830656
834.0 3.387809828926673
834.5 3.2417557645628845
835.0 2.954869493531606
835.5 1.4635817715178119
836.0 1.0363061834454501
836.5 0.7080739617168124
837.0 2.115989273183359
837.5 1.7979257773005846
838.0 1.6613260170586601
838.5 2.750408805739058
839.0 0.4382136641553407
839.5 3.332789663817099
840.0 1.4614728234686454
840.5 1.9260852092371459
841.0 3.1941837192123175
841.5 4.3630939651373986
842.0 6.657598768161051
842.5 1.472687158098074
843.0 2.854593809273568
843.5 2.8744526548051073
844.0 2.704786731746974
844.5 5.008546137209971
845.0 3.5416497458314153
845.5 1.7712570167177026
846.0 3.7437503140070594
846.5 3.6467980146059995
847.0 3.1362566194143673
847.5 2.2315606114738147
848.0 0.2
848.5 5.678850506777017
849.0 2.342884568084963
849.5 2.115657916437439
850.0 0.2
850.5 2.7455174814629
851.0 3.863905296589325
851.5 3.823191491740454
852.0 3.334967134993674
852.5 2.7534841438742808
853.0 2.267788508270313
853.5 1.4913422327323727
854.0 2.917408857716901
854.5 0.394495011940478
855.0 3.048257509224914
855.5 2.8099158414974585
856.0 4.694884599864819
856.5 2.81180706401375
857.0 4.21150800176858
857.5 5.29239710914136
858.0 2.352363125622853
858.5 3.245574095606711
859.0 4.162506808136403
859.5 3.2515902746947702
860.0 1.4827149063609444
860.5 3.347650004942124
861.0 2.5008208365997975
861.5 3.337845990644085
862.0 0.7321486040732741
862.5 2.7820885038458094
863.0 4.902707889843205
863.5 2.520170376129747
864.0 2.2418632705674137
864.5 2.9223572805188778
865.0 1.5939038697469052
865.5 4.298147154092774
866.0 5.376074554969485
866.5 3.466818542566471
867.0 0.3456686652441392
867.5 0.7851596103672827
868.0 4.8372423516058545
868.5 1.2076158491196027
869.0 3.4083750953342893
869.5 4.05659628868111
870.0 6.479106973407552
870.5 3.2009740974659464
871.0 2.3106968250970232
871.5 6.300647435233574
872.0 4.0533684847151665
872.5 3.133265078274813
873.0 4.636770725730435
873.5 2.255888039111444
874.0 7.041029364696946
874.5 5.458625683919123
875.0 7.27879234179678
875.5 3.2970204805125762
876.0 1.3768402386617642
876.5 0.2
877.0 1.0878697163280968
877.5 1.809732923931212
878.0 3.5076961624569116
878.5 6.981341376462819
879.0 4.97119280151186
879.5 3.0656498487893264
880.0 2.36361139009634
880.5 3.5009314350687983
881.0 0.6497441971543965
881.5 5.250168978987245
882.0 4.6755137624051795
882.5 1.6614694424693335
883.0 2.575503800526411
883.5 3.4015835760063533
884.0 7.144862815456852
884.5 4.5863748092916286
885.0 5.6691007887708516
885.5 6.453045491821007
886.0 4.50916813545455
886.5 2.0520830974036537
887.0 7.423121064179761
887.5 1.951520948423275
888.0 10.260621146015724
888.5 3.0660117254100965
889.0 6.546280324021463
889.5 5.497650317683634
890.0 2.632930546316076
890.5 6.483773002351622
891.0 2.806399760129233
891.5 4.364430841367032
892.0 7.010097238534347
892.5 2.1007877121972527
893.0 6.192181704477457
893.5 3.2943273359817824
894.0 3.3105598476306213
894.5 3.108775276266002
895.0 4.859563345215189
895.5 2.915755082948459
896.0 8.50122911183924
896.5 0.6740957864379196
897.0 7.32447851172833
897.5 3.4417128770363004
898.0 2.584137859194466
898.5 7.220011760900434
899.0 10.648555754681027
899.5 3.28675414797438
900.0 9.429315299179894
900.5 3.1473017002131787
901.0 0.4051693938075722
901.5 3.9864987822122067
902.0 2.437111319414442
902.5 2.527948299470883
903.0 6.612888939490549
903.5 3.5073349241968
904.0 3.7749888847110293
904.5 7.751020043394263
905.0 2.729179120181726
905.5 3.1869503079057226
906.0 3.364381551235386
906.5 2.8673478104346577
907.0 1.8116858019963942
907.5 4.2490769662629155
908.0 3.00771723794179
908.5 2.079166208876825
909.0 6.4069797571099265
909.5 4.097033372989351
910.0 3.972473072223787
910.5 0.4098897862849036
911.0 2.264104317025751
911.5 1.26334446941362
912.0 7.650672041361965
912.5 4.694365613349289
913.0 4.208966038701868
913.5 4.709374452474375
914.0 3.8584524330851764
914.5 0.2
915.0 2.919770661668581
915.5 2.44839399806867
916.0 1.7608814489013518
916.5 2.5297070290918344
917.0 3.1796332732763233
917.5 3.197370553446595
918.0 4.052185870821766
918.5 2.635171377419899
919.0 0.8153706228171185
919.5 3.7128374789171144
920.0 5.52008910416324
920.5 4.254733611277021
921.0 2.5918696263496237
921.5 5.221168650784858
922.0 3.3013829859376997
922.5 5.417241203341823
923.0 7.923304819726393
923.5 4.793169946019479
924.0 2.3897561639284146
924.5 2.7108032625656806
925.0 4.166062868293537
925.5 2.6761962758072935
926.0 4.959580740392175
926.5 4.92962238583821
927.0 3.7276483481181293
927.5 5.062532361086236
928.0 4.2734306485976505
928.5 1.0464741577740746
929.0 2.4808241582872483
929.5 3.2044516832111523
930.0 2.8657370092612653
930.5 3.080176656013588
931.0 4.289156753942852
931.5 6.7497525033896215
932.0 4.4232801176475744
932.5 0.5065235111895134
933.0 7.436794307582302
933.5 3.116916929211917
934.0 5.984410553651582
934.5 5.06302651805534
935.0 3.531119181897797
935.5 10.500537405768814
936.0 3.1180759646796408
936.5 7.825992869817249
937.0 2.3272174561354464
937.5 2.7664158123853104
938.0 0.2
938.5 3.1988102017911046
939.0 11.279485386272775
939.5 6.751857900180799
940.0 6.52779229811568
940.5 0.22438617230615598
941.0 4.168281609879546
941.5 7.786991055094394
942.0 9.539489964009096
942.5 7.504102122383269
943.0 4.289484008257552
943.5 1.5709445802168922
944.0 3.400857589851118
944.5 3.1255259996230413
945.0 0.40801722953590147
945.5 2.8235343812662173
946.0 4.873264660013448
946.5 4.09722329802211
947.0 4.105140037537539
947.5 4.267687520874752
948.0 6.873688400568334
948.5 5.692234983781034
949.0 3.800560036521042
949.5 3.6191602950934803
950.0 6.219431745076615
950.5 5.129742625890476
951.0 5.493327893948689
951.5 5.8582797669280655
952.0 2.6788440403104534
952.5 5.661912723697141
953.0 3.0499599866633527
953.5 5.483243197276593
954.0 4.835193415830517
954.5 7.12758895451133
955.0 7.086953562007325
955.5 3.1887405377615403
956.0 4.208638883615266
956.5 2.1956136305849654
957.0 1.0119768257191728
957.5 4.931719107977988
958.0 6.748700785168778
958.5 7.431337773005495
959.0 4.5622431774793695
959.5 5.821182107052761
960.0 3.6524592204419553
960.5 5.247731806419898
961.0 3.783158303142355
961.5 2.1769912704013104
962.0 4.258115764444821
962.5 6.082512173596059
963.0 2.447577466554728
963.5 4.594882026432202
964.0 5.326575580717497
964.5 2.913299643396627
965.0 0.6037300607547356
965.5 3.822678522525578
966.0 6.968277903526426
966.5 4.343236900838437
967.0 3.428786540169354
967.5 2.2609556471941366
968.0 7.511601156205522
968.5 1.3092229636246868
969.0 4.313762035439174
969.5 3.5634465584040504
970.0 2.0175469978975906
970.5 0.27519958203023354
971.0 5.603039051370045
971.5 1.2311728205105288
972.0 7.785272657805706
972.5 5.695639669092115
973.0 4.7833304710461055
973.5 1.1732910188489258
974.0 2.5483772259333666
974.5 4.65957538802849
975.0 4.666090680935886
975.5 6.091066571703165
976.0 1.4584085424258246
976.5 3.6307258866067715
977.0 6.069959346196151
977.5 1.7472759104176796
978.0 6.157524388313393
978.5 3.6251484982022566
979.0 6.187202275977606
979.5 3.1241449408980833
980.0 2.0587005503016376
980.5 7.703254166801865
981.0 8.819715621729411
981.5 2.8647650162038047
982.0 4.937926208681884
982.5 7.252050098135139
983.0 4.700028166581418
983.5 3.3358049027489645
984.0 6.261297791277288
984.5 4.072952515155928
985.0 2.5920325252280705
985.5 1.766455363924027
986.0 2.48588885067844
986.5 2.51203941090748
987.0 2.5635060410159984
987.5 2.483094161051411
988.0 5.833187982586292
988.5 2.046402675594697
989.0 2.518361646254447
989.5 2.740092695536414
990.0 1.4067255108925927
990.5 4.152738537650025
991.0 3.220608642116019
991.5 2.2182211285722593
992.0 1.1309780164221166
992.5 2.2783919901317002
993.0 2.7193124459081597
993.5 1.346199541821522
994.0 0.2
994.5 2.2557388962485385
995.0 2.8275142512340077
995.5 5.2909937996105185
996.0 1.7041573853312957
996.5 2.997347442319449
997.0 0.8113864052738105
997.5 1.5655891485446183
998.0 1.7318348057588338
998.5 4.009766194326579
999.0 2.1566021832555897
999.5 2.714401579739271
1000.0 3.934956917608577
1000.5 1.3743176298783797
1001.0 2.6975082914958994
1001.5 1.509182524615129
1002.0 3.038491871518149
1002.5 1.5789050268741325
1003.0 2.9592718364217823
1003.5 2.379113786609184
1004.0 1.5058778150619037
1004.5 2.1611672051151305
1005.0 1.1623361054696397
1005.5 2.5735931518114183
1006.0 2.1754552047681925
1006.5 1.7653853507476907
1007.0 3.057583963458913
1007.5 1.0268704032630076
1008.0 3.0028682328712826
1008.5 2.210950475426711
1009.0 3.843081195093533
1009.5 1.8573563244637414
1010.0 2.970273861173925
1010.5 1.6817865202848834
1011.0 0.2
1011.5 2.788223826221031
1012.0 2.248086913236201
1012.5 3.432891072686157
1013.0 2.2158660048114154
1013.5 3.48412686641683
1014.0 6.39458074675791
1014.5 5.586834720613661
1015.0 3.824861093612702
1015.5 7.551053068562323
1016.0 8.589044026673074
1016.5 3.6155024553920376
1017.0 4.166132705684324
1017.5 2.8027017383255957
1018.0 0.9016848106068496
1018.5 3.958734113804656
1019.0 4.037683999595875
1019.5 4.220050674004455
1020.0 0.8192022658664655
1020.5 3.646452037237645
1021.0 7.39939452069909
1021.5 4.270268917376109
1022.0 4.718355214326755
1022.5 5.605963085971673
1023.0 1.6149723301982477
1023.5 2.538657811154078
1024.0 3.950266347700202
1024.5 2.4025580864332348
1025.0 3.954426348221677
1025.5 0.2
1026.0 2.5722861669893424
1026.5 2.2275066918912483
1027.0 4.428543379326083
1027.5 3.1892961113348375
1028.0 2.618497270356524
1028.5 1.4925761633208912
1029.0 3.367501453927609
1029.5 3.7072143695712163
1030.0 3.0287293259404158
1030.5 4.828020909127598
1031.0 2.5686641037325284
1031.5 2.823088844694448
1032.0 3.5626755834140864
1032.5 4.126177358059211
1033.0 2.7919006655847145
1033.5 2.138877266871006
1034.0 1.753724468821948
1034.5 1.892550286413344
1035.0 2.9541168089819365
1035.5 4.410677843160733
1036.0 2.0994328981149595
1036.5 3.1590726791965906
1037.0 3.2135391695587696
1037.5 2.605656590305967
1038.0 2.4528315569593584
1038.5 1.641251735992074
1039.0 2.667929822762641
1039.5 1.6321238392227002
1040.0 1.8226513451314919
1040.5 2.9003810109048325
1041.0 3.5631960655106822
1041.5 3.6954135170272817
1042.0 1.0192815988263373
1042.5 1.4075108359403299
1043.0 2.4301402512214594
1043.5 2.454680499523344
1044.0 3.275071539066897
1044.5 2.540843595885306
1045.0 1.3171555552977958
1045.5 1.2578210505460896
1046.0 0.2
1046.5 2.826642162309473
1047.0 3.980408965703191
1047.5 2.1080718530992146
1048.0 1.547192020615443
1048.5 3.3973163274316933
1049.0 2.15334115234566
1049.5 3.2263967955057167
1050.0 3.2423551531821864
1050.5 2.9453849794699494
1051.0 2.2308671306603673
1051.5 2.131487663129423
1052.0 2.412841522145256
1052.5 2.5355209224535242
1053.0 2.036137038781232
1053.5 3.2809276238637883
1054.0 1.8688875415740782
1054.5 1.2417512678823
1055.0 1.3913857365485849
1055.5 2.1671602718108613
1056.0 2.4530721486197162
1056.5 4.640156284540429
1057.0 2.096548018504986
1057.5 2.9442368525920695
1058.0 4.470143454645866
1058.5 3.10557015921302
1059.0 2.406930666670846
1059.5 0.7037391791357568
1060.0 3.007842830457103
1060.5 1.7693384841275681
1061.0 2.4912784152675385
1061.5 2.9492038163905105
1062.0 2.2162074183643377
1062.5 3.21514435629492
1063.0 0.5044413575310953
1063.5 2.9575379065247556
1064.0 2.7433419124865885
1064.5 1.877501116133045
1065.0 3.0972157898692574
1065.5 5.718072297697639
1066.0 3.5336338851392304
1066.5 4.762233938803284
1067.0 3.9728482147373034
1067.5 4.851357809834052
1068.0 5.899315895821101
1068.5 0.2
1069.0 3.3430034639846955
1069.5 6.0189780145025455
1070.0 6.117393550771769
1070.5 3.092523542740665
1071.0 3.4279566589825725
1071.5 3.071422094691492
1072.0 7.914138652776931
1072.5 3.2020908558284953
1073.0 5.65209348573981
1073.5 6.482909291687184
1074.0 6.433392631263161
1074.5 0.24660057330263907
1075.0 5.261711828757142
1075.5 7.7643643615782665
1076.0 4.791653183043976
1076.5 5.6534751461153245
1077.0 6.92894198972545
1077.5 7.029366022555649
1078.0 8.939045927769612
1078.5 4.599760413099494
1079.0 5.645141571568946
1079.5 5.310101750677651
1080.0 4.6781557576359925
1080.5 3.337613082059111
1081.0 3.2366822458865627
1081.5 5.997611463758227
1082.0 3.2838834655061344
1082.5 7.936169426697399
1083.0 2.85068085770982
1083.5 5.104970820656646
1084.0 5.154909227911794
1084.5 2.512544813900631
1085.0 2.9092860122876774
1085.5 0.5137430559870788
1086.0 4.401542995339776
1086.5 3.849052646837004
1087.0 5.161578702898417
1087.5 2.801127127693676
1088.0 3.826224004653126
1088.5 4.540313182842484
1089.0 4.203092735320829
1089.5 3.2005570460714514
1090.0 7.939303079532666
1090.5 9.244843640519292
1091.0 3.3699036267690556
1091.5 7.311789940381157
1092.0 6.7786086147497855
1092.5 2.270460172555109
1093.0 4.558478351226647
1093.5 5.918639118614038
1094.0 5.1501289053686845
1094.5 3.9854428629496526
1095.0 1.061744765551413
1095.5 8.657597510505179
1096.0 3.838096074448404
1096.5 4.826685162146585
1097.0 1.2089773419544056
1097.5 4.834987439489622
1098.0 1.2894807746350154
1098.5 3.2281506569937757
1099.0 2.408629926182935
1099.5 2.2559473306953097
1100.0 1.0633726843629607
1100.5 4.659647978821983
1101.0 5.191315736988573
1101.5 4.099490567191362
1102.0 3.9830027915340116
1102.5 3.00150274722266
1103.0 6.420103206032747
1103.5 4.520155956893245
1104.0 2.727423721090867
1104.5 8.192138498714852
1105.0 6.20310940278726
1105.5 1.2388085166107947
1106.0 5.002621145830109
1106.5 3.0169027099000463
1107.0 1.7003262510287511
1107.5 5.500242240833377
1108.0 2.704399853273488
1108.5 2.388628411773373
1109.0 3.75833776954385
1109.5 2.6491278352184624
1110.0 4.903143467833626
1110.5 7.467989992638322
1111.0 5.171819390978334
1111.5 3.695723823229512
1112.0 0.2
1112.5 6.175396894074357
1113.0 7.128822121381614
1113.5 5.300937856021849
1114.0 8.054966351052498
1114.5 7.585747779930346
1115.0 6.607689953241351
1115.5 7.62234911704967
1116.0 3.6953599953616996
1116.5 5.930956050479772
1117.0 3.281335877756793
1117.5 4.21317488302661
1118.0 2.3046877599664612
1118.5 1.5060036262165277
1119.0 5.851536049519268
1119.5 4.335683993572051
1120.0 4.1572045604377434
1120.5 2.6662116971481984
1121.0 3.4481038780191984
1121.5 5.15337696038902
1122.0 1.5027149487674094
1122.5 4.4503512350425884
1123.0 0.2
1123.5 3.2445508607925886
1124.0 5.604615501556598
1124.5 6.130218978865527
1125.0 3.392954108038875
1125.5 3.86938223013009
1126.0 0.2
1126.5 3.7321750495648485
1127.0 4.603414083148538
1127.5 1.908555670564775
1128.0 1.5488422791894791
1128.5 3.0171552681929743
1129.0 5.109919239407648
1129.5 2.0314022694464735
1130.0 6.063886473110334
1130.5 5.022476047307848
1131.0 1.3312371482878524
1131.5 4.991591970139613
1132.0 3.186177807473477
1132.5 3.6093555615745676
1133.0 1.7180166894317632
1133.5 4.787936289651819
1134.0 2.7742296776728614
1134.5 5.648411056575441
1135.0 3.5010774535221696
1135.5 3.4504525331047855
1136.0 1.0603669016124466
1136.5 2.571723433600452
1137.0 3.0010238175265807
1137.5 4.163620535136911
1138.0 4.04825682604571
1138.5 3.772608413951348
1139.0 0.4651813543427785
1139.5 4.2044128752828875
1140.0 1.57290269150897
1140.5 2.565733286369779
1141.0 3.126460877264597
1141.5 3.4785147620396435
1142.0 3.2553754755268134
1142.5 4.226555859374008
1143.0 3.25001042525387
1143.5 3.5912405948204804
1144.0 4.834383240305691
1144.5 2.9668370119091674
1145.0 2.44442669673699
1145.5 2.5810260309605946
1146.0 1.718786007983463
1146.5 4.1683122518691285
1147.0 0.2734566874671991
1147.5 3.935424800569556
1148.0 5.1963830339442705
1148.5 0.2
1149.0 3.493807717865008
1149.5 2.3255550975496266
1150.0 2.1645411839916515
1150.5 5.941814599502111
1151.0 3.064438786139367
1151.5 1.9917637350333308
1152.0 3.4819716649701467
1152.5 3.277479958154448
1153.0 0.2
1153.5 5.06398232763609
1154.0 3.7914175358610906
1154.5 2.939413240834136
1155.0 3.2451598284989336
1155.5 1.3458847436402808
1156.0 3.0014907748939996
1156.5 4.941415630451175
1157.0 3.8635888426861484
1157.5 0.2
1158.0 4.974496746043455
1158.5 2.9494493654951337
1159.0 3.1260841428971373
1159.5 2.612927974733873
1160.0 2.353709073972314
1160.5 1.2240923992365804
1161.0 4.895604748131273
1161.5 2.036536193248272
1162.0 0.619495092203489
1162.5 3.2445431620671945
1163.0 5.678503264398744
1163.5 2.1762675850483677
1164.0 2.4906840401051653
1164.5 3.4255831410554776
1165.0 3.305145851051788
1165.5 1.273897144282392
1166.0 2.1884557348345894
1166.5 0.3909997021991303
1167.0 2.276570726489374
1167.5 2.963083225917953
1168.0 3.5473421961996046
1168.5 1.49245709594799
1169.0 4.631814408720779
1169.5 2.4807799699899427
1170.0 1.7965288346527086
1170.5 2.7857036576868452
1171.0 3.6938896906067713
1171.5 2.8528397227996027
1172.0 5.235729320562002
1172.5 1.8296143671609282
1173.0 2.190307323008514
1173.5 3.972544940152372
1174.0 6.644590808456096
1174.5 2.317226791054299
1175.0 5.755712607242328
1175.5 8.05987474295743
1176.0 6.485780239195552
1176.5 6.864371322225891
1177.0 4.130066846596636
1177.5 4.0694817667541
1178.0 6.166610626943669
1178.5 2.2494450204774763
1179.0 5.157163721262894
1179.5 5.029582871970483
1180.0 4.845656086179231
1180.5 3.7978627666824236
1181.0 2.2188708705036646
1181.5 4.94384092293741
1182.0 1.0362300847836234
1182.5 2.5780536865426806
1183.0 2.486235762926941
1183.5 4.130184426206624
1184.0 0.5442087596132601
1184.5 1.763389564510156
1185.0 5.240546152005904
1185.5 3.271170832730032
1186.0 4.638577014007732
1186.5 4.462326965407862
1187.0 2.053742353257669
1187.5 2.4276691854771077
1188.0 4.741061105178746
1188.5 2.3988308299501493
1189.0 5.376705170983709
1189.5 3.2399306716593768
1190.0 1.8912273144439211
1190.5 3.490446422839031
1191.0 2.5096922433515685
1191.5 3.949322794219845
1192.0 3.6322855268940026
1192.5 1.0223882179464228
1193.0 0.943967734504862
1193.5 2.776571271796519
1194.0 2.971665375102077
1194.5 1.3851212121425291
1195.0 3.555612056803899
1195.5 1.8300458564012032
1196.0 3.1490968517027875
1196.5 2.460630292192919
1197.0 3.494680777379102
1197.5 1.5576269646440812
1198.0 5.155022624676221
1198.5 0.654331727618856
1199.0 0.745243793780376
1199.5 3.686144245008029
1200.0 4.160371508268021
1200.5 5.114382072484629
1201.0 3.5556525746294825
1201.5 8.043416790152035
1202.0 6.639435219817509
1202.5 4.910533398487778
1203.0 6.886199274442109
1203.5 2.21987254842624
1204.0 5.952432116178182
1204.5 5.391117422854499
1205.0 6.045892251062883
1205.5 4.947548464319722
1206.0 4.08949590507236
1206.5 10.708536279984838
1207.0 1.755096113348182
1207.5 9.692350652925215
1208.0 4.906609484661464
1208.5 6.6213600685517235
1209.0 4.23097627653226
1209.5 6.773628348079461
1210.0 5.70039273311305
1210.5 5.5246243033456075
1211.0 4.361843472502128
1211.5 4.840093811673375
1212.0 0.2
1212.5 3.2902343622864
1213.0 3.174978624035844
1213.5 3.7926640935817124
1214.0 2.8135977170917528
1214.5 3.9358470996437545
1215.0 2.077142470879331
1215.5 6.4022536048262815
1216.0 10.986744184374334
1216.5 8.754787338705416
1217.0 0.2
1217.5 2.727496674627841
1218.0 5.028490767370032
1218.5 4.3144906674137
1219.0 3.238901944908794
1219.5 7.054046792075308
1220.0 7.3066994355971
1220.5 0.9043529043187015
1221.0 2.3850426138097696
1221.5 6.188381690710741
1222.0 7.905625935569807
1222.5 3.868715605697648
1223.0 3.2192908091794
1223.5 0.5264429013049479
1224.0 4.148267361649844
1224.5 0.41842023080767454
1225.0 8.848314852124947
1225.5 4.796237558869551
1226.0 3.587654460814092
1226.5 5.150993325707775
1227.0 2.0958626354106062
1227.5 4.865362493492253
1228.0 2.713851615150121
1228.5 3.6220610081682816
1229.0 4.117598593452794
1229.5 3.009650321524657
1230.0 5.578854589070354
1230.5 3.0860922713645476
1231.0 0.8541333309775503
1231.5 7.34222968049741
1232.0 4.914609696369029
1232.5 0.2
1233.0 2.014986577207007
1233.5 6.465320437722593
1234.0 2.389098914533613
1234.5 5.948173422593607
1235.0 6.074256426028487
1235.5 6.119893103644255
1236.0 4.7258157963059055
1236.5 4.150430938658475
1237.0 0.2
1237.5 2.684477055312959
1238.0 2.7778494078663605
1238.5 4.304498158285887
1239.0 5.855996133652313
1239.5 5.386797846375675
1240.0 7.123650535882047
1240.5 4.269681054925788
1241.0 5.48802587388701
1241.5 0.7050308340047695
1242.0 1.2839652145025653
1242.5 5.630202653227163
1243.0 6.438889255354354
1243.5 7.441012641206036
1244.0 6.202933686379044
1244.5 10.377005264936582
1245.0 5.422199075810583
1245.5 6.699894985957555
1246.0 6.228636138693634
1246.5 0.8010512268939167
1247.0 6.240956664877411
1247.5 6.713108327767161
1248.0 7.055118108995955
1248.5 2.9278429647695994
1249.0 4.624280537041489
1249.5 5.0130336949869045
1250.0 7.948424722242711
1250.5 8.640740599229774
1251.0 7.279750562671888
1251.5 6.017750122610588
1252.0 3.7467423571991008
1252.5 1.3492606881462388
1253.0 4.2172931096870485
1253.5 5.381070016107207
1254.0 4.517723264066067
1254.5 3.6613716735710735
1255.0 2.388799325109485
1255.5 4.969155979617885
1256.0 2.321940121276192
1256.5 5.7557682393723315
1257.0 5.6595871340456
1257.5 4.635503901382343
1258.0 3.0482031857288137
1258.5 3.1212733926283054
1259.0 6.621926856277849
1259.5 3.645177814572097
1260.0 3.754206962814502
1260.5 2.7631249709775414
1261.0 2.178492992264555
1261.5 2.7245511866325027
1262.0 3.498213338949096
1262.5 4.582262615649569
1263.0 0.8523465917953335
1263.5 2.9317659763417643
1264.0 1.9859947973981569
1264.5 1.7205406260995302
1265.0 6.109185869486635
1265.5 4.084511955558941
1266.0 3.4701220693403423
1266.5 2.9362553213634954
1267.0 2.7523695123816463
1267.5 4.16775294778608
1268.0 7.980107592471834
1268.5 4.424386106454496
1269.0 0.9413974376175842
1269.5 5.82391311276756
1270.0 3.6751831392740866
1270.5 3.9422330090528863
1271.0 2.9518164955086164
1271.5 4.236998904426284
1272.0 5.849463896163021
1272.5 4.183790642366275
1273.0 3.6654691789983698
1273.5 3.593020816892133
1274.0 3.4726989117340796
1274.5 1.758530483175964
1275.0 5.37726851146482
1275.5 4.673894018406779
1276.0 7.379400989940573
1276.5 0.7867367340786822
1277.0 3.1589474884096833
1277.5 3.118903944582497
1278.0 1.8790635768100907
1278.5 0.46101928132480907
1279.0 0.2
1279.5 3.031827123409013
1280.0 0.7988750213361722
1280.5 2.2435787051710347
1281.0 2.7002631639830836
1281.5 4.543286128177279
1282.0 2.4413225369678253
1282.5 2.9383148024747374
1283.0 3.2598001359282267
1283.5 0.8903094205470263
1284.0 4.902848229490388
1284.5 2.0457387687019604
1285.0 3.603952712096933
1285.5 3.4024374817231435
1286.0 2.286065522573859
1286.5 2.5313002715156223
1287.0 1.52170912665531
1287.5 3.760936238205871
1288.0 0.2
1288.5 4.040257615498946
1289.0 2.2754363716075447
1289.5 2.9349085954361396
1290.0 4.122987888190614
1290.5 4.968097399593458
1291.0 2.194153341199422
1291.5 1.4076065924458874
1292.0 1.8424451784636797
1292.5 2.0596170012340695
1293.0 3.641993844714668
1293.5 4.051965926664662
1294.0 4.175301039237016
1294.5 2.5584955988577303
1295.0 1.9937547229750034
1295.5 2.771717985689758
1296.0 1.7794064548054878
1296.5 1.6810614073610406
1297.0 1.0452855122551827
1297.5 0.2
1298.0 4.376425513271137
1298.5 1.5388642822914635
1299.0 0.2
1299.5 3.6182809134472076
1300.0 1.767290759878166
1300.5 4.026584325844748
1301.0 4.310159070267529
1301.5 1.392820311404758
1302.0 4.698876762457251
1302.5 2.8853971980811295
1303.0 2.609432179625297
1303.5 3.1206755187982287
1304.0 1.427996359885755
1304.5 2.8869582522971164
1305.0 1.244558988653661
1305.5 1.6547207156427308
1306.0 0.688446535561809
1306.5 3.1998387182375296
1307.0 3.372265681994129
1307.5 5.542548266888545
1308.0 1.010161413272844
1308.5 0.7651188012766483
1309.0 3.063769950728724
1309.5 3.378329538649419
1310.0 1.33891937255018
1310.5 1.864568624439455
1311.0 1.673975972677893
1311.5 0.2975222857156421
1312.0 1.5371056099575056
1312.5 1.4214376084712002
1313.0 2.79763681631376
1313.5 1.0185012887526668
1314.0 2.2723615818719938
1314.5 3.27872059058528
1315.0 1.5478002089856633
1315.5 4.4130255243881695
1316.0 0.2
1316.5 4.4995732366844425
1317.0 0.2
1317.5 3.522496330999291
1318.0 2.137007933878591
1318.5 3.0193553926186802
1319.0 4.405704528496709
1319.5 4.830232189773342
1320.0 4.248363164086765
1320.5 1.6903880873311374
1321.0 1.311060953990302
1321.5 3.631726480612771
1322.0 3.253982016220676
1322.5 5.3543833383723864
1323.0 4.677716193004805
1323.5 3.7630607190204755
1324.0 3.1171655128239917
1324.5 2.702407692114127
1325.0 3.1638360419971523
1325.5 2.513153656351352
1326.0 1.0548851100474854
1326.5 2.4217552695760687
1327.0 3.2145200810782106
1327.5 1.601169606322322
1328.0 3.3641707363099296
1328.5 3.6802330459059722
1329.0 4.522345173947577
1329.5 3.8029729075868928
1330.0 1.745099663840266
1330.5 2.9061681851839336
1331.0 2.5891457792012114
1331.5 2.302580257421038
1332.0 7.5130004546525875
1332.5 3.3713834741881765
1333.0 5.55933716739128
1333.5 4.851836941796272
1334.0 5.482781926144565
1334.5 2.262310110484898
1335.0 3.4377927510330073
1335.5 2.3238107034157736
1336.0 2.433122833390887
1336.5 0.2
1337.0 0.7532677217170733
1337.5 0.2
1338.0 2.2821413255193788
1338.5 3.6125858613162616
1339.0 0.9528254399181095
1339.5 1.7347310196928867
1340.0 3.3661342702615564
1340.5 2.2379099917693064
1341.0 0.9375901579366064
1341.5 1.9966758861329224
1342.0 3.600729425235331
1342.5 3.0849612787099048
1343.0 1.9076034609385466
1343.5 2.0055864579608658
1344.0 5.358503171659528
1344.5 5.516872190518662
1345.0 4.182775908209593
1345.5 2.9420546636052953
1346.0 2.05990520078206
1346.5 3.4061061992564903
1347.0 3.994617472709141
1347.5 2.1483588771877113
1348.0 3.7050750090741307
1348.5 1.4259899964478557
1349.0 3.4095361603552115
1349.5 3.947706168681601
1350.0 3.903265531272332
1350.5 2.3648144833979625
1351.0 4.921081157071814
1351.5 3.8364522850790026
1352.0 2.0165302071520657
1352.5 3.030510308949663
1353.0 6.0798034761523665
1353.5 2.532265985843405
1354.0 7.536697324434394
1354.5 4.25355001332898
1355.0 2.8137818102375274
1355.5 3.3229139155857617
1356.0 5.808630219707184
1356.5 2.807416834090655
1357.0 0.4147326837446128
1357.5 2.800448475867242
1358.0 0.2
1358.5 7.067231083327833
1359.0 6.387460485620728
1359.5 5.852910050475745
1360.0 4.694949002404381
1360.5 4.833099421047368
1361.0 9.1958878426565
1361.5 6.452623583049073
1362.0 5.65078148654564
1362.5 5.230841151585818
1363.0 2.2289781209227084
1363.5 4.26786021799644
1364.0 6.098605568572927
1364.5 2.995602294629889
1365.0 6.017945819328821
1365.5 2.795519812927865
1366.0 2.276207131452814
1366.5 6.7305739950862815
1367.0 0.2
1367.5 1.2659322364385774
1368.0 4.828739263471085
1368.5 3.9216849721520624
1369.0 8.519078211497725
1369.5 2.211383976228612
1370.0 3.8058281835675656
1370.5 6.6070541928870234
1371.0 0.8161558933298334
1371.5 4.0149317831912
1372.0 9.65119346372568
1372.5 7.640567973807003
1373.0 8.508843105094307
1373.5 3.403750112959865
1374.0 6.725266673119213
1374.5 2.607505346530054
1375.0 6.042386344063949
1375.5 1.0770774497355653
1376.0 5.382446667235048
1376.5 0.2
1377.0 4.518091129903646
1377.5 3.92076312676949
1378.0 2.7396011336592823
1378.5 6.097771600204688
1379.0 2.9150495607071836
1379.5 5.931657356650111
1380.0 6.777540144652988
1380.5 4.0230261269648855
1381.0 3.6402376815471196
1381.5 5.804026813318872
1382.0 3.337919136142336
1382.5 7.073127927208368
1383.0 3.7065782381951684
1383.5 7.393708202064278
1384.0 3.407149556703607
1384.5 6.505282914922973
1385.0 3.7939422004245014
1385.5 5.050912590680947
1386.0 4.22330212406939
1386.5 4.3613886220288824
1387.0 2.258127162697418
1387.5 8.10745036471631
1388.0 5.4253633907907926
1388.5 0.8602278688089575
1389.0 2.200420436393479
1389.5 2.784055831444255
1390.0 3.0470907916813106
1390.5 1.214948837292154
1391.0 3.0831310523318765
1391.5 2.8085663837728756
1392.0 2.7062392252277805
1392.5 3.7786749160028212
1393.0 2.1230577852495
1393.5 1.9373528955106334
1394.0 1.7564505024492356
1394.5 3.3130652237539326
1395.0 2.940295199286207
1395.5 2.600308512859375
1396.0 1.3724355434931408
1396.5 1.5813415402933246
1397.0 1.2617854872046619
1397.5 1.9608955064636522
1398.0 1.7183184997881604
1398.5 2.9210451692656685
1399.0 2.577001258803368
1399.5 2.961183162965551
1400.0 1.6518988815579305
1400.5 2.916129634565408
1401.0 3.9631562512870477
1401.5 2.931494428313412
1402.0 2.9954138278880986
1402.5 2.006756318033926
1403.0 1.7918972480823712
1403.5 1.6528725630329926
1404.0 1.1280715911793997
1404.5 2.0302823696499694
1405.0 1.2625587837057055
1405.5 2.036634509386543
1406.0 1.0598742376174828
1406.5 3.492603706361589
1407.0 1.6095910594822267
1407.5 2.4463095488641433
1408.0 3.1994168808049244
1408.5 0.37477986972816923
1409.0 3.7510609011461464
1409.5 3.6132732086971426
1410.0 3.067548584392156
1410.5 2.6091499522143193
1411.0 1.1189713762964955
1411.5 2.0213287935349245
1412.0 2.6001118562241357
1412.5 2.4723901434293234
1413.0 2.9030585530602737
1413.5 2.384232253235668
1414.0 2.8454993171764364
1414.5 3.456208647090253
1415.0 6.806035591697054
1415.5 2.4562611138773267
1416.0 2.488801606231724
1416.5 0.3822806859508905
1417.0 2.545769823872804
1417.5 2.3708694975897577
1418.0 2.906108725544299
1418.5 1.8273924883962271
1419.0 2.788815901020906
1419.5 5.116347442221963
1420.0 1.1861780002549631
1420.5 2.348709279685046
1421.0 0.6821084872415359
1421.5 2.820888970245038
1422.0 3.1473022801968242
1422.5 3.5352601475986867
1423.0 1.1065786888602194
1423.5 2.777536897611979
1424.0 3.8539720215963422
1424.5 4.054472544567087
1425.0 1.5655493754601877
1425.5 3.8708237266841734
1426.0 5.713048520809124
1426.5 4.544042760017847
1427.0 4.428090992966674
1427.5 3.4209260205903584
1428.0 2.4495662278522445
1428.5 3.4442838522130037
1429.0 0.7009601964030501
1429.5 4.0820864025107095
1430.0 2.2686145073180533
1430.5 4.940025842307859
1431.0 2.990685309548218
1431.5 5.9893861594277436
1432.0 4.058297637316818
1432.5 5.054721155638575
1433.0 1.0873047613396776
1433.5 4.5329725227563245
1434.0 4.622277018363096
1434.5 3.199517474382718
1435.0 1.5139037872072971
1435.5 4.6821574999859035
1436.0 3.9611982089566453
1436.5 7.406849441710277
1437.0 4.427708449275432
1437.5 0.2
1438.0 2.3177481840886873
1438.5 2.2360505658375835
1439.0 4.09376429094516
