0 3.1660181318855543
0.5 4.273796196574232
1.0 3.3238008152096867
1.5 6.154551577643864
2.0 7.2790396399536075
2.5 8.328618233617913
3.0 9.830899399788251
3.5 6.274099681750538
4.0 8.180858316312179
4.5 5.930776742710512
5.0 3.144773777376926
5.5 4.696124875923836
6.0 1.3718765597539733
6.5 4.399615849777056
7.0 2.4917445947269297
7.5 9.855921341224088
8.0 4.1008491745871165
8.5 6.196626922869148
9.0 5.441461209866709
9.5 5.241349481983544
10.0 2.3705958329072785
10.5 1.7529144906130751
11.0 2.1905271085387006
11.5 5.768091349125452
12.0 4.8740273207917815
12.5 4.905169529503472
13.0 5.885950019240026
13.5 0.2
14.0 4.028111479436069
14.5 5.710036969200466
15.0 4.530349614804209
15.5 5.8599092612414285
16.0 8.698257019735832
16.5 1.9261885822578018
17.0 3.9739146269441727
17.5 5.575612079784076
18.0 3.3221072520920023
18.5 4.73389877033757
19.0 3.4728650450933594
19.5 2.998903868520966
20.0 2.388747800256073
20.5 2.7480380963022593
21.0 0.2
21.5 2.8710946702627647
22.0 3.9637735549469997
22.5 6.433979404100983
23.0 2.5391354524565397
23.5 2.264182775551312
24.0 2.4279533480892193
24.5 3.358312408761548
25.0 3.0523999792605876
25.5 6.571895493097531
26.0 3.4741819714864555
26.5 4.5662841402074505
27.0 2.8096963261822636
27.5 7.053717691305351
28.0 2.2129290892723823
28.5 1.4881614965078267
29.0 2.864544133678637
29.5 4.859537630555256
30.0 1.1173023262960258
30.5 4.468731728366498
31.0 3.067728247205513
31.5 2.792499433878927
32.0 3.576298229855057
32.5 4.462945178920737
33.0 1.3750191219204924
33.5 4.094434431718751
34.0 0.2
34.5 3.3171892446959297
35.0 4.616393278636027
35.5 6.454439722502553
36.0 5.3236332893546265
36.5 3.86428975873545
37.0 6.707790022072823
37.5 6.521208585967367
38.0 4.013157044844442
38.5 1.4079642983493756
39.0 0.2
39.5 0.2
40.0 4.436740435434392
40.5 4.767991775150643
41.0 4.566646801241176
41.5 5.052422549676022
42.0 2.670659640817462
42.5 4.409141916597923
43.0 3.2916548250779467
43.5 2.547560911245217
44.0 2.1359918829215094
44.5 4.263338472911406
45.0 3.3089169347519887
45.5 0.5878371710986507
46.0 2.464108116176206
46.5 3.236990664935524
47.0 3.3648317023252483
47.5 4.793325362627863
48.0 3.6773419382877126
48.5 2.708589555526467
49.0 1.7550119861382931
49.5 3.0937126020670584
50.0 4.321729954314085
50.5 2.77191626857941
51.0 6.93703521558276
51.5 6.1863422869153215
52.0 4.264291324110002
52.5 2.004188626692693
53.0 2.7973144757218202
53.5 0.2
54.0 3.5790559007909843
54.5 1.5138704567554035
55.0 8.604601228707509
55.5 5.634131549935408
56.0 0.5362323069783033
56.5 6.85343421783201
57.0 3.944986416893878
57.5 7.812208588442396
58.0 4.894620756304787
58.5 9.887839838259838
59.0 1.8973554555804908
59.5 3.95350774394933
60.0 9.257929408523367
60.5 1.0353726096108988
61.0 3.10208073970425
61.5 4.936805342862071
62.0 2.360776431808426
62.5 1.4932274347091496
63.0 2.6507055610889125
63.5 5.3610549056624235
64.0 3.4943467909733164
64.5 7.456323173010338
65.0 3.1853335219586194
65.5 0.49133020643152214
66.0 2.1663358707168494
66.5 5.593477241909853
67.0 2.358075236787606
67.5 3.559767008253177
68.0 6.747759415591121
68.5 6.657252545292161
69.0 7.563608342553413
69.5 7.453992699187509
70.0 5.030630877855332
70.5 4.121634037975291
71.0 1.9580070565758545
71.5 4.861142328324205
72.0 2.847553946549887
72.5 4.845435597507289
73.0 4.843324220689042
73.5 4.008921938084951
74.0 1.2513298604840397
74.5 2.186532968877734
75.0 3.090921755522716
75.5 2.0699506584796152
76.0 0.4573341106266251
76.5 4.0380260184767955
77.0 2.420397922111067
77.5 1.8548998096152238
78.0 0.2
78.5 2.0260633216677744
79.0 1.5553374025216984
79.5 3.045186471499861
80.0 7.520705694560572
80.5 5.5312938782092544
81.0 7.456930990638133
81.5 6.141436475473725
82.0 2.5070703574560453
82.5 3.4699017523501796
83.0 0.2
83.5 2.3025870746894497
84.0 5.20504014207587
84.5 6.168228595825102
85.0 4.045946282504255
85.5 6.18153951190986
86.0 3.3615443232795066
86.5 6.057318580249428
87.0 6.875088622511267
87.5 0.2
88.0 0.6856431875036479
88.5 4.39951620593712
89.0 3.987864117840976
89.5 2.3011090987923586
90.0 3.815380227882276
90.5 6.376603040768982
91.0 0.2
91.5 5.6913396081131555
92.0 1.3942651337235996
92.5 0.7458005048787677
93.0 1.5485600147606322
93.5 4.886893105704962
94.0 3.471443674970691
94.5 4.61066728790653
95.0 2.269156687137169
95.5 5.107230619323559
96.0 3.9129321910972754
96.5 2.427850352143949
97.0 4.655992060068325
97.5 2.8225579196875947
98.0 3.1018580195700762
98.5 4.0763833722415646
99.0 1.401585257196789
99.5 6.289627222757095
100.0 3.902175231725298
100.5 2.4668781901920553
101.0 0.4832360289715236
101.5 2.8314869013989847
102.0 0.2
102.5 2.8000055762735174
103.0 4.321134380379508
103.5 4.436150413599144
104.0 4.680861307862865
104.5 1.4064327128160943
105.0 1.6490607241103312
105.5 6.010877317735149
106.0 6.926878226841509
106.5 6.75686702907546
107.0 1.7994212329204669
107.5 2.581995124822061
108.0 3.875681269672784
108.5 3.4725336955623156
109.0 1.593178850603275
109.5 2.839386736018743
110.0 1.8330661422987224
110.5 2.403051630639683
111.0 1.7417318583786243
111.5 2.377553759884292
112.0 2.469366557192033
112.5 3.5726931789092684
113.0 3.5867158118309073
113.5 2.424297288415408
114.0 4.955604138227373
114.5 0.4195270068238375
115.0 4.09834085072144
115.5 3.3550514490425423
116.0 1.7575661945263663
116.5 1.0563352938380461
117.0 6.206611371503385
117.5 3.675535359877862
118.0 3.796032250273229
118.5 2.6556443043148485
119.0 1.5048548293709074
119.5 3.1466207933772816
120.0 1.8160530650306959
120.5 0.2
121.0 1.6967998365128496
121.5 4.654074327313731
122.0 5.549372582153461
122.5 1.408543948869278
123.0 0.2
123.5 1.8216902496473293
124.0 4.361636341016574
124.5 3.1040403336365925
125.0 0.2
125.5 7.617713697110116
126.0 6.658590668578295
126.5 6.027295782522433
127.0 4.099487333527261
127.5 2.5948566056236997
128.0 4.359082470981361
128.5 3.0763852901570514
129.0 7.862079422001422
129.5 4.175762480816296
130.0 5.656894946723234
130.5 8.691277619284396
131.0 0.27966377723900404
131.5 0.2
132.0 4.52163557855725
132.5 8.041854666695567
133.0 6.7101068592322015
133.5 7.28876539384885
134.0 6.362399568706079
134.5 7.750126912440481
135.0 4.631848275542128
135.5 0.34766127521095935
136.0 5.137316985303627
136.5 6.558240189467652
137.0 9.082339588607294
137.5 6.516514602600367
138.0 0.2
138.5 4.00808431962937
139.0 5.189017528337752
139.5 4.465774657588647
140.0 6.040175876214615
140.5 3.582766607623695
141.0 2.9761322051940615
141.5 4.93625362810573
142.0 3.3620994230453896
142.5 4.107163558871549
143.0 4.1755087917188805
143.5 6.2757519286962715
144.0 1.5305583305205315
144.5 4.902121700871102
145.0 4.289304751155119
145.5 6.737105538468935
146.0 0.31061427125461183
146.5 4.337490389714095
147.0 2.9057102121221847
147.5 4.009083376721867
148.0 2.4005734930823124
148.5 6.7554332623730176
149.0 3.5640703650462418
149.5 0.39547526726400495
150.0 1.3987985754714476
150.5 6.918746178961402
151.0 7.650980308929732
151.5 1.343351408501607
152.0 2.067952722678416
152.5 4.41675184520303
153.0 7.024955790361944
153.5 4.9749506005308035
154.0 2.7523028762892903
154.5 7.398569161509146
155.0 8.043609766342248
155.5 7.637139752480162
156.0 1.3936916531837
156.5 2.8152101064241464
157.0 5.189298365292556
157.5 4.703134854558008
158.0 3.525952219333214
158.5 4.212950039509017
159.0 6.992902007316342
159.5 8.934506090558793
160.0 6.747364762380945
160.5 6.64584991401095
161.0 8.021636313283578
161.5 3.129893926645778
162.0 3.4595681885345533
162.5 3.2242160963605624
163.0 3.8186977922611205
163.5 4.802913262023932
164.0 2.907908977232214
164.5 3.8222496314880536
165.0 3.2870996005303263
165.5 4.056434278891153
166.0 1.6276109718132221
166.5 5.117912880302933
167.0 4.172165474253478
167.5 5.645029372898806
168.0 4.0820376681396615
168.5 6.443096933288606
169.0 4.885429512029949
169.5 3.3609674456320615
170.0 2.6665976581042514
170.5 7.470673437207504
171.0 2.838874358559365
171.5 5.045577424932456
172.0 5.015582325155968
172.5 3.544951281203031
173.0 3.8054255884262855
173.5 5.0210488408302485
174.0 8.00183476195192
174.5 5.083865181417367
175.0 8.00916616694513
175.5 5.00991437686114
176.0 5.808426894891905
176.5 7.540467252130819
177.0 1.213879986230355
177.5 5.592833286441701
178.0 3.5324714663899557
178.5 4.764063654888756
179.0 2.3973813382265377
179.5 3.3279774971161027
180.0 3.716164487541884
180.5 3.2510445858266515
181.0 3.599844231934619
181.5 3.8246404286906506
182.0 1.641460909682003
182.5 6.557798257630829
183.0 1.3387147056813233
183.5 0.2
184.0 0.2
184.5 2.9693137787801254
185.0 4.780903815208623
185.5 3.3333914694533893
186.0 4.2079373926452455
186.5 5.072359100766451
187.0 2.304623730623084
187.5 3.595029120985024
188.0 7.388030205463075
188.5 4.032287326744846
189.0 4.00374805649495
189.5 0.2804616914442395
190.0 3.8023095865360155
190.5 1.9582409296368763
191.0 2.8589771229392156
191.5 4.128001544979912
192.0 3.222794231319123
192.5 2.3513240301463516
193.0 2.233250111707313
193.5 2.396054352282272
194.0 3.1543044672499145
194.5 0.2
195.0 3.488852630006404
195.5 1.62605609530639
196.0 3.321477618944842
196.5 1.482236031385613
197.0 2.396016123872367
197.5 4.4032077045623055
198.0 4.052601385868531
198.5 1.8675827253369022
199.0 1.0890207077795329
199.5 1.9022570782241837
200.0 5.329772244566527
200.5 3.2052157829531103
201.0 2.716973162602496
201.5 4.453661674001163
202.0 2.6788055876631707
202.5 4.539603815064521
203.0 4.355183750274858
203.5 4.267325303997044
204.0 6.288299393950121
204.5 2.5504949624101783
205.0 2.2554798670367764
205.5 3.606156909787752
206.0 3.062657085281293
206.5 3.9822740116280513
207.0 1.9740299294155381
207.5 2.828599079801311
208.0 3.4240091274351796
208.5 2.8459008139074022
209.0 2.4792009697447956
209.5 0.814046284102526
210.0 3.2777311809815126
210.5 3.1258551733415887
211.0 5.08164575449401
211.5 0.7709235228396567
212.0 1.6544615505799602
212.5 3.7725125541567905
213.0 0.7592668925218402
213.5 1.1067719964662022
214.0 3.9639218218963537
214.5 3.1697587127428952
215.0 0.30442919306305294
215.5 2.456241747642621
216.0 0.2
216.5 4.105984722036554
217.0 3.3469617445973774
217.5 1.9282248920414022
218.0 2.3183533665409404
218.5 2.3753238874271747
219.0 3.268917184489303
219.5 3.9615314423690977
220.0 3.2377788511884544
220.5 2.0634030695750747
221.0 3.7104372413345894
221.5 1.5895956742682549
222.0 0.6033290688686304
222.5 1.3282088110320764
223.0 3.82195724381471
223.5 2.9209761885857084
224.0 4.643034994675544
224.5 2.465932458791388
225.0 4.338362937121211
225.5 3.4818351588268697
226.0 3.8711901638358426
226.5 3.0542463095908423
227.0 2.6250469796764673
227.5 0.6466181464280947
228.0 3.096866424897928
228.5 3.873935107189474
229.0 3.603086998207281
229.5 3.1742697428506528
230.0 1.5673204481512923
230.5 4.469314035766512
231.0 2.1746342445479514
231.5 1.6448317586653485
232.0 2.1329809669773936
232.5 2.1319669769618983
233.0 1.7270195251031975
233.5 2.370910849815075
234.0 1.2763735354797785
234.5 3.378665399309689
235.0 1.8846413644180742
235.5 2.4989492693621163
236.0 5.204881411475799
236.5 6.319144291190626
237.0 5.182419182494379
237.5 4.918588791351289
238.0 4.869395293116146
238.5 5.560379141965809
239.0 1.8518207472223063
239.5 1.4635305386384685
240.0 2.7108326641863423
240.5 4.349407662035024
241.0 5.326881775810731
241.5 1.086550994613182
242.0 4.126301686381906
242.5 1.6013200115592308
243.0 1.109671724045187
243.5 4.563706752737344
244.0 5.1529331768457
244.5 3.6529164929912996
245.0 3.6962613860689273
245.5 4.611818367072429
246.0 3.4954304209210476
246.5 4.449045653959604
247.0 8.12811951946054
247.5 4.1548675866377
248.0 4.319077027354995
248.5 0.26670737708005543
249.0 0.4027967570554911
249.5 3.1376525771411883
250.0 1.8647455608641785
250.5 1.7390212630839068
251.0 1.8103970259148876
251.5 0.4243069795083074
252.0 2.715698680560931
252.5 1.9950541645131437
253.0 3.9366156593633654
253.5 1.5986570145214463
254.0 3.3342391194104954
254.5 2.7135677841307526
255.0 2.4943990168202705
255.5 2.713048223259131
256.0 4.913381924922147
256.5 3.6312199413129647
257.0 3.962209092775315
257.5 1.7624720324053762
258.0 1.7186551231916198
258.5 0.2
259.0 0.8045099682349823
259.5 3.4907702213393783
260.0 2.3626471403385243
260.5 0.36150727142002737
261.0 2.9046157935034094
261.5 2.894456597690242
262.0 2.326709618694488
262.5 4.73889665646453
263.0 4.112993770230236
263.5 2.363242436528835
264.0 3.5702814323293453
264.5 3.6899842690081726
265.0 4.848693957057579
265.5 5.8064241657877425
266.0 3.9481161962847287
266.5 2.0517265789508583
267.0 2.4673744898786873
267.5 4.493568306501336
268.0 6.126420704888629
268.5 3.0130662088241076
269.0 2.778579054893881
269.5 4.410830727267319
270.0 1.8992428286024248
270.5 3.9158486390178084
271.0 2.7106156911198465
271.5 4.605347729745114
272.0 5.797370097234079
272.5 0.2
273.0 4.7283351470177895
273.5 2.062314666831824
274.0 1.1678669269924304
274.5 7.256266187357621
275.0 7.568848587844023
275.5 4.070104156287956
276.0 2.0514340100901034
276.5 3.958776696611938
277.0 1.7456252341078335
277.5 2.1800898083703926
278.0 3.4452636492288864
278.5 2.1062388307280435
279.0 4.935914448863929
279.5 2.83090062384459
280.0 3.3966788661157623
280.5 5.852300225354581
281.0 4.297102101826578
281.5 7.8652018797354675
282.0 2.0570614060249546
282.5 2.256838510621918
283.0 2.289375371764742
283.5 1.3274286265169997
284.0 3.9320321059932457
284.5 3.0943581368713944
285.0 2.0698208722379903
285.5 4.3566178411675605
286.0 3.939525371883138
286.5 1.1164075928298782
287.0 1.5032695427310419
287.5 5.416158627407713
288.0 5.590592893651948
288.5 3.023798159277264
289.0 5.125438092950704
289.5 2.277750481061193
290.0 1.6944974397696106
290.5 2.1380530549747325
291.0 4.95500517939977
291.5 7.149300470232447
292.0 4.446071719404717
292.5 5.2002512793051565
293.0 4.82195924612715
293.5 1.909061859832175
294.0 7.575365448946716
294.5 3.526480213194815
295.0 6.141774269646826
295.5 3.4530730521744446
296.0 6.445484897665066
296.5 8.626123117400601
297.0 2.037365693860665
297.5 6.95182256236899
298.0 4.970016597744058
298.5 5.302006471752319
299.0 4.833021474032264
299.5 6.19774027106019
300.0 0.8031708238078044
300.5 1.965980383930755
301.0 1.789193408146221
301.5 3.9763570663534447
302.0 5.317127932790209
302.5 4.956406693080972
303.0 5.573503933138785
303.5 8.321930797352573
304.0 3.3010603906959175
304.5 6.519564274650122
305.0 5.668522534983323
305.5 7.932546284881557
306.0 0.2
306.5 1.1252120410100792
307.0 3.454620135183703
307.5 0.2
308.0 3.1819403435573803
308.5 3.6484070796925536
309.0 1.984301114454445
309.5 0.8156426565183996
310.0 6.679648824220368
310.5 4.079214662489578
311.0 3.8449357593534375
311.5 3.0952413714385982
312.0 6.126886928465423
312.5 3.8555235514697928
313.0 4.2270523647204925
313.5 5.35689991118217
314.0 1.3728425619981666
314.5 6.840071735836958
315.0 6.126500377092209
315.5 3.016930960896291
316.0 4.112557155775537
316.5 6.077642211807589
317.0 3.5123849063458596
317.5 2.1325679884896562
318.0 2.69894311832649
318.5 5.486524447399612
319.0 2.4216901155787824
319.5 2.62442715642257
320.0 4.263187339382537
320.5 3.9194246343234553
321.0 1.5438528230309085
321.5 3.0489982543362255
322.0 2.0682582723801834
322.5 2.5389770418749116
323.0 1.835998845334065
323.5 5.497838556742536
324.0 3.032042603620728
324.5 1.429142479920863
325.0 2.2680441310186437
325.5 3.9053346988173523
326.0 0.2
326.5 4.177697174237713
327.0 0.6729775390256891
327.5 2.8400594481488386
328.0 3.664471359629217
328.5 4.297369662457623
329.0 3.4811404503902548
329.5 1.726088173544611
330.0 4.9618032921866
330.5 3.172216820670533
331.0 3.0022550171004587
331.5 2.188158120441209
332.0 2.303124385041541
332.5 3.4365230317800863
333.0 3.430227228046582
333.5 2.9887868406187934
334.0 1.6048517637635538
334.5 3.4434302722635586
335.0 3.639577844397021
335.5 2.824408813096057
336.0 3.6084460138891092
336.5 1.2092695876445247
337.0 2.546002895030711
337.5 3.194385394806335
338.0 4.059424613998844
338.5 3.7626850454325416
339.0 0.8639130727824846
339.5 5.735476252176867
340.0 1.216071484280011
340.5 1.9879497014297718
341.0 7.665347702889953
341.5 1.5477802975353725
342.0 2.8764848924363093
342.5 0.7833749654767299
343.0 5.373032817902837
343.5 1.1817340506516567
344.0 0.29949525398355004
344.5 1.512855936353158
345.0 4.784881720394804
345.5 1.0250582073123617
346.0 0.6945210117567671
346.5 2.075192263306484
347.0 3.0729757358271304
347.5 1.4776756711442272
348.0 0.7866883014890953
348.5 1.3562532168680173
349.0 0.2973721838084291
349.5 2.3220735338387857
350.0 2.1897424982729055
350.5 2.2869860493911296
351.0 3.311482644050706
351.5 2.978468714494766
352.0 3.600257780268407
352.5 2.623384195570078
353.0 3.1887521007889825
353.5 4.385216837490629
354.0 1.7819053726348566
354.5 4.423700977889439
355.0 0.2
355.5 4.779939122653333
356.0 2.2760549916927153
356.5 1.2498259957038271
357.0 2.9207762951172023
357.5 1.159771380911086
358.0 2.967612242506338
358.5 1.4646579066177445
359.0 4.39206847943788
359.5 1.2113517996586933
360.0 3.12149782858638
360.5 8.326623367360039
361.0 5.840758859907543
361.5 4.51297229841062
362.0 4.237921255309307
362.5 4.189004997789177
363.0 9.62277398811101
363.5 4.134056582772018
364.0 3.0295543180522797
364.5 4.993262293055825
365.0 7.211939204926187
365.5 2.5027661584132823
366.0 3.6705643606602942
366.5 2.9926698583242595
367.0 4.029093780593179
367.5 1.9153811090082415
368.0 4.378610893262147
368.5 3.599219808553813
369.0 3.2818059860764066
369.5 9.159391611681087
370.0 3.8910739490214685
370.5 5.957754581451241
371.0 5.058265773140738
371.5 1.7712182398824208
372.0 4.874977783985827
372.5 5.663993517682066
373.0 3.300709728838906
373.5 5.994936591713146
374.0 5.819555285714397
374.5 8.573663868163937
375.0 5.935970411678366
375.5 3.781765503373725
376.0 1.746630203575764
376.5 5.023595511340418
377.0 4.760924981900437
377.5 6.82892868723752
378.0 6.122385907114628
378.5 4.2180654363969685
379.0 2.8358502069878266
379.5 5.244818496160421
380.0 8.390156690338491
380.5 3.882794113568229
381.0 3.3132242927392954
381.5 3.058855867961134
382.0 7.151826264320205
382.5 3.6281060545099564
383.0 7.2616727435195205
383.5 1.9115016491946508
384.0 2.8199272196014107
384.5 2.4375765783267727
385.0 7.024869007660161
385.5 6.770874988694061
386.0 6.427192240448326
386.5 4.028670307635108
387.0 1.5294622584552138
387.5 4.360358197096079
388.0 2.6370128677365927
388.5 4.736445783077643
389.0 6.372560747041043
389.5 5.132139478723336
390.0 5.865664704254014
390.5 10.128655185589675
391.0 6.259169944615973
391.5 9.766391054045013
392.0 8.58565530034356
392.5 1.3847792905362426
393.0 7.857695268189159
393.5 2.1241051480671387
394.0 0.2
394.5 1.9159541368129842
395.0 3.439829508317996
395.5 8.625549525733826
396.0 1.0626132093915848
396.5 2.9144070018637294
397.0 8.140920930923878
397.5 6.543359817025366
398.0 2.31750183018796
398.5 0.5648835560730658
399.0 3.313428148590731
399.5 4.1807268776161886
400.0 4.9404300248211594
400.5 7.031952807620678
401.0 0.2
401.5 1.9685714230845357
402.0 3.4849634586587115
402.5 4.53843558150148
403.0 2.670462089693137
403.5 0.9908254271606247
404.0 3.417192571682955
404.5 1.0178440454697988
405.0 3.6617689031007776
405.5 2.9236201409193763
406.0 1.7503817542690543
406.5 3.276831415529995
407.0 2.3820533758045404
407.5 4.933598044937187
408.0 1.6807567776414754
408.5 1.0858590975624633
409.0 6.62392315516866
409.5 7.116765175126856
410.0 5.951745681232067
410.5 7.9323284692649025
411.0 3.4633332850066827
411.5 3.994435434046801
412.0 5.093935630849843
412.5 5.9028520967573375
413.0 3.0546757272370364
413.5 6.407056878693874
414.0 1.644346116709138
414.5 4.231453460936924
415.0 1.1944095769242877
415.5 8.302986021589724
416.0 10.496307493073559
416.5 7.031102063369195
417.0 2.9383819687858055
417.5 6.0016754288823115
418.0 5.013968533034964
418.5 6.399543808261778
419.0 3.6224394191639675
419.5 3.3369462526410913
420.0 4.979530454072146
420.5 7.455342742241782
421.0 3.8289062126826865
421.5 7.162931024147717
422.0 3.5017645219266145
422.5 5.297098236613691
423.0 1.1517693751939517
423.5 3.8086067459976305
424.0 0.2
424.5 7.642601672631291
425.0 6.472894355511695
425.5 7.2052756463773555
426.0 5.678654565424955
426.5 0.2
427.0 0.6261260429577549
427.5 2.6918017214105623
428.0 4.938515622795073
428.5 2.5816682587336404
429.0 2.6866866418495903
429.5 10.436179083458935
430.0 2.869933080894519
430.5 4.76067350816634
431.0 4.149484769044138
431.5 7.705544893756265
432.0 6.5002388758136105
432.5 3.546040133246546
433.0 1.798829187246049
433.5 2.847759469531687
434.0 4.627744075019576
434.5 1.9375797676350421
435.0 3.330208828591149
435.5 3.0678292204708923
436.0 3.3028673016323093
436.5 9.293929677624483
437.0 0.9695399305744896
437.5 7.157113959300714
438.0 5.130943611753492
438.5 1.967726474082237
439.0 4.7589064651751265
439.5 5.888908666074984
440.0 3.3812669255060817
440.5 0.2
441.0 5.010820788869793
441.5 7.1306695149302675
442.0 3.8431937174992066
442.5 6.758991904142578
443.0 3.0175334724123664
443.5 3.2974563614041412
444.0 1.369988883117006
444.5 5.748046992163271
445.0 4.9469603531642745
445.5 0.2
446.0 6.31273134667909
446.5 4.884569672527723
447.0 6.31968198598052
447.5 0.2
448.0 6.728856238581248
448.5 7.707642553796646
449.0 6.526899474165065
449.5 1.6830293678677948
450.0 2.4021117229664304
450.5 5.011027702061942
451.0 6.723283021500631
451.5 2.6014419786094645
452.0 5.8618806616087475
452.5 4.0520599378032784
453.0 4.382593262353338
453.5 3.6614797890328235
454.0 1.7110330826345246
454.5 2.9161704913958713
455.0 0.8183324241330321
455.5 2.8797394432126335
456.0 6.336224583523206
456.5 3.7174410281369807
457.0 3.8336846251423893
457.5 3.9862861845299586
458.0 4.976563042257474
458.5 6.029790529962834
459.0 5.481298605650751
459.5 1.0685093141159845
460.0 3.0840196869478125
460.5 3.1958085190948364
461.0 2.129870831284193
461.5 4.410236690705278
462.0 5.428607018384607
462.5 0.2
463.0 2.1358086965910834
463.5 7.251818962297453
464.0 1.220403946466631
464.5 6.263054142876499
465.0 5.335369744844911
465.5 2.053975131941847
466.0 1.6537095764508143
466.5 1.5264970412337115
467.0 6.29950618636204
467.5 5.3816360579824885
468.0 3.6074716093374217
468.5 4.01337227257647
469.0 3.070429011831372
469.5 3.5393799357359974
470.0 3.441478212994629
470.5 5.017796774685946
471.0 5.891126419120576
471.5 0.7164256645618301
472.0 5.162430724152468
472.5 5.096315315218503
473.0 4.008604128595142
473.5 3.5697094774882827
474.0 5.654123999867208
474.5 4.892251587439168
475.0 5.128486146749658
475.5 5.971567733957001
476.0 4.496282967925683
476.5 3.9810688488125505
477.0 2.9426552566309296
477.5 2.0586737841792826
478.0 0.7633616374234946
478.5 2.2176320766511965
479.0 3.922998243927026
479.5 3.646280535478812
480.0 1.573659989973884
480.5 3.262371976251313
481.0 3.261794590445093
481.5 5.440502580189147
482.0 2.8554329908169307
482.5 2.4694364310836265
483.0 2.9647794721034844
483.5 4.147001688500223
484.0 2.609552754618008
484.5 4.314603691175456
485.0 2.2307698887563605
485.5 5.631291936116391
486.0 1.8031774388175261
486.5 0.2
487.0 2.3237767710995314
487.5 2.806717974692461
488.0 5.020644319194844
488.5 3.2313952985072367
489.0 1.868756569336777
489.5 3.637222022737827
490.0 2.363391865663079
490.5 1.036689633426217
491.0 1.6702114259540202
491.5 2.679515015015759
492.0 3.8466464024535734
492.5 2.2163892705718546
493.0 3.4931347906776997
493.5 2.650894488347981
494.0 5.89833989361223
494.5 2.535050429236933
495.0 5.578733960399749
495.5 0.2
496.0 3.425958412298936
496.5 0.6294925917958611
497.0 3.137798779061351
497.5 3.273142575784087
498.0 5.0653972822451525
498.5 0.35959859147469553
499.0 2.8673643482469435
499.5 3.1730845272127
500.0 6.5392102179585265
500.5 0.43316534987301525
501.0 1.14266427521757
501.5 5.412596780342888
502.0 4.892189813125544
502.5 0.2
503.0 2.1051434680513132
503.5 4.220502591892943
504.0 1.945544949900579
504.5 2.673691248959243
505.0 2.326839769897289
505.5 3.2060964773282055
506.0 0.2
506.5 3.576085119254273
507.0 3.9415512935709995
507.5 2.8338931743260796
508.0 4.341624565255881
508.5 0.3258758289048993
509.0 3.1319886329327544
509.5 2.207504077888017
510.0 3.2070387769969244
510.5 6.558220101784478
511.0 6.4213712439468225
511.5 1.5173510889008175
512.0 2.078878552140324
512.5 2.9113605865674193
513.0 6.2295051953680565
513.5 3.490755631985219
514.0 4.215503536741894
514.5 1.9465039087090488
515.0 2.9685427364613055
515.5 1.7002316612889299
516.0 1.5792491833070688
516.5 3.6474390921874966
517.0 4.054719190858569
517.5 2.865259292050795
518.0 2.932032426142025
518.5 3.477623975682649
519.0 0.7797982786341988
519.5 1.547638386867996
520.0 2.3600338260270206
520.5 1.6354205363954566
521.0 2.8408191922842834
521.5 1.8756180528775899
522.0 2.2873790417016733
522.5 5.004440820328847
523.0 1.9713294081674415
523.5 2.6292992530481127
524.0 3.7194684932760302
524.5 2.2477296272880523
525.0 2.689102121044936
525.5 4.602843017786473
526.0 2.684790356228402
526.5 2.2306683176055397
527.0 2.2835692336550015
527.5 0.4094359179357645
528.0 2.563538740631053
528.5 2.460917519197933
529.0 1.4767755358080972
529.5 4.427681332361312
530.0 1.4845803080317903
530.5 3.4818402624641585
531.0 1.994326971715581
531.5 2.0890443012283355
532.0 2.251476282037263
532.5 3.8822676358421884
533.0 3.0120179969615557
533.5 4.353343058956556
534.0 3.5121988923830147
534.5 5.786337473425224
535.0 4.154523538938358
535.5 1.0583224454289923
536.0 0.9171931315826769
536.5 5.401663678266848
537.0 4.39398597571296
537.5 3.7749150851405298
538.0 3.5735198133970645
538.5 3.5137187462021933
539.0 5.679239767959353
539.5 6.619727351423162
540.0 6.518259496270984
540.5 3.0024263943739387
541.0 8.702950475379952
541.5 6.069118391816765
542.0 0.452587968836184
542.5 0.40702058323540635
543.0 5.526816499699233
543.5 6.140001263206939
544.0 6.073452123839312
544.5 1.0212706056639873
545.0 4.808766645937879
545.5 3.5749976812196698
546.0 5.05121269160126
546.5 6.979608008924622
547.0 8.57416278771993
547.5 1.6577763360797277
548.0 2.58980024526896
548.5 3.8193689060722864
549.0 8.118587982086297
549.5 2.962440844786407
550.0 4.39573028579789
550.5 0.2
551.0 1.4159290435377463
551.5 4.798452286101988
552.0 4.605673083575842
552.5 3.9119181782584342
553.0 4.138419285594135
553.5 1.3092911246957923
554.0 0.2
554.5 2.252251818910846
555.0 5.394160122202704
555.5 4.014289588136701
556.0 5.042837881026587
556.5 3.0723268955754497
557.0 5.715281159678009
557.5 4.6777567825379585
558.0 5.031085969643582
558.5 3.882968067259309
559.0 4.499804992865302
559.5 6.0987467379916716
560.0 6.614701055485109
560.5 1.5006970769760957
561.0 4.517942221900338
561.5 1.8629430658321142
562.0 6.132847353479207
562.5 4.502937431772491
563.0 5.412026251015803
563.5 3.789078092436481
564.0 3.0111870020630525
564.5 3.3408894147740105
565.0 3.8087065657054313
565.5 3.715912897739167
566.0 5.308252411371817
566.5 0.7891216641036083
567.0 2.106869792077344
567.5 3.9066874286497826
568.0 5.188858581455788
568.5 5.558529077858585
569.0 3.2967899503551505
569.5 2.732357377881417
570.0 3.5137756065227492
570.5 3.6821793220934613
571.0 2.4831408492000153
571.5 0.989295172182592
572.0 2.7521259694120443
572.5 4.1053433920068185
573.0 2.278658654226616
573.5 2.79153237083398
574.0 3.964579292167411
574.5 2.567323993790824
575.0 5.7179221640142845
575.5 1.8101165717864482
576.0 4.070469068738904
576.5 5.067997470234207
577.0 3.0159537178167315
577.5 4.546027896972342
578.0 3.350670663953557
578.5 2.835237479695181
579.0 5.803320128400257
579.5 4.909628272882354
580.0 1.361726304029374
580.5 1.151459527879255
581.0 2.7590485459958463
581.5 5.247617079511371
582.0 4.384110519588454
582.5 1.1328290205026237
583.0 6.6867116476434445
583.5 0.2
584.0 4.6015833839457345
584.5 1.0853215426420906
585.0 5.000996987639915
585.5 1.0355775648322683
586.0 4.242007152462078
586.5 0.9851261796623647
587.0 2.5518273411708785
587.5 3.1672099247806003
588.0 1.1327276815417917
588.5 0.2
589.0 2.2075711331679533
589.5 3.126884791758097
590.0 5.347007471448033
590.5 3.063736367193468
591.0 1.5642817847893373
591.5 3.43719345453285
592.0 6.695341581021413
592.5 2.16781144759041
593.0 4.671952066725655
593.5 2.6139477749159603
594.0 3.944424477032303
594.5 2.047312140987491
595.0 1.8769177759680573
595.5 3.536258573462227
596.0 1.9021968547685852
596.5 1.7399825079744762
597.0 1.5016045247607508
597.5 2.3127051390893234
598.0 3.544267006274353
598.5 2.3766757025329133
599.0 2.9499647650613285
599.5 5.50767002157231
600.0 5.279720050578928
600.5 3.2156131679441695
601.0 2.854880473291811
601.5 3.148754462175159
602.0 3.787184222452333
602.5 3.0120764614349134
603.0 1.5246466135415304
603.5 2.3618511536279296
604.0 1.2446673144222598
604.5 0.2
605.0 4.6485484894753775
605.5 3.6726208080367986
606.0 4.873617817822258
606.5 4.288031339404673
607.0 6.621504587963955
607.5 2.2040425536293045
608.0 6.566950620479243
608.5 6.012486986413387
609.0 2.9389105270001066
609.5 3.592657151246998
610.0 4.528010884352158
610.5 0.8032566101459984
611.0 2.1004182352577647
611.5 0.4675446275619133
612.0 5.169380762091547
612.5 3.3534727290026125
613.0 3.6548498269215814
613.5 2.2087788866788864
614.0 2.9212268399373187
614.5 6.185171742885453
615.0 3.2121002465924664
615.5 3.6588045870674546
616.0 3.5943347326383885
616.5 2.240884029781352
617.0 5.960416142832301
617.5 2.851404768451108
618.0 4.588472029369238
618.5 6.707944245850722
619.0 3.4105945314530053
619.5 2.541511270929642
620.0 3.1821341408450143
620.5 0.22410117436476984
621.0 4.704591807899959
621.5 5.118050873566423
622.0 4.553858610546415
622.5 4.908903293294015
623.0 4.616863992063633
623.5 2.6376377578930374
624.0 0.2
624.5 2.6194693467430294
625.0 2.3874655728371947
625.5 1.7636696687219318
626.0 4.182538520822085
626.5 1.8727220916251932
627.0 2.249908699130592
627.5 1.7629629076672215
628.0 0.4485965941985013
628.5 0.7473361144584703
629.0 2.1155784961780197
629.5 1.2653104186928952
630.0 3.8921801859486673
630.5 3.6129390374905768
631.0 1.4871812122219936
631.5 4.173286911878005
632.0 2.671628199431085
632.5 0.8484349493141452
633.0 0.8037747029449198
633.5 0.7250375715570825
634.0 5.284383380019793
634.5 2.829140467526405
635.0 3.416239326759314
635.5 3.5561285104763343
636.0 2.9142285261894614
636.5 1.708854208631549
637.0 1.9555688253551384
637.5 3.860281310331067
638.0 4.021598384500445
638.5 1.4940485979032705
639.0 3.2244887674553606
639.5 3.91304953643293
640.0 3.600187335758646
640.5 4.282256139158202
641.0 4.393905122409242
641.5 0.36368047027551365
642.0 1.7298749149703885
642.5 1.5857375921727435
643.0 3.4440162606958284
643.5 5.658852691210074
644.0 2.9892246700315708
644.5 3.081599078363822
645.0 3.7556548306493824
645.5 3.662585639424978
646.0 4.55572382642378
646.5 1.5035704174554216
647.0 4.661418107398095
647.5 2.4591355403220168
648.0 2.052699852842313
648.5 1.6616086914115598
649.0 1.8170176139513616
649.5 5.558754401486781
650.0 2.0256179671582313
650.5 4.182403628888995
651.0 4.618603481237191
651.5 5.670697509595211
652.0 1.0746155021252695
652.5 5.686731917413251
653.0 2.2963351217550456
653.5 3.5649009385065535
654.0 4.509878685063394
654.5 3.8748444740972383
655.0 0.4911840162648957
655.5 0.48444796455125516
656.0 4.062006746479215
656.5 2.381089052844839
657.0 2.749244100735984
657.5 4.765548166390413
658.0 4.425513533197941
658.5 4.352934824904464
659.0 3.6495307976600353
659.5 2.8030859439280293
660.0 3.8230305199275425
660.5 3.712921221586405
661.0 0.8865126197586624
661.5 3.3338598458240574
662.0 2.46166352023029
662.5 0.8671325231857099
663.0 1.7189831091195171
663.5 2.7782180313983984
664.0 2.219393065505602
664.5 4.595897908529773
665.0 1.9403376929931564
665.5 2.2386144146717357
666.0 3.6583316964789057
666.5 0.2
667.0 2.2749333665781024
667.5 0.974373540150578
668.0 3.7188102233573757
668.5 5.8088821330307105
669.0 2.591104248305088
669.5 4.069612341197779
670.0 4.9481041410166
670.5 0.5517807014780614
671.0 0.2
671.5 2.6929241970307984
672.0 3.307068611991825
672.5 3.9325737574499806
673.0 4.1407357540798255
673.5 6.4993977025983485
674.0 4.2767765959344635
674.5 4.775056114507217
675.0 3.9407115774373787
675.5 5.908963309806161
676.0 7.09528940108441
676.5 1.7418803113811725
677.0 7.724609815332137
677.5 3.323459054564455
678.0 4.636375762306058
678.5 5.463659080997837
679.0 5.046430897223132
679.5 2.434743426538287
680.0 3.9790158011160326
680.5 6.503172966320151
681.0 6.2169268769567205
681.5 2.184859692051758
682.0 0.8187636530397362
682.5 5.654066416967197
683.0 0.6473027544294214
683.5 3.61556086603946
684.0 1.5969147967939015
684.5 3.9670463723868186
685.0 2.8494421739211333
685.5 4.069402658120817
686.0 6.135212101822289
686.5 3.9253677285145887
687.0 2.234281048584635
687.5 6.609291257174176
688.0 5.913164785192485
688.5 4.690669170545188
689.0 1.2319398043891376
689.5 5.594823786065955
690.0 9.300562925464089
690.5 2.6816517458390994
691.0 5.053656877312708
691.5 2.767572511857166
692.0 2.4365097473682376
692.5 0.8500207067961951
693.0 1.8007409914219532
693.5 5.175593209398641
694.0 5.3385834139167345
694.5 3.2745277499495757
695.0 1.3194138134113271
695.5 1.8415651062166905
696.0 3.036148521474403
696.5 0.2
697.0 4.120735101098601
697.5 1.6624456326374486
698.0 1.304091216217138
698.5 3.644026003212979
699.0 2.236409194008156
699.5 1.5152535978789796
700.0 2.1638316578859182
700.5 7.018357767516948
701.0 3.5843294112055997
701.5 2.757802557497884
702.0 3.9628040954690693
702.5 1.9778377516339178
703.0 0.2
703.5 4.411279779489898
704.0 4.839598096618543
704.5 4.9979271375763625
705.0 2.566320804519267
705.5 1.2451676253177557
706.0 5.974177781276949
706.5 0.2
707.0 1.8221504739409384
707.5 0.2
708.0 0.9613323361133963
708.5 3.0249177684442423
709.0 5.369822936211939
709.5 4.248588606730409
710.0 2.0956424784600434
710.5 4.206210645269737
711.0 2.690748952522296
711.5 3.1418848998809206
712.0 0.9216138072765503
712.5 1.3184957565616946
713.0 0.3521767352216525
713.5 2.7959083801708005
714.0 3.697916743216222
714.5 2.870879627410216
715.0 2.84889389265643
715.5 3.8686949181592327
716.0 1.6893566965404596
716.5 0.8659144697286936
717.0 0.8522985894332988
717.5 5.193822214618098
718.0 0.2
718.5 3.405454902273413
719.0 0.7382234572826363
719.5 4.737125879586735
720.0 2.67556302567571
720.5 1.7700796893467836
721.0 5.045141128355991
721.5 3.0681064276374896
722.0 1.8805133577519335
722.5 2.3246191141240558
723.0 3.843289258211006
723.5 2.295052565958273
724.0 0.8949658317580806
724.5 2.655413707558048
725.0 2.21519085579292
725.5 4.279232038704162
726.0 0.2
726.5 1.8361893810116081
727.0 3.8384025884692887
727.5 4.0267900105133165
728.0 2.1736316061959142
728.5 1.9212296245697482
729.0 2.467854058727762
729.5 1.3697861996833567
730.0 4.438522757638497
730.5 3.637214662274725
731.0 3.963917473575318
731.5 5.0960589400710825
732.0 0.23239298613489323
732.5 7.129290030011973
733.0 5.845538772087405
733.5 1.849138789576453
734.0 3.244002896776779
734.5 5.894265907889685
735.0 3.3677476477961372
735.5 6.725047122236026
736.0 0.9158556349472691
736.5 0.8932903750935957
737.0 1.4024743097693937
737.5 3.0683250819986476
738.0 3.192481068636873
738.5 4.156977127535096
739.0 3.5785271899487414
739.5 2.7357419054272283
740.0 3.518214128895503
740.5 1.452745218903003
741.0 2.0383721874425236
741.5 0.2
742.0 1.570897664179219
742.5 3.9056844999830393
743.0 2.567666517276421
743.5 1.0061593450617767
744.0 2.4006164251754303
744.5 2.786743517761483
745.0 1.501839273490124
745.5 3.2977501979388446
746.0 4.052095688594315
746.5 4.8975898515247875
747.0 4.666803558322566
747.5 5.301281529389383
748.0 5.653683535609776
748.5 4.760005863568499
749.0 2.1534920299202027
749.5 4.06222547504633
750.0 4.613771710516002
750.5 6.656616397360783
751.0 6.184270074776984
751.5 3.739455936238514
752.0 1.6330493083979691
752.5 5.990540826359927
753.0 4.583030882384272
753.5 6.221896699841467
754.0 9.539073955838674
754.5 2.163034239792882
755.0 1.3012970319775823
755.5 2.971331047166875
756.0 0.2
756.5 7.44621023823472
757.0 4.811260936456168
757.5 5.465940837679744
758.0 4.443595677451297
758.5 4.442518355296474
759.0 6.4344759892479235
759.5 11.999890543006407
760.0 4.826428868909142
760.5 2.2778043156714114
761.0 1.3357170164753573
761.5 7.166069457847194
762.0 7.621498678902328
762.5 4.814607029221745
763.0 1.322869351005584
763.5 4.477905575741682
764.0 5.936297269099045
764.5 6.100626284671352
765.0 4.790845599101998
765.5 3.2207697454259145
766.0 7.4123300313705816
766.5 0.2
767.0 3.9098542530214253
767.5 8.694590744947508
768.0 4.953671207948964
768.5 8.19942070787422
769.0 8.731022557211404
769.5 6.969886995219168
770.0 2.2552175361686806
770.5 5.799800524188989
771.0 7.759040558657876
771.5 5.4017022292391275
772.0 5.285199082161841
772.5 6.406146114652309
773.0 5.112231039971656
773.5 4.437745492847556
774.0 3.1497911597619233
774.5 5.975767774581708
775.0 4.534769276979179
775.5 4.927490183172765
776.0 8.360950167230657
776.5 4.9546176892667475
777.0 2.710977260770318
777.5 7.229933072227094
778.0 4.332369867554061
778.5 2.801846330580691
779.0 3.3632978367420163
779.5 9.84665223608215
780.0 7.148193082686605
780.5 3.369503600517151
781.0 0.2
781.5 3.1169199532133742
782.0 6.328958733155187
782.5 4.022508949157612
783.0 4.121233706578293
783.5 2.5784065352647523
784.0 6.388232730390662
784.5 4.892320265801634
785.0 7.673745314614399
785.5 6.9894426474353715
786.0 0.2
786.5 3.747920002447316
787.0 3.277030523630941
787.5 3.7348157600189165
788.0 4.534407320476276
788.5 7.68305224263192
789.0 1.4748481502311117
789.5 4.957274487177102
790.0 3.6797000008365592
790.5 0.9079319590100581
791.0 3.214028510997511
791.5 2.4956346388346486
792.0 3.7620236015848807
792.5 3.3114526859408944
793.0 2.639850188286417
793.5 3.78217607194492
794.0 3.5580902303482276
794.5 4.806630892261774
795.0 5.013976870543847
795.5 2.1788371516185574
796.0 3.2639258790428802
796.5 3.672719064845421
797.0 3.8390013540741488
797.5 2.600342679950805
798.0 4.123295119022101
798.5 0.5353879586178341
799.0 2.6239493974774324
799.5 2.9478739124219855
800.0 3.845899202348405
800.5 0.7040652861626169
801.0 2.7145866781690158
801.5 0.42131554100502333
802.0 5.315240470191609
802.5 4.0463573761893805
803.0 8.058776846016277
803.5 5.999270205055824
804.0 5.6516719544113005
804.5 1.5836934497802653
805.0 5.380010550259692
805.5 3.0421826105901504
806.0 5.080021451903735
806.5 4.467068936571605
807.0 7.4859268618453765
807.5 0.2
808.0 5.498433809463496
808.5 3.7349857201916787
809.0 2.9504926273192975
809.5 4.480049152793887
810.0 3.00173373211668
810.5 3.5583004515351506
811.0 1.8935048933875676
811.5 4.50556961438386
812.0 5.128254934314381
812.5 2.3668126023924443
813.0 3.421475189790259
813.5 7.072105660843299
814.0 9.17904187770442
814.5 7.180346134229989
815.0 0.2
815.5 3.13706919494454
816.0 7.0872993224880165
816.5 4.650693308950373
817.0 4.219286425863924
817.5 4.981494012809505
818.0 4.68301712901609
818.5 5.211445121988428
819.0 2.187352659657355
819.5 0.2
820.0 5.46604797243714
820.5 6.457523641026073
821.0 4.6109152925042975
821.5 6.634307277593706
822.0 4.272893217621032
822.5 1.9855258146257793
823.0 1.7599634248633542
823.5 3.4726717138792167
824.0 5.888955651851801
824.5 5.128835104615054
825.0 7.320700234084195
825.5 1.9492962353418175
826.0 4.2340512568516635
826.5 6.866991731120875
827.0 4.364230356026151
827.5 3.9864656868197215
828.0 5.854928870672878
828.5 0.5988657786045533
829.0 4.594308955843506
829.5 2.149234813546049
830.0 2.699434158475953
830.5 0.2
831.0 5.450803950019389
831.5 6.319585321570036
832.0 2.217033599370783
832.5 1.830186198339606
833.0 2.0194004176282863
833.5 1.5303920561437434
834.0 5.635242201303191
834.5 4.41638415431651
835.0 2.889369707433885
835.5 7.804299975157267
836.0 8.86764071254261
836.5 0.6302643040660552
837.0 4.315003061904003
837.5 2.7328513573280606
838.0 4.011005070088276
838.5 2.650872871117763
839.0 0.7765994349140026
839.5 1.5321923401354636
840.0 2.5983463962625235
840.5 4.08201088122964
841.0 1.4682355098739235
841.5 4.673675356886006
842.0 7.662342532981425
842.5 3.423315403301957
843.0 6.667300891711188
843.5 4.5523204026926845
844.0 8.4706009762444
844.5 3.7645506768902086
845.0 6.145251642927166
845.5 3.372889164198986
846.0 8.15881913725154
846.5 5.405202970703448
847.0 4.782353425267016
847.5 5.144166697066909
848.0 4.572533744596863
848.5 7.106783562099293
849.0 3.0559448692234423
849.5 3.620507231498655
850.0 5.328047476037527
850.5 2.5199842744497425
851.0 7.007990498944034
851.5 5.316673638660973
852.0 5.625859409755423
852.5 3.872218271375881
853.0 5.604606020106305
853.5 3.954824416931882
854.0 1.0963009562102286
854.5 2.6393067328892235
855.0 0.2
855.5 2.4117925039682664
856.0 1.2191364249028656
856.5 6.348666506181647
857.0 7.908768917620069
857.5 8.136993223884609
858.0 5.521245691014677
858.5 3.531263517576791
859.0 3.7522455363596556
859.5 2.8334099141082723
860.0 2.5523404453367866
860.5 3.23370013448665
861.0 3.7259290613453766
861.5 1.1530488853918226
862.0 4.357615058163743
862.5 1.0261357936095696
863.0 3.871026179190433
863.5 2.1859297975464185
864.0 2.8937022749223518
864.5 2.4385982409261664
865.0 2.3508972905188736
865.5 1.5061265018411547
866.0 3.704821681169636
866.5 5.266532203687433
867.0 5.471360761600067
867.5 1.316992089361261
868.0 3.954000548643398
868.5 5.37295193692303
869.0 3.451777659126217
869.5 3.908819081616596
870.0 2.762332596751911
870.5 3.058120053682708
871.0 0.2
871.5 3.7788633665688303
872.0 2.631806351286232
872.5 5.840071385222159
873.0 2.0494305058158186
873.5 2.794327640959518
874.0 3.0527567283941477
874.5 3.8469971809443857
875.0 6.590761058333008
875.5 3.4401944625707213
876.0 4.754230058150791
876.5 3.8424293024316802
877.0 1.7762979742243292
877.5 3.698434963119542
878.0 4.9757369818295345
878.5 2.617404619518255
879.0 3.347839627621892
879.5 4.869508233314565
880.0 2.630598931990005
880.5 3.6929728524614838
881.0 4.12356356558848
881.5 3.9601073699304616
882.0 5.120084696361934
882.5 2.9189099486451453
883.0 3.949340627436964
883.5 4.721773189970946
884.0 2.275226771958165
884.5 3.979288823495875
885.0 4.008015334994933
885.5 0.44895600712229955
886.0 5.394651155926095
886.5 1.3991028699738006
887.0 2.6489700834754197
887.5 2.649186311244774
888.0 1.6849001770246899
888.5 6.553966832548538
889.0 1.8309472235394058
889.5 4.27549560076407
890.0 3.8664563771256732
890.5 2.2010219575130634
891.0 2.496151395484162
891.5 4.580917682798196
892.0 4.594639223177397
892.5 0.2
893.0 5.394837548124071
893.5 5.31110261746017
894.0 0.2
894.5 3.118639427764354
895.0 5.20876965282234
895.5 5.997527475941107
896.0 2.558974380493946
896.5 5.01632244175253
897.0 4.161495473934785
897.5 3.886694354673378
898.0 0.9092150677284727
898.5 5.003576764021862
899.0 3.104525287495574
899.5 0.8084428270547668
900.0 5.324007573920885
900.5 3.5699232291242904
901.0 0.2
901.5 0.2
902.0 7.592801262467214
902.5 8.707092720875536
903.0 2.0613254276560204
903.5 4.319950392593858
904.0 4.662990676505236
904.5 0.5371394956694662
905.0 3.6658027747324198
905.5 2.545111150452536
906.0 5.409462891852565
906.5 8.705982226832417
907.0 3.3474581314025986
907.5 4.83956141181716
908.0 4.144899806171383
908.5 3.8810932562702707
909.0 0.83971374071074
909.5 7.018829906010053
910.0 4.159137630136948
910.5 1.611723398948619
911.0 0.2
911.5 3.4890047043174333
912.0 3.3735385295059235
912.5 0.36826252235261014
913.0 2.8374529370180435
913.5 2.4326137577193307
914.0 2.863593104068747
914.5 3.8552840530433152
915.0 2.127402991671031
915.5 4.938006946764448
916.0 1.2549891518060012
916.5 0.2
917.0 5.881980046520324
917.5 8.14369976952581
918.0 4.109338565305684
918.5 1.95028505259963
919.0 2.2680077926213635
919.5 3.2848593807430886
920.0 4.459501956375966
920.5 1.4718731936602885
921.0 5.4129688198473405
921.5 3.907511435928786
922.0 5.184109715958099
922.5 5.192383291269648
923.0 4.532602079122201
923.5 2.615792938772861
924.0 1.4941003787388862
924.5 1.778003429434659
925.0 6.2696691380546525
925.5 0.2
926.0 2.0062703996650564
926.5 2.4743867033158633
927.0 1.5575490580583056
927.5 1.205920532007922
928.0 2.640721322804007
928.5 4.36486061196532
929.0 2.230765244490539
929.5 2.6305926808463447
930.0 1.1473210573908117
930.5 1.4372684609612776
931.0 2.3453002869218618
931.5 0.2639799060728436
932.0 2.3150350932452564
932.5 3.9385199360375376
933.0 3.5635988740508564
933.5 1.976569390539832
934.0 3.395220841604929
934.5 3.758756254474616
935.0 2.4744026041266194
935.5 0.2
936.0 1.260031649042629
936.5 2.768725749817026
937.0 2.9134486947592086
937.5 0.7999617955805265
938.0 3.0854730517174715
938.5 3.079689583032007
939.0 0.8698574605215981
939.5 1.7696572080195132
940.0 1.009888138513523
940.5 4.710905082212744
941.0 3.0935957662159117
941.5 2.144700309672154
942.0 2.336914849332714
942.5 2.90940802387264
943.0 1.4359009664287976
943.5 1.545160947833641
944.0 1.6341804727285394
944.5 3.7308623511883483
945.0 2.892014111252716
945.5 4.026926284823134
946.0 1.486623031293263
946.5 1.6808304258219646
947.0 1.6514913782010607
947.5 2.2096806981329444
948.0 1.363070653249574
948.5 1.2532546742900046
949.0 3.943229295406363
949.5 3.2399874779028703
950.0 3.2987868566738863
950.5 0.8537927412391675
951.0 2.8805429325883445
951.5 1.0396104125569952
952.0 2.0598869544347767
952.5 1.5597318163475586
953.0 3.712036059715903
953.5 1.3142766375928465
954.0 2.119960757832655
954.5 2.8539810848043743
955.0 2.034466929698225
955.5 3.2992965033424273
956.0 0.7911782299946635
956.5 2.2867808120180153
957.0 0.6768360489859329
957.5 1.7755202082268984
958.0 2.14382182003798
958.5 2.706914846532669
959.0 2.1279980129982237
959.5 1.9550912100513052
960.0 3.257172704650528
960.5 3.2558890544389287
961.0 2.387776616201964
961.5 1.6333960579560998
962.0 1.5299349579937127
962.5 2.4521135156180183
963.0 0.2
963.5 0.2
964.0 3.062388053115014
964.5 3.2415200596973213
965.0 3.7722937697019194
965.5 2.305445719070565
966.0 2.299952251204352
966.5 1.4012775456039936
967.0 1.6569560972507478
967.5 3.179519725019593
968.0 2.520375520795431
968.5 3.664673506296093
969.0 1.6267379308330754
969.5 0.2
970.0 1.4678332285102038
970.5 2.2813457656848417
971.0 2.3650699544919673
971.5 3.5167690171254855
972.0 4.22763640625766
972.5 1.8782389679205032
973.0 3.315434115244914
973.5 1.8968642607726078
974.0 2.7229671710599734
974.5 2.365294220788908
975.0 2.8322343350141077
975.5 1.6805988960975375
976.0 2.0516996959265086
976.5 1.1961191674289626
977.0 3.4267809894053776
977.5 1.2874959024195585
978.0 0.2
978.5 2.8973907128151977
979.0 3.657953520980187
979.5 3.2808118925212773
980.0 2.0073360584103765
980.5 1.5458839781071065
981.0 4.033277812941506
981.5 3.6546129918643806
982.0 3.213512353587483
982.5 0.7275411603458477
983.0 3.3956510914542513
983.5 1.7116991374787858
984.0 2.193738708954392
984.5 1.3224117905330444
985.0 2.7179855673990847
985.5 3.3143615129541457
986.0 4.089119811935039
986.5 4.555832822321046
987.0 3.17460194698051
987.5 0.5225038126884187
988.0 0.6810649337127872
988.5 4.44231087704096
989.0 2.7310643584718686
989.5 1.9552583824188356
990.0 3.2808588741425533
990.5 1.5580707831729823
991.0 2.0898571493433766
991.5 3.1652524591859503
992.0 2.348228833341688
992.5 4.813427462517712
993.0 0.969995603760635
993.5 2.604736332807619
994.0 3.4300696552429066
994.5 2.074946116605122
995.0 3.7106652885649454
995.5 2.8458722749530763
996.0 4.916215780331001
996.5 1.1333050159515585
997.0 2.5485764737515204
997.5 2.7189854040013723
998.0 3.0625618447506824
998.5 3.4080016945753124
999.0 1.7103822846681878
999.5 4.586816164799436
1000.0 5.172891602897983
1000.5 3.9738291183243257
1001.0 5.312754067789321
1001.5 3.264954973558231
1002.0 4.778482027704125
1002.5 3.5778286589120305
1003.0 4.15455692970758
1003.5 2.1813163299811755
1004.0 5.886130826930781
1004.5 1.5028065004845876
1005.0 4.742400304474914
1005.5 4.351541064496278
1006.0 1.9572029033506997
1006.5 2.8506786294061124
1007.0 6.2367665547028395
1007.5 0.5360160729999981
1008.0 6.989126243606851
1008.5 2.197377077724581
1009.0 4.999184920492719
1009.5 2.9346474852273943
1010.0 4.735158549174644
1010.5 5.359401361951557
1011.0 5.659482069698345
1011.5 5.563634331206736
1012.0 7.170919369328037
1012.5 1.7359118719541309
1013.0 4.026505854871826
1013.5 3.8345254711491448
1014.0 7.3471466521761695
1014.5 4.138485985255968
1015.0 3.110127474005603
1015.5 4.758141488489373
1016.0 5.139213471661904
1016.5 6.5818356641649585
1017.0 3.1663051096827455
1017.5 4.383411943018259
1018.0 3.205430525950525
1018.5 1.290028665738956
1019.0 3.895015137706796
1019.5 4.9304874862509225
1020.0 5.945918695281371
1020.5 2.8711296776111346
1021.0 1.1206916328295522
1021.5 5.0067129326055575
1022.0 3.5806801790395517
1022.5 2.9475005686005282
1023.0 5.46016168417363
1023.5 3.8142959474047333
1024.0 1.6296031817680956
1024.5 1.493013823728123
1025.0 1.5443448399698245
1025.5 4.158197258542281
1026.0 3.3181336164251714
1026.5 2.2183301486592115
1027.0 1.1333158136350288
1027.5 3.3586071919731384
1028.0 3.5673188544546397
1028.5 3.373350322523946
1029.0 2.181351050147239
1029.5 3.8264410936928446
1030.0 6.180749345920473
1030.5 0.2
1031.0 4.154839293787577
1031.5 1.1637234420521967
1032.0 1.907985107584081
1032.5 4.523686693634698
1033.0 1.3180142003277564
1033.5 3.491773811796618
1034.0 1.3643845477846763
1034.5 1.2031840297689167
1035.0 2.916351681992018
1035.5 2.537865322650824
1036.0 4.0107611429726235
1036.5 2.5410341680756723
1037.0 1.6145645389548546
1037.5 8.251949945902606
1038.0 6.2393003164350995
1038.5 5.564515738654698
1039.0 3.9024572512075206
1039.5 0.9682123411650245
1040.0 2.536956912564185
1040.5 2.7700087777163267
1041.0 6.235058812877771
1041.5 2.479543111154403
1042.0 5.303416186904496
1042.5 2.4406650959835394
1043.0 9.76562412466496
1043.5 4.917567451157575
1044.0 7.68933186899147
1044.5 0.2899003761791694
1045.0 3.209959036384863
1045.5 3.087412398006065
1046.0 2.613036313430156
1046.5 1.7931292654654816
1047.0 8.171447970450089
1047.5 7.89243867672748
1048.0 0.2
1048.5 1.4776738952221895
1049.0 5.534289794818498
1049.5 5.06576143597243
1050.0 5.442757579050373
1050.5 5.0088043625212935
1051.0 3.710697273169613
1051.5 2.5015101389503784
1052.0 2.993208850002432
1052.5 1.848354612315019
1053.0 2.1190394328919546
1053.5 2.430281284078816
1054.0 3.2573986468572222
1054.5 4.3392688960001
1055.0 1.3785135115348939
1055.5 3.5668051255748994
1056.0 3.1083954668107134
1056.5 1.9890400988598507
1057.0 5.086551340735886
1057.5 3.376732303639201
1058.0 3.244230839284919
1058.5 3.8294089734308785
1059.0 1.7651956735682324
1059.5 2.036282475884405
1060.0 6.397016708710884
1060.5 4.530771734681721
1061.0 0.2
1061.5 6.016260537986377
1062.0 3.7375401615822756
1062.5 0.2
1063.0 7.4595991264283175
1063.5 5.780850424201697
1064.0 4.560834902428006
1064.5 4.119298094359583
1065.0 5.834545752826298
1065.5 5.684332749419385
1066.0 3.7240435713325013
1066.5 1.3559784471017835
1067.0 3.124149160905862
1067.5 5.247198618150179
1068.0 2.0671817768002754
1068.5 3.343730954059829
1069.0 2.466923735790979
1069.5 1.1344416420614305
1070.0 2.9095319147922876
1070.5 3.601809642021733
1071.0 3.6435259612779394
1071.5 4.219104626031449
1072.0 2.6468895208968597
1072.5 4.592316105828579
1073.0 2.9929584714381914
1073.5 1.238996577618692
1074.0 1.7374145221678194
1074.5 0.8974034452484807
1075.0 4.988810924368076
1075.5 5.5582024476131515
1076.0 1.247074082878895
1076.5 4.215651970181966
1077.0 6.175439265816834
1077.5 5.384058489948478
1078.0 0.7384781005016947
1078.5 5.20383824229142
1079.0 5.452650382974754
1079.5 2.3044926983625174
1080.0 2.6251255325325897
1080.5 2.15155940067436
1081.0 5.396859328435335
1081.5 0.2
1082.0 4.495576762753803
1082.5 2.040993285130441
1083.0 0.8961874225579844
1083.5 6.891685608086819
1084.0 5.306854127633258
1084.5 3.2093313116828366
1085.0 1.9639700573017531
1085.5 2.6059346330445825
1086.0 0.7774049810012005
1086.5 5.649280206183425
1087.0 3.1775554863370146
1087.5 5.313721581301014
1088.0 1.9965262778036925
1088.5 6.569336510007959
1089.0 4.226864551107274
1089.5 4.005853105230717
1090.0 2.710040901681789
1090.5 7.144260076130452
1091.0 3.0925191988872798
1091.5 1.782621661215745
1092.0 5.837825798700833
1092.5 0.9633826052510082
1093.0 3.1194390060803414
1093.5 3.112234156299018
1094.0 3.9239476351855602
1094.5 3.2923432275387166
1095.0 3.626658630524002
1095.5 0.2
1096.0 3.2926476601482935
1096.5 4.662089065702555
1097.0 2.184539200468111
1097.5 2.8239519417879504
1098.0 5.842417539289414
1098.5 0.38541072708963897
1099.0 0.2
1099.5 3.7484746602074632
1100.0 5.946048212272842
1100.5 1.1241816955068482
1101.0 4.2206277856156476
1101.5 2.858060936732931
1102.0 3.176736686355745
1102.5 3.730797544782744
1103.0 3.2244523551773954
1103.5 4.557241063124399
1104.0 2.76051556765414
1104.5 2.705474462269965
1105.0 3.838854580275526
1105.5 4.671950161581856
1106.0 1.5708493445483809
1106.5 6.528021350060582
1107.0 3.1910906077073995
1107.5 6.567631409428918
1108.0 6.254392017136038
1108.5 5.661956563775314
1109.0 4.360331442006238
1109.5 3.5964979309784515
1110.0 6.912124587510423
1110.5 6.588129083126237
1111.0 5.1783389607865615
1111.5 2.311753055492627
1112.0 4.15402662645053
1112.5 4.3012541730214044
1113.0 2.730722548666745
1113.5 2.3560243962953287
1114.0 4.474713198820508
1114.5 3.24330007269548
1115.0 7.066945325594467
1115.5 7.993149049957021
1116.0 2.554703810624358
1116.5 2.653602671256378
1117.0 5.379899239990091
1117.5 6.415767174472959
1118.0 1.8700073471484044
1118.5 3.6602004855449426
1119.0 5.291797935771361
1119.5 1.9123001891347982
1120.0 3.292275421291384
1120.5 6.5049369944308575
1121.0 1.8105091746818371
1121.5 5.51981461416412
1122.0 0.719365587782046
1122.5 1.2601810170642844
1123.0 1.6929135863084888
1123.5 8.365719655768393
1124.0 8.177762088110192
1124.5 1.8376817483456147
1125.0 5.967383152272814
1125.5 5.781122763815226
1126.0 5.832426665578772
1126.5 4.497966394091383
1127.0 7.217521508310616
1127.5 6.604733004275813
1128.0 8.2765384140525
1128.5 6.221143154952967
1129.0 0.8197431578617986
1129.5 4.263075617739144
1130.0 6.1324672092596355
1130.5 6.031081101251784
1131.0 4.873138704422256
1131.5 2.704655629321567
1132.0 8.799909138304772
1132.5 5.331103597356503
1133.0 1.6760606185659568
1133.5 3.676803748851107
1134.0 7.604637970196924
1134.5 5.49747110903599
1135.0 7.063757800221081
1135.5 3.9612345621994187
1136.0 2.998997355329924
1136.5 2.3467809680703007
1137.0 1.354019441403969
1137.5 4.402552208070734
1138.0 2.43225998997758
1138.5 1.6636296710825191
1139.0 4.580269282952681
1139.5 2.2344357182488124
1140.0 3.376183682771657
1140.5 3.544634592767227
1141.0 3.7423892660397797
1141.5 2.972450725557926
1142.0 1.7542727661180813
1142.5 2.1507116694289614
1143.0 1.3447286006596066
1143.5 1.1692454468263669
1144.0 1.6852985734521329
1144.5 0.2
1145.0 3.1349590011724846
1145.5 1.5355655251907063
1146.0 3.8427166211245787
1146.5 2.026910042888378
1147.0 1.3479693149213146
1147.5 2.7349222159589703
1148.0 1.6640091486518658
1148.5 3.355246005790256
1149.0 1.2711247143811675
1149.5 3.66894622032425
1150.0 1.4500114492695633
1150.5 3.100123765064622
1151.0 3.1678671240160137
1151.5 2.016349426717888
1152.0 2.4865524979648423
1152.5 2.946879438308038
1153.0 1.8576994169660128
1153.5 1.925930373704534
1154.0 1.9496639682274752
1154.5 4.1064034271528005
1155.0 0.35445053046829567
1155.5 2.4157279003952503
1156.0 3.370587483513586
1156.5 3.1328834383404907
1157.0 1.9299366649454783
1157.5 2.2515643689570783
1158.0 1.2006463916685222
1158.5 3.595207673302145
1159.0 1.9756801418821017
1159.5 3.451458687584485
1160.0 1.276082273395133
1160.5 2.783278157193116
1161.0 0.5483005933317306
1161.5 2.713721352344287
1162.0 3.4725170254069297
1162.5 2.662370461026554
1163.0 4.154961641287556
1163.5 2.0788853903491957
1164.0 3.6599705168688024
1164.5 2.347942781327789
1165.0 1.507446260679692
1165.5 2.336218244058205
1166.0 1.9472369598847488
1166.5 4.725726517225303
1167.0 1.3695457711145935
1167.5 0.3899377189486495
1168.0 2.2952040886439535
1168.5 1.8166064960073935
1169.0 1.2669202168611717
1169.5 1.1299511958432624
1170.0 1.1782122136721267
1170.5 3.371757090158029
1171.0 2.4168771493782133
1171.5 3.624079654702757
1172.0 1.5375935157788918
1172.5 2.8115346744895904
1173.0 3.1508474552747607
1173.5 1.4931820286032795
1174.0 0.8549627634925445
1174.5 2.7737807483338495
1175.0 3.072187972414206
1175.5 2.1396341421147693
1176.0 4.717880545339012
1176.5 2.564132587174954
1177.0 6.630415660814926
1177.5 0.5922533750623957
1178.0 0.9327683826753268
1178.5 5.315219937978642
1179.0 2.9549976491775842
1179.5 1.763785717206373
1180.0 3.6446362998879183
1180.5 1.359982808363629
1181.0 4.415093603293483
1181.5 0.2
1182.0 2.8804395285555193
1182.5 1.3490807126812654
1183.0 3.676917520425339
1183.5 1.5869817308489482
1184.0 4.741701653370382
1184.5 1.452119063310738
1185.0 5.866009720349079
1185.5 2.624863642009929
1186.0 4.428482944880957
1186.5 1.2052719451716332
1187.0 2.7497489857707245
1187.5 5.217241539389551
1188.0 3.984176066986316
1188.5 3.6660416131065046
1189.0 5.727636309448375
1189.5 4.397389049961619
1190.0 3.174425770006812
1190.5 6.021195816086973
1191.0 3.2152127214817767
1191.5 9.57278455104569
1192.0 7.653639533504235
1192.5 4.054920408473618
1193.0 6.640205394650247
1193.5 3.31415183985587
1194.0 6.49438937506477
1194.5 3.6505511647681606
1195.0 4.361828455102759
1195.5 5.608542188574035
1196.0 2.2338083358843472
1196.5 6.9435614279006455
1197.0 8.932255129218532
1197.5 1.368486455204534
1198.0 3.7805447154786957
1198.5 6.005292710400774
1199.0 6.2570269637889755
1199.5 2.3119570457330916
1200.0 2.5076572414781415
1200.5 3.8806919576936947
1201.0 1.9732667641935988
1201.5 1.0346982139427623
1202.0 5.671129992216015
1202.5 3.745056898319082
1203.0 2.4841031623894034
1203.5 6.339081065635944
1204.0 1.2670128412111725
1204.5 3.4457385454220733
1205.0 7.6972934223601595
1205.5 2.4756588873852063
1206.0 4.189905366596173
1206.5 1.5121964900486797
1207.0 3.03397774155785
1207.5 2.452734060982478
1208.0 1.7204874631964422
1208.5 2.7651399551633276
1209.0 3.9134104299000283
1209.5 3.7488120667049687
1210.0 4.137729278173632
1210.5 3.583096495047474
1211.0 4.232350705376703
1211.5 4.107445402481062
1212.0 2.968266629718047
1212.5 1.972947797691439
1213.0 3.995632616009856
1213.5 1.7265667244431462
1214.0 4.975202733125602
1214.5 3.9882501133508708
1215.0 2.9004963849940366
1215.5 0.2
1216.0 0.2
1216.5 1.9734074998731896
1217.0 2.7355737090653482
1217.5 2.9450949509736213
1218.0 6.837161349737305
1218.5 2.445990782291524
1219.0 2.3461739591416713
1219.5 2.001792091792993
1220.0 2.811902174697762
1220.5 2.9237611173577385
1221.0 2.6089756621163005
1221.5 2.3466320476885265
1222.0 2.2138274619950558
1222.5 2.7694362130110264
1223.0 4.8559779709203665
1223.5 0.44196094200920877
1224.0 2.2077629820668507
1224.5 1.5939277579874458
1225.0 5.863919083990709
1225.5 3.3376962664202177
1226.0 5.03059390889549
1226.5 3.3764647286294
1227.0 4.4749306816790675
1227.5 4.3970429242999005
1228.0 1.393900690099949
1228.5 0.5636344318013609
1229.0 3.4985461969270704
1229.5 4.985207305883162
1230.0 2.3934539161593893
1230.5 3.6448165999462447
1231.0 3.4585609908641017
1231.5 0.7642561884411179
1232.0 4.66983563224438
1232.5 1.085649644103909
1233.0 3.7531646124728892
1233.5 4.667449190810522
1234.0 2.432092590893661
1234.5 4.838193079413951
1235.0 4.790938922061706
1235.5 2.637644969626183
1236.0 6.151399109389233
1236.5 7.672389842127071
1237.0 3.6024544927783957
1237.5 4.287190938268248
1238.0 3.0278300691735334
1238.5 4.978762915431103
1239.0 0.379038243560343
1239.5 2.0612910382945997
1240.0 6.189085223204904
1240.5 4.674777132514022
1241.0 0.2
1241.5 4.61263782822793
1242.0 6.140523936004789
1242.5 4.907679349287115
1243.0 7.958301691536931
1243.5 6.050662480671669
1244.0 7.140307287758144
1244.5 0.4353321282856104
1245.0 2.5758876089355356
1245.5 6.200275657055352
1246.0 3.1909147625287844
1246.5 2.4229380510437513
1247.0 10.368338010539986
1247.5 5.005385824769974
1248.0 3.1342889569062278
1248.5 3.179978930235424
1249.0 4.906981321629422
1249.5 5.95425435234219
1250.0 3.4017341307468847
1250.5 6.104964398939342
1251.0 4.446109060627255
1251.5 6.738694737931196
1252.0 5.4205996382069115
1252.5 6.610155953440352
1253.0 2.1973772369958553
1253.5 5.31079280835821
1254.0 5.681559866057133
1254.5 3.829927222922643
1255.0 2.853747609579874
1255.5 4.7160143065619025
1256.0 3.159074169232321
1256.5 0.2
1257.0 6.381627932844353
1257.5 5.121071471502401
1258.0 4.630271026518168
1258.5 4.133502817861276
1259.0 6.017847406273364
1259.5 4.464194427674234
1260.0 4.114889875046647
1260.5 3.0266005746608746
1261.0 3.653333361505867
1261.5 3.6259353368731437
1262.0 1.5999436626978514
1262.5 4.63813555112959
1263.0 5.514260512417602
1263.5 0.2
1264.0 0.2
1264.5 7.800207515334687
1265.0 2.882211833752354
1265.5 3.1384693831536326
1266.0 2.52235262462526
1266.5 6.1563793579816135
1267.0 0.9468021391982013
1267.5 2.995070667159841
1268.0 2.301307501000954
1268.5 1.2014726014975485
1269.0 4.048881688950253
1269.5 0.2
1270.0 1.3305934564943889
1270.5 3.9876378462750424
1271.0 2.359418886290505
1271.5 5.528916568825277
1272.0 2.0036885153468673
1272.5 3.7424162805848997
1273.0 4.347869643130908
1273.5 6.760276160795874
1274.0 4.173260479128067
1274.5 0.6049077450282447
1275.0 2.102794964770456
1275.5 3.334456877053996
1276.0 1.142229056398969
1276.5 3.3948299456554087
1277.0 6.1308168045120155
1277.5 7.857682412906245
1278.0 3.50885551267878
1278.5 3.402023248248536
1279.0 3.1460677302854148
1279.5 8.821406463069913
1280.0 2.350284070784401
1280.5 3.7922535772835038
1281.0 6.272835001624968
1281.5 4.81723255276707
1282.0 5.298912008588174
1282.5 2.8230943401919975
1283.0 0.2
1283.5 4.248499007734221
1284.0 5.883428328981726
1284.5 2.9609669941644654
1285.0 5.131039659177294
1285.5 1.7842765066971786
1286.0 6.675509704941658
1286.5 0.4211213822279398
1287.0 2.815832134203328
1287.5 2.333896504736956
1288.0 3.9231475611458797
1288.5 4.42087530503205
1289.0 5.804139839716042
1289.5 5.259502935139675
1290.0 2.9452238527724033
1290.5 5.46306773233099
1291.0 3.4483758544452585
1291.5 7.4662527319719665
1292.0 2.2479802241554276
1292.5 5.5471218042232575
1293.0 5.155102395967665
1293.5 3.529054208574006
1294.0 5.720521447451532
1294.5 0.2
1295.0 2.8535276361300586
1295.5 1.7170541815215778
1296.0 2.390930967441893
1296.5 4.70394410031437
1297.0 5.936049103224012
1297.5 0.47811538902298567
1298.0 4.637184725561489
1298.5 3.352377752419074
1299.0 5.035298463403158
1299.5 0.2
1300.0 2.8568034527874477
1300.5 3.962079341752428
1301.0 0.2
1301.5 3.409739335219138
1302.0 2.64773071307114
1302.5 6.042123411487529
1303.0 3.6269169249518667
1303.5 2.9708987827574074
1304.0 1.3470366524924469
1304.5 0.2
1305.0 2.548551135078605
1305.5 4.9827288204058595
1306.0 4.649843222483119
1306.5 3.3653442195237737
1307.0 0.2
1307.5 3.09325473518825
1308.0 0.2
1308.5 3.591259813212469
1309.0 2.7309665571180655
1309.5 1.5564589792789043
1310.0 2.3918693284232218
1310.5 1.4371237477258574
1311.0 5.742724259127604
1311.5 0.5611333223420534
1312.0 2.45151990266604
1312.5 4.401895046021565
1313.0 2.523112148815654
1313.5 0.2
1314.0 4.072634134871279
1314.5 0.2
1315.0 3.0749754031997814
1315.5 3.8409352438547186
1316.0 2.199928443381836
1316.5 3.9215158319114307
1317.0 2.5137488515279522
1317.5 1.0272086274516532
1318.0 3.616453550892669
1318.5 3.398309046716755
1319.0 4.594108809038148
1319.5 1.9032906439012778
1320.0 1.9697893899820391
1320.5 1.8672006474828242
1321.0 4.329033956448217
1321.5 5.466155115818042
1322.0 3.84495699756768
1322.5 5.463769797641698
1323.0 0.2
1323.5 2.4563664437358876
1324.0 8.92703471455289
1324.5 3.352110783597033
1325.0 3.169791254948999
1325.5 1.6211252838708028
1326.0 1.7328206241340245
1326.5 3.2593827584752986
1327.0 1.27227909155258
1327.5 3.736865848538835
1328.0 4.073509140421646
1328.5 3.8487694467454303
1329.0 6.886159493544135
1329.5 8.264065721035534
1330.0 1.7745246003938888
1330.5 7.043512421553581
1331.0 8.967282080846083
1331.5 5.8634933146465
1332.0 2.256382493095637
1332.5 5.290351161327335
1333.0 6.717060416129038
1333.5 2.540642202477967
1334.0 2.302950438063086
1334.5 6.085162573898361
1335.0 1.2246046090165281
1335.5 5.767077692432782
1336.0 4.336301524274609
1336.5 5.13986846715032
1337.0 4.053798642905686
1337.5 4.747486279884942
1338.0 1.3143830668178853
1338.5 3.4014082918739548
1339.0 2.4137746651903327
1339.5 0.9514334191682354
1340.0 7.1900763898804065
1340.5 2.3978107096738737
1341.0 0.9846449148602381
1341.5 4.023183543477467
1342.0 3.0339353460539504
1342.5 1.4084017542098213
1343.0 5.511078089759575
1343.5 0.5049051073342197
1344.0 0.9643009814791403
1344.5 3.5942105796615835
1345.0 2.854616164339239
1345.5 1.9958162054382522
1346.0 3.9479935246455753
1346.5 1.4773142105654582
1347.0 5.96134976827616
1347.5 3.064047734343056
1348.0 1.605103646153703
1348.5 4.4524527500920215
1349.0 2.7413299456774523
1349.5 2.8376485781537184
1350.0 4.056758319481586
1350.5 2.9491862755487523
1351.0 5.010458901054605
1351.5 6.810000280237595
1352.0 2.1418299666447584
1352.5 2.613870549296485
1353.0 3.264248339201096
1353.5 1.4641450074754105
1354.0 0.7491755624532042
1354.5 3.6476279061779477
1355.0 4.6972365317956735
1355.5 5.030620915706539
1356.0 6.856843135114392
1356.5 4.231448211530942
1357.0 4.603608295985922
1357.5 3.536463881290607
1358.0 3.618824312371989
1358.5 6.184015770402895
1359.0 0.2
1359.5 1.974227302977824
1360.0 4.600465293757954
1360.5 7.870782151744006
1361.0 4.009110903588992
1361.5 5.0173169310971435
1362.0 0.4396410742383776
1362.5 3.3163303755376212
1363.0 2.9248103716365734
1363.5 2.698731771900015
1364.0 0.2
1364.5 3.1047231575855307
1365.0 4.537428158117463
1365.5 2.576015086257807
1366.0 3.736292095511215
1366.5 3.31345520891352
1367.0 0.9737374767053733
1367.5 6.071065205974037
1368.0 5.775112876584357
1368.5 3.80203926344881
1369.0 2.8128041424033983
1369.5 4.495730387554593
1370.0 3.072705663312711
1370.5 2.128918456238453
1371.0 3.6080576537132854
1371.5 4.135374436506955
1372.0 2.3233850930595135
1372.5 3.4220459472106204
1373.0 2.4909949845601145
1373.5 2.7439858023252195
1374.0 7.561025438799238
1374.5 3.791344006086577
1375.0 4.994325624913108
1375.5 7.003105498836424
1376.0 0.6888105822758432
1376.5 6.53112833193431
1377.0 3.3062659909480834
1377.5 0.4920811098648321
1378.0 1.8845673548833557
1378.5 3.9697144199894923
1379.0 2.3727559876624946
1379.5 1.9464369762344196
1380.0 3.012894417892074
1380.5 1.3382521207879248
1381.0 0.7095140662234514
1381.5 3.268717593323557
1382.0 2.566990147353712
1382.5 2.112993172603039
1383.0 0.8506777232016118
1383.5 2.9518276409308983
1384.0 0.5971426573886971
1384.5 2.099372591930183
1385.0 1.9583964078614082
1385.5 3.1491579100191673
1386.0 0.34939269873976864
1386.5 2.4253450073492706
1387.0 1.421825041645648
1387.5 0.2
1388.0 2.034027659620112
1388.5 2.007998639969575
1389.0 2.5660397065343834
1389.5 3.4746939326540063
1390.0 2.6977492961193907
1390.5 0.6410621939153291
1391.0 3.814823441816614
1391.5 4.120859976205751
1392.0 2.903966029956873
1392.5 4.0919081806030775
1393.0 1.8932929148116073
1393.5 3.315562120450587
1394.0 1.9780958551969263
1394.5 2.0184534452924576
1395.0 3.0920456389584325
1395.5 2.367091430689057
1396.0 3.4676856963837235
1396.5 0.3403899961005845
1397.0 2.249720027152032
1397.5 1.4274053030951521
1398.0 1.1149387278592908
1398.5 1.174092319372852
1399.0 1.6339150692979942
1399.5 2.69668692397954
1400.0 0.2
1400.5 1.9173655091760433
1401.0 5.02619936741051
1401.5 2.241704158897347
1402.0 0.2
1402.5 2.3389201767607046
1403.0 2.1979252914527603
1403.5 2.3591895759859254
1404.0 0.7468137404006434
1404.5 3.4189223896171335
1405.0 3.1101296194292525
1405.5 1.90628206198311
1406.0 0.886058173868157
1406.5 7.472887390896259
1407.0 4.638407982431625
1407.5 2.29153337330591
1408.0 3.078052356407035
1408.5 3.3124169220277926
1409.0 2.967599965614447
1409.5 1.2496156340469882
1410.0 4.31242095578488
1410.5 2.8738497944958974
1411.0 7.460700705734031
1411.5 4.359640707792226
1412.0 3.2755792374178725
1412.5 1.9730267632728342
1413.0 2.338869995423018
1413.5 1.677789431393955
1414.0 3.06980963394568
1414.5 5.726960123115918
1415.0 3.940888067936328
1415.5 5.769394374767389
1416.0 0.654117640700981
1416.5 6.486133505770501
1417.0 3.2942619322939306
1417.5 6.132813240587147
1418.0 3.161376659952614
1418.5 2.698659375509193
1419.0 3.2371320697247894
1419.5 3.3108897783387423
1420.0 0.9498871608848316
1420.5 6.589976546906029
1421.0 4.903107176243095
1421.5 4.030359728741066
1422.0 2.819816653821712
1422.5 5.027553764472326
1423.0 7.404002503050126
1423.5 4.248698563516749
1424.0 4.276840351754752
1424.5 5.048641461152224
1425.0 4.15061628201417
1425.5 4.2969447679283705
1426.0 6.526360163587297
1426.5 3.4061657109903125
1427.0 3.3257382646984457
1427.5 6.0878948571928255
1428.0 0.2
1428.5 3.9443554684485393
1429.0 2.871820774738289
1429.5 7.363246660800531
1430.0 0.2
1430.5 2.032751920976673
1431.0 3.1483070336580568
1431.5 4.068510084581709
1432.0 3.4240649933392517
1432.5 1.8699753818151086
1433.0 5.562509506004234
1433.5 5.242332477909402
1434.0 4.920498820155605
1434.5 6.180287038764575
1435.0 1.9304097684048553
1435.5 2.0650235174496316
1436.0 5.69320929259278
1436.5 6.197165464913477
1437.0 3.2547294206999156
1437.5 5.930347507834913
1438.0 0.7822043858810153
1438.5 5.897384582459544
1439.0 4.5554537499227585
