0 2.875882246903388
0.5 4.271351034743404
1.0 3.0402722483504174
1.5 4.426858711390427
2.0 3.9705844034121296
2.5 2.6952048323965143
3.0 3.0265437640081263
3.5 4.727778898716696
4.0 2.1354310754282637
4.5 0.36606882522767714
5.0 3.945432991895589
5.5 3.1690718813658485
6.0 3.243446518796793
6.5 1.9833985294349106
7.0 4.8393932084119236
7.5 3.8788417585653923
8.0 7.204005008969
8.5 2.022712821723113
9.0 4.295297387343999
9.5 4.959118373440278
10.0 2.166090064595909
10.5 2.3672837637163644
11.0 3.69351322725792
11.5 7.0878160406112976
12.0 4.184330939307217
12.5 0.49137691243352943
13.0 2.6969148593664234
13.5 2.386765838723881
14.0 0.2
14.5 4.550364556412745
15.0 4.519145783515783
15.5 2.1203191078791175
16.0 3.922829528628548
16.5 4.886528440285935
17.0 3.668870694464794
17.5 3.5964077140946253
18.0 3.0396317778739346
18.5 2.0336534184853936
19.0 2.048150304595941
19.5 3.614676150668732
20.0 4.72609893575537
20.5 0.8339111078152399
21.0 3.8330944052414657
21.5 2.786295754237302
22.0 4.034760256994921
22.5 4.590769470100981
23.0 4.169792407831549
23.5 4.7001152559061605
24.0 1.8176669345052314
24.5 1.3236719467327003
25.0 3.296447009452445
25.5 1.5721860452828602
26.0 4.0895979380124245
26.5 4.862136589580586
27.0 2.275990773805596
27.5 3.8441221733362947
28.0 0.2
28.5 5.3222661439432315
29.0 3.026779860848393
29.5 3.170975143271841
30.0 1.468813535343073
30.5 0.449134374754967
31.0 6.847160986803732
31.5 5.6896284372265855
32.0 5.334787605642819
32.5 5.0366970813327745
33.0 4.420632063821781
33.5 9.440357313723236
34.0 2.435381111524727
34.5 6.1307084417301425
35.0 1.247830785252888
35.5 4.529086627984645
36.0 3.8912496445696814
36.5 4.497153207154581
37.0 5.29647371639669
37.5 4.2027644509221025
38.0 6.0163596224064895
38.5 1.6169390578516896
39.0 5.705904220641324
39.5 5.482802333007903
40.0 2.761860203132116
40.5 4.737464826023987
41.0 4.418033097107643
41.5 4.493859234415312
42.0 3.868491183443212
42.5 3.4338402914580834
43.0 4.319325692207549
43.5 3.367003388375705
44.0 1.6226515854868206
44.5 4.7143690722006815
45.0 3.656900317348012
45.5 3.7321541559120464
46.0 2.8360432961049
46.5 2.502766089921673
47.0 0.2
47.5 3.3530983636087965
48.0 4.5999837259692224
48.5 5.426178723823289
49.0 7.040153552897218
49.5 5.296203980853564
50.0 2.0744937719538967
50.5 3.000828982101769
51.0 4.763402076210605
51.5 3.970933135374451
52.0 3.1994243266155395
52.5 4.864898362669715
53.0 1.7770404247573106
53.5 2.824306566450292
54.0 1.4800323227850631
54.5 3.6644083786566446
55.0 2.2086154114290295
55.5 7.056929703263258
56.0 0.21526331875790694
56.5 2.8349580826100738
57.0 2.5194040902862853
57.5 4.016271301666855
58.0 0.2
58.5 3.938185846194471
59.0 1.7717237576879832
59.5 2.344343029868146
60.0 3.2534289786276753
60.5 2.8476034577123417
61.0 4.538906453635654
61.5 1.1784678498470564
62.0 2.6260487571291797
62.5 2.885256945615027
63.0 0.8334428274521797
63.5 2.8007387822183123
64.0 4.090309778580645
64.5 3.724434034818841
65.0 2.7691778327753918
65.5 0.8733940240756168
66.0 2.6437736019500377
66.5 5.424178445879553
67.0 2.778382104657168
67.5 2.165833621362332
68.0 1.7305859821878171
68.5 2.4678633295648713
69.0 0.2
69.5 4.071485189610656
70.0 6.845801562952957
70.5 2.0973205853494794
71.0 2.5531343781274134
71.5 2.8606163011533283
72.0 4.905637678719053
72.5 1.0651599197676864
73.0 4.722351159358498
73.5 5.130327656470861
74.0 7.802415572378654
74.5 6.064667743419217
75.0 6.481675504578335
75.5 3.0305764999977622
76.0 9.097722932232836
76.5 5.813234582521334
77.0 7.663396156404074
77.5 2.6756038491751575
78.0 1.406056884616334
78.5 4.274452484046555
79.0 2.330989824924608
79.5 8.068384470572745
80.0 5.079383137606174
80.5 4.801962911765245
81.0 3.705982358487788
81.5 8.560667025270048
82.0 4.281337774604289
82.5 3.237404757896072
83.0 8.433296604083916
83.5 7.451138867344415
84.0 4.557713330853834
84.5 3.013371914830252
85.0 9.305499335963383
85.5 2.1592735324692898
86.0 2.563921572801268
86.5 10.12154428519275
87.0 3.657852379511315
87.5 7.906942986148419
88.0 2.1487578046764413
88.5 9.389728824938802
89.0 4.343984120514809
89.5 4.492127512280687
90.0 3.328358856673585
90.5 3.129229395177086
91.0 1.8609244992819094
91.5 5.900342593780761
92.0 5.703875343984745
92.5 6.416002495162164
93.0 4.966701768462334
93.5 1.5512786064056043
94.0 3.773209597574119
94.5 8.415718162708396
95.0 5.70898902284939
95.5 1.8131694691315206
96.0 3.665328078951372
96.5 4.787821637900912
97.0 0.2
97.5 4.342893706914987
98.0 7.396164645394495
98.5 1.905070990285326
99.0 6.5558544750606735
99.5 2.3282817925563934
100.0 4.036104502355349
100.5 7.402926972963469
101.0 9.27807229884254
101.5 4.208892592054694
102.0 10.071011623207628
102.5 2.658620865853673
103.0 3.347410662480622
103.5 3.2042176580823147
104.0 2.2037383916513558
104.5 1.0444405402487522
105.0 2.916258859286631
105.5 7.685987603095036
106.0 2.470427237435468
106.5 6.443788666070605
107.0 3.4571256804288546
107.5 3.0340844926840767
108.0 2.9167346397125904
108.5 4.936678543579788
109.0 5.2178404893075285
109.5 2.4983519824914877
110.0 7.9971923091985655
110.5 5.073611129829404
111.0 3.9172479695594538
111.5 2.8325991810219104
112.0 6.728308258874558
112.5 1.8098983468254524
113.0 1.4232510239454248
113.5 6.764509755256037
114.0 5.980147889643742
114.5 3.57555035733332
115.0 3.757606230969213
115.5 5.401048288373981
116.0 4.484660112121976
116.5 2.393575804654988
117.0 4.132359279514487
117.5 3.4303528087125024
118.0 4.388489632615137
118.5 4.6135167631000416
119.0 3.2738636088805193
119.5 3.333376246000202
120.0 1.2551895496651473
120.5 1.68214720563615
121.0 3.029226513529731
121.5 2.04612893066739
122.0 6.815891281424231
122.5 4.3643911428966895
123.0 6.157602295458853
123.5 3.336075532541243
124.0 0.48124224455409603
124.5 4.352500248304669
125.0 4.356982861462022
125.5 6.099934900647089
126.0 2.147576655211027
126.5 7.715330359163355
127.0 2.984727779620214
127.5 2.1520192012419055
128.0 2.1366319068295283
128.5 2.5032777495461014
129.0 2.6200088939104074
129.5 6.626333153719733
130.0 2.6165106479819036
130.5 4.602513989383822
131.0 6.163754697832811
131.5 1.4457850596481565
132.0 4.2047933325488405
132.5 2.2956200090897263
133.0 6.220472588881438
133.5 3.010229284073085
134.0 4.014885969283373
134.5 0.6357195626018908
135.0 0.2
135.5 4.762351798349199
136.0 6.452520469700707
136.5 2.7630461091407814
137.0 1.5459221125713491
137.5 8.738761882239322
138.0 0.7931143853543876
138.5 4.57644313212204
139.0 5.3419676257688895
139.5 3.2143096883476336
140.0 6.970575177528105
140.5 2.0948399083732823
141.0 4.7909110328065205
141.5 7.80068446746437
142.0 4.5396632348696375
142.5 4.156306086112997
143.0 2.708395756273406
143.5 2.1101183444275247
144.0 2.2695705304024187
144.5 0.2
145.0 1.952935490503434
145.5 3.2871069953036365
146.0 0.4280208416913438
146.5 4.031567404572399
147.0 6.310101141957209
147.5 2.971955339111341
148.0 2.562197250114747
148.5 2.077856483749851
149.0 2.0841631949183643
149.5 7.282234746152733
150.0 4.378969871888653
150.5 5.871389714067309
151.0 5.35790493601225
151.5 0.2
152.0 3.5926703933432047
152.5 5.2042408594489915
153.0 2.242042910194611
153.5 5.540727221974425
154.0 2.640448464252422
154.5 7.76155013962976
155.0 4.081587904210013
155.5 2.3986442030080566
156.0 3.8001400023098597
156.5 0.2
157.0 5.8709729485403255
157.5 3.3754560425858737
158.0 2.6947052374321476
158.5 5.702385100116329
159.0 8.107308428439039
159.5 2.844207710055754
160.0 3.167278000810366
160.5 3.407372899974902
161.0 8.03456213298693
161.5 5.414766117044415
162.0 4.765680089422449
162.5 4.799293601400601
163.0 3.505632286183356
163.5 2.9061445960467056
164.0 1.3791810749297717
164.5 5.811884576106133
165.0 5.843253744805033
165.5 1.373190428086906
166.0 3.6915339905489315
166.5 3.150481452408679
167.0 4.01784041531913
167.5 8.335525171709172
168.0 2.478059597611261
168.5 4.769074867085502
169.0 2.40135671404011
169.5 4.7301584460542845
170.0 4.278143665535554
170.5 2.6151636898562147
171.0 3.7942869235288765
171.5 3.305755524311744
172.0 4.014509536904491
172.5 2.357064905171134
173.0 2.366625442429217
173.5 3.5492076737092044
174.0 3.83528367340641
174.5 0.2
175.0 0.9003445609544354
175.5 3.109507874753875
176.0 2.9263665989425287
176.5 2.4092231594044993
177.0 4.630867948218255
177.5 4.200501304699406
178.0 6.472516227104837
178.5 0.9613709923546292
179.0 4.38102234792862
179.5 5.624834499651461
180.0 4.284644557222516
180.5 3.824904692191181
181.0 4.407349777476565
181.5 1.3709678771041047
182.0 4.349918539139039
182.5 5.620667466057048
183.0 2.3497673140472024
183.5 6.1882117330021345
184.0 4.148198164389436
184.5 1.7086213566195403
185.0 0.9729493472353381
185.5 4.620149480166268
186.0 1.13761208207264
186.5 3.9800150535192493
187.0 1.2855216014492576
187.5 4.789690131131839
188.0 2.2304054349368214
188.5 3.4774392243007375
189.0 4.922307630068286
189.5 2.7990314468411657
190.0 2.1566829858122993
190.5 2.1057127619806884
191.0 3.0937171989857077
191.5 4.037199496028895
192.0 3.349893947148117
192.5 4.115176691719269
193.0 2.5843427379752195
193.5 4.623955153868565
194.0 0.7444832902588407
194.5 7.052736872639315
195.0 2.8920370466983245
195.5 5.153675892246148
196.0 7.233081713653323
196.5 1.837916457433779
197.0 2.5576556935569466
197.5 1.5221074108858987
198.0 1.558429904694116
198.5 1.8810266342507795
199.0 3.6220135044283666
199.5 4.137706414913157
200.0 3.4166876462086107
200.5 2.278853855431004
201.0 1.3491905014584682
201.5 3.85308637567457
202.0 1.1250636706808574
202.5 5.142858598506351
203.0 3.4416952306811543
203.5 3.1241807256400236
204.0 0.2
204.5 4.6881169299453305
205.0 0.2
205.5 4.820143081444781
206.0 9.850935609581198
206.5 3.058306601541918
207.0 6.0677924836938635
207.5 6.6190168441600274
208.0 3.5526447385525683
208.5 3.1697256669099176
209.0 4.262212533391752
209.5 3.2590720010517025
210.0 5.51363488355363
210.5 3.309331799724804
211.0 9.05568807330567
211.5 2.1443380182118235
212.0 3.936487703000412
212.5 4.953551667611692
213.0 5.232901427963952
213.5 6.102809139844764
214.0 0.9129940140112462
214.5 6.269989633307709
215.0 1.2024315266201309
215.5 2.9067233265582972
216.0 3.973376253292934
216.5 3.986667293916138
217.0 6.51969872052217
217.5 0.7087092979397713
218.0 5.820478152717488
218.5 4.74135415481686
219.0 3.59701425486253
219.5 2.584218787114194
220.0 6.236719589922262
220.5 3.9009734234129376
221.0 4.7923577689762995
221.5 4.837855030654307
222.0 3.796703144602543
222.5 1.3929421911062205
223.0 3.986869608421136
223.5 5.778575815203604
224.0 1.9647556900861751
224.5 2.7684009202875997
225.0 1.7813418527537546
225.5 2.9650095267930046
226.0 4.872008784670066
226.5 0.9640794406621211
227.0 2.5929437326340268
227.5 4.240002308413787
228.0 2.5975609818827046
228.5 1.2905004693946642
229.0 2.3462096193633553
229.5 1.9866360132473893
230.0 0.8830828128912911
230.5 1.0839540617942784
231.0 7.0584049399601465
231.5 4.2011677419799165
232.0 3.7462722534042907
232.5 2.682106483715722
233.0 6.706558981396581
233.5 2.51489046129322
234.0 2.1809632269995096
234.5 2.743666849573216
235.0 0.2
235.5 2.24745681353288
236.0 3.6313126710222474
236.5 5.464011087207577
237.0 4.033963065315707
237.5 2.839172925792358
238.0 1.8972560771212648
238.5 5.014115960143491
239.0 3.2347007505878085
239.5 4.976419706400031
240.0 7.535332711270444
240.5 5.226429002450358
241.0 4.578980415206133
241.5 2.8014667140972382
242.0 3.6048316272829224
242.5 3.3470458669216825
243.0 7.285932183539989
243.5 3.990737619428695
244.0 6.555933724194579
244.5 3.117086394435032
245.0 3.980926355712028
245.5 0.2
246.0 0.6990594152734544
246.5 0.2
247.0 5.099035805145377
247.5 3.427330243988023
248.0 4.470848683841396
248.5 2.915815264851586
249.0 1.8638999383396406
249.5 5.514364692174872
250.0 2.8141817210924005
250.5 4.677939287242728
251.0 3.3686567419136817
251.5 3.3449005612522686
252.0 2.933387260569435
252.5 7.6415455935224745
253.0 5.052560368027253
253.5 4.637476287252464
254.0 3.1853574077432065
254.5 5.7581957788341755
255.0 5.383361720058172
255.5 5.405064216981589
256.0 5.48403253540076
256.5 3.758688480812437
257.0 2.561605393206997
257.5 2.9526363583276227
258.0 0.2
258.5 1.659507736847434
259.0 2.4850645976307804
259.5 1.422438318034541
260.0 3.143380173032483
260.5 4.144438426843802
261.0 2.3993464546057717
261.5 2.5097059055096373
262.0 3.0179261112565836
262.5 0.45312963909833637
263.0 2.723644295728431
263.5 2.0605652877786937
264.0 3.26472036964062
264.5 1.8067988747178723
265.0 2.7755084178779073
265.5 0.2
266.0 0.5270108748659434
266.5 1.1568079597786076
267.0 2.0771427152764854
267.5 0.949191153580285
268.0 1.02172118961522
268.5 1.0732507404222091
269.0 0.2
269.5 3.024281698677394
270.0 4.334949311240939
270.5 3.244427629816014
271.0 0.697753115580712
271.5 2.9190122062725523
272.0 3.0258249665926638
272.5 2.5593864280964143
273.0 2.562138009349366
273.5 2.8446038654532586
274.0 4.66190266088973
274.5 0.2
275.0 2.4736621746198217
275.5 2.8894373365027506
276.0 2.059549443009957
276.5 2.1975293766463926
277.0 1.8571217675842284
277.5 3.219685363002595
278.0 0.7986712250619836
278.5 3.1982216429223715
279.0 1.8065072940117868
279.5 3.6247125257669737
280.0 1.4553803260661307
280.5 1.447053380426405
281.0 2.0289454494070966
281.5 4.031526674254041
282.0 2.9971752090369748
282.5 2.5496221966747834
283.0 3.26200165668184
283.5 1.6140943001470527
284.0 2.612787266050325
284.5 3.3906457459736297
285.0 3.9220137723384725
285.5 1.1558764212317587
286.0 3.2212058067124296
286.5 2.2924473519801105
287.0 4.704739271916978
287.5 4.4697487262642275
288.0 2.5888941312969402
288.5 6.6748572535717425
289.0 2.654065534435915
289.5 4.486457620579884
290.0 3.908521593786773
290.5 1.8928481189118465
291.0 2.293512823630754
291.5 5.654069759504983
292.0 2.9401370218708336
292.5 3.0301249338865253
293.0 6.659359065681974
293.5 3.219922388977202
294.0 7.17358762438276
294.5 4.991811212749943
295.0 0.2
295.5 6.90183181487477
296.0 6.124497362802957
296.5 4.8016277117214035
297.0 9.62816594515436
297.5 4.189959360995365
298.0 0.2
298.5 4.97506896707354
299.0 7.256970969536745
299.5 0.8142966950643062
300.0 8.84254893503125
300.5 4.511974978388176
301.0 2.9664109586830403
301.5 3.029805819752527
302.0 6.607178549165606
302.5 3.36743051760722
303.0 3.556955559229566
303.5 7.079666552943271
304.0 4.787457575006204
304.5 3.1388495959841336
305.0 7.882580409418679
305.5 4.358598627961777
306.0 1.2716681227938755
306.5 6.998547779331174
307.0 1.031821289103823
307.5 3.890649328358588
308.0 3.665089695408389
308.5 2.0290797786352854
309.0 3.1250500481987604
309.5 5.0925124987920185
310.0 4.11147802589761
310.5 7.899799756315193
311.0 3.0210918002437728
311.5 3.492122219294245
312.0 5.533602408365653
312.5 4.0997519807192075
313.0 3.4734958370408595
313.5 4.412948314615827
314.0 4.318869621364767
314.5 3.3316269777661747
315.0 3.017614024667279
315.5 5.607909308288246
316.0 0.5285061965186548
316.5 2.8949566288571122
317.0 5.256754452180372
317.5 5.127726880478852
318.0 5.010433387465504
318.5 6.764928791799116
319.0 5.500161164096104
319.5 4.177199351866822
320.0 2.857011135939026
320.5 3.035867806988628
321.0 2.829066162124354
321.5 3.010535652793864
322.0 4.885962553084903
322.5 2.634718869988547
323.0 2.410861267830411
323.5 4.16978617159381
324.0 4.623876939114588
324.5 2.516801382081005
325.0 2.616449721767924
325.5 3.1696547212588584
326.0 2.306041876298777
326.5 1.598752882718343
327.0 2.4465633222214986
327.5 1.5400347563417662
328.0 2.991700573008999
328.5 0.7604449545197807
329.0 3.68519179461524
329.5 3.2937888218240814
330.0 2.212466164084843
330.5 3.36711144882159
331.0 4.6100245501675765
331.5 4.956840908983434
332.0 2.6902354700281674
332.5 4.4317442485619445
333.0 1.5910066292071354
333.5 3.67946134747874
334.0 5.8163245097667895
334.5 2.8968772801982388
335.0 0.8073754504982391
335.5 5.96934059281978
336.0 8.329290338480181
336.5 2.8090021423361415
337.0 2.14554701375817
337.5 6.4037696445169265
338.0 8.347391039305304
338.5 3.9131546096792067
339.0 4.2919374149426055
339.5 7.369534833338542
340.0 2.1687217302593695
340.5 3.5971503249484176
341.0 4.180533361553663
341.5 1.8872028187636074
342.0 5.437033477199337
342.5 2.3131810119759226
343.0 4.277984808371919
343.5 4.100411123085757
344.0 1.6334661897869531
344.5 3.285275037550362
345.0 1.7402667615354275
345.5 2.9945308180618992
346.0 2.5483806891547536
346.5 4.546237878274669
347.0 3.216079556801751
347.5 0.7188737719877267
348.0 4.101485103684116
348.5 1.8249564379856498
349.0 3.204820649284086
349.5 3.7165964379096907
350.0 4.7039695459325745
350.5 3.9775196065221685
351.0 2.0918536181976295
351.5 2.6699232172660787
352.0 3.144897326194937
352.5 0.2
353.0 2.9649811251262257
353.5 1.409476569828295
354.0 2.8028245996425296
354.5 3.4877314872753598
355.0 3.223321368362124
355.5 1.1652937510946912
356.0 4.46655018815744
356.5 1.1416241096164823
357.0 4.905659822504413
357.5 3.2807622591444106
358.0 9.173756081694378
358.5 4.500292157715463
359.0 5.627857160069001
359.5 5.415564139039956
360.0 7.913639940212478
360.5 3.1889981139222128
361.0 6.1937270396872135
361.5 8.04267425825405
362.0 7.25958701655524
362.5 8.204456267141223
363.0 4.403120008310738
363.5 1.4423065706745413
364.0 5.445754079017694
364.5 0.2909040123020459
365.0 5.941947807861294
365.5 6.391220985300192
366.0 9.12799990284805
366.5 0.7518462098018786
367.0 4.033430976242328
367.5 3.3095694304805225
368.0 6.647322993185645
368.5 2.982828708448582
369.0 8.51932693784006
369.5 1.029387768885421
370.0 8.958812710823283
370.5 8.405369278984164
371.0 1.3204078180142078
371.5 4.236731639094464
372.0 10.082509050978953
372.5 4.115225719224371
373.0 0.33274865019101707
373.5 5.483857478463177
374.0 8.119197444057798
374.5 5.829060906536371
375.0 3.313672986859633
375.5 5.763119104788892
376.0 4.522259456932298
376.5 2.7798389790597975
377.0 5.578832497906989
377.5 4.27101336326541
378.0 1.93936810519373
378.5 4.925786377868088
379.0 4.900443952008489
379.5 7.494241704668264
380.0 3.2148082993911102
380.5 3.153566007032259
381.0 4.195287412217914
381.5 7.4458242530475385
382.0 4.559474353053185
382.5 5.413289236022317
383.0 1.3073128281940973
383.5 1.253678150434304
384.0 5.5817792299716515
384.5 2.525244798542582
385.0 0.2
385.5 3.9047336313896164
386.0 1.2869845276062604
386.5 3.6386711696305847
387.0 4.251691122485452
387.5 3.4675319968721054
388.0 0.2
388.5 4.964286178723558
389.0 6.3459686385754495
389.5 3.3643429430821645
390.0 3.680454188549484
390.5 2.8775954191522715
391.0 4.124947179320644
391.5 5.154703908561021
392.0 0.2
392.5 4.702559817147626
393.0 2.1116936212422086
393.5 1.4244275072139834
394.0 1.3551007606139622
394.5 1.5196256330298996
395.0 2.6096241472854116
395.5 4.184656754176764
396.0 6.48698091011067
396.5 2.3549820920196742
397.0 2.031737074371296
397.5 5.698011862151283
398.0 2.851048393157021
398.5 3.8554644079808305
399.0 2.998131277422704
399.5 5.923091233663229
400.0 2.722796306902084
400.5 0.2
401.0 2.9688450387905125
401.5 4.0072585440487085
402.0 3.527258724571956
402.5 2.1293601869541545
403.0 4.757228905778772
403.5 4.655199120767654
404.0 3.4912609409668596
404.5 5.736577983086099
405.0 8.53575136354046
405.5 5.964644245025099
406.0 4.8706104675551565
406.5 2.4295657075887336
407.0 6.180898946783491
407.5 7.120793829626116
408.0 7.636885451081593
408.5 3.1257211328916013
409.0 6.751773232935358
409.5 4.5226935305202876
410.0 1.2304836341324918
410.5 0.2
411.0 10.578364401829099
411.5 6.226151991230773
412.0 3.075212625669157
412.5 3.6558002644197125
413.0 4.042872862347252
413.5 0.3613254407599289
414.0 3.545641112094358
414.5 4.667670402093847
415.0 3.797847823265159
415.5 6.882614093350398
416.0 4.324429641115239
416.5 9.391617849949558
417.0 3.2263857830319886
417.5 5.566879533032291
418.0 2.1427439249459987
418.5 7.265737759940363
419.0 3.300966888598864
419.5 3.9982749840195346
420.0 2.6615534691563454
420.5 3.8661806610338556
421.0 2.0499931976790005
421.5 5.939027140732367
422.0 5.176890114675936
422.5 6.7386154718173685
423.0 4.825751674221086
423.5 0.23851995249139213
424.0 6.282196360918519
424.5 1.8110219485299348
425.0 3.9186074978199352
425.5 2.4227501278826367
426.0 3.07388454325897
426.5 3.4495245915107953
427.0 5.660798415156681
427.5 3.6539927786448736
428.0 5.821826741978417
428.5 4.444879669123857
429.0 7.958817891704671
429.5 2.699062644190808
430.0 3.8729873730150968
430.5 8.799810633394989
431.0 1.9504204726775125
431.5 2.5385839747049035
432.0 7.459734797776735
432.5 4.759101454570178
433.0 2.795414649246059
433.5 4.4370101659038195
434.0 1.0005494193757536
434.5 5.028232212729636
435.0 0.2
435.5 2.9085540756034103
436.0 6.0293933082210245
436.5 0.25866869115388447
437.0 4.859165455645613
437.5 3.8123277197841863
438.0 4.766456743050542
438.5 9.375215345685053
439.0 2.9551790053631155
439.5 1.5514455111166616
440.0 3.436431262751141
440.5 3.0701632929788816
441.0 4.467602220164789
441.5 4.962590033730702
442.0 6.611112440960973
442.5 4.281414687579717
443.0 2.118796147206594
443.5 0.2
444.0 4.85769836760111
444.5 6.891732235562364
445.0 2.6758209087115783
445.5 3.8465760476764683
446.0 5.131178542636501
446.5 2.6860167925791036
447.0 3.0364455737527436
447.5 7.07809149919752
448.0 2.5412590698969044
448.5 3.783870101686798
449.0 6.4252617232533
449.5 5.90622903980954
450.0 6.12835636044924
450.5 8.986089933062683
451.0 7.201612640350646
451.5 6.941878323368087
452.0 3.9433122963651517
452.5 2.641847764880629
453.0 3.4635263914786103
453.5 5.747467884146898
454.0 9.86860290286501
454.5 5.923477002116314
455.0 7.770958316790276
455.5 5.9763614857287735
456.0 7.2800686958618055
456.5 4.667618206101809
457.0 5.438725600909344
457.5 6.276537787509709
458.0 0.41836279529339837
458.5 5.187941692708579
459.0 2.76050183301899
459.5 7.0888897862133975
460.0 5.383143544695842
460.5 2.727926904618566
461.0 3.623921034362564
461.5 5.239498671363577
462.0 2.1713757293856233
462.5 3.3899313370017294
463.0 1.3594190018470724
463.5 2.6341167911585055
464.0 4.176485144718001
464.5 2.942243602515527
465.0 2.8831924403533074
465.5 3.3251595518678876
466.0 2.9550580449783874
466.5 2.958650192315544
467.0 1.7253142113903945
467.5 0.7213294116257827
468.0 3.88641186715388
468.5 4.09015208956893
469.0 2.5212378840559655
469.5 1.1374908378050366
470.0 3.908042195432103
470.5 1.63413210908809
471.0 2.2479707775518483
471.5 2.272241108753435
472.0 1.6601121594007404
472.5 2.8827518431370125
473.0 3.582087294281273
473.5 4.094855080374472
474.0 2.1400749015992355
474.5 2.5891325454133716
475.0 3.4373364965175
475.5 2.3782750527655763
476.0 2.0497619975073027
476.5 0.8584440300173106
477.0 2.803763792665163
477.5 3.3479406002028886
478.0 4.10569583996419
478.5 1.9465209915679713
479.0 3.8560278751545276
479.5 2.949044238891206
480.0 0.2
480.5 3.736568228049163
481.0 2.8414912705803737
481.5 4.914255234306675
482.0 6.159307203950759
482.5 3.0877829109971753
483.0 1.5380673899088215
483.5 1.2196699386740764
484.0 1.961322829352694
484.5 0.8591479627614644
485.0 4.64414837609514
485.5 3.799534314096208
486.0 3.3839662685019793
486.5 5.796883399873215
487.0 2.042676665286435
487.5 4.4241483574070015
488.0 0.9663272809852725
488.5 4.720215280111624
489.0 6.037181270250892
489.5 3.8870886930925037
490.0 0.2
490.5 4.388261506114864
491.0 2.377905289956058
491.5 0.2
492.0 6.63501702784891
492.5 3.118640865627946
493.0 3.122700114958855
493.5 3.1170427351054117
494.0 4.661901573452379
494.5 6.314202413751218
495.0 2.05312561356857
495.5 4.6372545062810415
496.0 5.355909205293111
496.5 5.584574206476688
497.0 4.328066164116894
497.5 2.572848095768259
498.0 3.5548808065097153
498.5 4.903998526077542
499.0 4.764578062931244
499.5 2.554204787153825
500.0 0.2
500.5 3.770330798576987
501.0 5.777581996222736
501.5 2.575271427803858
502.0 3.9198213625555254
502.5 5.199088381636322
503.0 2.5479998999880293
503.5 0.2
504.0 7.109006198258534
504.5 5.572895609884645
505.0 5.098825822398945
505.5 5.142465032619167
506.0 5.90077590805042
506.5 6.924745866935027
507.0 2.9530208320470956
507.5 5.707406580694782
508.0 5.615175040623252
508.5 4.492120536148885
509.0 4.518474228552889
509.5 8.614714615180622
510.0 7.8233921386084955
510.5 5.312159688492895
511.0 2.0527019755531266
511.5 4.368837755261935
512.0 1.8138142281417116
512.5 0.4248859523375712
513.0 1.6865759425759728
513.5 4.834003283112374
514.0 7.475194272234306
514.5 0.9371924096921309
515.0 2.2794470666441686
515.5 3.0821846735261236
516.0 3.523305989631295
516.5 6.057195329116908
517.0 8.697862326555109
517.5 2.407458873135157
518.0 4.241553645290363
518.5 6.59161678088408
519.0 0.9409237541652486
519.5 2.3313865371274476
520.0 4.172875542714763
520.5 4.384577285186923
521.0 7.944474405704199
521.5 4.21804454929418
522.0 1.6175401190863923
522.5 2.9648227863064394
523.0 4.641942340483729
523.5 7.350218444183738
524.0 2.2964501547809637
524.5 3.753730490530244
525.0 7.738606194523369
525.5 2.286149486578144
526.0 5.604881405979564
526.5 2.8185881409580054
527.0 6.2821339482138185
527.5 5.983085425962493
528.0 0.37956347549696323
528.5 6.666837576899179
529.0 1.7268304076538872
529.5 3.1575218498288806
530.0 0.261147494311484
530.5 4.091303518988986
531.0 5.508612806859521
531.5 3.748591945973417
532.0 4.020948349186073
532.5 3.8124349263260777
533.0 5.206230005850189
533.5 5.0906114258915816
534.0 8.898163873973541
534.5 0.8721278962232089
535.0 5.366861156759329
535.5 4.743529252531689
536.0 1.461469963554645
536.5 6.448410221087389
537.0 4.487410867539854
537.5 7.540886069752641
538.0 4.608441486389413
538.5 4.2373775173064185
539.0 1.5287254021283134
539.5 4.4473950542725165
540.0 4.413274429941385
540.5 4.840894197315099
541.0 6.040236798728214
541.5 5.069947245238697
542.0 0.5894965611839718
542.5 9.111023254104964
543.0 1.3578625102771524
543.5 3.4948818525985574
544.0 0.7840768407783227
544.5 7.172931291236399
545.0 1.2300549121731565
545.5 6.408778801640333
546.0 6.036655724240937
546.5 0.6798599459440329
547.0 2.793457989059964
547.5 4.191603867448328
548.0 4.837744785143849
548.5 1.9055735505582598
549.0 2.521838825854597
549.5 3.455964367225101
550.0 4.962684881063393
550.5 4.808816308918798
551.0 4.611451049803382
551.5 1.9136975617128897
552.0 1.7397062048030918
552.5 3.643640394831449
553.0 2.782939429349021
553.5 0.2693538142461036
554.0 3.24136562381552
554.5 1.2080185033403128
555.0 1.2211370997338793
555.5 0.8701872924905878
556.0 0.2
556.5 5.397395019232134
557.0 2.423358302957139
557.5 3.9645362443001293
558.0 0.5637302161459008
558.5 2.6213065628085133
559.0 2.295424512861689
559.5 3.473549483954553
560.0 1.617723603271695
560.5 3.529512205853252
561.0 4.512969327038167
561.5 2.678409185320078
562.0 1.2367242524975042
562.5 4.798426813246321
563.0 3.3133147690203426
563.5 2.7786924728255418
564.0 2.2855887241594246
564.5 5.2151349570407035
565.0 2.4068705715481773
565.5 7.661214878082165
566.0 4.99538391607255
566.5 4.668919779576926
567.0 4.586950307172771
567.5 4.733609056863286
568.0 6.610221996883187
568.5 2.064670284800015
569.0 2.1399346357248894
569.5 2.720239102507578
570.0 4.969736441292056
570.5 1.7229266676364627
571.0 4.950747038710212
571.5 6.618690527071798
572.0 2.6158934036298698
572.5 7.764421584148673
573.0 4.98370898855619
573.5 0.2
574.0 5.775969535575351
574.5 4.16465747822551
575.0 5.575387488564873
575.5 1.9637384426267155
576.0 0.24375844109401168
576.5 5.790149822617533
577.0 4.7430184552652355
577.5 4.054459470800407
578.0 1.3132340258309285
578.5 4.681188715278142
579.0 7.283164315356419
579.5 2.606982360349684
580.0 3.062510081950917
580.5 4.261774092234679
581.0 6.237144205374452
581.5 6.425275794212208
582.0 3.936424655949051
582.5 2.722866156892143
583.0 3.673371264124408
583.5 1.5853766642990779
584.0 2.862238726005764
584.5 4.727076309587432
585.0 4.026557955076437
585.5 4.931945127473895
586.0 4.510899547650996
586.5 2.201829524004518
587.0 4.920106193498782
587.5 5.77171153125947
588.0 4.041403025318296
588.5 2.1446780523262037
589.0 4.4220454063599535
589.5 1.0383582130286273
590.0 4.231913261725907
590.5 3.16042570285251
591.0 2.5269671026866294
591.5 6.8244947667254
592.0 3.795429763936581
592.5 8.07386043332342
593.0 1.8081147365196997
593.5 1.99208015342354
594.0 5.635772152298104
594.5 3.4473513083342935
595.0 4.603559945942404
595.5 4.143313976990298
596.0 3.6074139378296763
596.5 3.6684252409938605
597.0 2.0011420515802674
597.5 2.890720883976647
598.0 1.6859494067781187
598.5 2.961903378073074
599.0 4.187641973943478
599.5 2.32520683673219
600.0 1.1119474457440621
600.5 0.2
601.0 1.8353008980774583
601.5 3.5386209262168826
602.0 3.684508999696579
602.5 5.0975286132366
603.0 5.142101257790858
603.5 2.2870615107135084
604.0 4.924781902197224
604.5 0.2
605.0 3.9861332380962
605.5 1.4153766758137316
606.0 4.716482642079268
606.5 3.4420474843934183
607.0 2.562903521178975
607.5 3.028988112943469
608.0 0.4682796032684631
608.5 5.018091241298258
609.0 0.6495872413796673
609.5 1.8266283384838984
610.0 0.7602663185768563
610.5 3.8982966779622155
611.0 1.1766836607627191
611.5 2.7192695439416985
612.0 3.8252911866525228
612.5 2.048440533312891
613.0 3.4816636045810925
613.5 2.424884689170732
614.0 1.4262914176254773
614.5 3.2356629779850428
615.0 3.611779142422689
615.5 4.3190412454462335
616.0 2.5578349129786417
616.5 1.0422864960071987
617.0 2.868978592159368
617.5 2.234138314260333
618.0 2.309069399282431
618.5 3.2790085229893973
619.0 2.8019262404702507
619.5 4.620735406264809
620.0 2.230127235813259
620.5 0.8867888394516676
621.0 3.034808701474676
621.5 4.078538360027828
622.0 1.6442193863487953
622.5 3.0722568638331267
623.0 3.345826541643105
623.5 3.0894823081093996
624.0 2.660052510737529
624.5 2.2338811327198145
625.0 2.2606262209197894
625.5 3.4181344159820974
626.0 2.045388688481869
626.5 2.617566610294609
627.0 0.40377347199481495
627.5 3.187144645093931
628.0 3.324404838383869
628.5 0.8099936028099177
629.0 3.779885159060888
629.5 3.015935777006593
630.0 2.9434608807037095
630.5 1.204331502489948
631.0 2.475849739944826
631.5 2.000758053320031
632.0 1.0774663975552907
632.5 0.9463858187606209
633.0 3.9294530865572144
633.5 0.2
634.0 1.301676734369185
634.5 2.9289139123207737
635.0 3.338744549114235
635.5 1.8849139750209112
636.0 0.7273274155811507
636.5 0.7949420361221868
637.0 3.6684276594896525
637.5 1.6477259969436386
638.0 0.2
638.5 2.0134598393748435
639.0 1.159328273334227
639.5 1.3574976251463278
640.0 1.3918778196000754
640.5 1.6512964762855828
641.0 1.696662740249026
641.5 6.015539643721677
642.0 1.8170346810029796
642.5 3.0047321773889566
643.0 3.787626023748313
643.5 5.198056567232888
644.0 2.5027299052867655
644.5 2.1325937756064732
645.0 4.406224982589968
645.5 3.57752117931697
646.0 6.408092943563531
646.5 2.8344715455985776
647.0 1.927331009457137
647.5 0.2423071306023874
648.0 4.4913100086468365
648.5 2.3385521759504257
649.0 6.25532982241713
649.5 2.3610700225604164
650.0 7.2943343356393004
650.5 5.3473050545155765
651.0 5.334930965544078
651.5 6.548307660013986
652.0 1.0172097543899117
652.5 2.591606077403605
653.0 2.327339533216914
653.5 1.9069597771813822
654.0 3.072126968383342
654.5 4.145242143925733
655.0 1.8063378258246738
655.5 5.787328054065968
656.0 2.155336579168
656.5 3.384444835668693
657.0 1.8114535134824632
657.5 2.8447985814498042
658.0 4.623918635701671
658.5 4.922638922703507
659.0 3.75014509716711
659.5 2.5467188269003627
660.0 2.5203974764278287
660.5 4.546391863819753
661.0 7.826792819216157
661.5 3.880448346705206
662.0 3.530140004280747
662.5 1.2139222735282456
663.0 1.1190097447646181
663.5 2.217448143288512
664.0 2.578523716744641
664.5 2.4749469218067066
665.0 5.635236557690316
665.5 2.5818043269827076
666.0 3.2088759148177926
666.5 1.9259458877317348
667.0 4.022739534729129
667.5 5.072641174103648
668.0 4.6947618764666545
668.5 1.808806184582263
669.0 4.649315101271054
669.5 2.9109223317517783
670.0 5.466928413185778
670.5 0.928124442338436
671.0 1.8457275842077867
671.5 2.1083705121717093
672.0 0.5433155997028378
672.5 5.261699710081862
673.0 4.483309958854576
673.5 3.399673127390115
674.0 0.2
674.5 3.1531499765183577
675.0 1.2326469253074532
675.5 1.4539472674123526
676.0 3.801721707290244
676.5 1.6412991044738567
677.0 3.7722314525213774
677.5 1.530910105803171
678.0 5.423117075725569
678.5 6.034798134523234
679.0 2.0337502575859756
679.5 4.247533663937637
680.0 0.986330186375231
680.5 5.003303825279109
681.0 3.149780729662946
681.5 3.661827877040875
682.0 1.8069659265552132
682.5 4.314821944190582
683.0 7.795701129606483
683.5 3.726248986092961
684.0 6.913979703332313
684.5 3.850776671503599
685.0 2.8908595508873924
685.5 4.676639319635079
686.0 3.4124601349098707
686.5 2.1409998441121942
687.0 1.5263851667993102
687.5 2.21844164103642
688.0 5.359003772365192
688.5 3.744782237014884
689.0 1.5197316088299015
689.5 1.0958551201389617
690.0 2.8518698700611904
690.5 4.844328635422195
691.0 6.066679031002762
691.5 2.856430747136315
692.0 3.62163731629021
692.5 3.8709168444116533
693.0 4.317792660061187
693.5 2.93980217816766
694.0 5.795259316535809
694.5 3.9471828945539773
695.0 3.850655499451205
695.5 2.0341000938784757
696.0 2.4280304307203915
696.5 0.2
697.0 1.2235714993934976
697.5 0.5753845913555811
698.0 3.4082908066926083
698.5 3.7144065679805305
699.0 2.4856715233346622
699.5 2.381904430125157
700.0 2.9407517389664406
700.5 3.6240000781645447
701.0 0.2
701.5 4.5647183644676
702.0 3.797053542568606
702.5 2.081793548515892
703.0 0.2
703.5 3.6024027392208984
704.0 0.2
704.5 0.2
705.0 0.6582793775909974
705.5 5.835616460908434
706.0 5.227763853399259
706.5 3.2189507842012155
707.0 5.272960561475509
707.5 5.342561511173482
708.0 4.9360433765407805
708.5 5.785305842105661
709.0 3.359245516375057
709.5 2.915381313563671
710.0 1.1106963950081314
710.5 3.622908670261433
711.0 5.648379009858727
711.5 1.6825064306365198
712.0 0.5287494618202642
712.5 2.8732928969965577
713.0 4.95017410174345
713.5 4.032607207386038
714.0 3.57618934806648
714.5 2.770259592998994
715.0 3.359305734285253
715.5 2.9307867088225183
716.0 1.3143113202850694
716.5 3.535041422290782
717.0 2.316611169283626
717.5 1.7558124062039875
718.0 2.1759458812253913
718.5 1.9323441304590216
719.0 1.1401449542380637
719.5 2.032807879600785
720.0 2.859396891411173
720.5 0.6537355809542786
721.0 0.2
721.5 0.26403285595164494
722.0 0.2
722.5 1.5746329614753156
723.0 1.8814622565342032
723.5 3.29297328367849
724.0 2.3505054923764863
724.5 3.827227480213798
725.0 2.5301884244325348
725.5 1.54670434209753
726.0 1.5161498696306073
726.5 3.332825681674197
727.0 1.348913252307769
727.5 1.8837029344940535
728.0 3.2734806473873057
728.5 1.7453073274843667
729.0 2.885119157561567
729.5 2.6469727358759307
730.0 1.2150045878724778
730.5 3.73005952108395
731.0 3.591836699366085
731.5 3.5190223624729433
732.0 0.8651289731173089
732.5 5.516721251057439
733.0 6.976566707699179
733.5 5.3969065767848505
734.0 4.32166615023829
734.5 8.803135089488716
735.0 0.9526350618699855
735.5 3.4892035530768273
736.0 6.104335173662491
736.5 5.403867827587401
737.0 6.865543477252521
737.5 4.15794831177664
738.0 2.1732172434990713
738.5 0.25964218574576137
739.0 9.47186253773803
739.5 2.8330329043728852
740.0 3.179372332615502
740.5 0.7430674932810928
741.0 7.140688124873733
741.5 5.568374828281828
742.0 5.836256352859463
742.5 3.8351157816641437
743.0 2.2766473138084047
743.5 2.20261029497645
744.0 3.6661545791370562
744.5 0.5640085597205378
745.0 0.3585402257594579
745.5 3.800297274689185
746.0 7.130944122035175
746.5 3.3489335228282178
747.0 8.367350281566434
747.5 4.891759789623794
748.0 2.6812671868605635
748.5 11.768566555938861
749.0 4.020986328627011
749.5 6.047575848600776
750.0 3.6324730999463024
750.5 3.824687908989752
751.0 3.5873513418616234
751.5 7.981344229183271
752.0 4.362970602904046
752.5 2.4032840960537762
753.0 6.76340993311883
753.5 5.435716378021784
754.0 2.58303807037971
754.5 8.304644124683056
755.0 1.1761263153292747
755.5 4.919786053667757
756.0 5.228191291139524
756.5 0.4100414511583397
757.0 5.893950251604146
757.5 6.085070443953585
758.0 7.659630401723903
758.5 4.798238908934415
759.0 2.5426495004404313
759.5 4.950962007730708
760.0 5.5481469359303865
760.5 2.770035120823132
761.0 2.887825151609556
761.5 1.5389451748830427
762.0 3.3243696693845295
762.5 0.2
763.0 3.1693454411031428
763.5 3.400970805307894
764.0 3.989713061792632
764.5 2.726939300545397
765.0 3.4743224240286343
765.5 2.0063867375832056
766.0 2.4656655116240835
766.5 0.44586084396573744
767.0 4.356194914082795
767.5 2.7777114030896777
768.0 5.520492883328953
768.5 8.237018883601124
769.0 1.0830449107379656
769.5 0.7179848935962676
770.0 3.2080726126854997
770.5 1.1863675319714515
771.0 5.93067616992929
771.5 4.680392488852214
772.0 3.2650523086337957
772.5 4.259965136086614
773.0 3.0707163904238994
773.5 4.97636728189139
774.0 4.9685055330159695
774.5 0.7809479120219276
775.0 1.7503035207642221
775.5 2.393959136694308
776.0 2.047996195537885
776.5 2.5999885854942386
777.0 3.167645225673364
777.5 7.953214459975031
778.0 4.118170420281777
778.5 0.2
779.0 10.399043320018523
779.5 6.630047678100727
780.0 6.411971835136992
780.5 5.098980115477614
781.0 8.560228653190322
781.5 6.729131317052323
782.0 3.7760394493892013
782.5 0.2
783.0 9.347300769004871
783.5 2.7408225346132182
784.0 5.91349220810701
784.5 6.467237309429643
785.0 3.6912421950939702
785.5 2.674945205671922
786.0 4.489840344427506
786.5 2.231159641363597
787.0 3.8736561675071326
787.5 3.567312747562705
788.0 4.145954003124949
788.5 0.4191843597368372
789.0 1.6238818555776469
789.5 1.0979153022014607
790.0 1.3600891188869895
790.5 2.574488312874266
791.0 4.808636252404375
791.5 2.5343028177762075
792.0 0.2
792.5 3.9962621787261123
793.0 1.9212388590426785
793.5 0.2
794.0 3.4112286450830647
794.5 3.129175742018261
795.0 4.173082097306286
795.5 2.8349092169704004
796.0 0.9276178854749815
796.5 6.025997155472078
797.0 0.6241230524420853
797.5 4.58494083267808
798.0 2.544771308061677
798.5 2.2493676012345007
799.0 2.1877464402834916
799.5 2.310231778081701
800.0 1.2077298588997674
800.5 2.1735394076335437
801.0 2.305714807829113
801.5 3.459508806883218
802.0 2.739047968625922
802.5 1.4529958392094033
803.0 0.2
803.5 1.67914930735133
804.0 3.914833947334941
804.5 0.2
805.0 4.749091621810907
805.5 4.539710234141065
806.0 4.986240841426957
806.5 0.2
807.0 7.687692389753762
807.5 4.861955210430418
808.0 4.70475320214266
808.5 6.498138909368732
809.0 4.759655979324803
809.5 7.014132859434659
810.0 6.33683800192461
810.5 3.824217964620283
811.0 4.065075345673509
811.5 4.263228104300674
812.0 8.547720364532282
812.5 8.881942151862987
813.0 6.04911211968758
813.5 3.359753366505096
814.0 2.5333625556047292
814.5 4.843240063833351
815.0 6.788968515275068
815.5 3.72758276422034
816.0 2.749197193442164
816.5 7.317010799474013
817.0 2.5903466741509997
817.5 7.39000172407468
818.0 5.106536907194277
818.5 0.2
819.0 1.596236345732236
819.5 0.3578509848390192
820.0 4.116076421343118
820.5 0.2
821.0 2.4414141150876474
821.5 1.5461933083050285
822.0 2.897062492514628
822.5 1.7956103300072987
823.0 2.76950180219803
823.5 1.9218100867423262
824.0 0.8555882686757788
824.5 6.1032262380910165
825.0 2.834246443037969
825.5 2.9572854978436727
826.0 1.4444874901552465
826.5 1.1390460536107139
827.0 1.5514363345178939
827.5 0.2
828.0 3.505836861883528
828.5 3.3038482895447876
829.0 2.4376530494869315
829.5 3.9639883425670366
830.0 2.1291024410081927
830.5 2.572480298881964
831.0 2.0007985149345098
831.5 3.0686543744204986
832.0 3.9164468927410607
832.5 3.737743617319887
833.0 2.013995049149009
833.5 3.732577171398817
834.0 4.076260505684569
834.5 2.8477133086308757
835.0 2.3908666138509607
835.5 2.08544602100822
836.0 3.4604160936140165
836.5 2.215750357946159
837.0 2.294283583327286
837.5 4.362168793077597
838.0 2.774499258356185
838.5 2.58519149876807
839.0 3.0306644448240503
839.5 0.33818313172896586
840.0 1.2961453034398827
840.5 2.1850676334192105
841.0 2.1909935294878253
841.5 4.901911732623446
842.0 3.6073893364161056
842.5 4.742705250935791
843.0 4.261126507698729
843.5 5.106330462146067
844.0 1.9894448127987991
844.5 6.309245606097125
845.0 4.945398922046911
845.5 0.9254685251657153
846.0 2.2227439791479373
846.5 5.689103083102381
847.0 4.795086812642758
847.5 2.8979755688583815
848.0 3.6527425409088243
848.5 1.6682667884347384
849.0 4.272017698288051
849.5 0.2
850.0 3.6363222218810973
850.5 0.9564259222969489
851.0 0.2
851.5 0.9297179952305696
852.0 4.781163771477143
852.5 4.026156240852089
853.0 4.1533128121515634
853.5 3.5668182168195326
854.0 3.8420018573731327
854.5 1.3975736103130356
855.0 3.698330462623771
855.5 2.6644256386114433
856.0 4.2189009667989135
856.5 4.659224353709662
857.0 3.6096208540752857
857.5 3.4459902208106925
858.0 4.609592193750242
858.5 3.991959548989585
859.0 3.2139049699985778
859.5 1.3720583759217715
860.0 6.325883842982274
860.5 1.310348151170853
861.0 0.5186639951055305
861.5 6.816842101494622
862.0 0.2
862.5 6.487784385986576
863.0 4.456919729338971
863.5 4.318601322146348
864.0 4.764868375586261
864.5 6.494605989802617
865.0 2.1560149083056306
865.5 0.2
866.0 4.29631017296797
866.5 2.6008575179253164
867.0 5.481784071975863
867.5 3.693279839845413
868.0 3.2124601304027927
868.5 1.9833872523420801
869.0 3.4851388079439456
869.5 4.9171201841773895
870.0 3.3212505250730073
870.5 3.155183145741137
871.0 7.620508373596213
871.5 3.46454204436996
872.0 2.8621560680441944
872.5 4.14477303362027
873.0 3.7288457781797772
873.5 4.14160627697904
874.0 7.240138489112381
874.5 6.281369667870109
875.0 2.436772562170072
875.5 4.554890973306524
876.0 4.189970568985089
876.5 2.3796124932220897
877.0 3.281286650322357
877.5 4.061232430492623
878.0 0.6437158835070633
878.5 5.131087842416804
879.0 4.197064169780173
879.5 1.4945263942489138
880.0 4.64754914107985
880.5 3.015022309809279
881.0 4.941593893672566
881.5 5.130410168474947
882.0 2.189419844461148
882.5 3.877522077615847
883.0 0.9808971273677551
883.5 2.424579447559517
884.0 4.725727458037113
884.5 3.254237628928447
885.0 4.734706953956954
885.5 2.70374100569468
886.0 2.4097904235109557
886.5 3.096773422110486
887.0 3.234844983097704
887.5 3.307861025595523
888.0 4.318420399060211
888.5 6.769231470604192
889.0 3.4392145504060814
889.5 8.560140493264653
890.0 4.755550031728967
890.5 1.9468568422550487
891.0 2.7111646536646363
891.5 10.035254778104122
892.0 5.599613772657845
892.5 6.141395825980863
893.0 0.2
893.5 1.9859899708183373
894.0 2.1164799515208688
894.5 2.6484025719812894
895.0 4.1111282090906
895.5 3.8933282420897193
896.0 4.708122289919649
896.5 2.4482203708997723
897.0 2.2989851541116386
897.5 3.065956253722056
898.0 4.2496382013244745
898.5 4.975134239335263
899.0 0.2
899.5 4.982957205134824
900.0 2.2374153344608523
900.5 7.398078599124638
901.0 6.417020508020582
901.5 2.373912279884372
902.0 0.2
902.5 5.765273267785954
903.0 4.376092291148486
903.5 3.4321885364539946
904.0 3.0620455608953265
904.5 1.673765113180114
905.0 0.4127680810939842
905.5 4.17236368759883
906.0 3.683260339363298
906.5 5.6948789054150435
907.0 4.532049885723164
907.5 5.145690499822161
908.0 3.7471964608007133
908.5 1.3027867218111
909.0 4.057240352592161
909.5 1.1195990680614103
910.0 4.945015750243337
910.5 3.3292809207535057
911.0 0.2
911.5 3.8801717273318026
912.0 5.4428963629536256
912.5 0.8699988635228633
913.0 4.029746901718332
913.5 2.912934420412958
914.0 4.056906359319864
914.5 1.4174702030447015
915.0 5.39636757152963
915.5 2.3250989227579524
916.0 4.549707602439429
916.5 4.397629816010769
917.0 5.057680805516833
917.5 6.551876159890352
918.0 1.0716514998402364
918.5 2.9829760567613253
919.0 3.342533309159458
919.5 4.299285994393683
920.0 1.082357098522678
920.5 5.939679393995241
921.0 0.5145552654750132
921.5 5.200571902887243
922.0 3.4640401253128252
922.5 1.9666444363670625
923.0 3.3709721273664113
923.5 4.010560456313785
924.0 5.417154502995057
924.5 4.856567991747624
925.0 6.253973572934525
925.5 6.189518454341195
926.0 3.3553792176996042
926.5 6.016856804296234
927.0 1.8370832786804494
927.5 6.427460583503798
928.0 2.3337584809357788
928.5 4.0247209415453655
929.0 2.326033153703503
929.5 3.453394151581979
930.0 3.687817320505513
930.5 4.160449404039096
931.0 2.0422630054946964
931.5 4.937194798922828
932.0 2.483679588313005
932.5 1.3735736218919572
933.0 3.0368913749211672
933.5 2.0765610663304725
934.0 4.09306666370955
934.5 3.13982159306676
935.0 4.930943071037442
935.5 3.476514313581736
936.0 3.9047504914797946
936.5 2.6599189349215795
937.0 1.7045600097949476
937.5 3.6542995225866584
938.0 2.637526919529167
938.5 3.0168602345213467
939.0 4.317990627884159
939.5 7.618612245316282
940.0 2.882684652706528
940.5 0.2
941.0 1.0529277548037967
941.5 2.094410396011249
942.0 0.9455882025184721
942.5 3.271781673375342
943.0 0.2
943.5 4.961349323986306
944.0 5.7099234783751225
944.5 1.480333922857295
945.0 2.3899487085348077
945.5 1.9954464316926845
946.0 4.489344379181162
946.5 1.459992979549941
947.0 3.5720350130411074
947.5 5.3131414870202445
948.0 5.003409828067058
948.5 1.984048239516797
949.0 4.815219966141038
949.5 4.554577525887855
950.0 2.5088501718296667
950.5 5.593135925257775
951.0 1.1749696308748097
951.5 3.971845021346256
952.0 4.188611491005775
952.5 3.318118003324828
953.0 7.180972255847248
953.5 2.450410693233855
954.0 1.2947283776277825
954.5 0.2
955.0 5.102322873197878
955.5 3.68052272319291
956.0 0.2
956.5 4.09592751971499
957.0 5.321508250486946
957.5 3.326357472335511
958.0 0.2
958.5 7.002582524144912
959.0 6.400404719194727
959.5 4.727367894887543
960.0 4.241780164549269
960.5 5.408048486366635
961.0 4.08344447458955
961.5 1.3812668291112962
962.0 5.731895995948136
962.5 3.4149278735555773
963.0 4.2321550721282435
963.5 5.82974446215894
964.0 6.256080298979331
964.5 2.0405944748643075
965.0 4.718426726353442
965.5 3.5488669548217433
966.0 6.100463256867846
966.5 0.2
967.0 2.7061551339775836
967.5 5.131633915194893
968.0 3.520415844084739
968.5 2.5915504562927665
969.0 0.27710646133478933
969.5 1.096367236609964
970.0 5.449877077474003
970.5 6.46442171600108
971.0 4.981910536870019
971.5 4.546508037906067
972.0 2.289499048394541
972.5 5.472259305033248
973.0 3.505402158415419
973.5 4.534461391957214
974.0 4.707660184314868
974.5 6.460429990720279
975.0 4.048585321916407
975.5 0.2
976.0 4.183692369884683
976.5 6.00684822402582
977.0 4.914247626085048
977.5 6.197086779424571
978.0 5.830475754217771
978.5 3.0325400855764917
979.0 2.8272723667609494
979.5 3.962403501875241
980.0 4.934294325866981
980.5 2.97264084856044
981.0 6.843871803855164
981.5 2.1944824511936822
982.0 2.6474909224960457
982.5 4.632864095549468
983.0 8.398059084046437
983.5 6.34525034918021
984.0 1.2192353131537792
984.5 5.591125350379267
985.0 5.766672875497384
985.5 4.00152902406094
986.0 8.531917669460213
986.5 2.2165795170262474
987.0 5.509142278262733
987.5 6.619139058773042
988.0 4.124587382954236
988.5 7.472860962885852
989.0 7.582207676360229
989.5 2.954499029131523
990.0 2.3250126129932513
990.5 5.400346382003759
991.0 6.117390387765571
991.5 8.356413635290057
992.0 6.3625106273064205
992.5 4.545687129270627
993.0 7.68902468712645
993.5 2.3555865554777173
994.0 0.2
994.5 2.7078175082960207
995.0 7.50788162296522
995.5 2.0194864544501856
996.0 4.543555732483927
996.5 5.208895164685303
997.0 5.836824721898011
997.5 6.383862865852854
998.0 0.9028693339318097
998.5 1.6865984252994903
999.0 6.19304134103084
999.5 3.6337079804834946
1000.0 1.1957810095218098
1000.5 4.778665703124012
1001.0 0.48235343936979236
1001.5 2.5575960252036563
1002.0 7.280264813778504
1002.5 8.30884774189716
1003.0 3.253874995028222
1003.5 5.812442299672167
1004.0 6.274953012138036
1004.5 0.2
1005.0 8.761158075813482
1005.5 4.659353873835423
1006.0 6.276124863391756
1006.5 8.03074902134305
1007.0 8.432911509988372
1007.5 2.690215715699326
1008.0 8.226713436536013
1008.5 6.216431944396279
1009.0 3.65402995669944
1009.5 3.647381172157324
1010.0 5.350390332759572
1010.5 8.954789350887273
1011.0 6.016165955087613
1011.5 0.2
1012.0 5.976504358027489
1012.5 0.2
1013.0 3.374538816096604
1013.5 4.456269395339829
1014.0 4.355157265688764
1014.5 4.326596239823058
1015.0 4.721066234702266
1015.5 9.455876244701905
1016.0 3.891760730073035
1016.5 7.934449047451209
1017.0 7.847647821761937
1017.5 6.590838951050543
1018.0 8.56088162553641
1018.5 3.367329023243864
1019.0 6.636877118104891
1019.5 3.9756754604238274
1020.0 5.902546229715776
1020.5 8.73114867749003
1021.0 4.395214266732449
1021.5 0.7804308255546326
1022.0 6.185574952575442
1022.5 6.818007704871157
1023.0 5.487825227577392
1023.5 3.4932466962770876
1024.0 0.3533424988940168
1024.5 8.054607199634077
1025.0 2.1947478734479886
1025.5 2.200334923147696
1026.0 2.0843740934803265
1026.5 2.4129283253599096
1027.0 2.0670427275805183
1027.5 3.5973797489409787
1028.0 3.870870380472981
1028.5 4.166803972128308
1029.0 5.746562592917362
1029.5 4.371426489581458
1030.0 0.2
1030.5 2.0751233647170677
1031.0 0.7200473480420735
1031.5 2.45978958960473
1032.0 2.1790562050266447
1032.5 2.5687548291144306
1033.0 4.670248113602522
1033.5 4.785407771003904
1034.0 4.243739319680699
1034.5 0.2
1035.0 6.027143631375571
1035.5 3.019483770703867
1036.0 2.2662078454351486
1036.5 4.027361647043376
1037.0 2.2129374460736093
1037.5 4.030606714014468
1038.0 4.939846195354283
1038.5 4.517126381939141
1039.0 0.9513299661618468
1039.5 2.575842621044484
1040.0 2.6699613224822167
1040.5 3.0724323989406104
1041.0 4.070327687321915
1041.5 3.0019654897182524
1042.0 1.4526514528139711
1042.5 1.6988309000017927
1043.0 6.494640718311726
1043.5 5.222086375160506
1044.0 4.645005084253765
1044.5 7.165346301633834
1045.0 5.411993344608178
1045.5 3.5044033321435317
1046.0 3.464803953034301
1046.5 3.5182908535834785
1047.0 3.7440700332746424
1047.5 4.741593022377404
1048.0 6.225568750782509
1048.5 3.7656484752582213
1049.0 0.849241251464008
1049.5 4.687172064864718
1050.0 5.481089972311818
1050.5 5.473932742471954
1051.0 1.426093609940175
1051.5 1.6131008173873456
1052.0 6.489623083899885
1052.5 1.2116678734714381
1053.0 2.7020078314084706
1053.5 4.074048237783448
1054.0 3.7134748118679113
1054.5 7.376290905805806
1055.0 5.260845297601118
1055.5 7.607162521972322
1056.0 7.199354626363638
1056.5 3.4951961483696623
1057.0 2.07318366404788
1057.5 3.0064474659495253
1058.0 0.2
1058.5 4.787752740614013
1059.0 3.7716994234689842
1059.5 2.006851861271603
1060.0 3.851422873871358
1060.5 2.817749735492895
1061.0 3.3054100453320965
1061.5 2.7824459399848718
1062.0 0.5238887920991768
1062.5 2.7587209701252275
1063.0 2.890232626987471
1063.5 4.116235208276905
1064.0 1.840719413252221
1064.5 2.1941563087329694
1065.0 3.0699432584284185
1065.5 1.43366734940413
1066.0 2.128761506997313
1066.5 2.032797062572877
1067.0 0.6178635448318079
1067.5 2.580745077541622
1068.0 0.3515161142163432
1068.5 1.3575470932222355
1069.0 2.3577246280142665
1069.5 2.8684614143295954
1070.0 2.735241052530987
1070.5 1.830310123408485
1071.0 1.904391139275519
1071.5 1.1010350215633662
1072.0 0.2
1072.5 2.843388920981746
1073.0 0.21523382559926585
1073.5 5.739343295050942
1074.0 3.0668830052520426
1074.5 3.885641506910642
1075.0 1.393628302513374
1075.5 1.4148738684874202
1076.0 2.576261841414853
1076.5 3.929538644297871
1077.0 3.9478844204581796
1077.5 1.278528525456452
1078.0 4.201220825066132
1078.5 2.190724184678657
1079.0 2.1929003494841703
1079.5 2.900065838793738
1080.0 3.395027109309832
1080.5 3.316137495582327
1081.0 2.430572834532349
1081.5 3.32425556913857
1082.0 5.299806078229109
1082.5 5.702337614206835
1083.0 3.859214780270876
1083.5 4.027556561062756
1084.0 8.95535187236348
1084.5 4.075937947403416
1085.0 10.501310384448558
1085.5 2.481678076904128
1086.0 7.856473585479421
1086.5 3.209781343808646
1087.0 6.224021296001169
1087.5 5.317404076227515
1088.0 5.6796707751172875
1088.5 2.027009314542673
1089.0 7.288081084578414
1089.5 1.0427255722459394
1090.0 2.3020402517459146
1090.5 4.909222104705511
1091.0 6.743791803998509
1091.5 5.685651033414865
1092.0 3.4359059722288787
1092.5 7.460445014712705
1093.0 4.579469113981343
1093.5 7.442963984233202
1094.0 6.842110184158642
1094.5 2.692519800654508
1095.0 1.1959552599602543
1095.5 6.087021318044842
1096.0 9.278678227293588
1096.5 5.486184277849452
1097.0 2.3848308929187225
1097.5 4.988619783968541
1098.0 4.420211369587114
1098.5 8.293227104522831
1099.0 5.064859691758461
1099.5 0.5357055486033149
1100.0 5.794239066885048
1100.5 10.720542030397326
1101.0 6.424883554782763
1101.5 7.232171386817491
1102.0 3.5515297812760482
1102.5 5.0271846913182685
1103.0 7.664883364060109
1103.5 2.302741282085595
1104.0 3.0327737695351997
1104.5 4.503318797029444
1105.0 4.051365652535255
1105.5 5.995070488587043
1106.0 2.8781092399026473
1106.5 6.3729250103791415
1107.0 2.626271206067922
1107.5 0.33268757349821865
1108.0 6.076109664641955
1108.5 6.78116565850636
1109.0 5.504886730321411
1109.5 4.594709778369619
1110.0 4.58892938887631
1110.5 8.508913535498557
1111.0 6.885403561820291
1111.5 4.637475787124502
1112.0 5.537001010718431
1112.5 0.7238239771990718
1113.0 0.9935997687471416
1113.5 3.7694078354117893
1114.0 4.215143021806642
1114.5 0.38073986486505174
1115.0 2.583731656153929
1115.5 3.8967569066052725
1116.0 2.346149869713207
1116.5 2.580370913515848
1117.0 2.2851825483773487
1117.5 1.8406944253696884
1118.0 3.271006199761149
1118.5 1.4178122739986687
1119.0 5.254765018727465
1119.5 1.2770866055877135
1120.0 2.6918325580980333
1120.5 4.720753855145514
1121.0 5.009797301440091
1121.5 4.01602777558225
1122.0 2.955899352346888
1122.5 5.585179267782111
1123.0 2.772200390984654
1123.5 4.973014990003398
1124.0 1.498851874904525
1124.5 4.153866670645835
1125.0 2.572508922052126
1125.5 3.5657952493888754
1126.0 4.87114787093798
1126.5 4.929474539631475
1127.0 1.5667153038329187
1127.5 3.3700931565321026
1128.0 5.533787595702346
1128.5 6.420745913970755
1129.0 4.7891834117601615
1129.5 4.399108132527505
1130.0 5.733831481805838
1130.5 4.618893578593417
1131.0 7.267941891855626
1131.5 1.6493991476145822
1132.0 3.372727456993859
1132.5 4.294592531254189
1133.0 0.7241609797987221
1133.5 1.7662290762675963
1134.0 2.2337330857740003
1134.5 1.4133085410464097
1135.0 4.442966737132451
1135.5 3.376864237557748
1136.0 2.9179916119345592
1136.5 3.0641516936701563
1137.0 0.8785913505816252
1137.5 6.062223959676487
1138.0 2.9789017743081567
1138.5 0.2
1139.0 2.061077394759546
1139.5 5.108964364743204
1140.0 6.498264026108308
1140.5 5.044936783651265
1141.0 1.2893018222728418
1141.5 2.3463785474719656
1142.0 3.2587794906566847
1142.5 5.510287420867105
1143.0 5.3617238857912595
1143.5 3.7120093646343597
1144.0 4.0293441869524145
1144.5 1.9962726767702659
1145.0 1.026559503997503
1145.5 0.28818818393449774
1146.0 0.25142998758268
1146.5 3.6380149112992863
1147.0 3.5132811608232424
1147.5 5.361589997598907
1148.0 2.799166717328431
1148.5 5.657490835222371
1149.0 2.278413187320155
1149.5 4.065751599094449
1150.0 1.6952284704275695
1150.5 7.011230542179562
1151.0 5.416015692486933
1151.5 3.262617348760345
1152.0 7.807764799774839
1152.5 3.1546610284206014
1153.0 6.783132288166607
1153.5 0.2
1154.0 1.24359793902781
1154.5 5.208776689222169
1155.0 2.661046631551919
1155.5 3.134678907814542
1156.0 4.000077056662999
1156.5 3.52905916651002
1157.0 8.424103828466013
1157.5 7.043029147325724
1158.0 2.1773333836002617
1158.5 5.650939649918367
1159.0 2.1162914852730346
1159.5 6.868754703654618
1160.0 5.804543308924771
1160.5 3.2437963046888165
1161.0 1.6715745171606788
1161.5 3.0102558046385006
1162.0 4.587688852247231
1162.5 3.615141778233487
1163.0 5.958049422151054
1163.5 6.6190427271713315
1164.0 5.430361342031902
1164.5 1.7204884064836206
1165.0 2.761175505551037
1165.5 6.029392236860602
1166.0 3.0121887172123225
1166.5 3.792022019941201
1167.0 6.828516402889247
1167.5 6.0508456631102865
1168.0 2.0740888274483913
1168.5 6.144950582480783
1169.0 1.4410245168709261
1169.5 2.998643521415337
1170.0 6.441223417314443
1170.5 1.0953853232709214
1171.0 5.604628780680551
1171.5 3.3759353703142168
1172.0 0.39846236773212684
1172.5 4.037041926337771
1173.0 0.5520409890833546
1173.5 2.5561515021100725
1174.0 2.634565102907879
1174.5 2.9193462053391417
1175.0 4.574781235316491
1175.5 0.2
1176.0 0.2
1176.5 7.1213416469950825
1177.0 3.7809896446769153
1177.5 5.558663435413651
1178.0 6.734817663315926
1178.5 4.8232348705143515
1179.0 1.9999689188613425
1179.5 3.846763746062435
1180.0 2.4329095024201566
1180.5 1.242086334368961
1181.0 2.761503046694833
1181.5 0.2918952863461115
1182.0 4.810729967686434
1182.5 3.7525681634723016
1183.0 3.9882578687319046
1183.5 2.595342036150894
1184.0 2.6118223682267026
1184.5 3.246121989777426
1185.0 3.3919604315086516
1185.5 3.4180420783297243
1186.0 4.728783256501309
1186.5 5.299084092514203
1187.0 2.327798451199695
1187.5 4.988026500081899
1188.0 8.16937075795365
1188.5 2.369165344500588
1189.0 1.3601695954857487
1189.5 5.217459971123677
1190.0 3.198175478097014
1190.5 1.0238381385529531
1191.0 2.9856333986768333
1191.5 6.849370963269512
1192.0 1.5462418914752152
1192.5 7.507232030723095
1193.0 1.0458241096753418
1193.5 5.720761690049192
1194.0 2.358218272362204
1194.5 5.022533445635673
1195.0 3.4468145111815973
1195.5 3.5978783185575742
1196.0 2.6442323995801242
1196.5 2.0037103399122675
1197.0 1.880807837536631
1197.5 2.6913445039842743
1198.0 5.4704186189040405
1198.5 7.620803543723293
1199.0 4.9610736971828855
1199.5 5.692294864600248
1200.0 6.474463782129978
1200.5 2.809252561321183
1201.0 2.7331147426279507
1201.5 4.431545717456024
1202.0 8.736337685631005
1202.5 4.608454080599465
1203.0 2.68891608951627
1203.5 5.813734671285577
1204.0 2.204538530825764
1204.5 5.023229352265449
1205.0 3.071558365485628
1205.5 6.812211254294235
1206.0 6.162379945382392
1206.5 3.443581491237086
1207.0 0.2
1207.5 7.0249382378430845
1208.0 3.660248436311031
1208.5 7.688081911306655
1209.0 3.920702852502027
1209.5 6.799295626695245
1210.0 3.979790740857784
1210.5 5.190219450183747
1211.0 7.098120654786851
1211.5 3.279682818231476
1212.0 2.9771268966976976
1212.5 2.4636336447247613
1213.0 5.788772868903124
1213.5 4.265783006293956
1214.0 5.045969938199782
1214.5 0.7841845035211064
1215.0 0.2
1215.5 5.681468922247822
1216.0 4.902995629944975
1216.5 0.2
1217.0 6.726627235536698
1217.5 2.0697234520555545
1218.0 5.691996626838673
1218.5 4.4386802058177555
1219.0 0.9696318754059381
1219.5 1.8429043928465367
1220.0 0.7076488713373532
1220.5 3.6127017217624804
1221.0 4.134846381855915
1221.5 0.9804697664680069
1222.0 2.822720280650251
1222.5 1.6360603820214004
1223.0 0.3918760117544331
1223.5 0.47456942157686255
1224.0 2.8405982166820527
1224.5 1.877971613183399
1225.0 2.3023561350032478
1225.5 0.4489993095769371
1226.0 1.8958707909749348
1226.5 2.3634989919154235
1227.0 3.275523228879611
1227.5 2.481483333592475
1228.0 2.304282486872891
1228.5 3.2170276345430553
1229.0 4.653486094385872
1229.5 0.2
1230.0 0.7978739256986631
1230.5 0.8287679125098193
1231.0 2.9903879714590746
1231.5 3.6563715114663173
1232.0 1.4109664845799061
1232.5 3.4587397167209724
1233.0 3.37957209841285
1233.5 3.061709717499695
1234.0 1.1150882317698294
1234.5 3.1522637191817626
1235.0 2.7679627638912425
1235.5 1.9963435365579811
1236.0 1.0309765468772392
1236.5 2.741331244978753
1237.0 2.014299232312511
1237.5 1.8931591677997601
1238.0 0.8123408599529134
1238.5 2.6378947076373818
1239.0 2.2363655462703615
1239.5 0.9306571891755839
1240.0 3.995780827383003
1240.5 3.5744356777801993
1241.0 3.1600397407635263
1241.5 0.5599370834497506
1242.0 2.691312950757214
1242.5 2.853157772820585
1243.0 1.2577698207870767
1243.5 2.9861181519688555
1244.0 2.267004887102302
1244.5 2.780002234287587
1245.0 3.9978105360681573
1245.5 2.895275685807051
1246.0 2.8486999856122814
1246.5 3.5639054304577034
1247.0 2.4310049566783056
1247.5 2.3146444763078486
1248.0 1.9263146836866816
1248.5 4.110396581864457
1249.0 1.7957933604239926
1249.5 1.4111788040964826
1250.0 1.5606230193497086
1250.5 1.7840870269250537
1251.0 2.2993507022804622
1251.5 3.38426259726382
1252.0 3.19180715040285
1252.5 0.4133133236297444
1253.0 5.163979941308677
1253.5 3.7873777725751148
1254.0 3.2875926981846275
1254.5 3.3493981869237306
1255.0 1.202718806725021
1255.5 7.428870209994878
1256.0 7.108633324400785
1256.5 2.3971430715928297
1257.0 5.71385188605373
1257.5 2.7549282185867803
1258.0 4.853427238440986
1258.5 3.994331536054676
1259.0 4.06404421232808
1259.5 6.615563847283128
1260.0 6.146635704538692
1260.5 6.22984842565277
1261.0 0.2
1261.5 2.9250481867736005
1262.0 5.867099401541202
1262.5 7.836768241485874
1263.0 6.859317665038837
1263.5 2.7676247466769253
1264.0 2.9504360157759195
1264.5 7.472930317855269
1265.0 4.358439641511949
1265.5 3.744702289207351
1266.0 3.7821451962475985
1266.5 0.35737182061095707
1267.0 5.546954157895966
1267.5 1.674892588899441
1268.0 3.716394781495081
1268.5 6.336283723062039
1269.0 3.7862932268216016
1269.5 1.3525782656232124
1270.0 2.1604996153307074
1270.5 3.543483002985517
1271.0 3.5719903589232387
1271.5 0.26266133768610755
1272.0 1.8755603068471527
1272.5 2.3133493515609715
1273.0 1.2971449635011776
1273.5 0.895980125622934
1274.0 2.7681152243641307
1274.5 2.294520624469873
1275.0 4.132775888637158
1275.5 3.306137862934097
1276.0 2.5097935014009054
1276.5 5.026803676802492
1277.0 3.2060946456333093
1277.5 1.458429180452554
1278.0 1.3258638936013663
1278.5 5.175895887094763
1279.0 2.279903525772972
1279.5 2.1642641473506616
1280.0 0.2
1280.5 3.598164197801351
1281.0 4.861311260066615
1281.5 3.3968512954471195
1282.0 1.9201271131338453
1282.5 0.6976890167628493
1283.0 2.838961234048304
1283.5 4.890694064881963
1284.0 3.702080879513609
1284.5 2.845983331785305
1285.0 4.164002198482092
1285.5 2.8488424184257823
1286.0 0.2
1286.5 6.076129244576947
1287.0 6.769938589454469
1287.5 5.703347872601001
1288.0 3.4684412354859564
1288.5 2.304183670542839
1289.0 4.2745364743373475
1289.5 4.247211883706218
1290.0 3.7323988666165273
1290.5 3.7025242681870294
1291.0 3.037173321279479
1291.5 8.527305340410445
1292.0 5.852524237764281
1292.5 2.2627851593600496
1293.0 3.7736127753224498
1293.5 3.7216542591482225
1294.0 2.9262346964288017
1294.5 5.949056177493681
1295.0 0.98736191642289
1295.5 5.264744538420022
1296.0 1.892026317880766
1296.5 1.9901040953133369
1297.0 2.1502250377998386
1297.5 0.3611272397125451
1298.0 4.8180013811841915
1298.5 5.207987974603272
1299.0 3.214128458454631
1299.5 2.698455711376438
1300.0 4.91942309324582
1300.5 2.028533276211962
1301.0 3.325918371194273
1301.5 6.415523396491201
1302.0 3.4946004138622446
1302.5 3.3383917020206475
1303.0 3.5039805433774287
1303.5 5.255185107483209
1304.0 3.6385592781222087
1304.5 1.5355382855735342
1305.0 3.2506262379282735
1305.5 0.9212972291874575
1306.0 2.548949491753313
1306.5 4.527635565900518
1307.0 1.9061424532300986
1307.5 0.2
1308.0 4.429683891732649
1308.5 2.9240790874122284
1309.0 0.2
1309.5 1.1527634131198836
1310.0 3.1141290047148327
1310.5 6.931984617322087
1311.0 1.5579051969553053
1311.5 2.2949450713794346
1312.0 2.058691048554125
1312.5 4.381668685201708
1313.0 5.379250161240611
1313.5 6.195071178567108
1314.0 3.62521985147269
1314.5 3.629248936722818
1315.0 3.305366364390008
1315.5 2.4589625345902144
1316.0 2.357000818021347
1316.5 5.80800018367441
1317.0 4.94531863262168
1317.5 3.500329671928636
1318.0 4.088015322025042
1318.5 0.8567249614409627
1319.0 2.2564181130983725
1319.5 6.469851972335119
1320.0 5.2702403814195975
1320.5 6.143229986885285
1321.0 4.638634989823636
1321.5 4.199961754217272
1322.0 4.207250222428877
1322.5 2.667526194014112
1323.0 4.263238976179759
1323.5 7.998849319750436
1324.0 3.7074120052496653
1324.5 4.82133242037164
1325.0 0.5956209648231789
1325.5 7.4923159865603886
1326.0 5.413149213109222
1326.5 5.153410516297461
1327.0 1.6668107635845009
1327.5 4.544773801535909
1328.0 4.821203655223834
1328.5 5.60086096627502
1329.0 7.330517818983483
1329.5 3.9178069726219165
1330.0 5.087256343968212
1330.5 3.1255618951604482
1331.0 2.7609148120559928
1331.5 6.18658565967149
1332.0 0.2
1332.5 1.3544807095883193
1333.0 0.8016957601624228
1333.5 2.499558946863323
1334.0 0.5155124708634684
1334.5 0.5222982143437229
1335.0 4.193161807415139
1335.5 5.473745678972271
1336.0 2.1686872630092013
1336.5 3.7305832684288402
1337.0 2.354808244661148
1337.5 2.101680977831033
1338.0 4.023256745634924
1338.5 4.445447556297881
1339.0 1.0168079569943154
1339.5 1.223278310058948
1340.0 2.5613828808423724
1340.5 1.913292927315838
1341.0 0.2
1341.5 7.219107114656817
1342.0 3.9957868131772267
1342.5 5.253406274543241
1343.0 0.7241373913595406
1343.5 6.300796536781916
1344.0 1.594142104309244
1344.5 4.582376740007275
1345.0 0.8875717779301802
1345.5 4.118997532553293
1346.0 1.828236014815395
1346.5 4.80749613887587
1347.0 0.4776201466762928
1347.5 4.621477185452142
1348.0 2.8651873699398784
1348.5 4.435671653956466
1349.0 4.983082420791797
1349.5 6.6507140612135744
1350.0 1.7987954083431648
1350.5 1.7659806253493633
1351.0 3.355815040666851
1351.5 7.057213147394931
1352.0 8.102422360482434
1352.5 2.116488160586819
1353.0 5.295090178212632
1353.5 2.5819563272301544
1354.0 5.180829680444591
1354.5 9.073504974605388
1355.0 6.319585494571595
1355.5 8.594481520460985
1356.0 0.2
1356.5 7.656714190489691
1357.0 10.412840948407236
1357.5 8.38265149349282
1358.0 5.622154789298225
1358.5 3.8194802444449856
1359.0 4.100113798237699
1359.5 6.800747274231899
1360.0 2.5799099479519496
1360.5 7.180758878734695
1361.0 2.325347880395078
1361.5 1.6987095320185293
1362.0 7.317410735590746
1362.5 2.694363671096042
1363.0 0.46966293336904563
1363.5 7.805167561022208
1364.0 3.5675816720282336
1364.5 4.489949509451656
1365.0 0.27940042249485497
1365.5 7.421313536842595
1366.0 0.2
1366.5 2.912778654976176
1367.0 2.5655062727054587
1367.5 5.868844640378799
1368.0 7.724216760017003
1368.5 0.2
1369.0 7.204751926105034
1369.5 7.050728210966916
1370.0 6.145494412331596
1370.5 7.738093481450967
1371.0 8.212990796127071
1371.5 4.6029076571962895
1372.0 8.156207101431956
1372.5 5.745740611531483
1373.0 4.128098816861345
1373.5 11.01713415545856
1374.0 3.728224888173029
1374.5 1.1411577802187693
1375.0 1.787277017870409
1375.5 2.5955489595614774
1376.0 5.6496350614305815
1376.5 5.139639051640546
1377.0 4.10128082979047
1377.5 2.4346009829944335
1378.0 1.3469816441291562
1378.5 2.574473944559787
1379.0 3.58060740223108
1379.5 2.0374278982350464
1380.0 0.24661533194081997
1380.5 2.418084579333361
1381.0 2.296753039191498
1381.5 4.415998589124587
1382.0 3.4034959501972226
1382.5 2.2174329218885624
1383.0 2.987644377424381
1383.5 2.1412775234080046
1384.0 4.5380378800544605
1384.5 3.053066799362521
1385.0 1.687346081151525
1385.5 2.1797290175853323
1386.0 2.48901780992211
1386.5 2.113314382508136
1387.0 2.552602184088227
1387.5 4.254221187345197
1388.0 2.3484830801481023
1388.5 0.9595148849674224
1389.0 2.8864980690302264
1389.5 3.0120235971643465
1390.0 9.242965622883144
1390.5 2.025064106280524
1391.0 3.0785830880307676
1391.5 9.036462302722349
1392.0 5.761224279358152
1392.5 2.0390744871388704
1393.0 7.048480263476433
1393.5 6.528305958334904
1394.0 8.258192735108642
1394.5 0.6412241392569129
1395.0 4.3603477249524945
1395.5 2.341257330806349
1396.0 5.447418097701748
1396.5 3.1927838281430168
1397.0 4.956262725461911
1397.5 4.942314595714472
1398.0 8.217976132498988
1398.5 1.1210026005860798
1399.0 5.138949536057945
1399.5 3.536549890167326
1400.0 1.777669323403051
1400.5 2.162744540058413
1401.0 4.5515530773593
1401.5 1.9373516684035441
1402.0 3.2133548884640675
1402.5 3.136164693948567
1403.0 2.112428387267606
1403.5 2.7916929753810904
1404.0 4.417104195639053
1404.5 4.200554045282833
1405.0 2.0156500687712655
1405.5 1.099417229344805
1406.0 2.6723980380799364
1406.5 2.8501906811688817
1407.0 1.08763278381381
1407.5 2.250533034627845
1408.0 0.5401130909383822
1408.5 3.294421014686229
1409.0 3.1869117312084856
1409.5 0.7409068667476184
1410.0 1.7271155504627598
1410.5 2.9744639424234904
1411.0 3.463755331566138
1411.5 3.2999149771773237
1412.0 2.0187750321945193
1412.5 4.632653625101069
1413.0 1.7871256048431317
1413.5 3.2467079181354626
1414.0 3.199620791309881
1414.5 2.2764885323003003
1415.0 1.3644329250973715
1415.5 2.9809455561708673
1416.0 1.7057497233722378
1416.5 0.9873636191273534
1417.0 1.8374990379951142
1417.5 2.5102051813248143
1418.0 1.71814390520976
1418.5 2.898750034874503
1419.0 1.0204664087791215
1419.5 1.299859621113566
1420.0 2.09384469886934
1420.5 2.0968985998216185
1421.0 2.5640637343158597
1421.5 0.9021034139798714
1422.0 3.797159971915888
1422.5 1.8805304898490909
1423.0 2.7385904894376294
1423.5 1.235638427393839
1424.0 0.3842295715435049
1424.5 3.4975576761064113
1425.0 1.3728259692043197
1425.5 1.1816052396175614
1426.0 2.262674140476134
1426.5 1.6616172892538452
1427.0 2.510222106842363
1427.5 3.9319258931543244
1428.0 2.5812039653313437
1428.5 3.05625932438608
1429.0 4.002613294283035
1429.5 1.7996994932840105
1430.0 4.185142607054118
1430.5 2.018484002057151
1431.0 3.5735191643557633
1431.5 4.1868408656657135
1432.0 3.7615824868372103
1432.5 0.5824758005450543
1433.0 3.0735425567794463
1433.5 5.993306487253872
1434.0 2.7469067900746884
1434.5 4.390779740121866
1435.0 1.8223301030854644
1435.5 5.649259954365883
1436.0 1.9984286765426302
1436.5 0.9368257448302069
1437.0 3.4619930807749846
1437.5 4.381261463522803
1438.0 3.16158003108737
1438.5 2.2599191986838427
1439.0 2.4006654944308137
