0 3.9437198451459556
0.5 1.6142649078960125
1.0 2.1956463010313803
1.5 1.3788995077033224
2.0 2.672597204753593
2.5 5.083345837829371
3.0 1.6825535846983548
3.5 0.2
4.0 3.1023924047125644
4.5 2.5409715158662904
5.0 2.03732791757819
5.5 2.707982735961005
6.0 3.2080781565923084
6.5 2.81361263303792
7.0 1.8526527152831966
7.5 2.4960542793083986
8.0 3.5462099442585195
8.5 4.594409329802566
9.0 4.3870907725102715
9.5 2.601338816082041
10.0 4.98902761506434
10.5 5.422935484877042
11.0 3.6988603623090164
11.5 4.399033352908962
12.0 5.7576269666629125
12.5 4.397463743819225
13.0 4.308611015152603
13.5 2.8924979471478394
14.0 2.852305054586682
14.5 6.573977279208975
15.0 4.172527698163133
15.5 7.9207690513214235
16.0 1.0235860832078716
16.5 2.537230293927246
17.0 7.39759703024764
17.5 6.304167073206723
18.0 1.8319665695353438
18.5 2.9579780665734976
19.0 2.5621156532335796
19.5 1.4500692338833212
20.0 3.576692321164283
20.5 3.831689597548495
21.0 1.2952582327264994
21.5 7.6305155474720125
22.0 4.980267148952336
22.5 1.0776818853833476
23.0 3.7185140722561814
23.5 6.577207111565275
24.0 5.045528019377412
24.5 3.491545076139215
25.0 4.68964306075263
25.5 5.422508226584416
26.0 3.536769760527862
26.5 7.910022315892306
27.0 5.5030889222985735
27.5 6.461165994881137
28.0 2.24486218351277
28.5 9.77983693286531
29.0 7.038174354913421
29.5 6.2145604989300685
30.0 2.6817838169443813
30.5 4.123406021902157
31.0 1.2009544151825677
31.5 5.06880001794001
32.0 6.817978976077706
32.5 4.539753426155055
33.0 0.2
33.5 2.4179165776756584
34.0 5.983090782264995
34.5 4.407059404223039
35.0 3.5528940858850597
35.5 3.0004717996636683
36.0 4.09516787686864
36.5 4.166877754526244
37.0 0.28148677706727643
37.5 6.722658835737313
38.0 7.229520091644082
38.5 3.991414580561521
39.0 4.00146445467627
39.5 3.92710881797238
40.0 6.850985963406702
40.5 4.948727500085299
41.0 2.1154773167504604
41.5 5.462944431195194
42.0 1.3718873849081867
42.5 3.584782665315586
43.0 3.35440764290643
43.5 5.517541329557201
44.0 2.7245507381627867
44.5 4.365239423495268
45.0 8.370745177175241
45.5 5.147612551088815
46.0 0.8561300304200752
46.5 7.326286779480981
47.0 5.203889137774733
47.5 2.524778471425719
48.0 0.2
48.5 0.3008577413097493
49.0 2.40141263056623
49.5 6.311885939820519
50.0 7.254203134154922
50.5 5.826507663347195
51.0 8.08689305634645
51.5 2.35185538832131
52.0 3.2141683186232366
52.5 4.461346329659165
53.0 4.143782492384535
53.5 2.2005174781724026
54.0 7.704628048274969
54.5 2.968416521550001
55.0 6.382988642256413
55.5 2.9724834803562588
56.0 3.35540645357677
56.5 3.5648408138621304
57.0 2.639773973421541
57.5 4.469550008230067
58.0 5.311307820109938
58.5 7.182393446607321
59.0 2.677196450309607
59.5 6.623448002774505
60.0 5.915684252260984
60.5 5.347303685354728
61.0 3.68380464187369
61.5 4.6320373271802415
62.0 4.422743043404438
62.5 1.712067742572719
63.0 1.9352522858995598
63.5 0.35171130598002653
64.0 5.044851051062343
64.5 0.2
65.0 2.994502541601747
65.5 1.970572133581996
66.0 8.825276813198954
66.5 4.0325231824156065
67.0 6.97435497129326
67.5 2.247473198782586
68.0 3.609839869487811
68.5 1.5418084663919989
69.0 3.979312950222482
69.5 3.2588020918734553
70.0 2.9252419263570144
70.5 0.40051093845674535
71.0 7.680530219535694
71.5 6.865884305185097
72.0 1.05253582798152
72.5 2.505685589824483
73.0 5.479978576393034
73.5 6.000232156508487
74.0 5.050178938195339
74.5 5.822620164298527
75.0 6.878351480991611
75.5 5.110277175924176
76.0 7.571779427778665
76.5 5.199798458959578
77.0 3.169601647849143
77.5 7.942196107906799
78.0 2.7200779510529633
78.5 4.665840291250981
79.0 3.3142125554417836
79.5 4.292502854681371
80.0 3.139980828172648
80.5 1.2740859575401813
81.0 3.1097558843500153
81.5 2.176067743979683
82.0 4.9441745762086216
82.5 4.474599183167594
83.0 4.68988728202889
83.5 2.5698440704929713
84.0 4.746991137964736
84.5 5.314338604288991
85.0 2.2991958205816507
85.5 3.658120460395905
86.0 4.19659234538431
86.5 6.426487920792811
87.0 4.591737253924926
87.5 3.272791241629568
88.0 4.544217321177201
88.5 6.695983220369076
89.0 3.630014681028515
89.5 2.878730294091074
90.0 1.4394193124126033
90.5 7.273769990839042
91.0 8.07511644412688
91.5 5.145839096167242
92.0 5.226915023617684
92.5 7.438674101213438
93.0 5.762579312600695
93.5 4.648620655310319
94.0 5.7099958295380056
94.5 4.965644474156459
95.0 6.456064726920896
95.5 2.286245949202807
96.0 6.738471056503365
96.5 4.636432344162854
97.0 4.497714860416462
97.5 3.625363908145641
98.0 2.997664651115685
98.5 3.5770515156556453
99.0 2.723802263805587
99.5 5.594974852070306
100.0 7.896390496841649
100.5 2.342360542512697
101.0 1.8262251019193378
101.5 3.5370164808054803
102.0 3.4135062062934867
102.5 1.7864784178022135
103.0 4.779792962859412
103.5 2.9178618495617252
104.0 1.9091181575335092
104.5 4.519002432381134
105.0 7.314374872228871
105.5 3.995100332450906
106.0 2.0235654543576826
106.5 2.11481824492907
107.0 4.295804074733039
107.5 3.5065356222655324
108.0 2.2512613603982916
108.5 4.832167081235437
109.0 1.8183870798222501
109.5 2.5858735946561278
110.0 7.811435172522845
110.5 2.8094934440749153
111.0 2.4276364141113262
111.5 4.414189460127803
112.0 5.40173712813716
112.5 0.20701230807403403
113.0 2.6026506581833218
113.5 2.776595735268431
114.0 3.219112294213504
114.5 5.512104959582534
115.0 1.896000486199619
115.5 4.440884121306253
116.0 0.6104791588339604
116.5 2.9152096730335275
117.0 2.873304646685972
117.5 4.91296320156369
118.0 3.943122980711856
118.5 2.0453361621890616
119.0 3.240900669385336
119.5 3.566750732213901
120.0 2.333027381625995
120.5 8.798723218640264
121.0 1.5428681502732662
121.5 3.737652107988744
122.0 0.6800008309530226
122.5 1.7938744034885838
123.0 0.6072321058675252
123.5 5.288888310881422
124.0 3.1236050910254445
124.5 3.3793183227030505
125.0 4.671195414260097
125.5 3.6842958291498946
126.0 1.0570806743083807
126.5 2.2038986335197928
127.0 1.8255240012493812
127.5 3.8331481186900036
128.0 2.6522657120348865
128.5 6.330998723568905
129.0 1.5737408084720776
129.5 3.219760062493201
130.0 2.9715014751673157
130.5 1.9534492307378848
131.0 4.286398869813599
131.5 2.7155511297138393
132.0 0.7894215443246373
132.5 7.151799542691192
133.0 1.9548034861674974
133.5 4.8763447069406585
134.0 5.690480806023919
134.5 5.487430867905038
135.0 6.18251403239336
135.5 4.021423878953156
136.0 0.2
136.5 3.7231980188544416
137.0 4.6754353269299775
137.5 9.801617160922705
138.0 4.001169793388629
138.5 9.21912253401531
139.0 4.802117179179213
139.5 3.3751664355115922
140.0 3.009502439163551
140.5 3.401452487834489
141.0 3.985053568811474
141.5 5.014209699164228
142.0 4.888980691909886
142.5 4.449740741914844
143.0 5.960156504918868
143.5 5.638744014939195
144.0 3.7241929589712646
144.5 10.380286363381398
145.0 7.769303503937702
145.5 3.5598629695483086
146.0 6.373522362673878
146.5 7.4807554818064945
147.0 4.585472335402303
147.5 4.923262119888889
148.0 4.319068907535765
148.5 4.588365283520723
149.0 3.6454752882896715
149.5 5.0163414024372
150.0 3.9047686756870377
150.5 6.540356425225225
151.0 0.4341579405508429
151.5 2.1937179417255184
152.0 5.068108065702912
152.5 5.023620683233544
153.0 4.244465791935035
153.5 4.059613309542904
154.0 2.3490972788809663
154.5 7.250380595347394
155.0 4.361710692700871
155.5 1.2053019309747723
156.0 2.700349140897279
156.5 5.162269465375352
157.0 1.0304957284068301
157.5 6.334787413315167
158.0 8.079058986567288
158.5 4.117570909361139
159.0 2.7826351078997287
159.5 7.738313957111643
160.0 2.9538308282618186
160.5 5.997849050400519
161.0 3.370554771845941
161.5 5.384697876581322
162.0 5.92595644976798
162.5 1.1372115320025884
163.0 5.1099192426049225
163.5 6.8151915383930906
164.0 6.427940202280679
164.5 3.634499575920109
165.0 4.83920701966989
165.5 3.3120949250797955
166.0 3.345289218242778
166.5 6.989951667163796
167.0 3.406456802587677
167.5 2.5461961128735773
168.0 1.5992662878794186
168.5 6.304821036141862
169.0 1.8787137523262891
169.5 4.933029932677176
170.0 3.6553585232415142
170.5 4.092774584999614
171.0 2.7980457953505242
171.5 5.020415537244078
172.0 5.9834566040483095
172.5 2.75062550827635
173.0 1.1097146815586822
173.5 0.6375234935675218
174.0 4.4047846475097465
174.5 4.559756994869261
175.0 3.1784765176813554
175.5 1.8287343212943672
176.0 4.965583913077382
176.5 3.545428091512038
177.0 3.3759747904011785
177.5 1.380074235532473
178.0 3.3312992460712145
178.5 6.4984919110099515
179.0 5.546132011615542
179.5 2.7743163365284618
180.0 2.6508586116624606
180.5 4.696117103125404
181.0 1.050547236234862
181.5 3.6750824451911033
182.0 4.65885530615499
182.5 2.8682659067436798
183.0 3.947616185601805
183.5 3.046259609636103
184.0 2.1366060308852903
184.5 2.3760151797285474
185.0 4.307920168279701
185.5 2.3597379184771308
186.0 2.7197111917165677
186.5 3.2465071688874096
187.0 3.7944188764039
187.5 1.4287179092183593
188.0 3.6328488564215586
188.5 2.613606358306671
189.0 1.3064362718278337
189.5 1.1146444170401109
190.0 2.75116331419616
190.5 2.5993627007700946
191.0 1.363302375174444
191.5 3.6697697816195034
192.0 4.470297218485854
192.5 8.213433828464305
193.0 0.2
193.5 2.4660924031041476
194.0 1.973314383263864
194.5 1.7166612056159591
195.0 5.1264604065846004
195.5 5.7742344096926885
196.0 9.914143907584315
196.5 5.289416480355047
197.0 5.872995988435758
197.5 6.798734033756784
198.0 5.488921214435497
198.5 4.81094437608398
199.0 4.112918845285742
199.5 6.332274734088627
200.0 5.112692030132047
200.5 5.994263075380823
201.0 5.749419614321054
201.5 3.770974928262753
202.0 2.9641847163742123
202.5 3.445831175422355
203.0 3.7761214122369458
203.5 6.631629239030637
204.0 3.5653748363495548
204.5 4.854490774608224
205.0 4.501922473710794
205.5 1.1642457679777345
206.0 1.3797675138056822
206.5 6.54886170624514
207.0 3.7756859475341864
207.5 6.8126913802581655
208.0 6.8570285015656225
208.5 4.8661131944433595
209.0 7.382015021002046
209.5 7.204139253384291
210.0 4.511200569454506
210.5 0.2
211.0 4.4321494249592455
211.5 3.8145931276180223
212.0 7.553948841363871
212.5 5.742818696088673
213.0 4.615429168378352
213.5 2.316330762675393
214.0 4.392740380876207
214.5 1.4820510604083834
215.0 5.283519164642744
215.5 3.460326110540217
216.0 5.601009132165272
216.5 0.6639900716623135
217.0 4.342735132072441
217.5 3.0472381932013866
218.0 6.201112074652244
218.5 2.9079706385227566
219.0 2.3112511117861274
219.5 6.704711631299256
220.0 1.5011339528121694
220.5 6.928093613704992
221.0 5.447953924495631
221.5 1.3930409474840277
222.0 5.470779496763454
222.5 3.7468360495065203
223.0 5.127185964516687
223.5 2.6949225599441737
224.0 3.622615101408743
224.5 7.659996891764431
225.0 3.6308931051426203
225.5 2.1213848683115275
226.0 5.212198728903252
226.5 3.368809984755436
227.0 3.909887783267853
227.5 4.960276266255265
228.0 1.0511669513151936
228.5 3.7418362918595927
229.0 5.840648931522196
229.5 3.551812782839665
230.0 2.290540483207522
230.5 7.6156374009122185
231.0 6.009463107052893
231.5 5.7198974806625635
232.0 2.6644047848724943
232.5 3.5706565047299033
233.0 4.9915359790148575
233.5 0.2
234.0 5.011833339169851
234.5 2.485485104427958
235.0 6.018399686254478
235.5 2.2763480006949655
236.0 1.2050542973860685
236.5 1.3046377385040027
237.0 1.5324467481580135
237.5 5.166483231302981
238.0 2.650782586232763
238.5 3.5474907275178382
239.0 4.107841956540183
239.5 3.0654509839329838
240.0 3.4011944473093774
240.5 3.9784348852206577
241.0 2.7287319374763856
241.5 5.887261827324556
242.0 0.9180195093772965
242.5 5.242068221021394
243.0 4.438313391315011
243.5 6.257111496722222
244.0 3.933218561571949
244.5 6.371648856280342
245.0 10.62326893854394
245.5 4.186818794477748
246.0 5.20903215252873
246.5 6.182814330849005
247.0 3.8148081214890412
247.5 3.4331060870229595
248.0 4.603740717575178
248.5 2.455097079052225
249.0 2.1606054842982796
249.5 3.057569020352334
250.0 0.7677306134721056
250.5 3.911911232622653
251.0 3.2813017723490567
251.5 2.4634439083317403
252.0 2.178687076033998
252.5 2.857394601693381
253.0 3.7501999651298474
253.5 3.014322509887646
254.0 3.891002475646002
254.5 2.722781022480947
255.0 2.093109217849601
255.5 3.404380673816035
256.0 1.4268090266218243
256.5 3.868122138318398
257.0 5.8153493621728884
257.5 3.0557672024425586
258.0 0.2
258.5 3.393624995187935
259.0 7.652899224606571
259.5 6.2127845607279975
260.0 5.07698018800889
260.5 4.617114392297791
261.0 4.552208528714706
261.5 3.4871128218713423
262.0 7.56392041229279
262.5 4.707241156064137
263.0 4.996276977090383
263.5 1.9328530070703427
264.0 3.598564011407178
264.5 7.91775042718975
265.0 4.244535542409133
265.5 5.02700230980862
266.0 6.224823873954547
266.5 5.514231301146541
267.0 3.6191327297423914
267.5 3.624025268171626
268.0 5.005104126316632
268.5 1.598401079016563
269.0 1.7132841154145462
269.5 4.139787418899521
270.0 5.53966374588165
270.5 2.128408173555872
271.0 1.0842244228514377
271.5 1.0933236992665862
272.0 0.987083987954152
272.5 5.303682700722092
273.0 2.5568186330293305
273.5 3.322050574541933
274.0 2.626832437832778
274.5 3.3688937915372246
275.0 2.793596864091919
275.5 1.6753020653574575
276.0 5.487110398081601
276.5 7.3662655482989265
277.0 5.178722655400481
277.5 3.3965071625821435
278.0 3.52855789248538
278.5 4.103912595509895
279.0 0.7094986904973881
279.5 6.191320665774718
280.0 4.215945273427185
280.5 3.529942838611759
281.0 3.3178161562730013
281.5 4.327819603245778
282.0 4.267451425993161
282.5 1.4319471292305859
283.0 3.1491262204103205
283.5 5.367017474850703
284.0 4.166994601167109
284.5 2.070853692394174
285.0 3.630667113508847
285.5 1.3093643150180303
286.0 0.7608638086466004
286.5 2.916033389884177
287.0 0.9037762661932627
287.5 2.005114545606567
288.0 7.0960095211764465
288.5 2.6981341059742885
289.0 0.969726246702916
289.5 10.43433829805324
290.0 3.4906805537246237
290.5 2.9141508328554977
291.0 3.7793981014032396
291.5 4.653181721818387
292.0 4.37453020407197
292.5 2.439026334482426
293.0 4.3853521556692385
293.5 6.204867283132955
294.0 3.6453801502092933
294.5 4.827205533599515
295.0 3.7868998227817574
295.5 3.9160721234195264
296.0 5.849668289770139
296.5 1.2921205169385623
297.0 1.4917939341805022
297.5 2.0969827988232748
298.0 6.87832017001786
298.5 1.2152894572468766
299.0 4.19975940521968
299.5 2.17137522536718
300.0 2.600356643642506
300.5 1.7329489103624252
301.0 5.331212632087377
301.5 3.410104357059054
302.0 2.9581189278593754
302.5 2.0473454181319783
303.0 6.583690373606189
303.5 2.7042636703075975
304.0 3.6439176108624505
304.5 1.7995206241871124
305.0 1.935379018495138
305.5 2.345435648201431
306.0 6.439521070068643
306.5 2.4171553702081683
307.0 1.6303512103679116
307.5 2.7013058666507277
308.0 3.1991708657469853
308.5 3.3621055135263695
309.0 2.4624265277796784
309.5 4.388144386963049
310.0 4.846398266266819
310.5 1.8247174260005832
311.0 4.943736560721886
311.5 3.2145901943392325
312.0 4.8263068258931
312.5 0.747425913139077
313.0 2.8384423663960225
313.5 2.850484746020811
314.0 5.715452705270545
314.5 5.09756098698575
315.0 5.559803752594691
315.5 6.580488854895222
316.0 5.620087479075849
316.5 5.158252563587714
317.0 4.878273516649966
317.5 3.1219311117739372
318.0 1.413911661525709
318.5 2.6283529126915806
319.0 5.867272686578765
319.5 0.9124482036469224
320.0 5.099112926785837
320.5 0.6935819094178561
321.0 5.075990010882332
321.5 1.0863905930003313
322.0 5.272938593908512
322.5 1.622615913573774
323.0 5.034541148277906
323.5 2.4709381556110412
324.0 5.235096364225411
324.5 2.082754499906679
325.0 6.638994966171336
325.5 7.154899190561629
326.0 4.429938231142356
326.5 3.173757118984849
327.0 3.6432617170658737
327.5 4.4119916857543995
328.0 0.5705834389988795
328.5 1.9732354610679492
329.0 1.838143947529192
329.5 2.577309085407652
330.0 5.085913728363004
330.5 5.68195874775685
331.0 6.5046748761433895
331.5 3.82247117921337
332.0 5.0096945595815505
332.5 3.6147426889296406
333.0 2.301966849573858
333.5 2.413597215233989
334.0 5.154192376760317
334.5 3.2040633133126795
335.0 4.701730733450053
335.5 0.6904788090384928
336.0 2.107504710586139
336.5 5.137371535964531
337.0 4.505766798032399
337.5 2.549744018244744
338.0 2.2702169995422317
338.5 4.970517680554894
339.0 0.2
339.5 2.1431851469498535
340.0 5.786813361852506
340.5 7.88120610978806
341.0 4.8621407144243864
341.5 1.7213709833595148
342.0 4.836328115369492
342.5 4.347913089058914
343.0 5.032502764086891
343.5 1.5440868709334405
344.0 0.2
344.5 3.592553624144512
345.0 4.994501765459702
345.5 2.5630795075490025
346.0 7.932795933509285
346.5 8.906677786405226
347.0 6.160124401366698
347.5 6.449748182277451
348.0 8.494542786210472
348.5 0.273506753378129
349.0 3.8454906470050156
349.5 3.359487487852997
350.0 1.675299201094738
350.5 4.806249692598034
351.0 3.9779181588913994
351.5 4.430790682347689
352.0 5.540746427283991
352.5 2.897508394102842
353.0 8.709138134587928
353.5 6.942536476934056
354.0 3.634801876516482
354.5 0.2
355.0 7.1886062524188095
355.5 7.494317755001621
356.0 5.918210701762581
356.5 4.60544239731794
357.0 7.243715600377044
357.5 3.1729565976738243
358.0 3.4115362486249055
358.5 6.14114643148677
359.0 1.9406524223482218
359.5 7.01357924312866
360.0 0.2
360.5 1.6790624161707854
361.0 3.5047754830801026
361.5 3.7634531581240793
362.0 2.475866317917768
362.5 7.007614933844853
363.0 5.088627956986485
363.5 9.75597890616827
364.0 4.816679004053106
364.5 3.238979685219344
365.0 3.7089930601380265
365.5 4.654742423759486
366.0 1.1806814900219305
366.5 0.2
367.0 4.035419172715144
367.5 4.8990074722214665
368.0 1.1796277187070143
368.5 4.548308910347505
369.0 4.420579225704747
369.5 3.882889559459956
370.0 1.8173133821056247
370.5 4.060787354297843
371.0 4.64249758914488
371.5 2.4350377941986983
372.0 3.5658749729956476
372.5 0.8505955165820929
373.0 2.92509819403381
373.5 4.642646660742926
374.0 1.5331340631712176
374.5 1.0454924123591303
375.0 1.0444204992108213
375.5 5.264120423097554
376.0 3.022045466163232
376.5 9.75073085147274
377.0 1.6361043042665946
377.5 0.2
378.0 6.367523159642594
378.5 3.474374486128304
379.0 4.132696210072245
379.5 6.437151898528246
380.0 9.867208268372057
380.5 2.181371543190131
381.0 5.8763791552082445
381.5 4.466745733199958
382.0 4.776704146990734
382.5 4.2442560922945445
383.0 6.349391825820229
383.5 3.3063421882113886
384.0 6.391346423740735
384.5 3.8959091887207213
385.0 5.692227437733598
385.5 1.7560170529309271
386.0 3.4223997958664913
386.5 1.3728833013387687
387.0 1.4120929525433425
387.5 3.725135857108972
388.0 2.076221803944894
388.5 1.9732094888724978
389.0 3.0197346393451854
389.5 2.511944457191184
390.0 2.881481828306544
390.5 3.4150199811185047
391.0 1.6235469523232209
391.5 1.2111389208171308
392.0 3.3113265621739334
392.5 2.289615876185265
393.0 2.7368908648835575
393.5 6.429489912934313
394.0 3.1580057108289354
394.5 6.788111809417664
395.0 4.581569138047076
395.5 4.79063672163441
396.0 0.38185052991931157
396.5 1.0022479821450712
397.0 2.851711556230053
397.5 2.3367888737319813
398.0 3.426207276741262
398.5 6.114403037511437
399.0 4.235338970699245
399.5 3.3668761495648787
400.0 4.321354080578968
400.5 7.320471957026406
401.0 3.475932837980435
401.5 1.4668577793319884
402.0 1.7786520383321718
402.5 3.208477142724156
403.0 3.719327224595374
403.5 1.6975997986709839
404.0 7.076724844039425
404.5 5.786575284503783
405.0 6.026106320862743
405.5 4.313971061940054
406.0 2.5719075098388036
406.5 1.095735183230588
407.0 4.973902145080386
407.5 0.2
408.0 3.801877948423929
408.5 1.0575193800792855
409.0 7.4542400360163
409.5 1.3020038223577686
410.0 4.718063173141362
410.5 1.9948372262123084
411.0 4.709271945910411
411.5 3.401781595804044
412.0 5.42809612018142
412.5 4.983127156721599
413.0 7.1047565382811015
413.5 0.9161122826637702
414.0 2.8817430462680393
414.5 0.2
415.0 0.9466081703930711
415.5 2.6954205282498025
416.0 5.589871247433422
416.5 5.772324186253595
417.0 5.437261104966526
417.5 5.346418124743441
418.0 4.472894352738961
418.5 4.680679399366959
419.0 5.302886138292893
419.5 4.632839340298426
420.0 3.6376068697138426
420.5 1.9912591909089623
421.0 0.2
421.5 2.4352900649397173
422.0 2.2182333181989033
422.5 4.635791641553642
423.0 2.057649020211916
423.5 4.561654753084481
424.0 3.775582342639774
424.5 4.288733545957337
425.0 4.275762905094973
425.5 4.413835027799246
426.0 1.5561158888988504
426.5 2.1384017526429564
427.0 0.941396651199623
427.5 5.80048265031612
428.0 1.8555978390379662
428.5 3.9650431025064634
429.0 1.4229959971242894
429.5 1.4089357721608127
430.0 2.6549121474374493
430.5 3.2597106369719597
431.0 4.656529183843528
431.5 0.43190947809794533
432.0 4.643170537824199
432.5 1.542264870233475
433.0 2.8801973729078507
433.5 2.4258277506185486
434.0 2.8196523278902674
434.5 3.666732501431702
435.0 0.5508011810357973
435.5 5.908729336162311
436.0 2.9026171940106713
436.5 2.44450574486466
437.0 3.1221706243520013
437.5 3.3445844128320505
438.0 3.9976685274154096
438.5 4.542021958289844
439.0 2.474302631298756
439.5 5.253562703651739
440.0 2.1553901737313526
440.5 5.583545483381247
441.0 5.840605933038582
441.5 2.8485297821874944
442.0 0.2
442.5 3.624129199201656
443.0 2.853533402015973
443.5 0.8070406333499789
444.0 6.436579750912481
444.5 1.7960921473021667
445.0 0.2
445.5 5.67205873907628
446.0 2.306255986620985
446.5 5.224855721626402
447.0 7.440076896871757
447.5 3.0900629903854098
448.0 4.2019306737173965
448.5 3.6800743913937644
449.0 6.357840168733152
449.5 3.087747900437368
450.0 4.6830260394312315
450.5 2.906636870215541
451.0 4.923286939858522
451.5 1.398104541420698
452.0 4.244345458205512
452.5 9.550345232171845
453.0 4.875962394426669
453.5 2.3921134808613527
454.0 5.050975710008842
454.5 3.937381368252265
455.0 6.016266606852266
455.5 3.560482577154287
456.0 5.035812998736151
456.5 6.890150020846384
457.0 4.404599264552786
457.5 5.846328229171159
458.0 5.646858546939213
458.5 8.018411675286899
459.0 2.814509261855765
459.5 0.8803848357770163
460.0 2.94871116574853
460.5 1.6021870567314194
461.0 3.5115886041761177
461.5 3.48831264122718
462.0 6.208036841850086
462.5 2.2400639079264852
463.0 5.049431203194631
463.5 0.641972769425216
464.0 6.704795759157555
464.5 4.463568590824521
465.0 5.305022224789505
465.5 3.5295832746466704
466.0 5.373700059770825
466.5 3.9586922265873956
467.0 3.335866094741492
467.5 4.7204330262239855
468.0 5.141474322124108
468.5 3.9095073354410177
469.0 6.802952256158602
469.5 3.434790900137518
470.0 6.97826760458668
470.5 5.479365717678876
471.0 6.613696601526821
471.5 6.852192270586112
472.0 6.455220726448886
472.5 5.14492096086515
473.0 3.5912011144456217
473.5 3.919410419081913
474.0 3.4796936493784356
474.5 1.2095284103404293
475.0 2.5569245569545886
475.5 2.4577857763345157
476.0 4.1901604915306905
476.5 2.025376703343337
477.0 0.8503849321086687
477.5 1.9445371194775798
478.0 4.6118968643070195
478.5 1.8818560946122034
479.0 3.680515555400505
479.5 5.165819157286173
480.0 7.008257577025315
480.5 8.457880971303418
481.0 5.556425695133194
481.5 3.4270642507006857
482.0 6.368065926527597
482.5 5.126777374636671
483.0 7.105680779042221
483.5 2.5347309027725102
484.0 0.2
484.5 5.3601233752075075
485.0 2.237966112749022
485.5 4.397506007257053
486.0 4.536389941477745
486.5 5.259122958901385
487.0 3.9406491794380996
487.5 5.711936073146992
488.0 5.869583663126006
488.5 3.881035226858516
489.0 3.203644052718884
489.5 4.8324876442239715
490.0 3.3227962760069847
490.5 4.166852405596987
491.0 1.1378072577718368
491.5 6.656808279556497
492.0 4.868100730680371
492.5 7.584654697367201
493.0 3.1426033448481396
493.5 4.8814388450441655
494.0 3.130713927208256
494.5 4.976463799835276
495.0 6.204042406213787
495.5 7.44230715946534
496.0 0.2
496.5 7.16112276266168
497.0 4.411504291583144
497.5 6.041679657718474
498.0 4.4850094020243425
498.5 8.502348131041025
499.0 2.1940344003956804
499.5 0.2
500.0 0.2
500.5 2.6781946376866697
501.0 2.385882377541394
501.5 1.9682127171205246
502.0 6.803708310762936
502.5 2.3034752778516365
503.0 2.8789617537556254
503.5 7.5788951783525045
504.0 4.465790284493603
504.5 6.94610020611769
505.0 5.44613484685808
505.5 5.177605457073535
506.0 1.4439845303160497
506.5 2.7123280796205034
507.0 7.286929789041325
507.5 6.910819290991337
508.0 2.1439002982051507
508.5 6.23040294442566
509.0 5.091067729263577
509.5 4.887421655469575
510.0 6.145149612128561
510.5 5.4098730919981035
511.0 3.656983090661145
511.5 3.2715783505684737
512.0 5.771962895288091
512.5 3.1752784788215878
513.0 2.7182296890308892
513.5 2.8520191503314685
514.0 0.5495509041068605
514.5 5.111281090812177
515.0 7.181226789861265
515.5 5.289553757280684
516.0 4.491484583377358
516.5 5.344465112812463
517.0 3.0644264654661058
517.5 0.619958660002482
518.0 1.1865743794898516
518.5 3.1313172174159227
519.0 2.814179573883171
519.5 0.8103357898386947
520.0 4.391054791623743
520.5 0.2
521.0 0.8608905180183644
521.5 1.2101755210499083
522.0 2.0973459198282494
522.5 2.3134216585480702
523.0 3.444272298254619
523.5 2.085569766184552
524.0 3.222794778456992
524.5 0.2
525.0 2.5526316332507255
525.5 2.115243702617022
526.0 3.5420383167166016
526.5 5.1155681111749685
527.0 4.604948168843774
527.5 5.104123944996233
528.0 4.102358286829742
528.5 0.2
529.0 6.072773617321304
529.5 1.756160342330002
530.0 5.199250858335897
530.5 6.375844003046726
531.0 7.130717520556529
531.5 6.375204963830361
532.0 2.549409926201437
532.5 6.826878035311616
533.0 0.3102541382924011
533.5 0.44940639618317
534.0 4.315392165922957
534.5 3.0099905178712243
535.0 4.66004734828439
535.5 4.903797441556556
536.0 5.046082664296188
536.5 3.2340473518211654
537.0 0.9014411991344091
537.5 1.7703256130615281
538.0 3.1426924847994715
538.5 5.413031076722232
539.0 2.7013472289400684
539.5 7.960102077653646
540.0 6.559833682090234
540.5 4.068542127863583
541.0 5.5067051568111225
541.5 3.1643170789531387
542.0 4.561686335784884
542.5 0.9567014241162823
543.0 0.7976275403204158
543.5 3.3552990384314256
544.0 4.988985268168344
544.5 3.983788723314995
545.0 2.110881341629672
545.5 4.66293542890846
546.0 4.94591431309823
546.5 0.6990425894997077
547.0 3.4459448167422373
547.5 1.0178122779558114
548.0 3.392853764016417
548.5 8.698080405128266
549.0 4.373222497333016
549.5 5.049683349350688
550.0 6.907807322798686
550.5 6.161416161625938
551.0 6.570305185412711
551.5 5.567935606666445
552.0 3.2050506365601175
552.5 4.8015863443751625
553.0 5.742330685107483
553.5 7.856797081722358
554.0 6.110710689670709
554.5 4.472854304296603
555.0 0.2
555.5 5.667874843652001
556.0 5.367591828664658
556.5 5.281375068528269
557.0 1.0537033905630788
557.5 1.564947469161631
558.0 0.25019697490265
558.5 4.823046112068984
559.0 3.127823773516548
559.5 2.4538792590499696
560.0 3.243390916775375
560.5 3.9525651924023295
561.0 2.6057626254751893
561.5 2.062203300762422
562.0 3.265347062311821
562.5 5.71656378032538
563.0 1.324688760243116
563.5 4.03318037662015
564.0 6.310088503400653
564.5 5.991041793622497
565.0 3.7569200335999198
565.5 4.307662065753002
566.0 3.7009750590122965
566.5 3.366013785980989
567.0 1.299023862171767
567.5 0.7209882786312409
568.0 3.2402479421148405
568.5 3.7345333304698074
569.0 3.486865511640168
569.5 2.5944277443676387
570.0 0.5204489616468706
570.5 1.9053125631035077
571.0 2.713799859831073
571.5 2.157704960972103
572.0 2.72296527703435
572.5 3.9539741150963827
573.0 3.8823501393151565
573.5 2.9368302626212697
574.0 1.6726088363453364
574.5 2.05506331421623
575.0 4.721563304154769
575.5 3.698032589475236
576.0 4.384767414712288
576.5 1.3672084478218436
577.0 5.590402798420256
577.5 5.84778080080945
578.0 1.7941328153263605
578.5 4.003861887077546
579.0 0.2
579.5 6.067681026975407
580.0 5.373508289052385
580.5 2.511025385841987
581.0 4.154875639617842
581.5 0.2
582.0 2.8234839957319795
582.5 3.0291404863496174
583.0 2.2466049634800447
583.5 2.4924768395914203
584.0 5.9285492880453265
584.5 4.484844394789132
585.0 3.366096546493233
585.5 4.359101551320055
586.0 2.7435875710304374
586.5 4.645044449879615
587.0 5.1372339085461105
587.5 2.5924306142393077
588.0 3.52119519058112
588.5 1.457652408097313
589.0 4.544250883851899
589.5 4.336525592519132
590.0 2.481407512997994
590.5 4.886369750244766
591.0 2.6913632165828663
591.5 3.279195974640973
592.0 1.9241938855677085
592.5 4.1740240604206775
593.0 4.992073029359831
593.5 3.6521243739224873
594.0 4.566649716953326
594.5 1.66684943481984
595.0 1.870519575974623
595.5 5.3969055496124385
596.0 0.7078200989545147
596.5 2.3000980967405935
597.0 3.468161536799756
597.5 2.1293922428281595
598.0 3.532272802247677
598.5 3.971880905154691
599.0 4.836526410096493
599.5 5.329937589152211
600.0 2.9196737521821814
600.5 3.0971934924828672
601.0 1.5348506695702557
601.5 1.9743929050744848
602.0 3.141093725087508
602.5 3.1895205942682794
603.0 1.0204055074533622
603.5 1.2930852782976732
604.0 1.931362159089456
604.5 3.758528326912519
605.0 3.07451546154142
605.5 0.792681937922735
606.0 2.5998400968898947
606.5 2.549656400335398
607.0 1.9361557918344543
607.5 2.6201956673724913
608.0 3.4032698835818773
608.5 1.5518129655569388
609.0 2.45515154242294
609.5 2.9876910510683423
610.0 2.693836512462547
610.5 1.1368130740047184
611.0 1.0635684957774414
611.5 3.892684196072162
612.0 2.4856193446391925
612.5 1.395344935573736
613.0 2.0736159056891883
613.5 2.638317939756928
614.0 2.2134965910471607
614.5 3.6063169848905154
615.0 0.9284945800911124
615.5 1.1989830110006923
616.0 1.402692012200585
616.5 0.961036212061529
617.0 3.507780286547398
617.5 3.775642518614065
618.0 4.284329936984889
618.5 2.7898691266660967
619.0 2.8775921139013754
619.5 3.2326916701994035
620.0 2.680424905474009
620.5 0.7294754618214223
621.0 2.7902280184738477
621.5 2.8235578651068844
622.0 2.370841453819466
622.5 0.5964799576803697
623.0 3.9263781284539943
623.5 1.1726176390376768
624.0 5.08131537261967
624.5 2.3575519235591877
625.0 0.8010335467844012
625.5 0.8809785864209891
626.0 2.535245652830316
626.5 0.549084506589681
627.0 2.425000626038768
627.5 5.71440256626697
628.0 4.063258796810427
628.5 3.5768966469146086
629.0 1.082413648496872
629.5 2.632438514680876
630.0 1.9964575948095917
630.5 8.760774163833172
631.0 6.096679234168082
631.5 5.143900514641876
632.0 4.980566500248219
632.5 5.223309585933206
633.0 7.716653222084155
633.5 7.949677889631301
634.0 2.9370775213011227
634.5 4.350453937767739
635.0 6.877914533073421
635.5 2.3428130967579857
636.0 4.563693581682772
636.5 3.5759303820872175
637.0 3.8086621517747234
637.5 5.517624463317824
638.0 5.377840252168642
638.5 1.9596146921991426
639.0 8.387858366902465
639.5 6.001377264075169
640.0 4.106865366450939
640.5 3.738450221187912
641.0 1.4706930493765995
641.5 1.2920011655150279
642.0 4.556577656110926
642.5 3.250700333578063
643.0 4.793346300961432
643.5 2.7309928697597847
644.0 2.1708528928447786
644.5 1.995162568715894
645.0 2.3615692043954977
645.5 2.917507563285957
646.0 1.2517922452090566
646.5 2.4679491915870875
647.0 2.8956767110605695
647.5 1.6876638904472454
648.0 3.5766707888081193
648.5 1.0915802268593184
649.0 2.8778403796222167
649.5 3.7629700032178435
650.0 0.2
650.5 2.85702652726755
651.0 2.0071902192176587
651.5 4.9910962519347954
652.0 3.588470479499501
652.5 1.988908192551305
653.0 2.3280540074434053
653.5 2.804030226770584
654.0 3.4868001207473807
654.5 1.2089626538511389
655.0 3.0649159811671254
655.5 5.48126210132803
656.0 2.0185729571339666
656.5 2.8723865182613055
657.0 4.088638308018708
657.5 4.45143124756566
658.0 3.0657231127839104
658.5 2.408673482993058
659.0 1.3395954816541844
659.5 4.224725259737889
660.0 0.2
660.5 0.8306230642443371
661.0 3.9343683480883422
661.5 2.717364024359989
662.0 2.211493540663131
662.5 1.9304968690918143
663.0 3.8860348569321723
663.5 3.196667831275182
664.0 1.0849961458310189
664.5 2.377940020211417
665.0 1.5679571319887144
665.5 2.6446744648266995
666.0 5.606409139874507
666.5 0.2
667.0 2.4128777324010096
667.5 1.2962907926635012
668.0 2.9260357514775612
668.5 0.9479577064473159
669.0 4.122094932054489
669.5 3.109817361016458
670.0 3.3713288075331547
670.5 1.782672517668569
671.0 1.9905202782170497
671.5 1.8443304040748938
672.0 0.5244757627312429
672.5 2.624523131731324
673.0 2.0006020276898946
673.5 4.1259745928307785
674.0 3.7140769994359957
674.5 4.0292069998460525
675.0 2.7982923011419656
675.5 1.4312095399484885
676.0 3.480603132007066
676.5 4.2247229773860795
677.0 0.2
677.5 2.293301780687673
678.0 2.7020934662622826
678.5 1.8197739772276602
679.0 3.136823765631136
679.5 2.816936436908019
680.0 0.6293680911729023
680.5 4.188955627504592
681.0 3.4633495911218612
681.5 0.2
682.0 3.4032081480594387
682.5 2.9458463949504914
683.0 2.7792175587582992
683.5 2.3934457495534995
684.0 2.372106603969081
684.5 3.159209583909907
685.0 2.3923572220717935
685.5 3.9267315258156152
686.0 2.135939148248127
686.5 2.0702903563450445
687.0 3.7049295263101687
687.5 3.9922501719278194
688.0 1.670169164584113
688.5 2.5147396542188716
689.0 5.7814801296702
689.5 3.097590109707726
690.0 3.2664731207819937
690.5 6.935786506498442
691.0 3.567205034848525
691.5 4.167223259854437
692.0 3.403633002802522
692.5 9.877730503480215
693.0 3.865987871921173
693.5 7.478845312202674
694.0 3.394527155829931
694.5 5.114322719066991
695.0 7.6073534226712445
695.5 5.344101942812512
696.0 5.051203010963658
696.5 6.962859152440469
697.0 7.2411455718598425
697.5 1.4567613315642953
698.0 6.258413158731003
698.5 6.417261984941707
699.0 5.772529667066321
699.5 1.921906605975145
700.0 6.636850640103388
700.5 3.8512285359972465
701.0 4.461657938991111
701.5 4.809881339386563
702.0 4.37430741626765
702.5 0.22160935246507174
703.0 3.4411209900467963
703.5 4.874505225386606
704.0 4.732893205290167
704.5 3.9406423145483913
705.0 7.794457362971718
705.5 1.352471374188196
706.0 5.52171758535219
706.5 7.78622417422976
707.0 6.905656538309074
707.5 7.755671218834616
708.0 0.8792759028608454
708.5 5.670720599981719
709.0 2.021846078465822
709.5 0.5854253001214489
710.0 1.9141830299592522
710.5 5.973049449164186
711.0 4.519360130586893
711.5 4.9741091789243645
712.0 4.109503706539176
712.5 7.152872380476175
713.0 2.9888330348047494
713.5 5.85853630156082
714.0 4.6013628711470655
714.5 4.760287516748405
715.0 2.841472545829669
715.5 4.8081985077946845
716.0 1.7935626196314818
716.5 4.8584361153254
717.0 4.495257738578294
717.5 4.417523216552032
718.0 4.128220394240547
718.5 2.9770839223468193
719.0 4.264270206457194
719.5 2.206542685298335
720.0 2.257930311571325
720.5 4.581257228696419
721.0 4.262223842705376
721.5 3.050264174951523
722.0 4.45909227059418
722.5 3.0562596516913314
723.0 1.4258346582800663
723.5 1.5664373381681964
724.0 5.175967957843655
724.5 2.7980463041383627
725.0 0.8206552753001666
725.5 4.537461650125078
726.0 2.2499724206897316
726.5 1.5092891420259356
727.0 3.040919717111108
727.5 3.0289125036842104
728.0 1.4077125771684926
728.5 4.110725901336544
729.0 3.803120532653721
729.5 5.389939429156438
730.0 2.689188415787532
730.5 4.89574700234501
731.0 2.260393433220072
731.5 4.37477335855126
732.0 0.9488524078551244
732.5 1.1637751489413248
733.0 2.6485708825489156
733.5 3.975519345419891
734.0 3.095091457740013
734.5 2.2749066925699135
735.0 4.417820811261157
735.5 5.84461906287204
736.0 2.6639097711529836
736.5 4.3256028979031695
737.0 0.9677625640557421
737.5 3.9619417336427523
738.0 2.953005099417277
738.5 4.946278466156369
739.0 2.744060707644528
739.5 3.235374511487557
740.0 2.3721791257705473
740.5 1.642648190661074
741.0 4.0224418389170955
741.5 3.6156438257399035
742.0 2.3651391859068998
742.5 4.6870407611431
743.0 0.20221063855555244
743.5 8.823793144768723
744.0 7.3805995881298365
744.5 4.734269444670971
745.0 2.5663587979613585
745.5 3.1812576682187337
746.0 2.8741210012863894
746.5 0.6404998288500499
747.0 2.56537553323119
747.5 0.2
748.0 2.2268743702611116
748.5 1.905264223284726
749.0 2.3942362315133012
749.5 1.8392539167965352
750.0 4.390194846565581
750.5 4.046544249942849
751.0 0.6706791151470715
751.5 2.264144894291648
752.0 2.6832958283207247
752.5 2.1471088564445426
753.0 1.8757550982651163
753.5 4.678459536229193
754.0 1.3941574473419063
754.5 4.078757973190802
755.0 4.1133422791972745
755.5 4.187703743109536
756.0 1.073468608999394
756.5 1.033506183445728
757.0 0.28699542289569546
757.5 2.4745866065708397
758.0 1.4261866470346225
758.5 3.2100569558497716
759.0 1.4131666501228626
759.5 2.581080938459361
760.0 9.309303819449319
760.5 4.546982040522337
761.0 4.180640053842118
761.5 2.0530873130575693
762.0 6.078351288338784
762.5 5.3619205321881305
763.0 5.421271469832044
763.5 0.2
764.0 6.510885571919006
764.5 2.806601272023296
765.0 7.950829206867534
765.5 9.831454157204625
766.0 3.464307804265381
766.5 3.892795385066087
767.0 3.8001439638923395
767.5 3.6046631859831306
768.0 7.058128376698813
768.5 2.5690082719355267
769.0 2.840284823826433
769.5 6.185111250370892
770.0 2.372912796649949
770.5 7.123054738426827
771.0 2.580698351557303
771.5 6.519572880378906
772.0 3.4111158642286483
772.5 3.933912721887643
773.0 3.7075392366235698
773.5 6.95951210949211
774.0 3.040896187769909
774.5 3.1517384035921037
775.0 6.5971234680593085
775.5 4.602905423714067
776.0 4.041689960072117
776.5 0.2
777.0 1.376622837102686
777.5 7.879741609686959
778.0 4.467622151849823
778.5 2.690190462666078
779.0 7.226226188038823
779.5 5.183499689454406
780.0 7.516101301082151
780.5 5.847283142231068
781.0 3.1930237707818017
781.5 3.2509274003172015
782.0 6.625169709736818
782.5 4.917963568501206
783.0 5.825913938640706
783.5 5.205758306927283
784.0 11.963610666508789
784.5 2.582249654501111
785.0 7.946128764493402
785.5 6.475135867762798
786.0 2.7043226227500368
786.5 3.2133537047873366
787.0 6.181351980596868
787.5 0.2
788.0 5.899728588950893
788.5 2.54685234846091
789.0 7.11449784428595
789.5 0.875662523647192
790.0 2.8996462857918317
790.5 0.5770222181607103
791.0 5.572620603003608
791.5 2.658571802720586
792.0 3.084495027539102
792.5 2.587218652497574
793.0 1.854565166083364
793.5 2.4185004452923975
794.0 3.1230087629068457
794.5 5.73888109826914
795.0 3.715172357182051
795.5 0.8840433177330016
796.0 4.461107228222977
796.5 3.9685020893427687
797.0 0.836870636209202
797.5 2.623262070366015
798.0 1.6670881376400406
798.5 2.8589972677522564
799.0 0.41925313016623855
799.5 3.3475831866581083
800.0 0.3012006496748407
800.5 2.6670165862815045
801.0 5.400004403211986
801.5 3.366784156850083
802.0 3.560229485900984
802.5 3.1052184935237923
803.0 1.7910599310596556
803.5 2.123561581305252
804.0 2.418364562058156
804.5 3.820436810986735
805.0 4.040802715451564
805.5 3.4831839201076806
806.0 3.2365291434440877
806.5 3.0258541304136495
807.0 3.5264147153770966
807.5 4.442178057666812
808.0 2.7323949425715575
808.5 1.7158630364089469
809.0 3.7008319723073413
809.5 3.5881267883383665
810.0 4.294666828127895
810.5 2.2271369748035665
811.0 0.8677143831634848
811.5 5.579177230934289
812.0 2.3828556091373683
812.5 3.690374217709456
813.0 2.443765472971509
813.5 1.6915957566336812
814.0 3.1374795184100894
814.5 0.34060967752153104
815.0 2.726259550171542
815.5 2.0810583770935684
816.0 2.967820277008324
816.5 1.9791474886012308
817.0 2.276316293419671
817.5 1.7179563083868885
818.0 5.55584913618004
818.5 2.4621643070051245
819.0 1.4463616063489626
819.5 3.8475284145736666
820.0 3.2880548479198284
820.5 3.5255898752916788
821.0 1.3324558409990217
821.5 2.894244926288378
822.0 1.8859467433959898
822.5 3.2352654718236318
823.0 0.7160217431432163
823.5 1.0055047389870346
824.0 0.2299570672767539
824.5 3.906842634239249
825.0 0.48806632608745626
825.5 3.5561502010341
826.0 0.2
826.5 2.0627096879307607
827.0 3.3729770503969965
827.5 2.3249470557191385
828.0 2.9619768939131177
828.5 2.0465023235554214
829.0 1.8788064440604222
829.5 2.0936155894718596
830.0 0.33739686024795223
830.5 2.4100169509348888
831.0 2.7509149261619426
831.5 2.5905264826299237
832.0 2.5376129313132973
832.5 2.1022301569508355
833.0 2.3389954744176764
833.5 3.44046828213037
834.0 3.9807907809921446
834.5 1.832798184562841
835.0 1.6396247813716358
835.5 3.034339984956021
836.0 0.2
836.5 1.8211554915595713
837.0 1.7378055521431996
837.5 2.0374834458844115
838.0 1.8002331889184864
838.5 0.8062438843470185
839.0 0.6527611183538504
839.5 0.607993458346304
840.0 2.3683441405643113
840.5 0.3341755665200876
841.0 3.0445957117828746
841.5 3.0017939700278298
842.0 1.8033174111903183
842.5 2.844125844240267
843.0 3.2862441815444106
843.5 2.468063414742474
844.0 2.7221524576307328
844.5 0.27748842865355483
845.0 3.718574623366412
845.5 2.7842841186936216
846.0 2.903714615072388
846.5 1.6540124166789971
847.0 2.097652312852906
847.5 2.1561927087976014
848.0 3.8124927220218545
848.5 4.87831512110993
849.0 3.069220649307804
849.5 4.294351847906802
850.0 2.579651614805612
850.5 1.000711900224283
851.0 3.587130369791572
851.5 1.984671309522597
852.0 7.294242556118791
852.5 3.7925006188303207
853.0 3.214993697941467
853.5 5.347511379318694
854.0 3.36487227208511
854.5 3.5633339494587144
855.0 2.59418151756302
855.5 4.2058014182416255
856.0 0.2
856.5 4.849372787970685
857.0 0.47928159957521466
857.5 3.6790250956745854
858.0 3.9717916830383375
858.5 2.0607715699030846
859.0 1.0994068656317968
859.5 2.860156995137479
860.0 2.7657584463401186
860.5 2.2835868605688576
861.0 3.7147621536630395
861.5 6.69628305069109
862.0 4.258658068619105
862.5 5.7461562391791965
863.0 3.0949665082194278
863.5 2.975394845817926
864.0 6.464580979117576
864.5 5.499102903611298
865.0 8.394904453714531
865.5 5.336049183441673
866.0 5.15955060031507
866.5 3.2889882280438396
867.0 2.191576487207901
867.5 3.507844444177007
868.0 7.672505471821248
868.5 3.792939335390344
869.0 1.8605222780688568
869.5 2.283367054247238
870.0 5.09168642966862
870.5 4.199182136923895
871.0 1.2742955235449505
871.5 2.935957903511425
872.0 6.517618447822096
872.5 1.8014750357860478
873.0 1.7233689271043557
873.5 3.752899760748895
874.0 2.6330908303453575
874.5 3.5783541567976336
875.0 2.1917137381188025
875.5 5.243301708201035
876.0 0.2
876.5 4.780358022547064
877.0 3.752417415090147
877.5 3.7676471427594844
878.0 3.047492714492213
878.5 1.3620745941573895
879.0 2.125299712552062
879.5 4.197627377257987
880.0 4.269162777882475
880.5 1.5090654912540584
881.0 1.1959048463941688
881.5 2.780061364739365
882.0 2.575139631606053
882.5 2.685857950172614
883.0 0.9098868526647956
883.5 0.6031495179426583
884.0 5.435361408463709
884.5 2.410936631923491
885.0 1.9554484755722354
885.5 2.6588741370285685
886.0 5.093015833273215
886.5 1.7599916968731932
887.0 3.235537358571462
887.5 3.219411936913691
888.0 0.22989729445878337
888.5 1.211490040654052
889.0 3.770461873286624
889.5 1.3401911931883166
890.0 3.404251059110763
890.5 3.9771434099494307
891.0 4.51379686727047
891.5 6.061066474641624
892.0 3.61814233310373
892.5 5.869871552550771
893.0 3.841015472878847
893.5 3.7685424565199357
894.0 5.783677916969735
894.5 7.615662066020783
895.0 6.112358373451743
895.5 4.799355397123438
896.0 0.2
896.5 2.916280862379895
897.0 4.143367193803947
897.5 3.322938701493017
898.0 4.644819445766589
898.5 1.4459997668372133
899.0 1.6889567522075568
899.5 4.751984985239532
900.0 1.7377067354135263
900.5 4.089659792240251
901.0 5.492317735833238
901.5 2.3186362367612396
902.0 6.517100140777215
902.5 2.235451869790821
903.0 3.9752509635247977
903.5 2.8555842293512796
904.0 2.755450767713085
904.5 4.320754242113844
905.0 0.2
905.5 5.950670400202099
906.0 2.443176843175403
906.5 4.37120587887251
907.0 4.660649425514931
907.5 5.325722278037247
908.0 4.404510065928589
908.5 3.5669264052843346
909.0 0.7026489861886844
909.5 4.635881563281752
910.0 3.9493587746205505
910.5 6.132628434114459
911.0 2.459121871885933
911.5 6.27639574644323
912.0 5.657198937689687
912.5 2.0930984036611764
913.0 6.768968114380192
913.5 2.1021646516222003
914.0 4.491546512553565
914.5 8.28823514593684
915.0 5.709353466236847
915.5 8.02251282669653
916.0 7.186558245499958
916.5 6.458874597787354
917.0 3.5511869858103076
917.5 7.251644196053756
918.0 3.8601606150567545
918.5 7.782741398827607
919.0 6.0411762770345
919.5 4.673223134425156
920.0 4.851334509618955
920.5 3.430175306894496
921.0 1.0229392197067808
921.5 0.5891796997074672
922.0 1.217156735456829
922.5 4.6707024108675474
923.0 3.2401333323943717
923.5 3.6013370567030925
924.0 3.7565367583673934
924.5 4.178580087030817
925.0 6.550642897572823
925.5 1.2421405350480996
926.0 1.823780314632974
926.5 5.530702436713482
927.0 3.45369241254703
927.5 4.806955145382759
928.0 5.9033278241802165
928.5 1.2256959777079048
929.0 5.3841886019580265
929.5 5.904795970804466
930.0 3.206751311946901
930.5 4.178937139825367
931.0 2.9688032162078093
931.5 2.4631589817928585
932.0 0.4997295967325974
932.5 1.6756382136637096
933.0 1.1226677145030868
933.5 4.780674710294912
934.0 1.3081848912423393
934.5 3.0528481180980513
935.0 1.3191001176971695
935.5 2.739784487766296
936.0 1.5500482717470974
936.5 3.538759504105835
937.0 3.43269112418414
937.5 2.9862321491074777
938.0 1.8623270558969551
938.5 3.6423200885700204
939.0 0.2
939.5 1.5203621602234274
940.0 2.6526780034452564
940.5 3.530860827608449
941.0 2.074732956840094
941.5 2.255075501896263
942.0 3.7311437290851357
942.5 5.22834040636355
943.0 3.415155606299157
943.5 1.761478971758068
944.0 1.5061275622870947
944.5 2.3979504170331363
945.0 2.0697990029573647
945.5 0.2
946.0 0.8268666095412516
946.5 0.8938437942202753
947.0 2.4002431185426407
947.5 0.6636835860748407
948.0 3.5438114173693798
948.5 1.2612193579257318
949.0 0.724339503715522
949.5 1.5297203663406114
950.0 1.1296600680843394
950.5 2.039816713955071
951.0 1.1471468890852077
951.5 0.2
952.0 3.130625834046101
952.5 3.0692271622304688
953.0 0.32317539789593575
953.5 3.7237397501239515
954.0 1.7889982222907173
954.5 3.755215799619572
955.0 1.0213945251149954
955.5 3.3149812881318823
956.0 1.7216236655673631
956.5 5.951527549873058
957.0 4.450532789969594
957.5 2.49980618270786
958.0 1.3525269712316188
958.5 1.178139770727969
959.0 3.129463169544292
959.5 2.5584404472034468
960.0 2.4611121684247235
960.5 0.5475191120490579
961.0 3.1885576237944955
961.5 0.9128192314181345
962.0 0.639954410290088
962.5 1.6072694326783061
963.0 3.9950750037082536
963.5 3.4809395878110134
964.0 3.3919615288604144
964.5 2.336456122640465
965.0 2.3826799868207607
965.5 4.266049406575505
966.0 4.031239827530001
966.5 3.2745939025739634
967.0 1.374186419061964
967.5 2.103955313275227
968.0 3.839540805906245
968.5 4.893961186941279
969.0 3.721524183656096
969.5 2.0205895478180884
970.0 4.374805942562087
970.5 0.45619020030345814
971.0 4.248846592421869
971.5 1.9977342101457054
972.0 3.4220269530901315
972.5 2.828516917659023
973.0 1.2527950665426613
973.5 2.561030613790252
974.0 4.1580213146208855
974.5 4.79815085708848
975.0 5.190732581289011
975.5 4.027624158696625
976.0 3.575779376478094
976.5 1.6961052511017085
977.0 4.929098331157807
977.5 7.132778816798266
978.0 4.943014317032111
978.5 6.42416105661615
979.0 3.5806673072280875
979.5 2.178471244041512
980.0 7.238191334987501
980.5 4.117255509409805
981.0 3.41419385010562
981.5 1.4336173844673339
982.0 5.068692743561669
982.5 3.494423163382212
983.0 0.8771882537200963
983.5 5.4898370523982205
984.0 0.2
984.5 7.8495556994299704
985.0 3.8998220270587236
985.5 7.13588325335623
986.0 6.320201533936917
986.5 5.050508720477865
987.0 4.803281941819069
987.5 6.162576304083159
988.0 4.35820308887433
988.5 5.341743656130079
989.0 1.2729983263396836
989.5 7.088869990933343
990.0 2.3604738836811388
990.5 4.593294725910557
991.0 3.9381347594612874
991.5 2.309914677171827
992.0 5.344234417925058
992.5 6.49846928861772
993.0 1.1950534289934889
993.5 5.333419739852603
994.0 5.779714897031669
994.5 0.7660648801334999
995.0 2.4660211987605436
995.5 5.046741365770235
996.0 2.7210866630992796
996.5 0.5259486514288527
997.0 0.2
997.5 5.754025766651832
998.0 4.6467399003494325
998.5 1.8922004707298705
999.0 4.210487624013669
999.5 4.978926243318444
1000.0 1.2810505674657322
1000.5 3.1989190616678678
1001.0 3.070589855544144
1001.5 3.0526500035987185
1002.0 4.420974095391644
1002.5 3.264675360578978
1003.0 6.127489207416096
1003.5 0.2
1004.0 0.2
1004.5 1.1915010555022678
1005.0 3.2611135663531057
1005.5 0.2
1006.0 3.8398979339599326
1006.5 4.287226865178315
1007.0 8.289685950221745
1007.5 4.4011520051435085
1008.0 5.256033371550545
1008.5 1.8193017732181462
1009.0 6.313999526813228
1009.5 3.41843642773435
1010.0 2.9764093190249783
1010.5 2.9105275064918708
1011.0 3.9859632572405834
1011.5 4.8936551899464025
1012.0 6.353733310565506
1012.5 3.648316373853336
1013.0 3.0382763134967243
1013.5 3.9867359985880135
1014.0 3.078190671068911
1014.5 0.8272835653742296
1015.0 4.917263449649692
1015.5 4.96242537516279
1016.0 1.2084252687992523
1016.5 4.259311337122233
1017.0 2.2498268437080076
1017.5 3.3943895318934203
1018.0 1.861621454153211
1018.5 1.9695000518344727
1019.0 1.495460968409831
1019.5 1.50928858975938
1020.0 5.392853544826388
1020.5 4.062220927317178
1021.0 1.5634675935112405
1021.5 2.9448495320753736
1022.0 2.144318627929962
1022.5 3.74142456808133
1023.0 2.7437806450006446
1023.5 4.8939331556665895
1024.0 2.04175492485685
1024.5 2.8880309784287506
1025.0 2.1085499286339937
1025.5 4.244200237066256
1026.0 5.5374974341646785
1026.5 0.2672993012966418
1027.0 0.30142680662600796
1027.5 2.0598960448521364
1028.0 4.151248522293367
1028.5 3.9124135885602955
1029.0 2.1122233597677003
1029.5 3.796925076661814
1030.0 2.1047418976878873
1030.5 1.738676293647065
1031.0 2.7020596303290985
1031.5 3.0850137253947514
1032.0 0.2
1032.5 2.665242638258793
1033.0 4.541070928768166
1033.5 3.0348465112931002
1034.0 0.7165245854455269
1034.5 3.125885275183521
1035.0 3.576685741253431
1035.5 1.1488420790794427
1036.0 4.454844796053855
1036.5 0.3303889850219055
1037.0 2.426654745258931
1037.5 1.6896881138630733
1038.0 3.8210318340248732
1038.5 3.337643627946561
1039.0 4.7216495081076975
1039.5 4.4837319993773885
1040.0 2.9164512866037793
1040.5 2.1610581731958574
1041.0 1.7700128578596201
1041.5 2.2464583791404777
1042.0 3.0285852861970257
1042.5 3.826842039356863
1043.0 4.37984039660377
1043.5 2.2705585106236827
1044.0 3.618448071576614
1044.5 1.11951679994708
1045.0 2.9183261478098164
1045.5 7.046969189203813
1046.0 3.943443121639872
1046.5 2.623121969323729
1047.0 4.109345717473401
1047.5 7.0150216406479835
1048.0 1.1322083286635767
1048.5 2.338719892311718
1049.0 0.2
1049.5 2.405404135458953
1050.0 5.002106816823683
1050.5 1.4442115295293614
1051.0 3.283210128925115
1051.5 4.8004979621078885
1052.0 2.556717466354958
1052.5 5.794651042426508
1053.0 9.433114600301788
1053.5 4.314969714059689
1054.0 1.9046062250959888
1054.5 10.040746813469294
1055.0 0.27314469134730324
1055.5 2.096820915886617
1056.0 0.6191290837795571
1056.5 4.732299297598541
1057.0 2.936628286217644
1057.5 1.0643794635840966
1058.0 6.080031392631534
1058.5 6.692635461932445
1059.0 3.621552080194091
1059.5 7.383372472435294
1060.0 3.475053778716493
1060.5 3.5905267824851386
1061.0 4.702529178190589
1061.5 4.0967474477499675
1062.0 4.337787183669141
1062.5 3.9894360738849937
1063.0 7.5255551566316505
1063.5 5.351608400014917
1064.0 3.4179243957578445
1064.5 4.952157905254856
1065.0 4.395312705202001
1065.5 3.29085910612527
1066.0 4.843957779327446
1066.5 0.2
1067.0 3.982359025329882
1067.5 3.559501283995388
1068.0 3.430637938381401
1068.5 5.710687874338258
1069.0 6.050067464662672
1069.5 6.786006901367427
1070.0 9.042919910624292
1070.5 9.426068260969485
1071.0 2.440293904893497
1071.5 5.205712483180244
1072.0 0.2
1072.5 4.69693845471593
1073.0 7.2207647994722715
1073.5 4.919169493966188
1074.0 2.6683496359466234
1074.5 1.3121100329740956
1075.0 9.25868356265904
1075.5 3.3156113686074695
1076.0 5.163125059025887
1076.5 4.034610674736498
1077.0 5.559275244012356
1077.5 7.25883809030541
1078.0 10.02518013297939
1078.5 3.241203532073355
1079.0 7.143753694833238
1079.5 4.81051622521017
1080.0 3.8560540911747596
1080.5 5.153272927906631
1081.0 5.71668257202492
1081.5 6.957316093036821
1082.0 3.4782838402422005
1082.5 5.004840937431728
1083.0 4.494211684598367
1083.5 6.968810522595685
1084.0 2.4951199309997767
1084.5 4.568636575631396
1085.0 3.4876530646813597
1085.5 6.1459126599747265
1086.0 0.2
1086.5 3.9754696009136747
1087.0 0.6122830037983391
1087.5 1.5467581076462413
1088.0 6.302577227652769
1088.5 5.019584982745733
1089.0 8.140624676565867
1089.5 2.5188142065548877
1090.0 7.207267947733593
1090.5 2.6354114645132207
1091.0 2.4673629456198154
1091.5 4.0250657489898725
1092.0 3.776361841971823
1092.5 2.876534329939973
1093.0 3.406870367118203
1093.5 5.682009091830768
1094.0 2.3931766463498625
1094.5 2.868964753933967
1095.0 1.9947146591137561
1095.5 2.7222369721024156
1096.0 1.9944158482126109
1096.5 5.283940760946664
1097.0 3.286133733673343
1097.5 6.744436813963409
1098.0 2.7803582169248506
1098.5 1.6325349797337867
1099.0 3.1847845339131027
1099.5 3.73851401381253
1100.0 3.8531356008081215
1100.5 3.124455453265525
1101.0 2.1877559103453397
1101.5 3.0115118045168026
1102.0 3.6286565470329806
1102.5 1.4711697524400433
1103.0 4.636516542482246
1103.5 2.8612100725242713
1104.0 2.4484744505340568
1104.5 3.1375060938432
1105.0 7.27754973360012
1105.5 4.875541496807951
1106.0 7.273664274331107
1106.5 10.85081803201169
1107.0 3.1573122686439503
1107.5 3.4558335553619033
1108.0 0.7391467897728858
1108.5 3.581653324855664
1109.0 2.6525693465066054
1109.5 1.7714328102908228
1110.0 3.6288144318944804
1110.5 4.029329311645778
1111.0 3.5639119665590897
1111.5 1.0924321988714125
1112.0 2.4043675338118673
1112.5 0.6158605772357475
1113.0 3.9440180712054795
1113.5 4.05543472159496
1114.0 5.644825764667328
1114.5 3.892864485021124
1115.0 1.927000022298789
1115.5 5.403826051714905
1116.0 2.901734863824777
1116.5 2.039844612542419
1117.0 1.732735313469614
1117.5 2.227134459534098
1118.0 3.6592495121900157
1118.5 3.878887195113909
1119.0 0.8646830561123617
1119.5 5.904221747485211
1120.0 5.1384257294543065
1120.5 0.2
1121.0 2.805251229696392
1121.5 3.774075673910384
1122.0 2.8467454273565735
1122.5 5.254046045866863
1123.0 5.067800577335657
1123.5 2.0682304035267247
1124.0 6.28621142671615
1124.5 5.444802776117266
1125.0 4.105762977356586
1125.5 6.6926731656604055
1126.0 4.498736216244725
1126.5 1.8066080563281794
1127.0 2.071795199296491
1127.5 8.191324425278
1128.0 4.121128604765026
1128.5 1.6484830872091578
1129.0 5.5558396587164545
1129.5 5.115391320159323
1130.0 6.663856212787812
1130.5 0.2
1131.0 5.504149072590363
1131.5 3.150001076180659
1132.0 1.7009056793943278
1132.5 3.8140573235497124
1133.0 1.2933888431109117
1133.5 2.613458415936974
1134.0 0.7758320071417861
1134.5 2.8645819391548972
1135.0 2.134713778058925
1135.5 3.2579578936556643
1136.0 1.9584722780416837
1136.5 2.8888819240898362
1137.0 0.6740469138363305
1137.5 3.6826982419834
1138.0 2.6523233657928307
1138.5 1.4443778608862812
1139.0 3.563654885118142
1139.5 1.5730211166094048
1140.0 0.8308413816633866
1140.5 1.284923031839064
1141.0 3.1679771931843126
1141.5 5.525275696566497
1142.0 2.5817182408674824
1142.5 3.465055024010863
1143.0 1.7269069633620748
1143.5 3.745586257122262
1144.0 1.649518271107493
1144.5 2.352694159887746
1145.0 3.0322003013689582
1145.5 4.48436716622521
1146.0 2.432224348857364
1146.5 0.850942274099975
1147.0 3.2196304502954014
1147.5 3.8088003566355466
1148.0 4.7540405594184865
1148.5 6.718032882471276
1149.0 4.879933163190458
1149.5 4.8295480664808
1150.0 2.7857459064246677
1150.5 2.7900148729930336
1151.0 4.868422587826673
1151.5 1.5583598750397787
1152.0 3.9427809753947916
1152.5 3.750350941263571
1153.0 5.2301216347920905
1153.5 4.737685426749774
1154.0 1.8686709606226972
1154.5 2.1918689124077635
1155.0 5.307658230338936
1155.5 3.1392001480733205
1156.0 4.218703926967493
1156.5 5.1181447458281
1157.0 5.457311215688431
1157.5 3.6141745798871607
1158.0 2.474836594268772
1158.5 2.1026643126861817
1159.0 2.7691174623336785
1159.5 3.485398956438442
1160.0 6.14064992425223
1160.5 1.269836643739175
1161.0 3.852688836872877
1161.5 2.442391799253963
1162.0 5.8374617385373035
1162.5 8.398943775751082
1163.0 4.908288167891338
1163.5 3.9216492237328535
1164.0 5.236241262169326
1164.5 6.145710033703646
1165.0 4.4633015031905625
1165.5 2.4385781135114786
1166.0 3.8720427110153337
1166.5 6.236598018113488
1167.0 2.7190908597232903
1167.5 5.69598781681143
1168.0 5.058043393204908
1168.5 3.8275590523897485
1169.0 3.3077532080792933
1169.5 4.737056584828857
1170.0 6.275371751145419
1170.5 2.539606073235867
1171.0 2.3011327223670897
1171.5 3.4024255838729176
1172.0 1.1309166116892166
1172.5 10.287006792813383
1173.0 5.422875126931221
1173.5 2.4600000812605094
1174.0 6.542035380588753
1174.5 3.945984971072608
1175.0 2.497700236638313
1175.5 2.3156763990663745
1176.0 1.7080807488251066
1176.5 4.09604756904964
1177.0 3.3404907489236826
1177.5 1.6478976112633617
1178.0 1.487236079317103
1178.5 3.6133661790042746
1179.0 2.0053738805786714
1179.5 2.6861687773497183
1180.0 0.32636755023534203
1180.5 1.1907695864676142
1181.0 1.4995209697928398
1181.5 3.0738460802095102
1182.0 2.290027540579856
1182.5 2.046928776350547
1183.0 2.810255438225864
1183.5 4.017689755798767
1184.0 0.2
1184.5 1.7446419564394042
1185.0 3.3073572875677018
1185.5 3.135819863524082
1186.0 4.56151232987128
1186.5 2.5934502791809053
1187.0 3.5064225126423945
1187.5 2.053194105117984
1188.0 3.237232750297423
1188.5 3.4955352267002473
1189.0 3.338674929141414
1189.5 0.2
1190.0 4.51874492482591
1190.5 1.1511877519057434
1191.0 1.9147577775719193
1191.5 1.277458447208952
1192.0 2.815081575912108
1192.5 3.0812924754377087
1193.0 3.620691099264379
1193.5 2.533076417629055
1194.0 0.24351173855065378
1194.5 2.8579782127415307
1195.0 3.9147481035686678
1195.5 3.5842843206369626
1196.0 2.137279109142099
1196.5 4.041518081125033
1197.0 2.989985700554726
1197.5 3.4868045156500833
1198.0 3.5728498716124366
1198.5 3.1706793017413144
1199.0 3.0240714882712725
1199.5 1.2161934448208922
1200.0 1.9395238190026842
1200.5 1.5803155088163392
1201.0 2.8605655420797382
1201.5 1.8535461693218078
1202.0 4.165195258401565
1202.5 1.9805394842085304
1203.0 0.9035054954332473
1203.5 2.1915435629793087
1204.0 1.9898532276599488
1204.5 1.008602356910713
1205.0 2.097442860849006
1205.5 3.1569453755664902
1206.0 3.0808165824977984
1206.5 1.5827685537022345
1207.0 8.35528314575634
1207.5 0.9447698552076695
1208.0 5.1077545515522065
1208.5 1.7070542835772264
1209.0 4.589333455253649
1209.5 3.327868188737722
1210.0 5.457204513326554
1210.5 8.452633431140313
1211.0 7.004312158132697
1211.5 0.9055032754263492
1212.0 4.3451455460082
1212.5 2.667057051746756
1213.0 5.706308694736209
1213.5 2.5907906269401195
1214.0 3.5314045422608276
1214.5 5.849471998057506
1215.0 3.9033398058051003
1215.5 6.150757188253278
1216.0 7.796392867454975
1216.5 2.166527490621914
1217.0 4.593601030372533
1217.5 6.461098922965062
1218.0 4.745472302095682
1218.5 3.5196277083966447
1219.0 1.5586405128505532
1219.5 5.942786138904986
1220.0 1.3590486105331947
1220.5 0.2
1221.0 0.2
1221.5 0.5166472924163146
1222.0 3.164867514751612
1222.5 0.2
1223.0 4.4286396579911695
1223.5 5.237272799099999
1224.0 3.216947017650541
1224.5 2.7364456873083745
1225.0 5.041512796928913
1225.5 5.206262698365125
1226.0 4.264926668639465
1226.5 3.9479798706269325
1227.0 4.433775799819842
1227.5 4.039599741802149
1228.0 4.255355277574964
1228.5 3.6477108417302113
1229.0 3.272424973479385
1229.5 3.4614794894862473
1230.0 4.625399205559598
1230.5 1.3129214227800743
1231.0 1.3669944563121699
1231.5 6.314193604679824
1232.0 4.0880722954687005
1232.5 0.6708138373426626
1233.0 2.2887177425468743
1233.5 5.560673505345192
1234.0 2.8540679870381345
1234.5 4.4416304763147565
1235.0 2.525531509142097
1235.5 1.9104180136514979
1236.0 2.503547686020047
1236.5 5.3220204010518675
1237.0 2.86570583333971
1237.5 5.472684553483095
1238.0 7.010079561805091
1238.5 2.6202446124468755
1239.0 3.2227801775624263
1239.5 2.477769185509241
1240.0 3.415706133139282
1240.5 4.773888251244923
1241.0 4.519393306148017
1241.5 4.156650551722259
1242.0 3.2065629879192876
1242.5 1.4818163607313135
1243.0 3.309423795428837
1243.5 1.4968355751713769
1244.0 7.016503204405904
1244.5 4.6124147774834885
1245.0 1.624307292306969
1245.5 3.5860562884130136
1246.0 1.3779671596262364
1246.5 5.821404566510758
1247.0 2.84614212979238
1247.5 1.9634577678613947
1248.0 4.1434830430124485
1248.5 3.6392372552236654
1249.0 3.8769004310270865
1249.5 4.425407896055558
1250.0 5.0251196201682475
1250.5 3.8921058325061657
1251.0 3.846352166910761
1251.5 4.0139987547113956
1252.0 6.016213440547896
1252.5 5.575810395204133
1253.0 0.9878371821441205
1253.5 5.829483236519442
1254.0 0.7592235955234607
1254.5 3.781535175808819
1255.0 2.958749666788902
1255.5 3.060421371497244
1256.0 1.4779920650945388
1256.5 3.9283582623428166
1257.0 3.4366690128915707
1257.5 1.7112568020634298
1258.0 1.5687753947393155
1258.5 3.6454691927516825
1259.0 3.877724721518093
1259.5 3.165147406492244
1260.0 2.707995882909057
1260.5 2.247225182147558
1261.0 2.8244529197709953
1261.5 3.6183076199442854
1262.0 5.135990813961355
1262.5 3.3295134815910252
1263.0 4.309277463723232
1263.5 4.53999268798086
1264.0 2.0455125972750317
1264.5 2.88044053771533
1265.0 3.925726617856589
1265.5 2.0659308783352177
1266.0 3.819720941533703
1266.5 5.110518205182117
1267.0 4.62945210756013
1267.5 2.8689689354587435
1268.0 2.7896092623020614
1268.5 3.6378181137652574
1269.0 4.053696804105849
1269.5 2.537187207641308
1270.0 4.691562626284361
1270.5 4.756229689658987
1271.0 4.19761882296614
1271.5 5.140720832039921
1272.0 4.984169927769951
1272.5 2.669972700250324
1273.0 4.233337246226741
1273.5 6.72095002666717
1274.0 1.6782813955488303
1274.5 3.646138045239742
1275.0 5.53094608709807
1275.5 1.5908079534070603
1276.0 0.7219849644483012
1276.5 5.3799724164667735
1277.0 0.7182794827532115
1277.5 3.3770878605593793
1278.0 4.947204538107876
1278.5 4.015105617613132
1279.0 4.696889632479598
1279.5 4.479599289186077
1280.0 0.42825655790313366
1280.5 4.873210328136068
1281.0 1.2990763805433414
1281.5 1.4309258054297616
1282.0 6.117945607752956
1282.5 3.2139885458691437
1283.0 3.491836555304851
1283.5 3.6939069916797402
1284.0 6.015135353268274
1284.5 0.9452194975498487
1285.0 1.8976644957880637
1285.5 3.484244102191213
1286.0 1.9900157670557674
1286.5 7.2824868001930785
1287.0 1.602412636983428
1287.5 7.214667376428691
1288.0 0.42509876112687506
1288.5 6.428573211700556
1289.0 3.6978819865687473
1289.5 1.5725440350185722
1290.0 6.294100729475193
1290.5 5.749035379467298
1291.0 2.514452771869403
1291.5 5.524776000849258
1292.0 3.747804473969648
1292.5 3.7491505456903043
1293.0 6.684085226727844
1293.5 4.193818671672133
1294.0 3.404788726490687
1294.5 1.5150588328698542
1295.0 4.084012097356051
1295.5 3.75622525295584
1296.0 3.426536430346892
1296.5 5.757142042226299
1297.0 6.978233205822567
1297.5 1.0738257799335056
1298.0 3.913381251863606
1298.5 6.896914347114136
1299.0 4.180467199102797
1299.5 5.676798940728043
1300.0 5.218848721536662
1300.5 5.7761833594528555
1301.0 1.6001868904542986
1301.5 4.671667015207673
1302.0 2.738783586695366
1302.5 3.431495039152148
1303.0 1.1321200057931327
1303.5 3.9117476480790248
1304.0 7.936627982498752
1304.5 3.6390254792794234
1305.0 1.1798919350596848
1305.5 4.048364535788041
1306.0 4.51816362172326
1306.5 1.5651687543806836
1307.0 2.8005040251604663
1307.5 4.70506215058926
1308.0 1.3835821916862052
1308.5 2.826321727402015
1309.0 5.344646854370454
1309.5 1.6568582889737549
1310.0 3.690254541819862
1310.5 4.903100268568178
1311.0 2.0916010209759506
1311.5 3.6673259965897476
1312.0 3.283978709249975
1312.5 2.157914650361219
1313.0 2.177237375289873
1313.5 6.2504510758328
1314.0 0.6754926607937128
1314.5 4.6642497704630035
1315.0 7.2897715401092755
1315.5 3.738517278487592
1316.0 4.405532608258729
1316.5 2.9205724977709435
1317.0 5.74538021250094
1317.5 7.814398722883652
1318.0 7.766228273748975
1318.5 4.749397782573156
1319.0 5.17106259967387
1319.5 7.504597373413223
1320.0 0.7580336444522562
1320.5 3.5016334681228587
1321.0 7.002597902685865
1321.5 4.179211578233998
1322.0 4.19217214199776
1322.5 7.3254240472916035
1323.0 5.58906282903895
1323.5 2.166313752679378
1324.0 2.4488857056958406
1324.5 2.709533949124408
1325.0 6.653408184672971
1325.5 2.5856639175900082
1326.0 2.7403244822151795
1326.5 4.210090163116451
1327.0 3.3477593693905323
1327.5 5.850151040004784
1328.0 1.7719137139780115
1328.5 1.4976718496116037
1329.0 2.8193476137048563
1329.5 2.48031164065056
1330.0 4.79582515383396
1330.5 3.184765396668922
1331.0 2.12277161118569
1331.5 1.5062812664381908
1332.0 1.8221357230292534
1332.5 3.8189634888899833
1333.0 2.878491683451551
1333.5 2.160149193631974
1334.0 2.9244519566508136
1334.5 0.2
1335.0 2.817253355267608
1335.5 4.142216263211282
1336.0 8.404541922720167
1336.5 1.8389877090420872
1337.0 5.251691163265226
1337.5 0.5473447751962532
1338.0 3.118442351228324
1338.5 4.087599398043352
1339.0 2.385807147957142
1339.5 2.169548405069215
1340.0 2.7148544162796773
1340.5 3.3138919931672435
1341.0 3.17696388769601
1341.5 4.258504876908262
1342.0 5.326407600407535
1342.5 3.751667861533689
1343.0 3.461476444515066
1343.5 3.6396499764626604
1344.0 3.1786290911487827
1344.5 2.302021148086105
1345.0 2.6797989054786173
1345.5 4.773672733416129
1346.0 2.443317898450245
1346.5 2.284590127051197
1347.0 3.415324947536169
1347.5 2.7854018388209187
1348.0 1.3671830626874375
1348.5 2.322918148990452
1349.0 2.1045704949230712
1349.5 1.5597969304307595
1350.0 3.3628234648946047
1350.5 2.13880080222953
1351.0 2.1970403321091614
1351.5 2.47286515131751
1352.0 4.315435227923034
1352.5 7.8329377838662895
1353.0 2.9362470948317188
1353.5 2.7671249489729677
1354.0 3.394409763515159
1354.5 3.60515193402775
1355.0 5.878057443360892
1355.5 2.829986436418247
1356.0 3.321108818894242
1356.5 6.3211187010992
1357.0 7.947704507534446
1357.5 1.925433891323903
1358.0 8.815002848879004
1358.5 7.977251813700045
1359.0 5.303552185802497
1359.5 7.5640294412766025
1360.0 3.182592777127875
1360.5 5.341136393128604
1361.0 3.2285386933740314
1361.5 5.67809151224464
1362.0 7.017786475220349
1362.5 5.7050365206990845
1363.0 4.413706157163656
1363.5 3.3302754101506657
1364.0 3.1774292565457216
1364.5 7.437398783899876
1365.0 3.339516704347865
1365.5 4.953940983840221
1366.0 1.7135543510714157
1366.5 7.8823114975946735
1367.0 7.1825457884057045
1367.5 0.2
1368.0 2.52725742043436
1368.5 8.391853879361332
1369.0 4.78089727769838
1369.5 3.1303885982242736
1370.0 2.7075574413173897
1370.5 1.7192382445530572
1371.0 7.5177750554949405
1371.5 3.2126634105501672
1372.0 6.320318582362685
1372.5 6.702256182964354
1373.0 1.7971940093030878
1373.5 7.505290196833382
1374.0 5.505573360414024
1374.5 6.27292091355292
1375.0 9.998414874927132
1375.5 4.799040442039105
1376.0 10.728160447556853
1376.5 4.258488888663094
1377.0 1.036559549516999
1377.5 7.7979447232093335
1378.0 5.031318492464452
1378.5 5.938230055161995
1379.0 2.735153872926835
1379.5 4.037442953949987
1380.0 1.8064361467761834
1380.5 7.150674167756383
1381.0 4.063649510408204
1381.5 7.272963463260497
1382.0 3.6851588970599862
1382.5 11.302006613880515
1383.0 6.763570594141667
1383.5 5.007269918772625
1384.0 3.4302755466139603
1384.5 1.7792338073439802
1385.0 4.169376178403245
1385.5 8.415218374882407
1386.0 1.693892714580219
1386.5 4.256424890966091
1387.0 5.670914584079891
1387.5 9.53721196220171
1388.0 1.7983255674902452
1388.5 4.179854879269725
1389.0 7.494461445772964
1389.5 0.2
1390.0 6.433572174590234
1390.5 3.754172132509355
1391.0 5.932852270018525
1391.5 2.10494071596
1392.0 4.243993563347026
1392.5 4.412060847061374
1393.0 1.3815399591534474
1393.5 6.664676335697433
1394.0 0.2
1394.5 2.2658441584554705
1395.0 4.751722691958135
1395.5 1.2531571985160084
1396.0 4.080222447118414
1396.5 1.0169666566499895
1397.0 5.656484229607277
1397.5 4.811724790711384
1398.0 1.4557000454727207
1398.5 2.919876377824298
1399.0 5.191935416530187
1399.5 0.6220328464967602
1400.0 2.294802881666525
1400.5 4.412361973897097
1401.0 2.037739671389632
1401.5 2.612804787302466
1402.0 3.0630861081622864
1402.5 1.7341763353197426
1403.0 2.853954418238374
1403.5 1.7555116602098446
1404.0 2.2932716104323783
1404.5 7.692743884912755
1405.0 0.5844982512694927
1405.5 2.375677834051065
1406.0 0.2
1406.5 2.3662412833483373
1407.0 2.1849430627254662
1407.5 6.388967662494492
1408.0 6.724158280405924
1408.5 3.63602443407507
1409.0 3.036994049395339
1409.5 7.234616061053215
1410.0 6.665288259974046
1410.5 4.26744445177536
1411.0 2.833661492182416
1411.5 4.04308264871367
1412.0 4.016327234165687
1412.5 3.723362558008234
1413.0 4.049502395803126
1413.5 1.4562343104091848
1414.0 0.2
1414.5 5.215706938529811
1415.0 5.110945021211746
1415.5 1.283639519549275
1416.0 0.4729128646644103
1416.5 3.2289530097046746
1417.0 2.1522829361440547
1417.5 4.870591359849051
1418.0 3.023497922346728
1418.5 4.066438180477352
1419.0 1.766537241420617
1419.5 0.2
1420.0 2.2788435199689365
1420.5 1.1124761100549176
1421.0 2.524184849747075
1421.5 3.6761581043022433
1422.0 3.4384317003841285
1422.5 2.7892402945353036
1423.0 4.156370943016649
1423.5 0.2
1424.0 3.0338556899102485
1424.5 5.962979854592714
1425.0 5.762443760028886
1425.5 2.0070380357172537
1426.0 4.768066773491942
1426.5 1.6802689314312294
1427.0 3.8648755233849963
1427.5 5.436625039655853
1428.0 5.579995385119086
1428.5 6.722646638734293
1429.0 5.436798330437451
1429.5 7.2023784168743825
1430.0 4.797911619456061
1430.5 5.773602975035473
1431.0 3.257006785317814
1431.5 2.259079251686739
1432.0 7.392591478948923
1432.5 3.2164479224817946
1433.0 10.942056335098185
1433.5 4.974368638051619
1434.0 0.2
1434.5 6.43578738263244
1435.0 8.223730513342513
1435.5 2.709324557272185
1436.0 5.5427340553149715
1436.5 4.970628995550822
1437.0 2.761309245305619
1437.5 3.9704570861640676
1438.0 6.110778423987693
1438.5 2.3425616030064793
1439.0 0.32574672545558014
