0 2.8469618612951146
0.5 2.7420372845288234
1.0 3.066095762019115
1.5 1.9074919907393417
2.0 2.144802204936712
2.5 2.4155922716693867
3.0 2.81405662101346
3.5 2.902612876271316
4.0 2.0387841611041613
4.5 3.0649732421440765
5.0 1.62446680055178
5.5 1.4652280843847412
6.0 0.2
6.5 2.8875463115250786
7.0 3.256608570113123
7.5 4.165478570085239
8.0 3.050290896246325
8.5 1.5471918979029604
9.0 2.955216407423352
9.5 1.6690706624903473
10.0 2.363825813054822
10.5 0.8691913740323614
11.0 1.6657536939660371
11.5 1.3705792238393837
12.0 2.0315788187260475
12.5 3.2010202614365166
13.0 0.7610995617354268
13.5 3.1754556452085536
14.0 1.980922530500715
14.5 2.5766403543844256
15.0 3.531713932146162
15.5 1.4833218802748496
16.0 1.745239525475143
16.5 1.1811097207871923
17.0 3.2208023657020695
17.5 2.7984127625194875
18.0 0.7745206647609588
18.5 1.2263394233526688
19.0 1.5329232313026497
19.5 3.517470895744082
20.0 2.347492624918418
20.5 1.7738765110541255
21.0 2.292435979882164
21.5 1.8941585348746866
22.0 1.2708302365064783
22.5 3.0424690962487726
23.0 1.1581341045573217
23.5 1.5017282937130791
24.0 1.724713746686899
24.5 0.5176849272627533
25.0 1.7958460620569423
25.5 3.1924047029348444
26.0 2.3799053140006756
26.5 0.6311994748512038
27.0 3.904061684721807
27.5 3.367390343370347
28.0 0.6659344106389526
28.5 3.099631363894761
29.0 3.0613667609333337
29.5 1.3518046620798991
30.0 1.674259049638839
30.5 3.581835345053266
31.0 2.933303170988987
31.5 3.241804821061165
32.0 1.6037691188545093
32.5 3.6044764014341526
33.0 1.9455175293139844
33.5 3.118449404439003
34.0 2.596731307621071
34.5 8.067546565893927
35.0 3.857877904097232
35.5 2.824082567762865
36.0 0.654699276419048
36.5 5.279723202161948
37.0 4.499406902727529
37.5 1.9423306683092423
38.0 3.33528068838515
38.5 3.8110839403120824
39.0 3.089688075268581
39.5 1.6195398989646943
40.0 1.4037208530590901
40.5 6.861865870635761
41.0 3.8531811454624227
41.5 6.84066258618517
42.0 5.2201648889860905
42.5 3.467910766062869
43.0 6.4583285743584735
43.5 5.641230952349217
44.0 1.5448671774760152
44.5 4.691455360382546
45.0 4.095280205556309
45.5 6.942294749722988
46.0 2.34270482116315
46.5 2.0393890409957924
47.0 2.2847389413453274
47.5 4.517592635674973
48.0 2.1656741961644466
48.5 2.6740524795848613
49.0 1.8842406056670749
49.5 1.9857529876043296
50.0 4.941734699403369
50.5 3.7843292213939446
51.0 2.304778749804635
51.5 1.4240986435136538
52.0 1.6376348640062144
52.5 3.7578987477164656
53.0 2.697454566192526
53.5 1.6475338216484139
54.0 4.102972025696028
54.5 1.6677432905486556
55.0 3.540029085551666
55.5 3.4316477674119215
56.0 2.475339145257905
56.5 0.2
57.0 0.2
57.5 6.016610525194078
58.0 4.848057772549959
58.5 3.03867672050747
59.0 0.9087277154092921
59.5 2.7259199326336176
60.0 3.087687160915573
60.5 0.8255481587955464
61.0 3.407086500071045
61.5 3.1607279957248324
62.0 3.3553423240914317
62.5 0.9005356017998691
63.0 6.805870502815033
63.5 6.221254433449055
64.0 5.428831149069568
64.5 3.3593330514298065
65.0 5.6426021594041575
65.5 1.9467389873840175
66.0 5.396046424741003
66.5 4.338241163130135
67.0 3.078110346097681
67.5 1.0417034967023637
68.0 6.320034603838876
68.5 5.1886318337651876
69.0 2.306140131012117
69.5 1.0870304454105244
70.0 6.953479032889909
70.5 5.82345883530209
71.0 5.548180730509399
71.5 1.8909376177621953
72.0 4.25413393576086
72.5 6.893709529000265
73.0 6.369319610605655
73.5 4.683587591872149
74.0 3.0596651728361746
74.5 4.967857369377839
75.0 2.4806685949879883
75.5 0.2
76.0 6.734297907555945
76.5 0.9600767996314707
77.0 5.586778560968034
77.5 1.9005521622518384
78.0 2.9191206037026776
78.5 4.677087927384747
79.0 6.526479901312021
79.5 2.3958457219270226
80.0 5.460889402009715
80.5 3.846283871684359
81.0 2.8724591020576695
81.5 6.815685504727346
82.0 5.83547536485062
82.5 3.611848903524727
83.0 11.032174611734357
83.5 5.01867329011967
84.0 4.14025681705897
84.5 6.15515350516125
85.0 3.480035946901574
85.5 3.6983496426782962
86.0 4.9414279650291775
86.5 4.725594723163757
87.0 9.719206511506576
87.5 2.5876590011228813
88.0 4.194216357815071
88.5 4.012467794825411
89.0 3.034725418517151
89.5 3.4105677735583413
90.0 2.219913629771451
90.5 1.557846877340298
91.0 4.03978243292663
91.5 0.8536496917326555
92.0 2.2835042867951216
92.5 2.4593598478529315
93.0 2.475964527152134
93.5 1.783205882130209
94.0 1.0986752756842675
94.5 2.997784379311347
95.0 2.633433297542805
95.5 2.4692025973072456
96.0 4.738767294843417
96.5 0.772172101908255
97.0 3.5541947937383487
97.5 1.5322446476031542
98.0 0.9525501768218421
98.5 2.26596028527565
99.0 3.8047649213782204
99.5 0.7842470007114164
100.0 3.5733297993255686
100.5 4.279315719866498
101.0 6.316612252628096
101.5 4.122246061316531
102.0 6.041979876844125
102.5 4.014734386570267
103.0 3.770027948945856
103.5 2.0955622388263873
104.0 5.99515487619605
104.5 4.552202966229665
105.0 7.13331729677414
105.5 5.332710204627127
106.0 3.267979683229524
106.5 5.924230342592596
107.0 5.216645194077097
107.5 2.015046459694883
108.0 2.703833586514314
108.5 5.154642942835683
109.0 4.74015748510938
109.5 0.624440716542848
110.0 2.7950364605661555
110.5 2.3043949003440263
111.0 4.047746834861538
111.5 3.980156113886318
112.0 3.056643197515217
112.5 1.963948467479974
113.0 4.020344403553005
113.5 4.788640031786804
114.0 1.9026099658106372
114.5 3.6147733232178876
115.0 3.073512821517959
115.5 1.574465791805212
116.0 1.7000791320442437
116.5 3.2972004099690517
117.0 6.080031559153024
117.5 3.959849273312546
118.0 5.633344106037121
118.5 1.8237015637268597
119.0 3.017284259219087
119.5 5.648334003280098
120.0 3.5397919071349397
120.5 7.086001622516991
121.0 4.2040462722899425
121.5 2.7416569040334924
122.0 4.074806967684147
122.5 4.635697613281539
123.0 6.908338798906573
123.5 4.284177379203824
124.0 4.5627095721592035
124.5 4.405960949063676
125.0 2.85088121544108
125.5 4.292472933668541
126.0 3.277371320422932
126.5 3.7379810218647656
127.0 2.4718623758669387
127.5 2.5962213021081118
128.0 2.0738550645402904
128.5 3.337506895720243
129.0 4.87932110655679
129.5 2.8238875051944428
130.0 3.2405577342388097
130.5 3.0008135733911363
131.0 3.045040037430871
131.5 5.739346834285662
132.0 1.2983940635388458
132.5 2.779207940324834
133.0 1.861879270158644
133.5 0.9368711167007611
134.0 2.65721576168366
134.5 2.9885509398960135
135.0 4.346820669462739
135.5 5.993121976734688
136.0 3.6449383593612796
136.5 3.716332222366452
137.0 2.095823963479382
137.5 5.667366535498594
138.0 2.803830038135939
138.5 5.255687049877644
139.0 5.823802034536292
139.5 0.2
140.0 5.185407809024175
140.5 5.538417167394392
141.0 7.649234837757568
141.5 4.071130677240627
142.0 4.361296267611384
142.5 5.248481118945054
143.0 1.4074549797901095
143.5 4.048736594850442
144.0 2.438510576430289
144.5 4.098153162120795
145.0 2.9047951107955736
145.5 5.1453086022847145
146.0 7.461082322410974
146.5 0.7953516228200002
147.0 4.587847384046244
147.5 3.3536927480885605
148.0 3.322375169320376
148.5 3.694505691888907
149.0 2.3485718822205
149.5 6.524190697199197
150.0 7.226666214911093
150.5 5.1960920956061
151.0 8.605094405338171
151.5 6.918661145773506
152.0 4.695532157491812
152.5 3.175734877632096
153.0 2.154118273700764
153.5 3.5419264886755704
154.0 4.400052455177287
154.5 6.4429591401068285
155.0 2.5396168555199377
155.5 3.905145373581563
156.0 3.952550766432845
156.5 5.541509379305078
157.0 6.160558826226878
157.5 2.6962134958457793
158.0 3.205152434591387
158.5 4.1753006291361
159.0 2.432429490335262
159.5 1.554945555894607
160.0 2.231447410386644
160.5 1.46310441075117
161.0 2.564077647224421
161.5 3.206875713204187
162.0 2.179993568204064
162.5 3.085151695895372
163.0 2.118652842109212
163.5 2.5662462955140044
164.0 1.9394282973667223
164.5 1.9895417148211534
165.0 2.6520438506558284
165.5 0.9941503741273516
166.0 2.278730233362702
166.5 7.300665685189308
167.0 6.860372927732731
167.5 4.788744967465664
168.0 6.375110151554513
168.5 5.260921017724871
169.0 6.576433993599278
169.5 1.313806711034558
170.0 3.9682422541325413
170.5 3.3822722350741596
171.0 2.6851614634250778
171.5 2.1219426962027694
172.0 3.798301727817345
172.5 1.0833773442510886
173.0 2.9245988199730926
173.5 2.439681201521204
174.0 2.883387642559782
174.5 3.6892902198534037
175.0 3.302049718975582
175.5 5.147472551457195
176.0 4.592316619556904
176.5 4.912514878323865
177.0 5.519599296699611
177.5 6.029414732150807
178.0 3.9472251043925994
178.5 2.6195244144018206
179.0 2.4376341439558686
179.5 4.2806758408298595
180.0 4.874173594915384
180.5 1.8664680973231955
181.0 3.3739779639212384
181.5 3.6307141596603416
182.0 3.3804080747398517
182.5 4.879749736948619
183.0 4.817026863480852
183.5 0.2
184.0 7.452116007907039
184.5 3.213251027173623
185.0 1.407197919375704
185.5 1.3682832180186542
186.0 4.483417660137725
186.5 2.343152513926217
187.0 2.9855848595213694
187.5 5.18813668089167
188.0 1.928493216168134
188.5 4.513681325621374
189.0 4.70227593815333
189.5 3.425816699766006
190.0 5.818342427943296
190.5 4.0171741447188465
191.0 7.474784229127833
191.5 2.8241042992222862
192.0 2.9453690758092987
192.5 4.111418279255073
193.0 2.9562043907039985
193.5 4.722159967399433
194.0 3.7709802709682876
194.5 3.1924414520383935
195.0 0.7646110705612881
195.5 3.9323967997653213
196.0 6.931416672459363
196.5 2.787182970823677
197.0 3.9396518779379637
197.5 1.5480423666541545
198.0 1.9267034550504194
198.5 5.340419916028287
199.0 3.680485933342447
199.5 5.100756712335058
200.0 0.9789914152993289
200.5 3.2295233318943137
201.0 1.7323652694396257
201.5 5.225321444438393
202.0 3.0635279033258644
202.5 2.3556192223389645
203.0 2.9729521585275656
203.5 0.8837702520981119
204.0 2.9316753130548854
204.5 2.3995075322948756
205.0 1.3403140244368879
205.5 5.217966512690399
206.0 7.303116904468455
206.5 5.681020959082918
207.0 4.809528152241915
207.5 2.5346947826618464
208.0 1.7424173518194195
208.5 1.5196331450668725
209.0 2.6682967178022694
209.5 2.5890254755433926
210.0 1.191034289101643
210.5 3.2789332640965556
211.0 3.8125813222441174
211.5 1.3932222728313044
212.0 3.3887453706836275
212.5 2.85881711262991
213.0 6.455612556334318
213.5 4.539806611469811
214.0 2.7177680066651777
214.5 2.757073291013233
215.0 5.7285778844236095
215.5 7.557075209840624
216.0 2.8402524458570495
216.5 5.886358947337751
217.0 4.5316435299420945
217.5 5.525370374907514
218.0 3.157422589756157
218.5 3.181290283726569
219.0 1.4769615082062955
219.5 4.912945617491236
220.0 2.7866258098641534
220.5 3.333607438528265
221.0 3.3664287640787207
221.5 3.508246782876747
222.0 0.7877958414566777
222.5 3.488935678817529
223.0 2.5965716367929343
223.5 2.5163414505350192
224.0 4.312238080194925
224.5 2.5542655141201727
225.0 2.656936952396248
225.5 3.1988437056445647
226.0 3.9410464141114434
226.5 2.334412926609981
227.0 3.983137002024802
227.5 3.6759812023620135
228.0 1.1294121665407908
228.5 2.348985581997131
229.0 2.595819512526503
229.5 1.9186630821970598
230.0 3.4438222286027624
230.5 1.9760363367224651
231.0 2.6795975594933434
231.5 1.5413885181932827
232.0 3.8807152045377293
232.5 1.8974254933071346
233.0 4.039892974556176
233.5 1.9366366220869953
234.0 2.9840626243462616
234.5 2.530829979917991
235.0 1.825584246381735
235.5 0.2
236.0 0.8179096133222652
236.5 2.5437595575105494
237.0 0.4976472056253849
237.5 2.4399568683446464
238.0 2.519900110001753
238.5 2.4164048576860284
239.0 1.8482149884720553
239.5 4.336750964168775
240.0 1.336012954772276
240.5 4.279272246490838
241.0 3.629107199106399
241.5 3.2131402200838677
242.0 3.856588848525653
242.5 2.8513135030519194
243.0 2.038576820838788
243.5 2.4006714708030543
244.0 1.2348111436161853
244.5 5.858726704786365
245.0 6.819223651337509
245.5 2.4686258698045966
246.0 4.510115630626842
246.5 5.303431920275484
247.0 5.713780575247432
247.5 3.3156255835613893
248.0 5.880864850576783
248.5 6.16583726086968
249.0 3.5539427776786434
249.5 2.711212993336043
250.0 3.1856421241128157
250.5 1.523314457515978
251.0 5.461651239047037
251.5 4.971851465126915
252.0 5.048600176493624
252.5 4.765474526121137
253.0 7.362469004184504
253.5 6.559070943275864
254.0 3.273665353974989
254.5 6.961621789167738
255.0 0.2
255.5 5.970698743360506
256.0 6.766469599848501
256.5 7.569571170342771
257.0 2.156561923685163
257.5 5.836786689703285
258.0 3.3366867864397047
258.5 3.551972985212984
259.0 3.744201264414556
259.5 4.994810263638909
260.0 5.453503769699343
260.5 3.4009500334131353
261.0 5.362640255940223
261.5 3.5506533352485756
262.0 2.1388261771885553
262.5 3.489682382590583
263.0 4.564058536913895
263.5 3.116322513166152
264.0 3.571713680090829
264.5 4.036859024647086
265.0 2.3764109355086487
265.5 2.7440192647647548
266.0 2.8824781174088057
266.5 4.5121813300446
267.0 2.830519891819058
267.5 2.8203813797366077
268.0 1.8192131288523823
268.5 2.5684586867235755
269.0 4.669011360201406
269.5 1.2647662263042603
270.0 4.086519156033628
270.5 2.213050885283635
271.0 2.016710091056032
271.5 3.5838737691663543
272.0 6.731276570887165
272.5 5.297668303367658
273.0 1.4743317892743382
273.5 2.9645983392742625
274.0 4.627975009928953
274.5 5.86928041506949
275.0 2.9260513936930135
275.5 1.7746410153020937
276.0 2.6481711102210377
276.5 4.735158561925951
277.0 4.176920038418224
277.5 6.743881810044528
278.0 4.9185484038753415
278.5 4.326834555207739
279.0 6.239431589796652
279.5 5.640720102591112
280.0 1.3515744627991078
280.5 10.121657578409543
281.0 7.168811695577837
281.5 1.639622378449821
282.0 3.927259961520779
282.5 7.105672213815516
283.0 4.957187202159832
283.5 7.189152285845141
284.0 6.010150478620755
284.5 5.949711605288785
285.0 6.721022233189297
285.5 3.723076233177759
286.0 2.7500198914239897
286.5 3.8221250112218654
287.0 4.89309385509604
287.5 6.032781976511748
288.0 5.835780458433444
288.5 1.221842099285956
289.0 1.891022909802904
289.5 6.716486299433288
290.0 7.156991608954737
290.5 2.639362154170292
291.0 2.366716219468789
291.5 4.583867560752198
292.0 0.8136146917921283
292.5 2.889189427538362
293.0 1.6723989118817726
293.5 4.313381152051085
294.0 5.944697044149514
294.5 3.959082860230942
295.0 2.2819079759430574
295.5 2.541784800953616
296.0 1.4968364022862657
296.5 3.6075884408215666
297.0 2.813161783859379
297.5 1.417372786182566
298.0 2.9962971791788804
298.5 1.3616740647270889
299.0 2.9128319262303286
299.5 2.534879197752686
300.0 4.255093614097525
300.5 1.8215068950146103
301.0 2.789574675138292
301.5 5.0248167834677275
302.0 2.3706240301449886
302.5 3.4717441247689624
303.0 1.9431220456224627
303.5 2.744545448479206
304.0 4.1291729417202
304.5 3.255803011493147
305.0 3.8240164753634205
305.5 2.1424904311296364
306.0 5.379217996371199
306.5 2.7972902293313355
307.0 3.181214583498138
307.5 1.744907224663644
308.0 3.4482538663815485
308.5 5.533082806963333
309.0 2.4349318128630024
309.5 2.420221475757169
310.0 3.753884133416146
310.5 4.957886616254639
311.0 2.207932768220191
311.5 0.2
312.0 1.5151961262013234
312.5 4.509202918138424
313.0 3.6912988764259613
313.5 4.417297883667382
314.0 2.766801509526431
314.5 3.590304542983744
315.0 2.5044955337655965
315.5 2.370314842300309
316.0 2.3687524091663397
316.5 3.060490929420926
317.0 4.5582073433273855
317.5 2.840870285808409
318.0 2.403555807701979
318.5 2.582835270102305
319.0 2.117229764221699
319.5 3.8320835231372765
320.0 6.720027221028893
320.5 3.324094922318859
321.0 7.6274262005871165
321.5 3.875312828730583
322.0 3.5186994214380443
322.5 5.341760014698095
323.0 3.1893055351022075
323.5 4.076342396880438
324.0 5.951114700838238
324.5 0.7731960780946121
325.0 1.9033731210402558
325.5 3.2203726032911426
326.0 6.4122603162919045
326.5 5.774655027772825
327.0 2.323725537677092
327.5 2.660914957155798
328.0 2.717306098214478
328.5 2.832779913590067
329.0 2.936855637502051
329.5 4.286851701013946
330.0 4.033825977610304
330.5 4.393495794593993
331.0 3.0759111513938464
331.5 4.490426370381838
332.0 1.301896586565082
332.5 1.9628108489810918
333.0 4.510589563309624
333.5 1.9557109597647022
334.0 3.3925489863084515
334.5 0.6500927744554414
335.0 3.648609320030951
335.5 10.386008414705838
336.0 4.961188056467481
336.5 3.5578536141047765
337.0 2.1515250013196785
337.5 5.2284908052899315
338.0 0.3226374640362817
338.5 4.552535661206668
339.0 2.705859236237596
339.5 1.8475578072917354
340.0 5.725402662390764
340.5 2.863615250936184
341.0 3.731702402574606
341.5 4.74865632659482
342.0 3.9354148286065915
342.5 3.069398677591481
343.0 4.313188947910285
343.5 1.4754299210699675
344.0 3.324495427423342
344.5 0.2
345.0 4.586801477050115
345.5 8.354333026268389
346.0 4.553264871665084
346.5 7.999595336669728
347.0 2.4129289606695137
347.5 2.6034065284113588
348.0 2.3491602387044104
348.5 4.388312193368575
349.0 2.06563298125078
349.5 0.6733229955743996
350.0 2.5515352674994283
350.5 2.2620044667433983
351.0 6.178319633363835
351.5 3.9161628051286415
352.0 2.3284113685146304
352.5 3.1114552427240807
353.0 3.4851867112331525
353.5 4.188762405793584
354.0 3.073374525019185
354.5 1.139656827834103
355.0 2.4776350787135337
355.5 1.9781328528592976
356.0 1.4109347458013641
356.5 0.3318093377714022
357.0 0.9898326736493446
357.5 3.891507496266766
358.0 1.8967811918013129
358.5 2.549848078046102
359.0 2.8545274962351073
359.5 3.9848699166333414
360.0 9.10744294780707
360.5 2.5066379644878403
361.0 3.5101818121176738
361.5 4.540418654608087
362.0 2.811674214619072
362.5 1.6985400133052808
363.0 6.233627188835791
363.5 6.016694718530333
364.0 4.603201563632496
364.5 5.28734010592973
365.0 2.786220840123182
365.5 8.132033197568795
366.0 5.2165338899686615
366.5 3.548353026404446
367.0 3.1946567499082588
367.5 0.21646119288294674
368.0 5.842574633089031
368.5 2.54012458066556
369.0 1.8765977288406963
369.5 3.560352918810032
370.0 3.5128769370917654
370.5 4.646555719942652
371.0 2.976672081931821
371.5 4.732112566563179
372.0 4.902466460390738
372.5 7.0605909478274205
373.0 1.5367521755368965
373.5 3.4354626526906107
374.0 2.6762812490553367
374.5 4.276447617766086
375.0 0.2
375.5 2.665745075062222
376.0 3.9184297966038777
376.5 1.9742292412273226
377.0 2.6295783842069524
377.5 3.468572556945248
378.0 4.457150198085446
378.5 1.8710651568613355
379.0 3.225981779791356
379.5 3.365112530210067
380.0 3.1255563357135836
380.5 5.018637800683796
381.0 2.8367273312128685
381.5 3.688432749442611
382.0 2.7656169230784036
382.5 2.672711252708388
383.0 3.486591275911166
383.5 4.024103087808757
384.0 3.838280331021032
384.5 4.208444691587754
385.0 5.430405162035905
385.5 4.013652334000234
386.0 4.102875615291951
386.5 1.8235097768316746
387.0 2.67390845375007
387.5 3.4883397251371377
388.0 4.548281749005569
388.5 0.2
389.0 2.579881126153322
389.5 2.0722147847238066
390.0 3.464728604372144
390.5 0.49964554402812134
391.0 2.8672863282079706
391.5 2.354644619298666
392.0 1.2788291537929712
392.5 3.1819157915318463
393.0 3.555883897657584
393.5 2.1174972850378215
394.0 1.774201010210502
394.5 2.9129450609285126
395.0 6.602179614054424
395.5 7.22148219209053
396.0 3.592533683698133
396.5 4.949368952938834
397.0 5.464289119586698
397.5 3.9394811188440757
398.0 6.089857788956634
398.5 4.966381750591122
399.0 7.002936683012035
399.5 7.838255286394148
400.0 2.0768718628031406
400.5 4.883407757793296
401.0 4.806948862088539
401.5 7.121183448270839
402.0 4.701143934306255
402.5 4.340134973914123
403.0 5.94866704631119
403.5 4.562228936742606
404.0 9.205709104746408
404.5 3.2647349459346255
405.0 3.5792171623070255
405.5 3.7266952152680517
406.0 6.745922624448696
406.5 5.499722179695246
407.0 3.5253603939142106
407.5 2.1335377933982698
408.0 3.346684806035329
408.5 6.15807998747442
409.0 3.7672702936085205
409.5 6.22918893471775
410.0 1.0856595600276688
410.5 5.771242871708827
411.0 4.167964616015915
411.5 7.070469561717158
412.0 4.823707681479319
412.5 5.181706543336974
413.0 7.029005955062957
413.5 4.432288994576583
414.0 7.664267420665116
414.5 5.696393893293947
415.0 5.338555090423922
415.5 6.249786855339739
416.0 4.443286879694961
416.5 1.411590278474351
417.0 1.2479309778325929
417.5 5.30452673401345
418.0 4.650376701255124
418.5 5.147353300068867
419.0 1.8678091308095706
419.5 2.2620174716074954
420.0 3.5659982705389295
420.5 4.069620997624048
421.0 4.383002268375447
421.5 4.407907383785064
422.0 4.191119036138461
422.5 3.5100686336227542
423.0 1.6926535868313308
423.5 0.9522524941229586
424.0 4.4016015449148655
424.5 1.8285461987392793
425.0 0.23647021252369882
425.5 6.811375080339513
426.0 4.523932460298536
426.5 3.825397282779889
427.0 5.611589622575487
427.5 4.401899540200864
428.0 0.26467590050549505
428.5 3.0747780361249717
429.0 4.899760351541632
429.5 4.21779245797527
430.0 2.4470432620445868
430.5 6.047596707692254
431.0 2.334171177582023
431.5 3.3193101982973836
432.0 3.3695433074070538
432.5 4.235268620567673
433.0 0.2
433.5 1.4312201103381033
434.0 4.51323155276979
434.5 3.9504417957414493
435.0 4.38477603562086
435.5 4.722339458535632
436.0 8.307761159949472
436.5 4.3560117739205735
437.0 3.632337884241551
437.5 6.334766398845112
438.0 3.2381833382407152
438.5 6.389682918238744
439.0 1.4770479523011733
439.5 2.2618337092029135
440.0 3.7711137601679194
440.5 2.6941629971271626
441.0 2.3590279316810925
441.5 4.0358558572767524
442.0 3.9375987915458133
442.5 4.635816965511089
443.0 3.2791179142554263
443.5 1.4330337854498834
444.0 4.499141473031589
444.5 3.5069855440657403
445.0 2.0299152917528778
445.5 5.381012797499147
446.0 2.618279074491584
446.5 2.8102161433613864
447.0 4.018986204674555
447.5 4.590004672338062
448.0 2.3597217583341745
448.5 4.735559743585937
449.0 2.5530258302210083
449.5 4.806463593218532
450.0 6.564171656712304
450.5 2.937384915755259
451.0 5.110735036235194
451.5 5.738040799340913
452.0 6.333520384826182
452.5 4.484988707118184
453.0 6.828456893826781
453.5 6.514487629266548
454.0 5.270464774864223
454.5 6.538666901944405
455.0 3.041150902631882
455.5 3.9402323254365905
456.0 2.1466403972935852
456.5 3.6800073818024797
457.0 2.303944931457833
457.5 1.654037725358437
458.0 3.8075232555409864
458.5 3.1386113395386683
459.0 3.403125884404789
459.5 3.1655717140232
460.0 3.285292511501077
460.5 3.371519206170862
461.0 1.740851569696142
461.5 2.544462708024571
462.0 3.493176912206197
462.5 2.728145869677025
463.0 2.275582247221389
463.5 3.3225266238170166
464.0 1.1478690141437702
464.5 1.1809639203675797
465.0 3.930104185317255
465.5 1.0104346111175715
466.0 1.9157380923845415
466.5 3.205557982493561
467.0 3.753864151175774
467.5 4.949075824415932
468.0 2.3157562617655056
468.5 0.2
469.0 1.5675986396137715
469.5 2.9071141806368557
470.0 3.8428490330120564
470.5 2.458612764251604
471.0 2.880926021881753
471.5 3.7970475099534315
472.0 2.4635326061962273
472.5 0.9513498601005903
473.0 2.780826831691318
473.5 1.2699362411882225
474.0 2.715514270771329
474.5 2.714670558927254
475.0 2.456366558085612
475.5 4.241092704166587
476.0 4.502349004210804
476.5 2.361567755962422
477.0 3.2022159470618234
477.5 2.956711894451449
478.0 3.4675779289367568
478.5 4.868891557009385
479.0 3.911683874327528
479.5 4.972852736259805
480.0 5.019534786254853
480.5 4.3762066986448325
481.0 5.38061310466808
481.5 1.914051404377192
482.0 2.3144486861958535
482.5 2.3197635497199487
483.0 5.453920984865155
483.5 5.034832240439717
484.0 4.232783756564296
484.5 5.301330499829366
485.0 6.971320616446576
485.5 4.127667541789559
486.0 2.996754598581931
486.5 2.749460171775615
487.0 2.939419637863865
487.5 3.4421694850978595
488.0 1.8325056616991817
488.5 2.1970376103594904
489.0 3.3478915715530997
489.5 2.4873663581163368
490.0 3.5525730371241657
490.5 3.162742075910598
491.0 0.96734963289641
491.5 4.764305239467674
492.0 3.439620641917679
492.5 3.1928301997269286
493.0 6.028768558302856
493.5 5.947849906181539
494.0 4.2010552148554305
494.5 4.979742891890075
495.0 6.3254280169919
495.5 7.006247675734686
496.0 1.8496285776238235
496.5 2.0176418631002107
497.0 4.25736191981904
497.5 5.486560295494265
498.0 3.7911622546973405
498.5 7.817862549434167
499.0 4.673785005145469
499.5 5.399192901189413
500.0 2.5619149916867228
500.5 1.9152714006466287
501.0 3.808195555001431
501.5 3.798763533123945
502.0 1.3733579093052901
502.5 3.651225586049466
503.0 4.34350229473824
503.5 1.9545599985029756
504.0 3.254034026711694
504.5 3.310730695885838
505.0 3.731353612601899
505.5 5.811488949113334
506.0 4.867082288886714
506.5 2.0136258804619898
507.0 3.1921179050820525
507.5 2.2666358339049237
508.0 3.481466340639014
508.5 3.6300943041216476
509.0 6.490595891534829
509.5 0.6911893403547347
510.0 2.4186860035043987
510.5 2.8735497384985393
511.0 4.127533718899636
511.5 1.9653022858004503
512.0 4.342794332370374
512.5 1.525725135622896
513.0 0.2
513.5 3.375243135891778
514.0 2.843836835229562
514.5 0.2
515.0 4.135060205022728
515.5 6.240282362608612
516.0 4.365727466457027
516.5 2.596306793527763
517.0 3.2576084370281198
517.5 1.5505247259830284
518.0 4.148166321864999
518.5 5.0863451047287835
519.0 1.9829091148642253
519.5 6.1059091914013495
520.0 5.300054768685795
520.5 3.589379321538725
521.0 7.076385885031874
521.5 4.327315817573685
522.0 2.729320772845586
522.5 2.9575825649198437
523.0 2.905418811303684
523.5 3.679412333828515
524.0 2.8387121735356837
524.5 3.9718292066967034
525.0 1.8086410200169902
525.5 2.679797484156462
526.0 2.458708318173014
526.5 5.724934985950167
527.0 2.5054749771161324
527.5 2.2708318153624694
528.0 1.0983535057775178
528.5 4.223053530415863
529.0 7.018355972325912
529.5 4.809967874131564
530.0 5.367754808851597
530.5 4.997525527573654
531.0 1.978313060244155
531.5 6.143195973262433
532.0 3.6759969976263216
532.5 3.5365933285676245
533.0 3.3883794821320343
533.5 3.0071832784221546
534.0 4.2387171092980545
534.5 8.101769817706101
535.0 2.7304785549599
535.5 4.036748279478154
536.0 3.6110261352948174
536.5 2.1341311793331728
537.0 3.5920739976979466
537.5 5.698871973540541
538.0 4.73904658513964
538.5 4.543660781006697
539.0 7.17995465960143
539.5 2.2535772144668966
540.0 2.5784819248919995
540.5 6.158122352865737
541.0 3.168343410573868
541.5 6.3193476689972305
542.0 2.2899778113282987
542.5 0.2
543.0 5.735098009028228
543.5 3.784398794661953
544.0 5.757304829598141
544.5 1.9235517626290584
545.0 2.936260159693385
545.5 3.7160448274749127
546.0 3.866832278491949
546.5 1.9291577547591627
547.0 1.0416083563556355
547.5 2.8903805093403463
548.0 2.9293700500641733
548.5 4.237593258339449
549.0 5.465196542536977
549.5 4.630876268956762
550.0 4.459508832760131
550.5 2.4935142894064324
551.0 5.7138527895434885
551.5 1.6245601542624402
552.0 4.8871163184383395
552.5 2.7002369520839498
553.0 2.996305362895184
553.5 3.173260205013496
554.0 2.6543033230738855
554.5 0.3143236179922826
555.0 1.2329345675675485
555.5 0.2
556.0 1.544562948285052
556.5 2.5148435604223955
557.0 2.637127420703798
557.5 4.613836658989692
558.0 3.250641670051646
558.5 1.1960679995151808
559.0 3.607690123009492
559.5 2.0215029392845807
560.0 2.842343878891935
560.5 2.661461182849163
561.0 3.0048767774239855
561.5 1.1012606617545624
562.0 2.441316039862729
562.5 3.85760729494746
563.0 2.3983552073600554
563.5 4.95763864451375
564.0 1.5172252408582567
564.5 3.8500257327900904
565.0 3.8851250791639473
565.5 6.400219539687884
566.0 2.655511542928071
566.5 3.9964495842334182
567.0 3.6169491372950304
567.5 3.369263705388119
568.0 3.1370281268677953
568.5 6.928853300897597
569.0 3.197497204089574
569.5 6.2387700791368985
570.0 2.3505665397743885
570.5 6.382493294792967
571.0 0.2
571.5 0.7529689499826291
572.0 3.944047001670839
572.5 4.378957015340374
573.0 3.7331196944187637
573.5 4.064003939320631
574.0 2.983371154641664
574.5 7.880834334915329
575.0 6.581874854440674
575.5 2.9893906503582297
576.0 2.7466647073784722
576.5 7.483080780667658
577.0 6.140338454565097
577.5 6.550926771396817
578.0 5.11425452704093
578.5 4.698161419049743
579.0 4.5913016624980765
579.5 5.15807825276972
580.0 7.275770169786342
580.5 6.326313710577207
581.0 3.827555802860971
581.5 6.16740162730151
582.0 3.8361962969268886
582.5 7.6199321090183805
583.0 1.7371511545127079
583.5 6.921099223576736
584.0 2.8516424294085416
584.5 4.4389475894794845
585.0 6.646128520383445
585.5 5.472878091581287
586.0 5.288044131109757
586.5 5.133875393775638
587.0 2.512871624601721
587.5 6.848841621762908
588.0 5.2975227413296135
588.5 3.085671450769994
589.0 5.043587621155027
589.5 1.744887400037408
590.0 2.5460189243214217
590.5 2.212678717789344
591.0 0.6908037195895962
591.5 3.09633409924663
592.0 2.5676495461654234
592.5 2.6576178969223085
593.0 2.960376053563018
593.5 2.4004284855423648
594.0 1.9163093506452191
594.5 0.9339879530381643
595.0 4.304201243503945
595.5 2.4686872312129373
596.0 3.221987317736448
596.5 1.8596895681735488
597.0 3.8900179669966297
597.5 2.7345513777687724
598.0 3.215211957539214
598.5 5.196467133528733
599.0 4.17605817554373
599.5 3.3528159611932367
600.0 3.399652107014293
600.5 1.3418803894405906
601.0 4.29181143998157
601.5 4.288826028384468
602.0 1.2839798244512004
602.5 1.9282119753876439
603.0 3.555029363784735
603.5 4.9334316742452256
604.0 2.3721952280046694
604.5 3.6519791220153675
605.0 4.746665853655337
605.5 3.575846903320371
606.0 2.5532424275924237
606.5 3.397492892662906
607.0 2.80831065789084
607.5 0.8883643193799968
608.0 5.876433585448805
608.5 4.782593828682149
609.0 4.812118939479932
609.5 2.2353190300966115
610.0 4.790550286759661
610.5 4.7665922230637285
611.0 4.323914905229943
611.5 3.99194818633403
612.0 1.3120616111230885
612.5 3.3308583830744434
613.0 1.8552729536401193
613.5 1.6594737957741867
614.0 3.9097752042507787
614.5 3.9367789812208676
615.0 2.2262841136848532
615.5 3.1469418494385297
616.0 3.7777767466087333
616.5 4.688109250153455
617.0 6.628182656313982
617.5 4.480749084820885
618.0 7.1302202378922
618.5 7.27154740528447
619.0 3.671051404576124
619.5 7.1870081021796555
620.0 5.482679791439879
620.5 4.396785800352797
621.0 6.232813814864041
621.5 5.354889427718489
622.0 1.528218929787101
622.5 3.443244808273626
623.0 2.299594733453064
623.5 4.48608346133043
624.0 4.692812294738046
624.5 7.069321011474905
625.0 5.79822294236199
625.5 4.008678748648939
626.0 7.345764744140129
626.5 3.108277997762973
627.0 3.9272127292217034
627.5 6.6330074786668405
628.0 1.784097538985931
628.5 7.356538076893896
629.0 5.0035584253822005
629.5 0.5487491059072114
630.0 3.9493878659934394
630.5 2.838092348491543
631.0 5.635085967709562
631.5 3.6945060711043487
632.0 3.650326200796083
632.5 5.916984944896188
633.0 1.132982903839797
633.5 3.152977684857116
634.0 3.0809283485117738
634.5 2.4289687680389465
635.0 0.7450900326214063
635.5 2.8011280058217847
636.0 1.9125700149489617
636.5 3.079165106718713
637.0 2.4729073210756276
637.5 5.133635959582221
638.0 2.428671165424512
638.5 2.691698636913265
639.0 4.877028366709778
639.5 3.1455655222872423
640.0 5.21830184226312
640.5 6.235062713708276
641.0 2.0034041850404067
641.5 3.0561705392833964
642.0 0.5588829773936066
642.5 6.315546439774179
643.0 2.7301909026803397
643.5 1.906408574847037
644.0 2.591661461394681
644.5 4.868186709931127
645.0 7.866357363070049
645.5 1.436176439879191
646.0 3.150489327298421
646.5 4.431201793764037
647.0 2.9974152616552203
647.5 3.3140096627986293
648.0 2.9063971285349393
648.5 5.343742772439066
649.0 4.494349323580724
649.5 4.614831791541489
650.0 6.264376663006219
650.5 2.920476744846951
651.0 4.730627646567428
651.5 3.4056176565279968
652.0 5.17638372183594
652.5 4.078112228090197
653.0 1.6028031818648332
653.5 3.214247529747043
654.0 7.427246367212257
654.5 4.1515717597335255
655.0 7.8301919667626
655.5 4.707370577363321
656.0 4.2056358396494256
656.5 4.2589927951294975
657.0 2.633417357451931
657.5 0.3174391077259462
658.0 2.9040066006777874
658.5 6.0289914332411385
659.0 5.740921462011898
659.5 4.087543201310782
660.0 3.9620796321147584
660.5 4.898944595015562
661.0 6.798160827925069
661.5 6.918916053019931
662.0 4.987902230963974
662.5 2.4138400735776733
663.0 4.147893165766086
663.5 2.7046447989558504
664.0 9.58617810396848
664.5 5.9415515782192205
665.0 4.74266572490739
665.5 1.8890957054296744
666.0 0.5160020422660794
666.5 3.169426702128388
667.0 2.4992900127896593
667.5 2.4697671921512905
668.0 2.12350937271628
668.5 0.3041426512129015
669.0 2.759582931338022
669.5 2.061387434435951
670.0 3.6977534072656923
670.5 1.543725840783873
671.0 4.4587747910076345
671.5 5.361221329360121
672.0 3.362270866030558
672.5 1.569257154930208
673.0 3.096113253925336
673.5 3.703335294940363
674.0 3.4091430163496055
674.5 3.0710643976451726
675.0 4.327807495890439
675.5 3.138719569885605
676.0 3.890901574029697
676.5 3.830907930365616
677.0 1.9482769093054126
677.5 2.934926622222372
678.0 1.1265089363901575
678.5 1.3337869024397986
679.0 1.2282870702674173
679.5 3.7843031536253258
680.0 5.02687169739286
680.5 5.134694115398658
681.0 1.0583231993970297
681.5 3.9413817177590538
682.0 3.520258919685891
682.5 6.261863670744999
683.0 1.57960142236582
683.5 2.7502768623894966
684.0 4.2903921223649615
684.5 3.384450518089028
685.0 2.404270822272381
685.5 3.2178255541671543
686.0 1.196348189803657
686.5 2.3808979518355295
687.0 7.065715956856765
687.5 4.15433764655182
688.0 7.126611389534851
688.5 4.136089641979362
689.0 8.196268868892147
689.5 3.044605492967591
690.0 7.651240021509594
690.5 9.280039198108682
691.0 2.4039018688047373
691.5 3.331097721933121
692.0 3.750070612837754
692.5 1.3787882521835533
693.0 3.677074266328652
693.5 6.373471909808486
694.0 3.9658581350566475
694.5 3.3467034972979595
695.0 2.2728588624178485
695.5 4.569665035602426
696.0 7.451122733658359
696.5 8.075606329384925
697.0 7.552180625127496
697.5 5.638204919797251
698.0 1.78609545940827
698.5 7.035314157594958
699.0 4.012318587047481
699.5 2.657676892818349
700.0 5.350907170240848
700.5 5.457398638412506
701.0 4.572945525991591
701.5 3.3095787027058456
702.0 4.438035656402136
702.5 3.6411561160369703
703.0 2.905840266619692
703.5 4.906901725724689
704.0 4.108702364835665
704.5 2.676698399809514
705.0 0.2
705.5 1.9687887333316743
706.0 5.623542127477636
706.5 4.425170911487671
707.0 2.2725935688075065
707.5 6.095093626432037
708.0 3.6235625330318912
708.5 2.7668989931960724
709.0 2.971237997064479
709.5 4.316034143829032
710.0 0.8395101010803439
710.5 5.647307780224089
711.0 2.811561065089475
711.5 3.2042176563157043
712.0 2.0900177042594508
712.5 4.369079187193585
713.0 2.631514052143828
713.5 2.7294559379155205
714.0 2.341220210679202
714.5 2.9706179295488466
715.0 2.9183575644077293
715.5 4.790486285629273
716.0 1.7908971597461842
716.5 6.335541044726406
717.0 5.143111635459354
717.5 1.7667731162551765
718.0 5.397321258018339
718.5 2.073562094497017
719.0 3.7624209203468633
719.5 4.467746001328948
720.0 3.3185687264160677
720.5 5.340528358041713
721.0 1.9330416501310006
721.5 2.262003053967825
722.0 2.904310387442679
722.5 4.328821659786089
723.0 3.1928426956163114
723.5 0.2
724.0 3.009179655305031
724.5 3.95132534796101
725.0 2.9521060249814943
725.5 4.877437180106831
726.0 3.7980527013598637
726.5 3.5954049807117543
727.0 3.0233491351234494
727.5 3.179351050015244
728.0 6.135575135580336
728.5 1.8898845971440321
729.0 3.4687569603443027
729.5 4.59218813244837
730.0 5.002158660989004
730.5 4.808920475658913
731.0 2.2330968353028062
731.5 2.614092854767419
732.0 4.866045115067604
732.5 4.975888996631532
733.0 4.406128648407956
733.5 3.3198927826454048
734.0 5.823925300484563
734.5 4.4432293360734985
735.0 2.7140456249077793
735.5 3.2890079238455088
736.0 0.2676291112115874
736.5 3.0375781498089265
737.0 5.74805590514708
737.5 1.977840382868457
738.0 6.874795136179374
738.5 4.848129474169878
739.0 2.6160493825228937
739.5 3.5234133179032505
740.0 3.464970253375345
740.5 4.727714486694516
741.0 2.731715408089773
741.5 3.4518334452543695
742.0 7.299424482444627
742.5 2.6584156885311345
743.0 3.98361213768033
743.5 1.7923820484567166
744.0 2.497116233675458
744.5 2.9483787968600947
745.0 3.1066550145429934
745.5 3.2407708590911644
746.0 3.830427894770248
746.5 5.720102753511425
747.0 4.123122899114754
747.5 2.1347794554288377
748.0 7.000826752428294
748.5 4.704357842899944
749.0 4.861172965022285
749.5 1.5055963205223173
750.0 2.2167574516677053
750.5 1.5544677552565265
751.0 2.156633566348688
751.5 4.290140434419902
752.0 4.933501329733554
752.5 0.2618645565809361
753.0 5.594789013549169
753.5 2.8539985300509123
754.0 6.2692197428599385
754.5 3.224447335016281
755.0 6.291977189624876
755.5 9.836035489622871
756.0 4.19991580934018
756.5 4.939185341946381
757.0 2.467884910016082
757.5 4.0292573355531935
758.0 3.9322584864794505
758.5 6.0261706555697625
759.0 3.19389851081056
759.5 7.726573692773528
760.0 3.763664832119318
760.5 1.9533736689333696
761.0 0.24517309787728392
761.5 4.911643309653513
762.0 3.40662509725529
762.5 1.980548470297374
763.0 3.452647052153975
763.5 2.9720445265966857
764.0 3.2243044551715334
764.5 3.366533287570081
765.0 1.574625315399207
765.5 3.3363529712679574
766.0 1.6753620136611729
766.5 3.777149830879724
767.0 2.949140411886658
767.5 4.886178014116392
768.0 4.43776090375899
768.5 2.2973439902389803
769.0 4.300600358186564
769.5 1.5866338431544769
770.0 4.065066089206384
770.5 5.098896277210323
771.0 2.4703078055334435
771.5 1.7469821333857567
772.0 5.753168677205098
772.5 4.836257491634762
773.0 3.602726287932979
773.5 3.751973479340295
774.0 5.363931567561876
774.5 3.1039549186763535
775.0 4.866304835374048
775.5 3.4676019092042694
776.0 6.728951729025285
776.5 3.5022516137074637
777.0 6.342658831380942
777.5 0.976468015586367
778.0 3.124723559301423
778.5 7.323042768091953
779.0 1.9846057696345565
779.5 4.893361653756481
780.0 2.882889740469544
780.5 1.4564930659485569
781.0 3.604010450034103
781.5 3.2532149177423486
782.0 3.0536594517644504
782.5 1.6644595567249807
783.0 1.8624447324653919
783.5 1.990855154376085
784.0 1.2162319920415983
784.5 4.180186644803972
785.0 2.8795758369950084
785.5 5.528402259216771
786.0 3.5889501813153273
786.5 3.7370213942791812
787.0 5.921594053150393
787.5 4.464014650388697
788.0 4.601823472433358
788.5 2.6037360969076593
789.0 4.6525055783191895
789.5 9.277060011920513
790.0 1.7892787686315086
790.5 5.274490513962746
791.0 4.6469107637966385
791.5 2.90693031569406
792.0 6.358547070428875
792.5 2.1921586953895194
793.0 2.197187431911605
793.5 4.714142834097454
794.0 1.0392701792060364
794.5 5.981285784566228
795.0 4.752602819149836
795.5 4.776491773652875
796.0 2.4749867102209735
796.5 2.862176099789636
797.0 8.151750126158094
797.5 5.11138872668414
798.0 2.9928825959893977
798.5 1.759312407696171
799.0 1.995515429507178
799.5 2.8495021199460036
800.0 1.1991698507278912
800.5 6.602390548864651
801.0 5.387933450867216
801.5 3.727476751451223
802.0 2.9789092246924804
802.5 1.640413819736649
803.0 4.0390078958546916
803.5 5.426895239974376
804.0 5.687960438046858
804.5 4.925349798519209
805.0 4.2438777942925405
805.5 5.187363643809163
806.0 4.25629046722911
806.5 2.1095868244137677
807.0 1.6461911183694227
807.5 3.9631590403586245
808.0 5.397646180451806
808.5 3.6211751001658694
809.0 3.99808160144197
809.5 3.3224195039288706
810.0 5.509681231394337
810.5 4.851071926144753
811.0 5.972226491973583
811.5 5.816742459693188
812.0 2.9775366219639157
812.5 3.2878895121779967
813.0 7.153119250197259
813.5 2.1070697682972357
814.0 1.8476796094117813
814.5 3.046822894729557
815.0 4.467815575157148
815.5 2.940459716260491
816.0 1.0323518531853138
816.5 4.131772369083131
817.0 0.896835792247058
817.5 5.761492919415872
818.0 10.301265410959509
818.5 3.816910384441172
819.0 1.4742841128357873
819.5 5.800469371548815
820.0 1.943971304896034
820.5 4.368858068191553
821.0 6.815089767802691
821.5 5.381281761406095
822.0 6.139719347885443
822.5 5.166864516370071
823.0 1.623600397839684
823.5 7.394066892414582
824.0 7.9135207531610785
824.5 3.9121721202216935
825.0 2.4007185883239464
825.5 4.873026657959594
826.0 3.637529970120325
826.5 7.4730263684324605
827.0 3.611920554992576
827.5 5.8152201307509355
828.0 3.6325422508232394
828.5 5.008510276698761
829.0 1.9057067259040077
829.5 4.868807400024664
830.0 4.435867447825751
830.5 3.759486167196031
831.0 3.9383436993354604
831.5 5.76152807543679
832.0 1.014401738485911
832.5 1.0010353515184134
833.0 5.073924364574713
833.5 6.859433817609698
834.0 2.958514134029085
834.5 2.6795726786360152
835.0 3.3540234372241327
835.5 1.5898304205362268
836.0 2.4050964081003157
836.5 0.2
837.0 0.8979836195567938
837.5 3.039775733808192
838.0 0.7973145432286919
838.5 3.395796348498801
839.0 2.014013857378339
839.5 2.6672317704481605
840.0 2.5813932138979077
840.5 2.82937689611457
841.0 5.008487472698862
841.5 5.8541468820777585
842.0 2.196749350762918
842.5 2.1923265330096116
843.0 1.621543962223269
843.5 2.3627703360627663
844.0 5.54243751161106
844.5 1.53457045592497
845.0 1.146286072915217
845.5 3.3682735923449907
846.0 2.1809480642502326
846.5 2.067895012232526
847.0 2.1175206469565326
847.5 2.834817376115336
848.0 2.1744110024604337
848.5 3.6660432298704926
849.0 3.6646493449294697
849.5 1.8034173544979657
850.0 4.3719077153865324
850.5 3.996882726571164
851.0 4.639142707385328
851.5 3.4608283042138894
852.0 5.421026631785782
852.5 3.723449448363538
853.0 2.1606411421316043
853.5 3.7434351791566156
854.0 5.987577273735008
854.5 6.688052998563906
855.0 2.7851126588166375
855.5 2.564580695076641
856.0 2.410312557490422
856.5 4.165319674001379
857.0 2.496425362004035
857.5 5.013371535154419
858.0 3.5111896455305254
858.5 2.274362886603006
859.0 6.629458475319176
859.5 4.454021697844983
860.0 0.2
860.5 2.266751794051072
861.0 2.0451843158282146
861.5 4.926616346102845
862.0 3.1380347356271483
862.5 4.122015888185636
863.0 3.146180008732489
863.5 3.733848470347263
864.0 1.5971059072186542
864.5 3.0541561787252163
865.0 4.608431790845754
865.5 1.519200776744534
866.0 4.50069277494887
866.5 2.475794275768591
867.0 2.79091762137039
867.5 3.669006591887043
868.0 4.9254162079548705
868.5 3.3107134249863224
869.0 4.265099272326404
869.5 6.522527277164027
870.0 0.7959224808374197
870.5 1.4241445706435263
871.0 5.626551771291346
871.5 5.172462167235672
872.0 4.715815388508484
872.5 7.244595416302829
873.0 2.339434508399423
873.5 4.114602021718799
874.0 5.493001551975603
874.5 5.937037766007149
875.0 5.536273793743035
875.5 1.602696878642443
876.0 0.2
876.5 6.4611521344651965
877.0 1.7311230452658515
877.5 2.1549363841425793
878.0 2.5343987879807517
878.5 2.0013009738689886
879.0 1.7446008458664302
879.5 1.4923496862878234
880.0 4.785751187886188
880.5 4.458576971071305
881.0 2.4187959870779077
881.5 3.524703149511091
882.0 3.979601091826634
882.5 5.947204803494475
883.0 5.262244349678647
883.5 4.207733918335978
884.0 6.13442802234618
884.5 6.000577854076573
885.0 8.349054469922544
885.5 6.07862575377657
886.0 0.2
886.5 8.094919856206745
887.0 4.400488354124547
887.5 4.238116802363837
888.0 2.460228187456946
888.5 3.1240897660618314
889.0 2.481897095465249
889.5 1.6284966647246453
890.0 4.0214462633852746
890.5 4.883940219314425
891.0 6.014271071231844
891.5 5.844708174617486
892.0 2.250609380746817
892.5 5.835137470544943
893.0 4.682561572671009
893.5 3.0829084385629058
894.0 3.3154248214266016
894.5 0.8643607973018792
895.0 2.4560937697174436
895.5 5.4281059816792485
896.0 4.185990137968614
896.5 4.986682550065138
897.0 2.7598425214129136
897.5 2.475195443977384
898.0 3.925909605159923
898.5 3.8076729130847795
899.0 5.75099848233736
899.5 3.1955496572695283
900.0 2.4223225476494585
900.5 3.2233149141471538
901.0 4.445813180753923
901.5 1.0674855018109537
902.0 4.310067729553563
902.5 6.33823902249471
903.0 8.441455703531465
903.5 5.9994714671721034
904.0 4.534746424319502
904.5 2.554204011805201
905.0 1.390872996675224
905.5 4.969625743276345
906.0 5.022965877157777
906.5 6.460467462627056
907.0 6.15698056347875
907.5 0.8188765941927745
908.0 0.46482179026080006
908.5 3.2020711398025083
909.0 5.267953729349171
909.5 0.29480170080391677
910.0 7.871587158254897
910.5 5.285137043546195
911.0 3.7463405482093535
911.5 2.497667460268274
912.0 3.3939392307638165
912.5 3.06295614968935
913.0 5.4028552009856705
913.5 4.193338886655037
914.0 7.034161524763283
914.5 3.2514999702073855
915.0 4.609607248562133
915.5 3.009314886332653
916.0 2.0383033546875957
916.5 5.398657206142227
917.0 3.324962627725725
917.5 4.3404889516154315
918.0 3.725026890402663
918.5 2.3252711542669178
919.0 2.972512332141953
919.5 3.2764448642145325
920.0 2.545152345556453
920.5 2.1092327606930685
921.0 3.1314847861261907
921.5 4.398625653456271
922.0 1.8077828182715732
922.5 0.2429780708803566
923.0 0.2
923.5 0.8914730959649073
924.0 2.8778945424565747
924.5 2.249602717344757
925.0 2.987920733495698
925.5 1.6343249619275768
926.0 4.073347251261187
926.5 0.4771812249866909
927.0 5.413925049418712
927.5 4.603105680131732
928.0 3.3086986706140116
928.5 4.598937350876665
929.0 4.925018815487649
929.5 1.8202050533005911
930.0 4.307685909313941
930.5 4.816191866581703
931.0 1.4369434360270392
931.5 4.70902540958445
932.0 4.959894499888632
932.5 2.212450841754765
933.0 1.381603535502471
933.5 3.674622524959755
934.0 1.4155381632002941
934.5 2.7531074699488878
935.0 2.151117029243844
935.5 1.0693789841222279
936.0 1.4593222635499083
936.5 2.7267538698838707
937.0 1.381802699531503
937.5 2.3361261206417177
938.0 2.0212748419434208
938.5 0.845336084587667
939.0 0.49126301212543444
939.5 2.3289060212367527
940.0 2.6513987573601607
940.5 1.4359229941987848
941.0 2.6545576019838744
941.5 1.9412277253693024
942.0 2.415039867765811
942.5 2.4558065522172856
943.0 2.157920218572982
943.5 3.029628477590351
944.0 1.9730653579614184
944.5 2.872434710493341
945.0 4.460281440289128
945.5 3.8705138456987624
946.0 4.0974730738239185
946.5 5.645505160193624
947.0 3.4443518873429113
947.5 1.5956945035884775
948.0 4.576517880669148
948.5 2.193746613504911
949.0 3.3551251336399464
949.5 3.2773134990604396
950.0 3.4421385403865745
950.5 3.575481028884214
951.0 3.994484337295014
951.5 4.094440918696284
952.0 3.179832975809734
952.5 2.083316025934637
953.0 1.9152886328011995
953.5 2.4150340556781518
954.0 3.2561362617858007
954.5 1.7982125697909457
955.0 0.3615557858688847
955.5 4.890769643594962
956.0 2.8901602566815137
956.5 7.3225967404235455
957.0 9.594063546259516
957.5 6.586957255049492
958.0 5.767515844703562
958.5 8.086323898367773
959.0 4.100983465016405
959.5 2.5513191688912435
960.0 5.206995698410116
960.5 3.070176795182377
961.0 2.4071086250151486
961.5 5.23535645525945
962.0 2.6105719826109954
962.5 4.565586787339389
963.0 5.989488246344294
963.5 5.698913225836725
964.0 7.420119940873379
964.5 3.372838669154099
965.0 8.101846517877245
965.5 5.682062256602254
966.0 5.745309818009064
966.5 4.719922045975141
967.0 5.5504305783238745
967.5 6.419635307460301
968.0 3.0413230109700597
968.5 1.5348845366276955
969.0 2.999899975291119
969.5 4.294883666335814
970.0 1.7901864793639222
970.5 7.160722986244636
971.0 8.079225306734202
971.5 1.2438967999766217
972.0 6.1338069907737225
972.5 6.7089028306527485
973.0 6.094719330462352
973.5 5.308630631551947
974.0 0.2
974.5 2.160139028893603
975.0 1.9421145423259514
975.5 5.254546475224136
976.0 4.732086709920084
976.5 4.029272156228726
977.0 5.622088540222272
977.5 5.203704818412579
978.0 3.667089887829284
978.5 0.2
979.0 6.919924069730028
979.5 3.144145702440069
980.0 2.458433453955698
980.5 2.802978883757604
981.0 3.3636746051979136
981.5 1.723548744628256
982.0 1.1436176936067912
982.5 3.4848053846945057
983.0 0.2
983.5 2.7453955339390324
984.0 2.599427008561556
984.5 1.7999067497492514
985.0 2.582179344308317
985.5 1.6435450720770064
986.0 2.1627154891536366
986.5 4.6092443562304934
987.0 4.2874912370733815
987.5 5.050013995946903
988.0 4.109161162394235
988.5 2.9254634583186587
989.0 0.5662502500896336
989.5 3.7038193318329236
990.0 4.455541913344887
990.5 2.311504406091834
991.0 4.813561070569427
991.5 0.7403501615312802
992.0 4.013554374183998
992.5 4.321610766913173
993.0 3.7377757739807267
993.5 2.9194199355827366
994.0 2.381564511168847
994.5 1.4043367006822436
995.0 2.3858902258598826
995.5 3.2267517979969433
996.0 3.714348173991294
996.5 1.5962954245223169
997.0 4.480410409377404
997.5 5.014429877021022
998.0 2.907744458733423
998.5 2.9165154523158883
999.0 1.5510057974426938
999.5 2.383726601755052
1000.0 3.4875251438036847
1000.5 4.652647675793672
1001.0 0.3962211733055834
1001.5 1.3138684233207616
1002.0 3.9752019197092876
1002.5 3.466336528789526
1003.0 4.304852145437987
1003.5 2.631063449460988
1004.0 3.7130204266191122
1004.5 4.445501167219499
1005.0 5.325196396522491
1005.5 1.6833424074322307
1006.0 4.116502936375348
1006.5 5.453781766253388
1007.0 4.2086788092086
1007.5 4.755476477215625
1008.0 6.152627774158228
1008.5 1.2777578513640013
1009.0 1.812485062284165
1009.5 2.744486974718219
1010.0 3.4090712898881863
1010.5 4.37919844686173
1011.0 2.9442871829908297
1011.5 2.125734796213116
1012.0 4.925616889728605
1012.5 3.3109115147614547
1013.0 5.135825486208979
1013.5 0.8889882191426284
1014.0 2.2012016907583245
1014.5 2.446296794022707
1015.0 3.2769812500256457
1015.5 3.031350851831681
1016.0 2.2617701284100997
1016.5 2.480716973797757
1017.0 4.00461110708619
1017.5 3.9369277344857116
1018.0 5.9120729859309336
1018.5 3.3924884940349433
1019.0 1.6059095773955272
1019.5 3.5716066261958206
1020.0 0.5223096853056273
1020.5 3.668315879924744
1021.0 4.572081795388963
1021.5 1.5989640941454935
1022.0 3.3047398967350516
1022.5 3.78873682679815
1023.0 2.961269558792302
1023.5 5.0292970147540785
1024.0 4.094536999460994
1024.5 3.1851956771440237
1025.0 3.076840950313098
1025.5 3.3379606494245753
1026.0 4.61132892539419
1026.5 3.1545004195624533
1027.0 3.2045641114673007
1027.5 1.9184153392200605
1028.0 4.37239192322533
1028.5 2.4640690247708994
1029.0 2.0980291724113522
1029.5 2.256260121160853
1030.0 0.8685166336087553
1030.5 2.2940868225688487
1031.0 6.124060742620005
1031.5 4.672052738823922
1032.0 3.002787308236815
1032.5 4.557315481985542
1033.0 4.645524562497503
1033.5 3.9392417201936967
1034.0 3.1049362635956985
1034.5 4.33376518156727
1035.0 3.893317623005735
1035.5 5.288015243683234
1036.0 6.92335841184907
1036.5 8.580702253734025
1037.0 2.5082130402147307
1037.5 2.1983521796665464
1038.0 5.740527487013445
1038.5 2.271009382199183
1039.0 5.0035734394787434
1039.5 2.789379634665043
1040.0 5.233092574346541
1040.5 4.115062063573148
1041.0 2.5906031893464943
1041.5 5.663723890022531
1042.0 3.6210269463089277
1042.5 1.8977067454660475
1043.0 5.8116507296923725
1043.5 0.877615347964841
1044.0 4.098685564173602
1044.5 5.1238550414356645
1045.0 6.732822871234636
1045.5 2.103039290342013
1046.0 3.450255982359521
1046.5 4.332497916221277
1047.0 2.707184936700557
1047.5 4.174223372730444
1048.0 2.9667814174546967
1048.5 4.628402588426124
1049.0 7.240740552445796
1049.5 3.940765534999078
1050.0 6.908559030756828
1050.5 4.682464486140544
1051.0 7.577501038885473
1051.5 4.517938857519223
1052.0 4.71649549144634
1052.5 1.4643166347467744
1053.0 2.1477848905680794
1053.5 7.149713858243876
1054.0 4.998361933868303
1054.5 2.6981622184205643
1055.0 6.378352851763228
1055.5 4.525967240014162
1056.0 6.615404421335311
1056.5 3.0156400451878227
1057.0 2.975490524297441
1057.5 1.740365622938826
1058.0 5.6849906193666815
1058.5 1.044944014188136
1059.0 2.9148815268598343
1059.5 4.223752956612121
1060.0 6.678311805980149
1060.5 2.7154659415888647
1061.0 1.7457892340629
1061.5 2.7662733413064453
1062.0 1.9046979018583436
1062.5 2.9851221727109056
1063.0 2.2986179125707027
1063.5 1.0287565594677246
1064.0 2.244923602402466
1064.5 4.546619148228084
1065.0 2.5288851420378125
1065.5 1.7270531805605396
1066.0 2.5774348995672756
1066.5 2.5685944939869017
1067.0 0.6397268053038407
1067.5 2.955414476735286
1068.0 0.9842316968883889
1068.5 2.1151720632466926
1069.0 1.8038564380332618
1069.5 2.9305731234982693
1070.0 2.0014195653252176
1070.5 2.6085701534428742
1071.0 1.8703595534777422
1071.5 2.1433437264638875
1072.0 2.873321963665343
1072.5 3.308772000193816
1073.0 1.7047819631489451
1073.5 3.813944297589595
1074.0 5.3404586797262965
1074.5 2.0135367672599322
1075.0 3.1247896078603867
1075.5 3.3690504877669656
1076.0 1.342860610873935
1076.5 0.6441052827161566
1077.0 0.2
1077.5 2.5922711450114075
1078.0 1.1473591024771492
1078.5 1.282257992949577
1079.0 3.9948172845899235
1079.5 2.6001546664591295
1080.0 2.0121714898883667
1080.5 3.1406133960964846
1081.0 3.0718319586950895
1081.5 2.71676799632174
1082.0 2.9827188917380942
1082.5 2.2682072100139954
1083.0 1.9144446602936296
1083.5 4.563694687094034
1084.0 1.1195420975760575
1084.5 4.284563434631556
1085.0 2.4765116670502874
1085.5 4.1719009561478755
1086.0 7.22191787844595
1086.5 1.5640787842799497
1087.0 3.920876112865916
1087.5 4.076570840150547
1088.0 5.29339726744691
1088.5 3.8836075505220924
1089.0 7.761651725647392
1089.5 1.9898985578296076
1090.0 3.4561591845398185
1090.5 5.151299824819851
1091.0 7.109564815225449
1091.5 5.7634969232300515
1092.0 3.1000868280871563
1092.5 3.174821810605799
1093.0 3.284454103194397
1093.5 7.583319397803761
1094.0 4.598876241091261
1094.5 4.771046070367762
1095.0 5.191751073622097
1095.5 2.0260345741765775
1096.0 2.5230264092728074
1096.5 2.3632350327693485
1097.0 2.3484680530398987
1097.5 4.372144643780997
1098.0 2.99730814036558
1098.5 3.512476353052019
1099.0 4.689111094629698
1099.5 1.5428119942224177
1100.0 1.2200186343501047
1100.5 4.174385565169374
1101.0 4.2399495221703924
1101.5 4.805095964542561
1102.0 2.285755143382258
1102.5 5.28322823238778
1103.0 4.839237944051728
1103.5 3.3992608415159538
1104.0 2.129886834294428
1104.5 0.2
1105.0 1.9682040433956942
1105.5 0.5547952383593384
1106.0 1.9213934926255642
1106.5 2.2946628180743485
1107.0 2.9215384339639074
1107.5 1.8936509081488313
1108.0 1.602825220032556
1108.5 3.8572345385909603
1109.0 2.3371819875468463
1109.5 2.5958167584595975
1110.0 0.7020961586832022
1110.5 2.8956711617866766
1111.0 2.751829845157353
1111.5 3.1233521425498454
1112.0 2.916352364128648
1112.5 3.6839639081726574
1113.0 2.907605187194869
1113.5 4.533625204973278
1114.0 4.123675478169856
1114.5 3.406718559370197
1115.0 1.718781223176939
1115.5 3.8822966687781175
1116.0 3.0837179369552157
1116.5 3.1649026845040815
1117.0 7.437987676190157
1117.5 1.8651881272016881
1118.0 6.509584948866352
1118.5 5.296902306307129
1119.0 2.988659926939878
1119.5 2.8965910901371674
1120.0 6.0154424482051105
1120.5 5.0921363967954765
1121.0 5.312740371294872
1121.5 4.730712183935016
1122.0 6.405940632561828
1122.5 2.79699349401648
1123.0 5.600989568504907
1123.5 6.913602598468886
1124.0 0.5788868973877812
1124.5 3.567501984683073
1125.0 5.928219308965767
1125.5 6.796284656446259
1126.0 3.7870949858704135
1126.5 4.744196209416248
1127.0 5.648956401999599
1127.5 5.501036583783794
1128.0 4.946253140651974
1128.5 0.9926202891698805
1129.0 2.576282040844536
1129.5 2.8448728640445218
1130.0 7.170710265037599
1130.5 3.0587644059622394
1131.0 3.4005207835958355
1131.5 5.016815177152544
1132.0 3.4014772326606337
1132.5 5.175800016052099
1133.0 5.027474837905071
1133.5 3.27176652521338
1134.0 3.3850898988781104
1134.5 2.697784627469873
1135.0 3.0790119519394374
1135.5 3.036528071220972
1136.0 2.934638071326073
1136.5 2.5005063404239682
1137.0 4.744861838513485
1137.5 3.5863914350837027
1138.0 3.02752874461668
1138.5 4.010823186736595
1139.0 4.473797614155445
1139.5 2.8848840004602936
1140.0 3.6064064237321185
1140.5 1.5515628455546562
1141.0 4.455932455615221
1141.5 3.522513586460607
1142.0 0.6852656375174075
1142.5 2.1500494915550235
1143.0 2.310162377971317
1143.5 4.526401337556189
1144.0 2.8555309510780313
1144.5 4.41200954045669
1145.0 4.10777898056573
1145.5 1.6990274586629075
1146.0 2.911189269578387
1146.5 3.774177862065566
1147.0 0.8237980824201352
1147.5 3.8663822699570463
1148.0 4.893880768553548
1148.5 1.436524590330408
1149.0 4.156693103922796
1149.5 2.2977629373917727
1150.0 4.79805723567636
1150.5 6.2292354687818285
1151.0 0.2
1151.5 1.179229229977845
1152.0 4.95757321566165
1152.5 5.927841377279636
1153.0 2.7176014225146865
1153.5 4.5384714475957555
1154.0 2.4052060472783348
1154.5 3.0591412941426643
1155.0 2.605933382454965
1155.5 3.4638355962396856
1156.0 3.623821202888815
1156.5 4.435010266947916
1157.0 2.9549384978614888
1157.5 2.242353772090725
1158.0 7.151286058300432
1158.5 5.276657715422042
1159.0 6.940976300565518
1159.5 5.238288112859666
1160.0 7.0067075612093435
1160.5 4.451717839603527
1161.0 3.867605581999365
1161.5 4.143494083121466
1162.0 5.496080873179339
1162.5 1.3108727848714072
1163.0 4.2254484539425565
1163.5 4.167450462497796
1164.0 0.9237580796601552
1164.5 3.0492062527590424
1165.0 1.827904288889403
1165.5 3.378423627364147
1166.0 1.629769954934822
1166.5 5.6182815024949715
1167.0 3.7146459658937525
1167.5 5.154367981894884
1168.0 2.740669283027772
1168.5 0.2
1169.0 2.8822051012935104
1169.5 5.214203137544047
1170.0 6.3916925913295
1170.5 4.258678851022395
1171.0 5.736607521245848
1171.5 0.7572224311539433
1172.0 1.1078941126096065
1172.5 4.923051859746727
1173.0 3.585785704632909
1173.5 4.019437902488807
1174.0 1.9035328732988477
1174.5 1.9804274581685812
1175.0 1.832561299128963
1175.5 3.9660117696348456
1176.0 4.112104015432321
1176.5 5.202848463128301
1177.0 4.1018793921204395
1177.5 6.139567712824523
1178.0 2.3689810227427763
1178.5 4.804043525251381
1179.0 5.318605797793216
1179.5 3.536112395291828
1180.0 3.2801005714394584
1180.5 3.643573658723259
1181.0 3.016089260603659
1181.5 3.3062977251046624
1182.0 2.517898862568283
1182.5 6.85879060565564
1183.0 3.9172093805901262
1183.5 1.7152132103932474
1184.0 5.314761959278508
1184.5 4.892002034004615
1185.0 4.485981687985323
1185.5 0.5214535350660618
1186.0 4.721999911752208
1186.5 5.115529692135265
1187.0 4.675092177606464
1187.5 6.3255589123890426
1188.0 5.1757381952661525
1188.5 3.883945286976873
1189.0 5.19102367649047
1189.5 3.296361024511453
1190.0 1.6992060447768231
1190.5 3.7141017697322174
1191.0 3.941557269171214
1191.5 0.9105622499853214
1192.0 1.9611713131631188
1192.5 3.7704549065859996
1193.0 2.160598399675739
1193.5 2.507625228181097
1194.0 3.0950050858708105
1194.5 2.329475397193274
1195.0 2.981981306119045
1195.5 2.1554064809755458
1196.0 5.281007772951483
1196.5 2.6178786855804272
1197.0 3.9998105558769455
1197.5 0.2
1198.0 2.3840868707378213
1198.5 2.2934129340819323
1199.0 3.8819269891959394
1199.5 3.4389742796299507
1200.0 5.211744045494548
1200.5 4.836967862758768
1201.0 4.6386473225791045
1201.5 2.0840080427474006
1202.0 6.344805457953617
1202.5 2.3264732659763214
1203.0 1.9762632330363936
1203.5 2.097332268598925
1204.0 3.1242273106705194
1204.5 4.440795632997106
1205.0 3.9846786613613845
1205.5 4.068225277157097
1206.0 3.1301172308344976
1206.5 2.820890763610479
1207.0 3.577542830277549
1207.5 0.6905800844901169
1208.0 1.467650947108964
1208.5 1.3765879009938096
1209.0 7.266578339227214
1209.5 2.7411514662138843
1210.0 1.8865127656536769
1210.5 1.110894664257999
1211.0 2.4494886752292175
1211.5 2.8947318848122077
1212.0 4.111215267523951
1212.5 2.575294678646746
1213.0 6.944803212778952
1213.5 4.016744269947754
1214.0 3.727589713885862
1214.5 3.5997737242608085
1215.0 4.680948933051705
1215.5 1.3547000145691692
1216.0 5.5011675004338665
1216.5 6.459213406452955
1217.0 5.7503733738694445
1217.5 2.4964296385999294
1218.0 3.9679659611233253
1218.5 3.1339719942147064
1219.0 5.747380875590379
1219.5 4.669709821707655
1220.0 3.0213878657333595
1220.5 3.1135924542064357
1221.0 2.57443072825935
1221.5 6.17965902553206
1222.0 4.644752103301319
1222.5 1.462350034579163
1223.0 3.229470495524792
1223.5 2.2262134636396667
1224.0 2.818265165903817
1224.5 1.7143947168092104
1225.0 4.311834880328842
1225.5 3.4892334802519014
1226.0 2.0025616229376246
1226.5 2.7696027044368847
1227.0 1.6954277937855116
1227.5 8.521660685324786
1228.0 1.3491191969387841
1228.5 3.3493028690505424
1229.0 2.761504658106493
1229.5 1.7972190887472863
1230.0 0.2
1230.5 2.2383741412601106
1231.0 0.36194887618722227
1231.5 4.492979937975907
1232.0 6.435425277675172
1232.5 6.059013664172734
1233.0 3.7887721639330243
1233.5 2.5837675241354905
1234.0 1.3107657755808722
1234.5 1.0373960442627403
1235.0 2.9832416712508563
1235.5 3.484337811399058
1236.0 4.069191484269743
1236.5 4.671788957080964
1237.0 6.345135658980928
1237.5 6.194035691959671
1238.0 1.8004678372318512
1238.5 1.0440796935670704
1239.0 3.8718914882576296
1239.5 3.5241526764485074
1240.0 4.091787337777809
1240.5 3.949416816765343
1241.0 3.8530950680587086
1241.5 4.497923148631587
1242.0 6.720736675716141
1242.5 5.001962820678521
1243.0 5.732262062961393
1243.5 5.768244912304176
1244.0 5.805817689713162
1244.5 4.282266084408289
1245.0 4.338625376043104
1245.5 5.8961347706781915
1246.0 5.362266421945913
1246.5 7.346253649352526
1247.0 3.530659180405728
1247.5 4.763069102223044
1248.0 6.192879698925658
1248.5 0.2
1249.0 3.529444978803925
1249.5 4.822601986812627
1250.0 8.43228579589118
1250.5 6.3061154574177065
1251.0 3.7739403805411715
1251.5 4.282185714991707
1252.0 3.5059250636956127
1252.5 3.2364152860731132
1253.0 5.878498030543053
1253.5 4.335561373753177
1254.0 2.638805739257394
1254.5 3.2631103545929427
1255.0 3.8107315338488594
1255.5 3.0498280122594883
1256.0 4.208256772207479
1256.5 2.578928266115292
1257.0 5.413102646307102
1257.5 3.789008780069495
1258.0 3.1565607859931077
1258.5 4.6072500763988185
1259.0 3.0003029846500793
1259.5 5.392292557749543
1260.0 2.7198613460824057
1260.5 1.6062136236773241
1261.0 2.3579428892149363
1261.5 2.832690248909994
1262.0 4.134988471148175
1262.5 2.3458334789383795
1263.0 4.063861420564516
1263.5 1.5486959747869333
1264.0 6.529147060256282
1264.5 1.1860545487608225
1265.0 7.436919312350003
1265.5 5.164900068043227
1266.0 8.76606020859233
1266.5 1.9877886430524891
1267.0 5.225514354518286
1267.5 6.1232275442922255
1268.0 2.7626587871000416
1268.5 4.1340517241740375
1269.0 1.8554941081654592
1269.5 4.5669700970880625
1270.0 3.1750643444260027
1270.5 3.212933859437039
1271.0 5.463561387165169
1271.5 3.8277533370248324
1272.0 3.028290154985985
1272.5 1.904091748125779
1273.0 2.021783144114048
1273.5 3.3066061097675608
1274.0 3.134658352939835
1274.5 3.616749943472181
1275.0 0.8517980360119983
1275.5 4.417075814593678
1276.0 4.064695493204099
1276.5 2.7570877454915563
1277.0 2.8550565611902226
1277.5 2.7912731427276487
1278.0 2.7656305907266434
1278.5 3.1493123091605053
1279.0 3.301327092701017
1279.5 1.9705427781810239
1280.0 1.6678123251563528
1280.5 2.414694983063982
1281.0 1.2718455253034662
1281.5 2.3305664396915575
1282.0 1.148886097821767
1282.5 3.8939584714469584
1283.0 2.1590782388930956
1283.5 2.4257060427441335
1284.0 1.5456980490761416
1284.5 2.9501371627340536
1285.0 2.071136161302279
1285.5 2.166649283101849
1286.0 3.4306613677299413
1286.5 3.5811719277340064
1287.0 3.733229550498536
1287.5 2.3301875052019163
1288.0 3.6927176402329893
1288.5 3.059888937336966
1289.0 2.681277885260984
1289.5 1.5916050560932715
1290.0 5.232039485288567
1290.5 3.2260286222088235
1291.0 3.7545929950340016
1291.5 4.309438860120819
1292.0 1.8292601588756487
1292.5 4.581061507941373
1293.0 3.8600853273799105
1293.5 4.371364715385917
1294.0 3.579517725990427
1294.5 0.6306866132362479
1295.0 2.3074605292260824
1295.5 6.050909891138705
1296.0 3.3457991440366315
1296.5 6.642468272804756
1297.0 4.747052776690486
1297.5 2.8281051533146297
1298.0 5.407980940902622
1298.5 4.457468037760529
1299.0 4.635391830765251
1299.5 0.999853418233756
1300.0 5.166749628455185
1300.5 7.012325101739393
1301.0 3.4957160684594126
1301.5 4.2153454346737895
1302.0 2.9698427127399727
1302.5 5.451525272301259
1303.0 2.9722728453553087
1303.5 2.966804565763143
1304.0 3.0675452893106243
1304.5 5.496871484784318
1305.0 2.9454528449125568
1305.5 5.593757909399341
1306.0 3.463998982209239
1306.5 2.451036841316217
1307.0 4.868639703140225
1307.5 3.6709158261940678
1308.0 3.035741512342212
1308.5 6.975531663180151
1309.0 4.605632797431827
1309.5 1.1438068153623537
1310.0 2.7472490791737045
1310.5 0.2
1311.0 4.904960203649036
1311.5 3.750015135168199
1312.0 3.7406366011789225
1312.5 4.856863672620703
1313.0 1.4368424795989263
1313.5 3.630748162681485
1314.0 3.091688376114543
1314.5 2.0102048405661277
1315.0 6.432106093919134
1315.5 7.6538359157021425
1316.0 6.477606522337272
1316.5 3.1424836966204577
1317.0 4.244796867135033
1317.5 9.864649157760404
1318.0 2.382622992786106
1318.5 2.7630410343766765
1319.0 4.269058154579638
1319.5 4.312985439858423
1320.0 5.494185930314401
1320.5 1.606389780075919
1321.0 1.9926496444910962
1321.5 5.656572764622621
1322.0 5.66493108770572
1322.5 6.449655528061367
1323.0 7.647344590173448
1323.5 6.451163448103654
1324.0 3.16129674061759
1324.5 3.846560657324704
1325.0 3.6768403999051356
1325.5 1.4247664168473717
1326.0 3.1725131130047055
1326.5 2.530738653621219
1327.0 7.279996864003323
1327.5 0.9092760204242709
1328.0 1.3593399176278949
1328.5 4.131177877366757
1329.0 10.402763180327234
1329.5 5.9661623833715
1330.0 4.331302662268273
1330.5 3.578221271988152
1331.0 3.276194274417543
1331.5 3.8050689017106816
1332.0 1.5228391318486827
1332.5 3.883341850173359
1333.0 4.257926161951076
1333.5 7.279247031940245
1334.0 5.61617078909087
1334.5 2.047673321237087
1335.0 3.7534710972733802
1335.5 3.3488635422185657
1336.0 3.8248020031889602
1336.5 4.190691995572639
1337.0 3.829013023394237
1337.5 4.14579141468786
1338.0 8.389526021120203
1338.5 4.695745516563478
1339.0 5.0718372980244855
1339.5 4.2822943986136925
1340.0 2.8263108413061073
1340.5 2.236714999065099
1341.0 4.298912123468385
1341.5 1.8326008145253097
1342.0 1.6776150334798894
1342.5 2.682821235419427
1343.0 3.23427492543306
1343.5 3.1153265272418045
1344.0 2.2344225615795583
1344.5 3.3104010772535406
1345.0 4.213230549178164
1345.5 0.6392942125788901
1346.0 2.930660760855665
1346.5 1.9482579168457916
1347.0 3.0021248238928337
1347.5 1.9514519933784789
1348.0 3.09092982562277
1348.5 2.272763710837526
1349.0 3.707641534858698
1349.5 7.487775201679854
1350.0 3.060434608830186
1350.5 3.991817102811269
1351.0 4.306598189904573
1351.5 4.293229160830753
1352.0 1.622672507690432
1352.5 2.3621555218974466
1353.0 5.497280346873417
1353.5 2.8480421089577477
1354.0 4.651129481686789
1354.5 3.6826998364437813
1355.0 2.8417007551753435
1355.5 1.9521532794680716
1356.0 4.2147152253948
1356.5 5.107488076635131
1357.0 4.252282418276
1357.5 6.684235715112994
1358.0 2.6751302766155916
1358.5 6.297449269972372
1359.0 1.9536650656534715
1359.5 3.7423274825804977
1360.0 3.177606928680941
1360.5 3.2480177858918804
1361.0 1.136455945181877
1361.5 3.766162332175121
1362.0 3.311857750866328
1362.5 3.575912050875024
1363.0 1.8967617807598265
1363.5 2.8220045224534194
1364.0 4.905111008722695
1364.5 2.183909504059971
1365.0 4.4335778142972275
1365.5 3.0121411718069098
1366.0 2.3881155170006405
1366.5 3.178331689263702
1367.0 3.460405076781284
1367.5 4.514431682377161
1368.0 3.6865095344275023
1368.5 3.210456276742522
1369.0 3.090118306605186
1369.5 1.6278861118884507
1370.0 1.7767090290615366
1370.5 3.613193417170159
1371.0 3.029651547585142
1371.5 4.194427073806949
1372.0 2.733927388167927
1372.5 1.681694621709899
1373.0 3.605408575342153
1373.5 2.1514889315936925
1374.0 2.991815963438831
1374.5 5.038228847833856
1375.0 2.276813287218942
1375.5 3.229921753570876
1376.0 2.335021914534705
1376.5 3.485143146616445
1377.0 3.830296246396375
1377.5 5.850326197621788
1378.0 3.9146888713965744
1378.5 2.271908005172307
1379.0 4.216974862988657
1379.5 1.1451998167626583
1380.0 5.669206949705559
1380.5 6.404957313457852
1381.0 2.572175456210662
1381.5 5.110002156197467
1382.0 0.8987975688971961
1382.5 0.8956309262091917
1383.0 6.816697001948404
1383.5 1.9934002439196088
1384.0 3.4830351602718093
1384.5 0.47314545738796365
1385.0 1.4235640922375032
1385.5 3.357071883866723
1386.0 7.092946568489479
1386.5 2.4617988507465425
1387.0 1.9228878633202422
1387.5 3.0977680832887353
1388.0 3.378471922657835
1388.5 3.6422246140139296
1389.0 2.632664142929091
1389.5 2.8713190850032415
1390.0 2.7361248537520226
1390.5 3.860674705944546
1391.0 4.222953228521282
1391.5 0.8973743982446494
1392.0 0.9697791130351345
1392.5 3.7186027517361167
1393.0 2.322875739888996
1393.5 2.7344256826694595
1394.0 0.8558185555177666
1394.5 4.478593140999288
1395.0 2.659427891431129
1395.5 1.1258442219010534
1396.0 2.7859362734184985
1396.5 2.9657986611540665
1397.0 4.235420901403028
1397.5 2.4621358707124643
1398.0 3.0656904300892442
1398.5 0.5724383466684229
1399.0 0.2
1399.5 3.065658341686511
1400.0 4.198910652539077
1400.5 3.5110802391439395
1401.0 8.103719701210899
1401.5 1.0513333164993357
1402.0 5.434468657769095
1402.5 3.8355864380048974
1403.0 2.4238621103841025
1403.5 2.5252305557575925
1404.0 2.484329643028874
1404.5 4.617578812173807
1405.0 4.826475457247655
1405.5 3.255970160006929
1406.0 0.8059806083624239
1406.5 2.819265521884964
1407.0 3.3211771882074843
1407.5 1.5513998087298257
1408.0 3.6741321649932974
1408.5 5.908281828869828
1409.0 1.434472648369116
1409.5 3.7074445607301403
1410.0 4.310981140992869
1410.5 3.4835190166186134
1411.0 1.7101299629412035
1411.5 3.316684487682032
1412.0 3.614208206922063
1412.5 4.909351867953605
1413.0 3.6308994214515957
1413.5 4.866949526343886
1414.0 4.940690432157261
1414.5 0.2
1415.0 3.0649468649729155
1415.5 5.203739950736914
1416.0 3.4360309499341666
1416.5 4.812710862414699
1417.0 3.2702790119862213
1417.5 1.6253355876089344
1418.0 3.609890632274103
1418.5 5.159762476817565
1419.0 2.6839040702321926
1419.5 3.975237811980321
1420.0 6.1369501781636515
1420.5 4.362885589159376
1421.0 3.98634426104716
1421.5 7.578709558432486
1422.0 3.032107505214582
1422.5 2.1040375669441715
1423.0 2.938341535417501
1423.5 4.309372647098529
1424.0 3.1238138071638413
1424.5 5.307743604220532
1425.0 3.0918407235438226
1425.5 2.0886098420201114
1426.0 4.389493376550671
1426.5 4.5768951762051024
1427.0 1.7761453210179896
1427.5 3.5849342950266
1428.0 6.598626838572144
1428.5 2.1857845608299744
1429.0 3.311617930938613
1429.5 3.3020969451322526
1430.0 4.8646200037904705
1430.5 2.860720393283623
1431.0 4.259068302282371
1431.5 3.41595082953187
1432.0 2.009635527332578
1432.5 3.3743229672165844
1433.0 1.8236525937753263
1433.5 2.1047419496308217
1434.0 2.715321330647841
1434.5 2.9856996089302026
1435.0 1.9520430387278966
1435.5 2.2307675384018797
1436.0 3.9078520256928
1436.5 3.1062090760931365
1437.0 3.4272549184073275
1437.5 3.4912289979023443
1438.0 4.706848924606665
1438.5 3.053945788735704
1439.0 0.2
