0 2.3196688329949957
0.5 3.1109425982265484
1.0 2.232612233804943
1.5 2.5856414205554135
2.0 4.707524588725045
2.5 5.2141166909209975
3.0 3.9650005332242406
3.5 2.8299003963189246
4.0 1.1814807040270021
4.5 4.843700538007756
5.0 6.618441248938161
5.5 4.260548267297248
6.0 6.374350437754643
6.5 1.8301844731175605
7.0 4.137734715274185
7.5 3.651663313478139
8.0 5.571957566094116
8.5 3.5248074453131464
9.0 0.37055986937785335
9.5 3.5214372042454976
10.0 1.9141400232757793
10.5 0.5309189023241294
11.0 3.609485351102522
11.5 3.851950424610016
12.0 1.6867893190881633
12.5 2.52675333261459
13.0 2.574743048833124
13.5 2.2613137585270797
14.0 1.1587577341355806
14.5 3.490705043846308
15.0 1.3707536575236663
15.5 3.696064711424452
16.0 2.5845456647624383
16.5 3.9823893497385257
17.0 4.0778731174497835
17.5 3.6715825690840957
18.0 3.352907263912895
18.5 5.022444923813924
19.0 2.937804338171288
19.5 1.6074794013055742
20.0 2.8376418725419663
20.5 3.073930277348516
21.0 2.7080678218957144
21.5 3.9147466999540446
22.0 2.6056750484690787
22.5 3.8792102606532746
23.0 1.084991601940902
23.5 1.6928569138421246
24.0 4.672171758876813
24.5 3.57906206158468
25.0 0.9881438372144229
25.5 4.982408818423431
26.0 2.0865855421450856
26.5 0.9696370147763831
27.0 1.588237449139492
27.5 5.0573405000979506
28.0 0.2
28.5 3.606028908640603
29.0 1.4119550962341911
29.5 3.981916824014748
30.0 5.501275555227088
30.5 4.021146667413505
31.0 3.2031418076994296
31.5 3.2368367826101316
32.0 4.389615896441921
32.5 4.598027292288895
33.0 7.378706195326503
33.5 3.3655621746163527
34.0 2.7409725555340607
34.5 2.9804914173145463
35.0 2.2037339468950297
35.5 5.25832579754855
36.0 2.945901915221028
36.5 2.071949592282513
37.0 2.247184600340829
37.5 1.2558338127238615
38.0 4.783604117759667
38.5 3.8503498020788287
39.0 1.9565089510294846
39.5 3.6494587119788213
40.0 6.877718534585346
40.5 6.773814485636915
41.0 4.482593466879715
41.5 3.3669167885305766
42.0 2.832060205278273
42.5 3.0069751489726144
43.0 4.398010521128167
43.5 4.048062064730616
44.0 4.660021349252601
44.5 4.179636079606792
45.0 2.826039168913385
45.5 3.6489336474695357
46.0 4.1970495909970555
46.5 0.2
47.0 4.322333329661925
47.5 4.522057285435222
48.0 4.739679719341259
48.5 2.859469094962562
49.0 4.479234567892843
49.5 4.65257728310538
50.0 4.633057700281494
50.5 7.873993224825226
51.0 0.44680037526455685
51.5 5.033825926166017
52.0 3.6893956802914354
52.5 3.1587107326736943
53.0 4.162428675750936
53.5 2.318238020567476
54.0 5.543566859330832
54.5 3.7140172952593167
55.0 1.5350711919877225
55.5 2.606379912458454
56.0 2.32393138380166
56.5 2.3478416790396945
57.0 4.8465527561955195
57.5 2.7798238779294038
58.0 0.2
58.5 3.029251263703376
59.0 3.193696300089597
59.5 1.233247476446218
60.0 3.971703164376168
60.5 6.2628745327785165
61.0 3.190169207298357
61.5 1.6332762859941456
62.0 5.269117960849793
62.5 4.822265834465983
63.0 8.403344768914707
63.5 5.80789652457238
64.0 3.0969521111498457
64.5 5.325107413765506
65.0 5.169537750934378
65.5 6.031177970418733
66.0 3.968101647352298
66.5 0.9788284034234542
67.0 5.803749203113337
67.5 6.97750541103685
68.0 5.656432971688563
68.5 8.898107304041694
69.0 2.952375376662845
69.5 0.2
70.0 4.118978245482454
70.5 2.9505828723713923
71.0 3.388564130150428
71.5 1.7124124513389205
72.0 3.492849616872217
72.5 3.836735208673599
73.0 1.7944510903857898
73.5 1.7704962870029524
74.0 3.680484156196119
74.5 1.3495008964855213
75.0 0.3835182675708668
75.5 4.324800284375207
76.0 4.71666428163347
76.5 4.274334038312933
77.0 3.6835328284936257
77.5 0.3579841992063435
78.0 0.2
78.5 4.783119246816044
79.0 5.7588224163184485
79.5 6.660702666632535
80.0 6.833884705947719
80.5 8.407430626569283
81.0 0.8024986449413434
81.5 2.8390421340267338
82.0 1.364848157160841
82.5 4.5656497476065265
83.0 0.2
83.5 3.7498901380291887
84.0 3.4203075041938282
84.5 0.6328842757402771
85.0 3.0368742835386056
85.5 5.898793602579305
86.0 4.645511049167084
86.5 4.394589561379341
87.0 0.9591143904274873
87.5 2.3043517935402953
88.0 2.8841127855431306
88.5 3.877802216316021
89.0 0.2
89.5 3.7589678062804577
90.0 0.2
90.5 5.6946951675796225
91.0 3.5612617789223355
91.5 3.1155329765759294
92.0 9.976122390899347
92.5 0.2
93.0 7.614648418521371
93.5 2.2144314193406363
94.0 0.7284137846800713
94.5 3.9171323484657736
95.0 6.1686463020146505
95.5 2.541051621836571
96.0 1.2464673606187224
96.5 0.7258587521658053
97.0 5.055450361337112
97.5 1.7196866960396435
98.0 5.8866526727757975
98.5 3.572050950098366
99.0 3.1023169432133173
99.5 3.2691119227803425
100.0 2.154525107602997
100.5 3.868595963244031
101.0 3.2062501175220555
101.5 0.2
102.0 3.125634652355828
102.5 5.702676741201526
103.0 3.214442714715817
103.5 4.331852112254457
104.0 5.780492453494638
104.5 2.302950034364218
105.0 5.580347820596856
105.5 5.272265169778549
106.0 1.1248603050766288
106.5 5.303208805004484
107.0 4.648286932276457
107.5 0.2
108.0 0.2
108.5 2.41753892604838
109.0 5.110921827560192
109.5 4.131638604756492
110.0 0.2
110.5 3.7414142317557877
111.0 5.120269646910456
111.5 2.5127309375640725
112.0 8.724838055825122
112.5 6.453651176948411
113.0 5.7165806168792725
113.5 3.759762202188256
114.0 2.3122483453448317
114.5 4.556222474526038
115.0 2.691873661018363
115.5 5.798933981982561
116.0 3.4239618433279353
116.5 4.184192557293253
117.0 2.09442918368832
117.5 0.9002769952175589
118.0 4.129987316808835
118.5 2.1855813625251406
119.0 4.884667504122053
119.5 1.6281563106743466
120.0 4.693991452863159
120.5 4.9399380910136514
121.0 6.3871494149643295
121.5 1.6049435757574508
122.0 1.7617533372166636
122.5 2.852939836837954
123.0 2.4887895410899104
123.5 3.230166579213036
124.0 3.0119245585810934
124.5 6.195684909493626
125.0 5.444000126140664
125.5 1.6819649236125689
126.0 4.929175172154987
126.5 5.685119910949986
127.0 3.18589296178736
127.5 1.4460442228739363
128.0 7.000093493162547
128.5 5.1864084068995
129.0 4.24205429440878
129.5 0.6130106676226523
130.0 3.0466819547574646
130.5 3.482168736216203
131.0 2.8391438861440466
131.5 0.8543788996681632
132.0 0.5254006452103832
132.5 4.526958250764153
133.0 2.2404984496379248
133.5 2.2733844091143376
134.0 4.716123624504757
134.5 3.6274584442513955
135.0 1.2520171128546405
135.5 6.19078705787232
136.0 2.799825898499255
136.5 3.5627339924663626
137.0 1.7227606072560326
137.5 4.6663454545886225
138.0 3.0440887086701363
138.5 4.9788793549695765
139.0 2.932330424142205
139.5 5.854183405834927
140.0 5.3604568080360515
140.5 6.859911684477998
141.0 5.681320077109422
141.5 7.707057089594815
142.0 0.6342929539348137
142.5 4.908235984671148
143.0 10.93575993438909
143.5 6.38544905927394
144.0 6.687118616797271
144.5 1.6354699445515384
145.0 4.7146167221836865
145.5 4.5906034949755306
146.0 7.943049241372053
146.5 2.260572947899357
147.0 2.830059816306321
147.5 8.150890474761447
148.0 6.193909810640322
148.5 4.65267000196587
149.0 6.093651178771275
149.5 1.7897516098980046
150.0 3.3734616838173626
150.5 5.692359354494767
151.0 1.2515781457882973
151.5 5.509835973698916
152.0 5.918426611737226
152.5 4.944499407582361
153.0 4.539586545703806
153.5 4.168829243988314
154.0 3.2646660863027863
154.5 5.39330983922976
155.0 6.273704155050115
155.5 2.3962658114613067
156.0 5.542121830340208
156.5 3.962457350139024
157.0 3.5625640118322504
157.5 2.7751371894281425
158.0 0.2
158.5 6.40481154639477
159.0 5.089898993703545
159.5 3.9790808116835708
160.0 2.0687114410362732
160.5 6.4673416408911555
161.0 7.330151674535352
161.5 3.8587873638385233
162.0 4.3818385035897025
162.5 5.13739210468248
163.0 2.08057467891269
163.5 1.9307576146595706
164.0 2.024844591650122
164.5 2.1228476044081277
165.0 6.087068702912261
165.5 6.4971928193155435
166.0 1.1349861876342326
166.5 2.620534659606137
167.0 4.558649916144873
167.5 1.7292297250301525
168.0 1.7700357589248488
168.5 4.661716799346406
169.0 1.3184950064173304
169.5 2.652368045052164
170.0 1.623962329651944
170.5 3.29256747911115
171.0 1.384539035584067
171.5 0.2
172.0 3.449677881165962
172.5 2.811285218335598
173.0 2.351853105383582
173.5 3.246816420564522
174.0 3.229852042258248
174.5 2.5635834377098203
175.0 3.3011668828612466
175.5 1.933726177076159
176.0 2.915463033164447
176.5 2.3832058334953232
177.0 4.716079043705351
177.5 5.189738320770488
178.0 7.027293715874688
178.5 7.439852099326789
179.0 0.2
179.5 1.7222906464902334
180.0 3.4956371389814507
180.5 6.392479163373934
181.0 5.828101129463166
181.5 4.425779628485589
182.0 8.717205559549228
182.5 9.214477494880779
183.0 10.56042729404199
183.5 3.6412601648493803
184.0 3.566743964505654
184.5 4.150171530338405
185.0 4.133338935910311
185.5 2.4233023400398723
186.0 1.6346771110788185
186.5 3.647513334260932
187.0 2.8537110934391023
187.5 3.524619313810131
188.0 3.745967697623924
188.5 4.706252238563405
189.0 1.0497835872803414
189.5 4.058506444417372
190.0 4.550922822088181
190.5 3.400918767257234
191.0 4.354437283918564
191.5 6.238759332862376
192.0 3.200148904325437
192.5 4.954986377837606
193.0 4.026768318994849
193.5 5.783732332821208
194.0 2.0181290331928805
194.5 5.54550444453468
195.0 2.675239037861457
195.5 0.4385067367333737
196.0 3.9496175255306514
196.5 4.770308839661569
197.0 4.676474244675724
197.5 4.367444845543367
198.0 2.9790323468635864
198.5 5.058828168827933
199.0 2.7116779550659373
199.5 3.5401109349381565
200.0 3.437313074966659
200.5 3.5130599095859596
201.0 2.990088711014752
201.5 6.129162209305859
202.0 6.698309355292782
202.5 2.2956005612149983
203.0 2.9909485034218037
203.5 5.004652380013415
204.0 6.234159209100261
204.5 4.742838866913589
205.0 1.7799049384283299
205.5 5.663624368507998
206.0 4.386938691332098
206.5 4.208357323306175
207.0 2.584807511397327
207.5 1.4501306805442038
208.0 3.0805290513165993
208.5 3.6553079311796175
209.0 3.324116840499983
209.5 2.2605433790723524
210.0 3.6473623903397043
210.5 2.302983479579237
211.0 6.874502331209092
211.5 1.2495237065795495
212.0 8.698253125224928
212.5 6.648143737302311
213.0 0.25231134952704215
213.5 4.45230445330606
214.0 4.136521320379092
214.5 0.48256891443964856
215.0 4.929802963086792
215.5 4.740392269684783
216.0 1.9276883857146658
216.5 5.649479806090897
217.0 4.658536746286365
217.5 4.453491657460424
218.0 5.530623212708534
218.5 0.9843399175316572
219.0 4.1081515985285835
219.5 1.0362929906055345
220.0 3.7653797189943283
220.5 0.2
221.0 3.266031655681961
221.5 0.2190790823343911
222.0 4.8513675851014035
222.5 6.354461868273598
223.0 8.034204887480572
223.5 5.425406391116582
224.0 4.121531639946016
224.5 1.5007921909255066
225.0 1.9742905331173808
225.5 1.934891586358154
226.0 3.2242857504564486
226.5 5.378276605201783
227.0 6.579909397476755
227.5 3.4083705981786396
228.0 5.266911000574697
228.5 5.997037632659427
229.0 1.2141608830839137
229.5 6.337270548713805
230.0 2.6150882146246155
230.5 1.8926542891827314
231.0 8.41678532789371
231.5 3.9427985931318794
232.0 2.6842599322902503
232.5 4.19214535862918
233.0 3.367130794418714
233.5 3.753085496040916
234.0 2.3282975846522733
234.5 1.0413551956118887
235.0 1.7709448636703742
235.5 5.488235143863411
236.0 4.115020623000198
236.5 1.5090505058067076
237.0 3.441438285520072
237.5 2.885423529164621
238.0 2.0044862245397654
238.5 4.1362184127547765
239.0 4.140637824527891
239.5 3.0305931408433033
240.0 2.536953402650719
240.5 3.70544365206534
241.0 8.695571652654763
241.5 1.953869931786348
242.0 4.76386741688077
242.5 4.476259814950601
243.0 5.326055243829761
243.5 5.006269635898439
244.0 2.301075102848549
244.5 3.1707398823389576
245.0 0.8903579634375596
245.5 0.6210435435290247
246.0 3.1595648291441023
246.5 1.8440476957920402
247.0 4.220269859333759
247.5 2.569104213087223
248.0 4.770595434088481
248.5 1.819387192873921
249.0 3.0248132044527836
249.5 2.3496274184322083
250.0 3.9567044019021678
250.5 2.3492355780908456
251.0 1.956174720106495
251.5 0.2
252.0 3.458791414251248
252.5 2.5847982592571688
253.0 2.603776307540506
253.5 2.7126692102308256
254.0 4.6058150730974425
254.5 0.7384797278906436
255.0 0.8453207289851754
255.5 1.5134236919291009
256.0 2.307758682080637
256.5 1.6999567386799188
257.0 2.515610932534523
257.5 1.161905215983093
258.0 1.5040775295428972
258.5 3.9037515715839595
259.0 3.066456439552173
259.5 1.0882401241434274
260.0 3.642447090818846
260.5 1.9685395507663928
261.0 0.48797055317149507
261.5 3.2112702163801297
262.0 3.0347484517478334
262.5 2.347877883244588
263.0 9.327432730065945
263.5 7.195700374712127
264.0 2.4623040701498105
264.5 1.4151246968191766
265.0 0.2738334505007076
265.5 1.2506800678282128
266.0 3.4026925889544217
266.5 3.0504410196882117
267.0 1.823839881236362
267.5 5.675945951277853
268.0 7.678292480882208
268.5 5.747257508043033
269.0 4.1225108615582124
269.5 0.2
270.0 0.2
270.5 3.093778634776119
271.0 7.306809052918314
271.5 5.630927280599303
272.0 4.366355930651173
272.5 4.660217815383587
273.0 0.9876847843637808
273.5 4.172185235630193
274.0 5.97756271779768
274.5 6.48333801663564
275.0 4.314167889344784
275.5 1.0192000680342206
276.0 3.6684153341793833
276.5 4.0282792578239635
277.0 0.8411697197981147
277.5 2.9336138345417537
278.0 1.1613084372764235
278.5 5.631380352502582
279.0 1.8269981541056022
279.5 5.8845548545526905
280.0 8.048741181248536
280.5 3.4736730892031025
281.0 2.992955067787365
281.5 3.5390450830743214
282.0 3.7741067443564087
282.5 10.148261926734037
283.0 4.378590587843247
283.5 4.608264002344459
284.0 6.84327628844035
284.5 5.987830459323916
285.0 9.388620444882177
285.5 3.4669131501053196
286.0 5.760951400703927
286.5 9.541147385357402
287.0 0.2
287.5 5.0689546475009255
288.0 0.2
288.5 6.067105747142317
289.0 4.40840559853017
289.5 7.253156812474188
290.0 8.815914101426856
290.5 6.7488450378015425
291.0 4.222772990278133
291.5 4.38566935416131
292.0 4.402053968506978
292.5 3.09577387865109
293.0 5.704650607714636
293.5 2.448745266336236
294.0 2.7878358274560084
294.5 4.870237152176502
295.0 5.0418210889542685
295.5 5.157274579079388
296.0 3.20334956784873
296.5 2.723146888489776
297.0 2.122598997251833
297.5 5.206142781001166
298.0 5.6605249373249915
298.5 1.5156121013421162
299.0 6.775221248787999
299.5 5.991736724652334
300.0 1.892056439726382
300.5 3.8190747159382252
301.0 2.1401311989208587
301.5 1.2634240655915576
302.0 6.590898601454897
302.5 3.783003805881295
303.0 1.8428300015753674
303.5 1.1128905539929765
304.0 6.4336378929625795
304.5 1.6110153387702937
305.0 1.3062148411932881
305.5 0.2
306.0 3.0698906561540906
306.5 0.2
307.0 2.6646946735356924
307.5 2.641851971699235
308.0 0.5099606547122253
308.5 7.392587992071666
309.0 2.3243009777534214
309.5 5.927288662912969
310.0 2.2060936078547053
310.5 1.8033945154233335
311.0 2.176459766237291
311.5 7.5264301569910845
312.0 1.4174485749268704
312.5 3.341135431477632
313.0 2.8025681365067925
313.5 4.441587128607406
314.0 3.856750107287687
314.5 4.761715489708246
315.0 4.810118069351245
315.5 6.196848182671991
316.0 2.569903242593322
316.5 4.394266940750472
317.0 1.767910220098103
317.5 4.9690336954247165
318.0 5.725058161642634
318.5 3.4506591324847937
319.0 7.024225855834047
319.5 3.0176389230291054
320.0 3.7449679154287696
320.5 7.6423178970794385
321.0 5.930070086390838
321.5 9.52726692252866
322.0 4.223558974401597
322.5 1.6953284120203436
323.0 2.0945146531301244
323.5 1.705917402544158
324.0 6.085801139850142
324.5 2.1603610531388844
325.0 2.3399629276435077
325.5 5.328149697554581
326.0 1.1867145080178325
326.5 2.6795889901869163
327.0 4.253439187399701
327.5 4.410802988455312
328.0 0.6051879498402686
328.5 4.515008529063431
329.0 3.7464598434003906
329.5 1.3794394362607214
330.0 3.0856004444234095
330.5 3.3871445905981368
331.0 1.3043977997810745
331.5 8.126508706685213
332.0 2.0971642073954424
332.5 0.2
333.0 4.697666013012029
333.5 2.613688490725348
334.0 4.654948800848705
334.5 5.483296420062303
335.0 4.959765671935194
335.5 1.6781240097625911
336.0 1.0309309659037948
336.5 7.26601125589916
337.0 1.0351300059623725
337.5 4.880316336975028
338.0 5.089727975017055
338.5 6.452886985454404
339.0 5.884849376876641
339.5 6.511646229362707
340.0 4.727707013616823
340.5 4.388506549674377
341.0 4.905637592427764
341.5 7.197884216738
342.0 2.4784534432555962
342.5 1.637398713124845
343.0 2.548637827463433
343.5 5.0485786646460244
344.0 6.094480661509531
344.5 6.092252413842556
345.0 2.1178534548572427
345.5 3.742138246070647
346.0 2.8261714026115765
346.5 0.9490852567159522
347.0 4.546722206428504
347.5 2.639966721163092
348.0 4.834905615502882
348.5 3.0482661264611663
349.0 2.123430108435728
349.5 3.1804443424945714
350.0 0.6597795406780647
350.5 5.781937966878871
351.0 3.6617419128567734
351.5 3.4596186372109488
352.0 0.2
352.5 1.922392466000232
353.0 1.7339028828224117
353.5 3.526971372380437
354.0 3.086987281663928
354.5 2.3080982534496193
355.0 4.660559834526358
355.5 0.2
356.0 3.272825168655608
356.5 3.2265714969347283
357.0 2.0365291778333687
357.5 0.2
358.0 3.2758841763525393
358.5 4.592816776215822
359.0 1.2200106466503673
359.5 3.2408096227069025
360.0 4.001679770041357
360.5 2.262488959451842
361.0 0.8691625006822552
361.5 4.856726303976679
362.0 3.519569680099118
362.5 3.7581936252786043
363.0 1.5879019079307395
363.5 3.850668400130779
364.0 3.700420197464755
364.5 2.1455482642259525
365.0 3.122477403782599
365.5 4.3939980239118555
366.0 2.3556321776258384
366.5 3.3819401596700684
367.0 1.8191501617905357
367.5 1.8488962694548117
368.0 0.2
368.5 3.3794440386145084
369.0 2.1626077337503613
369.5 0.9837573046356793
370.0 0.31478809119176754
370.5 2.6403222869437037
371.0 2.722137326152673
371.5 3.1955562314374504
372.0 2.5143728535923247
372.5 1.531148629427255
373.0 2.134264252164073
373.5 2.777068243292324
374.0 2.8796649843868334
374.5 2.98991342623908
375.0 0.5644846633234053
375.5 3.275155639159879
376.0 3.9085277285621634
376.5 6.761596454524559
377.0 2.239562125537099
377.5 1.2528535919232706
378.0 5.516577744745396
378.5 4.461603390538399
379.0 4.4832602745615535
379.5 2.3186661201740026
380.0 2.2042828913337598
380.5 4.220354086363076
381.0 2.9677566710209273
381.5 2.3444755213426136
382.0 4.974833113224351
382.5 3.6453717765122557
383.0 2.039805942165452
383.5 2.989608813576088
384.0 2.3599491448779806
384.5 1.9440809545408915
385.0 2.2456188648381534
385.5 3.423227303361805
386.0 2.2340256748971594
386.5 2.2085582066716447
387.0 2.188507444507878
387.5 0.2
388.0 1.8403502819291484
388.5 2.083444938053935
389.0 1.989422433686371
389.5 3.6095073367501924
390.0 2.2961192215310158
390.5 4.569245856931417
391.0 2.0484520873864156
391.5 4.793785366580991
392.0 0.36923256907801116
392.5 1.0794865310502955
393.0 4.420715184813446
393.5 3.4683470297979975
394.0 2.934233320950838
394.5 3.7417823449620373
395.0 0.2
395.5 3.8065583409502914
396.0 1.4908810831150865
396.5 4.897836286823743
397.0 0.913443384026347
397.5 5.627282044982838
398.0 3.4185274799274
398.5 3.30584806450841
399.0 2.5329952292518603
399.5 1.881381711689429
400.0 1.6048183373330864
400.5 4.54889808094965
401.0 4.07173265032479
401.5 3.071580371132286
402.0 3.552107575332108
402.5 1.7447312516467282
403.0 1.7152799319116596
403.5 3.6460538204709954
404.0 2.6941490591805453
404.5 9.499150604865775
405.0 3.344608852076252
405.5 5.38171836511699
406.0 6.658695291070771
406.5 5.66395021980941
407.0 2.3710567361310533
407.5 8.977275042834684
408.0 6.074338459997512
408.5 2.8976677758829705
409.0 2.8902948022826624
409.5 2.8530837639137503
410.0 1.5089776268435253
410.5 7.807984345797452
411.0 9.449381163809063
411.5 3.259805207326629
412.0 0.2
412.5 6.714112938233635
413.0 3.82392151104207
413.5 1.7018155118111138
414.0 5.629243841793356
414.5 3.941621572639658
415.0 3.8512858303725195
415.5 7.481808432674111
416.0 2.7813446736607568
416.5 6.55399623965668
417.0 6.684789983790884
417.5 2.0229420209671964
418.0 0.2
418.5 5.314271745759834
419.0 5.517962217667645
419.5 8.986219026327415
420.0 5.452869270469475
420.5 3.763111392760492
421.0 3.0247054529809754
421.5 6.0416249364076045
422.0 3.4937507265664234
422.5 5.509370373329691
423.0 1.5453317669319706
423.5 0.8179834115273803
424.0 1.5203935952139125
424.5 1.9796643906285336
425.0 2.047318963137578
425.5 3.351816741687731
426.0 0.2
426.5 2.0155795752473127
427.0 1.2858470893323348
427.5 3.835118146726371
428.0 2.646392002458411
428.5 2.132183411159211
429.0 2.7947739681730392
429.5 5.652552155838517
430.0 2.062266175796716
430.5 2.103745813720652
431.0 4.458289620886706
431.5 2.736142527649769
432.0 2.339942604347296
432.5 2.2681415469773074
433.0 1.6713144564665767
433.5 4.65105054071145
434.0 1.2807266253617644
434.5 3.688201486966702
435.0 3.459362602393118
435.5 1.7102553671763778
436.0 3.251825425527243
436.5 0.8424983035169304
437.0 2.507738639698263
437.5 4.848562253814352
438.0 2.8407922999246105
438.5 3.605679564135605
439.0 3.8116469602423493
439.5 2.0465899044053604
440.0 1.763606433561586
440.5 3.3183118637737072
441.0 3.079138480527942
441.5 3.020876402348085
442.0 0.852016189207554
442.5 3.2342962423683965
443.0 1.3776689277398013
443.5 0.5296981278716384
444.0 1.4733387943904857
444.5 4.668250574733449
445.0 0.3045549811453774
445.5 0.2
446.0 2.7207918463255982
446.5 2.2923772849188
447.0 1.707713940864832
447.5 3.9889246187261644
448.0 3.583813950274657
448.5 5.6123174627613555
449.0 1.7524847555979775
449.5 6.495198867598987
450.0 5.963432758977673
450.5 0.2
451.0 3.8092643348859547
451.5 2.279040530429407
452.0 9.75035845266926
452.5 7.128230999356545
453.0 6.596538093923682
453.5 0.2
454.0 4.379028794368245
454.5 3.0996977943273287
455.0 3.4106150737036955
455.5 4.381144053185201
456.0 2.9065102615591147
456.5 2.2438307176809458
457.0 3.857097113422895
457.5 3.103151360820092
458.0 1.1159986374846014
458.5 0.2
459.0 2.216884093888921
459.5 3.574826583061555
460.0 0.2
460.5 4.257396204806054
461.0 5.2577764509584455
461.5 6.838532011776694
462.0 2.9753524513979612
462.5 2.1278900269625907
463.0 5.592116239529903
463.5 4.323449563615889
464.0 0.2870118588743389
464.5 1.6524939168336605
465.0 6.778024894680005
465.5 2.667738438894213
466.0 6.140488049417387
466.5 0.9002490777984922
467.0 6.976036528819867
467.5 4.323453739848308
468.0 4.242242475020932
468.5 2.516822161595203
469.0 4.094836212979191
469.5 3.107915448840146
470.0 2.1929814175712474
470.5 4.308671037334184
471.0 4.219067451723705
471.5 11.238714313022042
472.0 5.1956784771956315
472.5 4.849031933403765
473.0 2.9011564788266146
473.5 1.7743163278306797
474.0 7.249578747591094
474.5 6.006247020374418
475.0 3.8035554645188396
475.5 3.4573859763459787
476.0 1.864215949849263
476.5 3.3991059602031495
477.0 1.325658161195273
477.5 0.2
478.0 5.742520861298489
478.5 6.923539247926476
479.0 4.5359105599803415
479.5 1.2337695197561604
480.0 4.026419441254535
480.5 7.255151200213399
481.0 3.546143446852394
481.5 5.875322644680397
482.0 0.2
482.5 2.780639181062135
483.0 5.520443728688602
483.5 3.2884739826917397
484.0 1.7634599176724288
484.5 1.1901027932694261
485.0 4.756536847610846
485.5 1.666072514028333
486.0 3.9840037545800238
486.5 6.449119819164875
487.0 2.1824511961196142
487.5 4.5533138076516995
488.0 4.885437877279843
488.5 3.1918248336165207
489.0 9.15746943545364
489.5 8.04462753043409
490.0 4.592582949952423
490.5 4.811012724016058
491.0 2.424802762453047
491.5 2.3588462260596126
492.0 2.9492220904471327
492.5 4.747842024592767
493.0 6.411135506987582
493.5 3.273385982852491
494.0 0.8902589244698849
494.5 1.2967761793443056
495.0 1.2764733308014904
495.5 7.503311252479323
496.0 4.213031402456165
496.5 5.507029865100951
497.0 5.174216031225521
497.5 1.7041658181825818
498.0 3.203302982434886
498.5 8.05849914865817
499.0 1.2116998822049467
499.5 3.243906758121099
500.0 2.4271575517966912
500.5 1.3030218605152433
501.0 2.633359532502853
501.5 4.07659835318136
502.0 3.9768257401700886
502.5 1.5779195632044272
503.0 4.249671806904634
503.5 3.059240276711625
504.0 4.736970867495062
504.5 1.0357938225718244
505.0 2.0633313916960696
505.5 1.2079423804237919
506.0 4.305528342898295
506.5 2.0477883324750468
507.0 2.987969791855582
507.5 2.2934701072207098
508.0 5.459690321237067
508.5 1.0416106076014464
509.0 0.6394327545961411
509.5 1.7705245435094747
510.0 1.3596680882743197
510.5 2.867231814978278
511.0 1.5418227963092888
511.5 2.9021632315149875
512.0 3.659698594051526
512.5 0.8427980548859351
513.0 3.015554708792193
513.5 1.0995678691640485
514.0 2.2282260901949593
514.5 3.527823043463316
515.0 3.768068904277073
515.5 2.944931433085091
516.0 2.406626195933966
516.5 2.1520577243698784
517.0 1.1431862037051128
517.5 0.8455904746853287
518.0 3.024679417319642
518.5 1.8902164957711294
519.0 2.1360025237035014
519.5 2.718694680689403
520.0 3.208033822121905
520.5 2.501128751328819
521.0 2.683587241780167
521.5 4.229229791883595
522.0 3.487478463569613
522.5 3.162463330109815
523.0 2.7944335951178028
523.5 2.6105018481214106
524.0 4.025943208173615
524.5 1.6454114353627274
525.0 6.357958299697356
525.5 1.4466511822666308
526.0 1.5136602803845036
526.5 5.51902826970316
527.0 2.8890822183739866
527.5 4.192839665321975
528.0 0.2
528.5 4.5410204819127316
529.0 2.910268558556664
529.5 2.0954995677953767
530.0 3.498634744775962
530.5 2.9473737026484756
531.0 0.22723747941566597
531.5 0.2
532.0 1.591002811405331
532.5 1.4162323060467872
533.0 1.6121613036890718
533.5 4.616753378181351
534.0 4.083927254237377
534.5 3.168369418412091
535.0 4.621748481908098
535.5 0.34309540426974916
536.0 3.3636993757853806
536.5 2.2878534289277965
537.0 3.2537964773305603
537.5 3.0346570057202613
538.0 1.5789657065070881
538.5 4.394984810760495
539.0 1.5456930644364828
539.5 5.113873405135817
540.0 1.760518929555876
540.5 2.359961446943177
541.0 3.3432360164986417
541.5 4.233664820107732
542.0 5.20500724033854
542.5 4.86634070204515
543.0 7.305646597139889
543.5 2.2447670183089583
544.0 2.239109744651209
544.5 3.2774189274913756
545.0 4.99599401008697
545.5 5.336551970817718
546.0 3.8599776093538916
546.5 0.4830124046125728
547.0 6.170965630997674
547.5 3.49537378740063
548.0 4.029688740107295
548.5 1.4874039004560526
549.0 2.5000448877822903
549.5 2.8257934528246413
550.0 2.841484835166291
550.5 5.275197348748385
551.0 4.285178024285351
551.5 0.2
552.0 2.674385923287274
552.5 0.31275853150837696
553.0 3.8901207852523134
553.5 5.475685714189864
554.0 1.4899582053829583
554.5 3.1884282238970694
555.0 3.722112733264054
555.5 3.003587108040656
556.0 2.709841464085398
556.5 1.0181065941219285
557.0 4.530556251798339
557.5 2.7696283105038737
558.0 2.532442774982058
558.5 3.2655873514950033
559.0 3.078434117051006
559.5 3.2464040914150476
560.0 0.2
560.5 1.8326547890427582
561.0 0.2
561.5 5.766882320494297
562.0 3.3061357894633194
562.5 4.228307088841081
563.0 3.276106149099706
563.5 2.8430103058518204
564.0 1.7322716948394772
564.5 1.2105299746017848
565.0 0.2
565.5 1.9237943045848964
566.0 0.4998053028965983
566.5 3.549545561352815
567.0 5.347430885029195
567.5 5.45753990426627
568.0 2.144622668679486
568.5 4.720792699350708
569.0 2.715595085273658
569.5 6.036816676159914
570.0 2.450718523441558
570.5 2.9166697542464535
571.0 7.882566416498007
571.5 3.4517398336210263
572.0 2.0614925635587014
572.5 3.6772283844815203
573.0 3.2441049040174534
573.5 3.54282135445278
574.0 6.953325062929101
574.5 7.6049859514062454
575.0 7.848482704707787
575.5 3.05800457418676
576.0 6.539459996554125
576.5 7.979384071720885
577.0 3.3657364941032455
577.5 0.7831050058821529
578.0 6.903513434445259
578.5 6.0274198169191475
579.0 10.609227121870974
579.5 7.151406935917893
580.0 6.339229136880643
580.5 5.216410223121486
581.0 3.5920819421770793
581.5 1.428037820171169
582.0 7.542260773746984
582.5 7.776445426129901
583.0 1.1552034253464574
583.5 3.3338831624066847
584.0 2.3839971534532154
584.5 3.476939307341907
585.0 1.3174993995157434
585.5 2.781163135542054
586.0 6.468927224693594
586.5 4.365453843952627
587.0 5.452580251115577
587.5 5.815312883429719
588.0 5.521031038261605
588.5 3.7081137033312794
589.0 1.8854785787821409
589.5 4.041717240376783
590.0 6.802703518599167
590.5 4.251207025463573
591.0 2.309053546146692
591.5 3.992180358436344
592.0 2.3049189622111013
592.5 4.973719367783276
593.0 2.7448237641015663
593.5 5.141216578298729
594.0 1.2322155560919383
594.5 1.1005066554880227
595.0 4.40935662239637
595.5 3.371746815312693
596.0 3.0474947065827642
596.5 6.441980605603426
597.0 6.418738835850099
597.5 4.558427141368773
598.0 4.79264354980373
598.5 4.95832551534523
599.0 5.079399359101872
599.5 2.042224797101901
600.0 5.185708742997148
600.5 6.9041095384807125
601.0 4.02574063754476
601.5 5.195386281417754
602.0 4.986423357624021
602.5 8.176437985131452
603.0 1.2137923775722776
603.5 0.8385065601729487
604.0 1.4181267637103945
604.5 7.197458046609038
605.0 0.5781825175422473
605.5 3.991732123597976
606.0 4.358913148297869
606.5 0.9451307808189013
607.0 3.620238137356064
607.5 2.3651813633541563
608.0 5.282212253008062
608.5 7.55319636467212
609.0 4.536173338514539
609.5 3.403569029532363
610.0 4.189319323044348
610.5 6.41933455712301
611.0 3.1309925157921166
611.5 0.5910364554314889
612.0 3.4137769758616994
612.5 1.8753414132349473
613.0 1.9896356902078909
613.5 2.4239326255915015
614.0 4.473796685703249
614.5 3.3773230366045133
615.0 2.583501510487901
615.5 0.7391995047701214
616.0 4.014480809168727
616.5 2.8334277152349503
617.0 4.203817877971344
617.5 3.0328197418078906
618.0 0.9295583038208919
618.5 3.5239611731310903
619.0 3.5633505799348457
619.5 2.364324961202351
620.0 1.710673570861655
620.5 3.968523101247097
621.0 1.66466804197243
621.5 2.2862005377737677
622.0 3.175184797413599
622.5 4.35706703518007
623.0 3.7693051399294775
623.5 3.7598484219234907
624.0 2.6614467553457297
624.5 0.665182758014121
625.0 0.2
625.5 4.131135003944624
626.0 3.7962458974291113
626.5 1.1555251800701936
627.0 3.0098377267173393
627.5 3.4115587928246756
628.0 2.2583552035616776
628.5 4.866255063611508
629.0 1.4586493211102494
629.5 0.7617000305643411
630.0 3.3960073659689645
630.5 4.213304587611961
631.0 5.917199748347418
631.5 2.1372669365991235
632.0 1.9008965525046322
632.5 3.6007749529457884
633.0 2.315033866419958
633.5 1.0665430842941037
634.0 2.2194784126213687
634.5 3.678916731369594
635.0 0.48358483212272185
635.5 7.032016235481011
636.0 2.707658760593585
636.5 2.717594202486811
637.0 3.5990454952623026
637.5 4.524166391502006
638.0 6.333362511943676
638.5 4.369730481585815
639.0 6.4691666587731405
639.5 5.2765899635058755
640.0 7.272813520322815
640.5 3.8662863335644184
641.0 2.477973083904776
641.5 7.961814944563228
642.0 1.5081255495216528
642.5 4.709516260190659
643.0 4.753819513359157
643.5 6.888121893299132
644.0 5.049441874053788
644.5 4.551465360428801
645.0 3.4689141986665177
645.5 4.363540138554803
646.0 0.2
646.5 7.231087544184429
647.0 3.9640560751193257
647.5 6.414946864638724
648.0 7.660113916516595
648.5 6.223735502061241
649.0 3.0859129784807564
649.5 6.434005213520855
650.0 0.9152581428609543
650.5 0.9020905562981927
651.0 3.5861814779996566
651.5 4.516941168483724
652.0 9.621183508270775
652.5 5.718274718316708
653.0 7.380968195344102
653.5 8.441849688226402
654.0 5.303427961196708
654.5 0.9491234295962756
655.0 4.569445198412684
655.5 3.747995477752743
656.0 5.307148934095971
656.5 2.382813586352275
657.0 3.2102451620971926
657.5 1.1374422721888129
658.0 3.3998717372650593
658.5 4.948090540336908
659.0 3.3564388551368087
659.5 1.2160582856829116
660.0 0.8462446204900043
660.5 1.5930158563182326
661.0 4.167116345632063
661.5 4.2385250361998255
662.0 0.2
662.5 4.29829416054496
663.0 3.8790213232278763
663.5 5.534118454347939
664.0 4.567877036896285
664.5 6.082771502080451
665.0 4.068938484090774
665.5 1.9718187543333612
666.0 4.7301930928022085
666.5 2.4501172825736224
667.0 6.713534726959114
667.5 4.686922009014258
668.0 4.246561228931113
668.5 4.201074633125954
669.0 6.903963962112451
669.5 7.1186167082291
670.0 2.771166791834668
670.5 4.912492483912085
671.0 3.409065697262543
671.5 3.496550791796989
672.0 5.904987739567961
672.5 4.315397101009577
673.0 0.3061878002784115
673.5 5.625773001529188
674.0 8.2057638321116
674.5 0.6514470264276317
675.0 1.4484924433446071
675.5 4.5672839817762405
676.0 5.3744523654249745
676.5 9.2114468681556
677.0 6.486652736660629
677.5 0.9570320755379966
678.0 0.44572010589225775
678.5 4.363489416306311
679.0 0.3103970967800622
679.5 6.9989257240270675
680.0 0.7059899870651432
680.5 4.543227997144308
681.0 0.5081103759631929
681.5 0.2
682.0 1.0972137837388023
682.5 6.025529758303115
683.0 4.597377040691513
683.5 5.455308637969424
684.0 2.3035522888304665
684.5 2.4665122530280432
685.0 6.368346739773109
685.5 4.778390060619215
686.0 5.301779074420329
686.5 2.073277094514266
687.0 3.742471071968098
687.5 4.828533781256368
688.0 2.352059149053065
688.5 0.8880871962034567
689.0 4.3001459150879535
689.5 3.8479680190221925
690.0 2.4838143740530265
690.5 3.2740886885489413
691.0 2.9133432132755464
691.5 1.7140211082137735
692.0 3.261277906740571
692.5 4.549243952590826
693.0 2.5685256245600865
693.5 2.567016977541572
694.0 5.050069583617509
694.5 5.312938092953971
695.0 2.7990045010796556
695.5 1.001933818608272
696.0 5.273400421471531
696.5 3.598779893247878
697.0 4.017313924909374
697.5 5.0385246754018675
698.0 6.881775219768139
698.5 5.716584057105363
699.0 3.49492134268197
699.5 3.108497077188391
700.0 8.426625448426277
700.5 4.372722268217641
701.0 3.2471024029278497
701.5 5.293889079473702
702.0 9.073903146116706
702.5 0.2
703.0 0.9714281218453693
703.5 4.213690770414666
704.0 7.700763816222288
704.5 2.9956461182811123
705.0 1.080876386630654
705.5 2.5758427676152342
706.0 5.132086580540564
706.5 6.40880911941547
707.0 1.4215788534505656
707.5 4.083920278287313
708.0 5.430266790486979
708.5 3.5789063989965753
709.0 7.191224525005245
709.5 0.8369926523811375
710.0 3.908415162083586
710.5 5.0834658720166725
711.0 5.338495117282129
711.5 0.2
712.0 4.881038475467728
712.5 2.739426071696042
713.0 2.8408331512636327
713.5 4.84603267173701
714.0 7.366588671536146
714.5 3.332783166096557
715.0 1.9450487086055657
715.5 4.33795689292565
716.0 5.423723043297906
716.5 5.414754044825014
717.0 7.1666595210688016
717.5 8.186310780212965
718.0 1.8874577576298694
718.5 4.572379605709439
719.0 3.44244130317206
719.5 1.0912581253678808
720.0 0.2
720.5 1.5226819270123602
721.0 3.8131774549260244
721.5 4.399356965996606
722.0 3.3641032785511786
722.5 5.09610146212923
723.0 4.322575016588402
723.5 3.7220001966437715
724.0 8.454487231744721
724.5 7.227664527662677
725.0 4.85087236636492
725.5 5.92087037664987
726.0 3.113171434131843
726.5 4.075691816871803
727.0 5.644956996913995
727.5 5.761252242336161
728.0 6.28385828431134
728.5 3.374295989844603
729.0 5.287900214958155
729.5 7.573068499795433
730.0 6.557909504921119
730.5 3.8490044216814736
731.0 2.2867394612348804
731.5 2.2516624235976272
732.0 3.695196665289113
732.5 6.2890273644190895
733.0 9.06796008643444
733.5 5.7863738129141105
734.0 6.1548330347498315
734.5 4.098765806796569
735.0 3.9955033131502917
735.5 3.0323455769377072
736.0 3.4801891107225242
736.5 1.7300322236936776
737.0 2.6491164177840023
737.5 2.464729085226044
738.0 3.6758981122111214
738.5 1.1350331044277029
739.0 2.537270884104108
739.5 2.8273630745074234
740.0 0.2
740.5 4.989170817491905
741.0 1.4505004234384282
741.5 1.3647736307306513
742.0 3.732798001822234
742.5 4.34353869554939
743.0 2.1789700262306217
743.5 3.695530937193444
744.0 2.791377571114606
744.5 0.2
745.0 2.84562886287064
745.5 4.909926577655332
746.0 2.2445880735195662
746.5 2.8076417351995238
747.0 3.5785977133526847
747.5 4.706990142632192
748.0 3.095810200234088
748.5 3.134746548059163
749.0 1.6209151392135819
749.5 3.395257266740337
750.0 1.008889167408771
750.5 2.9815929172084426
751.0 5.839556001499787
751.5 1.1392843108546842
752.0 2.0500536454648346
752.5 2.602496221968901
753.0 5.213492353802218
753.5 4.650452779052784
754.0 3.71649904764631
754.5 0.2
755.0 3.736653620747628
755.5 2.082152050696185
756.0 3.4785877076581033
756.5 1.0324666485272556
757.0 0.7500200819476106
757.5 0.2
758.0 0.7833350569280575
758.5 3.2423033209133214
759.0 2.304711583978034
759.5 2.662721081077478
760.0 1.2558182908975628
760.5 5.07950199856719
761.0 5.214797550954215
761.5 2.409811681293096
762.0 2.1739884879153353
762.5 3.7052195333260665
763.0 4.970034800371412
763.5 2.9984466200555584
764.0 1.8369471128696275
764.5 3.8449868181062126
765.0 3.656262435293886
765.5 1.4699552512841194
766.0 2.3326649949597122
766.5 3.3899155896661304
767.0 1.7372045324039944
767.5 4.492582416146602
768.0 3.2185459970482215
768.5 1.8607404840452277
769.0 3.986797250544199
769.5 2.837930047158962
770.0 2.342283468769696
770.5 1.9360398776573173
771.0 1.948931162218393
771.5 3.8336401115492107
772.0 1.7953299695456275
772.5 2.2358042900083612
773.0 2.4037523534404293
773.5 0.2
774.0 5.440198614734502
774.5 4.296303605766421
775.0 2.6177108879286273
775.5 4.527621808791631
776.0 2.660033518784337
776.5 6.16993135531054
777.0 1.3388368482985262
777.5 2.564848683117969
778.0 4.251923477325095
778.5 3.933696329937571
779.0 6.600915345096781
779.5 4.506966554629948
780.0 1.3428116438387363
780.5 3.4376519983677123
781.0 5.071349009846013
781.5 2.677329573028219
782.0 0.6997378348237717
782.5 0.5942915456278146
783.0 5.430903494648528
783.5 2.4728585365611178
784.0 4.844438472314394
784.5 6.211771028534946
785.0 4.957764880701829
785.5 0.9315266669431175
786.0 0.2
786.5 3.4665659956246406
787.0 4.249083324667932
787.5 2.513498999665296
788.0 2.4493440422018216
788.5 1.068314976245988
789.0 3.586999082993856
789.5 2.2709741381842834
790.0 2.826705585711303
790.5 0.40822730209325275
791.0 2.217606764733192
791.5 3.182536694606756
792.0 0.2
792.5 2.1537771494771922
793.0 5.134421047355343
793.5 1.3151591341550404
794.0 3.000035727206713
794.5 2.7549907196390055
795.0 2.6726387869259156
795.5 1.3018365008926223
796.0 3.2503919616055805
796.5 2.209194405898117
797.0 1.1655283800824003
797.5 2.6527928369757867
798.0 1.9884861295320482
798.5 0.2
799.0 3.6788379850249893
799.5 2.2146553689449906
800.0 0.2
800.5 1.7524826592711453
801.0 0.9202898029920576
801.5 5.725517585335967
802.0 0.6697252286440958
802.5 3.633794555976945
803.0 3.475167730910764
803.5 3.259908346771409
804.0 5.154374528274339
804.5 5.242102441648442
805.0 3.3541618876088175
805.5 7.537127604719442
806.0 5.158273841636713
806.5 2.100596298389828
807.0 1.9423964273415413
807.5 2.2657733547227634
808.0 2.9405357700446393
808.5 4.514119558799221
809.0 3.5181139617006014
809.5 0.6748565292565347
810.0 2.5912502719271897
810.5 2.858215905818446
811.0 3.3385460393832407
811.5 2.709290979070473
812.0 4.57844902756961
812.5 2.4020941851874076
813.0 2.0681362192548143
813.5 0.2
814.0 4.34322962225164
814.5 2.6626611690408075
815.0 3.625967138200195
815.5 2.4706577649831116
816.0 1.6158493739766673
816.5 3.304043621947062
817.0 3.3194126845133978
817.5 2.601527587322689
818.0 4.457826242202005
818.5 5.370923060996919
819.0 1.8760029046685436
819.5 2.059782118239764
820.0 3.456800913785171
820.5 1.5485963153092563
821.0 2.336384997130546
821.5 3.004652599170508
822.0 2.2118795770003237
822.5 1.2481737794510284
823.0 4.818604579735244
823.5 1.461873664315281
824.0 3.426173814057952
824.5 1.0466778772882794
825.0 1.6458497344690817
825.5 3.565843873636471
826.0 0.9855531247719869
826.5 2.236560941458434
827.0 1.702661323586776
827.5 2.3810522774531093
828.0 3.0633004447233985
828.5 2.6738642057807174
829.0 1.3873391191491464
829.5 3.5877184434309655
830.0 7.5023302670855205
830.5 3.1084675189039475
831.0 6.425038782703712
831.5 3.24631753507097
832.0 3.5982652740370593
832.5 5.266589835139094
833.0 4.662005089966174
833.5 4.596115756079859
834.0 1.9013149161133607
834.5 5.775042274808164
835.0 4.745083712628446
835.5 2.3806815162004153
836.0 4.458478300763371
836.5 3.129594233224777
837.0 4.286292722038124
837.5 3.6652245202921474
838.0 4.975574289770481
838.5 3.679277087191338
839.0 1.7684616397907875
839.5 6.297187719990481
840.0 2.1837205488172815
840.5 7.271029583726248
841.0 1.6187914249721116
841.5 2.3088763115737945
842.0 4.014208207126423
842.5 2.8571543306470533
843.0 2.724227379881232
843.5 4.611518260284564
844.0 1.3051923724202723
844.5 5.1518411496057155
845.0 0.2
845.5 5.348201569364642
846.0 0.4333491301637018
846.5 4.296687900004968
847.0 5.630717890444769
847.5 5.333847438125323
848.0 2.031153975679778
848.5 4.585311994968753
849.0 4.810916556616263
849.5 6.6231418301501375
850.0 4.495230093052385
850.5 0.2
851.0 0.2
851.5 3.116801144539477
852.0 0.2538245467754945
852.5 4.598590220476248
853.0 3.0091568093239394
853.5 5.959014753691681
854.0 3.492496752433773
854.5 4.143944155277576
855.0 2.9588513151937033
855.5 2.7795319694996135
856.0 3.027459205528884
856.5 5.053667942277071
857.0 3.069200378098042
857.5 4.632575054474901
858.0 6.326754691450265
858.5 7.56956972004968
859.0 4.612003337124558
859.5 2.9227091240791423
860.0 0.2
860.5 3.0975947691949797
861.0 2.2270324011623153
861.5 0.2
862.0 0.2
862.5 6.31150938066415
863.0 3.4223427139697535
863.5 6.0495388977435915
864.0 1.1161502834125545
864.5 3.9286493207970548
865.0 3.646420274633204
865.5 3.5634598946281155
866.0 3.905317531304418
866.5 2.860771682792275
867.0 1.1104895789829845
867.5 4.482999658627643
868.0 5.700740381926403
868.5 1.58485635305526
869.0 3.93147192079993
869.5 1.9970640907874408
870.0 3.8993553956090072
870.5 3.1994270165233223
871.0 0.7059839087978919
871.5 3.609086388328271
872.0 3.4804565110600456
872.5 5.694030817676536
873.0 3.0589877050026075
873.5 1.4557437778635731
874.0 9.187570973114198
874.5 6.967460818239994
875.0 3.274606553663359
875.5 5.456617381040715
876.0 2.284466283656018
876.5 3.6141875394567453
877.0 9.358806517036893
877.5 6.018767033628782
878.0 4.146190507343324
878.5 4.058225152482895
879.0 5.929789649562653
879.5 3.341669312072338
880.0 1.255182949334353
880.5 6.105261941343908
881.0 3.235048982862096
881.5 8.457604276070555
882.0 6.700023998342706
882.5 5.010188705607213
883.0 0.2
883.5 6.385020209819002
884.0 3.9182164053305057
884.5 0.2
885.0 4.471409813298819
885.5 0.2
886.0 4.071716685230127
886.5 5.534496601447441
887.0 2.20521338972129
887.5 3.730256795815116
888.0 4.919501142993386
888.5 3.261427134679571
889.0 3.633145278362283
889.5 0.6159694676740632
890.0 5.030129310281094
890.5 4.0107407525153125
891.0 2.366402715259767
891.5 5.873608137482509
892.0 3.0109459906545384
892.5 4.845868948823425
893.0 5.395066037655322
893.5 2.234805954999718
894.0 4.8998736386986605
894.5 3.6363649127413904
895.0 8.350903882565708
895.5 6.357532362904869
896.0 5.782034618914805
896.5 3.5959893808943186
897.0 3.783611360296869
897.5 2.5350836048886998
898.0 3.4342587223406458
898.5 1.5459574904499518
899.0 4.808797183245859
899.5 0.2
900.0 0.49190447378249624
900.5 2.325312422786785
901.0 5.916640470204723
901.5 1.9994575571749322
902.0 6.546802151014644
902.5 2.5352390226523362
903.0 7.399639412649955
903.5 7.323030501172015
904.0 1.554725447517757
904.5 5.001897149117108
905.0 2.004931217456153
905.5 3.662146044364185
906.0 2.1233288838937074
906.5 4.468484353634781
907.0 3.063722835319176
907.5 1.9083388062753803
908.0 5.542903990448698
908.5 3.4961817630586807
909.0 0.2
909.5 3.7744451360179063
910.0 5.725506172225775
910.5 1.2026112294287703
911.0 5.8328766904700995
911.5 9.75476508708444
912.0 3.014956425559223
912.5 2.821682656753837
913.0 10.192079816067984
913.5 5.4638814871870665
914.0 2.3954285245725853
914.5 4.231454299870382
915.0 1.9337440662233294
915.5 4.106647432745145
916.0 3.349804379467498
916.5 2.7966526170898875
917.0 4.66435259642728
917.5 5.209037215978437
918.0 9.266681080005698
918.5 6.263452540862708
919.0 5.782985459230081
919.5 3.586410421347938
920.0 5.580478166361785
920.5 1.690856244814681
921.0 6.380400623121731
921.5 6.220343030442419
922.0 7.481111087011547
922.5 7.855965636316572
923.0 9.069279923772923
923.5 4.266591798618935
924.0 6.1446849468022116
924.5 1.3319505048186127
925.0 2.953219547056578
925.5 5.949496226041916
926.0 4.993424186822837
926.5 6.986005998661602
927.0 0.2
927.5 1.1837327035564496
928.0 3.298493478593918
928.5 5.556513687279203
929.0 3.3255591910022506
929.5 1.9402834543346539
930.0 2.1814875885742167
930.5 2.9853943191009114
931.0 0.8318277033511943
931.5 3.4263689551957768
932.0 3.292845048237421
932.5 7.497052829799324
933.0 7.020409399134752
933.5 0.560010530178066
934.0 8.256874144386966
934.5 7.186016450769135
935.0 7.987641143576724
935.5 2.3068603368218996
936.0 0.9879740034943167
936.5 3.337602850710844
937.0 5.546641922847165
937.5 5.630335213795786
938.0 0.2
938.5 2.911807674947949
939.0 1.1410207861570645
939.5 2.644588503624791
940.0 3.0813542909660945
940.5 6.92703586385996
941.0 2.845176164102257
941.5 3.197307223642512
942.0 3.488232244693333
942.5 3.2910082987176263
943.0 2.51621750703944
943.5 2.8429382224799493
944.0 3.582995704335821
944.5 2.2452816136057008
945.0 1.7768791590682516
945.5 3.689698576865229
946.0 4.1258760386317554
946.5 2.349798725193461
947.0 4.523732745094556
947.5 1.6033001332270247
948.0 2.6921677475398758
948.5 2.8506487450612306
949.0 1.9542159976383928
949.5 2.9979048993716333
950.0 1.3275394209991942
950.5 1.028835980171114
951.0 2.459201678458803
951.5 4.861200107714765
952.0 5.051193146098063
952.5 2.616186652861963
953.0 2.7399479934915396
953.5 1.5363184486603028
954.0 1.4566783873586224
954.5 1.261850085209993
955.0 4.211274029239441
955.5 2.584088964673719
956.0 1.5415356983781772
956.5 4.076946257672344
957.0 1.169415418801024
957.5 3.052390019443589
958.0 3.644296779634033
958.5 2.6240750810981117
959.0 5.642915953621404
959.5 3.7020589595690496
960.0 4.000456696076665
960.5 4.508274893556518
961.0 4.513776793477324
961.5 2.9880368442128846
962.0 4.748019328139115
962.5 6.560701201859781
963.0 5.5009246607285505
963.5 3.9663659308753005
964.0 4.168302549114874
964.5 6.273658046843832
965.0 2.6182524535471137
965.5 4.269816804846899
966.0 4.862776025451924
966.5 8.201840985960121
967.0 4.121822399014539
967.5 8.507633016052814
968.0 3.7761257561529766
968.5 5.219998676445302
969.0 5.427178911434486
969.5 2.4601452669402875
970.0 1.8154457837115916
970.5 1.7691900818597195
971.0 5.509901865287621
971.5 5.95003046155453
972.0 6.057419369125899
972.5 4.741864143350983
973.0 4.866482923312258
973.5 5.022780142333239
974.0 1.892942287434868
974.5 1.301911713661013
975.0 4.398307737779232
975.5 0.853595196460613
976.0 8.203272850937372
976.5 3.1642058795782546
977.0 1.9266564790950391
977.5 7.534832321297504
978.0 5.6363585322692495
978.5 9.067445808706484
979.0 0.2
979.5 2.6218051995388922
980.0 4.465674631869012
980.5 4.963811464321417
981.0 7.275758864867517
981.5 1.5917719652508695
982.0 4.0632479815188915
982.5 2.953905034436665
983.0 3.6043549767019387
983.5 6.8855729672986055
984.0 5.867517055186547
984.5 4.512888493947181
985.0 11.67891459634043
985.5 3.594657783072446
986.0 0.36528185111104605
986.5 4.891206952654008
987.0 3.27664594847983
987.5 5.643769776655174
988.0 7.0776101075598215
988.5 7.76068959805875
989.0 3.8141071451074744
989.5 4.652124545545693
990.0 6.457620370828848
990.5 6.142848876381798
991.0 3.2061172183201077
991.5 6.15586733956309
992.0 5.741332370630848
992.5 0.2
993.0 1.0747484832257088
993.5 5.9451616990781675
994.0 6.763023580377537
994.5 5.493010051461896
995.0 7.726951787734016
995.5 5.339932216470864
996.0 4.9245809877929565
996.5 2.3970197872882393
997.0 5.375874873747853
997.5 5.661859746557061
998.0 3.258221912063437
998.5 1.3889681142832628
999.0 2.403408651731486
999.5 1.0092046856478214
1000.0 3.5714893610532394
1000.5 3.952123254038285
1001.0 4.084761562102906
1001.5 3.283490224696134
1002.0 3.0256144482851512
1002.5 3.6100915971747813
1003.0 2.1306678025685404
1003.5 3.9192619611071473
1004.0 1.150499405432762
1004.5 4.616312850115371
1005.0 0.2
1005.5 1.5784226876185126
1006.0 5.221533866652621
1006.5 3.3629800880660476
1007.0 2.914105721380259
1007.5 1.295818769580415
1008.0 3.651177697660219
1008.5 2.344929507895711
1009.0 2.665433649615503
1009.5 1.9648742518583369
1010.0 2.7001994840199863
1010.5 4.970523329457361
1011.0 0.6392181938778103
1011.5 2.8782465299180084
1012.0 2.221772009403418
1012.5 5.248618884571872
1013.0 8.305217289009601
1013.5 4.565275040591812
1014.0 0.2
1014.5 4.4883623349613355
1015.0 2.4988964282429795
1015.5 5.0460663532329235
1016.0 2.217521377712222
1016.5 0.2
1017.0 6.385131460160462
1017.5 2.964624019365182
1018.0 1.63764894651238
1018.5 3.6895689245753442
1019.0 3.061736121845955
1019.5 1.3230899843852504
1020.0 3.8762464921277795
1020.5 3.940592294940866
1021.0 2.5942908704497385
1021.5 3.248427198404349
1022.0 3.585928605938678
1022.5 4.378565383770198
1023.0 2.356267502642844
1023.5 2.50436111025117
1024.0 4.301899811049365
1024.5 7.536792345384239
1025.0 4.6640539398311365
1025.5 1.7401956516890078
1026.0 3.407840773320056
1026.5 3.1263997558011063
1027.0 1.6140748313446183
1027.5 3.0489763003882406
1028.0 3.3371567431947886
1028.5 2.1518424480272658
1029.0 3.803046231801035
1029.5 8.310427307899541
1030.0 4.156000946088139
1030.5 7.024423846139729
1031.0 3.3193203435149607
1031.5 5.401434155363358
1032.0 2.296515506795348
1032.5 6.431575830247549
1033.0 3.81867271102503
1033.5 8.697466943942747
1034.0 5.755068590185825
1034.5 6.425313488835825
1035.0 2.740137918579001
1035.5 2.919786820409735
1036.0 3.0798752679941908
1036.5 3.232838641901238
1037.0 5.150028517410078
1037.5 5.310232279908764
1038.0 6.65001954564462
1038.5 4.6678704142315715
1039.0 4.126145215849104
1039.5 4.429310346452848
1040.0 3.547556816383804
1040.5 3.1571222840012654
1041.0 0.2
1041.5 4.5232343390572645
1042.0 0.6641908535711072
1042.5 3.0004172651304364
1043.0 3.1727165644813664
1043.5 1.8176851232302857
1044.0 0.8338766321713353
1044.5 6.213007016396224
1045.0 0.9753204375286453
1045.5 2.778170147589762
1046.0 2.6740796882752225
1046.5 6.665833372716671
1047.0 1.7085159979778337
1047.5 5.203771466267948
1048.0 5.081445750044947
1048.5 1.7048877442603225
1049.0 6.275720429096949
1049.5 0.38772369988930455
1050.0 2.9262775904021376
1050.5 5.605148529881304
1051.0 4.467764662637283
1051.5 6.851227452123969
1052.0 0.24181043297232652
1052.5 3.4943614446005755
1053.0 3.610228090470007
1053.5 4.100546703911402
1054.0 2.597208827494656
1054.5 4.721580046762156
1055.0 2.794321025942514
1055.5 3.510219157815087
1056.0 6.883731680543488
1056.5 5.7575694442275545
1057.0 3.45821999956454
1057.5 0.48550966107183546
1058.0 0.2
1058.5 2.6050213048558577
1059.0 3.4164893587700305
1059.5 5.3313424837947085
1060.0 0.2
1060.5 3.2106734188755843
1061.0 1.759602245158501
1061.5 2.9997549705569044
1062.0 3.788485991963447
1062.5 2.840079261214437
1063.0 2.5751534576269366
1063.5 4.6748260562222645
1064.0 5.131603914260648
1064.5 1.6031577511160409
1065.0 5.320756834451847
1065.5 4.261642076033631
1066.0 7.0548057724659845
1066.5 2.427803150165925
1067.0 1.780573881727334
1067.5 5.161553065902369
1068.0 4.248454755172325
1068.5 3.2662150165773127
1069.0 3.912531414209416
1069.5 1.59965991430201
1070.0 4.039656754687351
1070.5 2.835917441431128
1071.0 3.7890874778755035
1071.5 0.2
1072.0 0.6005074073733123
1072.5 2.7276556342704223
1073.0 2.6654598070984847
1073.5 5.461689881514142
1074.0 3.548761614210388
1074.5 6.285271092499562
1075.0 4.202765033121711
1075.5 6.270023051425444
1076.0 0.34507418380938404
1076.5 3.1439722798856913
1077.0 5.413045266227003
1077.5 5.728362415932669
1078.0 7.957298688428454
1078.5 3.0905284553647663
1079.0 6.895223376460056
1079.5 3.008890018410103
1080.0 6.01742267841632
1080.5 7.589069838144915
1081.0 4.2888443694072915
1081.5 6.1888705062091525
1082.0 6.318814413579708
1082.5 9.432228316647347
1083.0 3.944887050813591
1083.5 0.2
1084.0 4.683996689956441
1084.5 5.193010276784831
1085.0 3.2792716317462123
1085.5 4.971311786295533
1086.0 0.6792479300004306
1086.5 5.525260807700815
1087.0 2.7184349486623844
1087.5 7.566016401506976
1088.0 7.791093598735352
1088.5 5.486403292076333
1089.0 1.6557541902073991
1089.5 5.793319592171987
1090.0 8.408659439631528
1090.5 1.7010680725366063
1091.0 6.426285754348833
1091.5 4.585414361584456
1092.0 6.606464490179718
1092.5 6.6430543514649
1093.0 6.949892268897441
1093.5 6.482907214522568
1094.0 3.60019347750888
1094.5 5.338376248048052
1095.0 4.512527017513847
1095.5 1.0576933306953094
1096.0 9.667766908292592
1096.5 2.413827703856354
1097.0 3.1217329546845405
1097.5 6.941902963131598
1098.0 1.7922851154984998
1098.5 4.723572167575469
1099.0 3.2590249419245563
1099.5 1.5618411333484283
1100.0 4.739584725169644
1100.5 3.595488121099394
1101.0 4.582063948124706
1101.5 2.8264926778938424
1102.0 5.735732279096215
1102.5 3.4528331825801204
1103.0 3.297351775016996
1103.5 4.4179139017062266
1104.0 1.085810974185867
1104.5 2.106241673109173
1105.0 1.3622682703300408
1105.5 6.2160348777891485
1106.0 4.11884841905591
1106.5 4.30723933462261
1107.0 1.7648153101783581
1107.5 1.9736344982950322
1108.0 5.217776857979008
1108.5 1.725029318212513
1109.0 4.703892276816685
1109.5 3.4187810321729026
1110.0 3.3695136783385853
1110.5 2.687436364346588
1111.0 3.2827367153606826
1111.5 3.2014431158854926
1112.0 3.7012505242699785
1112.5 3.0804374430103865
1113.0 4.248701049133922
1113.5 5.335505209248621
1114.0 2.4429787717085074
1114.5 4.146972598581383
1115.0 5.077336705839075
1115.5 3.304417376259635
1116.0 0.2
1116.5 3.4290814899420083
1117.0 0.2
1117.5 2.551312342244944
1118.0 2.361538077001384
1118.5 1.2647780492411251
1119.0 4.525662782966368
1119.5 1.6376137548284695
1120.0 3.9127788573193327
1120.5 2.375069611825129
1121.0 4.317185191248537
1121.5 0.9559395780634239
1122.0 3.113962556601917
1122.5 3.3493415717540675
1123.0 1.7630302717503943
1123.5 3.533818886564955
1124.0 2.8646881011157626
1124.5 6.168660652271981
1125.0 1.2808095844767236
1125.5 0.2
1126.0 2.2725858407667223
1126.5 1.0952098691538688
1127.0 3.7785575349564917
1127.5 2.9407459206408895
1128.0 2.7778088036036763
1128.5 3.0176189126602058
1129.0 0.2
1129.5 3.4329709208278336
1130.0 0.2
1130.5 3.04397687218359
1131.0 3.6791020911169854
1131.5 4.008573580509574
1132.0 1.5247753184529753
1132.5 2.846613222719881
1133.0 3.6416563287395
1133.5 2.350873695164518
1134.0 2.686420256258078
1134.5 2.871749356792603
1135.0 1.7613235826770242
1135.5 5.906205320879828
1136.0 4.221717818590985
1136.5 0.7151966445046396
1137.0 3.960728667686025
1137.5 2.114395287138298
1138.0 4.363861479285883
1138.5 3.056748436231863
1139.0 6.200935403100079
1139.5 4.527995997004522
1140.0 3.103515057712113
1140.5 3.6388734743576023
1141.0 3.937363886147426
1141.5 0.4683244488140863
1142.0 4.420411032199095
1142.5 5.926180784589031
1143.0 5.248784887336992
1143.5 0.5339665185646916
1144.0 3.6190693044488826
1144.5 1.6973354675973567
1145.0 6.571097732083965
1145.5 6.383645634798318
1146.0 4.22519826089178
1146.5 5.608945010072116
1147.0 4.924645230219415
1147.5 6.065165456143081
1148.0 4.546468714437253
1148.5 5.286121720122528
1149.0 5.145384943055195
1149.5 4.678322548461397
1150.0 2.2847039674060037
1150.5 2.968745909688709
1151.0 2.1074379581429863
1151.5 1.5450148284836351
1152.0 2.5465513434107936
1152.5 2.3507608401728723
1153.0 4.7408299148385264
1153.5 4.019006989761674
1154.0 2.0939180159423847
1154.5 1.9849296001625047
1155.0 2.2214136689666
1155.5 2.1535179934643285
1156.0 0.23530944885402638
1156.5 4.625417054661593
1157.0 3.452918644176836
1157.5 4.571099911853873
1158.0 1.3921791116672302
1158.5 5.5982315132729035
1159.0 1.2306712290785773
1159.5 0.2
1160.0 6.138242485804067
1160.5 4.579417642415981
1161.0 2.3255112534431555
1161.5 4.7219182172850775
1162.0 5.029524524571741
1162.5 4.497865928375065
1163.0 3.8724797596004477
1163.5 1.586582345609745
1164.0 4.035529058228507
1164.5 1.3969219069973466
1165.0 5.263727335956306
1165.5 5.363216660301376
1166.0 4.396911860033717
1166.5 1.9586266233085474
1167.0 3.752411635218747
1167.5 4.35564724229735
1168.0 5.301549438380086
1168.5 2.3438701218773805
1169.0 4.746704062366785
1169.5 1.528427134071301
1170.0 2.264422118861226
1170.5 5.449100100328504
1171.0 2.4150805379084286
1171.5 4.062338680058362
1172.0 0.2
1172.5 4.434677454177771
1173.0 2.0661918843935823
1173.5 2.4323878694028975
1174.0 6.606298208358206
1174.5 4.0566871741230255
1175.0 6.344962817135739
1175.5 3.615464613331536
1176.0 3.9587296080549232
1176.5 4.656876142958863
1177.0 3.3703059428361226
1177.5 3.263195619398554
1178.0 4.006486878515352
1178.5 6.684348641228603
1179.0 5.201952850332399
1179.5 1.734322998541487
1180.0 1.80496346017079
1180.5 3.099691777877645
1181.0 1.8477700265086692
1181.5 2.768388951853731
1182.0 1.949959189846046
1182.5 0.9219335071731447
1183.0 4.048102505260381
1183.5 3.4177168073863062
1184.0 1.9189987506178285
1184.5 2.758564306134791
1185.0 1.8285196260604482
1185.5 7.22170476426202
1186.0 2.422436106945971
1186.5 0.45919947164287445
1187.0 2.742769181266119
1187.5 2.282901833412705
1188.0 2.6841545772823032
1188.5 0.9577416320040408
1189.0 5.1575814843378165
1189.5 3.111430098053315
1190.0 1.1099492523447616
1190.5 1.4206409258668582
1191.0 3.268712057373888
1191.5 2.0791832104968138
1192.0 4.481679401491274
1192.5 2.6441198246060957
1193.0 3.0541019503144486
1193.5 3.465288869437129
1194.0 1.9602146477114766
1194.5 2.5279165904928926
1195.0 4.036477672868268
1195.5 1.2647395470461247
1196.0 3.074844733858973
1196.5 5.145525954427709
1197.0 1.0953035387276326
1197.5 5.1274431035261525
1198.0 4.383832448776433
1198.5 3.45405104083462
1199.0 3.189276926489927
1199.5 0.2
1200.0 3.25435088931318
1200.5 2.5143201223677525
1201.0 4.291059782956674
1201.5 2.304129998211524
1202.0 4.287276411339353
1202.5 4.0700080683766044
1203.0 3.253209267349843
1203.5 3.183978500922141
1204.0 2.5953720192690257
1204.5 4.163079446738175
1205.0 3.2000357118964966
1205.5 3.5823131851665435
1206.0 3.4314488365683746
1206.5 1.3690823854746936
1207.0 3.585971756140614
1207.5 1.5084457951839911
1208.0 2.0827659224846284
1208.5 4.057148781912626
1209.0 2.513390041561915
1209.5 1.1392995991523056
1210.0 1.289910794719626
1210.5 2.014078281021243
1211.0 5.497404047527162
1211.5 4.615729741991302
1212.0 0.2
1212.5 4.336475757734268
1213.0 1.8474449367562835
1213.5 6.191639895421924
1214.0 1.7051063905426034
1214.5 1.1216388283375371
1215.0 4.17723656877933
1215.5 3.3659577114516015
1216.0 2.0178254270026104
1216.5 4.38471328742608
1217.0 2.1569555729701477
1217.5 5.204693224279433
1218.0 4.118450983266922
1218.5 3.5123391844168577
1219.0 3.3681135446353805
1219.5 6.457764723680914
1220.0 0.7600379363482306
1220.5 3.230411775410971
1221.0 2.356762800638727
1221.5 8.968024585630179
1222.0 4.534834046542929
1222.5 2.3967742012797846
1223.0 3.120603480673668
1223.5 2.5127285325330706
1224.0 4.337723774406342
1224.5 5.206955237121668
1225.0 7.22819618054407
1225.5 3.110695766366246
1226.0 0.4098215211398384
1226.5 5.411152619749772
1227.0 2.29869781195147
1227.5 6.5859295002649425
1228.0 7.792086051442694
1228.5 8.407471968006668
1229.0 0.2
1229.5 4.7490181019747375
1230.0 4.931657791385881
1230.5 6.616289634235777
1231.0 2.258027804835483
1231.5 5.05788569686205
1232.0 4.157970113388588
1232.5 3.3028803940407148
1233.0 0.2
1233.5 0.9997253556453427
1234.0 1.119237915376524
1234.5 4.0274701345991994
1235.0 8.352452735990594
1235.5 4.204446110267753
1236.0 2.1101008085443604
1236.5 3.0852522541172673
1237.0 6.235559816789827
1237.5 6.244050762484145
1238.0 4.349163434661588
1238.5 3.620171945806899
1239.0 4.271730337343577
1239.5 2.556184129312284
1240.0 5.509715444042653
1240.5 0.2
1241.0 2.286207201133728
1241.5 5.261251809985209
1242.0 2.2772121755228327
1242.5 3.3858292688766047
1243.0 2.3202853117805584
1243.5 4.7549423364880035
1244.0 1.350224713283179
1244.5 6.205348408397557
1245.0 2.7951075246992807
1245.5 4.298269146605879
1246.0 3.92644852005709
1246.5 3.9665695359164754
1247.0 1.0833826578229706
1247.5 7.228837758656017
1248.0 1.5661039986354388
1248.5 6.096884435316062
1249.0 3.7895047449625188
1249.5 8.067166671479011
1250.0 5.671252398259089
1250.5 4.0653058113271765
1251.0 3.1193421896631786
1251.5 0.743026057771563
1252.0 4.760360643366358
1252.5 4.356404142035537
1253.0 5.758682792603489
1253.5 2.0660952087391724
1254.0 2.272903389590673
1254.5 5.979639387258274
1255.0 5.656064545809166
1255.5 0.2
1256.0 4.852903031740546
1256.5 5.6908437363805
1257.0 5.0045483737240595
1257.5 6.921442612891839
1258.0 3.494772274141972
1258.5 4.176926632300172
1259.0 7.448929181999809
1259.5 4.305297667278157
1260.0 3.229256030573637
1260.5 1.6748470403414792
1261.0 1.7748693597832539
1261.5 5.255700595787562
1262.0 3.185166102037561
1262.5 0.2
1263.0 5.39602720101043
1263.5 3.240221767110814
1264.0 1.0022283759817427
1264.5 3.5393266921538578
1265.0 2.8816240267387254
1265.5 1.9547487611825118
1266.0 3.4440922123234943
1266.5 0.590001218784213
1267.0 0.9703703332480291
1267.5 0.746465608929062
1268.0 5.440171585692013
1268.5 6.99670749244394
1269.0 3.9012037396087504
1269.5 4.907825209419306
1270.0 6.51039615408094
1270.5 4.053709446501992
1271.0 6.02020909189425
1271.5 2.4984217065838887
1272.0 3.494261154925014
1272.5 6.109710980612764
1273.0 3.5303242825649974
1273.5 7.000073438587556
1274.0 4.5820619793201525
1274.5 7.887694260968546
1275.0 4.582293635197949
1275.5 5.6301461944119975
1276.0 6.742447680823965
1276.5 3.130348326083567
1277.0 4.967865801522979
1277.5 3.4638631523830172
1278.0 2.5174892301105842
1278.5 4.301144643032108
1279.0 9.279051434836866
1279.5 7.284069320885267
1280.0 3.0799105598497727
1280.5 6.37764642666301
1281.0 5.074148940504831
1281.5 1.9500628653999985
1282.0 3.5774768126600565
1282.5 0.4128746823081686
1283.0 4.273424975622068
1283.5 5.098517970549953
1284.0 1.123573702748013
1284.5 1.6467206615598189
1285.0 3.311283430029123
1285.5 2.2367229062839034
1286.0 4.340385988871139
1286.5 1.8917052496143074
1287.0 4.851296945069946
1287.5 2.5730029082583794
1288.0 0.8527299503512071
1288.5 3.0400105205860237
1289.0 1.2986891894301014
1289.5 5.465101379409408
1290.0 4.343319577376382
1290.5 3.69346482465932
1291.0 5.694665010962186
1291.5 2.666849585732172
1292.0 3.667519675678461
1292.5 1.6340184186916646
1293.0 4.26067075212357
1293.5 3.515926310793198
1294.0 4.226044086882574
1294.5 3.43980166277542
1295.0 8.669222059173322
1295.5 2.991876843937449
1296.0 3.4483759799070537
1296.5 2.9025082352982112
1297.0 4.903635367007786
1297.5 4.53576231585958
1298.0 4.756402748619336
1298.5 4.9992192334680645
1299.0 2.0610324905058652
1299.5 2.0141589879933948
1300.0 1.428631003541681
1300.5 5.861306829288974
1301.0 4.737929939047375
1301.5 3.812800434367457
1302.0 2.84696409821482
1302.5 0.2
1303.0 0.9613014529187303
1303.5 0.9986502282312402
1304.0 4.745953581556549
1304.5 4.6501930523412085
1305.0 7.005256093167683
1305.5 4.6966486296403085
1306.0 7.525842704548291
1306.5 3.3516422312146394
1307.0 4.009127660387911
1307.5 1.260426952146593
1308.0 7.022157203942147
1308.5 2.53932114295604
1309.0 4.069336303495774
1309.5 3.0520352751066233
1310.0 2.068087349103605
1310.5 7.54506927564405
1311.0 4.0398992315787865
1311.5 2.696560476127455
1312.0 3.2852446571866083
1312.5 2.2341656684827704
1313.0 7.928147271644791
1313.5 6.368363154836871
1314.0 3.773864393344229
1314.5 5.24577704986039
1315.0 3.682972264436807
1315.5 7.173364515781648
1316.0 5.617339542662306
1316.5 4.646648818813868
1317.0 6.108032443925065
1317.5 7.22469555016246
1318.0 4.115851852214476
1318.5 1.2350190393442841
1319.0 2.9454873654102585
1319.5 2.1463611307021346
1320.0 4.198556427686908
1320.5 5.004681473454932
1321.0 4.949509405280937
1321.5 3.95438191528985
1322.0 3.7818589412833825
1322.5 2.3207151694673125
1323.0 4.454448768200051
1323.5 4.360760370357534
1324.0 1.8819658556087637
1324.5 3.526767316270142
1325.0 4.42584272109633
1325.5 0.9142039550539827
1326.0 4.436023117189455
1326.5 1.68487247502124
1327.0 5.287699699529929
1327.5 1.7795845370209897
1328.0 2.7182302088095005
1328.5 1.5256707825915725
1329.0 3.058649532255087
1329.5 2.7368531012205723
1330.0 2.1836452341506054
1330.5 1.953607989100535
1331.0 2.2719717901341956
1331.5 2.9922719086952245
1332.0 0.3944792382951907
1332.5 3.8128003926172407
1333.0 3.4671360583347273
1333.5 0.2
1334.0 2.34563927647449
1334.5 2.451879270574784
1335.0 4.207936875469491
1335.5 3.550980344989172
1336.0 2.917799689508473
1336.5 4.332561708576378
1337.0 2.0259191035941515
1337.5 2.706226228829485
1338.0 5.433392214762517
1338.5 4.34083481303539
1339.0 6.098504339086299
1339.5 1.807901551790395
1340.0 7.27251446419012
1340.5 3.100027913476466
1341.0 3.8706928538191763
1341.5 2.9761260219834886
1342.0 11.162741355441069
1342.5 8.473008648241958
1343.0 6.749039777109532
1343.5 5.648632445690859
1344.0 0.2
1344.5 2.1625270914625343
1345.0 9.114364766399401
1345.5 7.968469595481959
1346.0 8.681660522096042
1346.5 7.178756369626316
1347.0 6.228794970399724
1347.5 3.9686339555600076
1348.0 3.1270326807573308
1348.5 6.378822956226567
1349.0 2.822684997435555
1349.5 2.6402923419386104
1350.0 4.832725539429121
1350.5 3.2317698401479085
1351.0 4.020970474387276
1351.5 2.0431801618655627
1352.0 3.921650278559299
1352.5 5.0876218000073665
1353.0 2.9228038561911585
1353.5 7.796572195217301
1354.0 4.700407745995246
1354.5 5.204482280176417
1355.0 5.029895519242348
1355.5 6.584022934218092
1356.0 4.259504829319541
1356.5 7.5857352160046165
1357.0 5.931219775424947
1357.5 3.843797709052683
1358.0 3.9069833254132655
1358.5 7.934390847299141
1359.0 2.480811042949052
1359.5 5.654237862729559
1360.0 4.606963802785675
1360.5 8.648773046034826
1361.0 2.3022805615400252
1361.5 6.320820944140671
1362.0 4.2701946870628085
1362.5 6.675296544032975
1363.0 2.62973071028017
1363.5 0.2
1364.0 6.698915367874538
1364.5 4.921352441743899
1365.0 2.710374444661003
1365.5 8.77901510550048
1366.0 5.696969831141017
1366.5 7.07283980276359
1367.0 7.0300023010810655
1367.5 4.318402248505658
1368.0 1.3174945458804688
1368.5 2.282454641747913
1369.0 2.4716063429629616
1369.5 3.662404767018675
1370.0 1.1826710041993433
1370.5 1.3245575469390505
1371.0 0.9398796394699009
1371.5 1.6434220133421518
1372.0 1.8850089420112826
1372.5 0.36954277241782507
1373.0 0.2
1373.5 1.420376072705054
1374.0 1.8607637317444554
1374.5 2.2813355692680055
1375.0 3.034288771064094
1375.5 3.529935178105922
1376.0 2.124872842256752
1376.5 3.219250463870128
1377.0 6.835125748639351
1377.5 3.3932115145216466
1378.0 2.1641113622065236
1378.5 4.249147125222409
1379.0 1.4089929034024715
1379.5 4.376811975022909
1380.0 3.7569002822837323
1380.5 3.2227070656243515
1381.0 3.907120644873105
1381.5 1.9779007066131409
1382.0 3.061686439714423
1382.5 4.193532741181876
1383.0 0.2
1383.5 5.368856362410883
1384.0 4.0043821062981575
1384.5 2.2385022898384337
1385.0 1.7211194929534
1385.5 4.087924533657813
1386.0 0.8052205816689479
1386.5 5.788579100983069
1387.0 2.7310839725237503
1387.5 3.879741351455758
1388.0 0.2
1388.5 3.0135214653269546
1389.0 4.145048991763634
1389.5 2.4781045946329803
1390.0 4.9157883140811425
1390.5 5.004098145720073
1391.0 5.208866840331892
1391.5 2.16420691966798
1392.0 3.755367798032858
1392.5 5.337810026950788
1393.0 1.3484364275286873
1393.5 3.8580236474740977
1394.0 4.784871853518988
1394.5 1.116384318000014
1395.0 2.022303834535431
1395.5 3.8400209369374556
1396.0 1.8350952523477173
1396.5 2.1900662236534485
1397.0 4.7102188930123585
1397.5 4.38407300746196
1398.0 2.389842655891043
1398.5 1.5634890218306863
1399.0 2.228906031345019
1399.5 3.1117188527232242
1400.0 3.356353504368995
1400.5 1.9903663521388224
1401.0 2.0013812407334957
1401.5 2.360596472371225
1402.0 1.9595743048386807
1402.5 3.1896074875947593
1403.0 1.5761125197375965
1403.5 2.169044463428773
1404.0 1.434654991046242
1404.5 3.3681867648272483
1405.0 2.158371588321265
1405.5 2.6928554882540947
1406.0 2.2820821493655274
1406.5 2.895664667657333
1407.0 1.090537172438983
1407.5 2.0677130658022387
1408.0 1.158671303495531
1408.5 1.447167744981892
1409.0 3.412209521984563
1409.5 0.8495861196512464
1410.0 2.659151947527401
1410.5 0.7858017269053239
1411.0 1.7399567046438666
1411.5 0.2
1412.0 1.4835977707250074
1412.5 2.21558193352286
1413.0 1.5656224678731285
1413.5 4.347067874040101
1414.0 6.1128356122916365
1414.5 3.7212350546947093
1415.0 4.625282082937175
1415.5 1.4608272354040819
1416.0 3.1175786834778068
1416.5 1.1479647201604024
1417.0 3.8397040716759605
1417.5 5.4498809598040445
1418.0 4.2942480271408225
1418.5 1.9669427315034058
1419.0 7.607257311328958
1419.5 5.981512527199977
1420.0 4.863712826305572
1420.5 4.295133287292639
1421.0 2.2805633159593977
1421.5 6.039418853615523
1422.0 3.50635464010391
1422.5 2.924735898216975
1423.0 2.373635546752368
1423.5 3.7482803678780607
1424.0 2.5713320004628266
1424.5 6.114657075316568
1425.0 2.543560416491008
1425.5 0.30453420636086026
1426.0 6.219025361741296
1426.5 6.6254949235149745
1427.0 3.780243637898113
1427.5 4.512917692446074
1428.0 1.9631931676899805
1428.5 4.148325258941627
1429.0 4.444093395165922
1429.5 2.845176437971925
1430.0 6.347446665797485
1430.5 3.017510892054246
1431.0 3.2542042733228125
1431.5 6.153605692604716
1432.0 5.354028653517262
1432.5 4.096096469210299
1433.0 5.714842408415345
1433.5 3.3399449276617736
1434.0 5.874443732979261
1434.5 3.988058258968064
1435.0 8.692966131622775
1435.5 0.20232167228711484
1436.0 6.002793819745888
1436.5 1.8389471042651722
1437.0 3.7940983275588267
1437.5 5.020962964391629
1438.0 1.3324084644260685
1438.5 1.9228579088082933
1439.0 2.4332993834450054
