0 1.0689865917589136
0.5 2.4030582344926934
1.0 0.8748081917865762
1.5 3.368505589122462
2.0 3.5997507944547635
2.5 4.441198917896242
3.0 2.9864683420724703
3.5 2.7350592807747645
4.0 1.465307047339134
4.5 3.450061962125775
5.0 1.3647696401123706
5.5 2.963388467677352
6.0 1.1175715623387767
6.5 4.455798497112362
7.0 3.7904141253567643
7.5 3.101119569736404
8.0 1.3262090784783145
8.5 1.4334421160467603
9.0 0.2129871987604175
9.5 3.5519483567144485
10.0 0.2
10.5 1.769426568567381
11.0 0.2
11.5 0.783907233182636
12.0 3.9719885722925827
12.5 3.2083112689245117
13.0 0.4974303152455577
13.5 1.8949567790054647
14.0 2.551885606052986
14.5 3.9222925696640996
15.0 2.620405893227942
15.5 0.8898523127176416
16.0 4.135026799623743
16.5 2.587430463166391
17.0 4.22385028317829
17.5 0.2
18.0 2.4748324495885967
18.5 3.8382958403077074
19.0 1.9115058844370973
19.5 2.914383621492802
20.0 4.8625655998313935
20.5 2.510968064615774
21.0 6.341619797983611
21.5 0.31297221902961736
22.0 0.2
22.5 4.144596608481434
23.0 6.205022176401801
23.5 2.3860211188023044
24.0 0.2
24.5 5.707680354026988
25.0 5.432833471201296
25.5 4.537897584792032
26.0 2.391439603280517
26.5 7.469525709333888
27.0 4.329061632135838
27.5 7.686976032352652
28.0 1.4023752979335242
28.5 10.345421839047313
29.0 2.5860813320314433
29.5 4.356806525593931
30.0 3.3544235816422754
30.5 1.5261531466557323
31.0 2.5257907798048276
31.5 4.424984592281631
32.0 7.162894159961912
32.5 5.652748485405052
33.0 3.3690932334531407
33.5 4.512294273528154
34.0 2.949882395713882
34.5 1.9514067329090299
35.0 3.4280212246201502
35.5 3.234833443545315
36.0 2.025856286202232
36.5 2.0689622877408054
37.0 1.1306839634354235
37.5 2.7530432535041363
38.0 1.221463566562358
38.5 3.0217361814367685
39.0 1.9285686455536823
39.5 3.5888294566410135
40.0 5.625812195691157
40.5 0.858395353748532
41.0 7.368173725404591
41.5 7.058202848573114
42.0 6.712725942611797
42.5 6.978435710455623
43.0 5.581049855415516
43.5 5.7759821670328755
44.0 3.518127916695929
44.5 4.211860737573253
45.0 3.683819348899023
45.5 2.317915274626671
46.0 0.5253524495808182
46.5 5.895068521469955
47.0 4.449284519626901
47.5 6.309050105521838
48.0 3.079725565086628
48.5 3.9461649663180296
49.0 3.3126791370878785
49.5 3.5488021787647273
50.0 1.9389055277177993
50.5 2.148212154151627
51.0 4.317407274030914
51.5 4.193870333456944
52.0 1.8981920501190759
52.5 5.221041558737528
53.0 4.297008444407151
53.5 4.067337390517948
54.0 3.2523299462215123
54.5 3.928067788976823
55.0 0.2
55.5 0.92480313294131
56.0 3.3337617147984924
56.5 5.471309349018295
57.0 1.2683497420972758
57.5 2.1693426990565
58.0 2.4375661834371827
58.5 4.788532519419899
59.0 3.153660296386399
59.5 4.447705135061447
60.0 3.8387579088124713
60.5 0.9557586635842594
61.0 4.086188233643583
61.5 1.8339637415802876
62.0 2.94368387103692
62.5 0.8221567681471385
63.0 2.836940291305341
63.5 3.2083797307292867
64.0 3.0231641799522984
64.5 1.0484078448363876
65.0 3.096273759461462
65.5 3.4701222062222277
66.0 3.5648291026351364
66.5 1.4213023044458535
67.0 2.4464699546264628
67.5 3.3477303921978296
68.0 2.7425225033913305
68.5 1.4393783124892954
69.0 1.7834255110863397
69.5 2.5201097561032904
70.0 3.448499056028481
70.5 2.5823886271794474
71.0 3.011819734662043
71.5 0.7991870246612767
72.0 1.1175038677694544
72.5 3.7084222553314623
73.0 2.6421866384520953
73.5 1.0067672035160908
74.0 3.748380832127457
74.5 4.286696766315123
75.0 3.5529555619759594
75.5 0.9082089426451356
76.0 2.3538233756355686
76.5 3.99228327236321
77.0 1.6484990689315118
77.5 1.846021170142444
78.0 4.340628763691566
78.5 0.8387851989557025
79.0 3.8878099974311837
79.5 2.6313305429505576
80.0 1.3174288747490128
80.5 3.548320637312982
81.0 2.510755849049227
81.5 3.446812477248818
82.0 2.2889404031250833
82.5 2.2764704818684542
83.0 1.2160199629267054
83.5 3.7906201346237096
84.0 4.007360863629092
84.5 2.835914742217879
85.0 2.24936958758534
85.5 3.9267583651916547
86.0 0.2
86.5 4.550486313906758
87.0 3.629790841147192
87.5 1.2415300935070328
88.0 2.6713011489476757
88.5 3.8488199190363974
89.0 1.019399537999853
89.5 2.898671736508353
90.0 3.2453827462319467
90.5 6.953463367147741
91.0 4.0882983932995005
91.5 5.420095566641344
92.0 5.391203223586382
92.5 2.70029549967488
93.0 4.253088982010349
93.5 4.086121113766665
94.0 3.9091026341009782
94.5 5.070484425241203
95.0 5.668975029542706
95.5 4.0231264810474725
96.0 4.821661753332856
96.5 3.920801253470871
97.0 6.220708449542071
97.5 6.443145289030734
98.0 5.094864582013918
98.5 7.144461910412025
99.0 2.267292931578232
99.5 1.2901977049903701
100.0 2.1818668749130086
100.5 2.671739912793093
101.0 3.603359304996146
101.5 6.894167880123012
102.0 6.206533106269578
102.5 4.311198258538218
103.0 3.610959509156719
103.5 4.01225064698022
104.0 0.2
104.5 3.0473833231570726
105.0 3.2421864341070403
105.5 4.768491676235426
106.0 3.2964764156592956
106.5 2.288875311864196
107.0 2.540274125461457
107.5 0.6123606993543831
108.0 1.9012316854957705
108.5 1.9469684727233205
109.0 1.3494462635750275
109.5 2.2966286127367073
110.0 1.6788494391656772
110.5 1.7564891116006591
111.0 2.4785734402215955
111.5 3.39106935558104
112.0 3.702781234308942
112.5 4.902948874891756
113.0 2.495033209342049
113.5 4.061898393777829
114.0 0.6797240507047593
114.5 3.3030862476932996
115.0 4.571969573264196
115.5 1.9680326450339578
116.0 6.547929090406846
116.5 2.740186224059091
117.0 5.1658620268326185
117.5 3.006630032908123
118.0 6.142384592773295
118.5 2.242179973728759
119.0 4.924732026573427
119.5 4.901580455145967
120.0 0.2
120.5 1.4599717817690014
121.0 2.5262772185129374
121.5 4.090052152173857
122.0 5.847220742581238
122.5 1.9251115346287047
123.0 4.119422029638126
123.5 4.876223926253493
124.0 7.354675433383091
124.5 2.4158003903444474
125.0 1.8714960133721634
125.5 9.879160098946521
126.0 5.752923311321965
126.5 7.133502159873008
127.0 1.8906819473530576
127.5 4.435837216652458
128.0 2.560480873548163
128.5 8.960902470548138
129.0 1.7021933641008729
129.5 6.439275696569426
130.0 5.146410240018324
130.5 3.5511069766997414
131.0 5.816642261684731
131.5 4.897741521907093
132.0 3.824380805142597
132.5 4.982508974764045
133.0 0.7100210938890461
133.5 4.27333195908526
134.0 2.301780299701389
134.5 2.0822733776938933
135.0 0.9482888515987757
135.5 2.1113797895970263
136.0 2.7837086233085446
136.5 4.50284533365368
137.0 3.692036318079941
137.5 1.3673335830653353
138.0 2.9974539911845497
138.5 3.662523418352474
139.0 2.6536899043285693
139.5 3.416612972272152
140.0 3.248445126030655
140.5 3.4693565592984803
141.0 1.7960735255648095
141.5 1.0295159763511876
142.0 3.4065836189962067
142.5 2.190484193108606
143.0 3.844525355672083
143.5 2.8978918738556207
144.0 1.7444170258331406
144.5 3.7599590432922954
145.0 4.210023622587267
145.5 2.5564011487334835
146.0 3.9212241105777044
146.5 2.6761468170831293
147.0 10.018663486038161
147.5 3.2648863593418183
148.0 7.044673132161062
148.5 7.367370579336099
149.0 2.6419223907969895
149.5 3.9073764190256988
150.0 4.365462430734256
150.5 4.141832077555507
151.0 3.7642058210834923
151.5 2.1139221006355835
152.0 6.72098650889547
152.5 5.658405882398293
153.0 2.392157631259802
153.5 9.883541894824805
154.0 2.7286753415163902
154.5 8.603090509875324
155.0 4.410386969365368
155.5 3.334796789928494
156.0 2.7633753151694234
156.5 4.013171393944077
157.0 5.419387438465495
157.5 7.771880911999929
158.0 1.1983334548086049
158.5 7.454012806919195
159.0 5.816007617817835
159.5 3.722224562262555
160.0 2.4472529874953777
160.5 5.770901341601056
161.0 4.781465192858118
161.5 5.542355135761667
162.0 2.1297637365020363
162.5 2.8846308620041663
163.0 0.7318017359512878
163.5 1.9013989959812274
164.0 2.82225852958757
164.5 2.6742051940516247
165.0 1.4938242467628058
165.5 2.475854590283899
166.0 1.4981204851512864
166.5 0.39626668628551576
167.0 0.7976009864736029
167.5 3.9039141533229573
168.0 3.7260850789661024
168.5 3.564300471532121
169.0 5.400728621872221
169.5 3.942281817690493
170.0 2.614437362556233
170.5 3.3851863186134077
171.0 3.28982244126551
171.5 4.463941971689922
172.0 1.9750023324319639
172.5 1.5026824034540966
173.0 2.4482384020703356
173.5 0.7357075503172501
174.0 4.999008321096645
174.5 4.764973636864067
175.0 1.0311756511298684
175.5 3.0625169652981667
176.0 4.72601340712294
176.5 2.431258930375773
177.0 5.496014230673488
177.5 3.684273078503987
178.0 3.898461954204207
178.5 3.624558408748793
179.0 1.7405888784888335
179.5 4.41252560960507
180.0 7.123986957561087
180.5 2.3615868746849222
181.0 3.3824185330896688
181.5 4.374715486830084
182.0 2.7214529142544244
182.5 5.938997841835852
183.0 4.951498739778268
183.5 3.281122103236038
184.0 6.295792639857158
184.5 3.2696008708643998
185.0 3.104368328667319
185.5 2.120599204615566
186.0 3.8491166889420088
186.5 3.2247700745430836
187.0 0.2
187.5 5.979252714611943
188.0 5.258137719233984
188.5 4.838545391423483
189.0 5.592834892715381
189.5 4.75699471930192
190.0 3.3330401237218847
190.5 0.584004141508931
191.0 5.177898545412161
191.5 0.718282403294241
192.0 4.242736123728266
192.5 2.2992796320164457
193.0 2.290737586222922
193.5 4.353034681828528
194.0 2.004258601981302
194.5 3.884472741821579
195.0 0.423678213934521
195.5 2.9332005211168823
196.0 2.98397327337757
196.5 2.8040156685672915
197.0 1.6655371521545332
197.5 3.9796324561804335
198.0 2.550342527437662
198.5 5.059974626861754
199.0 2.3851187636740985
199.5 1.408182643886693
200.0 2.5303876858881815
200.5 2.378284904855477
201.0 3.0788018284387686
201.5 3.8076486406689094
202.0 3.7383348202118274
202.5 5.005684229198126
203.0 4.680532707528
203.5 3.3911174219184796
204.0 5.070308889319595
204.5 4.012361948469789
205.0 4.729783724116759
205.5 4.663985024348989
206.0 3.5775015849091627
206.5 3.753107074072816
207.0 6.014796705139187
207.5 3.86701215793056
208.0 2.0613203067349093
208.5 0.9242570113330051
209.0 3.692197698454538
209.5 2.4569557450219954
210.0 2.517284785226646
210.5 2.2778191700275228
211.0 1.9252984964716164
211.5 4.320218836564978
212.0 3.3145145639099742
212.5 3.5591304378102095
213.0 2.315322869473671
213.5 0.7898539103122557
214.0 4.493948390688301
214.5 5.470805422917803
215.0 4.198863683343813
215.5 1.0602335784036514
216.0 2.1598424296498635
216.5 3.435187601488016
217.0 2.197049544962953
217.5 4.50486160412301
218.0 1.387937846482877
218.5 7.6594768144781185
219.0 5.618907218283039
219.5 4.155371841894248
220.0 2.7809583417144186
220.5 3.8267249894268636
221.0 6.077353099021652
221.5 1.4600969845263005
222.0 6.635941259570721
222.5 2.958853151374206
223.0 6.999057152566761
223.5 0.2
224.0 6.504307098822727
224.5 6.781399030213763
225.0 4.255461535913852
225.5 0.8340037536273077
226.0 4.687117976660997
226.5 3.8086101044126197
227.0 4.145159129472749
227.5 1.396488616614732
228.0 4.023653558604514
228.5 6.985263972648467
229.0 4.779526190572163
229.5 2.101869702948477
230.0 3.4551798437568184
230.5 6.192166783728122
231.0 4.489331029324036
231.5 4.775469114652116
232.0 10.900311168157263
232.5 3.3264685564588525
233.0 5.865969813200488
233.5 4.680085514591339
234.0 2.4120881003050743
234.5 6.061117458059182
235.0 6.670646290508933
235.5 1.577292579646334
236.0 3.837478156482409
236.5 7.335066687993786
237.0 5.823299168474227
237.5 5.895603494839282
238.0 3.649838799080146
238.5 4.270190696564058
239.0 5.167108024589332
239.5 2.7638668362212657
240.0 7.887392577345217
240.5 1.5741006643168194
241.0 5.38033586103063
241.5 6.4373456476965885
242.0 1.5268762968580938
242.5 2.555073605958749
243.0 2.3623412633553276
243.5 4.891259986440266
244.0 2.9870291560913973
244.5 8.074216385013345
245.0 0.2
245.5 3.961963799158089
246.0 2.546589703721171
246.5 6.763882918865795
247.0 3.8844077518017075
247.5 2.8951652899010694
248.0 3.139458427033789
248.5 3.8414516760331883
249.0 6.956799971340762
249.5 3.906870054864104
250.0 4.9900095033028755
250.5 4.2595727707552244
251.0 5.868675683686655
251.5 2.6138097766241604
252.0 2.5115493226287184
252.5 5.374283132952327
253.0 0.2
253.5 1.6599587531856228
254.0 1.2212145854504286
254.5 0.7697747310574299
255.0 3.4699936912833347
255.5 1.960886475268799
256.0 3.9173635391521353
256.5 4.323320029134148
257.0 3.362520856323066
257.5 7.484491172688249
258.0 6.071992592009281
258.5 0.2
259.0 6.213240935787258
259.5 0.5111731049029915
260.0 4.94113225396623
260.5 4.005953761492599
261.0 3.956151069662943
261.5 4.004657262078522
262.0 3.4087757601755877
262.5 2.3769133675948684
263.0 3.9342456592586403
263.5 5.908725315753188
264.0 3.835703422970705
264.5 1.0962198369089986
265.0 4.549414853633532
265.5 4.660442977386126
266.0 2.818978467388985
266.5 2.3599237980309766
267.0 5.960748790457972
267.5 5.07783811469878
268.0 0.9719194684458783
268.5 3.414810891793965
269.0 6.42226051488672
269.5 4.233137132426225
270.0 2.610014957619427
270.5 3.4603733347059475
271.0 6.034058554676845
271.5 3.9100667211262627
272.0 2.4658202784850514
272.5 3.901328274259167
273.0 4.066281692705792
273.5 5.059603942564797
274.0 4.3342370181856555
274.5 4.545198096736712
275.0 3.065565307493175
275.5 3.4410132135653213
276.0 2.125861671999437
276.5 4.71758559670966
277.0 5.880751764681833
277.5 7.298759215946443
278.0 3.676832307819453
278.5 3.5550317114603662
279.0 2.476250399316526
279.5 4.079929479175738
280.0 4.044177002228565
280.5 3.1839776589306674
281.0 2.6877163268931636
281.5 4.752468961655947
282.0 3.3715309497082
282.5 5.046516809651294
283.0 1.1854589067951995
283.5 5.464047370782206
284.0 2.08789059245458
284.5 6.603507384668981
285.0 1.8633909559468909
285.5 5.348956537469112
286.0 6.506918702752414
286.5 3.2263231846919362
287.0 5.142434803314386
287.5 7.1011384859913065
288.0 4.673655392801127
288.5 2.0762764977756643
289.0 4.1042563690627505
289.5 7.043889981794782
290.0 2.9862034378673146
290.5 0.9397619065868814
291.0 4.963342591510259
291.5 2.7244419741502974
292.0 3.3060927697983136
292.5 2.179972976122527
293.0 4.85495361942684
293.5 5.093056574227139
294.0 5.640596664983065
294.5 0.2
295.0 3.6921653354428803
295.5 4.96744017067695
296.0 0.611889888676258
296.5 5.601372150521698
297.0 3.0024350439144643
297.5 5.550474290843793
298.0 3.17483425315786
298.5 6.186142993897057
299.0 5.348994565062423
299.5 8.511788092042085
300.0 1.7601091769286086
300.5 1.565349820155817
301.0 4.384869710305943
301.5 1.2787772027698225
302.0 8.169476577938108
302.5 2.0843933931258496
303.0 7.553800768340843
303.5 2.6771601019907294
304.0 4.759605199183901
304.5 4.501972591615145
305.0 5.935056110514535
305.5 1.642105809698243
306.0 4.493123113052195
306.5 6.875614707892901
307.0 3.7323499470468375
307.5 1.5860540849275364
308.0 6.287223293804258
308.5 3.907991201667199
309.0 0.2
309.5 7.681699493838703
310.0 1.0806831607176126
310.5 3.954156475252256
311.0 3.9081841617360644
311.5 7.172577132440416
312.0 3.79939662111438
312.5 5.28393379540303
313.0 3.801133185010541
313.5 7.785524073263502
314.0 0.2
314.5 7.268499211206419
315.0 5.481424071890661
315.5 6.405256065143572
316.0 9.752253806718182
316.5 3.4312280493000626
317.0 0.2
317.5 0.7739147749608728
318.0 2.4072136278201413
318.5 7.163866092110171
319.0 1.4645674741140997
319.5 7.411084937626287
320.0 2.2510773247325764
320.5 3.3072467929538885
321.0 1.2080518527937434
321.5 7.423517165209395
322.0 0.2
322.5 8.523150091630844
323.0 4.798727510927868
323.5 1.1871650258840898
324.0 6.333357762540815
324.5 2.20645478309324
325.0 4.649292235620477
325.5 4.892941081859868
326.0 0.5095947456657215
326.5 3.8389178579222802
327.0 6.472523780052558
327.5 2.4764544060401046
328.0 8.103731146443756
328.5 5.407326651800105
329.0 2.439530151678996
329.5 2.6997236150470596
330.0 5.941057177135841
330.5 4.048761252475537
331.0 2.7130512730927623
331.5 0.2
332.0 1.3113569706710884
332.5 4.107670290233023
333.0 3.267850457688278
333.5 0.8931838577561542
334.0 3.4446520164833068
334.5 5.126294528706843
335.0 4.56020858311365
335.5 7.142320914572563
336.0 3.436707377986201
336.5 3.2873114553385583
337.0 2.7512266671312933
337.5 7.425591516758912
338.0 0.2
338.5 0.516153227241297
339.0 5.010357978951429
339.5 0.2
340.0 6.338013139191186
340.5 9.033151027819681
341.0 2.8502215216172386
341.5 7.116205494844239
342.0 0.2
342.5 2.877355897771436
343.0 7.236326460173732
343.5 4.6501747054309845
344.0 6.9885565796679785
344.5 4.481113058939519
345.0 4.557200413423231
345.5 1.7827023891540785
346.0 3.6040580257248043
346.5 1.8747304927546158
347.0 2.2710216863194748
347.5 4.867848673281234
348.0 2.9677261083725517
348.5 3.228557985959878
349.0 4.6499934768035285
349.5 4.258684560718666
350.0 4.413285367097712
350.5 7.618410265548572
351.0 4.810120575866549
351.5 4.726574277791066
352.0 4.03411956883827
352.5 5.087205806797174
353.0 3.8308031615811293
353.5 4.902241580072544
354.0 3.2601171201926573
354.5 3.634896532697001
355.0 4.758228338259078
355.5 5.529162131130644
356.0 5.610544861468995
356.5 4.097333914677747
357.0 4.074400665065369
357.5 4.798640954331895
358.0 1.4268996623598396
358.5 3.8299672450636755
359.0 4.553253554514571
359.5 4.474556645858216
360.0 5.88541579426491
360.5 2.53811338423867
361.0 2.0497103356897237
361.5 6.936331249818036
362.0 4.981107184215519
362.5 0.37567645367716773
363.0 2.9850587149472543
363.5 4.60718829187303
364.0 5.200327474183547
364.5 3.6608833912606054
365.0 2.768921880542888
365.5 6.507993703919782
366.0 0.2
366.5 3.5659207503318933
367.0 0.35326606161101326
367.5 1.9205551858917869
368.0 1.1333494279820084
368.5 3.927307516011814
369.0 5.972784911288462
369.5 5.159785301501
370.0 1.9517448782370115
370.5 2.1844260662722688
371.0 3.090029472251807
371.5 3.7590186229341422
372.0 3.422016632963437
372.5 3.9254989315200683
373.0 3.0103411209554647
373.5 3.5821593313881506
374.0 1.8479780115651034
374.5 0.2
375.0 0.6445270032129851
375.5 4.97177477281633
376.0 4.356723538190781
376.5 3.166662022611901
377.0 3.6528112048341246
377.5 6.208181002509866
378.0 5.565315240627826
378.5 0.5358991440399028
379.0 2.5893044518217483
379.5 2.212170151638724
380.0 5.91930293178026
380.5 5.171830349560062
381.0 5.314111602477189
381.5 3.913757035802
382.0 2.678590960553687
382.5 4.176564404396371
383.0 4.878517508047069
383.5 4.261917642965778
384.0 5.735084983135588
384.5 4.17680072095596
385.0 1.5582218278666944
385.5 3.340721332304392
386.0 6.838309695634209
386.5 2.7782388889222993
387.0 4.801015547505116
387.5 3.249990501786127
388.0 5.088498849985033
388.5 5.702360349358738
389.0 1.4282952612797275
389.5 1.3002216480496251
390.0 2.9338787074065547
390.5 1.872497444859909
391.0 3.5190888446068627
391.5 3.204222971296147
392.0 2.0869887242835605
392.5 3.856072784647644
393.0 2.826853702718328
393.5 2.9787242079364593
394.0 3.2171349711408745
394.5 3.3484136934262794
395.0 2.8641479908974152
395.5 1.9073315952747028
396.0 4.476811606647223
396.5 4.9187346687500035
397.0 7.232146624028255
397.5 6.874057327929026
398.0 2.4246804883920983
398.5 2.1003517728963033
399.0 2.381831406290037
399.5 3.739991045468191
400.0 3.1921311247616497
400.5 1.139339872629276
401.0 0.3006158547499087
401.5 0.802449502791835
402.0 5.413991824456666
402.5 2.6707133851868043
403.0 0.2
403.5 4.480151551257958
404.0 7.039169747899156
404.5 0.2
405.0 4.627579694033442
405.5 2.9040955573189473
406.0 0.2
406.5 5.672603795897057
407.0 4.322392983833616
407.5 6.429879781657427
408.0 3.6299632653062623
408.5 6.115401306306546
409.0 5.6454347077018525
409.5 2.1361205253547193
410.0 1.031283576355555
410.5 3.225306948453839
411.0 1.0417126175297913
411.5 6.085065708612783
412.0 2.3644544222378627
412.5 3.564881291670306
413.0 3.677493209753758
413.5 1.4173679086847188
414.0 2.288482827004013
414.5 3.788337269790957
415.0 2.5419818016737405
415.5 3.139124598258917
416.0 0.6084632850851366
416.5 2.0852120901206104
417.0 3.272375858136777
417.5 1.419939471087282
418.0 2.671687975003569
418.5 2.168131236728181
419.0 2.015656844635151
419.5 0.2
420.0 2.684031799532861
420.5 1.845005442894077
421.0 3.258953719944606
421.5 1.8964753854426002
422.0 3.3247579919073367
422.5 2.6523668893038654
423.0 2.47866616576182
423.5 3.742349108755773
424.0 3.461329048127504
424.5 1.4352012673229961
425.0 2.939869679476886
425.5 3.8306879942435423
426.0 2.7555818052654897
426.5 4.461054942040297
427.0 2.568325862694754
427.5 2.5617832836195644
428.0 3.319162467821192
428.5 5.892111821626976
429.0 1.4127163976809798
429.5 5.550191115027814
430.0 3.7616623077268447
430.5 3.8053535689587044
431.0 7.106228386460293
431.5 4.530085602758545
432.0 0.2
432.5 3.75739602448798
433.0 6.650569597320352
433.5 3.430952693819143
434.0 0.2
434.5 4.503437904735309
435.0 2.5070287176992982
435.5 1.5538030221461623
436.0 5.861641895974275
436.5 5.335455204706259
437.0 4.001736745192833
437.5 3.3366826539050733
438.0 0.2
438.5 5.71598969814336
439.0 1.8095283551813717
439.5 4.9384937242736395
440.0 2.6030039459242094
440.5 3.251964487225173
441.0 2.4057001934455964
441.5 2.233954378649659
442.0 2.7233161986454713
442.5 4.06431913712299
443.0 1.524912881179672
443.5 3.4502307698559473
444.0 2.71655767061559
444.5 3.325977390784856
445.0 4.191979611422414
445.5 2.8970347911949066
446.0 3.772579797679571
446.5 2.4613438439125774
447.0 2.5774294079728906
447.5 4.887112886798921
448.0 4.410982890642549
448.5 0.2
449.0 1.729574498000514
449.5 2.8075115882897546
450.0 4.240696319802288
450.5 9.434361867486531
451.0 5.565308998611126
451.5 4.357099402402145
452.0 5.382181764359607
452.5 5.625519045189228
453.0 7.179642181277432
453.5 5.5253810396038014
454.0 3.7452901600637842
454.5 6.558102670249909
455.0 6.817898643367348
455.5 3.3062643356151975
456.0 4.884270201310485
456.5 8.075220837261842
457.0 3.3042687398768735
457.5 4.899626264429895
458.0 4.806680223513404
458.5 4.914070404379524
459.0 3.0765126942985224
459.5 4.920277628980553
460.0 5.152551767206499
460.5 5.091816766289856
461.0 4.455182922677588
461.5 2.6422946939863854
462.0 6.06763099380246
462.5 5.900911289299604
463.0 1.963050621035431
463.5 0.8899570216072461
464.0 1.2701094035175307
464.5 3.30453835497491
465.0 4.989731077231876
465.5 4.2010404206180105
466.0 6.699456117579176
466.5 7.20905766570629
467.0 0.7839894152995552
467.5 1.0171135604566652
468.0 4.243380273852942
468.5 0.7164573600559301
469.0 4.700428308321829
469.5 4.197392173309954
470.0 0.29592579760286686
470.5 4.01048876387689
471.0 1.6113186293521484
471.5 2.185206398977323
472.0 6.276256139798339
472.5 2.8943840376085594
473.0 1.5000465559137863
473.5 1.7758111913236174
474.0 3.458712210120885
474.5 2.7311832894078703
475.0 2.643828341071639
475.5 3.563244540574077
476.0 2.925367155933398
476.5 4.250639547754759
477.0 4.84525176465841
477.5 4.804404629606735
478.0 7.121168109359427
478.5 3.6496634607579015
479.0 8.318474915857703
479.5 5.256697080192173
480.0 3.5301885462688176
480.5 7.42635807738783
481.0 4.5427846363720885
481.5 1.295063125491632
482.0 0.5181030179513759
482.5 4.136069256516264
483.0 6.714741830751256
483.5 6.728370464640207
484.0 5.653830060379411
484.5 4.318779986417953
485.0 1.3091475804113455
485.5 4.3461672113544365
486.0 3.623525994976456
486.5 3.5394578724933896
487.0 2.9364738579134877
487.5 4.2698963804746075
488.0 2.2684048844310882
488.5 5.31282245324601
489.0 5.402870144711372
489.5 4.072008610973425
490.0 0.6245758683477538
490.5 1.0581924685293163
491.0 1.467523835964993
491.5 2.086936213934905
492.0 5.055584499472749
492.5 4.840939802809524
493.0 3.885353709987946
493.5 3.4135428496180866
494.0 4.441527919815539
494.5 5.6157931781053065
495.0 6.632748044320198
495.5 6.127772733303658
496.0 4.172465225264322
496.5 4.979475544762558
497.0 2.3951033463488054
497.5 3.925273323854805
498.0 3.352244873729556
498.5 4.527175689531108
499.0 4.545906887637013
499.5 2.033202305043827
500.0 1.4403798338985137
500.5 2.887632354318334
501.0 3.7791409101481395
501.5 3.92685609689872
502.0 3.90307606213113
502.5 2.389513271330402
503.0 1.5820068032581975
503.5 5.705742638592701
504.0 4.354002519128061
504.5 3.475717675136586
505.0 2.145849442600789
505.5 6.306394687248
506.0 1.9546494373509522
506.5 2.6255988188735424
507.0 3.761718664199755
507.5 3.018168712818885
508.0 3.7306162346239082
508.5 0.6166776105835634
509.0 6.239231851026812
509.5 7.095233168804786
510.0 3.961227550530788
510.5 5.510803616213224
511.0 5.157994688659466
511.5 5.1298353780444295
512.0 7.677438813173479
512.5 3.955188188367808
513.0 4.357934345829029
513.5 2.1927389700034325
514.0 5.147568624251163
514.5 5.318934585148213
515.0 1.5024334894987716
515.5 4.872798811936047
516.0 3.3663297709632105
516.5 3.481851598908103
517.0 6.058616230918723
517.5 2.2180129555908703
518.0 4.285913806041743
518.5 1.1277458295696037
519.0 2.396677185264653
519.5 9.13833004017326
520.0 5.972866945668509
520.5 3.480948360933839
521.0 3.7247070993979756
521.5 3.6388812910832273
522.0 4.8370450892357955
522.5 2.2986599536189116
523.0 4.01630207108551
523.5 3.6456597390092957
524.0 1.927184134478572
524.5 4.520708314472627
525.0 3.6626315815742547
525.5 2.8647214286670284
526.0 3.6140095665081926
526.5 3.773850166145172
527.0 2.720507539134159
527.5 2.0931923401337555
528.0 2.4347687590820155
528.5 3.857145806611684
529.0 1.781807441868105
529.5 5.742100154344707
530.0 6.362693309858372
530.5 2.672373434913441
531.0 0.2740327041286741
531.5 1.9297176595466559
532.0 4.922964557784844
532.5 1.7844414145830105
533.0 4.830877849677006
533.5 1.7245298195500067
534.0 1.6954118956917814
534.5 0.2
535.0 2.2996299606682933
535.5 4.334985518736769
536.0 3.1978985886053506
536.5 4.934169721019131
537.0 2.280843135388524
537.5 3.379075126034727
538.0 1.0085650684382896
538.5 5.060852135785661
539.0 3.959704649529557
539.5 2.6946292389351125
540.0 3.1467388494710677
540.5 3.649272636425934
541.0 4.420736203744181
541.5 3.3242960839601485
542.0 3.361902753761856
542.5 3.1518660383296293
543.0 1.2945891957714752
543.5 1.0391238542342447
544.0 1.487804498567974
544.5 1.800965453850328
545.0 2.9489500621685676
545.5 6.7481536844066685
546.0 0.5437923878208193
546.5 3.9036517856397386
547.0 0.2
547.5 5.070948905062911
548.0 0.5840190160348548
548.5 2.2362081207478326
549.0 3.2101934567870742
549.5 2.224374478912784
550.0 4.9037344733919745
550.5 5.608635106948874
551.0 3.168482099115209
551.5 4.180477256935979
552.0 6.773668380960629
552.5 1.0985471074201438
553.0 3.3504701602185154
553.5 2.914900097237705
554.0 2.1715725370795074
554.5 9.516668149060704
555.0 2.926627847644009
555.5 10.263023512830014
556.0 0.43543710940108493
556.5 6.9595478818928065
557.0 1.529797277507365
557.5 6.094006627299916
558.0 5.92384224855244
558.5 6.940908471447883
559.0 4.996773282809889
559.5 5.743990325746108
560.0 8.773855763820825
560.5 7.205073011855182
561.0 3.7103412312179085
561.5 1.8777339671996938
562.0 4.39953051142066
562.5 2.7990410885204566
563.0 4.291471855648724
563.5 3.134801742680005
564.0 5.157148040684079
564.5 3.761988875365757
565.0 3.7079267082051213
565.5 3.5236578714701268
566.0 5.25595989358929
566.5 2.005385646841445
567.0 2.127984938691119
567.5 0.2
568.0 5.07210233326664
568.5 1.4458963885239724
569.0 2.5914569629736093
569.5 3.2804929608843065
570.0 2.7687896274446455
570.5 6.653172138638579
571.0 2.8857165489918204
571.5 2.560875772576271
572.0 1.56344371539693
572.5 4.141338108495538
573.0 1.835152000734636
573.5 0.9951604906631695
574.0 3.8915498681811407
574.5 2.6886647740784495
575.0 4.677604774609211
575.5 7.802446808148234
576.0 3.2522520242912663
576.5 3.421900847397952
577.0 0.216693379216788
577.5 5.793311663197511
578.0 3.1802963282835033
578.5 1.4811527393645876
579.0 0.6906319070859617
579.5 1.5840949094062475
580.0 1.818426144364573
580.5 6.91472233559146
581.0 5.712335309382656
581.5 3.579959868479651
582.0 5.118934503827793
582.5 1.0725174005542384
583.0 2.651727700289693
583.5 4.386268334408807
584.0 5.6266286608198435
584.5 4.396842525256934
585.0 7.4458443948682635
585.5 2.9611126003036787
586.0 0.906971493878848
586.5 0.2
587.0 2.948405274068132
587.5 1.5306673954316956
588.0 1.6502259031555209
588.5 1.1707352235258237
589.0 4.003023085871375
589.5 0.42858596858976794
590.0 1.5099425150982393
590.5 3.1486642498169006
591.0 2.834090603604946
591.5 4.024313407108583
592.0 1.9809171909926486
592.5 4.0276571756920365
593.0 3.7066550391556605
593.5 4.794833596614863
594.0 3.299373940416734
594.5 3.548830634297479
595.0 2.8137480330287796
595.5 2.208395237764604
596.0 3.0554013070291317
596.5 1.589686071042028
597.0 2.6049324528272324
597.5 4.7027111336723415
598.0 2.9996147435702314
598.5 1.8301234079748216
599.0 1.286733055411713
599.5 2.807620995238181
600.0 3.6660049870661124
600.5 4.697207813745735
601.0 2.8846100616582695
601.5 1.0956028417145995
602.0 4.24896243508597
602.5 2.3428970270358067
603.0 3.901620366814517
603.5 2.5614420215857505
604.0 3.766548452962554
604.5 4.309103260901008
605.0 1.7405446419397081
605.5 3.2659482240181026
606.0 5.096649354241136
606.5 2.2599042179584288
607.0 3.03870724960852
607.5 3.0362492882698904
608.0 2.7457287852200603
608.5 3.305305704847964
609.0 2.5474971472001235
609.5 2.6493714239881747
610.0 1.019554610412093
610.5 0.2
611.0 2.826267471231789
611.5 1.4218155499652503
612.0 2.969334564688886
612.5 3.3103567768403592
613.0 3.0145028326801624
613.5 4.441848626280163
614.0 2.077012007459142
614.5 3.0667602890104138
615.0 4.092010221751993
615.5 1.045689918020852
616.0 7.425498660684209
616.5 2.553409913959819
617.0 1.8412496792458555
617.5 3.3255861400044173
618.0 2.874825478700815
618.5 2.917330903591009
619.0 1.8478877968116212
619.5 1.4322374037649461
620.0 3.525884536912842
620.5 5.121775483768927
621.0 1.9234231530433281
621.5 1.178008865493617
622.0 1.9553759889433406
622.5 4.020339079111453
623.0 3.6947360234189883
623.5 1.451495725994552
624.0 3.536787210192861
624.5 2.8442048065817858
625.0 3.0083179347068314
625.5 2.8117870755294234
626.0 2.1549213952380954
626.5 2.2713175624735973
627.0 0.8711245724488992
627.5 2.079366587264171
628.0 2.7044633819226447
628.5 4.731888731959977
629.0 2.8715512743104106
629.5 5.532369069531914
630.0 4.374394518258152
630.5 1.183702652914206
631.0 2.2689396839758325
631.5 3.49448697079524
632.0 1.721868370463125
632.5 1.1689881374938453
633.0 3.0246397677486043
633.5 2.8337008443347136
634.0 1.5074457937931012
634.5 6.532902530109471
635.0 2.255347224385057
635.5 6.05017920496234
636.0 2.29978767542819
636.5 4.903809501090031
637.0 8.142689752883273
637.5 2.5234659808743096
638.0 10.869585748622217
638.5 5.49868449645126
639.0 6.720867456304871
639.5 5.23437358929351
640.0 5.348827001457292
640.5 9.504111745366124
641.0 0.2
641.5 5.806208937494731
642.0 0.2
642.5 6.72419116146346
643.0 7.601353648161366
643.5 9.329214105289235
644.0 7.888049097080444
644.5 2.8414134740346992
645.0 2.52132259404396
645.5 3.1056762980905264
646.0 3.2049122883073204
646.5 3.5566213830990803
647.0 3.345331757211692
647.5 1.530854519254332
648.0 3.69332751347453
648.5 2.31000505692635
649.0 1.7886192645911287
649.5 6.3317749925085085
650.0 1.8395201486256145
650.5 4.50893878935485
651.0 3.1968593359434516
651.5 5.464298112713783
652.0 4.487781844825726
652.5 4.540027482567668
653.0 3.6456157143283723
653.5 4.466294057181864
654.0 1.8158082137998288
654.5 2.3922213650483557
655.0 4.50838856524855
655.5 3.5276619771489335
656.0 2.960890565273075
656.5 5.3862881105103435
657.0 2.9108806046787934
657.5 0.2
658.0 4.416948018992203
658.5 5.963605249358366
659.0 0.2
659.5 2.9288939399125455
660.0 5.236290057926563
660.5 0.8971501801631434
661.0 2.8954640192483536
661.5 2.476402739184021
662.0 1.9877136445555987
662.5 1.4851391712230078
663.0 3.4607902014929697
663.5 2.2279284699822997
664.0 2.923277702551436
664.5 3.9171270085723444
665.0 3.5553527783468697
665.5 2.3305023900431276
666.0 0.2
666.5 4.26385760005174
667.0 2.156300234110879
667.5 3.428166318437562
668.0 3.002353795217112
668.5 3.105034211766421
669.0 1.7756866587400388
669.5 4.066896768725387
670.0 1.320139987689159
670.5 3.672775083923103
671.0 2.9793497602969268
671.5 4.056519368710706
672.0 3.558715954510627
672.5 2.614770272700588
673.0 5.937583050392783
673.5 1.4929148841024171
674.0 3.77696000569955
674.5 1.9786970766915069
675.0 0.6935890327174645
675.5 1.480491678878442
676.0 2.967202208647815
676.5 1.8318754029860762
677.0 3.601911210878969
677.5 1.7240777839335784
678.0 1.7962517941155651
678.5 3.039505850927345
679.0 2.0982378750769084
679.5 3.992162874706423
680.0 0.6707818090182103
680.5 1.5727490785408367
681.0 5.242666526353469
681.5 1.8114279513418876
682.0 2.5439388888402554
682.5 3.8175051542239995
683.0 4.439310257611243
683.5 0.2
684.0 1.3684362516824127
684.5 0.44117337394534406
685.0 4.1464108372274096
685.5 3.9790703872435405
686.0 1.3059528319558424
686.5 4.086902334077941
687.0 4.894525246543479
687.5 8.304080183748251
688.0 6.05325729799635
688.5 6.801991717554973
689.0 3.92965444615733
689.5 9.792360107411213
690.0 5.836715640283174
690.5 6.826715031645687
691.0 4.256228076435585
691.5 0.2
692.0 3.716366129138338
692.5 0.9594790312384527
693.0 3.5272194256465568
693.5 5.264221975184935
694.0 0.2
694.5 9.73409213861148
695.0 1.0027824298230308
695.5 5.253632825341013
696.0 4.789788534403172
696.5 5.475260333102038
697.0 5.272459280276939
697.5 2.991912070604833
698.0 6.29004018843562
698.5 5.274296421233049
699.0 6.021977674467153
699.5 6.313358470757677
700.0 6.5924732234699235
700.5 5.251353498878533
701.0 8.188773268156226
701.5 3.9792294211638883
702.0 4.849248042272592
702.5 0.8114022236853629
703.0 3.4914405971344693
703.5 4.532266622914278
704.0 1.4849440636288502
704.5 4.678727646747712
705.0 2.7966050056576552
705.5 5.781977784139553
706.0 2.0953447968031824
706.5 3.818988176489705
707.0 8.204083269002505
707.5 5.503219450603284
708.0 2.5434646496041484
708.5 0.2
709.0 1.6175907848766045
709.5 2.8768274635895903
710.0 1.6049904928096015
710.5 3.528868138662281
711.0 5.153499789140994
711.5 4.146122022594238
712.0 4.105619853090066
712.5 6.567302373411843
713.0 1.9661692220546514
713.5 1.6180640410758875
714.0 3.961958459195023
714.5 3.435264966704419
715.0 3.1116983542624137
715.5 1.67762181813688
716.0 3.0047304966248873
716.5 5.606883281496505
717.0 2.8660544708888622
717.5 0.8134311322426813
718.0 1.6599985577247844
718.5 5.0993684873178635
719.0 4.225838469988389
719.5 3.9988384783252933
720.0 5.116099501538235
720.5 5.137126846765183
721.0 4.136903695086998
721.5 0.7569338841219664
722.0 0.2
722.5 7.207298852583944
723.0 2.0416498886867736
723.5 3.4881104273442904
724.0 2.738223520610637
724.5 4.484345660753075
725.0 6.837296996189966
725.5 7.0209392249173135
726.0 4.035740000499653
726.5 3.880509486935047
727.0 0.2128317966188633
727.5 0.2
728.0 7.484296539310172
728.5 2.8231024354497607
729.0 5.934844641615477
729.5 0.8354899201825652
730.0 2.2977101366583126
730.5 2.797179944285675
731.0 4.402040235072861
731.5 3.7713465720316637
732.0 3.518191691020721
732.5 4.852454396617416
733.0 5.347033244060146
733.5 2.6508037163593166
734.0 3.914010679848547
734.5 1.519079619072656
735.0 1.8955840506430355
735.5 3.8567488340759795
736.0 1.4214256751875973
736.5 2.081780342191845
737.0 0.9382521419587926
737.5 2.6794926168620297
738.0 2.86450425964721
738.5 4.072152550151345
739.0 2.875189457047147
739.5 3.024065824838356
740.0 5.250447207375434
740.5 0.2
741.0 1.007594300616098
741.5 6.957291901604
742.0 9.37745641280488
742.5 5.290830607025773
743.0 6.943413929412241
743.5 4.455309194384952
744.0 3.4200099074413446
744.5 4.4991843175736435
745.0 7.672184611447385
745.5 1.2688847981986546
746.0 1.7810703727082253
746.5 5.38702756770203
747.0 6.449145596555094
747.5 9.773168258654724
748.0 6.087456220820009
748.5 6.499934571038304
749.0 8.110353050952325
749.5 6.176602276727656
750.0 2.163154294694471
750.5 5.32208192758374
751.0 5.440721234115655
751.5 0.2
752.0 6.537919880963933
752.5 0.2
753.0 4.073372891756329
753.5 9.005924617414749
754.0 9.781213911619801
754.5 6.970332336948247
755.0 5.85611715301342
755.5 10.146255562619872
756.0 7.65690296851616
756.5 0.2
757.0 7.189203025999317
757.5 0.2
758.0 3.141154149206664
758.5 2.9557055681389865
759.0 4.016809605597504
759.5 3.5810555129495776
760.0 1.6658381540624454
760.5 2.1815701136823353
761.0 4.399268060401973
761.5 3.121307337635259
762.0 1.4608577778515155
762.5 0.2
763.0 2.390714982117186
763.5 6.243824760146761
764.0 4.2332274149877245
764.5 0.2
765.0 6.185528332202441
765.5 3.2216022855034647
766.0 4.984894416329612
766.5 4.906939922521016
767.0 0.42660311135207873
767.5 7.927838394751808
768.0 5.20826315350668
768.5 7.969966095292264
769.0 3.0488260398481537
769.5 3.3689925270019883
770.0 1.8584558421694914
770.5 6.195981971092242
771.0 3.7836077218631594
771.5 1.5488770847505697
772.0 4.49926702875004
772.5 1.5887289807533151
773.0 4.603771600168622
773.5 0.2
774.0 5.7573193149349
774.5 4.986778677286597
775.0 4.847218404601908
775.5 1.7214696388875321
776.0 2.837281458290913
776.5 3.6683222841018583
777.0 4.221648035692109
777.5 4.233287003562855
778.0 3.515881400223477
778.5 4.695403059380438
779.0 7.798527759696933
779.5 2.126173826341719
780.0 1.294719003863018
780.5 2.3542618483779636
781.0 2.7060741651959113
781.5 7.234026404470425
782.0 3.456032454064412
782.5 3.073941852058244
783.0 3.8919893091449937
783.5 5.654743967891017
784.0 4.220409371339116
784.5 5.689060899311915
785.0 5.56475045732985
785.5 2.759617824838605
786.0 1.1939233408287286
786.5 2.3580752991827936
787.0 3.7995275155611896
787.5 1.5887170277534812
788.0 3.670233993105412
788.5 1.9141266429597086
789.0 3.4851329068629786
789.5 8.582420679942441
790.0 5.690501793934693
790.5 4.105280871791227
791.0 6.9542879750849815
791.5 2.456019137973937
792.0 1.6266010496603585
792.5 3.1935934415137814
793.0 0.2
793.5 2.257940807367418
794.0 3.7891113749551626
794.5 8.360362277532243
795.0 1.6871312047228773
795.5 2.2877424188687416
796.0 6.393671701160053
796.5 4.56708569348261
797.0 2.044700423836966
797.5 7.371679166628313
798.0 0.2
798.5 5.004111153337987
799.0 2.7922587454315835
799.5 4.954984900241207
800.0 6.287669049305782
800.5 6.130109569242761
801.0 6.366162665895807
801.5 2.31940523966957
802.0 3.4046357361739803
802.5 5.754952992373719
803.0 3.2668267518329324
803.5 3.2137730746718125
804.0 3.8651002210377277
804.5 5.371169928510532
805.0 7.759978457794691
805.5 5.9839359953912705
806.0 3.8341798583209696
806.5 1.6475443627921065
807.0 4.508309327135158
807.5 0.2110612073772704
808.0 6.273332943636566
808.5 3.137553862170678
809.0 5.950732990745834
809.5 3.3287484241784773
810.0 5.075932931897029
810.5 0.8363672698707054
811.0 0.9239401743425804
811.5 7.3962930886068445
812.0 9.144016581812616
812.5 3.6524699276646464
813.0 6.177370104088437
813.5 3.338444001649113
814.0 8.393725049816759
814.5 1.5372815262867001
815.0 5.245061060285959
815.5 2.2805868684242125
816.0 0.5127521186952904
816.5 2.737871200941947
817.0 2.428776381137566
817.5 3.206021415574543
818.0 3.3111252654467176
818.5 8.499331899280643
819.0 4.226124887084538
819.5 2.135831938612571
820.0 4.200937868708803
820.5 7.121836113267482
821.0 4.824297240378877
821.5 2.249859506271896
822.0 3.526253744522826
822.5 2.0664539564563156
823.0 3.3007365770155883
823.5 1.8859162544960641
824.0 3.1703018139332366
824.5 2.2705449119734555
825.0 3.9033697285210387
825.5 1.76891779883948
826.0 2.8387380838974696
826.5 5.839799394457569
827.0 0.9189998928366694
827.5 2.243745391937616
828.0 5.495036751560732
828.5 7.499930595132501
829.0 4.117442475037525
829.5 0.2
830.0 7.899475564283394
830.5 2.149537289019289
831.0 0.8598796566174594
831.5 1.339645050060561
832.0 4.7461924880086395
832.5 3.401368015508881
833.0 1.4302828105754846
833.5 0.2
834.0 1.6453722647333966
834.5 5.043185271942211
835.0 1.5657291856789222
835.5 4.447017406306718
836.0 0.4932672059064154
836.5 4.311750044178158
837.0 4.419955333831357
837.5 2.1539106620254826
838.0 6.69180873089948
838.5 0.2764069587932152
839.0 4.102337012748522
839.5 6.630906730143375
840.0 6.482683348813218
840.5 5.334774541767157
841.0 5.195515025570305
841.5 3.436705513306177
842.0 5.159800862793011
842.5 2.289419483042586
843.0 0.8381052309711094
843.5 2.686549670222119
844.0 2.5132762517788874
844.5 3.1270680618306494
845.0 6.420109835707445
845.5 8.176356907919658
846.0 5.9894550218598
846.5 4.078050893637148
847.0 2.448715444894373
847.5 3.717856008870224
848.0 6.817027985800435
848.5 8.929630095546207
849.0 4.126022003451789
849.5 5.996637188462158
850.0 6.882191760632625
850.5 0.7283611229345448
851.0 4.18545093123268
851.5 5.017670697830258
852.0 1.518634256122668
852.5 2.742079751350699
853.0 1.1602906360606267
853.5 0.2
854.0 3.9920877245725013
854.5 5.03102915487363
855.0 3.0073113668910123
855.5 1.5385821667729385
856.0 6.422868128259394
856.5 2.2892788553145538
857.0 2.73763874595529
857.5 5.481478781006226
858.0 4.873460782331561
858.5 2.9297477619154115
859.0 1.1957645010034859
859.5 3.5009128722734104
860.0 3.4017063443086424
860.5 2.769836231594001
861.0 3.234105271433599
861.5 3.4046816098043564
862.0 3.953431392601974
862.5 3.817713015183059
863.0 3.631815817378512
863.5 3.931845847218973
864.0 6.838267731853761
864.5 3.236384528336818
865.0 4.01628865420838
865.5 0.972368218944947
866.0 4.861265213408335
866.5 3.3350017989291834
867.0 9.546757115603729
867.5 7.743096001030057
868.0 5.158530548933587
868.5 8.691441240697937
869.0 1.7021137162440807
869.5 0.3506941015151268
870.0 3.583663787590149
870.5 3.6328847077228996
871.0 4.13486390133998
871.5 6.192123522850376
872.0 4.530129624137488
872.5 0.2739125543102583
873.0 2.884197112402134
873.5 2.657778597320438
874.0 10.805358113117153
874.5 3.7433429566157157
875.0 1.0465228211265254
875.5 2.4120119077518507
876.0 4.6595647907168445
876.5 0.7107355712893781
877.0 4.491093918922759
877.5 5.656229027794899
878.0 7.869202965602948
878.5 9.222052610991398
879.0 4.792083826570424
879.5 5.369401767738821
880.0 9.321826369202073
880.5 3.6104530046895142
881.0 7.394738963259963
881.5 4.8736058654158825
882.0 6.412258381830083
882.5 5.30417211655909
883.0 4.900457838498111
883.5 3.6323461693006256
884.0 0.2
884.5 6.0091546459813685
885.0 4.988542613594486
885.5 3.0272892658531685
886.0 5.381582461990387
886.5 10.878255443172742
887.0 3.2897300543858177
887.5 4.1498175484879
888.0 2.0275990811851776
888.5 1.351042953973566
889.0 5.929020702254244
889.5 3.70129856445144
890.0 1.8684455729415017
890.5 2.6346821038140185
891.0 0.81927673917138
891.5 2.754935658289161
892.0 3.8750577419716734
892.5 2.319883619871388
893.0 3.0064674227685053
893.5 2.5090361907886196
894.0 2.5296875476749294
894.5 3.1831820909306097
895.0 2.373646772715285
895.5 3.8321244490673676
896.0 2.6579116204044393
896.5 2.0251826492905036
897.0 1.5877810563680408
897.5 2.496403292501981
898.0 3.177663139469465
898.5 2.0140454316523355
899.0 0.2
899.5 3.693575059314381
900.0 1.8687712964253067
900.5 0.9365789875336523
901.0 2.283077047768669
901.5 3.3715856610497257
902.0 0.2
902.5 3.2066311448836995
903.0 2.5560783384704835
903.5 4.871209966435849
904.0 1.7227037761078998
904.5 2.218884180924391
905.0 3.1453105111050013
905.5 1.718403518950457
906.0 0.2
906.5 2.7550375620152496
907.0 4.275893533892916
907.5 3.8209606307310224
908.0 3.8871734012738997
908.5 1.6761475136195823
909.0 3.9515021635863516
909.5 2.8887634533500757
910.0 4.2962776998864625
910.5 3.6190776036981047
911.0 3.9243564246519265
911.5 3.0331733326879915
912.0 0.2
912.5 1.7848164267393098
913.0 4.4939294483509284
913.5 1.7211198615470988
914.0 1.5172884334792256
914.5 5.26025694087442
915.0 3.903722347316994
915.5 4.9225801733371135
916.0 2.7987725815162725
916.5 1.1364441322011165
917.0 1.4541373948377445
917.5 3.6128082034413915
918.0 2.0611646520639373
918.5 5.170325977312522
919.0 2.888659475243565
919.5 2.755259690349265
920.0 2.628458194637478
920.5 3.6489464136699947
921.0 3.696244728533036
921.5 1.5844927253756225
922.0 3.293407960511367
922.5 4.200010626425163
923.0 4.448284772401929
923.5 2.555912604690434
924.0 2.14813438358561
924.5 4.119750204035577
925.0 1.7832085679078853
925.5 2.8142193633142982
926.0 2.2202273151378806
926.5 0.9439393506813425
927.0 4.157705205897367
927.5 1.3225014865717222
928.0 1.5909411582584894
928.5 1.52552119575532
929.0 1.3397133078721564
929.5 3.9418399667897965
930.0 2.6518258942928576
930.5 2.8983148484836407
931.0 1.5844683964651003
931.5 2.096891205557624
932.0 4.593937647342423
932.5 3.250882980246619
933.0 3.259248803551684
933.5 2.7722809373345667
934.0 2.9309494224344617
934.5 4.354181461182268
935.0 0.8563610615075952
935.5 1.09482027763821
936.0 3.0575452275482924
936.5 1.5684054568479497
937.0 2.1277829242472106
937.5 2.0943197920033976
938.0 1.7487285950712539
938.5 4.236212692682059
939.0 2.2453646854547116
939.5 1.7728891940986116
940.0 1.9738922032253685
940.5 1.7581967615641112
941.0 1.878657153037425
941.5 1.9495744590910529
942.0 3.6113769646404057
942.5 1.9204876979600183
943.0 0.2
943.5 0.7285669404865835
944.0 0.2
944.5 0.9770345390335224
945.0 3.6457818022415758
945.5 3.002685562763623
946.0 1.1265394381499108
946.5 4.288588250344971
947.0 2.890240590507844
947.5 3.665041332036987
948.0 2.1174959119917056
948.5 2.508840238245999
949.0 2.778943694555884
949.5 1.699187030211704
950.0 3.6645166610816853
950.5 1.5974636317277717
951.0 1.5746114303134053
951.5 2.3370243843321417
952.0 2.5001183434846395
952.5 4.169633557095995
953.0 2.550977903210053
953.5 2.7140667801672587
954.0 2.9434399759884924
954.5 1.8007032552838207
955.0 2.3826710947571454
955.5 0.8367483390685364
956.0 2.6216281075389043
956.5 2.2348156874870106
957.0 1.6733179917082217
957.5 1.1839183821040191
958.0 2.2124497420521556
958.5 3.6931814615570295
959.0 1.8685367432870856
959.5 4.3285524847272185
960.0 1.2331063227579613
960.5 3.0000132313846493
961.0 3.6986548110982307
961.5 0.6110579085776191
962.0 1.3844124230431107
962.5 2.165534912035665
963.0 0.35052522286499177
963.5 1.8882623160687209
964.0 2.3764029870712275
964.5 2.898466675046936
965.0 2.1676545413144828
965.5 1.849870819508025
966.0 2.210602620387941
966.5 1.6006198084716017
967.0 3.115503701097198
967.5 2.3822350698108585
968.0 3.454263412835059
968.5 0.2
969.0 4.61961156394466
969.5 3.4996405541255022
970.0 1.0939118439889617
970.5 3.033534369490054
971.0 1.7053564640184748
971.5 1.1605390985294035
972.0 3.2050500174955623
972.5 3.2413733846011574
973.0 2.885527806518869
973.5 1.8426652842037938
974.0 0.2
974.5 1.793556287435223
975.0 0.2
975.5 2.3697430704119116
976.0 2.1185338556161337
976.5 5.033228247562562
977.0 2.058128913955727
977.5 5.057965052609653
978.0 3.5506084307383645
978.5 2.3470636879924305
979.0 4.089788273301485
979.5 3.5699781836494133
980.0 0.2
980.5 5.758996466854345
981.0 4.947737538472641
981.5 0.2
982.0 4.3638866304436235
982.5 4.969016034236001
983.0 1.6486169037773166
983.5 3.4442561598461854
984.0 5.170162235422003
984.5 2.900137689173736
985.0 3.5765133374458298
985.5 1.7974366181785815
986.0 3.7343995007302797
986.5 0.9741527649697117
987.0 8.42623220737369
987.5 2.4501704533357156
988.0 6.035563101278985
988.5 4.911776547070826
989.0 5.717316919756419
989.5 2.787529645822601
990.0 4.0514718883460095
990.5 8.95468849187218
991.0 0.2
991.5 0.8152507761087242
992.0 4.7346477536917035
992.5 2.86629836568959
993.0 0.48215513575199376
993.5 2.6589065320157195
994.0 0.2
994.5 7.477277490083896
995.0 4.602797300900333
995.5 2.795677857388953
996.0 6.842309147177771
996.5 3.0475536879185965
997.0 7.69105042375901
997.5 3.7310358897098688
998.0 3.341278625683554
998.5 8.40912035779141
999.0 1.5514703559871488
999.5 5.27818837898224
1000.0 4.729905665034479
1000.5 5.094384617349445
1001.0 6.774895109512441
1001.5 8.053680823772094
1002.0 4.26549048109591
1002.5 4.325943139074319
1003.0 4.508947723179562
1003.5 6.937978035486532
1004.0 3.0212210381787314
1004.5 4.195825769212544
1005.0 2.981898605713814
1005.5 6.669218328518956
1006.0 2.207639764662313
1006.5 2.822086629993483
1007.0 1.779949715356008
1007.5 3.40232409022886
1008.0 2.8234650256382174
1008.5 5.816682190698341
1009.0 6.805317875281535
1009.5 2.6949933073562473
1010.0 6.146357253087677
1010.5 7.816624217129707
1011.0 3.3967710312147856
1011.5 0.2
1012.0 5.196770732998041
1012.5 6.035234648496454
1013.0 1.9705301050028372
1013.5 4.828967516262024
1014.0 0.2
1014.5 4.87556646770377
1015.0 4.091294419322638
1015.5 4.450881857754945
1016.0 4.381273682380448
1016.5 5.521292795755582
1017.0 3.526366103333
1017.5 7.544087568377234
1018.0 6.504737899656556
1018.5 1.1457020801795745
1019.0 7.16377332708746
1019.5 2.2350690271052707
1020.0 6.662367622015987
1020.5 5.263991090738859
1021.0 4.223601461154711
1021.5 2.786946268034396
1022.0 2.672453724906175
1022.5 2.6594830815751083
1023.0 4.250910177586725
1023.5 5.546035847399345
1024.0 5.803219880131781
1024.5 0.7431192599859022
1025.0 1.419542064504331
1025.5 5.178120320826638
1026.0 6.309337382320416
1026.5 2.653835617806343
1027.0 7.156983948508673
1027.5 5.472130791031661
1028.0 7.484766710821249
1028.5 8.932945558896222
1029.0 6.591309715142122
1029.5 5.074710903110331
1030.0 6.363678543112435
1030.5 6.128578433798552
1031.0 9.90086412646039
1031.5 2.778511791455789
1032.0 3.7582004860892075
1032.5 3.5910445816097227
1033.0 5.353547666364974
1033.5 6.260019686562348
1034.0 6.925512127723398
1034.5 7.674353937742032
1035.0 7.029535910615159
1035.5 2.2139584488924458
1036.0 0.2
1036.5 5.176073878042825
1037.0 1.958819216947473
1037.5 3.6652912669526296
1038.0 5.271503262399563
1038.5 3.85346488642345
1039.0 6.6076616684570055
1039.5 2.4140066978715544
1040.0 4.238221703731071
1040.5 4.218842168609464
1041.0 2.0281047781474024
1041.5 3.8766744113763743
1042.0 7.224069701761475
1042.5 1.2604735050973357
1043.0 5.6570372469755075
1043.5 2.7147511436139684
1044.0 2.0322099660263677
1044.5 5.081250479450496
1045.0 4.687845799267999
1045.5 3.0968852266112026
1046.0 6.151931057304667
1046.5 1.0411757875998644
1047.0 4.57892079757527
1047.5 2.4697470338120384
1048.0 0.43956171824768697
1048.5 4.400414224197874
1049.0 0.3843123496860992
1049.5 2.0142717885091415
1050.0 0.9716353885553497
1050.5 4.223165655290075
1051.0 2.6255257478041747
1051.5 5.263914423757283
1052.0 2.537174173197453
1052.5 1.1095490739144416
1053.0 6.302294157284205
1053.5 5.746091748419579
1054.0 4.5456393810185745
1054.5 1.8968477908304835
1055.0 2.91949153320341
1055.5 6.450760195391382
1056.0 2.992938567885409
1056.5 0.2
1057.0 4.364044330545746
1057.5 4.099798488035424
1058.0 3.692592778481468
1058.5 3.8553127309410797
1059.0 3.9330887309123312
1059.5 3.053462642426317
1060.0 4.450347782895905
1060.5 4.041166422742703
1061.0 7.163551098451855
1061.5 6.53162728199848
1062.0 2.9838096425124423
1062.5 7.019282026301431
1063.0 7.076065527575325
1063.5 1.2832490764291653
1064.0 7.93856895485507
1064.5 6.191666266647626
1065.0 5.794584152787141
1065.5 3.4464330179505818
1066.0 4.488546157423367
1066.5 3.918331599341397
1067.0 3.3567475109612053
1067.5 1.5909588106609929
1068.0 3.124455311818895
1068.5 3.4219735222896763
1069.0 3.8654650829293247
1069.5 2.708572956212092
1070.0 1.3095101176157993
1070.5 0.44864134612518036
1071.0 4.512636036919353
1071.5 3.3112645643397505
1072.0 5.161316956996087
1072.5 6.452012239723618
1073.0 4.7690363157416895
1073.5 2.4322429612354526
1074.0 1.0036622804144906
1074.5 4.6180512705593815
1075.0 1.850386764008948
1075.5 2.7454271483412
1076.0 1.2949014437045112
1076.5 6.840475529254323
1077.0 4.575639872584359
1077.5 3.954134493608037
1078.0 1.787222252153357
1078.5 4.4074529009791075
1079.0 4.292264590879336
1079.5 1.3565570683139794
1080.0 1.682199189638144
1080.5 5.5559154741094465
1081.0 8.687586061257072
1081.5 6.2225880584782445
1082.0 2.278553638457855
1082.5 1.5064772998319045
1083.0 3.5555804902279213
1083.5 1.2616257723308026
1084.0 2.689446930627225
1084.5 2.9487620875550276
1085.0 3.513191337549206
1085.5 1.0009441929109384
1086.0 5.279399691648473
1086.5 2.5242150775587806
1087.0 0.6591807885565455
1087.5 3.4674029351926197
1088.0 4.2386241113318555
1088.5 1.3680080451069072
1089.0 4.720705271828367
1089.5 4.011042531278221
1090.0 1.7590087042826084
1090.5 5.051281256444632
1091.0 2.2587912311479954
1091.5 4.630641592435932
1092.0 2.1806995070142516
1092.5 3.8955694922163193
1093.0 0.2
1093.5 4.318458511760544
1094.0 1.3058515088941738
1094.5 4.0137605931829725
1095.0 0.7492666130058669
1095.5 0.41049203916433585
1096.0 5.719930609680437
1096.5 0.9678181151075465
1097.0 2.9378271442270942
1097.5 6.5921646283094075
1098.0 4.9423877983835895
1098.5 1.8863236655713242
1099.0 4.688326084923558
1099.5 0.2
1100.0 4.009398987153697
1100.5 4.692205381451821
1101.0 0.7160173114590411
1101.5 1.7050207955099563
1102.0 3.66242099494631
1102.5 5.081156320379927
1103.0 4.670909857431247
1103.5 1.9642063210403884
1104.0 4.587903042820777
1104.5 3.501762764756225
1105.0 2.8262457762738746
1105.5 5.479730708767331
1106.0 5.895223708415044
1106.5 1.7809106163942965
1107.0 0.2
1107.5 7.603964186478725
1108.0 4.187900363888954
1108.5 0.32221638871016367
1109.0 5.442654597768266
1109.5 0.397825913658048
1110.0 7.099108535108979
1110.5 4.494294945516701
1111.0 4.615677416518452
1111.5 8.494468048491967
1112.0 4.8056037165609355
1112.5 4.597511262243726
1113.0 4.219649353778811
1113.5 4.591611191172488
1114.0 2.5295839630934136
1114.5 1.2796900750043272
1115.0 4.354479021726658
1115.5 5.746899757960968
1116.0 4.601849246967463
1116.5 5.304726128998628
1117.0 4.149024440674307
1117.5 2.0361992011375376
1118.0 1.395633486981831
1118.5 5.660851313177838
1119.0 7.841871852891787
1119.5 5.136987823191235
1120.0 8.477761700994542
1120.5 2.774000923006562
1121.0 7.021924013790775
1121.5 8.206620057552216
1122.0 3.8035249725380016
1122.5 8.50287438066795
1123.0 6.47854815083051
1123.5 7.589697291922922
1124.0 7.85081893447481
1124.5 0.23181201651055083
1125.0 6.734120325080268
1125.5 6.14559433104913
1126.0 2.552437063383793
1126.5 7.0291940429313335
1127.0 6.961846945125717
1127.5 6.393279056773149
1128.0 7.056162700918939
1128.5 6.502427210586354
1129.0 3.7159898441668457
1129.5 7.1227403225151384
1130.0 7.9909691603122015
1130.5 5.515963697369012
1131.0 1.6235787596359659
1131.5 4.239587704682647
1132.0 1.8120627752415723
1132.5 6.0660071482561335
1133.0 3.129282377021897
1133.5 3.9898972702474893
1134.0 4.701739197628732
1134.5 1.7286977167583186
1135.0 4.012390913862639
1135.5 4.3036852902782465
1136.0 3.654438793606805
1136.5 3.2766801692131486
1137.0 3.0039047116812396
1137.5 5.039397989368927
1138.0 3.4783275971898715
1138.5 1.7410661041205753
1139.0 0.2
1139.5 2.5548889711950675
1140.0 5.410612051250855
1140.5 2.3626586808807164
1141.0 3.068471146733274
1141.5 1.0432746290083623
1142.0 0.29467059600671197
1142.5 2.8625551718986832
1143.0 1.8523552251595399
1143.5 5.866396975983021
1144.0 1.8124416131688263
1144.5 1.4573375653369516
1145.0 4.2394976648996945
1145.5 0.2386821817617153
1146.0 0.7554231492122492
1146.5 3.087242335206945
1147.0 1.7626541720885414
1147.5 1.965024980387271
1148.0 4.004585259863363
1148.5 1.8225346165117338
1149.0 0.880125908137694
1149.5 0.40302399586505633
1150.0 2.8395085118372747
1150.5 2.3744375190580564
1151.0 7.266798550019744
1151.5 5.1588261605686725
1152.0 5.844738567435165
1152.5 3.3459519365124515
1153.0 6.391199017485546
1153.5 7.687182810620097
1154.0 8.198991205151414
1154.5 6.129637249482252
1155.0 6.84458214612337
1155.5 5.892136705944237
1156.0 1.3558503333572074
1156.5 2.3917020260625352
1157.0 2.8568662406268914
1157.5 1.7815994417821197
1158.0 2.4642011382633964
1158.5 0.6169803423492928
1159.0 0.2
1159.5 2.1100928264090077
1160.0 0.3677919633607307
1160.5 5.105062115393716
1161.0 3.5574207272897604
1161.5 2.940255377567299
1162.0 3.9714136088974823
1162.5 8.654462056574593
1163.0 2.917882580992196
1163.5 4.6840831627253
1164.0 4.992352758162632
1164.5 1.6258432256419333
1165.0 7.739932152345414
1165.5 4.569531936461132
1166.0 1.920323230360205
1166.5 5.698596801253338
1167.0 3.9230398034134826
1167.5 9.865497626606063
1168.0 9.923308173166319
1168.5 7.191046736270508
1169.0 0.2
1169.5 6.107429222283017
1170.0 5.3179747151014265
1170.5 5.843000139472974
1171.0 2.1398005371460465
1171.5 1.9004267907142114
1172.0 3.7104571194997344
1172.5 6.597713841787235
1173.0 4.580321049317854
1173.5 9.14432180779036
1174.0 1.3017379480121591
1174.5 0.2
1175.0 0.2
1175.5 3.340027378589504
1176.0 5.484157917343104
1176.5 7.217957963768844
1177.0 4.430787817870268
1177.5 7.219794224622696
1178.0 7.230104547214085
1178.5 5.298895208129859
1179.0 1.906362500685499
1179.5 5.174250404596004
1180.0 2.3260172538804045
1180.5 5.789911039346167
1181.0 2.592845451853399
1181.5 8.125779476981561
1182.0 2.86091791328366
1182.5 5.286428967189689
1183.0 3.6484490672130265
1183.5 5.095141962319076
1184.0 6.783870272027809
1184.5 1.2366503630637524
1185.0 2.6429798367215023
1185.5 5.801888953092284
1186.0 2.3783540631199456
1186.5 1.0766887948656878
1187.0 5.369097761277922
1187.5 8.97081611995621
1188.0 2.4911652878945656
1188.5 5.783131475691658
1189.0 2.2344361122276153
1189.5 1.6093788509492704
1190.0 3.0776163314526235
1190.5 6.585032981418273
1191.0 1.5205304686541077
1191.5 1.5123304543433342
1192.0 2.3274608761946936
1192.5 7.601426933262831
1193.0 2.3496476317255306
1193.5 4.233329727324553
1194.0 1.7864457430960785
1194.5 0.2
1195.0 3.9456682577478035
1195.5 3.725154707502692
1196.0 3.9010473039574762
1196.5 9.621155278848303
1197.0 4.040720483962263
1197.5 3.730293790573822
1198.0 9.497155544901823
1198.5 5.074781624865954
1199.0 4.572372164026843
1199.5 1.1304486022323696
1200.0 4.400756426975975
1200.5 1.1522143680309938
1201.0 1.0993701361670345
1201.5 2.3788796708439595
1202.0 5.613851895294681
1202.5 6.474955850648103
1203.0 2.9626428523199455
1203.5 6.131778873022126
1204.0 2.0466398320449035
1204.5 2.9169529898515374
1205.0 2.545668984427498
1205.5 2.5065761733873253
1206.0 2.5389888433980317
1206.5 0.8141831531508914
1207.0 0.2
1207.5 5.917537261670429
1208.0 3.814585340908187
1208.5 3.485916342316037
1209.0 1.0734814260598147
1209.5 2.823578307260473
1210.0 4.481431883586922
1210.5 1.081663224100192
1211.0 3.044863601278982
1211.5 6.136043845446126
1212.0 4.955530517807642
1212.5 0.8878923346295875
1213.0 4.199649083336547
1213.5 5.201808054882671
1214.0 3.1496585277483087
1214.5 3.5214541900425345
1215.0 2.690302889446096
1215.5 3.828029655031759
1216.0 4.397013888736418
1216.5 5.857083977174279
1217.0 1.1832759187117057
1217.5 0.9097771309917726
1218.0 4.97630689835054
1218.5 3.516306627898252
1219.0 3.0761735430222292
1219.5 0.8772974127774305
1220.0 3.984958338473087
1220.5 3.5626368503073516
1221.0 5.5689471630710194
1221.5 4.546818058523851
1222.0 4.97198281835772
1222.5 3.3223765952868485
1223.0 0.46016424610868123
1223.5 3.8248049241775575
1224.0 2.225340887889396
1224.5 2.8281119119050477
1225.0 2.4952874303083883
1225.5 6.524828799561593
1226.0 4.648318644132077
1226.5 1.8537051025585365
1227.0 3.5102230931299516
1227.5 1.940232928616409
1228.0 2.93003395987314
1228.5 2.6696193593516373
1229.0 2.877153863396974
1229.5 2.4905346821485517
1230.0 4.199835098677166
1230.5 2.850830336422893
1231.0 1.8084285819388377
1231.5 3.804149761982948
1232.0 4.148137573185972
1232.5 2.0677097913379945
1233.0 4.4896592011513246
1233.5 5.636256233985632
1234.0 2.5571145717006707
1234.5 1.7672979126377046
1235.0 2.412985953859665
1235.5 4.276299528017038
1236.0 3.7699847561866076
1236.5 3.9959422010029866
1237.0 4.325282669593507
1237.5 3.971842705972561
1238.0 4.429819312104884
1238.5 4.020603435190672
1239.0 0.8458617284963617
1239.5 0.3891532043037307
1240.0 2.857799979224196
1240.5 3.650332448653751
1241.0 4.749549547569661
1241.5 6.706399491365499
1242.0 5.037634485544988
1242.5 5.09071017969822
1243.0 1.4091762741164608
1243.5 3.021801580166684
1244.0 4.778764477797081
1244.5 4.974858783046619
1245.0 4.4975787751672165
1245.5 5.233055608019927
1246.0 4.125067710425522
1246.5 1.783937995212377
1247.0 4.4027891717248195
1247.5 5.393357052381169
1248.0 3.704587238573239
1248.5 4.958167762064719
1249.0 3.1286848575791724
1249.5 2.0878468755460466
1250.0 3.70503459058498
1250.5 0.2
1251.0 3.125626658212266
1251.5 2.5252854241988807
1252.0 2.2071268335311744
1252.5 3.112598494601877
1253.0 4.478473991345506
1253.5 1.7510074110430396
1254.0 3.5961333532022715
1254.5 3.7072584391290007
1255.0 3.753348598736004
1255.5 4.7765898999077105
1256.0 4.116598510131604
1256.5 0.32398944170043986
1257.0 3.492863720889342
1257.5 1.4148092988394876
1258.0 0.9580276746273353
1258.5 3.137139128463822
1259.0 3.3589096134896312
1259.5 2.251824290269269
1260.0 2.454118816403362
1260.5 4.012215963214617
1261.0 5.440879053681339
1261.5 2.3780308621839565
1262.0 0.5502500346656896
1262.5 3.5888961910379553
1263.0 1.7973023700131832
1263.5 3.2251102498346222
1264.0 3.6561261670012586
1264.5 0.2
1265.0 0.2
1265.5 5.77856939200006
1266.0 5.102337140975049
1266.5 2.5531341257041213
1267.0 0.7566265678687922
1267.5 3.0304546722021346
1268.0 2.4300797516373414
1268.5 3.5638402862397154
1269.0 0.9231638528121091
1269.5 2.790430209015002
1270.0 2.8667178358403027
1270.5 3.107231477421701
1271.0 4.069111786047752
1271.5 4.627346825179485
1272.0 3.400581128441486
1272.5 4.040974084824932
1273.0 1.7581848959704365
1273.5 5.643213578821515
1274.0 1.4850107869793312
1274.5 3.5826493407901765
1275.0 2.927922464706237
1275.5 0.2613071827466418
1276.0 2.413733586808599
1276.5 1.4587837535647576
1277.0 3.281363582433539
1277.5 3.865870390494612
1278.0 5.578277189857725
1278.5 1.8499336232737456
1279.0 2.32875812993744
1279.5 3.3318533983482785
1280.0 2.3444186091505204
1280.5 1.817784504633246
1281.0 7.5383762149087925
1281.5 4.192224598104623
1282.0 9.950280506688342
1282.5 1.9877469025315389
1283.0 6.762024924043274
1283.5 9.594914484963166
1284.0 3.461902907988157
1284.5 0.7412350702943038
1285.0 6.267208469384731
1285.5 5.95717910852101
1286.0 8.565882830347528
1286.5 5.126580318357777
1287.0 3.9591966912780063
1287.5 4.75744147870711
1288.0 2.420703769444092
1288.5 3.449798972275741
1289.0 7.146599409928494
1289.5 2.506762580198263
1290.0 5.563880729801168
1290.5 6.68412255689887
1291.0 2.49647400721774
1291.5 7.1949370748568695
1292.0 4.776725869612499
1292.5 3.8110361062398144
1293.0 7.516462244099441
1293.5 0.9731038322726056
1294.0 2.417704991133196
1294.5 3.7673918904203885
1295.0 4.235440067668941
1295.5 3.3649827065865074
1296.0 8.661635543426843
1296.5 8.527146112500798
1297.0 1.3970221809898606
1297.5 0.2
1298.0 9.099250475028963
1298.5 2.5577931689046887
1299.0 3.533423770709739
1299.5 2.436062571646749
1300.0 1.3503020466231885
1300.5 2.5723002810096447
1301.0 2.4632941538984436
1301.5 5.023879451535845
1302.0 3.7158176111383847
1302.5 2.8948721576159144
1303.0 4.847840308261772
1303.5 0.7313786454686806
1304.0 2.3785025830701962
1304.5 6.149236356882189
1305.0 6.993053053327499
1305.5 9.336420209457868
1306.0 5.151936553621029
1306.5 3.7123333706950987
1307.0 3.422516901183637
1307.5 2.856542674153397
1308.0 3.8426976140352718
1308.5 2.0610815289067896
1309.0 2.9587980176005666
1309.5 3.772081032635892
1310.0 6.824882594776527
1310.5 6.2658454505861485
1311.0 2.041956937461588
1311.5 6.8979533709611545
1312.0 4.6584718634502975
1312.5 5.49583913665416
1313.0 4.054189831767889
1313.5 0.5298873264693693
1314.0 4.972627186128144
1314.5 5.2253183391563764
1315.0 3.901321128132878
1315.5 5.702219358922805
1316.0 3.0876053640929473
1316.5 1.5188938962516259
1317.0 3.9758177528733514
1317.5 3.332767945839075
1318.0 2.8795766222247727
1318.5 2.252250361080387
1319.0 2.1015489202576303
1319.5 3.2632288391564583
1320.0 0.2568595458346645
1320.5 2.1519413712380993
1321.0 5.0558980366769095
1321.5 3.2190213873278397
1322.0 2.553289975850717
1322.5 6.251632733318836
1323.0 1.1506803347573513
1323.5 3.1715347677838692
1324.0 3.7037572754524115
1324.5 5.304769593823277
1325.0 1.4006779798377593
1325.5 3.773298378036872
1326.0 0.6938555640348234
1326.5 1.7546608846014264
1327.0 3.4645584498350446
1327.5 2.555870712409948
1328.0 2.016853888861933
1328.5 3.0340274156429308
1329.0 3.7130146583593056
1329.5 0.2
1330.0 3.842229410054594
1330.5 2.3324662306471877
1331.0 2.917343337895274
1331.5 3.7526999903681943
1332.0 2.8812472514642016
1332.5 3.2446205880567502
1333.0 4.048791748495718
1333.5 0.2
1334.0 2.738491063831497
1334.5 3.4944985213248385
1335.0 0.4879848419339483
1335.5 2.248908215358274
1336.0 4.354990611309289
1336.5 3.418304552237845
1337.0 3.599325021691355
1337.5 1.9840494905188995
1338.0 5.7541299909861845
1338.5 4.447544004627569
1339.0 1.737683125802373
1339.5 2.7193871750353984
1340.0 0.9678070936798142
1340.5 0.326809191973382
1341.0 5.099603681314822
1341.5 4.140512956203457
1342.0 0.7408334740624434
1342.5 4.718620603665755
1343.0 2.6152974623782446
1343.5 2.860673837616792
1344.0 3.3394185468899398
1344.5 2.053674856437258
1345.0 4.255575529833019
1345.5 2.509849528569001
1346.0 4.299617528002767
1346.5 6.21777354616235
1347.0 2.2225660345041307
1347.5 2.6236495391296186
1348.0 2.9304006017131137
1348.5 6.573967362876445
1349.0 5.9238111567898315
1349.5 0.2
1350.0 4.408391269049324
1350.5 6.527593569422402
1351.0 3.5593706615871628
1351.5 4.658140636333311
1352.0 3.493249850615892
1352.5 3.533795792845824
1353.0 7.0268223197791375
1353.5 0.7905917748251534
1354.0 4.269703022508242
1354.5 3.59614941443817
1355.0 0.2
1355.5 4.035009817521777
1356.0 4.471756985608383
1356.5 1.971052016783661
1357.0 6.0572424899090995
1357.5 1.402086369628031
1358.0 3.5358594811876998
1358.5 7.162515876055551
1359.0 6.009958360844674
1359.5 2.8184182646655467
1360.0 3.8885452449340923
1360.5 5.71141614890961
1361.0 0.2
1361.5 3.7557857956748237
1362.0 1.701048314755526
1362.5 3.5963457008156032
1363.0 2.1117507105468594
1363.5 8.527108845957553
1364.0 1.3837369641191426
1364.5 5.996289942759203
1365.0 1.837004506090331
1365.5 2.046183923019437
1366.0 4.918910871070805
1366.5 3.0669828611002368
1367.0 2.6849603858657702
1367.5 1.8257621597585127
1368.0 5.28495559130414
1368.5 2.929799349741459
1369.0 0.5840354291512759
1369.5 4.2395387052783
1370.0 3.9397812007165034
1370.5 1.2655090075231559
1371.0 1.923806399060655
1371.5 3.2221222033809642
1372.0 2.6611973761932157
1372.5 1.4564023962827435
1373.0 4.481883692209011
1373.5 2.577672603063304
1374.0 1.367424466727381
1374.5 3.1853631094324824
1375.0 5.588864715927339
1375.5 3.9544887703743834
1376.0 0.804514437640333
1376.5 4.2313646483371405
1377.0 5.28454012630108
1377.5 7.335671346596451
1378.0 8.630504468947166
1378.5 2.3630483616139353
1379.0 7.559096675305597
1379.5 3.7332426877593154
1380.0 0.2
1380.5 1.9712446706061955
1381.0 0.2
1381.5 6.15264597166767
1382.0 1.4367470183325137
1382.5 5.751324739119234
1383.0 1.5299324326944337
1383.5 1.64128738031649
1384.0 2.532386285142259
1384.5 5.1255254085957755
1385.0 1.0488954618201949
1385.5 3.04441387567467
1386.0 3.3229471867018825
1386.5 3.242340203308774
1387.0 5.6714092054905345
1387.5 0.2
1388.0 4.839621488036508
1388.5 3.5250641127671436
1389.0 2.8936484674061558
1389.5 3.710841551296975
1390.0 1.249892365316374
1390.5 0.4732944064824389
1391.0 2.8685722691768043
1391.5 1.6207988376527391
1392.0 0.2
1392.5 1.9129815815529554
1393.0 3.0468713667988885
1393.5 5.860704979443215
1394.0 3.5686155506553705
1394.5 4.533399346424383
1395.0 3.153023654339556
1395.5 3.334998200903577
1396.0 2.908932977741448
1396.5 4.012185269910876
1397.0 1.3438697123414833
1397.5 2.9964426597390785
1398.0 4.955560760399885
1398.5 1.0330038730978401
1399.0 3.4692142018370444
1399.5 3.2105822818694163
1400.0 2.960388690445303
1400.5 2.6782425947283715
1401.0 3.0872294136100464
1401.5 3.8097362684417413
1402.0 4.519817539254187
1402.5 6.54784807111472
1403.0 5.060834823250703
1403.5 2.7509315812384956
1404.0 1.0961172053870887
1404.5 4.5193687872256305
1405.0 0.5431725176511808
1405.5 0.8790884442519391
1406.0 2.402018870375166
1406.5 3.8321516384854593
1407.0 3.2907661403546857
1407.5 5.874376608163754
1408.0 7.4241158397434015
1408.5 3.7442232341615918
1409.0 1.9419456423950723
1409.5 1.6307245319940535
1410.0 1.6705877531450262
1410.5 3.930100986049341
1411.0 4.518862244978702
1411.5 6.799689236530007
1412.0 3.32101323686901
1412.5 4.067978351676219
1413.0 0.2
1413.5 0.7369731661341943
1414.0 3.9363797122772577
1414.5 2.0717708252249185
1415.0 1.7586372927261231
1415.5 1.065067613076729
1416.0 7.031685040133295
1416.5 2.7196038662709032
1417.0 4.239636128340611
1417.5 0.2
1418.0 0.3350918860904857
1418.5 1.7608440189922479
1419.0 4.214353998250826
1419.5 0.2
1420.0 1.0306064691016763
1420.5 3.2864884051784573
1421.0 2.0790039910664193
1421.5 4.204433815633905
1422.0 6.2881133824748705
1422.5 3.4667308691103473
1423.0 7.11934464583697
1423.5 3.1709058148585605
1424.0 2.20536791027791
1424.5 2.702388567462357
1425.0 4.625579195810828
1425.5 2.5689361696758843
1426.0 3.9924779379004907
1426.5 1.1554640022144629
1427.0 2.888953490861029
1427.5 1.671504938417327
1428.0 2.3809550813268525
1428.5 4.843387358816446
1429.0 2.9889437909433587
1429.5 2.914172532695443
1430.0 0.881868657892086
1430.5 2.757251218320814
1431.0 3.395854444970258
1431.5 3.9856500018592844
1432.0 5.492532575225971
1432.5 2.9907863985575975
1433.0 0.2
1433.5 6.633702695737236
1434.0 4.4165112471951815
1434.5 1.8349348312008136
1435.0 4.2703417776216686
1435.5 5.779631431275174
1436.0 2.8384812630019627
1436.5 6.137224245812753
1437.0 5.0619153863578426
1437.5 1.3088060928148653
1438.0 0.2
1438.5 3.4354822953746
1439.0 5.906155247265717
