0 3.2803131421152387
0.5 1.5028988833711123
1.0 3.9376708222816985
1.5 1.5364501107249682
2.0 3.1124390985421155
2.5 4.411100214239475
3.0 5.105363156680106
3.5 2.2169962530928875
4.0 2.4324426201731195
4.5 0.2
5.0 1.2383891639470437
5.5 0.2
6.0 2.1036600109949086
6.5 3.4408313831478408
7.0 6.925367519782113
7.5 9.116296622287853
8.0 0.5612209512141337
8.5 5.891674594747332
9.0 0.6985354451193384
9.5 5.047784216687068
10.0 1.6672780172286163
10.5 4.8090888694711165
11.0 3.410201727363747
11.5 4.845067844620684
12.0 6.06522117634017
12.5 4.416686224288178
13.0 4.096532994684752
13.5 7.629893536252994
14.0 2.201816601571112
14.5 3.780638235637019
15.0 3.4052430028200256
15.5 4.591449517092515
16.0 1.220332045061117
16.5 6.126398570882966
17.0 5.122122315388408
17.5 6.913126735033957
18.0 2.023687231504864
18.5 4.0360266123862685
19.0 9.527710388078301
19.5 1.529849706837553
20.0 0.2
20.5 4.988285734925865
21.0 0.2
21.5 2.1619607537335357
22.0 2.159255763342951
22.5 4.34908615628861
23.0 4.843338133442106
23.5 2.659760643678923
24.0 4.3746641929102505
24.5 2.664747190461506
25.0 6.133547834451912
25.5 1.569495188847317
26.0 2.9722556872298154
26.5 4.159589929138463
27.0 2.5099434481635177
27.5 4.239602273736349
28.0 4.3199731063496065
28.5 0.3633798143571658
29.0 3.4403875605865872
29.5 3.4247955597947004
30.0 3.779893564138372
30.5 6.0360435970405435
31.0 3.6245474408355003
31.5 1.3920217093664302
32.0 2.6159706271028433
32.5 2.7034769027029677
33.0 6.766511532909684
33.5 4.043577094653649
34.0 3.5625801830630577
34.5 1.9357670152933535
35.0 5.531933401046397
35.5 4.032571040649524
36.0 3.7125902452533266
36.5 2.875416108198271
37.0 1.9535470873171776
37.5 3.5924166232941324
38.0 3.9975012558779603
38.5 5.18060192522019
39.0 3.184549523457668
39.5 2.0865733210897046
40.0 3.89859859014716
40.5 3.5759862871624595
41.0 4.514588447333326
41.5 5.280648673641213
42.0 1.6396095599208684
42.5 4.274731109554268
43.0 2.7775744069582786
43.5 2.9819569415417164
44.0 2.8066471528586048
44.5 5.082644610913066
45.0 1.3893442484729994
45.5 3.0371627663741885
46.0 1.7945658598515952
46.5 2.0931791281212733
47.0 5.820108963628842
47.5 4.024784519595531
48.0 5.21034478883993
48.5 2.114449347949291
49.0 6.280160692128094
49.5 7.703096197588515
50.0 2.353518655835191
50.5 6.540779221915727
51.0 9.446661583724161
51.5 4.765025329075838
52.0 3.289131854864496
52.5 6.638996892348228
53.0 1.256359733246026
53.5 0.8624327155898439
54.0 3.558876031274705
54.5 4.240977400828294
55.0 5.9474976595858005
55.5 2.78644975936621
56.0 1.7017990445060285
56.5 5.805867643647575
57.0 2.987947751378692
57.5 6.263900755448677
58.0 3.7796649386926924
58.5 6.033780423847128
59.0 1.2575313630959686
59.5 2.946524967797127
60.0 5.076607589003094
60.5 1.664044943524559
61.0 2.699318774846243
61.5 8.397245935225952
62.0 5.125781628072479
62.5 6.866140475647091
63.0 3.1445383482969573
63.5 2.017136357775936
64.0 3.5727355780198233
64.5 2.0709203773247467
65.0 2.7685283968491645
65.5 2.123971169323368
66.0 3.617887403543285
66.5 1.519634435168011
67.0 2.905412633642122
67.5 1.7972413598169468
68.0 2.536479956287167
68.5 0.35018808336507345
69.0 1.0261064534911901
69.5 3.769294155628722
70.0 3.65351372439111
70.5 1.750611278395917
71.0 0.49952332739907823
71.5 3.019835153675456
72.0 1.9892885132734452
72.5 3.1429641574625498
73.0 1.8867534528705885
73.5 2.46346673743657
74.0 2.7338344437254465
74.5 0.7811408537857631
75.0 3.831175852783403
75.5 1.5346499742061557
76.0 1.3759910456509998
76.5 2.7906051543616583
77.0 3.5062847580792376
77.5 2.5316764161395873
78.0 1.2570956545058958
78.5 1.8525410316299364
79.0 2.529398328293668
79.5 1.333645006741793
80.0 1.5569056101605154
80.5 2.8218920087180264
81.0 4.28676520764092
81.5 0.5259390400394293
82.0 1.8850708378878878
82.5 2.5747235747671153
83.0 1.4496494239789293
83.5 2.415154898263749
84.0 2.549166375634991
84.5 2.7656661731414296
85.0 3.2919767131386273
85.5 3.5687856509383242
86.0 2.185120280964257
86.5 5.313404026247624
87.0 2.2977386271112286
87.5 2.773605088546309
88.0 1.4186784153038399
88.5 3.957064974859807
89.0 3.392983765200645
89.5 1.9697397955607663
90.0 2.938710321972906
90.5 2.4941782795493292
91.0 1.177424395326643
91.5 1.3677209407699233
92.0 2.4167110113002646
92.5 0.511465621652363
93.0 1.1072462087270172
93.5 1.0398461325542667
94.0 5.578136931115076
94.5 2.063245376193073
95.0 2.351415205529852
95.5 0.8139897354969556
96.0 0.5062212462009199
96.5 3.706226293980424
97.0 2.229185073324269
97.5 5.252382617678125
98.0 2.290282216513815
98.5 2.1463911266012032
99.0 8.290068318306696
99.5 7.438848429323194
100.0 3.007110293050055
100.5 2.347435194188307
101.0 5.973418733104847
101.5 4.306292819213488
102.0 6.1762834580167
102.5 3.086001344160419
103.0 2.5164476014900505
103.5 5.439950493385153
104.0 2.779252343106889
104.5 2.011067991362065
105.0 1.0375614419390855
105.5 2.0788953429888837
106.0 3.4703178758759283
106.5 1.3232533334141463
107.0 2.078745274500588
107.5 5.237861725741116
108.0 5.785194390572128
108.5 5.334874766207093
109.0 1.957988355610305
109.5 5.454396640804368
110.0 5.0206243240254835
110.5 4.147528135876237
111.0 3.777507713856092
111.5 3.53132140467307
112.0 3.732884639476412
112.5 1.6736385984168516
113.0 4.705658696395311
113.5 6.145831302492915
114.0 3.8449112917136827
114.5 5.205325107974241
115.0 5.051746797510904
115.5 2.8152310402882375
116.0 3.959228741057972
116.5 1.9330738559104428
117.0 2.8057545963107815
117.5 2.3890648101983274
118.0 2.067477456121476
118.5 4.401564058327939
119.0 3.015469312761656
119.5 4.596737504918837
120.0 6.028369735203734
120.5 6.495124217706535
121.0 0.2
121.5 6.997640619263198
122.0 3.394622200735217
122.5 0.9363476652059926
123.0 2.2126327751418673
123.5 2.23870413157068
124.0 4.443918449175938
124.5 6.331085863034454
125.0 9.263685588983048
125.5 6.504962524539147
126.0 3.1293474437570206
126.5 2.5064054663476925
127.0 4.542847985063522
127.5 4.9506022860122405
128.0 4.4589350925432685
128.5 6.224077961551169
129.0 3.907780170415825
129.5 6.180632076138451
130.0 4.204556018394806
130.5 4.496812752244244
131.0 1.4938915802565704
131.5 5.581369796842704
132.0 0.2
132.5 2.586957500805262
133.0 3.1266857791201637
133.5 3.6710587656415266
134.0 4.313345361696792
134.5 5.6743585259766025
135.0 2.824061515294768
135.5 1.5883906297706676
136.0 5.418537433474491
136.5 3.1409888599570297
137.0 3.041396534646936
137.5 1.5498086671845086
138.0 4.026958874302335
138.5 4.03168014985035
139.0 7.74029667669949
139.5 5.398122185420612
140.0 7.958294750313124
140.5 0.43551959875958923
141.0 5.643641277734169
141.5 3.9727567172501637
142.0 2.106650128701234
142.5 2.9528119737160363
143.0 3.8923290038573506
143.5 5.969361261806455
144.0 4.335923940285033
144.5 1.5990569954522567
145.0 5.460046399449741
145.5 1.2089177217825005
146.0 6.009819615765826
146.5 6.011509033174406
147.0 0.24892784800433798
147.5 2.936060941670779
148.0 3.6508683319311754
148.5 2.613487029038234
149.0 2.553580963830536
149.5 1.9342458651288374
150.0 2.8081977076614413
150.5 1.5732469299104022
151.0 5.186374033292866
151.5 0.5542168173862065
152.0 3.1633299300657067
152.5 2.537046860686832
153.0 0.4746287024737095
153.5 2.7307639261509857
154.0 4.562602669818055
154.5 4.182145738614007
155.0 2.2753053280969646
155.5 3.8914708021454905
156.0 3.8822438686966385
156.5 0.7595075472447819
157.0 1.9305840120564248
157.5 3.2090387958534095
158.0 3.11844010207583
158.5 1.1456644439446961
159.0 1.0643357873100485
159.5 3.3836779993174417
160.0 2.5439692815593524
160.5 3.7470190088605775
161.0 0.6479457158188686
161.5 1.3439871493795652
162.0 1.2566752223185287
162.5 0.93680056288036
163.0 8.24415194476743
163.5 3.207004158306649
164.0 3.3236884529969037
164.5 4.393436205772866
165.0 6.841635199471208
165.5 3.7698658818289763
166.0 4.15577837761332
166.5 3.451174874237241
167.0 2.3798091998802526
167.5 4.3538247128640455
168.0 3.380839846896812
168.5 1.2976783830185146
169.0 4.87505122379418
169.5 2.0762990839765365
170.0 3.0564165475795226
170.5 4.201976240439029
171.0 1.9267442620508768
171.5 3.0366808948224433
172.0 3.639964534994828
172.5 3.6437703459087065
173.0 4.76103295943151
173.5 2.8386252949246935
174.0 1.9992482242327057
174.5 3.6545405941807627
175.0 4.107574380966019
175.5 3.180242729410762
176.0 0.7681411566107355
176.5 3.5513069920854954
177.0 1.6407614530039427
177.5 3.7008977835613233
178.0 6.85658797742377
178.5 6.629476120412566
179.0 5.375808612416574
179.5 2.4991977921777018
180.0 3.268662143464844
180.5 4.389759347887098
181.0 2.241570539272109
181.5 6.07521536064787
182.0 3.5007998833666787
182.5 5.31530347057579
183.0 1.4663555417777427
183.5 5.518651424365935
184.0 4.681194647817261
184.5 5.415757741311293
185.0 3.6175101462598502
185.5 7.243296943834549
186.0 2.1762959690325903
186.5 6.142960290931728
187.0 7.077444869649483
187.5 4.635816915853474
188.0 6.737420253619653
188.5 3.875070500370245
189.0 0.6149620202901636
189.5 4.967643419133272
190.0 9.004923097686273
190.5 3.719780365843106
191.0 3.546856398439453
191.5 5.801105402938212
192.0 1.8642880172044758
192.5 2.0786022453550803
193.0 6.929485501010236
193.5 9.416373014300396
194.0 0.45024122630422125
194.5 4.899941298539469
195.0 4.713397609874603
195.5 1.3896255006546983
196.0 4.40605314681805
196.5 3.7243905886950257
197.0 3.3456922248951804
197.5 3.213412491931297
198.0 2.26876726757322
198.5 4.169216882185971
199.0 5.111956576220754
199.5 0.2
200.0 5.874500316508138
200.5 6.31207022820875
201.0 3.302819787103302
201.5 0.2
202.0 3.541437697527966
202.5 8.763030608771134
203.0 4.6605033788655685
203.5 3.6278033230356135
204.0 2.3564153858412134
204.5 4.1987920919913675
205.0 5.137258407260494
205.5 4.2781318531874675
206.0 7.916461006608053
206.5 2.498976259845706
207.0 3.7061851149509075
207.5 5.584582014292178
208.0 6.238579592785474
208.5 4.432302347173604
209.0 5.726298595620883
209.5 3.6883522418837145
210.0 4.885478577466612
210.5 7.830392720047254
211.0 5.3490967583558255
211.5 1.929003910626368
212.0 4.110512972374173
212.5 6.097981199971702
213.0 6.551738986211083
213.5 5.068664539566168
214.0 2.4275227425394537
214.5 5.751801890806684
215.0 4.175737329248588
215.5 5.140721540870386
216.0 4.183943410560841
216.5 3.425695086316945
217.0 10.027086240573023
217.5 7.707500192447879
218.0 2.4085156093195415
218.5 8.121871383515945
219.0 7.399109246170378
219.5 2.4648659573055647
220.0 4.904604114570918
220.5 2.1305221193059327
221.0 0.6829752522505421
221.5 2.946223878278542
222.0 1.7872966555691328
222.5 9.158087167024988
223.0 2.297175841143684
223.5 0.7764995484181103
224.0 1.9851589088664126
224.5 6.0108190639766255
225.0 2.5524181464288183
225.5 1.7488906609858734
226.0 6.171767830478048
226.5 7.475121936759155
227.0 2.4709925256888186
227.5 1.7256689950244226
228.0 2.012742525603534
228.5 4.264867155347581
229.0 5.435161519401253
229.5 6.057196000970961
230.0 4.844888560433449
230.5 4.036730970565029
231.0 4.029508954484266
231.5 2.723045704616445
232.0 2.2986391118368843
232.5 3.240914130863252
233.0 0.6187795283366917
233.5 3.2029321385948415
234.0 1.7309700396711385
234.5 1.06465489531256
235.0 5.80328621148373
235.5 1.511950342722346
236.0 5.4694384042439514
236.5 0.8458644045822283
237.0 4.072652096465671
237.5 5.01690931172312
238.0 1.0390433694120111
238.5 3.644096030606147
239.0 0.9928737183505021
239.5 2.2400160209658004
240.0 0.4754940650468322
240.5 5.481136510062712
241.0 1.8973072447854284
241.5 1.3639887034606524
242.0 2.192576958175094
242.5 4.124358613171897
243.0 2.235950166139723
243.5 4.992653428232508
244.0 1.6362771440091923
244.5 5.764204672455731
245.0 4.635579246470677
245.5 4.136778713870608
246.0 2.8088082256203784
246.5 5.392557886482937
247.0 2.5394482313714253
247.5 0.2
248.0 6.210349088124916
248.5 2.4713453000612677
249.0 4.4727240902613765
249.5 2.335279057287792
250.0 4.734059935377477
250.5 2.4934286819848834
251.0 6.201172942593461
251.5 3.873432057240955
252.0 3.8022057648653083
252.5 5.25109969828436
253.0 3.0450915666780283
253.5 2.2041598971875587
254.0 4.540883970130404
254.5 7.029260909374283
255.0 4.4792915998461815
255.5 5.830001125565574
256.0 3.161515868613908
256.5 4.099848706773519
257.0 2.91876686196893
257.5 4.3594432484189785
258.0 2.7666144473235335
258.5 5.973883568635642
259.0 1.5664718807648566
259.5 1.2907567520510286
260.0 2.3347245942352557
260.5 2.6962916356220537
261.0 6.357606579765392
261.5 0.7357482206860451
262.0 3.3986016073793346
262.5 3.066881765776545
263.0 5.91751960485977
263.5 0.23562477176636376
264.0 3.430719914804661
264.5 5.672555444987211
265.0 3.7842472019081446
265.5 3.444822971454922
266.0 4.735797672444629
266.5 0.5971677807907478
267.0 2.7891293427260977
267.5 3.505104674697412
268.0 3.4475564456664847
268.5 5.096067266910584
269.0 2.33181598514702
269.5 5.471076978971581
270.0 5.560944151603756
270.5 1.694421351446837
271.0 3.7200461600514667
271.5 3.092975698715699
272.0 4.4680275088540045
272.5 1.9967514841595135
273.0 2.9340563625176816
273.5 5.65569269875223
274.0 3.1335541030215652
274.5 6.090682378923686
275.0 4.802152200506361
275.5 3.9407431858681257
276.0 2.023334390276193
276.5 4.433491154765775
277.0 1.776526762136069
277.5 2.0118987130890513
278.0 5.315563018978983
278.5 2.0002844255634793
279.0 3.39281871224278
279.5 3.3319945804204893
280.0 2.395052620676137
280.5 3.9352034491020653
281.0 4.290116716103918
281.5 3.625859070050415
282.0 3.8329828139769413
282.5 2.8785726361855533
283.0 5.562642212771303
283.5 3.7836370771249386
284.0 2.996805279824522
284.5 3.567916362684508
285.0 4.558850461519657
285.5 4.934101574675961
286.0 3.947343222436186
286.5 5.174173424282889
287.0 1.620817097220804
287.5 4.76071397148879
288.0 4.641791554733014
288.5 1.3998648941517784
289.0 4.639138626800531
289.5 4.886256785224402
290.0 6.705165372795114
290.5 2.7495444382776824
291.0 3.18192311773604
291.5 7.140154411171024
292.0 2.0251275448020154
292.5 0.7305221329306839
293.0 5.021757728500974
293.5 0.2
294.0 1.5872332273293175
294.5 6.617501091935173
295.0 2.792310824714202
295.5 4.072427449576816
296.0 2.3818372330939406
296.5 0.2
297.0 6.574163204018153
297.5 2.743894067593811
298.0 6.070309450552278
298.5 4.203550626819235
299.0 5.483922436207216
299.5 2.977144927204538
300.0 4.8205342927216925
300.5 5.0137439513230735
301.0 4.7055538974297555
301.5 5.243363360028335
302.0 3.4722721413441473
302.5 3.6599704390033336
303.0 2.071809155836811
303.5 2.161901645552372
304.0 4.045363279226059
304.5 4.254279058233513
305.0 0.9863488004568608
305.5 7.161847396594086
306.0 3.658696249178258
306.5 1.8620274307416003
307.0 3.9915211358113822
307.5 2.304636677745922
308.0 1.0599914967666475
308.5 1.2986140444382084
309.0 5.053400581841709
309.5 5.486372705745932
310.0 2.689715036501982
310.5 2.2887722286270957
311.0 5.537676116161045
311.5 5.5397435969631115
312.0 1.6133779450976757
312.5 2.483366273738828
313.0 4.172791221791714
313.5 4.411489666134166
314.0 2.936862770437753
314.5 0.2
315.0 0.2
315.5 1.8290618428440273
316.0 4.397253250369554
316.5 2.4377660566759993
317.0 2.452779755556711
317.5 7.189748428944418
318.0 2.378933684652803
318.5 1.6054435682450205
319.0 3.9305926014621297
319.5 2.4312301731232258
320.0 3.467419572729703
320.5 2.4328369470569786
321.0 0.2
321.5 5.671350772837517
322.0 5.392545375403569
322.5 2.8006635189126414
323.0 5.0117383318209825
323.5 10.781991367533266
324.0 4.565790348575707
324.5 2.9416707485949627
325.0 7.91277284713183
325.5 0.2
326.0 9.470396280203389
326.5 3.660834030581408
327.0 5.4290945958129315
327.5 4.266441167837644
328.0 0.2
328.5 3.6593549022880856
329.0 6.404786789455319
329.5 2.306536241247572
330.0 6.357579494483572
330.5 9.771615045144426
331.0 3.94897845700107
331.5 2.092201440480668
332.0 1.2213852676652972
332.5 3.314117407301732
333.0 1.6689362269937786
333.5 3.0429510212087196
334.0 4.745990302948581
334.5 3.9122282513115536
335.0 1.53946001716133
335.5 5.164662371801072
336.0 3.497516768200685
336.5 3.4665418274635096
337.0 1.002253210279258
337.5 0.2
338.0 1.4983486744275987
338.5 4.420230319208933
339.0 3.3564391342701727
339.5 5.146976318967091
340.0 3.35287799318679
340.5 3.1025634991735034
341.0 1.4421927157176495
341.5 1.0611117668743666
342.0 2.7332196052149804
342.5 5.52405712216853
343.0 3.4870874204786815
343.5 3.796829825985463
344.0 3.446770443450135
344.5 1.0665222304414748
345.0 5.376578602624949
345.5 3.1552874611578323
346.0 2.1855255133066187
346.5 2.4503740639819434
347.0 2.94454254331162
347.5 2.9457714444942003
348.0 5.850972434001351
348.5 2.699904097641779
349.0 7.425865692813288
349.5 4.678224525284858
350.0 4.660858025361715
350.5 1.9847282259330252
351.0 3.37926041039602
351.5 2.5638617791723943
352.0 2.318669076363512
352.5 5.149208265354094
353.0 3.2111694756425133
353.5 3.8452427998182612
354.0 2.2974236379660726
354.5 2.3008181224453566
355.0 3.799919073160502
355.5 5.0797873897343475
356.0 4.968624341433301
356.5 1.6895734309576131
357.0 5.806567248143628
357.5 1.8818432191492662
358.0 5.039983829518266
358.5 4.835141635101833
359.0 1.9933042318802454
359.5 2.381043958828257
360.0 2.0555647801243957
360.5 3.994896451522492
361.0 6.699302728630194
361.5 5.012414781107475
362.0 3.519397663223393
362.5 2.5948618145545765
363.0 2.4122045286454283
363.5 4.309801590857228
364.0 0.8916135675947587
364.5 1.236852774482653
365.0 2.496162647781083
365.5 2.2246878229692904
366.0 1.9626099765261498
366.5 5.191422279871245
367.0 4.636663144949186
367.5 2.5103408299458616
368.0 7.604543910943404
368.5 2.9617316108990765
369.0 4.521310046856192
369.5 1.3449682221958668
370.0 6.21671489749618
370.5 6.43099550463427
371.0 4.424368381419503
371.5 8.012800629736603
372.0 5.275598837888555
372.5 3.292814639345679
373.0 4.603902793627122
373.5 6.067313637965965
374.0 3.6755550271857444
374.5 6.184215155680706
375.0 5.078773439012997
375.5 8.088876609300986
376.0 3.153245833746859
376.5 3.90574022821073
377.0 0.2
377.5 0.2683632635526014
378.0 4.771412071286896
378.5 3.4371372493945618
379.0 2.4635257358621465
379.5 0.2
380.0 0.3836481649787218
380.5 4.132612790161972
381.0 5.571400943201043
381.5 4.666542322179722
382.0 5.563704577609878
382.5 8.89563742497829
383.0 0.6803159068097493
383.5 2.630380231257874
384.0 0.8747954361994932
384.5 4.99706538961688
385.0 4.2602744452915715
385.5 5.662323838531508
386.0 4.909081386273774
386.5 5.915557131608983
387.0 7.8274177283760835
387.5 4.857733696229032
388.0 7.457038231212946
388.5 3.979385276256944
389.0 4.008018810715679
389.5 2.912419949259607
390.0 4.856578392340357
390.5 6.902194590058528
391.0 4.690115711688599
391.5 2.9872668716224937
392.0 3.517247887183528
392.5 3.5990390881180447
393.0 3.0647127982876365
393.5 2.2884467212180635
394.0 5.236565484977654
394.5 4.110873153498536
395.0 3.2540147476132226
395.5 2.2206508960379217
396.0 1.3720356317587477
396.5 3.5225914074958284
397.0 3.0403774865739486
397.5 3.6233683266839902
398.0 2.1031500871463207
398.5 5.268265565710917
399.0 3.4326718003619607
399.5 4.182190088094225
400.0 2.672013690511788
400.5 2.658392807099731
401.0 4.096709484066559
401.5 1.7481206810320349
402.0 0.2
402.5 0.2
403.0 1.6375223967784591
403.5 2.4194345086380684
404.0 1.3744683862866574
404.5 4.950115295081652
405.0 3.1752866019422363
405.5 2.7414614151921097
406.0 2.312191246711871
406.5 1.9230542774660722
407.0 1.978172084753501
407.5 3.8422914962068573
408.0 1.1716850924831852
408.5 1.3041123358823654
409.0 0.3836679549163984
409.5 2.553514536091561
410.0 3.6318037648195673
410.5 3.606113998783232
411.0 3.4427262004785533
411.5 1.7277265664989818
412.0 3.448352548143902
412.5 5.5235511541991436
413.0 1.7658798660158714
413.5 3.94921828583259
414.0 4.869436385890802
414.5 3.4069018852701776
415.0 2.029584547197646
415.5 3.0237679554725223
416.0 0.2
416.5 2.071360496319653
417.0 2.433691424301348
417.5 0.38251785481566714
418.0 1.913838980252385
418.5 1.7212338304772157
419.0 4.07297043334536
419.5 1.172576013955639
420.0 1.0629129258503176
420.5 1.5403205142098721
421.0 2.75431662488979
421.5 2.1241700139859923
422.0 2.555418255915014
422.5 2.756546599992748
423.0 3.22518425751148
423.5 4.475356382369854
424.0 2.064957409991628
424.5 3.0720243879784297
425.0 2.3083806618979756
425.5 2.6905946991237606
426.0 1.4179824322557324
426.5 2.7433320739094222
427.0 2.5595834226901997
427.5 1.6642013689842785
428.0 2.931457871023582
428.5 2.377665970677185
429.0 2.1364786304565535
429.5 1.8498357428281704
430.0 4.092112835804423
430.5 0.2
431.0 1.3881467048476233
431.5 3.5299580481516726
432.0 1.655492506144646
432.5 3.1833153705112345
433.0 3.4755707393120603
433.5 0.6289374907414054
434.0 3.2915000608128624
434.5 2.070197172400683
435.0 2.2521974353648844
435.5 2.958972801607171
436.0 2.8007401605909767
436.5 2.1435116532989262
437.0 4.422727246487807
437.5 1.6284907540623856
438.0 2.3832752846669765
438.5 1.748735450235523
439.0 1.7542573946843052
439.5 2.6051286520823753
440.0 1.8131537812994964
440.5 1.6830506386014998
441.0 3.510102283493089
441.5 3.251011805920019
442.0 3.0866223936796415
442.5 3.2911393386753494
443.0 3.171077878922075
443.5 2.4043759291296176
444.0 4.194169334668808
444.5 2.406185175551647
445.0 3.221818219078653
445.5 1.2803973772378956
446.0 0.8234508326070298
446.5 1.002268032831492
447.0 4.052707826076114
447.5 4.123541929827915
448.0 1.5007818749646726
448.5 0.8172552568933467
449.0 3.5828649805907986
449.5 2.512655455314282
450.0 2.930892014346239
450.5 3.0422160141341363
451.0 1.8773315131426678
451.5 3.0577359361035885
452.0 1.3593616417817023
452.5 4.99976748721039
453.0 4.579676437796379
453.5 1.106239095818712
454.0 0.9902056271672341
454.5 1.805317448678051
455.0 1.5954276569891683
455.5 2.2474773947480977
456.0 2.6095240224180585
456.5 3.9490805080672757
457.0 3.3960567792256384
457.5 1.2159325701588248
458.0 3.413888092675448
458.5 1.7319418388025314
459.0 1.1287873560610284
459.5 2.0347080127372372
460.0 2.9149171506865335
460.5 3.2199174823380936
461.0 2.3912818407263066
461.5 1.8179058574187767
462.0 2.420482937075773
462.5 0.2
463.0 3.360238901423852
463.5 1.3221433277114432
464.0 2.458742146109387
464.5 2.842107517721538
465.0 4.437623025746005
465.5 4.365591484728517
466.0 3.187192044053306
466.5 4.171302463399779
467.0 2.279116452278682
467.5 2.6522015671719856
468.0 0.45260822359490716
468.5 2.6504418849496165
469.0 3.924756573784053
469.5 2.3511906495160773
470.0 5.97385625969629
470.5 3.3151751935374594
471.0 5.957731737838113
471.5 0.2
472.0 7.525159846226391
472.5 2.47928636010245
473.0 0.2
473.5 1.5271376488424573
474.0 8.806373970681861
474.5 1.3393428146503759
475.0 5.618443510573042
475.5 0.2
476.0 4.478330455758157
476.5 2.5178057453782925
477.0 7.21689162126448
477.5 6.001982206842268
478.0 0.2
478.5 5.703609856999628
479.0 1.6011921632822381
479.5 2.639673314793648
480.0 5.415733054450667
480.5 3.8353255477138366
481.0 5.5479529026824
481.5 4.6540426978684195
482.0 1.6367093423088235
482.5 4.39781004145132
483.0 2.9067252855965275
483.5 2.6808348855099533
484.0 1.4921478092960765
484.5 2.957186990064895
485.0 5.501536053781381
485.5 0.8412836220619164
486.0 2.801203152767375
486.5 5.483413202026947
487.0 3.0841785341553725
487.5 0.2
488.0 4.147832817842748
488.5 3.4438066150860402
489.0 5.359926086054234
489.5 0.5087656798227531
490.0 3.999582972125502
490.5 5.620649499857947
491.0 2.6760975827469613
491.5 3.0645557934911976
492.0 5.07388494411008
492.5 4.542007374200342
493.0 3.358314991441106
493.5 2.0385315805657607
494.0 5.567262782526262
494.5 0.2
495.0 3.639046643180172
495.5 5.038336611648807
496.0 4.012309318157548
496.5 3.535439647268796
497.0 2.030430904672781
497.5 2.743771943198759
498.0 4.109352769713089
498.5 2.756152693545123
499.0 3.4259930222487704
499.5 1.7618723708379782
500.0 3.8093582362373897
500.5 4.995592299033746
501.0 4.263857083020323
501.5 5.134704124619281
502.0 3.4311222653775095
502.5 5.797229137234393
503.0 5.469501074108595
503.5 3.1199041348822694
504.0 0.7177180314434697
504.5 5.413884556875454
505.0 3.3401652040784024
505.5 7.013781986884457
506.0 4.613676169247156
506.5 5.409835340233585
507.0 3.9659052870302545
507.5 6.671582962126617
508.0 5.109734145201452
508.5 1.720312759248239
509.0 1.509859278545952
509.5 5.029408478707007
510.0 1.0737208050901108
510.5 6.996343956097091
511.0 7.5711354402869695
511.5 2.557420808722912
512.0 4.816828491589173
512.5 4.015199607080071
513.0 5.443765919077376
513.5 5.411543705456565
514.0 4.066338399398866
514.5 5.23116314040111
515.0 1.6757000237759607
515.5 3.1251688231297825
516.0 3.9860885043611165
516.5 5.147245877755716
517.0 0.2
517.5 4.687165185932091
518.0 6.3099744152345405
518.5 4.614466272370415
519.0 2.917513595787524
519.5 5.89075829889369
520.0 4.120014324901041
520.5 4.760678372991454
521.0 3.1255738564574043
521.5 6.502377665890635
522.0 3.1502321769421133
522.5 6.830500244497134
523.0 5.879833281864136
523.5 0.5792102740659395
524.0 4.686379341884151
524.5 2.779173920091522
525.0 0.2
525.5 3.5030099821014797
526.0 2.1762860677539075
526.5 2.7614742812442667
527.0 3.233410731133011
527.5 1.582355572303514
528.0 3.6570532245712237
528.5 3.5339422855211544
529.0 4.191592920739274
529.5 2.728055060749164
530.0 2.591855461179841
530.5 5.050221365866763
531.0 4.906038760377879
531.5 3.900755760806285
532.0 4.634321442007453
532.5 5.214467964013231
533.0 1.366372209266161
533.5 1.1843337595062176
534.0 8.460280658927008
534.5 3.9515487223832992
535.0 4.000732949774065
535.5 0.2
536.0 3.485343267312909
536.5 2.9351025079839115
537.0 2.7126570839492468
537.5 3.3640044172931467
538.0 3.8638338416151505
538.5 4.692684819644475
539.0 4.270547462287781
539.5 4.618573540719164
540.0 3.048753581008876
540.5 2.781852837468487
541.0 1.2861352220311806
541.5 2.0736362518913087
542.0 1.641778791177123
542.5 1.942253997936192
543.0 0.2
543.5 0.2
544.0 4.643822745538735
544.5 1.0567377642790259
545.0 2.059817690772686
545.5 2.72721445929252
546.0 4.204523324438315
546.5 2.3275683790322206
547.0 5.892173818256747
547.5 5.548279436013606
548.0 5.768160256305236
548.5 3.31702776681349
549.0 4.342468251508535
549.5 3.539673505960673
550.0 2.4630063137821563
550.5 3.31796001213684
551.0 3.0110091721415473
551.5 3.3878482869374587
552.0 1.589068724342487
552.5 3.926429780591134
553.0 1.0232995863376089
553.5 3.175971982583173
554.0 1.4865537602988341
554.5 4.030242735622375
555.0 3.7888537668267563
555.5 3.9804604649037465
556.0 4.319354527533141
556.5 3.8602618764549304
557.0 3.9676674220721857
557.5 4.134624677276826
558.0 1.8702736965388547
558.5 1.7814316785756064
559.0 3.2638060983946358
559.5 2.7344965852713115
560.0 3.8131860353298603
560.5 3.1862404544777387
561.0 1.7344371892877022
561.5 1.2537906577708473
562.0 3.319476487723822
562.5 3.507522104482428
563.0 0.986780163411445
563.5 4.728889927173313
564.0 2.2356284705032614
564.5 4.063836357261984
565.0 0.2
565.5 2.8861659500206884
566.0 0.697287073263128
566.5 3.2555945261119854
567.0 2.104426514406623
567.5 3.637644714982991
568.0 5.069534011569781
568.5 2.9116693581697497
569.0 3.124307593367001
569.5 3.6607264595242395
570.0 0.7608451842403956
570.5 3.9035233057856122
571.0 3.6036689073122634
571.5 3.0223689962274705
572.0 1.5151858232313227
572.5 4.388166019422593
573.0 2.926791192596748
573.5 5.247069964736916
574.0 3.0489711960844645
574.5 2.9609415389130964
575.0 4.032305377722587
575.5 2.8619052014416786
576.0 1.919341098871909
576.5 3.0188790436024693
577.0 2.491177270043143
577.5 1.726452552653107
578.0 2.7777990150653507
578.5 3.945529938831065
579.0 3.4361592485982673
579.5 3.526181208612615
580.0 2.957304140747792
580.5 2.239486764903469
581.0 3.1300601306321307
581.5 4.475578934618991
582.0 2.111962436588852
582.5 3.4179261553592966
583.0 0.5558047079902835
583.5 2.498807659502935
584.0 2.0002322361540728
584.5 3.9400473063747112
585.0 3.0732073602913177
585.5 2.711229107343195
586.0 1.6454725859861776
586.5 3.0990478774779002
587.0 3.2436030992989977
587.5 3.7166970849961247
588.0 2.897009112928224
588.5 2.800216847616615
589.0 2.344146653634011
589.5 2.020720569717417
590.0 2.14321374466347
590.5 1.118429248881943
591.0 0.758536228686822
591.5 3.209301007670438
592.0 2.6128638785173273
592.5 2.5350335202165297
593.0 4.1504949826110185
593.5 2.3111907273651457
594.0 2.9547124105004086
594.5 2.577944283491459
595.0 1.4102351438094538
595.5 3.046749353089065
596.0 3.5197059671625865
596.5 2.138663451545581
597.0 1.0885188737568654
597.5 4.403609400039559
598.0 2.1218663593128944
598.5 0.2
599.0 2.682137897756442
599.5 3.3492290152214603
600.0 2.14647654798551
600.5 4.26582055679536
601.0 1.6373355513038088
601.5 4.153895586202051
602.0 2.759168824687604
602.5 0.6308653345353941
603.0 2.9117024170229
603.5 1.740428411188203
604.0 2.9292744850314096
604.5 4.225229380027791
605.0 3.645508743160736
605.5 2.2933415295025883
606.0 5.570198158678858
606.5 4.569017975130283
607.0 0.48474044173113784
607.5 1.4492087244664766
608.0 3.506350656805037
608.5 0.26305524031166794
609.0 1.2997210440791982
609.5 5.741122501025702
610.0 2.649974685479886
610.5 0.6793682985599547
611.0 1.3516113672465915
611.5 5.171652529727671
612.0 2.114871744706662
612.5 2.8826673678622647
613.0 6.714643880836906
613.5 1.878670828737857
614.0 0.9709986635855419
614.5 9.855482629257477
615.0 4.634275972090557
615.5 4.701158205614871
616.0 4.020281350090459
616.5 1.8058012724489259
617.0 7.207913061020672
617.5 1.8665403141531738
618.0 4.013657689401972
618.5 2.1821744155242593
619.0 3.2415409222508953
619.5 0.2421524681165237
620.0 4.652926325494177
620.5 2.302917573295213
621.0 5.4178743656860355
621.5 2.97435649376762
622.0 5.776240191983639
622.5 6.478811153426506
623.0 1.0200133180268316
623.5 3.9185890148892093
624.0 5.841461365512332
624.5 3.7340045156687105
625.0 1.1086318360840077
625.5 6.3194325391108555
626.0 5.676180856845038
626.5 5.14440018204231
627.0 5.628333360219763
627.5 2.350867072382714
628.0 2.2369410674048718
628.5 10.437349685100036
629.0 7.0296791608222104
629.5 3.9797104858034436
630.0 6.3143322490804366
630.5 2.166944035482283
631.0 6.664766167452461
631.5 7.635739143804305
632.0 6.833429048401159
632.5 2.8448135036948066
633.0 4.57618973047263
633.5 2.905347038973476
634.0 1.9157071653113564
634.5 4.428035530172433
635.0 2.6908352629255106
635.5 4.862715766133374
636.0 5.920488828458279
636.5 3.187635477171421
637.0 3.7833167136901675
637.5 5.46504515481579
638.0 1.535727651333194
638.5 2.133512175924193
639.0 1.1581838220959106
639.5 0.2
640.0 6.7937866747545215
640.5 5.518333029667364
641.0 5.730306209954491
641.5 4.634044918252814
642.0 4.165472144643124
642.5 4.764054362620639
643.0 6.164679310230655
643.5 5.087318461605869
644.0 2.4935679021236266
644.5 5.918342624098798
645.0 1.694582333705851
645.5 1.1196835420937545
646.0 5.874786746189738
646.5 7.375963563974065
647.0 6.189506152331736
647.5 2.5989698271106407
648.0 4.111343068686472
648.5 4.426219954413718
649.0 4.519794406989196
649.5 2.8813217489229626
650.0 5.633791062553304
650.5 4.5542126913087495
651.0 1.1656027343932833
651.5 2.297317767883576
652.0 3.2485896780766006
652.5 2.6857706158121926
653.0 2.681372921906487
653.5 0.2
654.0 1.0760398742194655
654.5 1.7163371455928735
655.0 3.5921669654557746
655.5 2.846845500487003
656.0 4.643732716043184
656.5 5.882024739932701
657.0 2.5975075963894145
657.5 6.658123258733889
658.0 5.085569835059926
658.5 2.412540583619755
659.0 3.4353131181761505
659.5 0.2
660.0 4.3533529606427175
660.5 2.110401313852733
661.0 2.183278703193194
661.5 6.829582036864872
662.0 3.9892829332341773
662.5 7.938260407597271
663.0 1.8770098567426907
663.5 5.625614865392201
664.0 2.7221274229617665
664.5 1.5921777637530563
665.0 3.019951280686566
665.5 0.42155278440107
666.0 2.612743071717552
666.5 7.338638529253595
667.0 2.896054416037078
667.5 2.924866731918292
668.0 1.8340850435927947
668.5 1.2454678836401365
669.0 2.43037286877974
669.5 0.4372336394515268
670.0 2.81169343439002
670.5 6.437751720913582
671.0 2.9013734462868124
671.5 3.737521170989559
672.0 7.6452050101118125
672.5 2.9264976901664443
673.0 3.8123150339166756
673.5 1.217685361612462
674.0 4.353211324878327
674.5 6.673850483375867
675.0 5.559763141266926
675.5 6.408095216945816
676.0 3.988128104918261
676.5 1.6333996335596699
677.0 3.9186300929959734
677.5 4.900229693879458
678.0 1.7758407754805225
678.5 5.8442661174995045
679.0 5.410719454425432
679.5 5.746179937918875
680.0 3.319802404056869
680.5 5.052391534290539
681.0 2.043225478141652
681.5 6.0447422794613
682.0 6.6460441320609
682.5 3.3778674862577054
683.0 3.9173509934308384
683.5 4.1341490130364456
684.0 6.46346067311309
684.5 6.5978604859646826
685.0 0.8227159744238768
685.5 5.1683118136358654
686.0 0.2
686.5 7.269600470492238
687.0 3.448124045016178
687.5 5.1827521232839
688.0 9.124469543346972
688.5 4.593502570799027
689.0 5.606623004969057
689.5 11.85249069584703
690.0 3.908448490469397
690.5 3.378735957707357
691.0 2.819979968038121
691.5 6.784079296697271
692.0 3.2475883272538653
692.5 9.139189444353988
693.0 6.020002044387766
693.5 3.817670372415597
694.0 3.37619535060284
694.5 4.43015106741733
695.0 5.814635222715567
695.5 6.8020285274998065
696.0 5.8382980957894866
696.5 5.4715433167806715
697.0 6.565697110265897
697.5 10.296540353868128
698.0 4.201646461443217
698.5 4.864025233949749
699.0 4.816190620997792
699.5 7.804641889009081
700.0 7.060257069997265
700.5 0.5794507573111969
701.0 2.7219356860384156
701.5 5.122434309583079
702.0 5.41399443148722
702.5 4.479770542104245
703.0 3.5702267931383043
703.5 1.8300992206694198
704.0 5.472529981046444
704.5 6.342767622607484
705.0 6.110600309654517
705.5 5.551518108593742
706.0 9.212373068840577
706.5 6.826054994471397
707.0 3.9613117330023337
707.5 4.067722775644772
708.0 2.144701210818342
708.5 0.2
709.0 3.919587365523574
709.5 2.9722459457377233
710.0 2.28394268753123
710.5 6.4638222986860825
711.0 5.543523284283936
711.5 7.316634466207657
712.0 1.4390006602574146
712.5 1.3333994763161514
713.0 3.6785774710612777
713.5 2.917647933993244
714.0 5.188529493945221
714.5 3.363718584878546
715.0 5.184582165086288
715.5 2.499529661482008
716.0 5.84636332389065
716.5 7.738655633927909
717.0 5.539463125124076
717.5 3.833564654502647
718.0 7.915098953633495
718.5 6.445721410877029
719.0 2.7994035701505364
719.5 1.6975195838587727
720.0 6.931702104920113
720.5 8.299850193129512
721.0 5.077004547823737
721.5 5.047913349552543
722.0 6.321606699696481
722.5 8.620590222309716
723.0 7.7987205344310695
723.5 1.4385036904770994
724.0 2.3913363415353777
724.5 3.1084587153626866
725.0 6.395628106717014
725.5 0.2
726.0 2.2871605274055993
726.5 2.318898871355061
727.0 0.2
727.5 4.323953418857696
728.0 5.53338260449311
728.5 6.669968973076271
729.0 2.88787006264973
729.5 1.5048228745668393
730.0 0.4048605617873262
730.5 3.791547566124015
731.0 3.538561879542162
731.5 4.404832314884128
732.0 5.13063675112407
732.5 5.158779105521523
733.0 2.9649688687843865
733.5 5.508723212724428
734.0 2.394547765427231
734.5 5.6236444120145705
735.0 2.395251242159426
735.5 1.6499329097117257
736.0 2.2968906359527015
736.5 6.150024002230001
737.0 1.7933124525108997
737.5 5.007785636315154
738.0 4.95634051457638
738.5 3.71656341438125
739.0 1.8964506520585824
739.5 7.4035367966801875
740.0 0.2
740.5 0.2
741.0 7.829041038709208
741.5 1.7369673397368568
742.0 6.008356646430061
742.5 6.376843053448158
743.0 6.307349003194214
743.5 3.48708815239981
744.0 3.931540028631527
744.5 4.8772875239829805
745.0 4.348010185766035
745.5 4.759487564950837
746.0 4.591176090754389
746.5 4.2583048152987795
747.0 1.6863148530329295
747.5 8.165159579040774
748.0 4.503366422307301
748.5 1.7578340009217692
749.0 3.1559307824208664
749.5 1.3586991749121706
750.0 3.764775948166996
750.5 6.454485517726452
751.0 7.882651330373589
751.5 6.499717293624373
752.0 0.2
752.5 4.0599916172114465
753.0 2.3793363366058364
753.5 4.91077566935811
754.0 0.611004207850903
754.5 4.571282532369539
755.0 1.4471889063877765
755.5 4.608127993210232
756.0 8.85140375449375
756.5 1.9563758684893795
757.0 5.262775172014428
757.5 1.4412881211784065
758.0 4.279220048509798
758.5 4.724024292153122
759.0 5.9606819512381675
759.5 8.245229067338117
760.0 4.837182392680192
760.5 0.2
761.0 2.1803263552779706
761.5 4.526962683865564
762.0 4.109877119927473
762.5 4.984443123828447
763.0 3.9872768638088933
763.5 2.6139015858624406
764.0 2.8081600218574785
764.5 4.496667184073643
765.0 4.442113562807446
765.5 5.814073568322815
766.0 4.644060133988775
766.5 6.4224366412929985
767.0 5.636775502365213
767.5 2.306570129661794
768.0 4.04620481876547
768.5 6.022613440444152
769.0 5.809938346591988
769.5 4.373913975146367
770.0 5.493590397944651
770.5 2.387165774504304
771.0 6.661619723764198
771.5 0.46854373002849403
772.0 7.4080403921369085
772.5 7.347582606926009
773.0 4.7195485432166695
773.5 3.4879661312202392
774.0 5.521990320536774
774.5 5.354761172730981
775.0 3.316291406880931
775.5 2.4794995990837814
776.0 5.481791822185627
776.5 3.182408709590433
777.0 4.3534656766195505
777.5 2.053451579277792
778.0 10.292623183993955
778.5 1.1454404556579085
779.0 3.0014107529039094
779.5 5.927120571200151
780.0 3.6108370409595594
780.5 8.04877953182546
781.0 0.2
781.5 4.391161137707313
782.0 5.07441746835656
782.5 2.2037410655467573
783.0 4.462083735701107
783.5 2.8568451916316246
784.0 2.038034391927853
784.5 2.861054128931655
785.0 1.2932521603802456
785.5 0.2
786.0 2.026548231606557
786.5 1.5128653316050724
787.0 3.242492124139673
787.5 3.697990829435247
788.0 3.1591137260296573
788.5 3.0674447894775096
789.0 2.6882896672462007
789.5 2.192491650506045
790.0 0.30630631949379783
790.5 3.502499713457067
791.0 3.948777986328975
791.5 0.2631928376256836
792.0 4.958545538113377
792.5 3.753746567846102
793.0 3.8931101934795214
793.5 3.6282421928045983
794.0 3.1733509946084335
794.5 3.716197458365665
795.0 3.999065468125804
795.5 4.126451601274287
796.0 1.7005522372167152
796.5 3.1028653319605404
797.0 1.8017333605463866
797.5 2.320110701889078
798.0 3.94263552712024
798.5 4.095360405600237
799.0 2.5241160179941873
799.5 1.2293852474073488
800.0 1.4373354709022945
800.5 3.700397744390138
801.0 3.5775581900598867
801.5 2.072804536329337
802.0 3.0048801451145657
802.5 2.7324901803628108
803.0 1.4765254740432232
803.5 2.7327324235457064
804.0 0.2
804.5 3.838716346589124
805.0 2.2912716787994802
805.5 1.5514503260760875
806.0 2.6192550269039416
806.5 1.8346695715195578
807.0 1.5143747870479685
807.5 1.1708835522935976
808.0 1.3636823231055615
808.5 1.9874792237417989
809.0 2.707878160837643
809.5 2.634612668428323
810.0 4.292872332657924
810.5 7.668272640959501
811.0 4.6391502475835775
811.5 6.899685771870915
812.0 6.531184175898977
812.5 3.9722495996055764
813.0 5.336582918788265
813.5 7.097438519602855
814.0 2.4846486107758285
814.5 1.2761147091887999
815.0 5.86841137076777
815.5 4.307657491885773
816.0 3.4613919511678013
816.5 4.234898637912237
817.0 4.342861615697346
817.5 0.7419923871084366
818.0 4.978584155678572
818.5 3.1205157831611494
819.0 1.2696096538785415
819.5 4.132199982394356
820.0 1.740603319250535
820.5 2.143870061497913
821.0 4.485214741452866
821.5 2.815172359521991
822.0 6.564646877220702
822.5 2.6016327713269924
823.0 0.2
823.5 1.0176121678733128
824.0 3.834275632633976
824.5 5.0066130741705415
825.0 5.042249963475158
825.5 5.0454756949088
826.0 3.600641368088005
826.5 1.926247846852213
827.0 0.2
827.5 2.3536884139812746
828.0 4.049010189838021
828.5 1.1705719672022326
829.0 6.341062639324177
829.5 1.9788370377424633
830.0 6.212989137350593
830.5 0.2
831.0 0.3983341692573217
831.5 4.1026462284346215
832.0 4.4299553398714195
832.5 4.296557788120088
833.0 4.670960047839782
833.5 3.5689192348863705
834.0 5.761297942920871
834.5 3.7153708395488967
835.0 4.097983104349618
835.5 2.4084409899725077
836.0 3.4735074485496638
836.5 1.118787664010231
837.0 3.1260582243666866
837.5 2.1616263730938554
838.0 0.634623024779799
838.5 5.8085552460490435
839.0 2.3303184740036764
839.5 2.5113238759197793
840.0 1.0264817643104975
840.5 2.2571167630208087
841.0 3.487342223711648
841.5 4.155336447970829
842.0 0.2867622690275149
842.5 2.18656637328324
843.0 4.231147383749203
843.5 2.386024259833172
844.0 1.2991966472233836
844.5 2.376310983330245
845.0 4.401024068701607
845.5 4.201302532551607
846.0 2.7930481165161147
846.5 2.419482919117097
847.0 2.0386084556937107
847.5 3.715413027303324
848.0 3.5666079733430656
848.5 2.5064006752526664
849.0 1.5812614885987397
849.5 5.777018865156224
850.0 6.273089404310991
850.5 6.535555019368062
851.0 5.449890196383928
851.5 5.464129296231576
852.0 5.676051941312905
852.5 4.66535996416998
853.0 5.512196814962529
853.5 4.801030239683418
854.0 0.2
854.5 3.035266904404924
855.0 1.9686874688237068
855.5 3.437009183344304
856.0 2.407042507445712
856.5 0.32368317849558936
857.0 0.9233465829843202
857.5 5.000493419963425
858.0 2.9690551242422356
858.5 3.754421210314282
859.0 3.6061977537675456
859.5 2.7663351379697607
860.0 3.6608987787852625
860.5 2.927384197301024
861.0 2.0710212855537744
861.5 4.753102102499076
862.0 1.8939756249834188
862.5 2.5373022963103224
863.0 2.7059610133319763
863.5 2.0295266913668417
864.0 4.2439702642358
864.5 3.3160917689729628
865.0 0.2
865.5 1.5451256263321596
866.0 5.216832175214386
866.5 2.5660012868834654
867.0 0.9452237153903389
867.5 4.0732680756304545
868.0 3.2314275210318666
868.5 3.2704880667378546
869.0 1.75371458860043
869.5 0.7284927183153389
870.0 2.19115703168438
870.5 2.5981659984474503
871.0 3.798241786691298
871.5 7.943329601301444
872.0 0.9627842116251824
872.5 4.274429969764831
873.0 3.082324646876449
873.5 10.007111832753088
874.0 2.3837495271191123
874.5 3.390359409502909
875.0 7.315927694267941
875.5 7.5045702007659365
876.0 8.298912164371178
876.5 0.2
877.0 4.214731028890016
877.5 6.3372280272154695
878.0 2.346988359503597
878.5 2.816435524065451
879.0 1.3423416976533975
879.5 4.871636710342792
880.0 1.4863765012442949
880.5 4.316941514081782
881.0 5.328384694664113
881.5 6.7897679437950345
882.0 4.676145095415164
882.5 4.265031059376977
883.0 3.334579301399942
883.5 4.382859673741359
884.0 3.489003268562472
884.5 1.0259008055015677
885.0 2.6109419503832676
885.5 2.369897759590485
886.0 3.2198278507895965
886.5 0.8355545803768596
887.0 6.192970717839561
887.5 10.11415826024961
888.0 0.2
888.5 6.738788064895131
889.0 3.1097497734524904
889.5 5.913587709543146
890.0 6.499409420514194
890.5 6.425245516186552
891.0 7.157346578519011
891.5 2.5716029631959234
892.0 4.126656091694117
892.5 1.8757293537222237
893.0 6.1284286642306105
893.5 1.5558968589078699
894.0 4.060809910458847
894.5 5.400192334061404
895.0 4.282514848585574
895.5 3.5785224232702806
896.0 6.511660139017289
896.5 4.68469973967103
897.0 5.279897086535478
897.5 1.8869111438558126
898.0 2.8660611326104637
898.5 4.221019636895994
899.0 8.134571004096728
899.5 3.6347412205085754
900.0 2.699703194595977
900.5 4.903218405576919
901.0 0.9170320063447792
901.5 3.2684694949451196
902.0 6.421637157167478
902.5 5.118905018326693
903.0 1.8095235604234752
903.5 7.289134215228092
904.0 3.635334804359978
904.5 5.502182189372254
905.0 3.1998368242569057
905.5 3.786779461823998
906.0 3.073474012338898
906.5 2.168941543972453
907.0 5.841824375359604
907.5 3.1043937752146937
908.0 3.67016997061121
908.5 1.599398439816544
909.0 3.080381029274074
909.5 2.7330688022081273
910.0 5.976233085718934
910.5 2.4936130358716584
911.0 0.7701736565853787
911.5 2.021480062303593
912.0 2.1601992555757175
912.5 5.395264198415556
913.0 4.2789007885396675
913.5 4.201180013587933
914.0 1.3665539821592594
914.5 6.939476343628412
915.0 5.445520088639019
915.5 3.728572318915624
916.0 2.052517985490268
916.5 6.440561394950635
917.0 4.100892380099916
917.5 6.5476390666742335
918.0 3.3786782532077217
918.5 5.173262712952961
919.0 6.552558967029608
919.5 2.135064723783449
920.0 5.044457512222812
920.5 6.193117151562612
921.0 0.4752590741550864
921.5 5.523052082698809
922.0 5.917598031941348
922.5 0.7125586520765337
923.0 5.473056590031723
923.5 2.371840513186892
924.0 4.5443804428299925
924.5 5.326040098614597
925.0 3.5814702035556607
925.5 0.2
926.0 2.965170154238254
926.5 4.11248211370578
927.0 2.523457307337941
927.5 1.33979849280591
928.0 5.649900057094062
928.5 4.705751288698522
929.0 5.339351008170663
929.5 1.851041077054886
930.0 7.2103614336385
930.5 2.4161751276094856
931.0 5.218741159926151
931.5 7.6503571600107065
932.0 6.790440910754777
932.5 1.122300713757864
933.0 6.07541537984339
933.5 3.467957446258154
934.0 2.993541564742671
934.5 2.073748558735259
935.0 2.3227007559271753
935.5 1.5301992319910924
936.0 3.25405739299074
936.5 2.614860034343093
937.0 4.2679303284551455
937.5 2.335094624830435
938.0 4.4766319418659
938.5 6.051888423799351
939.0 2.0370697091590944
939.5 5.655298548599591
940.0 2.7860988545497416
940.5 3.4431179694997542
941.0 3.2350090574493935
941.5 2.9706751686089374
942.0 4.757004000780002
942.5 3.910766149137137
943.0 2.5259360403984195
943.5 3.1596127458211045
944.0 3.3519017862393796
944.5 2.6667269529379736
945.0 1.314456011123176
945.5 4.332887176885155
946.0 0.2
946.5 3.0456195838705016
947.0 7.962970275773078
947.5 3.5072734574041933
948.0 3.944269369494182
948.5 4.198092559375744
949.0 4.0317301843149025
949.5 5.7714991881664
950.0 10.487779832024094
950.5 3.608040989117902
951.0 4.0543449872914525
951.5 5.06207993905083
952.0 6.5461612895405645
952.5 6.750136721106526
953.0 3.904017923512992
953.5 9.447325909389226
954.0 3.7306313471962875
954.5 5.96115459598105
955.0 7.435520848148957
955.5 1.3948586246329429
956.0 5.532060368796093
956.5 4.953632424057718
957.0 5.776224367519555
957.5 5.843269481221008
958.0 3.4140425835157027
958.5 4.236421752993818
959.0 0.9159448723890478
959.5 5.434030272267004
960.0 5.184203667803624
960.5 5.7750207917763285
961.0 5.500434193404239
961.5 0.2
962.0 6.6451119946227655
962.5 3.0734477243089313
963.0 1.8491268452156717
963.5 4.741304000598916
964.0 2.5031413021434368
964.5 7.441211735508086
965.0 3.281686976197081
965.5 1.4457634094031966
966.0 2.385164215034356
966.5 8.647469971601733
967.0 8.23198093435457
967.5 4.065699324170839
968.0 3.9315556232975695
968.5 4.2680022230700665
969.0 3.479705299116668
969.5 1.65442390207514
970.0 2.9741842904198847
970.5 2.098869222073615
971.0 1.5902881153139856
971.5 2.0890269314904635
972.0 4.277620713702412
972.5 4.484907258811104
973.0 0.2
973.5 2.610674351506351
974.0 3.0356117154488675
974.5 2.7194287563355086
975.0 2.904052995860513
975.5 0.7187960263836501
976.0 2.249644848986365
976.5 2.275043381239868
977.0 4.3071793528058695
977.5 3.606895011062282
978.0 2.5053147497467805
978.5 3.9590251132254375
979.0 3.098748301749926
979.5 1.7271259010270767
980.0 5.344234291202368
980.5 2.25879923320705
981.0 0.9640926335414788
981.5 2.2839512359812875
982.0 4.069291094267872
982.5 3.1670057541434917
983.0 2.253452469282258
983.5 2.1974137913369884
984.0 2.364192614528701
984.5 3.247668121757143
985.0 3.492351305720942
985.5 5.31403429026561
986.0 4.04559272987851
986.5 4.447148431225473
987.0 1.782541845573939
987.5 2.748692703193579
988.0 4.761944038269442
988.5 2.4244246552839637
989.0 1.7055636447770275
989.5 3.030004168986115
990.0 1.9928788078882225
990.5 2.961149854825422
991.0 4.715760565709826
991.5 4.072865499786531
992.0 6.721526025900349
992.5 5.958871823600311
993.0 2.602781303757441
993.5 3.719336814232163
994.0 5.197990788972011
994.5 3.8655761678211853
995.0 3.093468128972546
995.5 2.4454581836785114
996.0 2.091812257848779
996.5 6.2945051732369866
997.0 2.223340596590497
997.5 6.252570991844392
998.0 0.9075375952295635
998.5 4.227640837317505
999.0 1.666331604886534
999.5 1.8826482395134223
1000.0 4.119559682145069
1000.5 1.8229870720272512
1001.0 2.2322570566674935
1001.5 5.971371439856397
1002.0 3.1105363185747112
1002.5 5.76796417765209
1003.0 2.8271021125875215
1003.5 2.7354752455075104
1004.0 2.5260221821884956
1004.5 3.8515830590390783
1005.0 1.1501137619473363
1005.5 3.2918844934760205
1006.0 1.8464816525558096
1006.5 6.208874975223178
1007.0 2.5433626727972216
1007.5 4.422372171662421
1008.0 0.6135096798786432
1008.5 3.1696800235542675
1009.0 3.7854086993810268
1009.5 3.9342912675104422
1010.0 0.2
1010.5 1.2250690834694213
1011.0 1.2931497396181617
1011.5 3.4107652724429807
1012.0 1.911971451894339
1012.5 1.86805243267437
1013.0 0.2
1013.5 1.966509959659343
1014.0 2.217007826847806
1014.5 5.819638715314733
1015.0 2.4550266180368063
1015.5 0.7903991913251911
1016.0 3.6756401359697555
1016.5 3.641839750056408
1017.0 3.3742871098144036
1017.5 2.814243479626037
1018.0 3.9169094274059675
1018.5 2.512176885116272
1019.0 3.1357133562800117
1019.5 0.4588298459307447
1020.0 2.2529431258590678
1020.5 2.834998789034297
1021.0 3.0540890296810574
1021.5 3.3722476857292163
1022.0 2.8910539985811625
1022.5 3.136903517274337
1023.0 2.117304945698688
1023.5 4.055514348090913
1024.0 0.20646254229192262
1024.5 3.5269471400259933
1025.0 1.655988923235278
1025.5 1.019060930895022
1026.0 5.185599142615459
1026.5 5.2603571834764855
1027.0 2.9080565759630086
1027.5 4.1427791505445075
1028.0 0.2
1028.5 3.0664999141732276
1029.0 2.5504509198840397
1029.5 0.2
1030.0 4.555629310523898
1030.5 2.8357107491742237
1031.0 0.2
1031.5 4.188293101407266
1032.0 1.5420604797110578
1032.5 4.604220924750367
1033.0 3.129093206217213
1033.5 0.5198849614837671
1034.0 2.052949170700804
1034.5 0.6567087492902772
1035.0 2.237982968949167
1035.5 2.4146556911917703
1036.0 2.37117558576446
1036.5 4.427545454817491
1037.0 6.4207079717663875
1037.5 3.0656701451494337
1038.0 2.0211126275591424
1038.5 6.022497618038152
1039.0 4.828876908269631
1039.5 2.9098827915269165
1040.0 2.983163336121918
1040.5 2.840927328388777
1041.0 3.782773788775193
1041.5 5.465866714746279
1042.0 1.4958972090120886
1042.5 3.52587939370867
1043.0 3.0459547115004932
1043.5 1.9377614966872374
1044.0 4.870177973287717
1044.5 1.6570240158139105
1045.0 1.1206465579969336
1045.5 2.450257441624939
1046.0 2.9318375971241157
1046.5 3.7574814540190626
1047.0 1.2811413132251062
1047.5 4.8815885453123045
1048.0 0.5067329560787037
1048.5 3.6633643426445084
1049.0 2.2248630565942284
1049.5 2.1778104431472207
1050.0 2.2853145346539474
1050.5 3.4740054900545996
1051.0 1.230125817213496
1051.5 2.51462736913405
1052.0 3.4607521412787543
1052.5 1.0180041747112378
1053.0 2.9127488465264237
1053.5 2.394542890389117
1054.0 1.9928668944411345
1054.5 1.0399086491144875
1055.0 2.136214967198454
1055.5 2.6069162908587047
1056.0 5.160365219110226
1056.5 7.815172870969901
1057.0 5.882815145570504
1057.5 0.24859478019866987
1058.0 3.745588349109598
1058.5 2.516744014202617
1059.0 4.600541547745407
1059.5 3.869952247139259
1060.0 4.372688998391216
1060.5 2.699672906059081
1061.0 1.869762662627054
1061.5 1.8979743412152839
1062.0 5.084422637492482
1062.5 3.9185059360876098
1063.0 0.7780379831341295
1063.5 2.328053183637567
1064.0 1.466642744686112
1064.5 3.4067936149538425
1065.0 2.304127768995981
1065.5 3.4400886421743317
1066.0 5.49395182484356
1066.5 3.150664003421347
1067.0 6.50573809193882
1067.5 1.1151075054957387
1068.0 2.7359813223659195
1068.5 2.270692788025583
1069.0 5.109197058368112
1069.5 0.45901164819700435
1070.0 2.6445741389741735
1070.5 5.701630445793578
1071.0 4.10549348244706
1071.5 6.168644756163147
1072.0 1.4496775119121024
1072.5 3.726114858296649
1073.0 2.3226037451416204
1073.5 1.5096856149960205
1074.0 3.3198745185366514
1074.5 2.6566363076153126
1075.0 8.425597234949215
1075.5 0.9336483770779362
1076.0 0.8609783392366843
1076.5 4.660019034985273
1077.0 1.8445759833645385
1077.5 1.6325051973740017
1078.0 4.40535363398313
1078.5 5.244535148714107
1079.0 5.141004203967779
1079.5 1.197831772549982
1080.0 3.8229349498030194
1080.5 4.662435623536905
1081.0 5.743577622290802
1081.5 3.3903726105685097
1082.0 7.247515623417579
1082.5 4.207244783880664
1083.0 2.0356089514186433
1083.5 0.212200416675298
1084.0 4.34908539066744
1084.5 1.41209686926182
1085.0 4.511322657192142
1085.5 1.4589706175774706
1086.0 2.6502731468316374
1086.5 2.8221412787521145
1087.0 0.2
1087.5 0.4889111939297668
1088.0 3.1348567960659013
1088.5 6.535194638388732
1089.0 4.647593782506789
1089.5 4.3163333716953165
1090.0 7.5895129442787965
1090.5 2.218605195851063
1091.0 4.92209282184877
1091.5 2.693962571892176
1092.0 2.4918448276210157
1092.5 7.106733757536615
1093.0 0.37350428963921356
1093.5 3.7196249921248152
1094.0 5.360358398120473
1094.5 3.440561008238138
1095.0 0.7001416599058641
1095.5 3.880959090782117
1096.0 1.6149172324215084
1096.5 4.222295268127269
1097.0 3.8862904257922963
1097.5 1.7361009043991318
1098.0 1.0318802606348245
1098.5 3.5768785124399036
1099.0 5.190419538013088
1099.5 4.337826161040365
1100.0 5.5307693912232105
1100.5 6.253639371860136
1101.0 3.3932493256533824
1101.5 5.2648433724819075
1102.0 6.149382534224171
1102.5 4.206942146469206
1103.0 3.5621653758105603
1103.5 4.591194931131257
1104.0 0.4458672358251592
1104.5 2.5112257787539733
1105.0 2.9406291101760473
1105.5 2.8527530692410443
1106.0 1.3379771442994093
1106.5 1.3029451889340944
1107.0 4.751013133258228
1107.5 2.0591347876577966
1108.0 2.8757132089735915
1108.5 3.044787842025724
1109.0 2.7015601312028688
1109.5 4.852245502825016
1110.0 1.976510605361677
1110.5 2.5959181537660028
1111.0 5.6190778430771715
1111.5 0.2
1112.0 2.5570859655403164
1112.5 3.1055250688232863
1113.0 4.652233911051288
1113.5 4.652039230976185
1114.0 5.075670243786741
1114.5 8.155235594503027
1115.0 3.0831652377989474
1115.5 5.2719509561357185
1116.0 2.701217418984119
1116.5 4.018573404038912
1117.0 4.558434494093294
1117.5 3.855495193036619
1118.0 4.114542146579804
1118.5 0.7317144649748664
1119.0 0.6356352483827705
1119.5 3.669203642650925
1120.0 1.8083572131508272
1120.5 3.2885479258651786
1121.0 2.1757392653085788
1121.5 2.287429843275789
1122.0 0.2
1122.5 3.933811667499997
1123.0 2.52226623241033
1123.5 3.135699658952416
1124.0 3.996899511453983
1124.5 3.5916683413696457
1125.0 3.2941569640423007
1125.5 2.5875599075907068
1126.0 0.2
1126.5 2.5665757961745603
1127.0 4.379116791429304
1127.5 9.673381461281014
1128.0 5.4711635280636965
1128.5 4.1179384777838965
1129.0 4.924577486627457
1129.5 5.079950928801915
1130.0 2.7771899609054858
1130.5 5.689013672033637
1131.0 5.091323307443719
1131.5 5.2480277992321795
1132.0 6.2860154172126315
1132.5 2.608990562711269
1133.0 6.6292169835884325
1133.5 5.691908023656299
1134.0 4.0732936907233785
1134.5 6.578115844553224
1135.0 3.128273554744937
1135.5 0.2
1136.0 3.0838564576443153
1136.5 6.562431747953286
1137.0 1.6810258538690541
1137.5 3.5625533903871434
1138.0 3.907097122783824
1138.5 5.189731917931114
1139.0 8.61166464829283
1139.5 2.592203903269301
1140.0 7.020212791808184
1140.5 4.186277364951962
1141.0 2.630662002822523
1141.5 5.33058331876444
1142.0 9.992597848976096
1142.5 7.1133685829714945
1143.0 6.278806342594557
1143.5 5.9302124901304065
1144.0 1.824041004334413
1144.5 3.5556821656866022
1145.0 7.616898406686561
1145.5 1.8794906759591674
1146.0 0.2
1146.5 2.4436688255198042
1147.0 5.462774549767654
1147.5 3.385062239516749
1148.0 3.93343718023006
1148.5 3.1730827354063145
1149.0 8.06241984675846
1149.5 1.8783662559314043
1150.0 7.554127416756536
1150.5 4.315566819856381
1151.0 4.877621728054775
1151.5 1.8648242631347567
1152.0 14.428603703604878
1152.5 6.7849132085296375
1153.0 4.534818887244012
1153.5 4.047271595932397
1154.0 5.032536942608119
1154.5 2.982540754678094
1155.0 3.7528681967223
1155.5 1.5420866370626822
1156.0 3.1363913524415477
1156.5 5.843430743816766
1157.0 2.053098510345785
1157.5 2.7332254687037296
1158.0 5.803675053618758
1158.5 3.251921296788725
1159.0 3.085928418100228
1159.5 4.633506945318713
1160.0 3.170316212179431
1160.5 3.5038897265175604
1161.0 0.2829147350822998
1161.5 2.6153902528355375
1162.0 0.852071456148944
1162.5 3.0518669994497185
1163.0 3.461246677104462
1163.5 3.6685808913110645
1164.0 0.2
1164.5 2.5537119015866776
1165.0 6.340798613442944
1165.5 5.346406692600569
1166.0 2.4815019933114595
1166.5 4.51540030969773
1167.0 3.3528176561631406
1167.5 1.350383885160463
1168.0 6.408504320071616
1168.5 2.765845188621415
1169.0 4.376087244865541
1169.5 4.356230218270925
1170.0 5.386238585280637
1170.5 5.756339177482003
1171.0 2.656269174149922
1171.5 3.4570110781080787
1172.0 4.054335520078004
1172.5 9.829910120325954
1173.0 3.168159869070047
1173.5 2.354245911480545
1174.0 2.791335366282417
1174.5 4.869916899429037
1175.0 7.044010420953093
1175.5 4.283982387422238
1176.0 4.898215071783617
1176.5 1.8051343040726142
1177.0 2.1128281362005272
1177.5 4.7865564229521125
1178.0 4.422395013554755
1178.5 1.8359036837140128
1179.0 3.659670787212634
1179.5 4.518231993426241
1180.0 0.2
1180.5 4.908461487907593
1181.0 4.876729764117473
1181.5 3.855444751007987
1182.0 1.585467799854964
1182.5 5.227977610071626
1183.0 2.8712153538926444
1183.5 3.173442769897949
1184.0 1.9027435336173588
1184.5 4.2746745781316
1185.0 2.448773280063357
1185.5 1.5509894520743073
1186.0 2.341638955973276
1186.5 0.2
1187.0 5.610285091041716
1187.5 3.0393080867361246
1188.0 3.2175759860751016
1188.5 3.106080192414295
1189.0 3.7026519491498426
1189.5 2.8449388758204344
1190.0 2.7420187377561445
1190.5 2.9493398837796523
1191.0 4.287582088999136
1191.5 1.7613350953039775
1192.0 5.702495080665634
1192.5 7.596013577910988
1193.0 6.630419714127279
1193.5 3.9738928539280147
1194.0 2.7408591685791217
1194.5 2.6654320017463133
1195.0 1.0778415025470127
1195.5 3.426671281570397
1196.0 7.708377412561948
1196.5 2.357544006049112
1197.0 6.329783710836823
1197.5 4.460119841315166
1198.0 7.1759122561486635
1198.5 4.828937306715671
1199.0 1.1765492739806356
1199.5 3.308464504208387
1200.0 7.123663805074561
1200.5 3.3249597525566372
1201.0 6.597583600456925
1201.5 8.585238990382685
1202.0 4.787527516958517
1202.5 5.005733481425365
1203.0 4.647022060485969
1203.5 3.6677800442573174
1204.0 3.0686370937313843
1204.5 3.896980542769418
1205.0 4.636258648266769
1205.5 0.2
1206.0 7.0614862687443525
1206.5 1.3350859213480506
1207.0 3.9579305961125315
1207.5 5.987043601744796
1208.0 1.2563127309870303
1208.5 2.041268509767707
1209.0 2.234176786826209
1209.5 0.2
1210.0 6.100750519891501
1210.5 2.8749352832638904
1211.0 4.338257864013829
1211.5 2.0865389427531653
1212.0 9.03817272996203
1212.5 5.863148345215342
1213.0 7.3131824762749735
1213.5 4.3086261315319145
1214.0 9.519425029530337
1214.5 5.26408258248609
1215.0 0.2
1215.5 0.600256432429326
1216.0 0.2
1216.5 8.347239206095514
1217.0 4.52800239324959
1217.5 6.1855055819850495
1218.0 7.26637512041661
1218.5 4.064197977537465
1219.0 1.7731345123079882
1219.5 6.038127421437761
1220.0 4.183589079662726
1220.5 6.029496783075906
1221.0 4.4859243587528
1221.5 3.792793578887009
1222.0 4.729649909589265
1222.5 2.722851278638605
1223.0 4.8128947025559015
1223.5 3.1134876385100307
1224.0 3.1480564822512394
1224.5 6.234188383364165
1225.0 5.866721584453367
1225.5 1.3647380359033074
1226.0 6.576266306937424
1226.5 8.5034733255949
1227.0 8.447539524988535
1227.5 3.31664598839195
1228.0 4.382366168999805
1228.5 0.5673750931624366
1229.0 2.9698942944758033
1229.5 3.134750409609947
1230.0 2.167148156406448
1230.5 5.2672943825225484
1231.0 0.2
1231.5 2.7246066910952638
1232.0 2.5873907426840583
1232.5 0.3039535326613896
1233.0 5.394702532459833
1233.5 1.0547372785594757
1234.0 2.913676769651045
1234.5 3.0594583988348907
1235.0 0.788538994626605
1235.5 2.049312636209983
1236.0 1.249003768201964
1236.5 4.799866217582176
1237.0 5.2361515500903675
1237.5 3.6775551647068863
1238.0 2.8006535367827388
1238.5 3.5435512529086934
1239.0 3.616685907288094
1239.5 4.430339266101226
1240.0 3.589219216555923
1240.5 0.4529069522966793
1241.0 5.338302879944324
1241.5 2.231270337630674
1242.0 1.7414697641077321
1242.5 3.5200670608306
1243.0 2.3731552783974923
1243.5 0.7532402639992495
1244.0 0.5019069141251853
1244.5 2.2178278214101415
1245.0 3.859333557017119
1245.5 1.200419017104366
1246.0 2.51838516230183
1246.5 1.3106631517680942
1247.0 2.051908748518649
1247.5 1.363379280005685
1248.0 2.882202934993469
1248.5 2.712180913371815
1249.0 1.6649210668848986
1249.5 2.553397677224488
1250.0 4.181513278035249
1250.5 2.018669771813626
1251.0 1.7056202844568455
1251.5 3.4409145394571903
1252.0 1.5148313781224463
1252.5 1.3111527459837466
1253.0 2.8557171525727982
1253.5 2.3851827700751516
1254.0 3.4649135137004397
1254.5 1.3280847815955554
1255.0 0.7692353323391041
1255.5 2.168652503253039
1256.0 2.358650836843288
1256.5 3.824792660490652
1257.0 3.229546871510747
1257.5 2.5749289001955518
1258.0 1.1579753791842768
1258.5 2.5053265923631063
1259.0 2.5550455049149967
1259.5 3.85231085239758
1260.0 2.489679198272774
1260.5 2.8017844064686344
1261.0 6.619954934292692
1261.5 1.0478787791243254
1262.0 4.31971485828976
1262.5 2.6562670129558636
1263.0 3.8816590267288595
1263.5 2.3213363172041177
1264.0 1.5246755650964703
1264.5 3.6151442064769546
1265.0 3.038587396422343
1265.5 3.132760958784778
1266.0 2.7721075818250855
1266.5 2.023489703090574
1267.0 1.822304121208995
1267.5 2.688371793837745
1268.0 1.7846580980877733
1268.5 0.6210815059768069
1269.0 1.7846456910363768
1269.5 0.2
1270.0 1.8466800485193369
1270.5 4.54583006361025
1271.0 4.4555734496315065
1271.5 4.243095530228692
1272.0 1.3663289245810757
1272.5 1.7172224589252574
1273.0 2.6400677511556996
1273.5 2.2669948681132035
1274.0 2.676496073706368
1274.5 5.780042981034946
1275.0 1.574291016404225
1275.5 3.252147783332229
1276.0 4.6464233125400565
1276.5 4.130302447611711
1277.0 2.504236896198012
1277.5 5.064868816926177
1278.0 0.2
1278.5 4.525047689641843
1279.0 1.8275004200057285
1279.5 0.9030658908457811
1280.0 3.53193854829236
1280.5 0.9425831087242726
1281.0 2.9724659602326344
1281.5 3.1969324257451626
1282.0 4.300834960344357
1282.5 3.4537105859426247
1283.0 2.4288907208174857
1283.5 2.4627337600086063
1284.0 3.1453368918331375
1284.5 2.166631359699193
1285.0 3.026795193313904
1285.5 1.8091778525543427
1286.0 5.154286287176864
1286.5 0.2
1287.0 2.691012617911344
1287.5 1.031235787138965
1288.0 2.9634946991207616
1288.5 2.595194462211105
1289.0 1.9670012891778599
1289.5 4.152897444560509
1290.0 0.3110937303732908
1290.5 4.1135000969718725
1291.0 2.3564649764043746
1291.5 7.460728258811532
1292.0 4.800203311599093
1292.5 5.598791964179156
1293.0 1.0613857662517114
1293.5 4.868317179620552
1294.0 4.100938193935404
1294.5 5.368504909404255
1295.0 3.667391035539736
1295.5 4.570154574260202
1296.0 2.1293973708546305
1296.5 5.84003277592189
1297.0 3.9046383383974668
1297.5 2.2822350952808717
1298.0 0.2
1298.5 5.272675404898727
1299.0 3.0494028200562573
1299.5 5.598014608640204
1300.0 6.692530751981457
1300.5 1.2011725222434113
1301.0 5.263685696807067
1301.5 1.665556673362964
1302.0 3.3462212902231885
1302.5 9.606626564005392
1303.0 7.889037942135676
1303.5 6.799887588899085
1304.0 4.446832938321797
1304.5 3.381700961938402
1305.0 2.0137277468521706
1305.5 5.7644068113556255
1306.0 4.233332790284427
1306.5 3.971094027103076
1307.0 5.120987125909499
1307.5 1.2625884640376261
1308.0 2.725929697071852
1308.5 3.585126106882991
1309.0 3.229513703497923
1309.5 8.699287638927366
1310.0 4.117162787245699
1310.5 3.8999375318543845
1311.0 6.852106257790325
1311.5 7.934852826937561
1312.0 5.836972304422977
1312.5 2.7512661058636843
1313.0 4.316793751923922
1313.5 3.1703985516702224
1314.0 0.4232384944083436
1314.5 6.457471393786877
1315.0 3.2841938466399068
1315.5 8.241850348484993
1316.0 8.269202769402701
1316.5 6.635666882095036
1317.0 3.5681644096505094
1317.5 4.044643823116416
1318.0 3.2751330335185944
1318.5 4.957192469988909
1319.0 1.5449352874851163
1319.5 3.364920519291873
1320.0 0.7694157204568031
1320.5 1.8094637739027832
1321.0 3.2744372700340216
1321.5 2.593694826022427
1322.0 5.361950066235044
1322.5 8.118620123896573
1323.0 1.5515393676637577
1323.5 4.277287153963755
1324.0 2.8124751703417337
1324.5 3.4719732831561307
1325.0 4.937219967718391
1325.5 5.847661849347196
1326.0 7.229766755929054
1326.5 6.0691047232715345
1327.0 3.4010881380471587
1327.5 5.983527509363686
1328.0 3.388417466531367
1328.5 0.8129266596938618
1329.0 3.9706507211141595
1329.5 2.4668217874381084
1330.0 1.6852754881278347
1330.5 6.117171188973771
1331.0 1.5075452358623749
1331.5 1.795761077815678
1332.0 1.6683877750063028
1332.5 5.573888023716928
1333.0 4.219397416171078
1333.5 3.023891351382742
1334.0 8.788079407862245
1334.5 6.039069463968549
1335.0 9.103224492338633
1335.5 6.319009213304396
1336.0 7.1629132913958795
1336.5 4.663046919075423
1337.0 2.0573692455528954
1337.5 3.5259753977042103
1338.0 3.3907570653067025
1338.5 5.443901928046648
1339.0 3.6985233992344546
1339.5 0.49052862205869996
1340.0 0.6379478412785535
1340.5 1.7889304092311225
1341.0 0.2936314100205708
1341.5 1.8137562665156843
1342.0 3.4763356859040706
1342.5 3.2405507076730755
1343.0 3.4769293004742403
1343.5 1.861767782246564
1344.0 1.4747511001613849
1344.5 3.170776843131555
1345.0 0.6209427687947078
1345.5 4.572382722522214
1346.0 4.437600405814078
1346.5 5.153730544277479
1347.0 3.2209681568293416
1347.5 5.333200838583185
1348.0 6.583262836508329
1348.5 5.156605491284069
1349.0 3.4184236361104396
1349.5 6.230214920797092
1350.0 2.288518949936477
1350.5 0.2
1351.0 3.183776285509533
1351.5 7.608328007510311
1352.0 5.5878535300783305
1352.5 4.246014984879336
1353.0 0.2
1353.5 2.8352517564835074
1354.0 2.154847981893025
1354.5 3.10909068143504
1355.0 4.477042072580087
1355.5 6.781262684888755
1356.0 3.1425441574115807
1356.5 5.879039602259262
1357.0 5.3791940352796885
1357.5 6.0345571725427956
1358.0 2.2203217381806306
1358.5 8.67598907654446
1359.0 5.29719836288608
1359.5 4.493151561606311
1360.0 2.3681266212011565
1360.5 1.8450210475877031
1361.0 4.527965120190013
1361.5 0.5366771641804884
1362.0 1.908491503195835
1362.5 0.2
1363.0 0.9490997533736503
1363.5 2.0847218684939035
1364.0 3.2440316128433495
1364.5 4.689861687768946
1365.0 0.2
1365.5 4.468370391630556
1366.0 2.6115087908913925
1366.5 3.8113162660254556
1367.0 6.151954119260473
1367.5 2.232429433759169
1368.0 4.433373073095505
1368.5 8.72491916621108
1369.0 4.142336924622397
1369.5 5.443461822081587
1370.0 7.177315362190029
1370.5 6.277325789671792
1371.0 3.3966811580326834
1371.5 1.2078989981434907
1372.0 2.9375932986922404
1372.5 3.753783489272225
1373.0 5.614174430456542
1373.5 0.7754083113279724
1374.0 2.4183621296734743
1374.5 0.2
1375.0 4.015573236951681
1375.5 4.211488188797637
1376.0 3.874415009967511
1376.5 3.0729724830323883
1377.0 3.307410540816278
1377.5 2.3171346655576364
1378.0 4.5954608958689045
1378.5 0.2
1379.0 5.004581800464193
1379.5 1.03268928469355
1380.0 4.28539602265717
1380.5 4.182906448928129
1381.0 1.9508726404187091
1381.5 4.295549268486413
1382.0 2.6916181526675818
1382.5 5.953567998357004
1383.0 3.6023446055381037
1383.5 2.419475444936469
1384.0 4.341266376273051
1384.5 7.7337082902556755
1385.0 6.525747030393367
1385.5 3.639516700517853
1386.0 5.161826305270483
1386.5 6.225807055405181
1387.0 1.6856879035466132
1387.5 5.869952353115113
1388.0 10.054755400805863
1388.5 2.000063509062033
1389.0 7.607975583052404
1389.5 4.689324441734628
1390.0 7.989425415095305
1390.5 2.763386596521582
1391.0 3.4738854054862727
1391.5 1.7271333348931703
1392.0 4.029527898388512
1392.5 0.2
1393.0 1.6545720795039083
1393.5 5.239499740373953
1394.0 2.1877375526860243
1394.5 2.7476164387766895
1395.0 2.8801822466070366
1395.5 2.542372897475249
1396.0 4.671098398288563
1396.5 5.569295892092779
1397.0 2.2195649630082572
1397.5 3.505028911050969
1398.0 4.44187651082688
1398.5 2.353696325222316
1399.0 2.816024505668101
1399.5 1.1601814472775933
1400.0 1.7737542471687084
1400.5 3.1924578718806416
1401.0 0.3199880611624608
1401.5 2.1263448335389605
1402.0 0.6926420284288382
1402.5 2.3665249864710987
1403.0 4.354115982809683
1403.5 1.1828369630971434
1404.0 2.6399707624608935
1404.5 2.2073244738687663
1405.0 2.5284413990536203
1405.5 5.409033839492977
1406.0 3.1291809111791316
1406.5 2.2897879558995458
1407.0 3.3075657143122825
1407.5 5.2337841308069635
1408.0 5.810674931339231
1408.5 2.900547716901182
1409.0 4.472014433033569
1409.5 8.361013673171293
1410.0 7.035677270103916
1410.5 4.7860062636959295
1411.0 3.8516669139359223
1411.5 0.21891500160091093
1412.0 3.829860393310228
1412.5 1.4574091311380073
1413.0 1.683950981101681
1413.5 4.436059328126669
1414.0 1.1995321618415882
1414.5 3.673968133542008
1415.0 5.297619544208555
1415.5 2.2587981420534646
1416.0 8.170719530888176
1416.5 2.5714334347089904
1417.0 5.244192290708169
1417.5 0.2
1418.0 7.017404695132279
1418.5 4.3656839372243
1419.0 3.7224213073049213
1419.5 5.105846118175833
1420.0 2.0092645139092644
1420.5 3.4574146131390604
1421.0 1.179023495150053
1421.5 7.822660253599393
1422.0 1.6675874056533968
1422.5 6.58125354043211
1423.0 2.2920780704301107
1423.5 2.970701087543352
1424.0 1.1535405762704198
1424.5 4.177873049302933
1425.0 8.755382732280903
1425.5 6.159164595913024
1426.0 4.622431020804339
1426.5 0.2
1427.0 2.8473108040510455
1427.5 1.7638324750505427
1428.0 4.75256066969604
1428.5 4.973145698184803
1429.0 0.9099526448812525
1429.5 4.162060563410879
1430.0 2.3163214375583667
1430.5 0.990941055374273
1431.0 2.7842463581786583
1431.5 1.3106935509247946
1432.0 2.9825073627418637
1432.5 5.626817504513129
1433.0 2.5117454097991283
1433.5 1.6670699756562322
1434.0 0.2
1434.5 4.169950050912984
1435.0 0.25756632391134815
1435.5 4.134495337870495
1436.0 5.848687628454372
1436.5 1.912543277954658
1437.0 0.917120888088399
1437.5 2.2041463409164033
1438.0 4.364396430712847
1438.5 0.8606963711789919
1439.0 1.8513328117879455
