0 1.6106382051188712
0.5 1.4420547338117753
1.0 1.2473211570372282
1.5 1.1030937762989648
2.0 1.636207988478822
2.5 1.6087992285958954
3.0 1.789006645374242
3.5 1.756556231637179
4.0 0.8265341476975849
4.5 1.3557137128673653
5.0 1.3484967030007748
5.5 0.5822346398976086
6.0 0.6864490767548131
6.5 0.8039024320280838
7.0 0.9081965318642213
7.5 2.511775213544836
8.0 3.126700203888458
8.5 2.5071045372662413
9.0 1.9723102020108234
9.5 2.130456092522812
10.0 3.34669837682351
10.5 2.0096731872280533
11.0 1.8406163846439567
11.5 2.0107851301211053
12.0 1.8851192664586744
12.5 0.9865240529619822
13.0 0.8492466143505393
13.5 1.1120042768684568
14.0 0.9924283396999594
14.5 1.1512559734003132
15.0 1.7778367459612332
15.5 1.43818773690397
16.0 0.76387731784913
16.5 0.819011896078219
17.0 1.0637265054936058
17.5 0.8071533467680981
18.0 0.7163141889536576
18.5 0.9808504743614703
19.0 0.8870385368129465
19.5 1.105706088249263
20.0 1.0133385770799044
20.5 0.7998917329308245
21.0 0.698166993699534
21.5 0.838415361286585
22.0 1.0559191915465016
22.5 1.1396918554770075
23.0 0.8707486731730542
23.5 0.6573356546367087
24.0 0.9222767560438303
24.5 1.0639535965448002
25.0 1.0346219881198848
25.5 0.762077032912055
26.0 0.5682170551353478
26.5 0.6510413103035863
27.0 0.6487495320881724
27.5 0.9339869924765549
28.0 0.6022744262747066
28.5 0.8152345148400525
29.0 0.7023359376564151
29.5 0.535806010390101
30.0 0.6161919320949679
30.5 0.5836059022870755
31.0 0.7482143874368532
31.5 0.8363031481756636
32.0 1.1180096484433464
32.5 0.5810987454916451
33.0 0.8674550686150138
33.5 0.5479449626432547
34.0 0.8762129546702863
34.5 0.7233263730976134
35.0 1.0622579662581568
35.5 1.9028432168978537
36.0 2.275482428783034
36.5 2.2643584776509664
37.0 0.9115225541133266
37.5 0.7548105793537062
38.0 1.9596302270369796
38.5 1.363853956996162
39.0 1.0106310085240868
39.5 1.5369375890666084
40.0 1.1882682453923574
40.5 1.875243604693283
41.0 1.7488790548769817
41.5 1.8352396503140849
42.0 1.012738870604637
42.5 0.9894745415901945
43.0 2.169958873904762
43.5 1.307611403806343
44.0 0.8126619861609716
44.5 1.0765912987838273
45.0 1.2191806150282958
45.5 1.1079968727643292
46.0 1.1086783767174262
46.5 1.0748182604892915
47.0 1.3692040946770743
47.5 1.0539039061108948
48.0 1.0022831458633341
48.5 0.7905907386893807
49.0 0.5760226560818946
49.5 0.7321018510587883
50.0 1.2828588194747088
50.5 1.3889959706538253
51.0 0.6069957447300239
51.5 0.6934924628919541
52.0 1.2178921827578724
52.5 0.907604897476797
53.0 0.901051997094728
53.5 0.8063592443796086
54.0 0.6687731402220072
54.5 0.911894903730658
55.0 0.9063936080193199
55.5 0.8953900798069203
56.0 0.9342520016223076
56.5 0.8337141580728374
57.0 0.774522498264599
57.5 1.0409448663220426
58.0 0.9175487478392648
58.5 0.9702523909388074
59.0 1.3422003201472126
59.5 0.7519114604185269
60.0 1.20150926307993
60.5 2.035062012894987
61.0 1.4323104316150332
61.5 2.103497977890973
62.0 0.7190570880362231
62.5 0.40846093459128374
63.0 1.109503966644592
63.5 1.457411913991052
64.0 0.8368430253247604
64.5 2.0070498033586164
65.0 1.8431037117013576
65.5 1.088322721350342
66.0 1.7350654794293092
66.5 0.9318206698965468
67.0 1.6764384093659046
67.5 0.7783626256581037
68.0 1.701481813051031
68.5 1.117037849819689
69.0 1.0877323877626073
69.5 1.8194267253062915
70.0 1.0221768856345652
70.5 1.1268397237215595
71.0 1.6751125051501052
71.5 1.7584768559327966
72.0 1.4083363087088574
72.5 0.21978072233293777
73.0 1.9263007225192332
73.5 1.1473246434786497
74.0 1.460985695832393
74.5 1.2344321875747712
75.0 0.8401288550500002
75.5 0.9022054786041471
76.0 0.9881962715440793
76.5 0.7594073600622386
77.0 0.84054655999321
77.5 0.5641530301125435
78.0 0.9000192949139205
78.5 0.723473320672245
79.0 0.7120793067696976
79.5 0.8262010401860859
80.0 0.8697840092385577
80.5 0.863038808584123
81.0 1.170092547858633
81.5 0.9846278380720556
82.0 1.3948352842135947
82.5 1.4091270143048615
83.0 0.5701393848554749
83.5 0.797766121525737
84.0 1.2610159325600119
84.5 1.3688406510700495
85.0 1.021175362774285
85.5 1.134136762819987
86.0 1.1590621925569424
86.5 0.886789713265816
87.0 1.2769720927344392
87.5 0.7816466815698955
88.0 0.9191736627120513
88.5 1.0551820141331099
89.0 0.8115022880195009
89.5 0.9918923846511646
90.0 0.9515897540120977
90.5 0.784718107607666
91.0 0.6825668575069567
91.5 0.675548347128214
92.0 0.8409176961092174
92.5 0.5218460376734693
93.0 1.4546102173651583
93.5 1.5364333001000445
94.0 0.863268130990632
94.5 1.7874516974017387
95.0 1.494394328261238
95.5 1.3298854414010868
96.0 1.4419894669122475
96.5 1.3922414721006837
97.0 1.3031510553849728
97.5 1.6057642660484603
98.0 0.9528891337415024
98.5 1.4134905664380542
99.0 1.4381220038212674
99.5 1.4352882725178264
100.0 0.7252455758100721
100.5 1.3103724610910965
101.0 1.6843575804242674
101.5 1.5293153135636688
102.0 0.8511337370146411
102.5 0.9256535458234885
103.0 1.2532153772019323
103.5 1.3008996429621633
104.0 1.0619810000221348
104.5 1.4665392583385333
105.0 0.5966406132027924
105.5 1.339172691493204
106.0 0.8254472047732891
106.5 0.5280042422455125
107.0 0.7740608277331574
107.5 0.9791709442548484
108.0 0.9100367565860081
108.5 1.1019818867861395
109.0 0.7681520221410609
109.5 1.1954353338415344
110.0 1.6314315477923769
110.5 1.3895521428424429
111.0 1.857649343212845
111.5 1.0286244035782928
112.0 1.228586636065788
112.5 2.034244912565403
113.0 1.638446346579895
113.5 0.31861889940353794
114.0 1.2570988215272343
114.5 1.0904248772366412
115.0 1.0642655472125648
115.5 0.5798644834504593
116.0 1.3320010194368936
116.5 1.2892449166103204
117.0 2.332961208993752
117.5 1.3870040020221148
118.0 1.0037844201584045
118.5 0.961003056607755
119.0 0.915946022081116
119.5 1.2267443094492743
120.0 1.1331061347999172
120.5 0.7724903552587676
121.0 1.1245523690792993
121.5 1.9150460307154018
122.0 1.185970815724206
122.5 2.810315453619192
123.0 0.5725754499529545
123.5 1.944808127657284
124.0 1.459642451688786
124.5 1.1030556383388226
125.0 2.2482549595341137
125.5 0.9924750367877518
126.0 2.048776896397654
126.5 1.5012606610181463
127.0 1.2277652065854174
127.5 1.6446939703208383
128.0 2.544006576513294
128.5 1.4320622765003042
129.0 1.1201498785434216
129.5 0.8150737647937362
130.0 2.061494620461155
130.5 2.121710815861248
131.0 1.8073950373145484
131.5 1.5166168277979821
132.0 1.2021917136783857
132.5 2.207310401801104
133.0 1.310141555459379
133.5 1.6822269317729792
134.0 2.4691102331726613
134.5 1.3934559941554667
135.0 2.4530193857406615
135.5 1.8670322685980667
136.0 1.734224747717921
136.5 1.6505753654059347
137.0 1.9026656337965466
137.5 1.627710274383922
138.0 0.5060109351171438
138.5 2.4142055772534574
139.0 1.4282111749674764
139.5 1.8773437162687712
140.0 0.9762042201102622
140.5 1.7792482379344516
141.0 1.2018982497938568
141.5 1.0706645356105349
142.0 1.6874141812130312
142.5 1.9710894687047795
143.0 2.5488036819911075
143.5 1.4495395002379599
144.0 2.2811440847108555
144.5 2.376718327618449
145.0 1.5898481738204984
145.5 1.6921454069212924
146.0 0.8748573483523385
146.5 0.5180399107435658
147.0 2.5781591816820115
147.5 2.4430814109123413
148.0 1.9604496605977564
148.5 1.7753335828748364
149.0 1.968433969640014
149.5 2.3345139797804046
150.0 2.608344244780097
150.5 1.5939182319504415
151.0 1.5751130145747338
151.5 1.947925067984079
152.0 2.1164367021951627
152.5 2.7558717730789275
153.0 1.3446748378831148
153.5 2.150398023535245
154.0 2.071488791325511
154.5 2.62196099467607
155.0 1.7692482703015786
155.5 1.9762509922313107
156.0 1.077356248276742
156.5 1.2295143084279625
157.0 1.198283791276043
157.5 1.2302857620895593
158.0 1.3360605578476352
158.5 1.36669877434563
159.0 1.0671818014982324
159.5 1.6693473621437787
160.0 1.7106897049843863
160.5 1.338296436119415
161.0 1.6586525026919374
161.5 1.156924729962316
162.0 1.2792575184121286
162.5 1.6985885655233235
163.0 0.8642289172105577
163.5 0.8963862757524341
164.0 1.7818323489103882
164.5 1.1204484316644359
165.0 0.24928268156601296
165.5 1.1553019264599562
166.0 0.8751189573612213
166.5 0.7970129621329891
167.0 1.4124085336664298
167.5 0.8523659556640553
168.0 1.2905255687587487
168.5 1.7584642824326533
169.0 0.8433375098173337
169.5 0.8221701195856643
170.0 1.8088702020087593
170.5 1.3052585483023162
171.0 0.6984080190920388
171.5 1.5630889744904346
172.0 1.0223374903597315
172.5 0.9938924181972522
173.0 1.3090509827345627
173.5 1.439623494841329
174.0 1.5340026118246801
174.5 1.379484364225613
175.0 2.1202287085958327
175.5 1.42064214817536
176.0 1.2756899588003063
176.5 0.8486507910116412
177.0 1.010256089385462
177.5 1.8563905313213884
178.0 1.3188252404655527
178.5 1.1500609020481687
179.0 1.1770205982134698
179.5 1.3056654617515235
180.0 1.5946596105472346
180.5 1.3399414088122388
181.0 0.43386347571529627
181.5 1.1316762626638417
182.0 0.9209077933618506
182.5 1.4203889092227926
183.0 1.7222282232969384
183.5 1.5133377904418202
184.0 1.6400717022876838
184.5 0.9021212955837782
185.0 0.6318383717356516
185.5 1.676752415318182
186.0 0.8252493736950633
186.5 1.1101514577248142
187.0 0.9335194178601628
187.5 0.6590631152357925
188.0 0.3527247462804648
188.5 0.8664434777503198
189.0 1.4140210537205893
189.5 1.7918852062788815
190.0 1.478557632287006
190.5 2.103028143616249
191.0 2.0688152262263566
191.5 1.6250830260217919
192.0 1.5520496912543753
192.5 1.807888702437067
193.0 2.0278551441517196
193.5 0.9501355843856558
194.0 1.0299651415830413
194.5 0.9686211391857147
195.0 1.2818361687508937
195.5 0.7015228805710689
196.0 1.0441267041930877
196.5 0.7380546002324058
197.0 0.846023676624976
197.5 0.9034807942353116
198.0 0.7510107083249831
198.5 0.8698358507468739
199.0 1.1329221370358278
199.5 1.2699383432459665
200.0 1.143627952162998
200.5 1.4245814411322204
201.0 2.7279599093834728
201.5 2.256401648727731
202.0 1.3537493398154075
202.5 2.112655251419226
203.0 0.9098970250808037
203.5 1.1531444255190997
204.0 2.0968641499619265
204.5 1.7899145973821782
205.0 0.4185782903856121
205.5 1.794136130462173
206.0 0.3526829235274216
206.5 2.0572346814110722
207.0 1.1764558494010728
207.5 1.5688696241814164
208.0 1.7889515920171568
208.5 1.4990044427280806
209.0 2.496812474921828
209.5 1.192887535462185
210.0 0.8701066835026219
210.5 1.5392404024209592
211.0 1.0487648727097674
211.5 1.4932979924881633
212.0 1.9011265194749778
212.5 1.7671072849399478
213.0 1.4989740379367102
213.5 0.5808089420894939
214.0 1.5041924464332066
214.5 0.9424576663141816
215.0 1.7734839307410977
215.5 1.3412999815939795
216.0 0.9123777459271258
216.5 1.4262860737540581
217.0 2.0289367788739248
217.5 3.1606309966294375
218.0 1.71690388651724
218.5 1.2702914275310748
219.0 1.2855150415391838
219.5 1.0106800997702243
220.0 1.3219700542482837
220.5 2.0020278112420584
221.0 1.8246465457765475
221.5 1.1150711569285587
222.0 1.9284216471522047
222.5 2.343641645774753
223.0 1.309685196673492
223.5 0.9160440666268673
224.0 2.594522094575793
224.5 1.7498159620150928
225.0 1.8675456082379605
225.5 1.4868716059007077
226.0 1.7029150059991738
226.5 1.93493916213395
227.0 0.9199103460691258
227.5 1.837501046175725
228.0 1.98301686919053
228.5 1.3498980592971201
229.0 1.4823078798259774
229.5 1.8990445631024375
230.0 1.610195614989083
230.5 1.853344225880033
231.0 2.331460831973905
231.5 0.6628805718218674
232.0 2.110554664254604
232.5 2.688676709974426
233.0 1.581376911457515
233.5 2.406550125155081
234.0 0.9248587531874163
234.5 1.8949700804454703
235.0 0.5025711621767839
235.5 1.6176264034109107
236.0 1.0274990630112315
236.5 1.2715960973710136
237.0 2.011117495428678
237.5 1.4615159233556048
238.0 0.9372893228828441
238.5 1.0665503123631965
239.0 1.5871067081935955
239.5 0.8655057162101459
240.0 1.409361330449026
240.5 1.4471453265942413
241.0 0.509721654329401
241.5 2.4273744733828746
242.0 1.0749242777273598
242.5 1.2374928970365815
243.0 1.4064740897356462
243.5 0.9772104513660068
244.0 1.368883979430774
244.5 1.816758696907383
245.0 1.7160594548707975
245.5 0.22367425186882706
246.0 0.9343277641476946
246.5 1.455888620002018
247.0 1.352609399841612
247.5 1.8919865588567664
248.0 1.5666687638693246
248.5 1.9181613361929943
249.0 1.4132223153405867
249.5 1.8935061277694565
250.0 1.5815208922171586
250.5 1.5507001424502962
251.0 2.469068024314457
251.5 0.9511774235638852
252.0 1.9355847305641403
252.5 1.517951090434162
253.0 1.2835845412379756
253.5 1.334841911667624
254.0 1.6499878424292396
254.5 1.0839015463034403
255.0 2.0544966511389973
255.5 1.04063333654176
256.0 1.4155886998928406
256.5 1.032718796200273
257.0 0.2
257.5 1.7378725565755757
258.0 0.9337739117862762
258.5 1.3266229826391411
259.0 2.1668845218061343
259.5 1.0612515556941347
260.0 1.4861240400457785
260.5 0.6628848040932496
261.0 1.1188290168394295
261.5 1.2043498251264537
262.0 0.9811126015977966
262.5 1.6136154368415747
263.0 0.7103234131306406
263.5 1.8513931483431971
264.0 1.2832646269296464
264.5 0.7710146574783712
265.0 1.210992648420926
265.5 0.5651384857905926
266.0 0.7140394741522698
266.5 1.2861861385157032
267.0 0.803180913903597
267.5 1.3399999490808
268.0 1.19829088828598
268.5 1.3128300108769215
269.0 0.9607876759193041
269.5 0.6248326098210671
270.0 1.3746785486650968
270.5 1.4987198557940877
271.0 0.7649057531354528
271.5 1.6435447239529493
272.0 1.8162350819642383
272.5 1.8479272693618942
273.0 1.235637865504547
273.5 0.24494536494161
274.0 1.467256301998836
274.5 2.118278194505187
275.0 1.0228560472543637
275.5 1.3184239769635928
276.0 0.45817263799835417
276.5 2.560901024517214
277.0 2.3130292067040084
277.5 1.6012567612632238
278.0 1.5479302665308212
278.5 1.8299397609864312
279.0 0.8249279008440313
279.5 2.111159675133079
280.0 0.4442562117325821
280.5 1.251718707861507
281.0 0.9732145061605149
281.5 0.8558374583444368
282.0 0.6133635969997616
282.5 0.940660129354996
283.0 0.889449506479411
283.5 2.1952953861132523
284.0 1.538374150831353
284.5 0.2
285.0 1.7985612049245394
285.5 1.7858095273288588
286.0 0.8257440608990334
286.5 0.8214254604773731
287.0 1.3291574157740962
287.5 0.865845949038936
288.0 0.9666544697744144
288.5 0.7102544117298879
289.0 1.1972290176637972
289.5 0.6844536415483644
290.0 1.072770050820349
290.5 0.7532999727089297
291.0 1.217361833687407
291.5 0.8312970961396966
292.0 0.700510735660721
292.5 0.6679041810905948
293.0 0.7984839883110044
293.5 0.7779520837924392
294.0 0.8092208815292719
294.5 0.7567286386639296
295.0 0.8677232036365428
295.5 0.6635901820710031
296.0 0.8876027795863259
296.5 0.48133331427927323
297.0 1.713162631890786
297.5 1.202824408306178
298.0 0.8174447839585247
298.5 1.0707138076798317
299.0 1.0408484469123995
299.5 0.9753266385718788
300.0 0.9842632166738374
300.5 0.987231235392442
301.0 0.9097284561502968
301.5 0.9864585384068696
302.0 1.1779519172451707
302.5 1.2974155004124706
303.0 0.9463805825019074
303.5 1.820247161414195
304.0 1.0296342408724326
304.5 0.8885288158304734
305.0 0.7580161767259475
305.5 1.0942323319605056
306.0 0.6574440909723137
306.5 0.9233331877563602
307.0 1.0714278976902518
307.5 0.96269419500013
308.0 1.1314894734248309
308.5 0.9903086568742645
309.0 0.6464366727841386
309.5 1.2437289647742917
310.0 0.8395290688481252
310.5 0.6957887531846689
311.0 0.907660356999042
311.5 0.8076188909106492
312.0 0.5730662522151079
312.5 1.0415227571666101
313.0 0.8476836809708752
313.5 1.0959944874578165
314.0 0.8115864598988418
314.5 2.2534213868652992
315.0 1.427293294027872
315.5 2.0270292981239866
316.0 1.2730023275861715
316.5 2.110870356678407
317.0 2.1773675689704213
317.5 1.3869956147121425
318.0 1.7265420072237165
318.5 1.5878965019797269
319.0 1.3618224327777604
319.5 0.8864380577229684
320.0 2.215012800262643
320.5 1.5007791504284418
321.0 1.7875867373907486
321.5 1.700178068366182
322.0 0.5498749072456108
322.5 2.1398454496959523
323.0 1.2844693053664336
323.5 1.189354335708559
324.0 1.6360869355726992
324.5 0.8507950236881363
325.0 0.6883990949281669
325.5 1.4575568274974255
326.0 2.4340637195982238
326.5 0.8670950510406347
327.0 0.9955019020264292
327.5 0.3945978262681793
328.0 0.699503230660064
328.5 2.22949070711638
329.0 1.0687751403086958
329.5 1.1643107328080398
330.0 1.8318488391851457
330.5 1.0259625590507562
331.0 1.0941663463945437
331.5 1.4010330420731947
332.0 1.005476798932826
332.5 1.3998081632086983
333.0 1.5870362745331572
333.5 1.9820271367469213
334.0 0.8909111470603663
334.5 1.3493257163853434
335.0 1.5583041997681337
335.5 0.7638167995812071
336.0 0.9021870351222572
336.5 1.2731974834325333
337.0 1.322622244410807
337.5 0.8100585132670379
338.0 0.6974595431084147
338.5 1.6238070307104828
339.0 1.837479999397345
339.5 1.1022796996978041
340.0 1.3293858658249442
340.5 2.160744866433486
341.0 1.9090168899970066
341.5 1.613128095632852
342.0 0.9251713481951843
342.5 2.323400387554173
343.0 1.6780901216316833
343.5 1.8714471529574275
344.0 0.883772186773497
344.5 2.0106525174988477
345.0 1.5733992419962988
345.5 2.5073382215861595
346.0 1.8869969154549995
346.5 1.890700328504245
347.0 1.7628632856723878
347.5 1.3061930642823643
348.0 2.398615610515693
348.5 1.2941661973896672
349.0 1.7859358289604141
349.5 1.4539957932285918
350.0 1.6348768461857053
350.5 0.8845496187303165
351.0 2.275397435272879
351.5 1.9152925890765191
352.0 2.0101126256161193
352.5 1.9831921753456045
353.0 2.1586106861568912
353.5 1.9707040328312302
354.0 0.5560077113547346
354.5 1.4911996158757233
355.0 1.7132496947757416
355.5 2.4730188797891395
356.0 1.1334597405853954
356.5 1.0572541266703332
357.0 1.9431474661911499
357.5 1.107666781114308
358.0 0.8491996893718414
358.5 2.098544632795
359.0 1.4807171018938656
359.5 1.6592344481036043
360.0 1.9361495524335302
360.5 1.7395895355836593
361.0 1.4935517442829396
361.5 2.144939252659859
362.0 1.4488365886279926
362.5 0.7449821944964172
363.0 1.126900409673367
363.5 1.4999879033289345
364.0 1.2631253039845542
364.5 0.9176345987035572
365.0 0.8959015412297358
365.5 0.7150381923147497
366.0 0.74005368102886
366.5 0.8458924898031965
367.0 0.6386219624912094
367.5 0.8317839387322419
368.0 1.067215090508403
368.5 1.192518057003337
369.0 0.7524413402103965
369.5 0.5557989455313611
370.0 0.5172691191180039
370.5 0.8889107496276261
371.0 0.5242073724034678
371.5 0.8323596738342474
372.0 2.0539327543201074
372.5 1.5724273330454026
373.0 1.4113808793872749
373.5 0.7974569217267061
374.0 2.191917257521026
374.5 2.1205065577867046
375.0 1.6589871484567702
375.5 0.6342817771867403
376.0 0.6032778704884643
376.5 0.9992831778892748
377.0 1.2699621395061327
377.5 0.7578720033004707
378.0 1.2055007301831586
378.5 1.1837931584864139
379.0 0.6497945142108886
379.5 0.8061859012774797
380.0 0.9479651756622469
380.5 0.7670665674596673
381.0 0.5206295730537868
381.5 0.9518277175421421
382.0 0.9548526061375187
382.5 1.203525017354129
383.0 1.1441734921900601
383.5 1.054939938395722
384.0 1.4748093570358063
384.5 0.7434220451542815
385.0 0.9232960426713899
385.5 1.7813164030485504
386.0 1.267424325564323
386.5 0.754483375415618
387.0 0.930620338375503
387.5 1.170593434545971
388.0 1.1316063628454833
388.5 0.7615981104165703
389.0 1.489210901972903
389.5 0.9986859194117903
390.0 1.035010306483652
390.5 1.5053915718788011
391.0 1.7914116094455683
391.5 1.0987157203307825
392.0 0.9690150279808725
392.5 1.632906940742219
393.0 1.3006562755465376
393.5 1.29651969526653
394.0 1.20567709616558
394.5 1.47491270774844
395.0 1.69003825574065
395.5 1.6936640000896657
396.0 1.2341459183698071
396.5 0.723532622021128
397.0 1.2686994937302747
397.5 1.7245755919200794
398.0 1.7527034447064533
398.5 1.9452428583677315
399.0 0.8171162823384535
399.5 1.487006703882984
400.0 2.3965990383445153
400.5 2.366466321350222
401.0 1.189837744029881
401.5 1.2057214134450398
402.0 0.9223568206815248
402.5 0.6439435396298447
403.0 1.1925163926808202
403.5 0.8437464792380784
404.0 0.7610640202181467
404.5 0.9320166826677612
405.0 0.9196988261838617
405.5 1.2880932994990342
406.0 0.592955150180945
406.5 1.539257842966604
407.0 1.5395249073275508
407.5 1.5667801034016067
408.0 1.5113222662012136
408.5 1.1070270217596894
409.0 1.2582357517631415
409.5 0.9747802954863363
410.0 1.3569893325612687
410.5 1.5207191421454942
411.0 1.323872757280227
411.5 0.9765081947915858
412.0 0.8832755785708071
412.5 1.2084566465805255
413.0 1.0131334200691613
413.5 1.0577477930215715
414.0 1.5194345866351675
414.5 1.306905108756094
415.0 0.6209415325795533
415.5 1.160867239682597
416.0 1.4820933788470174
416.5 1.5010807219943594
417.0 1.5984724085727227
417.5 1.0312860782662003
418.0 1.3843790308038928
418.5 1.111939637613646
419.0 1.354303175930244
419.5 0.8276442745192996
420.0 0.9527894300783023
420.5 0.7658646002749564
421.0 0.7176271713314704
421.5 1.0640282722115244
422.0 0.6407818097740682
422.5 0.997592053665407
423.0 0.6243875009181524
423.5 0.6753694401395626
424.0 1.3907131739607625
424.5 1.203388703752469
425.0 1.0608657518156404
425.5 1.775053629425168
426.0 0.8973979038422618
426.5 1.667617975501468
427.0 1.028800909007278
427.5 1.4453329573939975
428.0 1.013160281941881
428.5 0.8673379892670783
429.0 0.8916995577868447
429.5 1.0554089888828084
430.0 1.1898939667774666
430.5 1.3961308158692085
431.0 0.6996669950081187
431.5 0.8840824056887445
432.0 1.8673396511183795
432.5 0.8233442282666725
433.0 1.3963263843441018
433.5 0.8855110831343076
434.0 0.742471840920805
434.5 1.3209627871016845
435.0 1.3639866097933913
435.5 1.0090137418830563
436.0 1.6348464485080605
436.5 1.207156483299201
437.0 1.068437895253541
437.5 1.1892652611882149
438.0 0.9589945924417131
438.5 1.0911465757039347
439.0 1.5769222791443114
439.5 1.6414637489373987
440.0 0.9296905863201098
440.5 1.0221181519629223
441.0 1.4707413549755786
441.5 0.9723458892877647
442.0 1.0711973779711457
442.5 1.2720298103515444
443.0 1.0333698825459319
443.5 1.2599368048538468
444.0 1.1890428945536806
444.5 1.0197501341890134
445.0 1.5745924928469968
445.5 1.0898189382613204
446.0 1.1862045470825604
446.5 0.9928036453541365
447.0 0.7264333240982053
447.5 0.9726303609209177
448.0 0.5503827882027306
448.5 1.2317223174048952
449.0 1.506217073738124
449.5 1.93705419866669
450.0 1.4834433263296527
450.5 1.6874097193943478
451.0 1.8269600810068594
451.5 1.6719853579485433
452.0 2.485713334820918
452.5 1.8675078289224776
453.0 0.2517059291122734
453.5 1.6502842399573319
454.0 2.1027618716597205
454.5 1.9187420886419262
455.0 1.474805131760454
455.5 1.4218248323977645
456.0 2.010234761894302
456.5 2.105639870185826
457.0 2.005904951967366
457.5 1.138976763156799
458.0 1.0289738531759354
458.5 1.3533248267730236
459.0 1.8360845354049726
459.5 1.654373927545794
460.0 0.9982307394308443
460.5 0.7146134028842064
461.0 1.0118005835927184
461.5 2.12743505770454
462.0 1.0853389740928445
462.5 0.9494659895636466
463.0 1.210413715098713
463.5 1.57042593323236
464.0 1.3625755277582805
464.5 1.2985206415424861
465.0 0.6335808493677747
465.5 1.5010865737152148
466.0 0.9524800621056545
466.5 1.4971232925844116
467.0 1.1624037096704933
467.5 0.8739247188299046
468.0 1.5278262028808394
468.5 1.570002526878259
469.0 1.949740773985385
469.5 1.876989452720994
470.0 0.4668595235419015
470.5 0.7959701011608619
471.0 1.652427719173266
471.5 1.7987943988498498
472.0 0.7723770635224321
472.5 1.312117053052322
473.0 1.5767619268156494
473.5 0.9979405349864156
474.0 1.170875478859029
474.5 1.4961837063301364
475.0 1.251935004225992
475.5 1.3669720415254167
476.0 1.5508982140570544
476.5 2.0880340238396315
477.0 0.5881311597154047
477.5 0.5880908874220594
478.0 0.6607463599723048
478.5 0.9612177954236293
479.0 0.6277341222049108
479.5 0.7302389350434324
480.0 1.106162974020969
480.5 1.0299790122208852
481.0 0.6712700328240898
481.5 0.680417819624781
482.0 1.060342056196102
482.5 0.8996644961105422
483.0 0.611442256419906
483.5 0.8027599272610817
484.0 0.7796253723243012
484.5 0.5922958897270447
485.0 0.7880039109241694
485.5 0.6187583484053731
486.0 0.9360873467975933
486.5 0.8751862833202875
487.0 0.6615476717766507
487.5 0.909791869003947
488.0 0.7100536361528937
488.5 0.973679218216666
489.0 0.6565660918665408
489.5 0.8112127150247166
490.0 0.7180874735991951
490.5 0.556536083297495
491.0 1.0085549473763442
491.5 1.0631253853278895
492.0 0.9038795665871517
492.5 1.918708540600544
493.0 1.135990039764364
493.5 0.21865240119242713
494.0 2.3429107803334284
494.5 2.9337270918872544
495.0 1.3514841978095022
495.5 2.663782416708678
496.0 1.4637437808700486
496.5 0.6143521590009651
497.0 1.1556865564360956
497.5 0.9606154662840911
498.0 1.2224279906358597
498.5 1.2335475367049602
499.0 1.106604868569595
499.5 1.624948166937854
500.0 0.8583580713641827
500.5 0.8974087306695475
501.0 1.1327558326210698
501.5 0.6336848089317861
502.0 0.8804789601422597
502.5 0.9899030145360325
503.0 0.9830109974168674
503.5 0.9999972614261956
504.0 0.6714611916579822
504.5 0.8101367961769821
505.0 1.0747908642521147
505.5 1.0120882298638412
506.0 0.9616492187330459
506.5 0.8368179108298847
507.0 0.8426236094956169
507.5 0.6293348245092311
508.0 0.6226928245677052
508.5 0.9196436457701688
509.0 1.0487511691091211
509.5 0.7133541602511954
510.0 0.9927933581904655
510.5 0.6224319511803278
511.0 0.7561986729261012
511.5 0.5060336321064063
512.0 0.742402451910056
512.5 1.558242611212927
513.0 1.0476145365266518
513.5 1.561835993647501
514.0 1.1646684497663102
514.5 1.4573507250323723
515.0 0.9598107923022619
515.5 1.6464690077505877
516.0 1.3149550307284406
516.5 1.0007453405260138
517.0 0.9423071688727045
517.5 0.7791424501508615
518.0 0.7049460675937789
518.5 0.8917944113801016
519.0 0.7092384661736958
519.5 0.8740259992509842
520.0 0.7273938750390214
520.5 1.23576521973286
521.0 0.6321182040305033
521.5 1.3100195725498305
522.0 0.8761863282244826
522.5 0.7195290355614301
523.0 0.7973774643663551
523.5 0.8417769666437876
524.0 1.017554688245363
524.5 1.0582280347307345
525.0 0.8755033043505607
525.5 0.9014450899611608
526.0 0.6614492297879926
526.5 0.7622171289928443
527.0 1.0226274451751225
527.5 0.3454306246842146
528.0 0.8383973796149944
528.5 0.9764852591289055
529.0 0.7476554070870406
529.5 0.7127147174817352
530.0 1.0921095093368027
530.5 0.5031641058245434
531.0 1.0065254960649739
531.5 0.5501158641928015
532.0 0.7451029901357612
532.5 0.6532633545594086
533.0 0.7847020701805796
533.5 0.9460994780438583
534.0 0.7539206797045095
534.5 1.0038330173225316
535.0 0.5155403022797387
535.5 0.7441989666331068
536.0 0.7190681576314952
536.5 0.5692788148039258
537.0 0.8585447620200981
537.5 0.7219437213250812
538.0 1.4228080195209667
538.5 1.4570342326359143
539.0 1.602595742283659
539.5 1.362723684441002
540.0 0.3528005681962789
540.5 1.5148672287626224
541.0 1.5249941351647944
541.5 1.2285847565158636
542.0 2.106681321848802
542.5 1.243807163628552
543.0 0.8739619118939608
543.5 1.193592810033531
544.0 1.3400323663016391
544.5 1.1382335810327022
545.0 1.429924375457757
545.5 0.9986071876611482
546.0 0.926400411630202
546.5 1.4197170027484867
547.0 0.5037737925016912
547.5 0.8258295754672614
548.0 2.058930458909651
548.5 1.4633738422967193
549.0 1.5543590237680287
549.5 1.5415426538952137
550.0 1.95508221733103
550.5 1.4438838034336015
551.0 0.9806679445270952
551.5 1.0645730012997268
552.0 0.8858470959398117
552.5 0.864594357506154
553.0 0.7151210409018705
553.5 0.7153052036242131
554.0 0.6352335837327963
554.5 0.8602369122861396
555.0 1.0772335512834916
555.5 0.3274710408996443
556.0 1.0139332614811758
556.5 0.5977683415288765
557.0 1.1148852009545513
557.5 1.078036955619603
558.0 1.0689901187181494
558.5 0.4903889007618562
559.0 0.8066844944084273
559.5 0.7748131796094012
560.0 0.7398716464239736
560.5 0.9514362874942599
561.0 0.7762476549422699
561.5 0.6199516773904123
562.0 0.6517552345747455
562.5 0.779995148322735
563.0 0.5200981905657502
563.5 0.6938837683776169
564.0 0.6982986956511379
564.5 0.7068137488146515
565.0 0.9031373240274841
565.5 0.7637207383792213
566.0 0.6925682522150235
566.5 0.7529757475151128
567.0 0.8041038946435375
567.5 0.6822709666831711
568.0 0.5885465903377283
568.5 1.0003228253134622
569.0 0.9342947299953261
569.5 0.7879512763423754
570.0 1.0885481398531205
570.5 0.8435294713343494
571.0 0.7189584873842298
571.5 0.6902782104197476
572.0 0.7693754967338386
572.5 0.5807032631717265
573.0 0.6671930198906555
573.5 0.9993408405249186
574.0 0.7651922879982607
574.5 0.7458283425722181
575.0 0.8347387664525285
575.5 1.1344228218783423
576.0 1.52183292006616
576.5 1.2438045653755216
577.0 1.6000632438623945
577.5 1.4348880970307156
578.0 1.2734724492952227
578.5 1.6015741684481202
579.0 0.8804905019937626
579.5 1.4528687721655964
580.0 0.8963069916196713
580.5 1.186109228726178
581.0 0.8963016746480756
581.5 1.307670488127183
582.0 1.3259802677508783
582.5 1.518376147545238
583.0 1.8384008671456706
583.5 1.2948510925439984
584.0 1.076151681652694
584.5 1.268438288456816
585.0 1.6937197519687952
585.5 1.485949387124725
586.0 1.5429311645679529
586.5 2.0806321858624828
587.0 1.1823934722758875
587.5 1.419759134758713
588.0 0.2
588.5 0.9512663226030902
589.0 1.022431760720179
589.5 0.37864938795469527
590.0 1.5192162361516361
590.5 1.6307285668372826
591.0 2.1352263438575787
591.5 0.9533487085471177
592.0 1.8264401089883027
592.5 1.3399314061892575
593.0 1.5087371895555315
593.5 1.4791515363652963
594.0 1.7151982414663325
594.5 1.0688328455277012
595.0 0.8259370648181563
595.5 1.2598988982652273
596.0 1.9077329339056919
596.5 1.9368784886322685
597.0 1.0316525340062181
597.5 0.9700960352904797
598.0 0.8860379531294524
598.5 1.5357061759737873
599.0 1.926757281530871
599.5 2.052007040489615
600.0 1.6829581653655292
600.5 2.00852398885516
601.0 2.052540977133683
601.5 1.3547420364255793
602.0 2.1500267949531886
602.5 0.9969906103034494
603.0 1.5484072252805163
603.5 0.4901509310124984
604.0 1.3832603392092193
604.5 0.2
605.0 1.6215692771020318
605.5 0.7379384285062182
606.0 1.4100548406525975
606.5 1.6688455200350283
607.0 0.8072984508052884
607.5 0.90555843873354
608.0 1.1350933835097308
608.5 0.7443774139855155
609.0 1.2120846136767192
609.5 1.8047842228762896
610.0 2.1656008313454063
610.5 1.1223911948869627
611.0 2.3291980670165664
611.5 1.644530027398166
612.0 1.0015850487969105
612.5 1.595711196379022
613.0 1.3802532116664787
613.5 1.937780288625317
614.0 0.627825336954941
614.5 1.1843521223557896
615.0 2.0523371390515037
615.5 1.7763989846558568
616.0 1.3573051532752294
616.5 1.5579931516089325
617.0 0.6945015501035755
617.5 1.3471757975378011
618.0 1.8149764253177578
618.5 1.2785214154837619
619.0 1.5349004051828787
619.5 2.2042760389867437
620.0 1.2678999435083291
620.5 1.6927615525973219
621.0 1.3069673663333168
621.5 2.0434022889529384
622.0 1.6750015788707624
622.5 1.8760264850145654
623.0 1.119284454230809
623.5 1.0005170257503346
624.0 2.026285704622756
624.5 0.7884093143997304
625.0 0.9498674525255597
625.5 1.968630240742151
626.0 1.7007160693267291
626.5 0.8054299647159897
627.0 0.9398306499604312
627.5 1.6754058230720128
628.0 0.5329987975002186
628.5 0.610102447652297
629.0 0.917641343455015
629.5 1.3236713714312418
630.0 0.5998267367783234
630.5 0.8079692712624482
631.0 0.7988293362270822
631.5 0.899621861881075
632.0 1.2437768049997255
632.5 0.6974828822713524
633.0 0.33859953967192297
633.5 1.4743315867846254
634.0 0.9652861838076328
634.5 0.6302675376504954
635.0 0.8346520895738576
635.5 0.9140551788468492
636.0 1.0401305794682159
636.5 1.6107229543969934
637.0 1.588637436334249
637.5 0.9497544130928943
638.0 1.376733108485027
638.5 0.9760065070534495
639.0 1.0953929872399835
639.5 1.1448335073948797
640.0 0.8744262256348244
640.5 1.051802780558562
641.0 1.139898845241329
641.5 1.0401389252102806
642.0 1.0816169108198443
642.5 1.3284537174061253
643.0 1.7217873668027044
643.5 0.9833760687402491
644.0 1.04762297830783
644.5 1.3339486741270667
645.0 1.3842399468315725
645.5 1.2084688780432191
646.0 1.2579412243222232
646.5 0.6911936943261145
647.0 1.189878691189144
647.5 2.14020285077445
648.0 1.099111787328553
648.5 1.6083355382993498
649.0 1.2484000099409565
649.5 1.6555388054417257
650.0 0.45565092274536356
650.5 1.4565649766782975
651.0 1.3091005412036776
651.5 1.175270060959563
652.0 0.8521396271481138
652.5 1.3160421014097066
653.0 2.2893887679878584
653.5 1.591577459014014
654.0 1.5242712591837435
654.5 1.1757593712525332
655.0 1.3291163957229835
655.5 1.4922366457620195
656.0 0.9749934151194848
656.5 1.6069073812554702
657.0 1.2618832598191085
657.5 1.6890907823656403
658.0 1.39921894967896
658.5 1.1432287785628228
659.0 1.0278531015197994
659.5 2.255159567347704
660.0 2.832301670702008
660.5 2.41821755919531
661.0 2.026757550606628
661.5 1.562629315806932
662.0 0.9986128777969517
662.5 1.7578084407120769
663.0 1.2712807755579605
663.5 0.798958991060544
664.0 0.49353363907400005
664.5 1.016480919855153
665.0 1.6594453118936707
665.5 1.5328056271002828
666.0 1.22135580873171
666.5 1.3931026464648766
667.0 0.457888256078091
667.5 1.5425153083068723
668.0 1.5790546488979469
668.5 1.7433848819614817
669.0 1.995707074285747
669.5 1.6257928604045397
670.0 1.9875746073084843
670.5 1.0877330791009663
671.0 1.353813406347308
671.5 1.8826805623385692
672.0 1.9459580396693137
672.5 0.9375240932209368
673.0 1.183126627861384
673.5 2.058135323225447
674.0 1.7052837283233657
674.5 1.7849219544583919
675.0 1.3452151259207599
675.5 1.429186218406952
676.0 0.7450998924241998
676.5 1.6937217024522762
677.0 1.2913989413701312
677.5 0.7380173164477835
678.0 0.9452832588399329
678.5 0.5673063169986564
679.0 1.05218931823405
679.5 0.8446961267219446
680.0 0.9027068773780755
680.5 1.0983575034408044
681.0 0.9625509435834532
681.5 1.1809353660137956
682.0 0.8039895661278446
682.5 1.2024093474893962
683.0 0.8689130126520315
683.5 1.1790506695040823
684.0 0.8456878342822278
684.5 0.8676883174741612
685.0 1.0687686092607585
685.5 0.48668647132112636
686.0 1.1725219266684144
686.5 1.0786068807864615
687.0 0.9391317494348659
687.5 1.0000892348811772
688.0 0.7496123733909683
688.5 0.8761497511017429
689.0 0.8264535920685254
689.5 0.7201508830302494
690.0 0.7524072786786875
690.5 0.9270076530245467
691.0 0.8118066335977039
691.5 0.37789625563714163
692.0 0.8682718433341587
692.5 0.9255884451546086
693.0 0.7827817473140666
693.5 0.9165458625356095
694.0 1.2007823561306556
694.5 1.1649609293980023
695.0 1.275138083894867
695.5 1.2310153498148186
696.0 0.9739374276406896
696.5 1.0412521988706906
697.0 0.4016453847905901
697.5 1.310525983965528
698.0 1.4689734039039792
698.5 1.567322301300075
699.0 1.2828253437946917
699.5 0.8810502154157975
700.0 1.5353663118907988
700.5 1.8488217448624398
701.0 1.5769971451254263
701.5 1.6623525079339976
702.0 1.5326756771618049
702.5 1.8716192658150785
703.0 1.428769694466067
703.5 1.3510792615746947
704.0 1.865628436319056
704.5 1.8243590410043993
705.0 1.6880858710433537
705.5 2.2473375995211002
706.0 1.2147171724749692
706.5 1.6654498597331564
707.0 1.1750906797487268
707.5 2.2975437705079758
708.0 1.5540992986768738
708.5 0.8045386752242247
709.0 1.2746989454486164
709.5 1.3483099038576825
710.0 0.8445930520667638
710.5 1.038688242019835
711.0 1.3656577240675674
711.5 1.0514877624715182
712.0 0.9443537636018103
712.5 1.8177367908580053
713.0 1.283284799943849
713.5 1.2623749636472017
714.0 0.47578065658282
714.5 1.2125382230417066
715.0 0.7511453174135887
715.5 1.2801867211011642
716.0 0.6444476530831642
716.5 1.391990556268624
717.0 1.8961602174955303
717.5 0.6180729206872274
718.0 1.3056711800309972
718.5 1.3928270826631908
719.0 1.2319049567005138
719.5 1.6588526407925839
720.0 1.7099764562490476
720.5 1.685156390200658
721.0 1.5133041386903496
721.5 1.5532622760102515
722.0 1.7303110403372775
722.5 2.336622052261464
723.0 1.338863516956574
723.5 1.1625860742917606
724.0 0.826052434515534
724.5 1.843944959246546
725.0 1.4492186433391439
725.5 1.5778898452871448
726.0 2.0246256481552054
726.5 1.2073615291649586
727.0 1.0455367686530601
727.5 1.2494127396294439
728.0 1.0059106909833346
728.5 1.155294249423281
729.0 1.306842361732186
729.5 1.0023668263506853
730.0 1.3805445028823695
730.5 0.693931825185393
731.0 0.7881609395808535
731.5 1.154436910938454
732.0 0.9589042841650675
732.5 1.6606870080467238
733.0 0.8646559933577157
733.5 0.658395684998603
734.0 0.8623598929904028
734.5 1.8178640666778545
735.0 1.7947999961555545
735.5 1.3972281504095805
736.0 1.0518325195516915
736.5 0.9882926089148947
737.0 1.1890013321200137
737.5 1.4234377560667015
738.0 1.5725219948167757
738.5 0.813823558776409
739.0 1.5211769275627434
739.5 2.5533609577760354
740.0 1.3847284770653676
740.5 0.8365238925291453
741.0 1.2253362595849007
741.5 1.2932623968218935
742.0 0.9169880449467722
742.5 0.849309338911791
743.0 1.0224591380267565
743.5 0.9822326466606526
744.0 1.0991210474958681
744.5 1.4181867726744262
745.0 1.1589266204366013
745.5 2.2525551184468204
746.0 1.370530365128174
746.5 1.0572082998976366
747.0 1.7188747421951505
747.5 1.15724033775039
748.0 1.4704777187293487
748.5 1.8501670066570441
749.0 0.5751929751204231
749.5 1.921102384151841
750.0 1.3918132071636273
750.5 1.7791733848911315
751.0 1.676278443091475
751.5 1.0855889818760727
752.0 1.3107183337671695
752.5 1.1927541320817432
753.0 1.1190607307022176
753.5 0.6063530908264648
754.0 1.192361158213753
754.5 1.063780031395853
755.0 1.1948430615835572
755.5 1.466803272627489
756.0 0.7846156614844291
756.5 1.3519013843753573
757.0 1.4306876860881594
757.5 1.403074869575254
758.0 0.901887881036881
758.5 1.1141283840579614
759.0 0.8076418154124176
759.5 1.5857924659601346
760.0 1.680618949938002
760.5 0.5751918271256604
761.0 1.2463457158789146
761.5 1.252085310514444
762.0 1.0274296870198192
762.5 0.7867149488968892
763.0 0.7706402720882959
763.5 0.6714842198858899
764.0 0.6144458821102015
764.5 0.6795588645635762
765.0 0.7505005222089727
765.5 0.6729929638743775
766.0 0.8188902488992187
766.5 0.6320012541662293
767.0 0.5834943819911138
767.5 0.8293227941371053
768.0 0.6570148112207685
768.5 0.4700331815800831
769.0 0.939495232261063
769.5 1.3427925318801828
770.0 0.9264180740877548
770.5 1.059250633501851
771.0 2.135746873731983
771.5 1.3819926247953056
772.0 1.7051581025762608
772.5 1.5324613527446853
773.0 1.3075303001974525
773.5 1.431020904353271
774.0 0.8245300201115792
774.5 1.2896413356441436
775.0 1.3253834067812975
775.5 2.119823860827237
776.0 1.6346450113778075
776.5 2.2080145585666733
777.0 1.4679222213107526
777.5 2.225579553465943
778.0 1.4647576411332364
778.5 0.417678052725748
779.0 1.5066147915662822
779.5 1.109655454093566
780.0 1.0220662678688943
780.5 1.348571247699205
781.0 2.1096156982112495
781.5 2.547102780825174
782.0 1.498708160949075
782.5 1.6822826448911266
783.0 1.2575270944949497
783.5 0.7393255122303083
784.0 2.133978942306361
784.5 1.6984410130775682
785.0 1.948270599595463
785.5 0.6200839926200571
786.0 1.551109898719262
786.5 1.345214360132862
787.0 1.3729257836164728
787.5 2.0288953324303765
788.0 1.8633743610687776
788.5 1.1442580811987149
789.0 1.4311682250133178
789.5 1.381862428614239
790.0 1.3175460170663238
790.5 1.1855515920875106
791.0 1.4056267859982017
791.5 0.4352569570273107
792.0 1.2931515683120245
792.5 1.2283511394240472
793.0 0.7902316654373833
793.5 1.0736761132313442
794.0 1.3843016800502441
794.5 1.2533895779297233
795.0 1.5368539882799517
795.5 0.8148844556019772
796.0 0.9303542583915543
796.5 1.5158291276103157
797.0 0.8942420325991058
797.5 0.8089937509636713
798.0 0.7488071471653917
798.5 0.6675853204031398
799.0 0.6483057615443363
799.5 1.1707989650270123
800.0 1.8829493520434353
800.5 1.9568370611571255
801.0 1.3440599064557395
801.5 1.2240921594487515
802.0 1.4882776264142383
802.5 0.814972560258356
803.0 0.6052320751027543
803.5 1.2959735915167077
804.0 0.9088931878279509
804.5 0.7974716396179451
805.0 1.2144508948880612
805.5 1.0281726775022626
806.0 1.5299745248299974
806.5 1.0668316640130056
807.0 2.0589852616481594
807.5 0.5204948529135608
808.0 1.7931331987253907
808.5 1.3739127607772754
809.0 1.2675274869746862
809.5 1.0012384209744771
810.0 1.1386505017717292
810.5 1.0707440655345457
811.0 0.9091195616698335
811.5 1.7284709673768621
812.0 1.7677154017113539
812.5 1.0404311860485493
813.0 1.7281291073977632
813.5 1.6041424843735856
814.0 0.8869863813004983
814.5 1.074605411529194
815.0 1.65070546339681
815.5 1.8262323774481075
816.0 1.2984378798713085
816.5 0.49937656934307895
817.0 1.3591931114592586
817.5 1.4522928229657754
818.0 1.6512936220269951
818.5 1.6710811666890106
819.0 0.7890564478441995
819.5 1.3900435753551599
820.0 1.0788997979893447
820.5 0.9095580157870419
821.0 0.9558333262908373
821.5 1.1489204109399105
822.0 0.9743660781609607
822.5 0.5493345645436665
823.0 0.8523993004132957
823.5 0.7342790313918599
824.0 0.7909040687749163
824.5 0.6373024372332505
825.0 0.8340335968817436
825.5 1.054090388136701
826.0 1.206535313148348
826.5 1.2738120195637
827.0 1.2877625336124068
827.5 0.8995148392338654
828.0 0.9375052695030223
828.5 1.2906162389211207
829.0 1.094650684307614
829.5 0.5961555981790986
830.0 0.9608350195334876
830.5 0.4818546682012929
831.0 1.314824857144007
831.5 1.1671753794072117
832.0 1.0733020991414817
832.5 1.1075946972730029
833.0 0.7771421605626101
833.5 0.7502191020720881
834.0 0.9925136229422038
834.5 0.7258793501655456
835.0 1.1587783029323935
835.5 1.3254974949985323
836.0 1.7485793112849013
836.5 1.1330805773114823
837.0 1.9438743823963403
837.5 0.7487753661292204
838.0 2.0114164193558564
838.5 1.76207487706793
839.0 1.2713028921641374
839.5 2.08649179332468
840.0 2.23991205895703
840.5 1.9926727801432316
841.0 1.9059529062823772
841.5 1.272352228892073
842.0 1.3330832792841125
842.5 0.9425259377877179
843.0 0.9343478772604705
843.5 1.4916810888330718
844.0 0.536495893723955
844.5 0.8371359713595745
845.0 1.7125842038858674
845.5 1.619674970503684
846.0 1.637839750224571
846.5 1.1341707097766576
847.0 0.9415478951631819
847.5 1.1816894030039435
848.0 1.3188028059044457
848.5 0.6512354236034654
849.0 0.9000027429748578
849.5 0.9408220646687785
850.0 0.7577002804688238
850.5 0.8499068680782819
851.0 0.5506000665510806
851.5 0.806512948961287
852.0 1.115757805713717
852.5 0.9287459222529217
853.0 0.9931160118634113
853.5 0.9323340852709696
854.0 1.1491437435934078
854.5 1.0615553612262976
855.0 1.1670291502402077
855.5 1.1659688940293227
856.0 1.1804923081089074
856.5 1.5269625731513208
857.0 1.3597383103916454
857.5 0.9214822987463764
858.0 1.5356490399544622
858.5 1.4946116580792843
859.0 1.2920201446840691
859.5 0.45272169825801256
860.0 1.0974709585298634
860.5 1.3230076303931608
861.0 0.6918124268292933
861.5 1.501542507304264
862.0 1.0600799749443843
862.5 1.3928975995576038
863.0 1.625190695863231
863.5 1.2738596762522258
864.0 1.0392201608750733
864.5 1.6250397526174212
865.0 0.5543698970768625
865.5 0.6473992102713024
866.0 1.2403083217261377
866.5 0.7410187521682516
867.0 0.9003535837138817
867.5 0.9655211811270492
868.0 0.8473695299628301
868.5 1.3924065582793805
869.0 1.078409953304033
869.5 1.4458420621640746
870.0 1.6844449362262246
870.5 1.4972984986247648
871.0 1.0949969242330198
871.5 0.7073872687293672
872.0 1.6906218360031704
872.5 1.2044597734437237
873.0 0.9559968129097591
873.5 0.6318191041739769
874.0 1.07666069484003
874.5 1.3421835242279254
875.0 1.115267700082984
875.5 1.0192619048441978
876.0 0.693000391421613
876.5 0.8049081986523275
877.0 0.7705236344844022
877.5 1.0666816125750953
878.0 0.6888143394350275
878.5 1.067839378963205
879.0 0.668472650970013
879.5 0.9918321307617755
880.0 1.1664481922340468
880.5 1.1237474375834189
881.0 0.8276481350475169
881.5 0.6021695875760115
882.0 0.9152029267242505
882.5 1.0444254707945122
883.0 0.6039558485408041
883.5 0.9179519919668843
884.0 0.5035175119046879
884.5 1.0226875853938506
885.0 0.937091620906841
885.5 0.7463464161336579
886.0 1.2756310611834079
886.5 1.2972456210268641
887.0 0.7611842098532607
887.5 0.6382989685243966
888.0 1.5147638106073296
888.5 1.5104753870092362
889.0 0.38741002393606006
889.5 1.1550371217435385
890.0 2.392570548141596
890.5 2.138494083020177
891.0 1.1625341824643716
891.5 2.022134187261098
892.0 1.7640902991337821
892.5 1.7559397698033161
893.0 1.2735719734833912
893.5 2.2523798462135467
894.0 0.6055276454233329
894.5 0.8368101052432552
895.0 1.1643758411074074
895.5 1.2002970327601064
896.0 0.5580602759675577
896.5 0.9140171009023441
897.0 0.8597582124581976
897.5 0.9135333340621714
898.0 1.1534564135034222
898.5 0.8162729775703497
899.0 0.6432854585618046
899.5 0.8422424659896336
900.0 1.0852654561237878
900.5 0.6115278622886617
901.0 0.47048007736149616
901.5 0.4293711943483578
902.0 1.1691798539748943
902.5 1.1913832032445282
903.0 0.6208935183901365
903.5 0.9142683787055756
904.0 1.4453784368715716
904.5 0.6228578353374801
905.0 0.9518218039126374
905.5 0.9860178656604126
906.0 1.1363910138736557
906.5 0.9722604783000284
907.0 0.8897104628458514
907.5 1.000234086229748
908.0 1.20831344245162
908.5 0.7816974941841033
909.0 1.1976703330937544
909.5 0.8686981129620147
910.0 1.0594863807081492
910.5 0.819213541971174
911.0 0.8471497352676354
911.5 0.8266254017480688
912.0 0.6911870194852229
912.5 0.5857573231256161
913.0 0.5389974064518842
913.5 1.0485684462684657
914.0 0.801944158585371
914.5 1.338380595331254
915.0 1.2194712238712122
915.5 1.7929271829144384
916.0 1.8787517253358101
916.5 1.8200454386918554
917.0 0.5580199054151938
917.5 1.278300558486383
918.0 2.4562165143272843
918.5 1.1089983178344058
919.0 1.2565343586311943
919.5 1.3727247292684839
920.0 2.4825557812206513
920.5 1.6311551602337957
921.0 1.9189177957967192
921.5 1.832499382653086
922.0 1.2760143980259502
922.5 1.032695615066388
923.0 1.1772567025363536
923.5 0.40295362065093054
924.0 1.6494436286326666
924.5 1.721072428908153
925.0 2.459852403479809
925.5 1.486147303437395
926.0 0.8730678309507591
926.5 0.7365822473403805
927.0 1.0412249970770793
927.5 0.8945252193516563
928.0 0.8515829433583997
928.5 0.8431409784102682
929.0 0.8752173705988575
929.5 1.7563357948387703
930.0 2.4468983548751844
930.5 1.6203922684926249
931.0 1.745342418555447
931.5 1.652792631545257
932.0 1.2535885124633563
932.5 1.5612795052561814
933.0 1.9564886432729778
933.5 1.8909400782911634
934.0 2.2070308402833225
934.5 1.4960400329711263
935.0 1.3876723346867048
935.5 1.310590630699743
936.0 1.0615116815500358
936.5 1.9598075635441206
937.0 1.747866826667241
937.5 0.8277960050276323
938.0 0.9542536726515538
938.5 0.8161168526076528
939.0 1.1949900831051334
939.5 0.6703450927944353
940.0 0.9990536713787747
940.5 0.7239808496273789
941.0 1.9699152230935366
941.5 1.838677387566409
942.0 1.3053836257731688
942.5 1.5813883615653122
943.0 0.8580342067824043
943.5 1.773807499993209
944.0 1.2162818784659666
944.5 1.898266206009565
945.0 2.0537508328939085
945.5 0.8720538336665649
946.0 1.0113446502210541
946.5 0.8586154082541703
947.0 1.3446893044248136
947.5 1.0993951290914903
948.0 1.436029214428305
948.5 1.1500421052042817
949.0 1.4198514808101472
949.5 1.1517267068172734
950.0 1.1683157714738055
950.5 1.4832349774243396
951.0 2.777623521526433
951.5 1.9105046140202715
952.0 1.2632909257767877
952.5 2.8717527868382193
953.0 1.553769488181719
953.5 0.8519935149980544
954.0 2.416894177763253
954.5 2.2230395310881623
955.0 2.2041500366918982
955.5 1.288788913320439
956.0 1.1947974370134093
956.5 1.762687535987299
957.0 1.3120232779893557
957.5 0.35545600262426424
958.0 1.445007417392302
958.5 1.5797507057604598
959.0 1.6907112230272936
959.5 1.660820858425667
960.0 1.549626350253118
960.5 0.9138557988326129
961.0 0.7063457255875868
961.5 1.0658138032802311
962.0 1.2746784482222
962.5 0.8165053560603264
963.0 1.7293023811751247
963.5 1.2495945981236667
964.0 1.067570904063574
964.5 1.4510179114640478
965.0 1.4981580186109442
965.5 1.4248638753940777
966.0 0.8905300726615888
966.5 1.3465048191605669
967.0 0.47232889172239567
967.5 1.1806091144216895
968.0 0.6551540250918119
968.5 0.9481522227809552
969.0 0.8872680674199938
969.5 1.3175790258618132
970.0 1.1809467890070566
970.5 1.6511752349871163
971.0 1.3036217630386262
971.5 1.1848860751593657
972.0 1.7577745501648296
972.5 1.1310088250974801
973.0 1.2546675069399638
973.5 1.4097302822443463
974.0 0.9338085089090562
974.5 1.0279100966824886
975.0 1.2669495351582554
975.5 0.8885801167002949
976.0 1.0620205929030204
976.5 1.000889143391359
977.0 1.5002731236910183
977.5 1.3047334456466977
978.0 1.0931596181263803
978.5 1.193840942158487
979.0 0.9969628692474324
979.5 1.2749908893730693
980.0 1.3889104243906518
980.5 1.4890638349032974
981.0 1.0117370044979097
981.5 1.4195063911439751
982.0 1.054004795567302
982.5 1.1619599847952453
983.0 0.5388133787148837
983.5 0.881739141606716
984.0 1.1919187141455807
984.5 1.0622317638941412
985.0 1.146228006263647
985.5 2.531652002056889
986.0 1.7162536937907173
986.5 2.3000821397805047
987.0 1.0321727413121085
987.5 1.8802933733529323
988.0 1.3399528788483515
988.5 1.34203765472064
989.0 0.2
989.5 2.1289812851144916
990.0 2.2164155388678832
990.5 0.5922102628085597
991.0 1.4376042769415107
991.5 0.7603298480491425
992.0 0.9390296438228316
992.5 1.3533585190830593
993.0 0.8424574424181317
993.5 0.8838959058821056
994.0 1.4087985452746588
994.5 1.388976778756774
995.0 1.6505780348253927
995.5 1.197479025135808
996.0 1.1870111972049862
996.5 1.0927627217155815
997.0 0.9505578645124879
997.5 1.1954255613473497
998.0 1.1025415665489646
998.5 1.1165692261793523
999.0 1.724325474215466
999.5 0.8116413533305489
1000.0 1.252686405918635
1000.5 1.0010804647195028
1001.0 0.9526539097495064
1001.5 1.2309194920548894
1002.0 1.1171025898640674
1002.5 0.9901952894438684
1003.0 0.6573244256078932
1003.5 0.6412728819306475
1004.0 0.8414025100157745
1004.5 0.8704730467000362
1005.0 1.0394676819332425
1005.5 1.121194681992413
1006.0 1.1386064645626428
1006.5 0.6009308380655892
1007.0 0.5910510657574666
1007.5 0.7924530494035265
1008.0 0.7942409107565759
1008.5 0.9568350832167193
1009.0 1.0361845642232168
1009.5 0.9650760350306886
1010.0 0.932894941884759
1010.5 0.6105601185425973
1011.0 1.1153115859654246
1011.5 1.0357608877569386
1012.0 0.995401007683917
1012.5 0.9818488345705638
1013.0 0.6724978813273998
1013.5 1.1299218495574144
1014.0 0.9101231119074233
1014.5 0.7916395522128798
1015.0 0.9333682148893454
1015.5 0.4984011702917136
1016.0 1.0163734560439528
1016.5 0.673738865904591
1017.0 0.7775839373297511
1017.5 1.0179825532371176
1018.0 0.8791452792739421
1018.5 1.1105098705220295
1019.0 1.1978584615999666
1019.5 0.7158396588306539
1020.0 1.0250756336638478
1020.5 0.8252157164488738
1021.0 0.6152003120256457
1021.5 0.8123186309409489
1022.0 1.252946732335257
1022.5 0.8687574240295679
1023.0 1.253392817584121
1023.5 1.2004375156880078
1024.0 0.8554912262535674
1024.5 0.6295261124520597
1025.0 0.8082353993783498
1025.5 0.9235471306732219
1026.0 0.6617372940021883
1026.5 1.0599975135563975
1027.0 1.1951944373283414
1027.5 0.948735180889789
1028.0 0.8836829655836467
1028.5 0.7150968041139345
1029.0 1.0797498948910738
1029.5 0.8698938573570132
1030.0 1.069873939816752
1030.5 0.7509215339497401
1031.0 1.9109802167565288
1031.5 1.452366648276198
1032.0 0.882281159415383
1032.5 1.5361891346471634
1033.0 1.3088253237284448
1033.5 0.6638786721911227
1034.0 0.6230988723844195
1034.5 1.3743119281596945
1035.0 1.0147053972379476
1035.5 1.0979861747975668
1036.0 1.5222830440816693
1036.5 1.512244685610444
1037.0 1.6586191986973071
1037.5 0.8655190424997149
1038.0 0.6869604664399526
1038.5 0.8306123865931067
1039.0 0.9003909977426863
1039.5 0.5948742617653193
1040.0 0.7225117013247573
1040.5 0.6397422346852915
1041.0 1.2089168162942243
1041.5 1.185741207787536
1042.0 1.8481511775713662
1042.5 0.5257053949214173
1043.0 1.2762201919271963
1043.5 1.4594080022838867
1044.0 1.6572643984862054
1044.5 1.7083093052040184
1045.0 0.941777688444388
1045.5 1.2768533751828415
1046.0 0.6236841087050834
1046.5 0.99959166569531
1047.0 1.2789675107785894
1047.5 0.9965764482612623
1048.0 1.5244810083498814
1048.5 1.1231708819194286
1049.0 1.5728167702355793
1049.5 1.6385999582696604
1050.0 0.9077394894026326
1050.5 1.5836389651631113
1051.0 1.936346722698464
1051.5 0.9742323596463706
1052.0 0.7312140093010098
1052.5 0.6425643338524963
1053.0 0.857631724922895
1053.5 0.8155828798869567
1054.0 0.7617519243181567
1054.5 0.7457161883895328
1055.0 1.35598551540325
1055.5 1.8104027699060359
1056.0 1.2255202329457888
1056.5 1.058046080674968
1057.0 0.8386743532302313
1057.5 1.0946412897715336
1058.0 1.4093498573388554
1058.5 1.5652939424549959
1059.0 1.0113705059520097
1059.5 2.0388927032476687
1060.0 0.9167566322094731
1060.5 1.6715758393151148
1061.0 1.3327943684966024
1061.5 1.9951096648790028
1062.0 1.301097289519204
1062.5 1.241492259526205
1063.0 1.680995130661736
1063.5 0.7914321249590842
1064.0 1.0408017446886104
1064.5 1.0825217144987083
1065.0 1.1187259287166307
1065.5 1.3862697177701055
1066.0 2.3390456671391315
1066.5 1.163054649577631
1067.0 0.7635454848149279
1067.5 1.3802429648463383
1068.0 0.800259189492996
1068.5 0.8668332148577438
1069.0 1.1266201164650422
1069.5 1.3440521070302767
1070.0 1.4573539976233312
1070.5 0.49049926669261157
1071.0 1.183564471379683
1071.5 1.0325099544270997
1072.0 1.1746156295114933
1072.5 1.0167068587315913
1073.0 1.2495819519750724
1073.5 1.2693081915439275
1074.0 1.0937109050526335
1074.5 0.7881103319484876
1075.0 1.2343601032743003
1075.5 1.3119602600718774
1076.0 1.2218880355849582
1076.5 1.5174272318599862
1077.0 2.447598550948391
1077.5 1.0987958739041603
1078.0 1.2067583294341755
1078.5 2.2683619150409573
1079.0 1.5842555193542918
1079.5 1.7086336026984688
1080.0 1.5961480830808816
1080.5 1.4895816799115
1081.0 1.6833359341499667
1081.5 1.199410604997792
1082.0 1.051153405438208
1082.5 1.3396538040850408
1083.0 0.967827607136733
1083.5 0.8134657354852906
1084.0 1.6662692327019941
1084.5 0.7285241847422533
1085.0 1.4961717198710707
1085.5 1.1511253505743184
1086.0 1.4973060524535473
1086.5 1.2683312886156481
1087.0 0.8995317936666725
1087.5 2.0670098639493357
1088.0 1.3509933036852386
1088.5 1.2484698531914216
1089.0 1.3301499253067144
1089.5 1.0210331217255564
1090.0 0.970071709734843
1090.5 0.5742812664151369
1091.0 1.2167662014315153
1091.5 0.6464016401810018
1092.0 0.7048296192736332
1092.5 0.9098186726490147
1093.0 0.9495770527545797
1093.5 1.2403853172556385
1094.0 1.3150729917268835
1094.5 0.7127441616945933
1095.0 1.1845516547255508
1095.5 0.9744824798963784
1096.0 1.2982189773351305
1096.5 1.5438464802381202
1097.0 1.0014724753472553
1097.5 0.8738027890245259
1098.0 1.0248883021549766
1098.5 1.1136879743311627
1099.0 1.1423174282858293
1099.5 1.1415667527291395
1100.0 1.0390437920622757
1100.5 1.0821322321824205
1101.0 1.1113657313906322
1101.5 1.5470227605719216
1102.0 2.1779532550776626
1102.5 1.01840164503852
1103.0 1.387452108736472
1103.5 1.880875042250781
1104.0 2.311091709926007
1104.5 2.2883873873829232
1105.0 1.5942620861622012
1105.5 1.4966366973701293
1106.0 1.5909766571559245
1106.5 1.7336510158880185
1107.0 0.592334634509206
1107.5 1.5896126309317848
1108.0 2.186812041626084
1108.5 1.971945119849445
1109.0 1.575089739717289
1109.5 1.1528200074413268
1110.0 1.4432508093527876
1110.5 1.6921448696033146
1111.0 1.936913223758466
1111.5 1.8288418786436722
1112.0 1.3513359507230778
1112.5 1.6409284941435627
1113.0 1.4922851459656024
1113.5 0.605636714312831
1114.0 1.0776814516184539
1114.5 2.1342171460198047
1115.0 1.8390976310691696
1115.5 1.5614380687000187
1116.0 0.225417555115756
1116.5 1.9351017882021853
1117.0 2.046883433275964
1117.5 1.7296891088576638
1118.0 1.8910849213579497
1118.5 2.5526741585607367
1119.0 0.646583947242774
1119.5 1.324522202995436
1120.0 2.304389824733356
1120.5 1.8451849893749954
1121.0 1.858460664640697
1121.5 1.3503290059396895
1122.0 2.653021552848828
1122.5 0.9191250750682866
1123.0 1.1096215259226347
1123.5 1.0987368009329326
1124.0 0.9806015003730619
1124.5 1.914681566224486
1125.0 1.23432652566628
1125.5 1.2787808866782284
1126.0 1.4387875073525538
1126.5 1.113807577271901
1127.0 2.3851591531583587
1127.5 1.276360843983695
1128.0 1.9788945463716208
1128.5 1.2237933269556103
1129.0 1.2697100170642033
1129.5 0.959231376707342
1130.0 1.263734110149934
1130.5 1.2388072979666613
1131.0 2.5820029358038683
1131.5 2.466256626766449
1132.0 1.7911766465706962
1132.5 0.7396746765421811
1133.0 1.1409947846212685
1133.5 0.8664676549983097
1134.0 1.9572279286540442
1134.5 1.3124041530584707
1135.0 2.338700005919513
1135.5 1.019753416879933
1136.0 1.3489805973368139
1136.5 0.7955127553335536
1137.0 1.2789893684569404
1137.5 0.8304519361166333
1138.0 0.7543110887267603
1138.5 1.0838354023476362
1139.0 0.6723671732006882
1139.5 1.1077984548346609
1140.0 1.152277819812205
1140.5 0.6640098852380767
1141.0 0.9300159130391312
1141.5 1.5404617789537753
1142.0 1.128749806340409
1142.5 1.2711160722259638
1143.0 1.9256919048204502
1143.5 0.9387213196004591
1144.0 1.0984608343114017
1144.5 1.4104344129159514
1145.0 1.066617092854775
1145.5 1.405603046718238
1146.0 1.8413029608356442
1146.5 1.1751138727209776
1147.0 0.5998772457456227
1147.5 0.8539798893482814
1148.0 0.9368663998056195
1148.5 1.4640562898688296
1149.0 1.2075620001478355
1149.5 1.7765044221066963
1150.0 0.8144241884718213
1150.5 1.5333859467946644
1151.0 1.000474540811847
1151.5 0.9103407761531163
1152.0 0.7412441470768343
1152.5 0.8395213186198637
1153.0 0.7238381870271934
1153.5 0.35413189068277195
1154.0 0.9765564544859175
1154.5 0.9403826832330529
1155.0 1.1400261345431761
1155.5 1.1015978954780627
1156.0 0.8683725206510118
1156.5 0.881176281846438
1157.0 0.8377286337451872
1157.5 0.7791259916404387
1158.0 0.7570619796741691
1158.5 0.8354754616296669
1159.0 1.0994960341235234
1159.5 0.9619036125318932
1160.0 0.9851750641862034
1160.5 0.43333189737769884
1161.0 0.9316004784608338
1161.5 0.715623128222058
1162.0 1.0559966210160434
1162.5 0.992156622269726
1163.0 1.069916590393755
1163.5 1.1213567712879424
1164.0 0.46559166815050945
1164.5 0.8361734105349223
1165.0 1.2364967883581646
1165.5 0.753799392032237
1166.0 1.1178083927535079
1166.5 2.530947676639335
1167.0 1.3302666465391724
1167.5 1.0616355278191145
1168.0 0.8456061799619796
1168.5 1.0922702576063377
1169.0 0.693724581677756
1169.5 1.5136039421604717
1170.0 1.3354884951886072
1170.5 1.8742827391208143
1171.0 1.4934803340137335
1171.5 0.7534707154243455
1172.0 0.8397039239740702
1172.5 1.2736978186573875
1173.0 0.6956135058197332
1173.5 0.519729404393954
1174.0 1.4571952659914276
1174.5 1.292611904404627
1175.0 1.4365386058985345
1175.5 1.3237185819519461
1176.0 1.0959774130326017
1176.5 0.8600641897374861
1177.0 1.6302398099885769
1177.5 0.5940942597057514
1178.0 0.8414414509479069
1178.5 1.0720489929170256
1179.0 0.8281852190914663
1179.5 0.6715080112401912
1180.0 1.1157926589565985
1180.5 1.4167101303728433
1181.0 1.4374635588902733
1181.5 0.8831128055434095
1182.0 1.1474210210603615
1182.5 1.1470081902690918
1183.0 0.5054784294719046
1183.5 1.6850829597166137
1184.0 0.9259047156080563
1184.5 1.2978616496499105
1185.0 1.012007067525361
1185.5 1.1944974935553683
1186.0 1.152909134981996
1186.5 0.3154389295414748
1187.0 0.9402336634228854
1187.5 1.5045195395863344
1188.0 0.7264930351167611
1188.5 0.6322249399506257
1189.0 1.381634290348944
1189.5 1.0521021916126483
1190.0 0.5497975440161735
1190.5 0.9650849553658549
1191.0 1.1584226335871637
1191.5 1.2649424831153964
1192.0 1.2131399079461944
1192.5 0.6724858203954276
1193.0 1.7062999514547554
1193.5 1.2950721399231075
1194.0 1.4670236798287097
1194.5 0.6770822488900416
1195.0 1.233322962346774
1195.5 0.9620873789543286
1196.0 1.166327984800768
1196.5 1.1267970434853893
1197.0 1.209652329658311
1197.5 0.8926566053816429
1198.0 1.3243338852899962
1198.5 1.5714836598661504
1199.0 0.9279624689870163
1199.5 0.6585916398724349
1200.0 1.1371150333463385
1200.5 1.1286054138038806
1201.0 1.2245894287960657
1201.5 1.000810623412602
1202.0 1.0849192057500612
1202.5 1.334309794473021
1203.0 0.9303331488834299
1203.5 1.449634114253295
1204.0 1.0156942017971395
1204.5 1.0308920269118547
1205.0 1.4965338838012192
1205.5 2.1774035228327886
1206.0 2.0222368611882358
1206.5 0.5584449251566196
1207.0 0.8639232438395736
1207.5 1.2090583745151187
1208.0 1.0882079370790818
1208.5 0.8489625213588017
1209.0 1.2893884088115917
1209.5 2.352823194309887
1210.0 1.8484972038413707
1210.5 2.272518081823134
1211.0 2.744563285678632
1211.5 2.353927258978554
1212.0 1.5567656790130573
1212.5 1.2202956288982492
1213.0 1.8205932748807458
1213.5 1.722106751516309
1214.0 1.0712079859820691
1214.5 1.2131760451829172
1215.0 1.0711282581377657
1215.5 0.7751595317896152
1216.0 2.4996599256920096
1216.5 2.1131570299355134
1217.0 0.6502190910737261
1217.5 1.3875705472644513
1218.0 1.6058632854592974
1218.5 2.0579901759969914
1219.0 1.339119661684029
1219.5 0.766939497758845
1220.0 0.991966193374052
1220.5 1.8823946086939802
1221.0 1.2261655756951437
1221.5 1.5670169410425536
1222.0 0.2
1222.5 1.120153633553659
1223.0 0.9170404967406347
1223.5 1.079319397723975
1224.0 0.5589514656698954
1224.5 0.7841715660071
1225.0 0.7808876800797044
1225.5 1.0759521799564098
1226.0 0.8401235695770553
1226.5 1.3316922100115705
1227.0 0.947353340803698
1227.5 1.2344870587404286
1228.0 1.4516447527678311
1228.5 0.8596721528399
1229.0 0.6410099896619541
1229.5 0.710067700412448
1230.0 0.8350249108377165
1230.5 0.8375649661906267
1231.0 0.7411830110951843
1231.5 0.6577815067855939
1232.0 1.2161528725370006
1232.5 0.5934101550610048
1233.0 0.8256225300757574
1233.5 0.6563855581496008
1234.0 1.1994986463453379
1234.5 1.1821346738216043
1235.0 0.8058333238951507
1235.5 1.7024384525104448
1236.0 0.849665439651338
1236.5 0.9424409943283518
1237.0 0.5859478960155994
1237.5 0.7754534989471387
1238.0 0.7284744261997209
1238.5 0.6723036239800162
1239.0 0.8845673090963986
1239.5 1.4754374869107938
1240.0 1.154265195307332
1240.5 1.7060189121860065
1241.0 1.4316920124498584
1241.5 1.218980952761679
1242.0 1.8957928785213465
1242.5 1.4968464996514173
1243.0 1.3036554044823112
1243.5 1.4912492217703877
1244.0 1.6981220932981835
1244.5 0.754460763742629
1245.0 0.7821014329584982
1245.5 0.6113076286911089
1246.0 1.1604170269642504
1246.5 0.9496927262697278
1247.0 0.952290811288178
1247.5 0.7412648890866953
1248.0 0.8125736160569496
1248.5 0.654152264032824
1249.0 0.5919719856554868
1249.5 1.000809035598288
1250.0 1.0091022221828498
1250.5 0.8731887412684524
1251.0 0.6369996463457885
1251.5 0.40590521057608103
1252.0 0.9329773934637684
1252.5 0.6580305801136535
1253.0 0.6963536217075983
1253.5 0.7287230609616562
1254.0 0.560631027213643
1254.5 1.0178243763026837
1255.0 1.1262152340062532
1255.5 0.4098484989512726
1256.0 0.9753832430774851
1256.5 0.5705509312027037
1257.0 0.6958554314803659
1257.5 0.6496306782110457
1258.0 0.8956291268593771
1258.5 0.8354476445069161
1259.0 0.819104099820354
1259.5 1.4052940968229968
1260.0 1.4284888185754734
1260.5 1.5438633193315987
1261.0 2.0187337828997727
1261.5 0.7974552443866061
1262.0 1.3090130398273256
1262.5 1.312291028037856
1263.0 1.4206482232592565
1263.5 1.2540098498948926
1264.0 0.8124926423419895
1264.5 1.3830781196507003
1265.0 0.33866376275397714
1265.5 1.5563649546382217
1266.0 1.659932803506242
1266.5 1.0618040887310056
1267.0 0.9872362745532992
1267.5 0.6020883675811532
1268.0 0.7350137066299154
1268.5 0.6303913619384269
1269.0 0.6264260831811883
1269.5 0.8582630584037463
1270.0 0.8456991476507867
1270.5 0.6019433371528937
1271.0 0.7293160794838136
1271.5 0.8948421206625603
1272.0 0.7721460803974893
1272.5 0.6724910215124111
1273.0 0.7822819134918941
1273.5 0.8631501597426343
1274.0 0.5987359448162644
1274.5 0.9412837627730237
1275.0 1.0292636860383997
1275.5 1.0350807962420951
1276.0 1.0993761325312632
1276.5 0.9401924260137345
1277.0 0.545202293260475
1277.5 0.8579267368204734
1278.0 0.7809011148842353
1278.5 1.1541091916883128
1279.0 1.1702373244133002
1279.5 1.2603090394536063
1280.0 1.5149228231792193
1280.5 1.1660915543856953
1281.0 0.5825820796427262
1281.5 0.8228850785272088
1282.0 0.5940264375253128
1282.5 0.6914683473845136
1283.0 0.9162103130218268
1283.5 0.7719747202785572
1284.0 0.9071021092847353
1284.5 0.4853024290241106
1285.0 0.7429482190569179
1285.5 1.5424111894514325
1286.0 0.7488416781844112
1286.5 0.7383150408154828
1287.0 1.2348752976113313
1287.5 1.2374271039520885
1288.0 1.4353600415307675
1288.5 1.2269420933297304
1289.0 0.9786632277186287
1289.5 0.9099760963840859
1290.0 1.2483927314921863
1290.5 0.867882250848574
1291.0 0.7504872646071514
1291.5 0.716502964797868
1292.0 0.8006436829462482
1292.5 0.6529146493803986
1293.0 0.6805926067609265
1293.5 0.5657218498802954
1294.0 0.6835445606406758
1294.5 0.8843276529248703
1295.0 0.6702730711311982
1295.5 0.725538970572783
1296.0 0.5579301534531094
1296.5 0.6055690594375236
1297.0 0.4440448403288838
1297.5 0.7620947586831626
1298.0 0.7314000594465
1298.5 0.7269457450495851
1299.0 0.8503531998591458
1299.5 0.6028156389025836
1300.0 0.7686321485064187
1300.5 2.014032620474054
1301.0 1.6377530243717848
1301.5 2.0246909259722097
1302.0 1.4398804517030162
1302.5 1.3824145136130461
1303.0 2.4283100832151705
1303.5 1.123737912508738
1304.0 2.4744911833271446
1304.5 1.7245800974686274
1305.0 1.0426291644624228
1305.5 1.2058671817453117
1306.0 1.0769882312228203
1306.5 1.345989171505682
1307.0 1.619632950113266
1307.5 1.268860838507739
1308.0 0.42140199512220244
1308.5 1.3240132887282887
1309.0 1.092231566435701
1309.5 0.981153439613353
1310.0 1.247867293740138
1310.5 1.0099108461882986
1311.0 0.9840972246065075
1311.5 1.135930533100891
1312.0 1.0795192127831754
1312.5 0.8030736743883307
1313.0 0.559207314437666
1313.5 1.2799999842192267
1314.0 0.7028064832408865
1314.5 1.0370697612645614
1315.0 1.0968684197114809
1315.5 0.7597991469012719
1316.0 0.936425647192592
1316.5 1.0830661839926286
1317.0 0.828236199086379
1317.5 1.3202300867984604
1318.0 0.4754252266177219
1318.5 0.9413890225362612
1319.0 1.1649366313635148
1319.5 1.1403308384002213
1320.0 0.784966426255675
1320.5 0.793445645007328
1321.0 1.160962368479721
1321.5 0.6260665950346262
1322.0 0.9265035893997258
1322.5 1.265838782201591
1323.0 0.8018926601139016
1323.5 1.6714631736710892
1324.0 1.9144177557277384
1324.5 1.8456454630772148
1325.0 1.8759926320799452
1325.5 2.2236304958413178
1326.0 1.4922527462745705
1326.5 0.861367984588829
1327.0 0.874923460964214
1327.5 0.7980094430502871
1328.0 1.0964147909439184
1328.5 0.851714750615389
1329.0 0.691453560514658
1329.5 0.9037454813965635
1330.0 0.7824862650088044
1330.5 1.0565820626313362
1331.0 1.107553865384177
1331.5 0.7425416806149148
1332.0 0.7484222065117417
1332.5 0.8433127190864205
1333.0 1.1832352355139042
1333.5 1.6430755316531367
1334.0 1.1193752563230925
1334.5 1.3348315914189255
1335.0 1.9904342546872766
1335.5 2.2979675476963126
1336.0 1.2985621526802815
1336.5 1.063001138816233
1337.0 0.6404473349493403
1337.5 0.9606259524462855
1338.0 0.8143946241928632
1338.5 2.712778042427839
1339.0 1.854759317409274
1339.5 2.0801067688452046
1340.0 2.4038119225762387
1340.5 1.7133777053030854
1341.0 1.2529711220845168
1341.5 1.22980098002788
1342.0 1.6916896715236969
1342.5 0.8374225482506369
1343.0 1.5564820876513668
1343.5 2.044905844256964
1344.0 2.085039195070155
1344.5 2.165573749542458
1345.0 1.6999850784976887
1345.5 1.8436887677464897
1346.0 1.6902268840348538
1346.5 2.1093054763302934
1347.0 1.919827408245981
1347.5 2.261936646956355
1348.0 1.196570806318352
1348.5 2.4722762535413856
1349.0 1.7943279619439798
1349.5 1.5155871900948163
1350.0 1.244115782467696
1350.5 1.939628127585989
1351.0 1.3266012137998209
1351.5 0.2
1352.0 1.682333070063716
1352.5 2.0633514963057773
1353.0 0.9855585071885274
1353.5 0.9587596147932912
1354.0 0.7767704737578001
1354.5 1.792004893448789
1355.0 1.847371980823222
1355.5 0.913782707315834
1356.0 2.4188184398274313
1356.5 0.7677457786537197
1357.0 1.8776272295784513
1357.5 2.0048575463285996
1358.0 2.397034371472061
1358.5 1.2712713185458753
1359.0 1.5440627168968284
1359.5 1.722574160084474
1360.0 0.28794667176637323
1360.5 0.7674283745443268
1361.0 1.6151465321275236
1361.5 1.8815071600697433
1362.0 1.3935598972361447
1362.5 0.2
1363.0 2.193395557955956
1363.5 0.8794688452977598
1364.0 1.5207435837964043
1364.5 2.0477900616059177
1365.0 1.47699173309145
1365.5 2.29957516201578
1366.0 1.5271661126377059
1366.5 1.6688541851785548
1367.0 1.8537986074438062
1367.5 1.7008193997347587
1368.0 0.5522660835174
1368.5 1.1400830003031501
1369.0 1.869646843685903
1369.5 2.3165468985805324
1370.0 1.5275441123114373
1370.5 1.0657734761044655
1371.0 1.7885747205689997
1371.5 1.1048218757483348
1372.0 1.6449009038924123
1372.5 1.0096145592224017
1373.0 2.512781175651113
1373.5 2.1109565746261714
1374.0 1.4923396211406597
1374.5 2.5620525060011965
1375.0 1.0737771151980904
1375.5 1.2895442013363787
1376.0 0.773939801710186
1376.5 0.8820428002293119
1377.0 0.8591050936828808
1377.5 0.9049227362749173
1378.0 1.1419527170846586
1378.5 0.8404448572365231
1379.0 1.1481988851043834
1379.5 1.7557593918329997
1380.0 1.6359638560811995
1380.5 1.1977702181140417
1381.0 1.8491446602776134
1381.5 1.4563429672413375
1382.0 1.0816558608413027
1382.5 0.8673919923131957
1383.0 0.6918779764655147
1383.5 1.7618772996671792
1384.0 0.9137196465508974
1384.5 1.4203933922408316
1385.0 1.3262960573821772
1385.5 1.5134073321399086
1386.0 1.3348242588405244
1386.5 1.74857728839386
1387.0 2.2356567880136358
1387.5 3.3512235964231016
1388.0 1.9427377833984574
1388.5 1.5022576639489442
1389.0 2.1355824400365875
1389.5 2.2644012215740434
1390.0 2.178176011554715
1390.5 1.3657192410120205
1391.0 1.3838976296744443
1391.5 1.5620563805807595
1392.0 1.8620323081567203
1392.5 0.4757854421932117
1393.0 1.0283086716082148
1393.5 1.5530910878206752
1394.0 2.0394865083227853
1394.5 1.1181740905757156
1395.0 0.6787417941012124
1395.5 2.518763883751906
1396.0 2.090127622073647
1396.5 1.8324248789876898
1397.0 1.71941849426545
1397.5 1.6888432861018319
1398.0 2.018018421170022
1398.5 1.2323717284630749
1399.0 1.7381135809873962
1399.5 1.9951296858418117
1400.0 0.6841033390305664
1400.5 2.8012804890714453
1401.0 2.5789511046704083
1401.5 2.60758566029986
1402.0 1.6001649714084674
1402.5 0.9929560955845673
1403.0 0.6848611204597936
1403.5 2.007274994312356
1404.0 2.0846836475585944
1404.5 1.4238765052802445
1405.0 1.2111792208110046
1405.5 1.3153393425066486
1406.0 2.315496913081691
1406.5 1.7432453646876418
1407.0 1.0632756847987255
1407.5 1.0939785416149224
1408.0 2.040516743282451
1408.5 2.3607649369665107
1409.0 2.22997833449422
1409.5 1.2820634755331821
1410.0 1.2918203161691397
1410.5 2.7223005951241017
1411.0 2.504854366496301
1411.5 1.5846035818319908
1412.0 0.8537177321615081
1412.5 1.5486607989068273
1413.0 1.3847857783090363
1413.5 1.101160331612782
1414.0 1.525330370607286
1414.5 1.7960724691595384
1415.0 0.737283052315032
1415.5 1.6922405182231866
1416.0 1.4736823781430677
1416.5 1.6729577199299128
1417.0 0.8365283865934796
1417.5 0.7529723366340794
1418.0 1.5634527376714562
1418.5 1.0400588523309708
1419.0 1.1575119279994
1419.5 1.0441726036852983
1420.0 1.8283440472273476
1420.5 1.3555275177105686
1421.0 1.505584582417947
1421.5 2.0073810336855225
1422.0 1.0909624178867745
1422.5 1.037613455691916
1423.0 1.653482856375449
1423.5 1.168894857010074
1424.0 1.925911888195999
1424.5 1.0866238532782886
1425.0 1.23478517188604
1425.5 1.4853579452538832
1426.0 1.3330727277808765
1426.5 1.7615827000323154
1427.0 1.6833463572392269
1427.5 1.2908736730207606
1428.0 1.483949899393779
1428.5 0.6736423411207074
1429.0 0.2
1429.5 1.0435104854962851
1430.0 1.7157403170375614
1430.5 1.1083309529956762
1431.0 1.0337893972395749
1431.5 1.3653642973233453
1432.0 0.979188869226725
1432.5 0.8192065133301365
1433.0 0.7868743774572262
1433.5 1.7235462906535681
1434.0 0.5460695817191396
1434.5 1.3036957411401773
1435.0 2.054214275436695
1435.5 1.6685860718439416
1436.0 0.6675070850120353
1436.5 1.2456400077479484
1437.0 2.0058183673710626
1437.5 1.8739049001663195
1438.0 2.312872022149783
1438.5 1.229471708042275
1439.0 0.3668905309334496
