0 1.5879712683598908
0.5 1.0820764295015404
1.0 0.9121252625482245
1.5 1.3301532955505526
2.0 1.1875220866269545
2.5 1.0258099100372688
3.0 1.1963700577982022
3.5 0.8655853500563258
4.0 1.1946194500540332
4.5 0.718848058114461
5.0 1.127798593282959
5.5 1.0195777540266522
6.0 1.2925297356176577
6.5 0.9877248649047702
7.0 1.2031404561233772
7.5 1.6103750352352555
8.0 1.0768157245072256
8.5 1.3188982993937381
9.0 0.9196129275905738
9.5 1.1105692451853353
10.0 0.8852406537715128
10.5 0.7613947825762631
11.0 0.6668440041882685
11.5 0.8658741832076612
12.0 0.8875133467771625
12.5 0.692941263326462
13.0 0.9982186614696142
13.5 0.49313233472370427
14.0 0.7091308461230352
14.5 0.9734747070504017
15.0 0.42009519871337114
15.5 0.6284766299204432
16.0 1.325671743732487
16.5 0.6225219703660085
17.0 1.045582003155526
17.5 0.7202955008311831
18.0 0.8729852023600648
18.5 1.0222269340244747
19.0 0.6314681407026752
19.5 0.9338150751343601
20.0 1.0128138272302614
20.5 1.069679065490583
21.0 0.8592424434014003
21.5 0.6596959160353075
22.0 0.6923241940437153
22.5 0.8657487578046967
23.0 0.7834515761582381
23.5 0.7625990062900128
24.0 0.5838848704312043
24.5 0.7202931683972722
25.0 1.5371417494026933
25.5 1.9463344999624885
26.0 2.670090256720645
26.5 0.49043156543696864
27.0 1.6390617889924912
27.5 1.1652808547125377
28.0 1.0250287041492423
28.5 1.3379704131975618
29.0 1.1944689228770473
29.5 0.9806325665485911
30.0 1.2037366088295642
30.5 0.8914814304921659
31.0 1.676130613788774
31.5 1.4933457175864526
32.0 1.2199064879432306
32.5 1.2412196874468697
33.0 1.117994125569279
33.5 1.0605571279656858
34.0 0.9724579047859456
34.5 1.4328566469751771
35.0 1.5874540753284128
35.5 1.7675804644826518
36.0 0.4788774732494654
36.5 1.0659731306052063
37.0 0.2
37.5 1.7187803315834203
38.0 1.066599436847643
38.5 1.3932791338120398
39.0 1.2286186073850083
39.5 0.7044249605747572
40.0 0.80020895137105
40.5 1.2766238441254676
41.0 1.1673807266661733
41.5 1.0299920711210768
42.0 0.6781539476385867
42.5 0.5149424703181595
43.0 0.8894416357310954
43.5 0.9096708312331361
44.0 0.9088118390008318
44.5 0.9761172964601926
45.0 0.6899617726178714
45.5 0.9781237725985152
46.0 1.5541570694434481
46.5 1.017435028477151
47.0 1.2930180634171176
47.5 1.9567027705369853
48.0 0.2
48.5 1.8398929300995495
49.0 2.2726697032680487
49.5 0.8249066149465879
50.0 1.1688568332415774
50.5 1.3188200742599447
51.0 1.1374693311384756
51.5 1.156490333478412
52.0 1.9139680296701227
52.5 1.064077974598586
53.0 1.1426451033798293
53.5 1.9526664268754923
54.0 0.885426025104772
54.5 1.5418438447934282
55.0 2.105473023442555
55.5 0.7910811424936821
56.0 0.9437592386467066
56.5 0.3073048385526225
57.0 1.22380168159293
57.5 1.692541046023379
58.0 1.4366731052508734
58.5 1.7078242591177932
59.0 1.275099479785233
59.5 1.6374143510499521
60.0 1.5645946610075911
60.5 1.9255240149658674
61.0 2.051829524053562
61.5 0.7409409900610017
62.0 0.9559275612096141
62.5 0.9739991271563433
63.0 1.5573495062010316
63.5 1.108080618787184
64.0 1.2393257048005748
64.5 1.6570477137696709
65.0 0.33369000205396593
65.5 2.16727005688826
66.0 2.0040806672459026
66.5 1.1912851231761257
67.0 1.217734264386066
67.5 1.2066713116626566
68.0 1.7310206587701278
68.5 1.5834060011926177
69.0 0.3498645975770598
69.5 1.446907412866032
70.0 1.828956738686229
70.5 1.5757715446625244
71.0 0.4332525309073849
71.5 1.500813385691517
72.0 1.4275738903775994
72.5 0.691019246393132
73.0 0.9952302272480813
73.5 0.8431782510174779
74.0 1.325537773473529
74.5 1.2170620212986183
75.0 1.1203798786211943
75.5 0.7791230307601775
76.0 0.9846572812036256
76.5 0.7922102742138604
77.0 1.0514115438814675
77.5 0.834352399258617
78.0 0.9048914556351091
78.5 0.6181453945538017
79.0 0.7800014569493636
79.5 0.9436931896453855
80.0 1.1877134471531965
80.5 1.6733581732110907
81.0 1.816550846669173
81.5 0.7616250424555954
82.0 1.1826745832751375
82.5 1.3711066888227075
83.0 0.37882735673873047
83.5 2.037795581465981
84.0 1.7467863539752124
84.5 1.9769945986960393
85.0 1.1536399985819241
85.5 1.1252648277043051
86.0 2.6552920909836866
86.5 0.9269848037413703
87.0 1.414509125788224
87.5 0.440425336145873
88.0 1.3931814261966429
88.5 1.4519923365360703
89.0 1.6393731431458782
89.5 1.897868955130696
90.0 2.5527805347891595
90.5 1.6973485997492261
91.0 1.3951990565907244
91.5 0.6877746651191737
92.0 0.3427841403067218
92.5 1.920114451281878
93.0 1.478117123696446
93.5 1.1211040664602443
94.0 1.267897472111374
94.5 1.5395319572798318
95.0 1.5559798280345727
95.5 1.9116095090473382
96.0 0.7266941547365361
96.5 1.1533816926980003
97.0 1.4798711106812381
97.5 2.962050968210997
98.0 1.7953129987036098
98.5 1.1105961006873155
99.0 0.9211657869904445
99.5 2.2075032073768135
100.0 0.8444342944235688
100.5 2.091116395002395
101.0 1.9571282707703006
101.5 1.4414725513571356
102.0 1.6247020849462668
102.5 1.5772136521270526
103.0 1.144628400572905
103.5 2.0401760515021157
104.0 2.6271227373995636
104.5 1.1965767176517748
105.0 0.9474096868728344
105.5 1.0971369979683154
106.0 0.7269235028446576
106.5 1.0005775665912242
107.0 1.381187193005494
107.5 0.7768398719959579
108.0 0.9572600903937774
108.5 0.9572070994998128
109.0 0.6090841661141608
109.5 1.3547177717396308
110.0 0.9722224924213181
110.5 0.9725810862496043
111.0 1.3437897116276152
111.5 0.8423678329361911
112.0 1.5593330239621555
112.5 1.3689514483452263
113.0 1.142908923457914
113.5 0.8788521785763905
114.0 0.7791503915269375
114.5 1.6390748920035465
115.0 1.7915880492638525
115.5 1.795966684760148
116.0 1.7372454967368376
116.5 0.9282441876420081
117.0 1.552287797748
117.5 1.8806393821884329
118.0 1.0624155082502766
118.5 2.33613805432351
119.0 1.5559279905222265
119.5 1.3839446905958868
120.0 1.0268424920172299
120.5 1.9441532801034787
121.0 1.1482871984213014
121.5 1.2375803763633997
122.0 1.6790685655795754
122.5 1.6074193150485105
123.0 1.0409435366427433
123.5 0.8313674584229063
124.0 0.6366650988885121
124.5 0.7597707276284842
125.0 1.0461494332792027
125.5 0.80832039362427
126.0 0.7213582007717632
126.5 1.8728334065552843
127.0 1.1968870394793107
127.5 2.2599508856317225
128.0 1.8125016727173073
128.5 2.2134438795661726
129.0 1.1711390614845922
129.5 1.7779860419605567
130.0 1.7922940955796363
130.5 1.310713055946949
131.0 0.43567674048168603
131.5 1.5604738157993125
132.0 1.5343223525924528
132.5 0.6746037324992975
133.0 1.0322590101093367
133.5 0.6505419765244727
134.0 1.7155296748620592
134.5 1.3109405935311775
135.0 1.2614639633844824
135.5 1.844217705811994
136.0 1.4812318887627889
136.5 1.4804727294273938
137.0 2.464621600144013
137.5 1.5218567076349916
138.0 1.3589551723261604
138.5 1.574479936472081
139.0 2.7808673244675037
139.5 1.3492287128420148
140.0 1.025785983597285
140.5 1.7166629479244135
141.0 1.5654043352903522
141.5 1.868126009334249
142.0 1.0511913657878642
142.5 0.8994558942843804
143.0 1.1534501039228422
143.5 1.1575495398224016
144.0 1.066118706884657
144.5 0.9826790965703077
145.0 0.7861669175706382
145.5 1.471069557310858
146.0 2.6601905030715596
146.5 1.9224136557137603
147.0 2.078942023913089
147.5 1.5784089456392638
148.0 2.021910243426726
148.5 2.6280203396206483
149.0 1.201596906290635
149.5 1.7047338086828767
150.0 0.9092498699461824
150.5 0.7465323786659273
151.0 0.93666233713066
151.5 0.9503850610725186
152.0 1.188136460254956
152.5 0.5539044302963727
153.0 1.1800729954411011
153.5 1.5565464379312686
154.0 1.246106839095487
154.5 0.9428037445820555
155.0 0.9448485422976796
155.5 0.5968251720955134
156.0 1.112031154877438
156.5 0.8902046611718384
157.0 1.010622658004643
157.5 1.0096244215671235
158.0 0.7325308259792938
158.5 0.8899598272735798
159.0 0.8095551276628767
159.5 0.8234209875950333
160.0 0.7689086265701257
160.5 0.7717834990403498
161.0 0.7893739665043037
161.5 0.9188218450669347
162.0 1.1294250263094443
162.5 1.1380420779016647
163.0 0.7356760337048327
163.5 1.0587458110527952
164.0 0.8762099931281784
164.5 0.9883826907648043
165.0 0.7031967707351539
165.5 0.9326261902033796
166.0 1.093338956000233
166.5 1.2973857401667699
167.0 1.1886547524532565
167.5 1.1292320320562659
168.0 1.2458262809105782
168.5 0.8137792267509909
169.0 0.2075549444880001
169.5 0.5427601641990385
170.0 0.9629341088973287
170.5 1.3648200322214015
171.0 1.5565736690201328
171.5 2.3038712982746423
172.0 1.5535374279797964
172.5 1.0716020984698162
173.0 0.9318668790166414
173.5 1.5532675761337047
174.0 1.5920014557344522
174.5 0.9537597524283977
175.0 1.710219016969261
175.5 1.250219335947032
176.0 2.3451357292690744
176.5 0.7868681741704094
177.0 0.9994351598370578
177.5 1.3676484253771344
178.0 1.0429489139915344
178.5 1.079090408945639
179.0 0.7153858341177741
179.5 1.1952798165101655
180.0 0.6540309584521329
180.5 1.0242650061804053
181.0 1.4694627204066137
181.5 0.7008990895487442
182.0 0.815931298692867
182.5 1.038149863762944
183.0 1.0314245570841636
183.5 1.154185254639041
184.0 1.1098811907986665
184.5 1.388190027665443
185.0 0.8110387286907639
185.5 0.8201089026243605
186.0 1.0867258027856375
186.5 1.298636467693489
187.0 1.1797849354557743
187.5 0.7285194264535207
188.0 1.580145399670798
188.5 1.373688821441704
189.0 1.4608611980833728
189.5 1.2500971903980989
190.0 1.7843761060590453
190.5 0.43391499426723623
191.0 1.2060873397540484
191.5 1.1582577533702736
192.0 0.9003129198303759
192.5 0.9944031789280077
193.0 0.52224509165676
193.5 0.7477383614028572
194.0 0.7129037160248967
194.5 0.8707680823644844
195.0 0.7686756351681536
195.5 1.0021974073382345
196.0 0.9665947574046183
196.5 0.42271171871892843
197.0 1.2121557509119654
197.5 1.1172941335149769
198.0 1.4948461672661544
198.5 0.9213544619223565
199.0 1.1782194122079137
199.5 1.1587908242822185
200.0 0.8144125710699324
200.5 2.238345218811098
201.0 1.2982437632797001
201.5 0.9593584440640487
202.0 2.390375246488829
202.5 1.9446276549892678
203.0 2.0280040399624233
203.5 0.8245550235734197
204.0 2.582490338010984
204.5 1.3262528130210456
205.0 1.0607746659399637
205.5 1.2685787287530261
206.0 1.6460770477356912
206.5 1.4985112614538298
207.0 0.8895588791501136
207.5 0.8641295686887919
208.0 0.5521623717503927
208.5 0.8271539585538079
209.0 1.1268088337408797
209.5 0.5670376010573763
210.0 0.7147896162512539
210.5 0.8959825937699545
211.0 0.9153713325353796
211.5 0.7233677159669823
212.0 0.5984206649288657
212.5 0.6719715269457568
213.0 0.7283247973417128
213.5 0.8825815003173605
214.0 0.6780106168406501
214.5 1.2146504140485164
215.0 0.961643530519047
215.5 1.096466739529312
216.0 0.5227526875627444
216.5 0.8393092231893853
217.0 1.1607538559450572
217.5 1.3219742980562406
218.0 1.0433497105032448
218.5 0.9659037949568149
219.0 0.6836264323740755
219.5 0.8774192496280164
220.0 1.0411747933285134
220.5 1.184019675958865
221.0 1.0870194368265804
221.5 1.0068829255263538
222.0 0.9506070789642581
222.5 1.2987521193060454
223.0 0.7732447626513519
223.5 0.8018881268582744
224.0 1.2730207478264632
224.5 1.1200566841047284
225.0 0.8310930500101901
225.5 1.4670837339484293
226.0 0.9147832987143296
226.5 0.7506863218322156
227.0 1.329168970800863
227.5 0.6862817596054009
228.0 1.2959807329798045
228.5 0.9211329858111134
229.0 1.2434342961050808
229.5 1.9441478563203218
230.0 1.150930127007995
230.5 1.44146517765267
231.0 2.3011103809150755
231.5 0.911187337327014
232.0 0.8576526579260195
232.5 0.6199288501289735
233.0 0.7421856163265304
233.5 0.9323362726280282
234.0 0.679510911194013
234.5 1.102303899543126
235.0 0.6005451152278336
235.5 1.147001068917509
236.0 0.739289804554037
236.5 0.9971223878533667
237.0 1.0475709534789492
237.5 1.0618048261844621
238.0 0.9750268822794846
238.5 1.2600522618551455
239.0 1.0830573441815456
239.5 1.119830650944348
240.0 0.8794101918007032
240.5 1.0456816613948174
241.0 1.2766010653422672
241.5 1.3705322923796848
242.0 0.847146699215866
242.5 1.929569533695688
243.0 1.8835342104534436
243.5 2.185018184602809
244.0 1.9716183366033955
244.5 1.6591085895234041
245.0 0.7397167870194907
245.5 1.0973029553241695
246.0 2.2809725620087185
246.5 1.4751733826936437
247.0 1.5499338442879371
247.5 2.1259295734306365
248.0 1.940915621291961
248.5 1.5555120280923211
249.0 1.735170376710582
249.5 1.161292083450905
250.0 1.3365253616379311
250.5 2.186279367521139
251.0 1.2657620483175207
251.5 0.8000742612307816
252.0 1.637200327255545
252.5 2.011828495834909
253.0 2.395325614891033
253.5 1.476816954315853
254.0 1.766311227732254
254.5 2.9474801322897783
255.0 1.882311145767138
255.5 1.4918374473287068
256.0 1.0412611574821935
256.5 1.594757870681554
257.0 1.0363416162286139
257.5 0.8352308249646547
258.0 1.2405195109309661
258.5 0.8754114142890393
259.0 0.7728698909971281
259.5 0.8453575689397649
260.0 0.7767256731052536
260.5 1.1668447267564983
261.0 1.1351500748833236
261.5 1.054475416818961
262.0 0.8392825594995474
262.5 0.8524769911204468
263.0 0.9961291564547046
263.5 1.248714553673823
264.0 1.1127369900688795
264.5 0.8831499031708904
265.0 0.9353187392255651
265.5 0.9331612821751356
266.0 0.6860796558276245
266.5 0.9192850113602556
267.0 0.7987727263170634
267.5 1.1592277279560321
268.0 0.7274899812949654
268.5 0.6309563227581482
269.0 1.1016369646566586
269.5 1.1509603041158292
270.0 0.6647957536587601
270.5 0.6595007399152382
271.0 0.952336152607989
271.5 0.8074975963155374
272.0 0.7994935795896005
272.5 0.9013980907330941
273.0 1.0218537192716919
273.5 0.918038014167335
274.0 0.8039034793720246
274.5 1.0106630073198828
275.0 0.8466141059740644
275.5 0.9642895712377755
276.0 0.9014622661145086
276.5 0.9025159549812884
277.0 0.8315607793505457
277.5 1.0581269958570736
278.0 1.0068074546054293
278.5 0.719376037520556
279.0 0.9131970371115845
279.5 1.110267397479598
280.0 1.4744376513628228
280.5 2.0654392529834116
281.0 0.7806785505771998
281.5 0.6359586098323795
282.0 0.653722939715278
282.5 2.697001591764989
283.0 1.0601681446134477
283.5 1.546026550766732
284.0 1.1416775529418721
284.5 0.9066215279587293
285.0 0.5872802677225293
285.5 1.0414061049432934
286.0 0.7941936077360112
286.5 1.5296522294348027
287.0 0.8447668221601236
287.5 0.8771635088739792
288.0 0.897117609655742
288.5 1.1427459420747494
289.0 1.117124520033642
289.5 0.6565617909273886
290.0 0.9151011920373269
290.5 1.1728760733084107
291.0 0.9276919428560405
291.5 1.2096982497813196
292.0 0.8420782166019419
292.5 0.9050491821260527
293.0 1.1220522027128867
293.5 1.3406547717846886
294.0 0.8351966920323479
294.5 0.9294334170649228
295.0 0.6968804689465147
295.5 0.6202096597872574
296.0 1.2768149031925358
296.5 0.8972119626000359
297.0 0.9799646477444635
297.5 2.3738161974497376
298.0 1.6360253838745022
298.5 2.5810881857238455
299.0 1.695635570800386
299.5 0.9612601370445845
300.0 0.8419838415195
300.5 0.7236896732565878
301.0 0.6417525146238442
301.5 0.7368535642943528
302.0 0.8715209922788059
302.5 0.8593906083857242
303.0 1.0090028028574844
303.5 1.0460667877290208
304.0 1.274088697831006
304.5 0.7092972084801885
305.0 1.034672594839209
305.5 2.1634414193836506
306.0 2.942674618323765
306.5 1.2362469586028955
307.0 2.012284883172442
307.5 1.1623302595091796
308.0 2.100310883399363
308.5 1.070576166654124
309.0 1.707666917307113
309.5 1.8808062244180503
310.0 1.8422014158358124
310.5 2.0741883181237966
311.0 2.0482005536993637
311.5 1.2042087779005255
312.0 1.6165846928175727
312.5 1.8533971475611386
313.0 0.7234955490895797
313.5 2.3931668290682744
314.0 1.4854039069568727
314.5 2.5907201114615614
315.0 1.4706582627873277
315.5 2.4703863891290254
316.0 2.812328014261626
316.5 1.3848214696031387
317.0 1.2617320624407216
317.5 1.337259553943289
318.0 1.2333566265037412
318.5 2.094295544330915
319.0 1.4087169182256385
319.5 1.2046726407045725
320.0 2.064138254238326
320.5 1.6084479983495825
321.0 0.915913688462305
321.5 0.8539386303533555
322.0 0.7270885317153233
322.5 0.7547847169444691
323.0 0.6328088611458843
323.5 0.808748254986436
324.0 0.798186469954157
324.5 1.0076399061860501
325.0 0.680485844837819
325.5 0.6797371916172575
326.0 0.8372615032790256
326.5 1.6021304248545607
327.0 1.1450967585145433
327.5 1.9489402572673746
328.0 1.9947385728995788
328.5 0.7797039696727093
329.0 0.688518389011552
329.5 1.2224077625799818
330.0 1.3536879651354092
330.5 1.8703052658603943
331.0 1.1678733157479808
331.5 1.2571756734275799
332.0 0.8447213091861566
332.5 1.1974213370823001
333.0 0.9336755903877099
333.5 1.2190585083559746
334.0 1.5611548961081865
334.5 1.476936968799162
335.0 1.509036010999667
335.5 1.3020784578522648
336.0 2.3339504552740475
336.5 1.0365809089973625
337.0 0.6937554664721333
337.5 1.1452469868146615
338.0 0.8753411192006159
338.5 0.9036264005762746
339.0 0.8193508128921378
339.5 1.220000731427303
340.0 0.8537939619453366
340.5 0.5960101414334875
341.0 0.6240062945775741
341.5 0.6326939763558388
342.0 0.8419113689983342
342.5 2.189071167083337
343.0 1.9743068100571866
343.5 1.5526697383753434
344.0 1.3527507717424565
344.5 0.8500948601228978
345.0 1.0867743873589737
345.5 1.1798662672755769
346.0 0.9271350125582702
346.5 0.8459276889971912
347.0 0.8954433623338665
347.5 1.140808012525446
348.0 0.9651667537554174
348.5 1.1100246408854182
349.0 0.935526576976613
349.5 0.903884958871698
350.0 1.0891610354892254
350.5 0.9534132889224154
351.0 1.1874304446268475
351.5 0.7056224911096982
352.0 0.8932287417241658
352.5 0.9594561738908602
353.0 1.2271260598411724
353.5 0.9904532823002272
354.0 0.718466591267287
354.5 0.681284241275816
355.0 0.5316912576294379
355.5 0.8253527920523381
356.0 1.1642011853133105
356.5 1.4694531250410667
357.0 1.1666887235427503
357.5 1.0548911469966327
358.0 0.9342207853871343
358.5 0.6764594177255907
359.0 0.409153418204167
359.5 0.9718454131505017
360.0 0.929070144256948
360.5 1.2810375135967487
361.0 0.8552819217324942
361.5 1.273389438032916
362.0 1.2372972906221607
362.5 0.8409934826319552
363.0 1.533765903131596
363.5 0.5459756547959458
364.0 1.904283711605921
364.5 1.8745425959996513
365.0 1.7481302628811528
365.5 0.2
366.0 2.633131012891429
366.5 1.4764393993826106
367.0 0.6846441800459169
367.5 2.335185381612902
368.0 1.6992934289182777
368.5 2.050545091550508
369.0 1.286996909956795
369.5 1.1008596711241707
370.0 2.070100349651628
370.5 1.6196690730934038
371.0 0.742643989312707
371.5 0.8409496676951913
372.0 1.0391604581414755
372.5 0.8369865613166707
373.0 1.0684839918541331
373.5 0.814462430489131
374.0 1.3911112211582761
374.5 1.129177326830107
375.0 1.7726772476004968
375.5 1.6594688360176766
376.0 1.4015200239100043
376.5 1.4536501511769166
377.0 1.129264889406663
377.5 1.3647605468018382
378.0 1.1497779140417332
378.5 1.2730907207102402
379.0 0.4447450230681439
379.5 1.1746550532936562
380.0 1.5793859068823974
380.5 1.581504658576272
381.0 0.9388037130540656
381.5 1.923062020203258
382.0 0.777670486894796
382.5 1.5533861053355218
383.0 1.7723621508846392
383.5 0.9802102510895747
384.0 1.3092135812332704
384.5 1.0792775373604808
385.0 1.1531234819617255
385.5 0.47610380817032905
386.0 0.8216820292181148
386.5 0.5365485102180667
387.0 0.87910235405969
387.5 0.9426935442005258
388.0 1.1916534199091082
388.5 1.0112402468641506
389.0 1.460851868219838
389.5 1.293930621914115
390.0 1.3621214076468875
390.5 0.7051039469979243
391.0 1.4255722946637
391.5 0.8650281485862594
392.0 1.1362672605121271
392.5 1.3957330942937813
393.0 1.2207083766802733
393.5 1.4045888747040878
394.0 1.292830351260938
394.5 1.0220193251006475
395.0 0.5867440967279344
395.5 1.1458908604289446
396.0 0.8683048564065105
396.5 1.2878712446773875
397.0 0.5709876164722072
397.5 1.1875086893803788
398.0 1.474891757138294
398.5 0.831350549638104
399.0 1.329137770534675
399.5 1.753913388538551
400.0 0.8636959435121061
400.5 1.3263334018819797
401.0 1.1603093761353014
401.5 1.1002469329743145
402.0 1.727393925473704
402.5 0.8041391242035256
403.0 0.736087799439839
403.5 1.356597530717396
404.0 0.7428412415377466
404.5 1.1313170293778738
405.0 1.1692061160566176
405.5 1.4952538831984228
406.0 1.1655206311297996
406.5 0.5390827639623113
407.0 0.48139172477575154
407.5 0.6366683568660537
408.0 1.241188054324088
408.5 1.2021730812671791
409.0 0.8697051860112274
409.5 1.549573237173702
410.0 1.2645774607135798
410.5 1.2572340292485613
411.0 0.7898591443842448
411.5 1.336015955937456
412.0 1.2760393211968284
412.5 1.243834909300869
413.0 1.0709485778398904
413.5 1.000957466121527
414.0 0.5844214845458566
414.5 0.9345075135868286
415.0 0.7813535633625652
415.5 0.6932578940927632
416.0 1.1192527166745183
416.5 1.087441121859313
417.0 0.7734466049938962
417.5 1.175416275791615
418.0 1.107400100652596
418.5 0.8767968834788775
419.0 1.0462462654617846
419.5 0.8265913770750737
420.0 0.9234953091146554
420.5 1.3153042029210116
421.0 1.1463291295439264
421.5 1.0656520404274272
422.0 0.9160718030472459
422.5 0.8707909597912906
423.0 0.6668624537404247
423.5 1.1772957334535412
424.0 0.7402876357453175
424.5 0.8117716016726276
425.0 0.7796387540697763
425.5 1.1021164083075552
426.0 1.2183461359152479
426.5 1.0996564831134816
427.0 0.815806740332124
427.5 0.6375341712360261
428.0 0.863404655913947
428.5 0.9951886262480838
429.0 1.0433353687522975
429.5 1.0955988904268172
430.0 0.7480325458526667
430.5 0.9261745186695609
431.0 0.9387640731385617
431.5 1.308462986366842
432.0 1.135137807214666
432.5 0.8659354489099788
433.0 1.8385667291454517
433.5 1.4065769875646936
434.0 1.9075287321250594
434.5 0.9267235774506095
435.0 1.4115775942542488
435.5 0.44557099036831993
436.0 1.094238462219836
436.5 0.8503816296834954
437.0 1.5659955442189386
437.5 1.4320950439172893
438.0 1.965203825419929
438.5 1.8268555449857267
439.0 1.4479224930771801
439.5 1.1044399440226023
440.0 1.5833442023964532
440.5 1.1225486693108198
441.0 1.0892508482063266
441.5 2.0732520392129006
442.0 0.8970201568761313
442.5 1.0437198217658124
443.0 0.6018484714739472
443.5 1.573727875265021
444.0 1.926311836998679
444.5 1.372868674638308
445.0 1.017744723316652
445.5 0.9019077392924517
446.0 1.4297910196453252
446.5 1.0337819908101156
447.0 0.8598111694806345
447.5 1.1858550331764195
448.0 1.0165353046184444
448.5 0.7796413483385576
449.0 0.6144192068621537
449.5 0.8872819202139604
450.0 0.8822767841003616
450.5 0.979226741536209
451.0 1.054207248631951
451.5 0.8572686849815893
452.0 0.9091054096507956
452.5 0.7642455442555205
453.0 1.0185724679731152
453.5 0.5859141656888437
454.0 1.2398598903619398
454.5 0.826297452090882
455.0 0.7268882215425945
455.5 0.9669408054472312
456.0 0.8458327771856538
456.5 1.4221553959491973
457.0 1.4103451694492992
457.5 1.0522634653233967
458.0 1.3354393206691952
458.5 1.4184077737226166
459.0 1.6125779180235704
459.5 1.2206495249342006
460.0 1.3242142133533048
460.5 1.3420291559953403
461.0 0.5421272568063449
461.5 1.5484723441557566
462.0 0.821186743253721
462.5 1.8420932188332437
463.0 1.4353843231602086
463.5 1.4969275539657296
464.0 1.8997004381883196
464.5 1.007717163000633
465.0 0.5701508231048408
465.5 1.4460651280823698
466.0 1.5906799825718796
466.5 1.289635136507227
467.0 1.1853139420446357
467.5 0.8232435285671077
468.0 2.376959604487721
468.5 1.2893947628736604
469.0 0.8084659051989055
469.5 2.274870178018481
470.0 1.1353109642277823
470.5 1.1340381516050138
471.0 1.640001890206094
471.5 2.7204110082195396
472.0 1.9672712409217803
472.5 1.940070289867197
473.0 2.0811373089708898
473.5 1.5059149689547202
474.0 1.3754584444374087
474.5 2.4241273588701517
475.0 0.2
475.5 1.7995848145372804
476.0 1.2014593391045052
476.5 2.1847080223996524
477.0 1.4614130932558635
477.5 1.908330780312155
478.0 1.9520561374923142
478.5 1.1012297102367015
479.0 1.9178416504146867
479.5 0.7155491313806484
480.0 1.8520071086351413
480.5 1.2522168172817438
481.0 2.25499693701962
481.5 1.9646641855207672
482.0 0.8656427544472085
482.5 1.1132493376340875
483.0 0.7309962858702905
483.5 0.7045135923520007
484.0 0.6717201640866551
484.5 0.4664188561463729
485.0 0.9489586132742518
485.5 1.2521249292207057
486.0 0.8019337065672139
486.5 0.8465764310737075
487.0 0.9326282901343925
487.5 2.0568447937982923
488.0 0.7568186443029271
488.5 1.695566451892034
489.0 0.6098329809304887
489.5 1.063268375150622
490.0 0.2814319797883501
490.5 0.6068155850295092
491.0 1.1623820840297818
491.5 1.1235658281347178
492.0 0.9669203016528818
492.5 0.759147208962802
493.0 1.0607127374386844
493.5 1.1834187140917174
494.0 1.1861881914289938
494.5 0.771054720566938
495.0 0.9901151942704877
495.5 1.3313043355934635
496.0 0.9801634438235953
496.5 0.8750878676735345
497.0 1.7397688305022725
497.5 1.2794741364548083
498.0 1.2545086434733883
498.5 1.0109599395518636
499.0 1.1624028742869132
499.5 0.8784509322680106
500.0 1.5745592976898726
500.5 0.9019623303018083
501.0 0.7023663837920713
501.5 0.9065756754243673
502.0 0.9571427048759833
502.5 0.9598456307030461
503.0 1.1776958352914462
503.5 0.6941585440016198
504.0 1.2051459195273853
504.5 1.0113194842431092
505.0 0.5630268958150223
505.5 0.9179582905083565
506.0 1.116570558443892
506.5 0.561541294247969
507.0 0.6000428059475886
507.5 1.617033359784037
508.0 0.9126549546631386
508.5 2.3648614013991156
509.0 1.6361947917839095
509.5 1.0414202177007486
510.0 2.5046516570625377
510.5 1.936872569553488
511.0 1.084922131474745
511.5 2.2546285636577634
512.0 0.9280685457701717
512.5 1.9136606428967686
513.0 2.275985871631196
513.5 1.7329922381715748
514.0 2.9959234693813284
514.5 1.9197861057491452
515.0 2.3449485791209908
515.5 1.731299367454985
516.0 3.2416015983722977
516.5 2.5398100846464575
517.0 1.524925713759643
517.5 2.23784667133159
518.0 2.1390854405976087
518.5 1.8937860042308141
519.0 1.5239744533122161
519.5 1.520911530844803
520.0 1.341100537452594
520.5 1.1785195635596957
521.0 2.4420597509739026
521.5 0.9962456546350807
522.0 1.0695118335424885
522.5 1.028522159389833
523.0 2.0522643639930127
523.5 0.8147554518770171
524.0 1.7019663387086892
524.5 1.2680941894383315
525.0 0.9371868714976027
525.5 1.784643859794774
526.0 1.2673319868973283
526.5 1.3039179770041929
527.0 1.9536056913723256
527.5 1.4767259616305224
528.0 1.8873844821181076
528.5 1.4321301045982213
529.0 1.8351619132523889
529.5 1.8596583067383408
530.0 1.970019895009356
530.5 1.3729126594841683
531.0 1.8432244791214578
531.5 2.513368362437175
532.0 0.7827983922855598
532.5 1.7412857160313073
533.0 1.2734572680899372
533.5 1.5801286829446937
534.0 1.0594167046518812
534.5 1.988175092173587
535.0 2.296645872645769
535.5 1.2244214429030431
536.0 1.5394317809997267
536.5 0.727619929932066
537.0 0.8482779396077432
537.5 0.6028603554262713
538.0 1.76205487744079
538.5 1.7707467978331852
539.0 1.267095980418957
539.5 1.524717279375941
540.0 1.778567654619509
540.5 1.1649131350397899
541.0 1.3595364504261362
541.5 0.8341215720612736
542.0 1.0294660104515256
542.5 0.9679961093845202
543.0 1.1558138022847628
543.5 1.4742287951981763
544.0 1.7175916338744195
544.5 0.7537800677083947
545.0 1.380727469196794
545.5 0.5112068226154493
546.0 0.6075718298814219
546.5 0.614156737231702
547.0 0.5222271350311443
547.5 1.003873820695666
548.0 0.5440636278090193
548.5 0.806969817386113
549.0 0.7608946418656197
549.5 0.4340202781251963
550.0 0.8602785685046147
550.5 1.0192964983887878
551.0 0.7451357095014142
551.5 0.6901423869358783
552.0 0.5995885766178906
552.5 0.7936517718223076
553.0 0.5772161448115435
553.5 0.6126211204518904
554.0 0.9429785664584613
554.5 0.873855473965352
555.0 0.9053880471274904
555.5 0.7358507160385688
556.0 0.761040313639759
556.5 0.7138155873619081
557.0 0.5297113408731287
557.5 0.8772302615255693
558.0 0.7782496691375105
558.5 1.6398396511010276
559.0 1.470706624080839
559.5 2.258197751710786
560.0 3.104636086076605
560.5 2.196689974516448
561.0 1.5539020867668787
561.5 1.5103278021447024
562.0 1.731732266112029
562.5 1.1512399934326476
563.0 2.4708616290141854
563.5 0.8507475326026892
564.0 1.2217002393403569
564.5 1.4750640589767452
565.0 2.2387445642733903
565.5 1.7661452765622108
566.0 1.941306295905517
566.5 1.111914805734113
567.0 1.492268963890982
567.5 1.3475286194001064
568.0 0.510123094534338
568.5 1.8638661819092752
569.0 1.6453296464661922
569.5 1.804821278249219
570.0 1.2578032046765522
570.5 1.1517075056652897
571.0 1.3021693607690221
571.5 0.7474369427422791
572.0 0.4942836988986623
572.5 1.0712199633183874
573.0 0.6263252773002348
573.5 0.8573141833984043
574.0 0.7664724101732168
574.5 0.6654622788159943
575.0 1.0064335844368353
575.5 0.796487827652403
576.0 0.7115764602754073
576.5 0.8254924336461889
577.0 0.6260419321219773
577.5 0.7503809650295219
578.0 0.87525634253825
578.5 1.049173427759503
579.0 0.9148154372579314
579.5 1.2323492463792327
580.0 0.902921997795602
580.5 1.8593054534840574
581.0 1.5473422321268755
581.5 1.4937388996682806
582.0 0.9256094803277732
582.5 0.7421704132003364
583.0 0.6277349991677179
583.5 1.0594246128942721
584.0 0.5561532269348678
584.5 0.7017889537777774
585.0 0.9041793039506546
585.5 0.6542042385141295
586.0 0.5137754919445869
586.5 0.991703453606909
587.0 0.8958699150123808
587.5 0.7610327511809065
588.0 0.5983819103072494
588.5 1.0699843122501373
589.0 0.7503828662520323
589.5 1.1670401616559491
590.0 1.2775180347513402
590.5 0.7892736311841779
591.0 0.9689152703553834
591.5 1.1432227843775544
592.0 0.8785111875425266
592.5 0.9628064276042652
593.0 0.9750944058995481
593.5 0.7335438986738338
594.0 0.700322729272943
594.5 0.7120889512456829
595.0 0.9005074460362541
595.5 1.026216459852021
596.0 0.7575242744806008
596.5 1.3547395100126745
597.0 1.1968683262274993
597.5 0.7134094740652677
598.0 0.6570969308562244
598.5 0.6433434919940647
599.0 0.7606910238280591
599.5 1.3957759307203461
600.0 2.218104040612322
600.5 1.1052724878670375
601.0 1.3850291091865117
601.5 0.6405967902677208
602.0 0.6938507193611388
602.5 0.8429092324445598
603.0 0.7510987350919727
603.5 0.7473551147021822
604.0 0.6344819887433455
604.5 0.8922863988457875
605.0 0.9867714785238211
605.5 0.6928448522104499
606.0 1.025569932700313
606.5 0.9367636081652397
607.0 0.8581037684469761
607.5 0.8965236677152761
608.0 0.7946106931251498
608.5 0.780101999703797
609.0 0.9759787432815881
609.5 1.096788478177165
610.0 0.7304736805776163
610.5 0.6418435785454917
611.0 0.329403171400811
611.5 0.8634080579807647
612.0 0.8139180747138478
612.5 0.8847000583166537
613.0 1.0584678946364585
613.5 1.085936542474451
614.0 0.8571158227765385
614.5 1.153517559624484
615.0 1.2990218036380552
615.5 1.27416263983754
616.0 0.30580887533611123
616.5 0.7325994585854592
617.0 1.5519673157103084
617.5 1.2687803086881133
618.0 0.6340686405444581
618.5 0.93934730722216
619.0 0.5053059850791778
619.5 1.1889683094636765
620.0 1.0347119716698794
620.5 1.3422828109079101
621.0 0.9850066818904156
621.5 1.4731532832261882
622.0 1.1064149873957811
622.5 1.0084531470374332
623.0 1.4117871591731834
623.5 1.3174735503358916
624.0 1.4588866617556606
624.5 0.2
625.0 1.5629200343847314
625.5 1.164144820305805
626.0 1.0912489507396126
626.5 1.455504224474478
627.0 1.4178779911981843
627.5 1.659861065443959
628.0 2.087905957004252
628.5 1.6737039529092832
629.0 1.4985553120097397
629.5 1.705893212562513
630.0 1.4715201258611077
630.5 0.9522770683449372
631.0 1.1393205373648012
631.5 0.943503852266311
632.0 0.5545036562312067
632.5 0.8931594534304145
633.0 1.180307841400424
633.5 1.2470299695508782
634.0 0.96484987192662
634.5 0.6012619515283669
635.0 1.1657222769696607
635.5 1.1998349688404826
636.0 0.9379970297342263
636.5 1.4212639925058739
637.0 1.4451275817416485
637.5 0.6802590691518918
638.0 0.970448490709894
638.5 1.0968014352381212
639.0 1.094297827495804
639.5 1.0106053386557559
640.0 1.154222788302418
640.5 0.7331634156242892
641.0 1.3180476286084628
641.5 1.0228437822805194
642.0 1.0357793055470834
642.5 2.0871665537746242
643.0 1.3418637619020326
643.5 1.221318629737652
644.0 1.0394804532172823
644.5 1.2292659607148164
645.0 0.8751467649084987
645.5 1.1736987749765335
646.0 0.7825583245935845
646.5 1.0343787171735186
647.0 0.8933099099901207
647.5 1.0426391092083651
648.0 0.724087649743155
648.5 0.59389474431698
649.0 0.6363882968452453
649.5 0.75273303310134
650.0 0.7717679096117185
650.5 0.8874405742506524
651.0 0.6963796878181407
651.5 0.8179479672080363
652.0 0.9064529667039238
652.5 0.5629808263993648
653.0 0.8350124507143373
653.5 0.4855877500150237
654.0 0.558222505029148
654.5 0.7265924112348119
655.0 0.7394238160321913
655.5 0.7292873022714237
656.0 1.438890383921256
656.5 1.2513358955364549
657.0 1.4457951118375645
657.5 1.1826047243765976
658.0 1.5369556198207803
658.5 0.8923216629755533
659.0 1.3466003388721397
659.5 1.0538610227167706
660.0 1.241225275817514
660.5 1.4311642904998936
661.0 1.160165514703658
661.5 0.7696085129864609
662.0 0.7264463081905912
662.5 1.8654334835031756
663.0 1.2823315191163607
663.5 0.8520906760168045
664.0 0.7879994332480702
664.5 1.261216314089892
665.0 0.696519310337335
665.5 1.3538831924632846
666.0 1.010340019535386
666.5 1.3324552759519244
667.0 0.9704315521412501
667.5 0.46605279551174694
668.0 1.1643373604346585
668.5 1.9966811491586502
669.0 1.121743651923215
669.5 1.4318313115078323
670.0 1.5266296198240474
670.5 1.3526985264011375
671.0 1.0408085989671394
671.5 1.2289231463048054
672.0 1.6800498687327305
672.5 0.9380041321913246
673.0 2.0291255382104505
673.5 1.5580540639725275
674.0 1.6397783069570595
674.5 0.8689757021797297
675.0 1.628837569507552
675.5 1.2741361353776175
676.0 0.35257959858492904
676.5 1.7656387040335488
677.0 1.4337756315014745
677.5 0.5478074717234304
678.0 1.389198901725482
678.5 0.9629485359240749
679.0 0.8510731011511627
679.5 0.9112796049261012
680.0 0.7077054090200481
680.5 0.8817290726505751
681.0 0.5691894535504873
681.5 0.7356219409459148
682.0 0.5080021666670513
682.5 0.6153532421332366
683.0 0.659822663696063
683.5 0.8214637554666844
684.0 0.7328363052836588
684.5 0.5243473424306448
685.0 0.6319964008373355
685.5 0.615914458383541
686.0 0.8201940190380606
686.5 0.44338230565336384
687.0 0.6025085491507016
687.5 0.6969790601203862
688.0 0.4350255953875596
688.5 0.7580680167232094
689.0 0.7231553112289215
689.5 0.5946653617432898
690.0 0.6741052040188169
690.5 0.7692212813277925
691.0 1.410012738535159
691.5 0.8802807295261295
692.0 1.0401945901764353
692.5 1.3027578571423772
693.0 0.7762694031989694
693.5 1.4310231198757506
694.0 0.9850142567835065
694.5 0.939040393627578
695.0 1.3571406524770506
695.5 0.9007834742250657
696.0 1.627803914443756
696.5 1.5988100969278118
697.0 1.8041841296809742
697.5 2.458402078303194
698.0 1.5793287397079994
698.5 1.111421633756122
699.0 1.418328370431213
699.5 0.492202499117523
700.0 1.7642404507850549
700.5 1.7787136396505403
701.0 1.9557781032583776
701.5 0.9202322857769636
702.0 1.759386578237653
702.5 1.2001047051184384
703.0 2.0052071950686363
703.5 1.5639082956353891
704.0 2.0158675261625603
704.5 1.7114999355533533
705.0 2.0380126140672252
705.5 1.5006437246019564
706.0 1.1087081150418714
706.5 0.9375430169663618
707.0 2.021663176551429
707.5 0.5012265269778486
708.0 0.9922309652175629
708.5 0.8512926846170081
709.0 0.9804359588663119
709.5 1.2063764388041796
710.0 0.5334497924057471
710.5 1.010120829739301
711.0 0.9155371609717944
711.5 1.7195443574602762
712.0 2.4760756589375137
712.5 0.3110967609378896
713.0 1.254718940549434
713.5 1.3497610724272657
714.0 1.2892454119456795
714.5 0.899429714960538
715.0 0.8512126742750714
715.5 0.7968591772922718
716.0 0.5890278179197466
716.5 1.065121581186061
717.0 1.4651951546108164
717.5 1.6469619885316535
718.0 0.5490376735091334
718.5 1.1743713435049057
719.0 1.5800583867020759
719.5 1.327627973020523
720.0 1.3563525753494683
720.5 1.1828184066066183
721.0 2.0169355505507776
721.5 1.9393879810554022
722.0 1.7658298086940678
722.5 1.407737896847395
723.0 1.232222502930876
723.5 1.971402333799588
724.0 1.305994617506533
724.5 1.5862680039360932
725.0 0.9251200014973385
725.5 2.0207090260046616
726.0 0.4899830316952649
726.5 1.7325979566301526
727.0 1.4623907290276557
727.5 0.7613485253344525
728.0 1.7546972096941587
728.5 1.1791219501901904
729.0 1.5763186091705617
729.5 1.5868692192707423
730.0 1.343168999146429
730.5 1.6900953563278054
731.0 0.9810775886766997
731.5 2.042349900562581
732.0 1.6885100712843624
732.5 1.8186119288443765
733.0 1.8740471867608
733.5 1.4474941444153533
734.0 1.3357046983086884
734.5 1.367243752122544
735.0 1.1833834742275808
735.5 1.2546208687973888
736.0 0.8759600421796664
736.5 0.5906740813062705
737.0 1.1278007451157748
737.5 1.3690616419227304
738.0 0.9258538583015117
738.5 1.1746163068997124
739.0 0.4759302826140221
739.5 0.7810368372699962
740.0 0.9417974428339768
740.5 0.930549080439049
741.0 1.1499766764340393
741.5 1.1818628052792077
742.0 1.0011324386596696
742.5 0.6526982269977734
743.0 0.8131880912550278
743.5 0.8663125849935234
744.0 1.0741670876622211
744.5 0.8797524184633129
745.0 0.6097584372213978
745.5 0.989792073607551
746.0 0.8428696354008036
746.5 1.2217460458733496
747.0 1.3645301779203645
747.5 0.7199801108932055
748.0 1.2650423810219724
748.5 1.6017042855457249
749.0 1.0868811086075856
749.5 1.7298621527082494
750.0 1.5601134564626735
750.5 0.6985778114640263
751.0 1.0786285017971378
751.5 1.0727600140690199
752.0 1.7236687316525618
752.5 1.5340584250471105
753.0 1.049156865088277
753.5 1.3819881601634654
754.0 1.243793914172309
754.5 1.6370154537485035
755.0 1.7486242940670154
755.5 1.371659957181699
756.0 0.76099585430381
756.5 0.9831138098329956
757.0 1.0294792619196733
757.5 0.6806493366752066
758.0 1.4684715568483244
758.5 1.3855340443132778
759.0 1.6628710664090847
759.5 1.2849694517830463
760.0 0.991661996790528
760.5 0.7584521352025455
761.0 1.2807711844100005
761.5 1.6543576101455193
762.0 1.785844207223345
762.5 1.4478508666436898
763.0 1.4080701623666942
763.5 2.083904275561076
764.0 1.1779932910163047
764.5 1.632341856432486
765.0 1.681721117220116
765.5 1.6030388819516652
766.0 2.023708171431216
766.5 1.5364348871406226
767.0 1.7010785015033638
767.5 0.9170697798436496
768.0 1.165965552164959
768.5 1.4104146506571942
769.0 1.0733758955289492
769.5 1.1251060216744353
770.0 1.351097030731397
770.5 1.1314557909332048
771.0 0.9986679781537791
771.5 0.8590241371256041
772.0 1.1980738327954372
772.5 0.7977564516688551
773.0 1.7990833038117513
773.5 1.646466221538324
774.0 1.5103979948771655
774.5 0.9343954196173171
775.0 1.274405315089918
775.5 1.0738862067468067
776.0 0.7030715807811112
776.5 1.2012379969100473
777.0 0.23547722785116698
777.5 1.0325206807085408
778.0 1.230221642482775
778.5 1.7422086978579885
779.0 0.7391664623887932
779.5 0.7326212872841829
780.0 0.5964281733759356
780.5 0.6356390337528081
781.0 0.6974448601640648
781.5 0.622852576768988
782.0 0.6101147864951277
782.5 0.6970273322773632
783.0 0.7833029082105039
783.5 0.9184155220814397
784.0 0.8785348488298925
784.5 1.1036436132084075
785.0 1.1936358466077197
785.5 0.7507803571950462
786.0 0.5575073981492247
786.5 0.5369806724763777
787.0 0.6152482964271823
787.5 1.0108406853075182
788.0 1.5404976466633136
788.5 2.0788328417854913
789.0 1.1166572734186846
789.5 1.046419751934759
790.0 0.9285460125287848
790.5 0.7976511168816676
791.0 0.9945077342397268
791.5 0.6674163216432898
792.0 0.8223727523269173
792.5 1.086964482449411
793.0 1.0964269637460144
793.5 0.802936209011706
794.0 0.8616171823682495
794.5 1.2688544790788918
795.0 0.936712353384002
795.5 1.035105625745
796.0 0.7758374088463929
796.5 0.9521393409128416
797.0 0.7781874207190509
797.5 1.0831227017029361
798.0 1.046772827497287
798.5 1.560153546340938
799.0 1.1322262656673647
799.5 1.53358775895887
800.0 1.9375923311606646
800.5 1.4675358201566984
801.0 1.4222859624003887
801.5 1.314575291485609
802.0 1.9617404082391507
802.5 1.2255208619296862
803.0 1.8899608886184747
803.5 0.9847482300140453
804.0 1.2999933451936823
804.5 1.0855084456230084
805.0 1.1168484562311158
805.5 1.1313442880102862
806.0 1.8908162030802997
806.5 1.1142883365801115
807.0 0.6036566415762802
807.5 0.7808247992982924
808.0 0.8490831788164853
808.5 0.8381899450945746
809.0 1.067855643631405
809.5 0.5504394489958989
810.0 0.9496432611878647
810.5 1.5307711098602992
811.0 1.2067267503167118
811.5 1.419854729313775
812.0 1.0807009096329827
812.5 1.2340172891396475
813.0 1.0018018135410027
813.5 0.9743216917705388
814.0 0.8125036998618325
814.5 0.8180090245482554
815.0 0.7711176995444262
815.5 0.8673615017033909
816.0 0.6033827142853534
816.5 0.633424571244823
817.0 0.9126535638384116
817.5 0.8116626365590476
818.0 1.0174846220428815
818.5 0.9692689333934295
819.0 1.023387418079666
819.5 0.6025897114487333
820.0 0.725481963750334
820.5 0.9906093621221126
821.0 0.9611978649270241
821.5 1.1021148528441904
822.0 0.7593588431526286
822.5 0.8441565971124356
823.0 0.8691879356964817
823.5 0.9324395779575853
824.0 1.452317359691915
824.5 1.4068996340914373
825.0 1.5431392383725693
825.5 0.9785959602406628
826.0 0.9996685679113756
826.5 1.4365351447980246
827.0 1.074046869683572
827.5 1.4747377335928482
828.0 0.8276994148476399
828.5 1.5254815521917116
829.0 1.3777886907534231
829.5 1.434241105395946
830.0 1.745059936045253
830.5 1.739654328648418
831.0 1.8615161649487553
831.5 2.545963376708219
832.0 1.8585213439657144
832.5 1.5751319836180744
833.0 1.6229811034391466
833.5 1.0170047055508038
834.0 0.5917948684969738
834.5 1.3500816365843993
835.0 1.0683223355727092
835.5 1.5842839825227468
836.0 1.6816264536540313
836.5 1.9853343265458943
837.0 1.490516061612309
837.5 2.4665157880549753
838.0 0.8713637991830544
838.5 1.4239954504001753
839.0 2.116229414704122
839.5 1.5929890330708676
840.0 2.51765075548876
840.5 1.6331148114863356
841.0 1.9555185016590637
841.5 2.3049103919931433
842.0 1.8963635491366793
842.5 1.4899390274937623
843.0 1.7451562444922548
843.5 1.833354165260906
844.0 2.033688540086785
844.5 0.9056618535579604
845.0 0.6976070110657943
845.5 0.776742062075392
846.0 0.698869594134149
846.5 0.7132591516402276
847.0 0.7835335874219995
847.5 0.7930608112987101
848.0 0.6642478681396202
848.5 0.737704033021287
849.0 1.0760826492269262
849.5 0.8012181847182593
850.0 1.3051640192112002
850.5 1.1928413138648004
851.0 1.2315245767103782
851.5 0.7276660649631526
852.0 1.1139913948537856
852.5 1.0699092754402
853.0 1.0311510971580071
853.5 0.6987928645249821
854.0 1.3099893317904412
854.5 1.0122795726240563
855.0 0.7364177343652523
855.5 1.5031395535542134
856.0 0.9697924393361428
856.5 1.060022841507506
857.0 0.9790383661644566
857.5 1.220080996795109
858.0 1.0982965152958246
858.5 0.8953345247768066
859.0 0.5353374652604138
859.5 0.7687154779121129
860.0 0.9472153365586549
860.5 0.883195260798369
861.0 0.6569930260400662
861.5 0.6247298890808902
862.0 0.7097950341413476
862.5 0.8086533372255597
863.0 1.029086680268216
863.5 2.0493009485336584
864.0 1.205587532185647
864.5 1.9883091713133383
865.0 2.19112846268798
865.5 1.6766325621183524
866.0 2.0321022691446666
866.5 1.6640896102507445
867.0 0.9909616929972656
867.5 1.1443524976126511
868.0 0.8908489184607304
868.5 0.7754664729971329
869.0 1.077929635797246
869.5 0.7039079091352438
870.0 0.7700694044688596
870.5 0.8725861398244358
871.0 1.1093601105304451
871.5 1.0529835408072965
872.0 1.0676657619963716
872.5 1.0881884942023925
873.0 0.2
873.5 1.2573121617668646
874.0 0.32666247258866543
874.5 1.2741924849308544
875.0 0.3017509704308121
875.5 0.738408004990404
876.0 1.0259241266438783
876.5 1.6685439850494252
877.0 1.2451974855072465
877.5 1.441932393293942
878.0 1.416677226413822
878.5 0.8218233712258565
879.0 0.6190328221392798
879.5 1.7464480730257879
880.0 0.5885324954331003
880.5 1.7528373343329118
881.0 1.192248954523707
881.5 1.2467467854428704
882.0 2.1447106462310113
882.5 0.8527646833744242
883.0 1.8676937004385494
883.5 2.242577226322323
884.0 1.817244587010554
884.5 1.988748910975647
885.0 1.961357734139279
885.5 1.5573923897463469
886.0 1.4826544630820966
886.5 1.82164126125202
887.0 1.4826116936577733
887.5 0.9002255757926177
888.0 1.6266935699018568
888.5 1.9333002462791629
889.0 1.5501304191875425
889.5 0.9960997337414376
890.0 1.943905123330562
890.5 2.5786992923132366
891.0 2.1407387732824414
891.5 1.7322069237897555
892.0 1.6360721510080982
892.5 1.4489895469701572
893.0 0.8718970956491755
893.5 1.6387947255433999
894.0 1.799110961538835
894.5 1.4361006716167881
895.0 1.2259451865716962
895.5 0.9829662503497333
896.0 1.1055891822916202
896.5 1.6049042831451505
897.0 2.318003578452422
897.5 1.5510344566357992
898.0 1.1027766710994373
898.5 1.8890055109970523
899.0 1.9263783522674658
899.5 0.9879244388346425
900.0 1.8768553606524954
900.5 1.2487352734301673
901.0 0.8137225448951976
901.5 2.0068979508233937
902.0 1.1705649998513543
902.5 2.2238101299670547
903.0 2.648008399722115
903.5 0.7212313399324763
904.0 1.5880357090001755
904.5 1.0979707721699876
905.0 1.6572478478290376
905.5 0.6949839463956669
906.0 1.3543321068405663
906.5 0.9155356897278949
907.0 1.309703281999472
907.5 1.5711818438797258
908.0 2.025099203027147
908.5 0.4797861300448123
909.0 2.0621770904048295
909.5 1.8871259689761881
910.0 1.4849625090000236
910.5 1.6126371518879177
911.0 1.3451176513285223
911.5 1.5413549269216458
912.0 1.2218418833388613
912.5 2.0561241359260887
913.0 1.2007611762617407
913.5 0.7336743170656082
914.0 1.3915128485106976
914.5 1.5585397718034923
915.0 1.4816018113137739
915.5 0.7723301632325407
916.0 1.1013779435162288
916.5 0.8860158240037748
917.0 1.1455497469946476
917.5 0.8469980152303986
918.0 1.525666905640647
918.5 0.6402953089143278
919.0 1.597416744453777
919.5 0.8428941507851506
920.0 1.1919561514926027
920.5 1.1496964112936947
921.0 1.2307092992199729
921.5 1.519241958403025
922.0 1.1472163910562307
922.5 1.2307363675520855
923.0 0.8492543123104555
923.5 0.909899221598393
924.0 1.5082748849945968
924.5 1.2780769115164483
925.0 1.0412716053382942
925.5 0.5954089945405147
926.0 1.564195764476518
926.5 0.5829495134860468
927.0 1.439644343634424
927.5 0.942805876994725
928.0 1.0046645067899824
928.5 1.189307557089014
929.0 1.1646661661209372
929.5 1.3247825228436572
930.0 1.3255879429408746
930.5 1.1756249052587309
931.0 1.1804739934703434
931.5 1.7263941885406926
932.0 0.8720184960258064
932.5 1.2144990271687552
933.0 0.4364124972326079
933.5 1.6025942857696323
934.0 1.099736905899467
934.5 0.8884012466042718
935.0 1.5272775552426956
935.5 1.7015745002986296
936.0 1.1994133137409713
936.5 1.4971644016255063
937.0 1.660149250323435
937.5 1.0242491935502147
938.0 1.9231741707381427
938.5 0.31189125179135124
939.0 1.6384870402917837
939.5 0.35192480144649907
940.0 1.2430993242848394
940.5 1.8314635961172891
941.0 1.5670047960330762
941.5 1.6477910326331568
942.0 2.160949850403971
942.5 1.7019074794872338
943.0 0.6513201888407427
943.5 1.4660001295276364
944.0 1.2569963403469235
944.5 1.3370760374214927
945.0 1.372950489241131
945.5 1.1527890347276197
946.0 1.2035985784242393
946.5 1.4115870477151433
947.0 1.9855548452194123
947.5 1.7084524525801879
948.0 1.9207235380007972
948.5 0.9049536712626399
949.0 1.3244319729412672
949.5 1.1713418568442062
950.0 1.50224509132229
950.5 0.980785522985586
951.0 0.8963073402259468
951.5 0.6849810436175421
952.0 0.7138375012124825
952.5 0.9604203128455269
953.0 0.7820464116928687
953.5 0.39561252979808964
954.0 0.7408642258809155
954.5 0.9518056281628362
955.0 1.0608054151405457
955.5 0.6492740218742253
956.0 1.12893970982038
956.5 1.1187446411461108
957.0 1.1775567646112548
957.5 0.8682999662993384
958.0 1.3663762199731917
958.5 0.9978956509283639
959.0 0.790965016831092
959.5 1.1133686368754139
960.0 0.7634865503588218
960.5 0.7593369904037055
961.0 1.1755093106059573
961.5 0.8680591337779622
962.0 1.4000551195289002
962.5 2.216780293490121
963.0 1.9577387573802816
963.5 1.3528487439583854
964.0 1.6709606469818374
964.5 1.4864700279246685
965.0 1.5153144453240126
965.5 1.5328816660529494
966.0 2.611207115431041
966.5 1.5151025794179187
967.0 1.6271447178101082
967.5 1.6160013310433512
968.0 1.1509025369749983
968.5 1.3997266490960356
969.0 1.4180582843807048
969.5 1.4011456966260256
970.0 1.3396991891748484
970.5 1.5845660956228869
971.0 1.3570177856790508
971.5 0.9299946076445199
972.0 1.994547619682655
972.5 1.2464647609328896
973.0 1.7150526190709077
973.5 0.641783014268763
974.0 2.3030948266256663
974.5 1.25163855104983
975.0 1.4931813770147242
975.5 1.4681274031998028
976.0 1.1606544333240674
976.5 1.059917480718047
977.0 0.9380228394968595
977.5 0.5610758972390874
978.0 0.883722354800331
978.5 0.8888805715937804
979.0 1.217434465989661
979.5 1.0115046332062274
980.0 1.2459453931195947
980.5 1.0946681293453238
981.0 0.728946294782741
981.5 1.448286785577868
982.0 1.062887724392937
982.5 0.813320381149991
983.0 1.4128792389015015
983.5 1.524497536880343
984.0 0.9426061856718203
984.5 0.6630551881495048
985.0 0.9427956323776894
985.5 1.4308106738853343
986.0 0.9430925533004294
986.5 1.2433273199084525
987.0 0.8749722735535795
987.5 1.2964050437561154
988.0 1.2863329148417089
988.5 0.8094206816583879
989.0 0.6773903419476662
989.5 1.3507506969222558
990.0 1.836972853691738
990.5 1.3284978044851805
991.0 0.8011747256558459
991.5 1.9579082263883818
992.0 2.0631276404752623
992.5 1.5468880704212926
993.0 1.187871066150851
993.5 1.9050164959704343
994.0 1.6877475889627145
994.5 1.1914719265816136
995.0 1.2366460507589505
995.5 1.1382466570283418
996.0 1.2531684757135784
996.5 1.0552186501128185
997.0 1.1264922181644397
997.5 1.1227997833510308
998.0 1.063173226443371
998.5 0.8762456376617138
999.0 1.3960243239106491
999.5 1.0582579916820727
1000.0 1.2082923611274585
1000.5 1.1110577455213524
1001.0 0.7573263556171064
1001.5 0.7519188202628788
1002.0 0.516755453986653
1002.5 1.1568219953169336
1003.0 1.551102432928355
1003.5 0.8403501924410266
1004.0 1.6601788918660672
1004.5 1.5312592020510514
1005.0 1.036146508928653
1005.5 1.2654827002472988
1006.0 1.3478363371109925
1006.5 1.2433517772846454
1007.0 1.6543707102362366
1007.5 1.2301048074363907
1008.0 1.4068922531390378
1008.5 1.2080929356818884
1009.0 1.437697806500462
1009.5 1.015420860964087
1010.0 1.732270299863895
1010.5 1.432032972392661
1011.0 0.8540286011148557
1011.5 1.113288089030533
1012.0 0.8602888966573661
1012.5 0.4981585860376445
1013.0 0.8590665716483192
1013.5 1.5468806813764833
1014.0 0.7967957673761146
1014.5 1.5275603534013047
1015.0 1.4426761512321402
1015.5 0.968085621440792
1016.0 1.140098748856778
1016.5 1.0628241944000587
1017.0 1.2607314662421634
1017.5 1.1584785076286317
1018.0 1.1302667672873432
1018.5 0.7762505085890087
1019.0 0.9146991868748834
1019.5 0.8220121123973515
1020.0 0.8622633948723115
1020.5 0.8695237483609882
1021.0 1.2576185868500964
1021.5 0.9660437556558612
1022.0 0.9139122376288379
1022.5 1.0711716227515566
1023.0 0.6140855769012772
1023.5 0.8145053477778208
1024.0 1.0528832660058616
1024.5 1.397564718810509
1025.0 1.3814086575225666
1025.5 1.4691415514517532
1026.0 0.9913905940806701
1026.5 1.1900929443103343
1027.0 1.5742991680149978
1027.5 1.326303437564614
1028.0 0.8027845590599528
1028.5 0.8750920657653419
1029.0 0.7413427790418128
1029.5 1.2670428919512555
1030.0 1.3113742528549408
1030.5 1.329572863291701
1031.0 2.1298080097766974
1031.5 1.4602028249755747
1032.0 1.3749776640016
1032.5 1.5009801359821449
1033.0 2.309105338911177
1033.5 1.8054078252300352
1034.0 0.8354465145383528
1034.5 1.9943924789526095
1035.0 0.6529234077379754
1035.5 2.1682542671688374
1036.0 1.3497397916727578
1036.5 1.065457334048709
1037.0 2.1798112235887483
1037.5 1.097253091438012
1038.0 1.9393309563547791
1038.5 1.2278416094466675
1039.0 1.8262777194220283
1039.5 1.711749952184503
1040.0 1.5256665068767161
1040.5 1.6453944535600187
1041.0 1.1605821178537346
1041.5 1.9418429867231337
1042.0 1.749255383233975
1042.5 1.3687487399818026
1043.0 1.9347512731494803
1043.5 1.1305534983106122
1044.0 1.2479619027132935
1044.5 1.1589079400397377
1045.0 1.0401085705149096
1045.5 1.4727269825749065
1046.0 1.4484268517776102
1046.5 0.9691882238581716
1047.0 0.6557179172946226
1047.5 1.3316889933680356
1048.0 1.168813133781293
1048.5 1.1877229965157465
1049.0 0.872303961905274
1049.5 0.9685912475907088
1050.0 0.9078179603685783
1050.5 0.6104892663555257
1051.0 0.7552003654499935
1051.5 0.3158900035298462
1052.0 0.7848836909377421
1052.5 1.5134971561303319
1053.0 0.7511588383372761
1053.5 0.858438610232901
1054.0 1.393577861343346
1054.5 1.0413939120424494
1055.0 1.1981089573608177
1055.5 1.0368941534068417
1056.0 1.283042392071315
1056.5 0.8150562831488952
1057.0 0.2
1057.5 2.0329533102466315
1058.0 1.1185286730871158
1058.5 0.935097213578134
1059.0 1.822606157584845
1059.5 1.5208237564934848
1060.0 1.4323410014016749
1060.5 1.2140576016163813
1061.0 1.7419255255276012
1061.5 1.4232549491759259
1062.0 2.1642405644533174
1062.5 1.0606175845249879
1063.0 2.857959600775331
1063.5 0.8488418540991395
1064.0 2.892665840908821
1064.5 2.191634901036217
1065.0 1.3711278127169049
1065.5 1.9676348286852223
1066.0 1.720906829114476
1066.5 1.3798116478299218
1067.0 1.3391581631815699
1067.5 1.1758693823465327
1068.0 1.3999648309996755
1068.5 0.9657983740269364
1069.0 0.8208949159347035
1069.5 1.3152183370690937
1070.0 1.6983392934197972
1070.5 1.183155700684519
1071.0 2.0615232407268325
1071.5 1.6850446442864513
1072.0 1.2540568161178154
1072.5 1.3665598502479082
1073.0 1.3177603385831202
1073.5 1.687925871381943
1074.0 0.6157796647520393
1074.5 0.8569087993551248
1075.0 0.8627375530824622
1075.5 0.7233893051564877
1076.0 1.081595152685848
1076.5 1.0451307924809432
1077.0 1.1193481491755746
1077.5 0.9125228070726522
1078.0 0.7080763140403035
1078.5 1.1501239272875239
1079.0 1.2179664993412662
1079.5 1.0294013436914227
1080.0 1.2549418946439144
1080.5 1.1366301499849099
1081.0 0.7508758729711464
1081.5 0.4904901420644552
1082.0 1.792918830886138
1082.5 1.6413376349985747
1083.0 0.6036955045399384
1083.5 1.1715300302751377
1084.0 2.2058421336329155
1084.5 2.2002635620040856
1085.0 1.4926141043305199
1085.5 1.4171725348689799
1086.0 1.3908126244538537
1086.5 1.719882793021679
1087.0 1.9932975003591156
1087.5 1.1009171015717014
1088.0 1.6451281151804442
1088.5 1.0200906893025157
1089.0 0.7026694498091547
1089.5 0.8644182833445538
1090.0 0.792276786277825
1090.5 0.7925880326280159
1091.0 0.8850224294437519
1091.5 0.69695202097164
1092.0 0.6619428436839911
1092.5 0.6710432563398923
1093.0 1.8093074424472513
1093.5 1.8855887987514888
1094.0 2.5380511757596755
1094.5 1.2245242919623656
1095.0 1.5663649295890787
1095.5 1.0816837787516396
1096.0 1.5471459929706999
1096.5 1.2789195811631346
1097.0 1.4635207259972345
1097.5 1.1371271930074596
1098.0 1.9818903982010911
1098.5 0.695869457997647
1099.0 0.41083894863889636
1099.5 1.5386732679495791
1100.0 1.3938524745752217
1100.5 1.1102448277950714
1101.0 1.9257232693292148
1101.5 1.3096766548865109
1102.0 1.633704921045618
1102.5 1.0951976009512117
1103.0 1.514269697395442
1103.5 1.3334086107932182
1104.0 1.2306185210813605
1104.5 1.438126469588648
1105.0 0.9909724893751329
1105.5 1.2078493482223251
1106.0 1.2385274464916227
1106.5 1.4515928474386524
1107.0 1.4989595362490724
1107.5 0.9546139975451421
1108.0 1.2541634269632358
1108.5 0.6985253362996726
1109.0 0.825254111492076
1109.5 1.371474409380105
1110.0 0.5948980061694592
1110.5 0.514267724222026
1111.0 0.9774714252168025
1111.5 0.8764087416919153
1112.0 1.098698210136825
1112.5 1.278958233666037
1113.0 1.1607273594911054
1113.5 1.002726590921775
1114.0 1.1844452821949205
1114.5 1.3194376917863853
1115.0 1.1648371599067588
1115.5 1.7083336404219391
1116.0 1.4829009085438853
1116.5 0.8403418442954058
1117.0 1.7481016646402352
1117.5 0.5610284190841133
1118.0 1.486845318663096
1118.5 1.2607703312377372
1119.0 1.9434719528747517
1119.5 1.1963895238315616
1120.0 1.3498286548485872
1120.5 1.141581126344597
1121.0 2.4648126240514303
1121.5 2.4158866015270735
1122.0 2.1248916210932363
1122.5 2.3204730899704913
1123.0 2.831121685662128
1123.5 1.279276387607083
1124.0 2.530047768899378
1124.5 1.6212093087714097
1125.0 2.423358982607623
1125.5 2.06114585652519
1126.0 1.6153833735941652
1126.5 0.8964931236405553
1127.0 0.2558061770164173
1127.5 1.4429052121191117
1128.0 2.6004552816872457
1128.5 1.7816483698484502
1129.0 1.2961699052347835
1129.5 0.8840093660779418
1130.0 1.8950635895692576
1130.5 1.9216312671803397
1131.0 1.7450228051583627
1131.5 1.309175845881765
1132.0 1.3150780826140145
1132.5 1.8739907799358626
1133.0 1.2024571730176095
1133.5 1.053091929573717
1134.0 0.5968873919022499
1134.5 2.1619626785907164
1135.0 1.3218064227742765
1135.5 0.8238332135868318
1136.0 1.8617158418472428
1136.5 1.0106803989935647
1137.0 2.001861410139534
1137.5 1.7747003169452327
1138.0 1.3168404936632283
1138.5 0.8818989015875078
1139.0 0.726279467170094
1139.5 0.9868540640834117
1140.0 0.848299449323553
1140.5 1.3793156221379204
1141.0 1.0910028919164436
1141.5 0.9193068509453719
1142.0 1.6414316671384466
1142.5 0.8469911843965758
1143.0 1.4371819462173556
1143.5 0.6628350472390124
1144.0 0.6779516616339722
1144.5 0.685491122969782
1145.0 0.7437232660956707
1145.5 0.7491784547574645
1146.0 0.7563358829972675
1146.5 0.7237123449565595
1147.0 0.6980426714734226
1147.5 0.8184846801674257
1148.0 0.663586070012129
1148.5 0.6599784166746329
1149.0 0.7106424185438762
1149.5 0.6793505114852532
1150.0 0.9499032604015918
1150.5 1.4037592679239328
1151.0 0.9378600766375543
1151.5 1.081326919197283
1152.0 0.8761722527564318
1152.5 1.0341597491897094
1153.0 0.4792606371603413
1153.5 0.9712492167877391
1154.0 0.8033526697408415
1154.5 1.3113070750682587
1155.0 0.9765656533670426
1155.5 1.266901330332126
1156.0 0.652214425569933
1156.5 1.7851119286444066
1157.0 1.7247024613787705
1157.5 1.676452449861134
1158.0 2.116329435283786
1158.5 2.1285484238414356
1159.0 0.5257535265032298
1159.5 1.7328408745383421
1160.0 0.2
1160.5 1.5746419035747787
1161.0 0.8678960279253881
1161.5 1.17951096894246
1162.0 1.6595307753462858
1162.5 1.2012978987622442
1163.0 1.0957942645223087
1163.5 1.542046941310716
1164.0 0.8242880665454654
1164.5 0.35700107236873957
1165.0 0.9202879465229066
1165.5 0.987771128464193
1166.0 0.9295669704760936
1166.5 1.106591768451707
1167.0 1.1032188628742772
1167.5 0.7056954790251639
1168.0 0.9561973200849714
1168.5 0.9491564157492973
1169.0 1.0205743889432273
1169.5 1.0430379897954067
1170.0 0.4160102939952792
1170.5 0.9650633577611939
1171.0 0.7655624221289962
1171.5 1.3348892075421683
1172.0 1.3846047036901354
1172.5 0.426598214873782
1173.0 0.7161965222331708
1173.5 1.2456832806005251
1174.0 1.682353837686355
1174.5 1.329196451095196
1175.0 0.8046365498498238
1175.5 0.9909320732704232
1176.0 1.2507716214478126
1176.5 0.9492075926884241
1177.0 0.8066511065186901
1177.5 1.2986013821890703
1178.0 0.927606708700248
1178.5 1.0369877934765857
1179.0 1.2202150311972013
1179.5 1.79324235474231
1180.0 0.3943764470713188
1180.5 1.0501787442604877
1181.0 1.583341709270163
1181.5 1.0276184580836387
1182.0 1.4953354795073464
1182.5 1.9442816119544046
1183.0 0.9076378642647289
1183.5 1.7785018750727568
1184.0 2.177911745748766
1184.5 1.0741676876493969
1185.0 1.269077074477822
1185.5 1.6166929588052068
1186.0 1.9785141367326393
1186.5 1.3311785839073382
1187.0 1.2057957410628095
1187.5 1.405492374974668
1188.0 1.7853497934490505
1188.5 0.906422657993343
1189.0 1.4448671094235248
1189.5 1.8378744215803482
1190.0 1.1740579207732356
1190.5 0.9808371893095709
1191.0 0.8634022964074937
1191.5 1.3067839933845977
1192.0 0.6871898955849158
1192.5 1.4405414473991751
1193.0 1.7260082892257003
1193.5 1.128197460127229
1194.0 1.5106834978742274
1194.5 1.0923294199356688
1195.0 1.6434441986444013
1195.5 1.274805787863723
1196.0 0.8455971271359989
1196.5 0.9749925037588343
1197.0 1.19601451101024
1197.5 1.2909744229147773
1198.0 1.6139088510149375
1198.5 1.1375654470463596
1199.0 1.7259236984409476
1199.5 1.3511931999256068
1200.0 1.511157370666745
1200.5 1.2333905518167814
1201.0 0.7161717060730943
1201.5 0.895413344085805
1202.0 0.8139245318598132
1202.5 1.0641394941421896
1203.0 0.569096304341719
1203.5 0.52204870944046
1204.0 0.7711589278693685
1204.5 0.5880543220265826
1205.0 0.7828700157087471
1205.5 1.0222796302882726
1206.0 0.977123509420764
1206.5 1.324855912826149
1207.0 1.0327547259878227
1207.5 0.7377612409602854
1208.0 1.4808981550497382
1208.5 1.3364533759131387
1209.0 0.9211248380412975
1209.5 1.0983306363939747
1210.0 1.0708125135775335
1210.5 1.6077672625453152
1211.0 1.2365238227276376
1211.5 1.338284868666373
1212.0 1.0377939097281361
1212.5 0.9488827163190328
1213.0 1.2166280599910786
1213.5 0.9532159917870979
1214.0 0.9642403307999535
1214.5 1.1425238415996346
1215.0 0.67997254776785
1215.5 0.9305925843173319
1216.0 0.939660846154129
1216.5 0.8960766284395941
1217.0 0.8688958712660699
1217.5 0.666698007901948
1218.0 1.2229054843390097
1218.5 0.6167042267210314
1219.0 0.6862049020483052
1219.5 0.808248742999544
1220.0 0.931720394412381
1220.5 0.5274246689339538
1221.0 1.1513713461685091
1221.5 1.238539225205259
1222.0 0.9841626887932189
1222.5 1.1773915198016378
1223.0 0.864461849373817
1223.5 0.8715286192495177
1224.0 1.3585986102981318
1224.5 0.5037379337214205
1225.0 0.8258115363713208
1225.5 1.053457656666525
1226.0 1.4184997381964384
1226.5 1.1293161224880364
1227.0 1.2203155335662914
1227.5 1.303363614419212
1228.0 1.3421849834676665
1228.5 1.2445722626515345
1229.0 0.9502633351778303
1229.5 1.2152836571810757
1230.0 0.5392655010291725
1230.5 1.0114721287611874
1231.0 0.9437753358975615
1231.5 1.085464903143722
1232.0 1.1367093402513786
1232.5 1.2507517742274226
1233.0 1.2835731085474409
1233.5 1.7927092145489687
1234.0 1.0720698116716068
1234.5 0.9685227214514023
1235.0 1.5049611405937484
1235.5 0.7804593543529503
1236.0 0.9864062218318315
1236.5 0.920245900920508
1237.0 0.9889948253048046
1237.5 0.922845159075192
1238.0 0.9641943315161625
1238.5 0.9941560515882666
1239.0 0.8511223612530574
1239.5 0.6864330901281059
1240.0 0.6210043797883876
1240.5 0.6483971828197441
1241.0 0.6535847371056726
1241.5 0.6837132473818794
1242.0 0.906091234191267
1242.5 0.7999450968217126
1243.0 0.5849927867482141
1243.5 0.7403260009276094
1244.0 0.7865722969771749
1244.5 0.44622600465920503
1245.0 0.8238310495790773
1245.5 0.6984211590672582
1246.0 0.7287007290176397
1246.5 0.7498928791829007
1247.0 0.6533265087520974
1247.5 0.8887062448604692
1248.0 0.5632257719108514
1248.5 0.5723626189994739
1249.0 0.7686040464192962
1249.5 0.8193576431036109
1250.0 0.7867184181660443
1250.5 0.6579395558379479
1251.0 0.9701467035256794
1251.5 1.0247462096226898
1252.0 0.6546017505119766
1252.5 0.7667916249996247
1253.0 0.9093856848444941
1253.5 0.8483854575309921
1254.0 0.6432173097095906
1254.5 1.3463403645200291
1255.0 1.606572252200721
1255.5 1.3362955453220702
1256.0 1.5027960255052741
1256.5 0.8143240484622122
1257.0 1.7651825079922927
1257.5 0.8551302841120296
1258.0 1.150053695840448
1258.5 1.3771315141688945
1259.0 1.4842419129420956
1259.5 1.900710011638607
1260.0 0.7315108113416788
1260.5 1.5691172313856014
1261.0 1.2871545687255832
1261.5 1.0729314299790897
1262.0 2.8073806908084284
1262.5 1.0671332299792324
1263.0 1.5972236301643639
1263.5 1.4817295612646904
1264.0 2.388548963128339
1264.5 2.210835264128976
1265.0 0.9456843848657551
1265.5 1.2030865389603447
1266.0 1.280989667373002
1266.5 0.8061966624181496
1267.0 0.9463539724909169
1267.5 1.0301973989967652
1268.0 0.9478248126053443
1268.5 1.0991267404043172
1269.0 0.7436429867107479
1269.5 0.8745757257656681
1270.0 1.1428576609114702
1270.5 0.39654123107008227
1271.0 0.7837803256099503
1271.5 0.68361953171912
1272.0 0.7718684848015089
1272.5 0.5307196821566136
1273.0 0.8269519906770129
1273.5 0.8801619477727056
1274.0 1.1755868942186756
1274.5 0.23578847247782336
1275.0 1.0730320058117535
1275.5 0.9393993467912345
1276.0 1.080084547250015
1276.5 0.8280122236040557
1277.0 0.9041561459237377
1277.5 0.884373290590792
1278.0 0.9545880837674392
1278.5 1.2448122382713414
1279.0 1.4361998709484243
1279.5 1.8952043062974973
1280.0 1.8627910335802629
1280.5 1.2867000251409444
1281.0 1.0188626212480538
1281.5 1.714861111366528
1282.0 1.1145500703744662
1282.5 0.9822160371889463
1283.0 0.49535663619158643
1283.5 0.8217686608037091
1284.0 0.834282836069066
1284.5 1.1754613997554166
1285.0 0.8922428657950372
1285.5 1.1924693806207536
1286.0 0.876551900551378
1286.5 0.8970797675946002
1287.0 0.8393131600008026
1287.5 1.064377548852423
1288.0 0.9966246395027041
1288.5 1.0098758027054795
1289.0 1.2515502332931199
1289.5 0.7651882124829393
1290.0 0.8954444084761704
1290.5 0.943190261428007
1291.0 1.0310647447861414
1291.5 0.7278464279362563
1292.0 1.3052869852282565
1292.5 0.8844665316157597
1293.0 0.9614626944280915
1293.5 1.3608504934125514
1294.0 0.7480676309795725
1294.5 1.4202635220046393
1295.0 0.5407654732879136
1295.5 1.0656094204431739
1296.0 0.799467621043144
1296.5 0.8850709573482068
1297.0 1.0437575304056828
1297.5 0.9779969085017538
1298.0 1.5657314652674077
1298.5 1.8317391832050716
1299.0 1.3485264393297096
1299.5 1.5422309127919007
1300.0 1.90470372370575
1300.5 1.3090427268455662
1301.0 0.7752022759886948
1301.5 2.0193398099093667
1302.0 2.190033692093107
1302.5 1.3329175859317048
1303.0 0.9102315689363956
1303.5 2.198101063003721
1304.0 1.646214768494633
1304.5 2.0289291606515354
1305.0 2.1016501267766063
1305.5 1.401723388367361
1306.0 1.3878874601668487
1306.5 2.533060262096946
1307.0 1.3836986783343606
1307.5 1.3598543516934187
1308.0 2.3496161285078285
1308.5 2.50187027638263
1309.0 1.5659700775769516
1309.5 2.2502836113157865
1310.0 1.6986511449153914
1310.5 1.8743410892616172
1311.0 0.7997943051410847
1311.5 1.9421731394713362
1312.0 1.6489750699865975
1312.5 1.387101211055708
1313.0 0.8688677342631215
1313.5 0.6025160393513975
1314.0 0.9228859449913553
1314.5 0.691494744509082
1315.0 0.7183704301086089
1315.5 1.0960230189364704
1316.0 2.2819479004097594
1316.5 1.0477363746845647
1317.0 1.1817486980576133
1317.5 1.3081553310753016
1318.0 0.7725441575101935
1318.5 1.7441513557164616
1319.0 2.570643995271099
1319.5 0.43454237795078243
1320.0 1.6033775071628116
1320.5 0.9559196353471353
1321.0 0.5380722212969924
1321.5 0.8555955799001932
1322.0 2.6503551324926873
1322.5 2.0783895015024876
1323.0 0.9689167466943168
1323.5 2.3576346246648043
1324.0 1.4297345739651361
1324.5 1.1978012304233432
1325.0 0.9731265969253391
1325.5 1.1214425790724056
1326.0 0.9419259835794664
1326.5 1.057136440198344
1327.0 1.4340865700550167
1327.5 0.7733215965694877
1328.0 0.990749067353355
1328.5 0.7688201699362993
1329.0 1.2326137342173995
1329.5 1.2131892590839346
1330.0 1.7633992538443133
1330.5 1.3894902212949762
1331.0 1.537029815000214
1331.5 1.2829774756920838
1332.0 1.6131294448456825
1332.5 1.0422167328268797
1333.0 0.96811921257859
1333.5 1.0638326995950567
1334.0 1.5041837973967134
1334.5 0.7564619961539505
1335.0 1.0224909275646492
1335.5 1.6559596256679672
1336.0 1.5159748747324127
1336.5 1.0357896210575168
1337.0 2.100369102349648
1337.5 1.967842961700943
1338.0 0.6077891187150105
1338.5 1.014365643040177
1339.0 1.0263041633149252
1339.5 1.0689746286032513
1340.0 0.8442423263796637
1340.5 0.8215937029501799
1341.0 0.8796516258421834
1341.5 1.2448444545091326
1342.0 0.8950147666920689
1342.5 1.1838034775937722
1343.0 1.1202050266247734
1343.5 1.1825129904125367
1344.0 1.1758757357968674
1344.5 0.5541908302591044
1345.0 1.0741234711529029
1345.5 2.2022188825191233
1346.0 1.4706142606464563
1346.5 2.1662297307078457
1347.0 1.91855321794888
1347.5 0.9659491581329653
1348.0 1.5804813572412644
1348.5 1.7908990188517198
1349.0 1.5462435549145936
1349.5 0.8376024767666256
1350.0 0.8829879558543864
1350.5 0.8473653464634863
1351.0 1.581484565612325
1351.5 1.4904666095828945
1352.0 1.9333279470442286
1352.5 1.2760597803264662
1353.0 1.2970051953531372
1353.5 1.4707250730157844
1354.0 1.0469901777653048
1354.5 0.5395916250484043
1355.0 1.0117459279826866
1355.5 1.0965143670282667
1356.0 0.7935461795011312
1356.5 1.0046207754912682
1357.0 0.7394990841510722
1357.5 0.8942847473354949
1358.0 1.00423718858395
1358.5 1.033361318451503
1359.0 0.6983745840581881
1359.5 0.6593150464660591
1360.0 0.6212156338928112
1360.5 1.2315802432207057
1361.0 0.5171677774043519
1361.5 0.8887457614741208
1362.0 1.1007148926397046
1362.5 0.8133364275820797
1363.0 0.847493695177428
1363.5 0.8227172413732378
1364.0 1.0876299869402795
1364.5 1.6176422094974325
1365.0 1.76740461953508
1365.5 1.395451966361179
1366.0 2.05609194501871
1366.5 1.8079127061124258
1367.0 1.7882777342854905
1367.5 1.5286938245773187
1368.0 1.7349431352509612
1368.5 1.3504446110763149
1369.0 1.2827076318257147
1369.5 2.2385948939004194
1370.0 2.8574307689599365
1370.5 1.8978237588192086
1371.0 1.6816310165364157
1371.5 1.0591506728310978
1372.0 2.0458757466310167
1372.5 1.0840999985106041
1373.0 0.46125282241801147
1373.5 2.7187562358118815
1374.0 1.7826542145663713
1374.5 0.8198051728196274
1375.0 1.052118343427129
1375.5 1.1914045151994666
1376.0 0.8123020946229171
1376.5 1.5166748299149628
1377.0 1.0750290608125503
1377.5 0.8423998236846764
1378.0 1.9659016546446453
1378.5 2.3633721470170164
1379.0 0.9961313275244159
1379.5 1.442408704320123
1380.0 2.523322342095279
1380.5 1.2676900666799928
1381.0 1.762334981823094
1381.5 0.9439533879061959
1382.0 2.416704382824057
1382.5 1.8450292020094408
1383.0 1.2577547202110435
1383.5 1.5808915751979433
1384.0 1.334218521357014
1384.5 1.986224948530035
1385.0 1.503291488674483
1385.5 1.5172442730891893
1386.0 1.231259420244662
1386.5 1.0615596155326374
1387.0 1.0058264447551655
1387.5 1.5850358124692123
1388.0 1.8177967110949518
1388.5 0.8762067487150712
1389.0 1.3894938965084862
1389.5 1.8882718239965288
1390.0 1.1504419562247519
1390.5 1.1915328672953076
1391.0 0.8064033159248505
1391.5 1.074149637895332
1392.0 1.5969189335362965
1392.5 1.7518661777786004
1393.0 1.4031202512387284
1393.5 1.1503586372134205
1394.0 1.3776816600969628
1394.5 2.4211029030355684
1395.0 1.073432859898742
1395.5 1.8747819932139904
1396.0 1.4758701635007965
1396.5 1.2325898669782374
1397.0 1.1514586422722035
1397.5 1.6566812973662148
1398.0 1.6620249517230854
1398.5 1.944371169577527
1399.0 1.1855278806925198
1399.5 1.342666574575105
1400.0 1.9251813063640237
1400.5 1.214869250182483
1401.0 1.8187653395812757
1401.5 1.3002406703672529
1402.0 1.2623231231304404
1402.5 0.53349744539266
1403.0 2.0813941890778445
1403.5 1.0081585873692231
1404.0 0.8418454303595493
1404.5 0.9734223253848808
1405.0 0.9396342013992394
1405.5 0.8939998251992332
1406.0 0.9123042790930114
1406.5 1.0540842351243747
1407.0 2.26223989755721
1407.5 1.2736619227733286
1408.0 2.187399058974673
1408.5 1.8646245262601238
1409.0 1.8155611761403563
1409.5 0.901958735342167
1410.0 1.7569402857170784
1410.5 1.3529006601512596
1411.0 1.2135992563463867
1411.5 1.51457906343157
1412.0 0.9158964963518593
1412.5 1.1841477907892812
1413.0 0.8966897718752328
1413.5 0.9771925128315339
1414.0 0.6389692063088522
1414.5 1.1842754551706847
1415.0 1.438063308812219
1415.5 2.1921176066595045
1416.0 1.0100846314090053
1416.5 1.0580009907024883
1417.0 0.7341309972208181
1417.5 0.536999083517273
1418.0 0.6137777562613309
1418.5 1.3314346233845002
1419.0 1.171041261996002
1419.5 1.2636473651824702
1420.0 0.7692093411951983
1420.5 1.0342063053896402
1421.0 1.5548149926253407
1421.5 0.6123295258234517
1422.0 1.727305965829287
1422.5 1.2422137087855702
1423.0 1.6148633217837158
1423.5 0.7017048261362231
1424.0 1.381764773287101
1424.5 1.199556790254936
1425.0 1.1649331443658877
1425.5 1.3347448565676978
1426.0 0.9249325621874975
1426.5 1.1114445576863063
1427.0 1.1786897223313364
1427.5 1.2269737522000004
1428.0 0.9285580242774798
1428.5 0.9854633324116701
1429.0 1.5584152856884608
1429.5 1.627926525317766
1430.0 1.5609601236411108
1430.5 1.5698338370440605
1431.0 1.5575324986886858
1431.5 1.0560764012475121
1432.0 1.4483440660696483
1432.5 2.0227602821036363
1433.0 1.4574046149057747
1433.5 1.7404116544024677
1434.0 1.0205065835404485
1434.5 0.6182563207031597
1435.0 2.513283980468959
1435.5 2.0049200864836823
1436.0 2.1652220642918656
1436.5 2.1543149229038243
1437.0 0.4855425446766972
1437.5 2.2909034926180674
1438.0 1.5359171939706506
1438.5 2.504390241086943
1439.0 0.8356051135687348
