0 0.8714128221880983
0.5 1.3477681265535746
1.0 1.7553490602018162
1.5 1.3217100034869413
2.0 1.4255600011826022
2.5 0.9953768248798399
3.0 1.3389543594811717
3.5 1.0172397814203042
4.0 1.0102953835248285
4.5 1.186112209157963
5.0 0.9813191282603204
5.5 0.6261740277549664
6.0 1.133920955052957
6.5 0.7188128012584585
7.0 0.8283434883695475
7.5 0.5774500840929784
8.0 1.0611813315795198
8.5 0.8621918887965745
9.0 1.2002705617353508
9.5 1.0581296950094194
10.0 0.5565246180518019
10.5 1.2645617336543702
11.0 0.9164759474115372
11.5 1.2200478893737634
12.0 1.3463596762957273
12.5 0.7717851336682449
13.0 1.0532336897573367
13.5 0.9799132935688786
14.0 0.7151473513051436
14.5 0.6951957244966829
15.0 0.8393741429456469
15.5 1.1931459213149551
16.0 0.2898436520837437
16.5 1.1488674978266786
17.0 1.3018533614036352
17.5 0.9651314663915838
18.0 0.8985895649482873
18.5 0.7849171694837476
19.0 0.8634265431432224
19.5 1.3235718729818953
20.0 0.8851770017552325
20.5 1.0796200692228524
21.0 1.1784513851145386
21.5 1.0075238437629126
22.0 1.0581313121615665
22.5 0.816966972354039
23.0 1.0741523985313441
23.5 1.1590829711780684
24.0 0.8452564954671886
24.5 0.9040775050026738
25.0 1.037585614087694
25.5 1.044192038542963
26.0 1.4412796599332751
26.5 1.3825854888120024
27.0 0.9128631053733238
27.5 0.939522466264429
28.0 1.2567736472990245
28.5 1.5996818211237391
29.0 0.5559402162855506
29.5 0.7474691183425439
30.0 1.2474020345911345
30.5 1.7596881617532563
31.0 1.7111002222114942
31.5 0.944059513033094
32.0 1.111801089983973
32.5 1.2542318830951418
33.0 1.1354765789691819
33.5 1.2620236430679161
34.0 1.288938416677099
34.5 0.8109847305027482
35.0 1.0282597264234479
35.5 1.0261377347835716
36.0 0.7675428208001915
36.5 0.9612028343525036
37.0 0.5986591945769947
37.5 1.0781198032744186
38.0 0.7519615417605834
38.5 0.8007833148714654
39.0 1.0185624728952374
39.5 0.9559504356580577
40.0 1.02005849911358
40.5 0.9844083472110865
41.0 1.4388973562726757
41.5 1.5619064343312135
42.0 2.410799032676688
42.5 1.2364839855259335
43.0 0.6880117576055094
43.5 1.4739588542347373
44.0 1.367754276777943
44.5 0.6137472663892588
45.0 1.1139667099147965
45.5 0.589077853880098
46.0 1.0889022697911535
46.5 0.7155373917471097
47.0 0.6221902925430258
47.5 1.0208709426411826
48.0 0.6991574564474775
48.5 0.7033339421029218
49.0 0.6234227347868657
49.5 0.7411219449537576
50.0 0.5275055697987252
50.5 0.6727403361803737
51.0 0.7924597495710297
51.5 0.7219164030811334
52.0 0.7514150566938127
52.5 0.5837989860221049
53.0 0.6613392018141739
53.5 0.6184997755249865
54.0 0.6590713443649167
54.5 0.6624805767986457
55.0 0.5493279524922414
55.5 0.8005152342603203
56.0 0.5889370831540846
56.5 0.7355588575940146
57.0 1.0756225862582411
57.5 0.8432130548599032
58.0 1.2330171323161996
58.5 1.0034678708563638
59.0 1.4921590319624636
59.5 0.6320560606831064
60.0 0.8529309975082127
60.5 1.0576922260610884
61.0 1.5960132087768464
61.5 1.2607537985380952
62.0 0.7666719045772344
62.5 1.4910506974244484
63.0 1.2083632795697221
63.5 0.9850218026278306
64.0 1.460776943672366
64.5 1.3019272898488647
65.0 1.1178049503209475
65.5 1.4549682982503658
66.0 1.2563346498828183
66.5 1.392162933427099
67.0 1.7324952646348284
67.5 1.3616325659463746
68.0 1.5275335572222088
68.5 1.470820773458875
69.0 1.3337651055822914
69.5 0.8986589677730874
70.0 1.8921616286072074
70.5 1.7876074907737278
71.0 0.3719107799906578
71.5 0.8100638870379037
72.0 1.2073754261005476
72.5 1.0555992895994228
73.0 0.9435421344829
73.5 0.6977827924163451
74.0 1.179364377261404
74.5 0.6114647049926796
75.0 0.8243189179388457
75.5 1.0394053032565527
76.0 1.0101201182699904
76.5 1.2378319132838373
77.0 1.0836468967187105
77.5 1.0727410270521367
78.0 0.7692502844550795
78.5 1.2061712866599832
79.0 1.2694546299048297
79.5 1.3679934712791644
80.0 1.1436610886389618
80.5 1.028628882900957
81.0 0.9304606849600388
81.5 1.019667790487307
82.0 1.1319953347194978
82.5 1.4143849619846605
83.0 1.2775866358837389
83.5 1.1805208142264114
84.0 1.2795770638921855
84.5 0.7773611281652899
85.0 0.9682054771324613
85.5 0.6856612791371773
86.0 0.9831354412957384
86.5 1.2475833282503128
87.0 0.7917116311764404
87.5 1.4977787355679126
88.0 1.040835513620578
88.5 1.006496505511013
89.0 1.1096474386984974
89.5 1.0765473685372964
90.0 1.6740235512783834
90.5 1.7878567666213885
91.0 2.0149061727822155
91.5 1.417557850257846
92.0 0.9720904118923913
92.5 1.1291700216204466
93.0 0.787880928651735
93.5 0.6601724967702025
94.0 1.6114557877368307
94.5 1.2069454868395728
95.0 1.5873954356353899
95.5 0.5274924568529451
96.0 0.7691252964639068
96.5 1.680632404906627
97.0 0.8383985019203327
97.5 1.1437946266558336
98.0 1.0485358527135664
98.5 1.1980695941861126
99.0 1.7667946535905528
99.5 1.2001306466787454
100.0 0.9163719493155793
100.5 1.0326800060325785
101.0 0.7119423707330919
101.5 0.7428177576827333
102.0 0.7968433006096403
102.5 0.8430421688059926
103.0 0.5714375623232344
103.5 0.9417758282945463
104.0 0.820579555749603
104.5 0.8608561988231882
105.0 0.604343931278207
105.5 0.5785028453194236
106.0 0.6283597407571511
106.5 0.7836343269617458
107.0 0.810469232849123
107.5 0.6727452006515546
108.0 0.7683651573099526
108.5 0.6111115020152549
109.0 0.7481541856706433
109.5 0.6449182216513831
110.0 0.6778083290541659
110.5 0.6955398433457247
111.0 0.7563618014156537
111.5 0.8547973839385345
112.0 0.8053696332102209
112.5 1.0655985806766197
113.0 1.309266642180987
113.5 1.3069242664147858
114.0 0.46828608281179696
114.5 1.6865823435441594
115.0 0.9600143624662837
115.5 1.9153248498865396
116.0 1.3264414993571725
116.5 1.222344393371474
117.0 1.3581191637103522
117.5 1.4626947931499235
118.0 1.2933870254889963
118.5 1.0808985902477235
119.0 0.6673014183108328
119.5 1.7342897238693438
120.0 1.2909900099263287
120.5 1.3245430102779685
121.0 1.798762443379073
121.5 1.7434484156761751
122.0 1.664940010000887
122.5 1.3560980169416412
123.0 1.6020354338385574
123.5 0.5766830989050806
124.0 0.7768066905001451
124.5 1.220887049016152
125.0 1.6691181418900949
125.5 2.4683172406044855
126.0 2.1631603949762246
126.5 1.3722778782653173
127.0 1.2252151460920706
127.5 1.35551818566346
128.0 1.8583383924575816
128.5 2.216673961410665
129.0 1.3147591704050627
129.5 1.52023494602737
130.0 1.9453908383160352
130.5 1.8138286409356534
131.0 1.2599476488820662
131.5 1.2030812049121828
132.0 1.1207246331873553
132.5 0.992592072936857
133.0 2.225082380002943
133.5 2.1987049826965857
134.0 1.3945726804508318
134.5 0.9542803633997237
135.0 1.888301403807203
135.5 1.2211022127518225
136.0 0.9830717069889436
136.5 1.1669280728604625
137.0 1.1059393693406223
137.5 1.2764245472282003
138.0 1.1626718152694537
138.5 2.027289518831922
139.0 1.7111157427145862
139.5 1.1500182509886854
140.0 1.1637163421622818
140.5 0.9329755563047564
141.0 1.0464320031431877
141.5 0.9884927424627694
142.0 0.9872175200748263
142.5 0.6027934032484705
143.0 0.6181951130345614
143.5 1.0071623023423202
144.0 0.9550983267745483
144.5 0.7651161998697797
145.0 1.0379043363805942
145.5 0.8626372947372657
146.0 1.267020969300456
146.5 1.0550864182936597
147.0 1.2143408584143405
147.5 1.056160486702398
148.0 0.7750883893961631
148.5 0.8471656634203737
149.0 0.9927289908039989
149.5 0.7846783991743662
150.0 1.3646462756867475
150.5 1.0034305546343523
151.0 1.5000914327055321
151.5 0.8719910137778761
152.0 1.320455936509913
152.5 1.0981886238732474
153.0 1.1626566374584515
153.5 1.2517179862184098
154.0 1.116991816093954
154.5 1.3639413739083455
155.0 1.4913003600022119
155.5 1.1331468796829074
156.0 1.0615280787202264
156.5 1.5239018035908531
157.0 0.7754469666520234
157.5 1.2673109370440583
158.0 1.176544752428908
158.5 1.532034507466379
159.0 2.092479940057824
159.5 1.5613166207961735
160.0 1.4017357528327627
160.5 0.7130990708669872
161.0 1.0282781921597612
161.5 1.1474136302359261
162.0 1.3740060127305842
162.5 1.1461809085720571
163.0 1.4695622396912822
163.5 1.561216082165631
164.0 1.3805227560226716
164.5 0.8315595018415625
165.0 1.3121252518385211
165.5 0.803622854527305
166.0 1.530202671292929
166.5 1.5441868175711473
167.0 0.6383034065279719
167.5 0.40463789030151787
168.0 0.8567974282750304
168.5 0.9139936658761576
169.0 0.8252984330018238
169.5 1.3336483777071177
170.0 1.476065345067126
170.5 2.101745918788345
171.0 2.1535366512724052
171.5 1.3430555994493911
172.0 1.0351050153983383
172.5 1.5622081368122722
173.0 1.487670334528157
173.5 2.2425785956767084
174.0 1.3169019875480197
174.5 0.9913461128054604
175.0 0.827037367876664
175.5 0.5230469091677321
176.0 0.4259830704790256
176.5 1.1643731769516341
177.0 1.4720265740605019
177.5 1.1424142442326102
178.0 1.5189632112151696
178.5 1.1476989262865418
179.0 1.0537633322139093
179.5 1.1731836621232525
180.0 1.4022275414788727
180.5 0.5996497975222146
181.0 0.9184450207535971
181.5 0.765418259799348
182.0 1.210060756587291
182.5 0.9335010019007277
183.0 0.8690420124101973
183.5 1.1572695416092191
184.0 0.8972106594495382
184.5 1.2787560115636087
185.0 1.3727334513868612
185.5 0.36795132338114
186.0 1.523337350389106
186.5 1.3010383501923357
187.0 1.0675345863500456
187.5 1.487705805315996
188.0 1.5291250042917
188.5 0.8274697529958825
189.0 1.7622172791257213
189.5 0.9397975170031587
190.0 1.1722555612835035
190.5 1.5831101402037906
191.0 1.3423888718491632
191.5 1.5813459142340407
192.0 1.5359801893370228
192.5 1.4802011948047764
193.0 1.3238197964270744
193.5 0.7213637990679674
194.0 1.3096744137842418
194.5 2.0073697895306566
195.0 0.9227842127734143
195.5 0.7130475382195618
196.0 0.9486297075128893
196.5 0.5299187139861259
197.0 1.0964383494758365
197.5 0.8970062282243056
198.0 0.6271343488261245
198.5 0.9230648015422749
199.0 0.9849187264659023
199.5 1.0831732628340822
200.0 0.616041165781932
200.5 1.3543450449817862
201.0 1.3394975503118856
201.5 1.8029039427844022
202.0 1.0273949706664274
202.5 1.3467718352375688
203.0 1.9648317615013056
203.5 0.6367578783552174
204.0 1.3441494614185432
204.5 0.7987482535888484
205.0 0.6539791568296791
205.5 0.8357650553469129
206.0 0.9133080122702897
206.5 1.7566972946181743
207.0 1.7430593439275721
207.5 1.1491549908220533
208.0 2.0242236738347072
208.5 1.84556462775758
209.0 0.2
209.5 0.6155772374913395
210.0 1.8127305458447176
210.5 0.8820446785504565
211.0 1.6447307381639886
211.5 1.7646051016706146
212.0 1.2679989817295332
212.5 2.193393964644628
213.0 0.9413414892618537
213.5 0.8176976578681722
214.0 0.8822774194105805
214.5 1.4057240677997167
215.0 1.4921993577660466
215.5 1.6587199795477192
216.0 2.01477575373299
216.5 1.1391464744229938
217.0 0.42426925364389134
217.5 1.3484479878419429
218.0 1.075353756077157
218.5 1.9832841202231424
219.0 1.6202532888545842
219.5 1.550083646170993
220.0 1.6140249987747564
220.5 1.4163439351529123
221.0 1.2121536618957136
221.5 0.8826397033902538
222.0 0.7009566397468827
222.5 0.5096822133556972
223.0 1.9270700758103776
223.5 1.3982032747907227
224.0 1.18882275834558
224.5 1.210775647094694
225.0 1.2048569585631772
225.5 0.9474810779311642
226.0 0.2
226.5 0.8875991332112103
227.0 0.9995031655189186
227.5 1.1574255704454885
228.0 1.1854193638478763
228.5 1.652502251662867
229.0 0.37484919794384286
229.5 0.42736940421718805
230.0 0.9400943535019407
230.5 1.2866869296145511
231.0 0.8064947631049737
231.5 1.0046531303996522
232.0 1.1304061546013864
232.5 1.10250778409619
233.0 1.7349455009002748
233.5 1.7804390566154797
234.0 0.9804240818403045
234.5 1.5567865735771031
235.0 1.1335155692628212
235.5 1.5841049685616044
236.0 1.3098003715022313
236.5 1.1387374197500013
237.0 1.456887092344585
237.5 1.373228361828319
238.0 1.8439360390386095
238.5 1.5782036619622102
239.0 1.9636762185741177
239.5 1.1176073205951411
240.0 0.3546675141009047
240.5 1.1075848791743534
241.0 1.6248030530900093
241.5 1.6647563630259423
242.0 0.7974215263544197
242.5 1.1070647910754576
243.0 1.6112694292970413
243.5 0.603156381239341
244.0 1.4754259867502744
244.5 1.1284037749911098
245.0 1.1565875180505227
245.5 0.9646665682817153
246.0 0.9622980892133199
246.5 1.4160477380716496
247.0 1.2151974786982596
247.5 1.2509565940694602
248.0 1.1030779152878125
248.5 1.24961242679083
249.0 1.3745098926071955
249.5 0.7801983756343711
250.0 1.266462052419098
250.5 0.8023568470798395
251.0 0.2
251.5 1.3304959720243916
252.0 1.093838414427022
252.5 0.7196609218107843
253.0 1.087256202734869
253.5 0.9586712439049826
254.0 1.1562941953269061
254.5 1.3759001942971738
255.0 0.6456263704075862
255.5 0.6909541512587836
256.0 0.8656348178874372
256.5 0.8748458144810983
257.0 0.8200250597594574
257.5 0.6162802145258757
258.0 0.8263109926977223
258.5 1.1313473534945642
259.0 1.5608515423886935
259.5 1.3080626090417122
260.0 1.1424194463472217
260.5 2.08963057474055
261.0 0.7141151496972391
261.5 1.220164318550514
262.0 1.7684030897080687
262.5 0.7906635903143563
263.0 1.1346454722825137
263.5 1.4373128847382666
264.0 1.7645131708375226
264.5 0.3809754991382095
265.0 1.6108925080210377
265.5 0.9985160900679833
266.0 2.2408332487755955
266.5 1.2999826271568167
267.0 1.4182320707218938
267.5 1.464831094641488
268.0 1.5468605501858823
268.5 1.8776395546708848
269.0 1.959730886269755
269.5 1.6527744042940253
270.0 1.7431787815379765
270.5 1.1264636822895249
271.0 0.4861209632322042
271.5 1.3656866855912977
272.0 1.0152186807983654
272.5 1.2413785566274234
273.0 0.8379715886354997
273.5 1.4975367030947528
274.0 1.4099360293200522
274.5 0.9516837729000517
275.0 0.9966477872037165
275.5 0.7141165953644726
276.0 0.5715299092600306
276.5 0.8088399239321119
277.0 1.160358849480763
277.5 0.9752042868920445
278.0 1.1116763957132005
278.5 0.9226767500026921
279.0 0.8938231084105477
279.5 1.038232788429551
280.0 0.2
280.5 1.5460887499238973
281.0 0.8897706970342711
281.5 1.0519088863157846
282.0 1.662416232824618
282.5 1.1665150399402147
283.0 1.0454380737976665
283.5 0.6745232883292545
284.0 0.6143537671360897
284.5 0.6259947423331853
285.0 0.7954692563850612
285.5 0.7335654108182728
286.0 0.753661382877892
286.5 0.7176636132687102
287.0 2.030226087654616
287.5 1.3993114886933136
288.0 1.2704037266297319
288.5 1.7593701286519934
289.0 2.186742440487423
289.5 1.1538649190085564
290.0 1.7549415156524735
290.5 1.3061148314867332
291.0 0.6757606681285834
291.5 0.6593820686394538
292.0 0.6179970156524381
292.5 0.7742396152111324
293.0 0.7932750488717424
293.5 1.012170842485634
294.0 1.074395205270203
294.5 0.817383170992934
295.0 0.8473421221093873
295.5 0.8466840935596256
296.0 1.12343092184802
296.5 0.7917515967713723
297.0 1.2793560653400688
297.5 1.3366455503146288
298.0 2.0912525016829977
298.5 1.2795904019186268
299.0 2.2724474575415154
299.5 1.320492283298778
300.0 2.058147201061357
300.5 1.3131371897219544
301.0 1.7167489810182777
301.5 1.3805849789852709
302.0 0.965035771283185
302.5 1.4857936738882291
303.0 1.4376856572491765
303.5 0.8030074431235534
304.0 1.1291557603473046
304.5 0.8125811569821064
305.0 1.089799912497637
305.5 1.6093719759287985
306.0 1.9303019966611412
306.5 1.0607142182808962
307.0 1.251779215642483
307.5 1.114584790883468
308.0 1.7383463710858502
308.5 1.0094584229224062
309.0 1.209110927170667
309.5 0.5361510233650191
310.0 1.4922155519140672
310.5 1.4478574292075812
311.0 1.2458121365537593
311.5 0.863345445318086
312.0 1.3786314135737867
312.5 0.9596966207845744
313.0 0.8451661829732307
313.5 1.2291405695762163
314.0 0.7599635694957688
314.5 1.5306210107373546
315.0 0.9852327916552227
315.5 1.8135843417487654
316.0 1.35099951416924
316.5 1.781403233326172
317.0 1.0994288931488407
317.5 1.2321281243355722
318.0 0.7722018955106726
318.5 1.6353224561875686
319.0 1.0872083643304
319.5 0.953992974330131
320.0 1.5375970714051301
320.5 0.9061749945426388
321.0 1.735786688642502
321.5 1.2939090994915108
322.0 1.222017792762177
322.5 1.2190967435626983
323.0 1.4685485745520324
323.5 1.2136755389492588
324.0 1.4468260759485727
324.5 1.6184986964167591
325.0 1.1082702018659567
325.5 1.572700818832448
326.0 1.4819353881504589
326.5 0.6310204850837879
327.0 0.8517761836410948
327.5 0.7883508128422313
328.0 1.0760303176773003
328.5 0.6976892267518504
329.0 0.6018229390292672
329.5 0.7730154757572194
330.0 0.7886847307759033
330.5 0.6827932366867943
331.0 0.9315260691356039
331.5 0.871500153808878
332.0 0.9228932456046488
332.5 0.8801248939920799
333.0 0.7494327469717962
333.5 0.9096030033961016
334.0 1.6669092023495633
334.5 1.1505660381026854
335.0 1.2018107727928864
335.5 1.303625446679871
336.0 1.5613459473095728
336.5 1.3837060160062906
337.0 1.8366262855424231
337.5 1.8219839648538623
338.0 0.8873862613009351
338.5 0.6845229416788807
339.0 1.1356659854160505
339.5 0.6891865094563007
340.0 0.7958575089778892
340.5 1.2153320298861576
341.0 0.6213831692343745
341.5 1.2399955485583267
342.0 1.5061025876921819
342.5 0.7728071066985275
343.0 0.9213673745075452
343.5 0.9403690539226237
344.0 0.4618634288250524
344.5 0.623505291943169
345.0 1.0934668731577435
345.5 1.0190314606465753
346.0 1.070397441212541
346.5 0.8003339226119316
347.0 0.6798208770536683
347.5 0.9125913864203579
348.0 0.6962969182143874
348.5 0.6795492208076526
349.0 0.8656249380562876
349.5 0.8376999284107202
350.0 0.514711780833075
350.5 1.4645765401578126
351.0 1.4767929128845398
351.5 0.8827196389359784
352.0 1.4129314796847061
352.5 1.1312749854050934
353.0 1.347249998766356
353.5 0.7377237763707244
354.0 1.0517891776544706
354.5 1.0838276848026958
355.0 0.5873856549298297
355.5 0.9739680313658183
356.0 0.5501771811654236
356.5 1.344236529185611
357.0 0.6942070389816432
357.5 0.8210940494996111
358.0 0.8562858393361086
358.5 0.9055878019069239
359.0 1.0061053525867572
359.5 0.8155514085819792
360.0 0.9812915552979611
360.5 0.7732358395733138
361.0 0.8450155776025776
361.5 0.6892472501985779
362.0 0.878031663687575
362.5 0.8705443199638888
363.0 0.6888492659813883
363.5 0.6030449236395423
364.0 0.774662749932709
364.5 0.7949614937372695
365.0 0.6117089044299744
365.5 0.9207770413731557
366.0 1.3648582028493674
366.5 0.7797748648773495
367.0 0.9422444467756004
367.5 0.8622085541527422
368.0 1.6065671929547443
368.5 1.0177103717533946
369.0 0.9653889203537074
369.5 0.8768258268503278
370.0 0.8257295085798577
370.5 1.1012352044938551
371.0 0.7752335928954547
371.5 0.7938958803618432
372.0 0.8082836499822588
372.5 0.6271856858543203
373.0 0.7005704341833247
373.5 0.5619434142937354
374.0 0.8444980948567171
374.5 0.9772417316431598
375.0 1.0899198934802676
375.5 0.651111759284821
376.0 0.5581092843435074
376.5 1.376320934397386
377.0 0.7845690987843794
377.5 0.7949456144682442
378.0 1.0646479212207007
378.5 0.819287745675249
379.0 0.5563635332819461
379.5 1.2472033881202282
380.0 1.3016136312108024
380.5 0.9143504965451505
381.0 1.455631798622791
381.5 1.3274493634872413
382.0 0.8000201358930363
382.5 1.292104072481068
383.0 1.240574277946318
383.5 1.6520183188368844
384.0 0.9455338368315149
384.5 1.447004400708212
385.0 1.5625715210550837
385.5 0.9176373003443845
386.0 1.010464493063862
386.5 0.8129629258249733
387.0 0.7847148111811377
387.5 0.8226570800389597
388.0 0.8078348142181349
388.5 0.6385070308332851
389.0 0.5654307846903537
389.5 0.7438803330184351
390.0 0.816737334504293
390.5 0.7685460163044306
391.0 0.6454262959373556
391.5 0.6597481870554702
392.0 0.5587114830856184
392.5 0.7800835163376709
393.0 0.8904409049826296
393.5 0.8715370731655399
394.0 0.8040324625184156
394.5 0.7446122524454009
395.0 0.5937674819672321
395.5 0.4711953374979247
396.0 0.6042651045570597
396.5 0.6542736363969035
397.0 0.7011450236656318
397.5 0.6626849547496727
398.0 0.5235496135124718
398.5 0.779203870404374
399.0 1.4584715466209532
399.5 0.8909717544824827
400.0 1.2168174907899765
400.5 1.4861239549722853
401.0 0.8971336073139988
401.5 1.1730587065604245
402.0 0.2699576001353118
402.5 1.699888183016115
403.0 1.1969275634715997
403.5 0.890769024829343
404.0 1.3951103600255068
404.5 1.4676231909260065
405.0 1.0899174608964308
405.5 1.2434170427687417
406.0 1.3032527167536923
406.5 0.9128729129900617
407.0 1.5554377015472003
407.5 1.7373182991668965
408.0 1.9911271437270068
408.5 0.902755918650183
409.0 0.9709156146352776
409.5 1.6175521849293861
410.0 1.5024226790362585
410.5 1.078355047975164
411.0 1.3947373659857432
411.5 0.7602877416202225
412.0 0.6924561190196268
412.5 1.1844346003609454
413.0 0.7227128621965624
413.5 1.1058379395919795
414.0 0.9960954620850457
414.5 1.089773276868867
415.0 1.06973739459756
415.5 1.2543117113794549
416.0 1.477000661455662
416.5 0.985111738965347
417.0 0.7411986098931616
417.5 1.0714314712720947
418.0 1.1139490668940049
418.5 0.956829845888364
419.0 1.2347916826318832
419.5 0.6593350489866443
420.0 0.9640517543594385
420.5 0.8479094547582249
421.0 0.5775312652182532
421.5 1.2110960481807378
422.0 1.297250949574346
422.5 0.5884982945871431
423.0 1.2353160228985558
423.5 0.7122695098248495
424.0 0.8595644699845615
424.5 0.793239825526091
425.0 0.749675966684753
425.5 0.7755828312061637
426.0 1.955527287163336
426.5 0.7678702905851795
427.0 2.095646159722655
427.5 2.179530065153913
428.0 1.9803317181656845
428.5 2.3899572539076037
429.0 1.373850032722276
429.5 1.342797301531606
430.0 1.5236162562513753
430.5 1.7003218179007877
431.0 1.5811138144778876
431.5 2.244626086414187
432.0 1.7493032110720714
432.5 2.4763014683354636
433.0 1.0323719760541372
433.5 1.8352643776666104
434.0 2.1638477993902967
434.5 1.4449796304214442
435.0 1.6956844770633865
435.5 1.4962504375659562
436.0 1.1067942142054856
436.5 1.8903253357960745
437.0 1.3140695250300036
437.5 1.4744036242725507
438.0 0.9089072335573392
438.5 1.0321988011081746
439.0 1.2913649853528093
439.5 0.9567653320698458
440.0 1.6872218539744628
440.5 0.4998399173605957
441.0 1.3340679520470724
441.5 0.8882591883254818
442.0 0.9783667004079544
442.5 0.8946391530288258
443.0 0.604257008833937
443.5 0.7238377632573649
444.0 0.9614522413078914
444.5 1.0681104631222889
445.0 1.217164775236962
445.5 0.7906292124660488
446.0 0.50884111221018
446.5 1.5031065625839843
447.0 1.903703691449902
447.5 1.1059726517661472
448.0 1.2008039560327712
448.5 0.6089772791250885
449.0 0.9593235029778322
449.5 1.6780550846087188
450.0 1.1874639473311779
450.5 1.0784636103763048
451.0 0.9432799172752523
451.5 1.2096090122016823
452.0 1.016071307319074
452.5 1.1152272160894605
453.0 1.3370582016573629
453.5 0.782339191192275
454.0 0.9565610326661845
454.5 1.3810043483633616
455.0 1.592133775488451
455.5 1.0907226489604531
456.0 1.3072014370240612
456.5 1.6265187001133452
457.0 1.201187443595614
457.5 1.4969034774238286
458.0 1.2386685969200157
458.5 1.6153020709019508
459.0 1.4698818024108216
459.5 1.019935633705391
460.0 0.6580029091337151
460.5 1.206173557242203
461.0 0.6776109664361254
461.5 0.9021243087504416
462.0 0.8691378076837115
462.5 0.775290466494166
463.0 0.7935015387805612
463.5 0.7724228734139318
464.0 0.7576031897607113
464.5 0.8751158919845844
465.0 0.8809209836812113
465.5 0.851449943072672
466.0 0.3699390489595106
466.5 0.8135213831944313
467.0 0.7938782213781438
467.5 0.9913476296571657
468.0 1.1165254369697257
468.5 0.9522567108741663
469.0 0.6614959961373181
469.5 0.9526776265108783
470.0 1.2862921967789156
470.5 0.913905625198138
471.0 1.7042715668728676
471.5 1.9595924926601622
472.0 0.8969915993963524
472.5 0.813114781027116
473.0 1.926882498017934
473.5 1.1924961355765131
474.0 1.4762658366787011
474.5 1.3488667923054503
475.0 0.6468290297859424
475.5 0.9961414260368961
476.0 0.7516216511102602
476.5 0.8666849582132509
477.0 2.258764233366706
477.5 1.0691004611707309
478.0 1.4995743593817994
478.5 1.7553028176808776
479.0 1.480047867035558
479.5 2.0452774269870018
480.0 1.608772608422409
480.5 1.2991522374880131
481.0 2.490500692544914
481.5 1.8778254576769826
482.0 1.4410422764110142
482.5 0.8253892382948023
483.0 0.917655455132523
483.5 0.5500070045747808
484.0 1.1264059212672886
484.5 0.7829549329339451
485.0 1.007759924970055
485.5 0.5545650663548745
486.0 0.8317866132717476
486.5 0.8117679295331446
487.0 0.6119648627552947
487.5 0.7163887469280932
488.0 0.6669623488168333
488.5 0.6920303949750133
489.0 1.0576017137349942
489.5 0.5475415917845383
490.0 1.2747718761616988
490.5 0.8045632199754038
491.0 0.773705184307758
491.5 1.0357376904362816
492.0 1.0620248731632052
492.5 1.216403857906253
493.0 0.6828913494586382
493.5 0.8157134459758932
494.0 0.6635856424884856
494.5 1.0281376811595162
495.0 0.7925835397332808
495.5 0.8182862059334906
496.0 1.0728941097298208
496.5 1.095414810066873
497.0 0.8704474093178918
497.5 1.0434115593531077
498.0 0.9754196424759001
498.5 1.0987362639708664
499.0 0.791523382450692
499.5 1.2036961317240487
500.0 0.9112302917491557
500.5 0.8758569312667605
501.0 1.2711662014955358
501.5 0.8416691612350348
502.0 1.401959654536447
502.5 1.2451872854852644
503.0 1.3219335386773905
503.5 0.9079758917040008
504.0 0.5462145231124023
504.5 0.6621513320686826
505.0 1.1442146295504267
505.5 0.693275552412896
506.0 1.2603041910313602
506.5 0.7165699009017684
507.0 0.7758516742901489
507.5 1.4098696117538283
508.0 0.5442431221396504
508.5 1.313401210241457
509.0 0.6165231874788006
509.5 0.7674201071837916
510.0 0.8862607276565133
510.5 0.7475208224865593
511.0 0.8963608300643039
511.5 0.6844473232174857
512.0 1.182861272043345
512.5 0.9989754142001626
513.0 0.8520955173581793
513.5 0.8825362963993562
514.0 0.7354756216988468
514.5 1.7903999967780222
515.0 1.7642049916110683
515.5 2.5805168743983247
516.0 1.9425500667700892
516.5 2.0130713919872165
517.0 1.7027755812551013
517.5 0.608284310366897
518.0 0.7688678679204921
518.5 0.5437408673972133
519.0 1.0561561360700926
519.5 0.8446043546549236
520.0 0.7752387855410525
520.5 0.4285505097253311
521.0 0.699680686989347
521.5 0.6716324711917993
522.0 0.5154888255797946
522.5 0.8974304957238411
523.0 0.9803453932524553
523.5 0.6757637554135685
524.0 1.0910851053620994
524.5 0.821214597352985
525.0 0.9556611737803367
525.5 1.0806557572841997
526.0 1.4725450567537965
526.5 0.2
527.0 2.0755631189377253
527.5 0.7220923117791573
528.0 0.650881255770246
528.5 2.326478393765253
529.0 1.7245455934852052
529.5 1.9537886733764545
530.0 1.8600940818843217
530.5 1.3712276161877601
531.0 1.451066286241879
531.5 1.669281724736225
532.0 0.5416716980357572
532.5 1.150195082045333
533.0 0.8507739974831375
533.5 0.9503109540237415
534.0 1.1767155615746638
534.5 1.4644294757167533
535.0 1.7260160406889418
535.5 1.9047200587690338
536.0 1.792377236992162
536.5 1.752797067455221
537.0 1.030628745730136
537.5 0.7145942453183285
538.0 1.420863616669957
538.5 0.9458865365184463
539.0 1.2099297913444167
539.5 0.572165677987862
540.0 0.8307143486676648
540.5 1.7471964916188747
541.0 1.9166799376677175
541.5 2.3835782737117204
542.0 1.2454210119773188
542.5 2.1044304986106104
543.0 2.377091712476175
543.5 1.3285745253480763
544.0 1.5886784935301501
544.5 2.215870663373992
545.0 1.2440909219570355
545.5 1.1801300728253588
546.0 0.9815873460143001
546.5 1.0102723770384334
547.0 0.6305417869667329
547.5 0.8749081107998802
548.0 1.1148926709094067
548.5 1.4677252810499155
549.0 0.5861645802196518
549.5 1.08348128335833
550.0 1.2245518187138993
550.5 0.9013575249607326
551.0 1.051688608305273
551.5 1.308680227062129
552.0 0.9448494142633225
552.5 0.7855626608082754
553.0 1.0509404721694282
553.5 1.045675702416705
554.0 1.3163110952381953
554.5 2.08690298524627
555.0 1.3972376006937752
555.5 2.140782823097238
556.0 1.554182961230189
556.5 1.6258620651309514
557.0 1.5779469696545512
557.5 2.442692155501934
558.0 1.1528937175980616
558.5 1.2886161480879952
559.0 1.9370795161795462
559.5 1.0308088580772297
560.0 1.6273954776860013
560.5 1.0853618941129008
561.0 2.1383034360507724
561.5 1.2007607203622084
562.0 1.1844336185464264
562.5 1.1566691299743068
563.0 1.6797690332302107
563.5 1.8718273501160996
564.0 1.3649015630322787
564.5 0.8582922393841468
565.0 1.6590823705222428
565.5 1.4430663941220057
566.0 2.129789361233268
566.5 1.703789461041083
567.0 1.1075419188676379
567.5 1.1658443415848627
568.0 1.7708170428882886
568.5 1.3342554115918952
569.0 1.301532789668249
569.5 1.2908362227789931
570.0 0.9933532902716162
570.5 1.4921575332704076
571.0 1.2246392612811294
571.5 1.389704264525196
572.0 0.3273746329070907
572.5 1.6707288966556995
573.0 0.6218420346212081
573.5 1.6272307560176311
574.0 0.9067572829387064
574.5 1.0935199664341742
575.0 1.070750539413299
575.5 1.2379633375538843
576.0 1.41764770506391
576.5 0.8957431509916356
577.0 0.7607026411188266
577.5 1.1126547033510374
578.0 1.167836681300026
578.5 1.1618919702966308
579.0 1.4430704165811972
579.5 0.9767845889616378
580.0 0.36055437180475813
580.5 0.7125120614049791
581.0 0.8873607210259915
581.5 1.203747069732652
582.0 0.5750112731369221
582.5 1.0780001890121231
583.0 0.5874616542733625
583.5 1.0224987633969074
584.0 1.9744180252707129
584.5 1.5489849662463895
585.0 1.2565688006010212
585.5 1.0397885203205424
586.0 2.367301097605006
586.5 1.4310420381781175
587.0 1.5667256880105473
587.5 1.305009577269971
588.0 1.439304125075752
588.5 0.9505175299525764
589.0 0.5651502742817498
589.5 0.7030435559083041
590.0 1.0431706988038927
590.5 0.8721621154752256
591.0 0.7613769689091568
591.5 0.7190744648200553
592.0 0.7294034423611359
592.5 0.8950282014417126
593.0 0.967126536738106
593.5 0.9048484153959302
594.0 0.5649175605789123
594.5 0.8643070276396925
595.0 0.20214178865954857
595.5 0.7445735354991873
596.0 0.9394943987924049
596.5 0.8807215422056601
597.0 0.7275400088067434
597.5 0.5851537184770299
598.0 0.7153323967469467
598.5 0.9006862419696404
599.0 0.5836403810680104
599.5 0.573406432242143
600.0 0.6376859285096281
600.5 0.6958224609245953
601.0 0.8649505343948343
601.5 0.6704630685102317
602.0 0.735771181363255
602.5 0.5959474844710373
603.0 0.6132766272513455
603.5 0.763352954017015
604.0 0.7418348748811345
604.5 0.5527524217475277
605.0 1.1168990696188952
605.5 1.616413045258425
606.0 1.1724301734080673
606.5 1.8659446216099032
607.0 1.2603549075371268
607.5 1.089808164284084
608.0 0.9955071720109636
608.5 1.0462797791365661
609.0 1.3546163227394676
609.5 1.025245658881059
610.0 0.8928563002593004
610.5 1.131455110127296
611.0 1.231746537595455
611.5 2.1543206741910135
612.0 0.9549418196263393
612.5 1.6965669416321756
613.0 1.1383359087931635
613.5 1.1254173048866698
614.0 1.5657621632543386
614.5 0.9948153040831349
615.0 0.6866372650086532
615.5 1.7763390190834136
616.0 0.7942307510715864
616.5 1.5436542289877877
617.0 1.0209174446635598
617.5 1.0870109544879196
618.0 1.2843097949832152
618.5 0.6379728825421063
619.0 0.9269289321368961
619.5 0.7761439238610448
620.0 0.8985946047261102
620.5 1.3833658752400573
621.0 1.0786114000770883
621.5 1.1543473616468414
622.0 0.8072986780850127
622.5 0.6711291462135642
623.0 0.39466760323034455
623.5 0.8347981641525526
624.0 1.3126678976610688
624.5 0.698560583727696
625.0 1.0036395665001656
625.5 0.9525884270600042
626.0 0.6725178922661678
626.5 0.5558787618195725
627.0 0.6429779628689694
627.5 1.2047725689775222
628.0 1.5546815327997492
628.5 1.6363890205358933
629.0 1.367435660881542
629.5 1.4133960848783833
630.0 2.038294015166496
630.5 0.9640603152779282
631.0 2.2121464641762607
631.5 0.4413579914902539
632.0 1.0583711262140554
632.5 1.4788954488387325
633.0 1.7762016258481768
633.5 0.8811932356057053
634.0 1.5659668292796955
634.5 1.1752702019445906
635.0 1.1316331392816665
635.5 1.1626666861451378
636.0 0.8563177982938501
636.5 1.0138978360228048
637.0 0.9025186862653776
637.5 0.8137546503124276
638.0 1.345120274516967
638.5 0.972088649011824
639.0 1.6932966033436094
639.5 1.7462495726880602
640.0 1.05687853467821
640.5 1.1047822520286394
641.0 1.9927562154097167
641.5 1.2086506821191991
642.0 1.5896328970662479
642.5 0.9284464167526834
643.0 1.2431091252664637
643.5 2.0690299146802102
644.0 1.2935359694728157
644.5 2.0733080697149764
645.0 1.218585709763564
645.5 1.8532737049328878
646.0 1.6336510869977348
646.5 1.710249246653063
647.0 1.6093459559492609
647.5 1.2029976240184697
648.0 1.5660933180732037
648.5 1.0186086335096027
649.0 1.467325782587886
649.5 1.7255401689050487
650.0 1.6998577532856043
650.5 1.391915680991141
651.0 2.7898094963596045
651.5 1.698424136246353
652.0 1.7144217226666747
652.5 1.4464176219574822
653.0 2.1074023585381334
653.5 1.2900026420663506
654.0 1.4539744308203382
654.5 2.177731180123841
655.0 2.178761920048526
655.5 1.2972225354155245
656.0 1.6622405445340696
656.5 2.6071644125293956
657.0 1.318553806496871
657.5 2.687550888184525
658.0 2.522751680261355
658.5 2.2307500019171327
659.0 2.0294089506201445
659.5 1.6758876173410961
660.0 1.8546002614159665
660.5 0.6337354947514999
661.0 1.2981320118372093
661.5 0.3698739818393981
662.0 0.2
662.5 0.9860247846445426
663.0 1.082048009332175
663.5 0.9138711840795637
664.0 1.5252393994527842
664.5 1.5621371506241197
665.0 1.1074020505974547
665.5 0.9644901458305875
666.0 0.9018234593266081
666.5 0.830900989635869
667.0 1.269631664549994
667.5 1.9994261573806948
668.0 1.3385177334296197
668.5 0.5077787571219672
669.0 1.2203482381444994
669.5 0.9085942337769113
670.0 1.4832153803608195
670.5 1.0194405664613555
671.0 0.8927464951784493
671.5 1.0277374545979818
672.0 1.2649390171531103
672.5 0.8473843842775037
673.0 1.1436108526908282
673.5 1.238395580416765
674.0 1.2945497945059867
674.5 0.6158800238425941
675.0 0.6677081791950078
675.5 1.1848501774637659
676.0 0.936264084128259
676.5 0.821763297442681
677.0 0.921744321322273
677.5 1.7511701919376246
678.0 1.8959670919342695
678.5 1.6532252714312259
679.0 1.8606507379391148
679.5 0.8532636771432658
680.0 1.0502993022482376
680.5 1.138997786548565
681.0 1.4975573491672836
681.5 0.8226672940498087
682.0 0.8821191108569834
682.5 0.5067275962245226
683.0 1.5336075261770268
683.5 1.4989751246035417
684.0 1.5289087477340768
684.5 0.4227323385101016
685.0 1.627009950768473
685.5 1.0116743970541162
686.0 2.5756094175336033
686.5 1.3375475310516531
687.0 1.4132940758864614
687.5 1.4034342628897547
688.0 1.6269419863064203
688.5 1.6129137299450154
689.0 0.43182269156348574
689.5 2.0342902995067513
690.0 1.0351029218998566
690.5 2.157216930071166
691.0 0.6016179149959116
691.5 1.1080487884367005
692.0 1.206742849894051
692.5 0.9999124471926385
693.0 1.0851009880712725
693.5 2.2361668501899272
694.0 1.5011809626820907
694.5 1.4894242503891177
695.0 1.6058534362901118
695.5 3.0882692293420715
696.0 1.136546143234862
696.5 2.0465124939757464
697.0 1.5788939115466192
697.5 1.7685930479016423
698.0 1.4121062878674167
698.5 1.1666097880982362
699.0 0.8159604966591023
699.5 1.9577368361330938
700.0 1.344962688342449
700.5 1.2344319476766876
701.0 1.292182395119709
701.5 1.354335974949416
702.0 0.9860355522304366
702.5 0.7744446414770001
703.0 1.6096015898112461
703.5 1.6958448968602033
704.0 0.93002364052091
704.5 0.9419261070206177
705.0 1.242078409213378
705.5 1.765502942473793
706.0 0.8282153963341141
706.5 0.91798181893121
707.0 0.717294344420865
707.5 1.334207914814137
708.0 1.775253533002676
708.5 1.3567156089036891
709.0 1.242052522546399
709.5 1.1916756150508878
710.0 1.3948925640836811
710.5 1.0297092792848055
711.0 2.428831291472208
711.5 2.0394528093638575
712.0 1.9247446824673378
712.5 2.9277763470781646
713.0 3.375709890379836
713.5 0.9886605729888887
714.0 0.20090675776074685
714.5 2.0106253501339832
715.0 0.7880731588460184
715.5 1.7539171547476518
716.0 1.5482752602066208
716.5 1.2490615836843562
717.0 1.6145741290210665
717.5 1.006268663868633
718.0 1.4087666286257274
718.5 1.2460590348997707
719.0 1.063690566048883
719.5 1.3196032616768993
720.0 1.2916696869434348
720.5 0.8791591476695972
721.0 1.586509972184014
721.5 1.7326660354363057
722.0 1.250966729928693
722.5 2.0253889038787753
723.0 1.3805764489048384
723.5 0.8644747041691725
724.0 0.9678583023991195
724.5 1.1259976642390885
725.0 1.288337905435946
725.5 1.2227923146887458
726.0 0.7156068826163756
726.5 0.6189485112978415
727.0 1.065279436039776
727.5 1.6471039896451534
728.0 1.3944273521717463
728.5 0.8817220965080539
729.0 1.20873104011271
729.5 1.2062511805454945
730.0 0.9337708620986196
730.5 0.8912146758285229
731.0 0.6866107690328161
731.5 0.8950870027864966
732.0 1.0008335177182712
732.5 0.6124215717813719
733.0 1.150968364399118
733.5 0.5586811912054539
734.0 1.0177467386859693
734.5 0.5093548060666293
735.0 1.0935059762256205
735.5 1.4285246482550709
736.0 1.4441106773317234
736.5 1.617919886868508
737.0 0.6561521082086328
737.5 1.8838857596972423
738.0 1.2037275175703308
738.5 1.8407460359294123
739.0 1.3467401128960845
739.5 1.6243205106919112
740.0 0.6091442113355923
740.5 1.504028877154651
741.0 1.5751473427328997
741.5 1.5171371431591008
742.0 3.27691227761223
742.5 1.3618084900352612
743.0 1.383178025484534
743.5 1.5449735746226807
744.0 0.62894810016831
744.5 2.977827714746873
745.0 2.0691721056871577
745.5 2.2010552390921654
746.0 2.2562227098795558
746.5 1.4027303836857743
747.0 1.0660676607604347
747.5 0.5682198863958112
748.0 1.5324061017724324
748.5 1.9211806395817024
749.0 1.2211780450164054
749.5 1.2303422301161246
750.0 1.3913021146553404
750.5 1.511486130821877
751.0 0.9116845573746
751.5 1.187726553940537
752.0 1.028318912363854
752.5 1.4536414509553142
753.0 0.8640769915425385
753.5 1.3040971112416249
754.0 0.38667339390393285
754.5 1.1550028738183828
755.0 0.6768310194512935
755.5 1.3002717151402066
756.0 0.44778057260171
756.5 1.383211004170835
757.0 1.0577881183648676
757.5 0.9072115559845942
758.0 1.5010251649205542
758.5 0.989898209794585
759.0 0.6873144929708842
759.5 1.7446749971107747
760.0 1.4626456031176889
760.5 0.713999077223815
761.0 1.569796714277499
761.5 0.8012795649438547
762.0 0.7993751804696886
762.5 1.4385378957080666
763.0 1.5605571795277282
763.5 1.3904072195673236
764.0 1.7620668403673876
764.5 1.4763046711299626
765.0 1.2800866259974337
765.5 0.9863279930478377
766.0 1.2542904947046958
766.5 1.1495544567737914
767.0 1.0084803390999562
767.5 1.474033064833418
768.0 1.0446864479483362
768.5 0.8100468576019078
769.0 1.8455930241506546
769.5 1.6710245583571026
770.0 0.9417963280464761
770.5 1.2530711355554836
771.0 1.1480759524908162
771.5 0.2
772.0 1.1570254537817082
772.5 1.7403643160817766
773.0 1.5155160279386444
773.5 1.6957048802919878
774.0 1.5324196198741489
774.5 1.5554071297008052
775.0 0.5947118064700175
775.5 1.7060951369336894
776.0 1.5671669229181335
776.5 2.0103691078819423
777.0 1.5130151994021583
777.5 1.8447534355384223
778.0 1.5434979049453743
778.5 1.1959118307224514
779.0 0.8631555830111516
779.5 1.24471342355531
780.0 0.5861413824061203
780.5 0.9169655493874275
781.0 0.802837053380354
781.5 1.3768884800832808
782.0 1.5528210828235944
782.5 1.447435511693298
783.0 0.836446774981291
783.5 1.686782338843165
784.0 1.1941637366635631
784.5 1.001173468870748
785.0 0.8630423962185175
785.5 0.9054137881607698
786.0 1.234310919253904
786.5 1.1081617768423038
787.0 0.9384782812228967
787.5 1.2449587426861908
788.0 0.7920982874478077
788.5 0.9302196709996563
789.0 1.4685125533638237
789.5 0.8495312214827524
790.0 0.6755148878236067
790.5 1.009533615176542
791.0 0.7833958808159077
791.5 0.8236885629897032
792.0 1.3619744209681461
792.5 1.1083075781477545
793.0 1.2031569439447516
793.5 1.0935494107779804
794.0 1.1398514737215164
794.5 1.4764888070117244
795.0 0.9621045772453447
795.5 1.1294877467604019
796.0 0.7117690706035658
796.5 1.0579509950303772
797.0 1.0897159661522395
797.5 0.949265755910007
798.0 1.7094018942139422
798.5 1.8524735209955367
799.0 1.3160776936083363
799.5 2.201795636062302
800.0 0.6375673574795172
800.5 0.8665741976741707
801.0 1.8005521370634427
801.5 1.5287692679262828
802.0 1.5005904001876529
802.5 1.3577047739987866
803.0 0.9250220363456764
803.5 1.373602544369795
804.0 2.407597696395145
804.5 1.921191624924194
805.0 0.7549172144381434
805.5 0.8374128647762873
806.0 0.9530304784790227
806.5 0.6394181567105438
807.0 1.0521457594073709
807.5 0.9540166823607359
808.0 1.3436938882494955
808.5 1.8408339470468151
809.0 0.9223933169398488
809.5 1.6688866370940776
810.0 1.3960339591250546
810.5 0.8588929477117584
811.0 1.0364833163077756
811.5 1.2861587178912366
812.0 0.6885367903461124
812.5 1.108612408031767
813.0 1.158416654723708
813.5 1.35149093896023
814.0 1.1325231008787213
814.5 1.6026215233261887
815.0 2.0512412503643302
815.5 1.7895923857152658
816.0 1.138707990616309
816.5 1.157242171808801
817.0 1.8899340844096564
817.5 1.8053276266865184
818.0 1.3176593133308863
818.5 1.5048506824733758
819.0 1.2430265961190623
819.5 1.0890867600326133
820.0 1.0223745505073465
820.5 1.276177259763111
821.0 1.3039087993437697
821.5 1.1873059013173988
822.0 1.06066655666437
822.5 1.2098063537396202
823.0 0.8565713060387938
823.5 0.8362798339799873
824.0 1.2277051322300658
824.5 1.0892391253457223
825.0 1.8222235505798343
825.5 1.5253450417136312
826.0 0.5835572626389548
826.5 1.774553332426572
827.0 1.8336110452649625
827.5 1.2585681415527314
828.0 1.296160457414031
828.5 1.0746608135580598
829.0 1.2662195168920862
829.5 0.7233288760932005
830.0 1.1059880346981827
830.5 0.7367131020549303
831.0 1.7112325875347545
831.5 1.6667149086356567
832.0 1.972881738436612
832.5 1.5676600779203618
833.0 1.8870800449530876
833.5 2.458285641951351
834.0 1.0902542250024356
834.5 0.9550114684879368
835.0 1.5362561771873464
835.5 1.0688678628933088
836.0 0.818304605916518
836.5 0.9977230940651256
837.0 0.9945138797942572
837.5 1.1056572091280104
838.0 0.9543009963803475
838.5 0.9664165657370201
839.0 0.8111920771258196
839.5 0.8681391074957645
840.0 0.923510602286423
840.5 1.216077652094074
841.0 0.884924011596683
841.5 1.1047734787186336
842.0 1.3435437517206594
842.5 1.1023157134973347
843.0 0.783407628755489
843.5 1.1363442988151855
844.0 2.3578012575925964
844.5 1.7168669071284164
845.0 1.4817212894369824
845.5 1.8307006793933795
846.0 1.4724354267718116
846.5 1.1465685517217326
847.0 1.3831716456294971
847.5 1.370438706927318
848.0 0.831302625238777
848.5 1.2097851034172913
849.0 0.6825278263212758
849.5 1.7953619775954384
850.0 1.6233071945211655
850.5 1.1379594451816941
851.0 1.1588427611072576
851.5 1.0341872444786797
852.0 1.4970031110652353
852.5 1.2689008537397595
853.0 1.7269206304674651
853.5 1.9050233840643709
854.0 1.496477615354058
854.5 1.9735194320335623
855.0 0.2937796259864691
855.5 1.6289813108719688
856.0 1.209114505425245
856.5 1.1267709651780398
857.0 0.2615081866207423
857.5 1.267446386121302
858.0 1.2964489865179507
858.5 1.8341060922343462
859.0 1.8026180946295016
859.5 2.127141102675017
860.0 3.217392852479611
860.5 0.9380391734957011
861.0 0.6182261070798917
861.5 1.2814610687187789
862.0 1.2378854176132206
862.5 1.886354218111235
863.0 2.7451831801487505
863.5 0.7697384722676277
864.0 0.6804104466643623
864.5 0.8662009676373525
865.0 0.8058205444317568
865.5 1.5158284097479546
866.0 1.894202263010066
866.5 1.9242950450027676
867.0 1.3021444286920902
867.5 1.3335713379176295
868.0 0.9945833649579372
868.5 1.3069942803500736
869.0 1.331281222927395
869.5 1.103508350505809
870.0 1.336286532121207
870.5 0.8886590397553775
871.0 1.4702114470854184
871.5 1.5108040702589762
872.0 1.04073196709908
872.5 1.148344535631285
873.0 0.7053073034583873
873.5 1.0506196348711025
874.0 1.6855726136500717
874.5 1.7449225638613854
875.0 1.3597314595096186
875.5 0.9001666736325444
876.0 0.7864397877632114
876.5 1.1169326635480588
877.0 0.9034029148562539
877.5 1.0996042353284752
878.0 1.453385793183109
878.5 1.796229617608218
879.0 0.3387327006973335
879.5 1.0862360570667797
880.0 1.6397566202543519
880.5 1.5903167762783852
881.0 1.0196116285406125
881.5 1.8321800022389814
882.0 2.0955464758387112
882.5 1.7255265213316258
883.0 1.5057263943264987
883.5 2.746654979510203
884.0 1.1476646913321062
884.5 1.1835902327302235
885.0 1.5319938219736686
885.5 1.8484457968300023
886.0 1.1720168982664751
886.5 1.4876195366631797
887.0 2.0344511695002847
887.5 0.9969697507727217
888.0 0.8180072256693371
888.5 0.8263248884493417
889.0 1.098369761003634
889.5 0.4815672281594874
890.0 0.9665396176406262
890.5 0.7411687518432837
891.0 0.940730032257092
891.5 0.7144090439405084
892.0 0.7880152671884371
892.5 1.216083711214325
893.0 1.4578934329962423
893.5 2.122521405200663
894.0 0.7068755863962899
894.5 0.7096024288611917
895.0 0.45467392825605046
895.5 0.727417095615816
896.0 0.7226837386276419
896.5 0.5655985742612879
897.0 1.2012000317849039
897.5 1.347401497954261
898.0 1.2040380207666903
898.5 1.5338103983342015
899.0 0.7053936016762952
899.5 1.2480215450680505
900.0 0.7914542445367627
900.5 0.7764151735142135
901.0 1.7923916245218299
901.5 2.4454129215715548
902.0 1.0605742305378327
902.5 1.651148529031138
903.0 1.0368879505230126
903.5 0.8652064193868939
904.0 1.66202089714759
904.5 1.064805312609796
905.0 1.3543057661624807
905.5 1.4522493642386973
906.0 1.5083119058050747
906.5 1.377561095131064
907.0 1.1549845395745153
907.5 1.0806962477378665
908.0 1.578527031127572
908.5 1.1030715818854344
909.0 0.973813429715783
909.5 0.8418849496690097
910.0 0.9987342270519324
910.5 1.0523261044005205
911.0 0.8941273819473965
911.5 0.42553284887121323
912.0 1.0226318205144493
912.5 1.0219999205804575
913.0 0.9755299658232652
913.5 0.8697852263407153
914.0 1.0423193539659248
914.5 0.5512482411265146
915.0 0.7056947261444346
915.5 0.6882376303208271
916.0 0.9729712095441045
916.5 0.8880429882072849
917.0 1.0658041495025734
917.5 0.7028285213500894
918.0 1.0466895119237316
918.5 1.213349246186748
919.0 0.8335767854601324
919.5 0.568759170161072
920.0 0.8515049196376832
920.5 1.0512333951571977
921.0 1.0655554902214106
921.5 0.5329514431249552
922.0 1.1845904428540286
922.5 0.6797242351209307
923.0 1.4674426581990483
923.5 0.904025424226002
924.0 1.0852967259522333
924.5 1.3301569349086826
925.0 1.2199844007519234
925.5 1.2127109351536411
926.0 1.2684353266153439
926.5 0.8033943284430588
927.0 1.6973479365653277
927.5 0.7977555235463085
928.0 0.8641946130839291
928.5 0.7879174533317395
929.0 0.7959999971425508
929.5 0.9111980471804031
930.0 0.7766364955927133
930.5 0.6015511653870569
931.0 0.7782712229775426
931.5 0.7504212391770799
932.0 0.6921257813477748
932.5 0.6920758971362577
933.0 0.570276492489285
933.5 0.8807021243487173
934.0 0.5632372296660461
934.5 0.8746809241746856
935.0 0.631075058069274
935.5 1.1170723160165414
936.0 1.9552757506826375
936.5 1.6023881461097282
937.0 1.203824826961124
937.5 0.5765135778489054
938.0 0.7136542993674995
938.5 0.7752244211166255
939.0 1.3352815713219446
939.5 1.0246095109083422
940.0 0.49480492603391396
940.5 0.8552527670632789
941.0 0.9101726713918099
941.5 0.8779439810431419
942.0 0.8822163170416181
942.5 0.693252527548669
943.0 0.6845564228869904
943.5 0.8281737317706275
944.0 0.7920570507486512
944.5 0.7683636329184065
945.0 0.8762221402351154
945.5 0.9578232906784299
946.0 0.6700108346476032
946.5 0.7482612343971022
947.0 0.9145329690029081
947.5 0.7365645240190292
948.0 0.6898348802988439
948.5 0.6209547207722776
949.0 0.4033308285231302
949.5 1.9532577271990692
950.0 1.5445822551813697
950.5 0.9917269928484496
951.0 1.7883401187124286
951.5 1.7570050335860394
952.0 2.2516903322590993
952.5 1.5606656122540454
953.0 2.26161642929032
953.5 1.0367077947949959
954.0 1.008268314486934
954.5 2.013096498497773
955.0 2.5632092238970627
955.5 1.0619099648203125
956.0 1.3967240211003915
956.5 0.8878854772446061
957.0 0.992665238487714
957.5 1.3422077778434771
958.0 1.7259095827336637
958.5 1.1438851902570542
959.0 1.8274791097738396
959.5 1.1800267362090018
960.0 1.2462879727337002
960.5 0.665583211973782
961.0 1.459883386878766
961.5 0.9840045595791207
962.0 1.4075744954966871
962.5 1.190149856265482
963.0 1.0223353252171825
963.5 0.5571323754318562
964.0 1.361463152029163
964.5 1.111392394364126
965.0 1.3619040977451782
965.5 1.927256115019854
966.0 1.0296540352910406
966.5 1.106692506155241
967.0 0.8497636509105226
967.5 0.8690683211861359
968.0 1.0104109217199488
968.5 1.3348129736869438
969.0 0.9874456602476127
969.5 1.2254263593757502
970.0 1.2775700837735757
970.5 1.018030023645219
971.0 1.3924339489879105
971.5 1.1320306902973614
972.0 1.1037369145742435
972.5 1.4523918898051593
973.0 1.3865828152163004
973.5 0.9664845026105776
974.0 1.047407133163695
974.5 1.2330382844530374
975.0 0.7879214271748198
975.5 1.4736487782055898
976.0 1.9048416715174923
976.5 0.8489191102659135
977.0 0.9679370947018725
977.5 0.967617712112719
978.0 1.0959173491600118
978.5 1.3833279241221277
979.0 1.3060037808108234
979.5 1.1752937324912558
980.0 1.177351007804949
980.5 1.4404707940811705
981.0 0.9730485332301635
981.5 1.0895240274442433
982.0 0.6456305570775606
982.5 1.4222878930588465
983.0 1.5316649631697465
983.5 1.126517282750675
984.0 1.1486611900385213
984.5 1.3894367089775908
985.0 0.657473269185976
985.5 1.3854645351263253
986.0 0.5459463366384416
986.5 0.8623405507907262
987.0 1.21382565730525
987.5 1.0985853553996376
988.0 1.6649247554072326
988.5 0.5467955105164651
989.0 1.3731166034606925
989.5 0.3369675689742566
990.0 1.1701088394733339
990.5 1.501342826000219
991.0 1.6489598342501726
991.5 0.9439783568860385
992.0 1.690822696165401
992.5 0.6338766037884539
993.0 1.424673813297419
993.5 1.3415815944776144
994.0 1.0598604869456505
994.5 1.5406736946300668
995.0 1.3339017013091645
995.5 0.7169519790349463
996.0 1.653740150783334
996.5 1.1559408275486651
997.0 0.8339220328730885
997.5 1.7293254869826042
998.0 1.4499814242614613
998.5 0.8441907059940104
999.0 1.3976790871245652
999.5 1.476763817440253
1000.0 1.2606466166825416
1000.5 0.9764286719591582
1001.0 0.696430512030042
1001.5 0.7301745476845451
1002.0 1.88644649497195
1002.5 1.219991280670057
1003.0 1.8278800588168411
1003.5 1.2378674855696814
1004.0 1.3468026109416795
1004.5 2.608638580871446
1005.0 1.3929596233469934
1005.5 1.1100834674337314
1006.0 1.4300100101526367
1006.5 0.7236969873611128
1007.0 0.7604541417452061
1007.5 0.7127956097955055
1008.0 0.8883522339356983
1008.5 0.8937043801841283
1009.0 0.6565406017873177
1009.5 1.20367498818936
1010.0 1.2139809122535117
1010.5 1.6591255569203236
1011.0 1.2015571025142435
1011.5 1.2187247820352267
1012.0 0.7013925551843517
1012.5 1.234324207646728
1013.0 0.652354076985146
1013.5 1.2603775651573494
1014.0 0.8540672800732232
1014.5 1.2179333807525698
1015.0 1.1093276083604342
1015.5 1.2890514650731002
1016.0 1.0831191053797977
1016.5 1.44501091057582
1017.0 0.8393816566043854
1017.5 1.4439969286559937
1018.0 0.7768151250234958
1018.5 0.8646620914153252
1019.0 2.0657381032656
1019.5 1.9989646428671262
1020.0 0.9741110919425793
1020.5 1.7530873221484589
1021.0 0.8065922865773595
1021.5 1.0419682327920716
1022.0 0.7063651037962259
1022.5 1.6255165570200119
1023.0 1.9143063215006397
1023.5 1.0164348372444532
1024.0 1.2402963312211275
1024.5 1.970831938283865
1025.0 1.4691230083512756
1025.5 1.068610007618208
1026.0 1.8450269373620667
1026.5 1.4779616287710255
1027.0 2.581063439451315
1027.5 1.469922037159414
1028.0 1.1285125137900143
1028.5 0.5737280494810086
1029.0 1.8429092649328944
1029.5 3.030758852025454
1030.0 1.555367273178847
1030.5 1.9488454614295154
1031.0 1.946573346259322
1031.5 1.2229950349840655
1032.0 1.6877664165098494
1032.5 2.1217244629626464
1033.0 0.9950354286341985
1033.5 0.8606076112446361
1034.0 1.8070843412357578
1034.5 0.8232219040034153
1035.0 1.2934941580496009
1035.5 0.7768839544169124
1036.0 1.2302028606470032
1036.5 1.2283029325925057
1037.0 0.6560059479144984
1037.5 0.5436933384174665
1038.0 1.0004182304281777
1038.5 1.563319391080147
1039.0 1.7986059714035176
1039.5 0.951998657031315
1040.0 0.6989959574735517
1040.5 0.8457832361597187
1041.0 0.8347271664828017
1041.5 1.033769765489131
1042.0 1.0408934945777597
1042.5 2.134093918432082
1043.0 1.1486432796164046
1043.5 1.0092977837844153
1044.0 1.755253530413734
1044.5 1.10599496562408
1045.0 0.9669894950588231
1045.5 0.4911464028239447
1046.0 1.8860648036129173
1046.5 1.551723472202047
1047.0 2.2376670650769697
1047.5 1.491398640908565
1048.0 0.2710362542677647
1048.5 1.8178224133682004
1049.0 1.2118757762117016
1049.5 1.1930791701313628
1050.0 2.2012788424323495
1050.5 1.133616193969952
1051.0 0.9746702604177185
1051.5 0.7552358395189055
1052.0 0.7243813716533374
1052.5 1.2425094150516225
1053.0 0.9050919861433575
1053.5 0.9211718346299386
1054.0 1.0601194982431466
1054.5 0.9749808344301999
1055.0 0.5063295354070589
1055.5 1.2945159657855418
1056.0 1.4418308956452104
1056.5 0.8924605612681968
1057.0 1.397089522951164
1057.5 0.9704986916750504
1058.0 1.199258527959378
1058.5 0.5651502025461388
1059.0 1.0390522484330305
1059.5 1.142045867367751
1060.0 0.35165907504083094
1060.5 1.4133671360339324
1061.0 0.9568434083298359
1061.5 1.0819597052245058
1062.0 0.8871253767348155
1062.5 1.0119256175719138
1063.0 0.7014500564006051
1063.5 1.5034794889751542
1064.0 1.3920874996141774
1064.5 0.888112115608028
1065.0 0.8750371637992437
1065.5 1.1585837433729158
1066.0 1.067461076879384
1066.5 0.6037601300501774
1067.0 0.8300669336133428
1067.5 1.1133808963427634
1068.0 1.1955835338968628
1068.5 1.5883674892087054
1069.0 0.3065931922386823
1069.5 0.8700112634280734
1070.0 0.4981368697346915
1070.5 0.7332603970472293
1071.0 0.7710143316622704
1071.5 1.148838084772787
1072.0 0.5691559552723986
1072.5 1.1346633935641632
1073.0 0.4483942261561711
1073.5 1.691131789019909
1074.0 0.6985384898662712
1074.5 1.396983095685437
1075.0 1.4544966347118369
1075.5 1.3904811097053051
1076.0 1.3192567872864038
1076.5 2.142853604658325
1077.0 0.8996171763737407
1077.5 0.887217406149392
1078.0 1.1925650785668294
1078.5 1.1984118009561289
1079.0 0.8007756438862669
1079.5 1.0510978856857354
1080.0 1.1766803626562905
1080.5 0.963102064692163
1081.0 1.6750458413624294
1081.5 0.2156299730839878
1082.0 1.1850542352023972
1082.5 0.9957972591895561
1083.0 1.4284140268073093
1083.5 1.4571740228691845
1084.0 1.160641926372546
1084.5 0.7392875452487462
1085.0 1.2313786913514018
1085.5 0.8721844976458806
1086.0 0.7790088735010631
1086.5 1.2933179094602472
1087.0 1.4308075756871401
1087.5 1.075325195287673
1088.0 1.0899480163668995
1088.5 0.7951165710569912
1089.0 1.2558183751717884
1089.5 1.3021571118996733
1090.0 1.3551747165337886
1090.5 1.016880421716396
1091.0 0.8629415239938641
1091.5 1.022800928090985
1092.0 0.6768519902137917
1092.5 0.9628033598114027
1093.0 1.3059645599475713
1093.5 1.3698276795496165
1094.0 1.3698921750574735
1094.5 1.4647444989755833
1095.0 0.9383990138507209
1095.5 1.0979678048786008
1096.0 0.7860368066314346
1096.5 1.1695274187703693
1097.0 0.9745604655000794
1097.5 1.082686222437777
1098.0 0.9794120326717626
1098.5 1.2187419812959017
1099.0 0.38454203030680345
1099.5 1.1113244466301102
1100.0 0.8762851069707904
1100.5 1.13101769936684
1101.0 1.048972480745215
1101.5 1.633128548147445
1102.0 1.5818369635458196
1102.5 0.8488254642382875
1103.0 1.7490921982247762
1103.5 0.7774120168108274
1104.0 0.7181524546140947
1104.5 1.568280659035846
1105.0 1.1928620263350034
1105.5 0.7167029108312768
1106.0 0.9394462872206713
1106.5 1.346182265680243
1107.0 1.4169903631433456
1107.5 0.9299131161347679
1108.0 1.7202234587497343
1108.5 1.8363746898806768
1109.0 1.1570430034011292
1109.5 1.001128527901147
1110.0 1.0801164473590514
1110.5 1.3515257693562384
1111.0 1.093430211703136
1111.5 2.400865629799747
1112.0 2.0295009426201567
1112.5 1.5943718898924781
1113.0 1.0545228113735632
1113.5 1.7052725675094962
1114.0 1.093028872428559
1114.5 2.0804082425446007
1115.0 1.5662557895402285
1115.5 1.7892305306224747
1116.0 1.050151550972093
1116.5 1.287649727283867
1117.0 1.0678022147376103
1117.5 1.4722887142419776
1118.0 1.8787103256181177
1118.5 1.613689146418401
1119.0 2.1934587104655914
1119.5 2.008963052515863
1120.0 1.268779309058229
1120.5 1.463413298011933
1121.0 1.9914546422394617
1121.5 3.4406722356130626
1122.0 1.6056736623831735
1122.5 1.6172653947978983
1123.0 1.221249297101549
1123.5 2.019908554288987
1124.0 1.084200614108739
1124.5 0.9943616632636965
1125.0 0.9888700013858097
1125.5 1.278991163315853
1126.0 0.6941089541317974
1126.5 0.9796040660442026
1127.0 1.0359613143819555
1127.5 0.4887403405331644
1128.0 1.0216179324798107
1128.5 1.3730735847740623
1129.0 0.707209153802868
1129.5 0.7840070037031688
1130.0 0.7855858245938304
1130.5 1.065958667076515
1131.0 0.8746118256294682
1131.5 1.2016116155166519
1132.0 1.0591637170510793
1132.5 0.4292698900911681
1133.0 0.9796657502560038
1133.5 1.4951426609770588
1134.0 0.6476454935588196
1134.5 0.5825503004862096
1135.0 0.7872954730294599
1135.5 0.5491659265071693
1136.0 0.7261314465406608
1136.5 0.7755207286233448
1137.0 0.7523667340479232
1137.5 0.4824383446034329
1138.0 0.684540264350181
1138.5 0.8155909233043055
1139.0 0.6119265688184737
1139.5 0.7297332624832085
1140.0 0.8137168428605823
1140.5 0.5575943893323505
1141.0 0.7396274748334584
1141.5 0.5562770782667377
1142.0 0.8299432096579957
1142.5 0.8018618534413884
1143.0 0.5726844963813033
1143.5 0.6382349385505335
1144.0 0.7097508868375655
1144.5 0.679342114371211
1145.0 0.6983003816171354
1145.5 0.8598940774923534
1146.0 0.7591607615455878
1146.5 0.548174548732363
1147.0 0.5824229998123107
1147.5 0.6621101089930462
1148.0 0.9933366125013491
1148.5 1.443057874178633
1149.0 1.2095098498596688
1149.5 1.7122078121721884
1150.0 1.9403399058056496
1150.5 0.7595310305681694
1151.0 0.5145047923931145
1151.5 1.955716993712819
1152.0 1.1196263995160123
1152.5 1.3098878241663399
1153.0 1.2118059430040262
1153.5 1.4358866698832617
1154.0 0.8166470609410146
1154.5 1.3220770188465294
1155.0 1.1534308415718626
1155.5 1.2624610245281387
1156.0 1.7776594199874598
1156.5 1.09988591769122
1157.0 1.347773026329235
1157.5 0.5876561849848628
1158.0 1.2037849476814733
1158.5 0.9716212248107934
1159.0 2.03599876475229
1159.5 0.6572786677240299
1160.0 1.0273024941614173
1160.5 0.9280002277861309
1161.0 0.9970586689313539
1161.5 0.8936585862344778
1162.0 0.7022243640696901
1162.5 0.7059094601405413
1163.0 1.0447827321646148
1163.5 0.9277232515360513
1164.0 0.8255320806442364
1164.5 0.6864745157773892
1165.0 0.8318553159546637
1165.5 0.8344789265761532
1166.0 0.7418961105911428
1166.5 0.9746675745644412
1167.0 0.7570535215244979
1167.5 0.8695303255502012
1168.0 0.795816361269859
1168.5 1.2134426852558542
1169.0 0.9056129305393572
1169.5 0.9617519488340037
1170.0 0.828997839029208
1170.5 0.7409294435125148
1171.0 1.0517034927741271
1171.5 0.9734269004810964
1172.0 0.8343803899950218
1172.5 0.9255944994542525
1173.0 0.6368733720135638
1173.5 0.7368832017568315
1174.0 0.7300377853879537
1174.5 0.8300495906160624
1175.0 2.797651338924269
1175.5 1.5833204483912438
1176.0 1.5763424238506412
1176.5 1.3681627435636206
1177.0 0.8559647157848479
1177.5 0.5893370942383623
1178.0 1.498704144109383
1178.5 1.5190602555929364
1179.0 1.849051945920079
1179.5 1.6150286994412237
1180.0 1.7471111242672175
1180.5 0.7496716890507018
1181.0 0.9600969487957274
1181.5 1.0688689695303637
1182.0 0.6609507762288501
1182.5 1.3308431657890418
1183.0 1.193322349920345
1183.5 1.2549964369850042
1184.0 0.4571559195412974
1184.5 1.7533978131366212
1185.0 1.3910879961562634
1185.5 1.0079816707412321
1186.0 1.7152246076581104
1186.5 1.1274137717378454
1187.0 1.0413121073793379
1187.5 1.7347232569373365
1188.0 1.5207219446090543
1188.5 1.194943554715681
1189.0 0.39002180304597445
1189.5 1.7436983787218456
1190.0 0.7568715922302407
1190.5 1.0959218696499091
1191.0 1.1715362705564476
1191.5 0.9237256267941459
1192.0 1.1108075613459607
1192.5 1.3255759411115986
1193.0 1.303178128556873
1193.5 0.8839128503920363
1194.0 1.4404530253473165
1194.5 1.1886043805487665
1195.0 1.594670800403657
1195.5 0.7470014849061105
1196.0 1.179971967888363
1196.5 0.8116573217086813
1197.0 1.2332535891064276
1197.5 1.3478753070788883
1198.0 1.2242274614711477
1198.5 1.5323487073930349
1199.0 1.3409134470478685
1199.5 1.9467519783520197
1200.0 1.4973726843596076
1200.5 1.7846467634755778
1201.0 1.8162565314386572
1201.5 1.1186159532924818
1202.0 1.3241208201477424
1202.5 0.5417448730845552
1203.0 1.4143097357522312
1203.5 1.3756568731039005
1204.0 1.5623446757430566
1204.5 0.9926568669864859
1205.0 0.3452827887514832
1205.5 2.510300446533165
1206.0 1.1711776227626611
1206.5 1.0993207943319512
1207.0 0.9413226640408894
1207.5 0.9714366573389146
1208.0 0.8853273785558835
1208.5 1.1070106155253931
1209.0 0.9938126012718631
1209.5 0.9898982789894815
1210.0 0.8216662268105438
1210.5 0.7897669256925146
1211.0 0.6637540957177906
1211.5 1.2701465758282837
1212.0 0.7462684551872085
1212.5 0.9447537430828057
1213.0 1.139646503889102
1213.5 0.8326287217325221
1214.0 0.8199939741304765
1214.5 1.6999733503963592
1215.0 1.1076584817152126
1215.5 0.2594960169118927
1216.0 0.5645765951197355
1216.5 0.8232025319303922
1217.0 0.8169403070731278
1217.5 1.2268943859496573
1218.0 1.2718553503746999
1218.5 1.5733580545137589
1219.0 2.1674749287283293
1219.5 1.307871119136938
1220.0 1.3778319812323372
1220.5 0.8882274882297169
1221.0 1.0717456320519843
1221.5 0.2
1222.0 1.52507246197107
1222.5 1.3958187076202702
1223.0 0.7399183187759315
1223.5 1.7145674238272097
1224.0 1.3077306646830973
1224.5 2.0333468241944797
1225.0 2.0443177459681348
1225.5 1.6948832588884688
1226.0 1.497535870185807
1226.5 1.1621338249201507
1227.0 0.8318661457657185
1227.5 1.3098249581371793
1228.0 0.97575369857906
1228.5 0.7951542696553365
1229.0 0.9541655089672533
1229.5 1.1584810042936786
1230.0 1.3163702344916084
1230.5 2.262906680365521
1231.0 1.6549329197533162
1231.5 2.0843759306218104
1232.0 2.210890275697516
1232.5 1.1294987884300212
1233.0 2.2118591249304633
1233.5 2.2433106456566327
1234.0 1.238652709531399
1234.5 1.3919856616326072
1235.0 1.6448967738917468
1235.5 2.0498274516921007
1236.0 2.1477569265025123
1236.5 0.6781939841081345
1237.0 0.9986617272077294
1237.5 0.857778556625504
1238.0 0.7272503697647532
1238.5 0.8701286882702763
1239.0 0.5939646385318403
1239.5 1.0575825889404673
1240.0 0.6764191854279376
1240.5 1.0933750484556028
1241.0 1.029854924351402
1241.5 1.8320692310043136
1242.0 0.9697588799048542
1242.5 1.4541926528159457
1243.0 0.37400987987692824
1243.5 1.9391498294301903
1244.0 0.6810902568071464
1244.5 3.5012920402277388
1245.0 2.1529685399251575
1245.5 2.2440356111468205
1246.0 1.1932968534367545
1246.5 1.214006465191146
1247.0 0.9992212859715282
1247.5 0.8603540871884426
1248.0 0.9023082017630124
1248.5 0.9637048565764299
1249.0 0.6677753244890579
1249.5 1.3097466456778544
1250.0 1.0244268909698917
1250.5 1.5651358565109676
1251.0 1.0408545875503463
1251.5 1.052535356798996
1252.0 1.809647678950745
1252.5 1.727595714191911
1253.0 0.6332544622696531
1253.5 0.8110324815320425
1254.0 1.4220066561777585
1254.5 1.9649324176293832
1255.0 0.26666181625477203
1255.5 0.8229642729326304
1256.0 1.0103046801344195
1256.5 0.8711127836892077
1257.0 0.6248260838570461
1257.5 1.5497027883281334
1258.0 1.0554406389430946
1258.5 1.5770011779659932
1259.0 1.3371467183550099
1259.5 0.8597319713822762
1260.0 1.2404323176282508
1260.5 2.038392243026105
1261.0 0.6526852036743129
1261.5 1.552642283338534
1262.0 0.7145188841301467
1262.5 0.9386205578531337
1263.0 0.7846987799422191
1263.5 0.7926195502838729
1264.0 0.7614560777473613
1264.5 0.9105984032521138
1265.0 0.8850483884554449
1265.5 0.9705192568858492
1266.0 1.5401209576423427
1266.5 1.0426081356937655
1267.0 0.7951446473632249
1267.5 1.8364679723959103
1268.0 0.43353369197102953
1268.5 1.3949210285695437
1269.0 1.4727060227697768
1269.5 1.0778543277738235
1270.0 1.3787953243856128
1270.5 1.58638355292634
1271.0 2.024194956431681
1271.5 1.6474647560467228
1272.0 1.4294660727472053
1272.5 1.0848189984000736
1273.0 1.2161350093027234
1273.5 1.86583024783908
1274.0 1.452605418643921
1274.5 1.4497274465292989
1275.0 1.0931678649447658
1275.5 2.2868451447396323
1276.0 1.3187788944154841
1276.5 0.9188198660849513
1277.0 1.275204349955005
1277.5 1.4507025366860336
1278.0 0.6919304352209577
1278.5 1.8771636876044768
1279.0 1.638906695397353
1279.5 2.283749421077771
1280.0 2.0806965403798743
1280.5 1.5554836812769053
1281.0 1.5345504098186253
1281.5 1.529180882876266
1282.0 0.7404023612010551
1282.5 0.8202838111654944
1283.0 0.756822483648875
1283.5 0.6136829906034775
1284.0 1.0322517804250464
1284.5 0.7881349736843508
1285.0 0.4721639929227054
1285.5 0.7379148957708929
1286.0 0.7055469063418771
1286.5 0.8751539405929798
1287.0 1.3074736843230403
1287.5 1.275395587596829
1288.0 1.3857284578869704
1288.5 1.6495251470573824
1289.0 1.2307743638376614
1289.5 0.7644267981073505
1290.0 0.9494297919540646
1290.5 1.0160117053625153
1291.0 1.3937627735187499
1291.5 1.068987702586348
1292.0 1.0800954301502503
1292.5 1.2375329541461944
1293.0 1.3165521852598308
1293.5 1.021130410401061
1294.0 1.4339979127581772
1294.5 1.457584701708113
1295.0 0.8574321522051556
1295.5 1.252906227821415
1296.0 1.250271325426129
1296.5 1.5817160396007324
1297.0 1.8538746455753898
1297.5 2.056452840499209
1298.0 2.0525722717637365
1298.5 1.7073289143184316
1299.0 1.2219901827941597
1299.5 1.9054327616908502
1300.0 1.7171842953726515
1300.5 1.5977525113494098
1301.0 1.2277861117029318
1301.5 0.985388068935514
1302.0 1.3134358724553712
1302.5 1.4256108447285452
1303.0 1.1040957258367778
1303.5 0.6599720765788337
1304.0 1.183474875689431
1304.5 1.479006368355564
1305.0 1.2162022413571019
1305.5 1.2987087107503859
1306.0 1.627317230869231
1306.5 1.5869740102725631
1307.0 0.7474622487534379
1307.5 1.3047406489846107
1308.0 1.3552930274754569
1308.5 1.054290856276764
1309.0 0.8511468585940651
1309.5 0.9505812037079309
1310.0 0.6143126577882311
1310.5 2.217974386232833
1311.0 1.384274242431791
1311.5 1.2203840661431182
1312.0 1.2618997162430161
1312.5 1.1687644748396933
1313.0 2.1285053628385104
1313.5 1.3934426108009448
1314.0 2.3649071942200366
1314.5 1.7694305183605818
1315.0 0.6579635108300287
1315.5 1.5059692430053513
1316.0 0.9745161921345897
1316.5 0.6296509052658508
1317.0 1.885567403018019
1317.5 1.5489239028730013
1318.0 0.6874519825393844
1318.5 0.8498845190514644
1319.0 1.8021698908822592
1319.5 1.3059399238635927
1320.0 1.835147698942714
1320.5 1.7246709610706694
1321.0 1.7339376849682173
1321.5 2.770226443036373
1322.0 0.8690703252650701
1322.5 1.2287220088071544
1323.0 1.1411421964692265
1323.5 1.9371801613753907
1324.0 1.193305413356637
1324.5 1.5051298167680005
1325.0 1.5164163109462572
1325.5 1.9816975565868356
1326.0 1.1432911925762037
1326.5 1.2177301852775133
1327.0 0.8442154079561908
1327.5 0.5301193389399047
1328.0 1.7808380894891531
1328.5 1.329118320104063
1329.0 1.3131060163985504
1329.5 1.1981414593426138
1330.0 1.1184003524374866
1330.5 1.4185530937987856
1331.0 0.833175944715236
1331.5 2.168805274660293
1332.0 0.7774920261673568
1332.5 1.4385044457918268
1333.0 2.6428393295463954
1333.5 1.6249545797658582
1334.0 1.3405201163995955
1334.5 0.5275583105894013
1335.0 0.7901471494199958
1335.5 2.221978502582255
1336.0 1.6578919782081996
1336.5 0.7426797127368576
1337.0 2.66243546916248
1337.5 1.1843009163022065
1338.0 1.633213635900044
1338.5 0.7546414563646375
1339.0 1.3594568851929834
1339.5 0.8567893099614234
1340.0 0.7429351289383093
1340.5 0.9629246555239253
1341.0 1.3163549977385047
1341.5 2.2856714271021676
1342.0 0.6474894277504246
1342.5 1.0338468249530328
1343.0 1.0843827120030642
1343.5 0.8329856784170323
1344.0 0.9729590221367368
1344.5 0.9778292946621596
1345.0 1.2754170447692899
1345.5 0.6729633922115339
1346.0 0.8491923592888815
1346.5 1.2914772600429598
1347.0 0.7843925908054807
1347.5 0.7063167184386185
1348.0 0.6532516693876284
1348.5 0.7424558073123402
1349.0 0.8034192826881259
1349.5 0.6681405064962191
1350.0 0.6449118597118177
1350.5 0.6829181842637551
1351.0 0.6602941741705797
1351.5 0.7454255022125844
1352.0 0.760800635181919
1352.5 0.6487601443544435
1353.0 0.6435069351696399
1353.5 0.6875082079726884
1354.0 0.6375570278956697
1354.5 0.7067229328097604
1355.0 0.8091090272212624
1355.5 0.6207519146947216
1356.0 0.6600456922628926
1356.5 0.6002883303295954
1357.0 0.775381833447758
1357.5 0.6123343861830888
1358.0 0.6124885871939794
1358.5 0.7410220993288901
1359.0 0.4321010357418436
1359.5 0.7189139818799344
1360.0 0.6580206342362459
1360.5 0.6222142854722232
1361.0 0.8205561535879216
1361.5 0.7221136361086762
1362.0 0.95678426408109
1362.5 1.3272710814460984
1363.0 0.9162833883666931
1363.5 1.0698425644561127
1364.0 1.2015056491429974
1364.5 0.8730693388259569
1365.0 1.0242194070339539
1365.5 0.9724139789861734
1366.0 0.7383154634755087
1366.5 1.029615586675633
1367.0 0.8478894296785442
1367.5 1.0507237435913173
1368.0 1.1648600436122698
1368.5 0.8239495257415159
1369.0 1.0957807162278252
1369.5 0.6526072695722858
1370.0 0.8043660566555317
1370.5 0.6897185769699228
1371.0 1.100107009323077
1371.5 1.0087763447331688
1372.0 1.7989000715847623
1372.5 1.7918810554033004
1373.0 0.9004131486090526
1373.5 0.7524749468730882
1374.0 0.7053722655983248
1374.5 0.5773049298908176
1375.0 0.9952583421179176
1375.5 0.7961213905841656
1376.0 0.7533016100777975
1376.5 0.745029510289566
1377.0 0.9180166230562328
1377.5 0.7932631299573842
1378.0 1.159759075395602
1378.5 2.1694664806869035
1379.0 1.638586040271176
1379.5 0.9097793452798506
1380.0 1.0682613435666815
1380.5 1.8210176325370764
1381.0 0.888918515784312
1381.5 1.7686321646487981
1382.0 1.3772594517174808
1382.5 1.7365478107906756
1383.0 1.3218118932281295
1383.5 1.416385887643759
1384.0 1.6864021356439407
1384.5 1.5685404852649707
1385.0 1.353867866420948
1385.5 1.5946283428349906
1386.0 1.593525311707405
1386.5 1.775917812641956
1387.0 2.0957262372718706
1387.5 2.3056364774181457
1388.0 1.1066340766042082
1388.5 0.921170766757703
1389.0 1.8787718089998802
1389.5 1.5237626509146422
1390.0 0.9937490201500132
1390.5 1.2130073120024876
1391.0 0.93107658967353
1391.5 1.2049194652160646
1392.0 1.4840910523819257
1392.5 1.2066479241388313
1393.0 1.5927135345610246
1393.5 1.896050628366873
1394.0 1.6413747234591933
1394.5 1.5665973018696837
1395.0 1.5505548685983284
1395.5 0.3885126847241227
1396.0 1.5418460429020548
1396.5 0.7048294695003378
1397.0 1.5937743491889607
1397.5 1.7673755540221316
1398.0 2.3563826705691615
1398.5 2.024809478640429
1399.0 1.0910106347988728
1399.5 1.651675371291129
1400.0 2.5477565848814887
1400.5 1.765694058024207
1401.0 1.7729692492238682
1401.5 2.3122621456089343
1402.0 1.3252289585061856
1402.5 2.3171162440390773
1403.0 1.624489451766744
1403.5 2.577724861152471
1404.0 3.0645899948890643
1404.5 1.692810981281343
1405.0 0.8079363121440843
1405.5 1.8514032792974007
1406.0 1.481967967214773
1406.5 1.3888349541788485
1407.0 1.0937967096668184
1407.5 0.7753983940872271
1408.0 1.6144801345333315
1408.5 1.4337844507297983
1409.0 2.4211089905835355
1409.5 1.8410101101888132
1410.0 1.0176100675795214
1410.5 1.3756908179214804
1411.0 2.73018130277446
1411.5 1.1285085510139772
1412.0 1.0488739642536262
1412.5 1.449050869216265
1413.0 0.44172519505371877
1413.5 1.1571149576113322
1414.0 0.6809285371369805
1414.5 0.9969504877354649
1415.0 1.0231440523433317
1415.5 1.335324631073464
1416.0 1.002880533486125
1416.5 0.8563249117675139
1417.0 0.7977888010288394
1417.5 1.137893214459136
1418.0 0.9066334882884293
1418.5 0.957444955261207
1419.0 0.7264993491820031
1419.5 1.9263622909802662
1420.0 1.464530786617424
1420.5 1.1927091317251077
1421.0 1.4084373878116505
1421.5 1.8302646405561922
1422.0 1.4888050235367947
1422.5 1.2080245835661823
1423.0 1.1941899840460382
1423.5 1.4548800051986768
1424.0 0.41758644458992955
1424.5 1.3468699127250812
1425.0 1.960496974994708
1425.5 1.708547165299432
1426.0 1.1955564301468327
1426.5 1.109059978315929
1427.0 2.216664138226367
1427.5 2.0170653291791747
1428.0 0.776475405306777
1428.5 1.6627518293855559
1429.0 1.8696755563085008
1429.5 2.08564614679201
1430.0 2.030182643978116
1430.5 1.8378815830739716
1431.0 1.5436484696456958
1431.5 1.563598435133726
1432.0 1.2433957470183714
1432.5 1.2763126338244053
1433.0 0.5190270146214039
1433.5 1.6068277713927028
1434.0 1.7144372307205473
1434.5 0.7674231492047667
1435.0 1.0736948567564137
1435.5 0.4650333631687035
1436.0 0.916029073946488
1436.5 0.7488868533798398
1437.0 0.7933937792864363
1437.5 1.1793378919048099
1438.0 0.9740407736826853
1438.5 1.3558786155297151
1439.0 1.0929032584453788
