0 1.0085034080435107
0.5 1.0390093725211558
1.0 1.0556674848404435
1.5 0.9392397691252797
2.0 1.2066315628719466
2.5 1.6258469992350157
3.0 1.2275777662965308
3.5 0.6774734781972642
4.0 1.6109231243201634
4.5 1.556724265823273
5.0 0.9146680737158865
5.5 1.8473696268145146
6.0 2.9498451499684926
6.5 2.287763185903118
7.0 0.44105362302752926
7.5 1.015437283657186
8.0 2.443320606742323
8.5 2.298708339249202
9.0 0.9704217497536524
9.5 1.6988474567525231
10.0 1.797726498125013
10.5 1.3038776410039024
11.0 1.7086466441077217
11.5 1.6660371283573965
12.0 0.7988917007781179
12.5 1.3278084985262097
13.0 1.7430566323114265
13.5 0.4701835352021788
14.0 1.1652590850916456
14.5 1.4868116450622142
15.0 1.2688559933772803
15.5 1.8081829579265372
16.0 1.1203695821610586
16.5 1.7489106919479669
17.0 1.4836819104353405
17.5 1.097904042282591
18.0 1.8322175340648288
18.5 1.5633692086044961
19.0 1.25369309362658
19.5 1.384828377610298
20.0 1.218983973214648
20.5 1.2915875879107217
21.0 1.5540945883011275
21.5 1.3556718978932931
22.0 0.7889607483130797
22.5 0.7126333512871116
23.0 0.9711499942528318
23.5 1.5885197697552846
24.0 0.5621026517240842
24.5 1.9850968038028256
25.0 1.5113563163638506
25.5 1.0271211149479988
26.0 1.9962633446713571
26.5 1.193513810409169
27.0 1.3887312814875368
27.5 0.2
28.0 1.412996674287517
28.5 1.2551360028443743
29.0 0.9909464596265665
29.5 0.2
30.0 1.2819528834973635
30.5 0.8635690251866265
31.0 1.203390074704441
31.5 0.9789078312924662
32.0 1.6314175973359684
32.5 1.0194171073229972
33.0 1.483767790372048
33.5 1.957016223152496
34.0 0.7786404671359556
34.5 0.5843534862979822
35.0 1.0698582393737777
35.5 0.8245227657079743
36.0 1.1831940148425377
36.5 1.1850113780855225
37.0 1.1993670019120295
37.5 0.5731330284610199
38.0 0.47039532762469044
38.5 1.0687789781959705
39.0 0.87450476437211
39.5 0.5454004899086815
40.0 0.8538502457571064
40.5 0.7149708434869497
41.0 0.6850796722838597
41.5 0.9397027021911741
42.0 1.1804558600943857
42.5 0.7636264745528036
43.0 1.2838000919828052
43.5 0.9306163535181593
44.0 1.0687619425833175
44.5 1.0660370070191585
45.0 0.5228987541724734
45.5 0.7757797267979961
46.0 1.343016732226054
46.5 0.8816799273869367
47.0 2.1864305593404127
47.5 0.35504969462412816
48.0 2.7985297854086952
48.5 0.8415674754696401
49.0 0.9341967333661371
49.5 2.1044128103128217
50.0 1.8512916786866844
50.5 1.8681763541332277
51.0 2.269047267469888
51.5 0.2
52.0 1.3467107105789549
52.5 1.5425578126439305
53.0 1.0212144344046137
53.5 2.12134118660175
54.0 1.9516728507424679
54.5 1.0323659504303477
55.0 1.4573536636016375
55.5 1.64488487322809
56.0 1.3226035450378322
56.5 1.6707478244684277
57.0 1.8764060121792765
57.5 0.4547583544171192
58.0 2.956454252757586
58.5 2.1437288287208958
59.0 0.2
59.5 1.8746890829914462
60.0 1.2547039832871616
60.5 2.86088958029935
61.0 0.8422398455154105
61.5 1.2957072839458263
62.0 2.149012352904197
62.5 1.4647217613542032
63.0 1.7322402473966938
63.5 0.2
64.0 2.054342668903296
64.5 0.8941931890338501
65.0 1.7161393731050096
65.5 0.8657440572447337
66.0 0.8252285954649693
66.5 1.4626556962019541
67.0 0.24504761911991058
67.5 0.741652952763104
68.0 0.5061038070380192
68.5 0.662639382165365
69.0 1.0083251583173656
69.5 0.49622087741021614
70.0 0.9754481967659839
70.5 1.1022365366350493
71.0 0.8005568965222771
71.5 0.6071758761950565
72.0 0.9301078865016734
72.5 1.1396013563628324
73.0 0.8100310045662347
73.5 1.453036943114193
74.0 0.7764216545841607
74.5 1.2594012733663857
75.0 0.6604205137242338
75.5 1.3441492797703818
76.0 0.4420210256653079
76.5 1.304594661378665
77.0 0.8310627357025606
77.5 1.0235389670744537
78.0 0.9108587085382238
78.5 0.8784423641219613
79.0 1.031811108331235
79.5 1.1343150452800188
80.0 1.0420958310298207
80.5 0.8897928311089317
81.0 0.966590882451555
81.5 1.3463263482968855
82.0 1.542478739352608
82.5 0.6155940347654114
83.0 0.8085374172534663
83.5 1.4453765499448534
84.0 1.3069580110312384
84.5 0.6376130817066364
85.0 0.9460510821297189
85.5 1.2407138337893653
86.0 1.0321119570127189
86.5 1.0148249433555128
87.0 1.4100666046999693
87.5 1.3663319146027761
88.0 1.204919733254225
88.5 1.4023479872417104
89.0 1.5338881199205234
89.5 1.0269855149405716
90.0 1.05332538736036
90.5 1.3986027481432122
91.0 1.1105248970158357
91.5 0.6226690920277848
92.0 0.7718940093555055
92.5 1.1812029683053928
93.0 1.05695476960921
93.5 1.2683906476569362
94.0 0.739745266448317
94.5 1.5975592916683299
95.0 0.9946049639161318
95.5 0.639800686122834
96.0 2.1764828113974097
96.5 0.7278416530001318
97.0 0.936930246431354
97.5 1.1628660802559128
98.0 0.875316436951854
98.5 1.4959003414133092
99.0 1.2098994440343858
99.5 0.6210875056009652
100.0 1.4296802715102326
100.5 0.8036423495230081
101.0 1.2941399561055058
101.5 0.8748636775437209
102.0 1.7249035173085572
102.5 0.8994787879107153
103.0 0.5723306685321679
103.5 1.0827512898133964
104.0 0.7170388189218095
104.5 0.3845761495184965
105.0 2.020273504673374
105.5 1.0659644535635409
106.0 1.6002990673578816
106.5 0.5928547327049014
107.0 0.21745679424473796
107.5 2.382296191331123
108.0 1.6143680248177181
108.5 2.342363126144961
109.0 1.977735824087923
109.5 1.4961643297625127
110.0 0.9095385721407018
110.5 1.6772339940189436
111.0 2.034044981034619
111.5 2.18557242953966
112.0 1.3484457732792705
112.5 1.7777741531947644
113.0 2.929056935003133
113.5 1.267036549459256
114.0 1.7787973513932882
114.5 1.6720026802106647
115.0 1.1744468522810494
115.5 0.31789136021806574
116.0 1.7226314829736675
116.5 1.6096133336722227
117.0 0.7730903269313865
117.5 1.769889560060432
118.0 1.1216434374069957
118.5 1.404861583902992
119.0 0.7668826166976237
119.5 0.6314825402317922
120.0 1.4086256580133403
120.5 0.7837366319570878
121.0 1.0602350000251448
121.5 0.3409294622227028
122.0 1.2725893484961772
122.5 1.2644092348597065
123.0 0.5997394607974547
123.5 0.803793180696178
124.0 0.8169935235795109
124.5 0.9398775375209394
125.0 1.1578492369534812
125.5 1.0713823153028366
126.0 0.8353330694973152
126.5 0.7481556318526271
127.0 1.0646787979185746
127.5 0.8190822785476565
128.0 1.1371070768505172
128.5 0.9794801711802261
129.0 0.8094637260244725
129.5 0.5772493023136259
130.0 0.8207336196603001
130.5 1.2416935573670065
131.0 0.8008756523336793
131.5 1.1855431030908343
132.0 0.7338165025951298
132.5 0.8792988031020363
133.0 0.7731730399442438
133.5 1.1453553413661186
134.0 1.072540102262612
134.5 0.8489867588122133
135.0 0.6671865863258619
135.5 0.9314197907292391
136.0 0.870658012401524
136.5 1.0110851618549335
137.0 0.875060335019825
137.5 0.7810630657625373
138.0 1.0813094542545008
138.5 0.35285182146567207
139.0 0.5269298145049631
139.5 1.0853633380399217
140.0 0.6635141559523918
140.5 1.043516267691359
141.0 0.42076038830089607
141.5 0.8964550205703269
142.0 0.8271468059092322
142.5 0.6686345321359639
143.0 1.2676759139816598
143.5 0.8212419837494798
144.0 0.7529198928642695
144.5 0.5899928654182405
145.0 0.883659495600995
145.5 0.8610142275437174
146.0 0.6583937894616274
146.5 0.9462973025632975
147.0 0.6623614932523856
147.5 0.7626705121022821
148.0 0.8621566292891405
148.5 2.017971190481274
149.0 0.5110411468690074
149.5 0.7121568589626268
150.0 0.901516820833115
150.5 0.7646210599992429
151.0 1.2828454894251264
151.5 1.2111998997729536
152.0 1.0737264914889586
152.5 0.31319678940594514
153.0 0.7434570689598952
153.5 1.0315916811922814
154.0 1.0745459355814877
154.5 0.8186912361403109
155.0 0.9882010515229416
155.5 0.7247807051531061
156.0 0.9560256346827898
156.5 0.7147157653223284
157.0 0.9300183559815489
157.5 0.7805290178584927
158.0 1.4003938644706027
158.5 0.809951919906681
159.0 0.8323147267003363
159.5 0.749137084352649
160.0 0.7983432663885437
160.5 0.7167854370667401
161.0 0.8253617063270375
161.5 1.236053566182078
162.0 1.3130018194471162
162.5 0.34516760970154997
163.0 1.1654206798591547
163.5 1.2828059470803903
164.0 1.377748328192943
164.5 0.9998661611535407
165.0 1.2755739006678821
165.5 1.0760735016758145
166.0 1.1808976809022667
166.5 0.9717855436981291
167.0 0.8549484297015082
167.5 1.2341475141216518
168.0 0.569816432008568
168.5 1.002754037173793
169.0 0.6472107086490413
169.5 1.1016607188494785
170.0 0.9291939388162782
170.5 0.9587278057720261
171.0 1.070531054193606
171.5 0.9340238640388805
172.0 0.8787439272006368
172.5 0.7007172996234139
173.0 0.8405431130665046
173.5 1.2293526195065223
174.0 1.0937826960574701
174.5 0.7363735891793262
175.0 0.5947070751545807
175.5 0.8493150783146718
176.0 0.8829361508476196
176.5 1.2591149564065292
177.0 0.6283267310419725
177.5 1.1185259131410616
178.0 1.043331525490147
178.5 0.8082300944278955
179.0 1.2434726178294486
179.5 0.9973989642320047
180.0 0.4798360321933601
180.5 0.8236830143713509
181.0 1.2152976604649275
181.5 0.4801346380210313
182.0 1.0086116038781496
182.5 1.2042189362472593
183.0 0.7715890429419651
183.5 1.054987426397765
184.0 0.47834882883077773
184.5 1.2545484702959477
185.0 0.22799332364649905
185.5 0.7289519797987942
186.0 0.6032030889586679
186.5 0.86772278147866
187.0 1.4079655163567055
187.5 1.4832168192906334
188.0 1.3619001827334387
188.5 1.050781657356198
189.0 1.1231100292138418
189.5 0.7453472682932911
190.0 0.8728433620189012
190.5 0.5875644233819497
191.0 0.8582935838156677
191.5 0.8612963710077484
192.0 1.2521840466888232
192.5 0.8964260283918688
193.0 1.052312976398771
193.5 0.8040597192501602
194.0 1.020817556081919
194.5 0.9115216463789246
195.0 0.8225286712543485
195.5 1.562129956948592
196.0 0.8801688614710255
196.5 0.6326705933169894
197.0 1.2546652573119106
197.5 1.0782201585586257
198.0 0.8047946622566438
198.5 0.7728185655210726
199.0 1.328726421261857
199.5 1.4362748835758787
200.0 1.1977979737033666
200.5 1.46327492376829
201.0 1.7250903675415818
201.5 1.235940074610974
202.0 1.4808128920894477
202.5 1.052368562393035
203.0 1.6896486396521362
203.5 1.0962916709082027
204.0 1.476844403932856
204.5 0.960379199819112
205.0 1.6926393401592028
205.5 1.3934713753656243
206.0 1.2085979464179792
206.5 1.337206761641303
207.0 0.5531420522465593
207.5 1.3468300052187598
208.0 1.0154048317732163
208.5 0.7981671528778472
209.0 2.017352860187447
209.5 2.3841529340384664
210.0 2.3823461983657115
210.5 2.7499416302456297
211.0 2.4316187474333835
211.5 0.5635670017907022
212.0 3.207122992771272
212.5 0.875444537543081
213.0 0.9322787561849306
213.5 1.3241429462892247
214.0 0.7012151178605621
214.5 0.7319375423175382
215.0 0.5218823324466373
215.5 0.820643151982767
216.0 0.7258741968221105
216.5 0.7010127607958238
217.0 0.7794218579470986
217.5 0.7293730338390185
218.0 0.7970096153196412
218.5 0.9552142173461964
219.0 0.6371537453388325
219.5 0.8395709049022482
220.0 0.9244473820121392
220.5 0.7845997434030143
221.0 0.4300349524826767
221.5 0.8271335506230286
222.0 1.1451122525550401
222.5 0.9736300742041043
223.0 0.7027958668334308
223.5 0.7629733227584001
224.0 0.7477102601858576
224.5 0.9490713559218075
225.0 1.0894782712941113
225.5 1.0820989540277768
226.0 0.6083325218497098
226.5 0.7046694477555279
227.0 0.686161928643141
227.5 0.8174775653731204
228.0 0.6809712009376113
228.5 0.4855385198996635
229.0 0.9123502232875866
229.5 0.6847249395864581
230.0 0.8178529893427425
230.5 0.6717052169390683
231.0 0.6704003874503996
231.5 0.6714252394655491
232.0 0.6996472519828505
232.5 0.6985889300289752
233.0 0.6972761147802666
233.5 0.955159947078915
234.0 0.4636610455967649
234.5 1.2989522490766308
235.0 0.668972857229233
235.5 0.7530991226375614
236.0 0.42501996216508997
236.5 0.6565587985313985
237.0 0.5555534484903202
237.5 1.3152039994438256
238.0 0.9560583882917042
238.5 1.1190648836507107
239.0 0.9016996904574779
239.5 0.7169732477173736
240.0 0.6589554199902294
240.5 1.0264704592402585
241.0 0.6937920870544608
241.5 0.8288741542543329
242.0 0.8946556574764803
242.5 0.9711176998174615
243.0 0.748483101829304
243.5 0.7639211451299244
244.0 0.764701016119148
244.5 0.8366295463006099
245.0 0.6841454992590291
245.5 0.9426382538181385
246.0 0.6594930306547342
246.5 0.3312623118759143
247.0 0.6558202846247646
247.5 1.201971376105622
248.0 0.6203058777711666
248.5 1.2324162064089532
249.0 1.4921978096061568
249.5 0.9773840280105653
250.0 0.7890339326542202
250.5 0.6961942752713239
251.0 1.2759194726630003
251.5 1.1797633361629314
252.0 2.0091059331896015
252.5 1.5926175591505023
253.0 0.849435542164698
253.5 1.0283500187299737
254.0 1.3666612711496424
254.5 0.9465379850518394
255.0 1.1912452008619252
255.5 1.1181378581251458
256.0 1.2306168899011976
256.5 0.5529425832678975
257.0 0.8822512947720655
257.5 1.0927274734628083
258.0 1.221900051553217
258.5 1.2524452735255187
259.0 1.8633159936456538
259.5 0.2
260.0 1.674899342591052
260.5 1.7507371648705783
261.0 1.7706011272573066
261.5 1.4753277757629175
262.0 1.2110862015308728
262.5 1.8413067167451809
263.0 2.362847600696671
263.5 1.7346901036145856
264.0 1.4633073511357688
264.5 2.1813631603738908
265.0 1.9911774479724906
265.5 0.8119763802467148
266.0 1.366841419649226
266.5 1.9672584095380845
267.0 2.011154153067568
267.5 2.7897467353709886
268.0 1.9029971566498554
268.5 2.217864490800549
269.0 1.4708432079382612
269.5 1.7347803126728631
270.0 0.8533315882553758
270.5 1.584874550111317
271.0 2.7381002816502074
271.5 2.6014459529461327
272.0 2.9815303618925704
272.5 2.2843975432183488
273.0 2.9265010097759516
273.5 2.288303349909656
274.0 1.849614306028303
274.5 1.7949055165183538
275.0 0.4249674078606622
275.5 0.8587628952667054
276.0 1.238395696281424
276.5 3.7034122331227546
277.0 1.4270010477228168
277.5 3.059149412916682
278.0 1.262851334681738
278.5 1.2194079563144888
279.0 1.291235022646405
279.5 2.142805963884296
280.0 0.6567966715184096
280.5 2.137829970522023
281.0 1.5974419104395903
281.5 2.3381232772580915
282.0 2.242010537889572
282.5 2.561751315566738
283.0 1.1866808869505499
283.5 2.3360019076372702
284.0 1.962709673728711
284.5 2.427511818965626
285.0 2.202449205348363
285.5 1.3587497096767482
286.0 2.1410066331708144
286.5 1.932736309656648
287.0 1.633601312618271
287.5 1.8745033631142571
288.0 1.661721748537401
288.5 1.335122510013396
289.0 0.7705339731549404
289.5 1.9710515441317256
290.0 1.7532483358818456
290.5 1.071135065561728
291.0 1.3556298019033157
291.5 0.2
292.0 0.5349128031712191
292.5 1.350039535225624
293.0 1.1406258944496717
293.5 0.9699553461501316
294.0 1.5084716510219986
294.5 2.576005761517741
295.0 1.7049892160130256
295.5 1.0246713268407395
296.0 1.288493022378948
296.5 1.4501356344011445
297.0 1.4185219740052903
297.5 0.9506232404607827
298.0 0.4056362850807745
298.5 0.704245137018218
299.0 0.9559424320710068
299.5 0.6676586734326166
300.0 1.0376612885939545
300.5 0.6429745418071862
301.0 0.7754617424908079
301.5 1.9281708422922725
302.0 2.0047147478342544
302.5 1.153604126242493
303.0 1.7333696461204529
303.5 1.6175331613232458
304.0 1.0029246745579155
304.5 2.0175642896152395
305.0 1.5026653507449481
305.5 1.5798078117048457
306.0 1.8793737728782236
306.5 1.1321781231771784
307.0 2.050898125938107
307.5 1.5364331085017693
308.0 1.307309173829017
308.5 1.7968575836395637
309.0 1.2696010884555766
309.5 1.1262471990308098
310.0 1.4279038880966795
310.5 2.762168834552057
311.0 0.6238632186144321
311.5 0.5888862849222927
312.0 1.964782789170346
312.5 1.1495853074779847
313.0 1.7633774797944521
313.5 0.9002684256184867
314.0 1.1857128036167994
314.5 0.8444430814469652
315.0 1.0412053900931142
315.5 0.9634542398054604
316.0 0.9172955430863863
316.5 1.1321311514309191
317.0 0.5676419050386565
317.5 2.2916135831438966
318.0 1.0021618497881113
318.5 1.4501604834150679
319.0 1.3481030081015444
319.5 1.262632835202172
320.0 3.165226605763787
320.5 1.7110149082671349
321.0 1.4853687626308347
321.5 1.5625400628123318
322.0 2.542286656507088
322.5 1.908584958258007
323.0 2.1756252783190475
323.5 1.0728083190413356
324.0 0.640540228634924
324.5 2.092055015875847
325.0 1.3289744437485078
325.5 1.549048780731563
326.0 1.0515455139565453
326.5 2.154726699713934
327.0 1.1213095375860722
327.5 2.28627019980244
328.0 2.1117172292361386
328.5 0.5030875864957434
329.0 1.2135709000485382
329.5 0.6145301584349692
330.0 1.3120917377305077
330.5 0.6887948457875611
331.0 1.6339808600518744
331.5 1.848520808786338
332.0 0.6596999336847957
332.5 1.4581587258638045
333.0 0.5088690423162684
333.5 1.1106358364271176
334.0 1.2860444521736223
334.5 0.7313122155234757
335.0 0.5766621240922384
335.5 1.2564964710006237
336.0 1.960332848799506
336.5 0.6761040727680929
337.0 1.2876935433299326
337.5 0.8521062194723407
338.0 1.7870124262178289
338.5 0.9445224257550281
339.0 1.0324259221465777
339.5 1.3225552185012073
340.0 1.217139902536861
340.5 1.789974533633897
341.0 1.6299673857939638
341.5 0.9859569003034958
342.0 1.6631081016787594
342.5 1.3692560271125132
343.0 0.6864126009249216
343.5 0.4661823691870075
344.0 1.6955690285599672
344.5 1.9975951186853322
345.0 0.5378015544914326
345.5 1.1117884392029342
346.0 1.064921328062033
346.5 0.7908408145917416
347.0 0.4672620859317437
347.5 2.14899087441478
348.0 2.542883608777716
348.5 1.5243634417228722
349.0 1.69059186827481
349.5 0.2
350.0 1.3975435955658604
350.5 1.267711303788543
351.0 1.5495880108389088
351.5 1.8541897778224103
352.0 0.5020759698235725
352.5 1.1832557472290803
353.0 1.6275451918564836
353.5 1.547568380655623
354.0 0.6271443499280206
354.5 1.63600799050108
355.0 1.4634329224172973
355.5 0.7678199642613238
356.0 1.2337024578807805
356.5 1.2781161476794616
357.0 0.7161132495683677
357.5 1.0552476180411134
358.0 2.2201412134079477
358.5 1.7620142950239375
359.0 1.6135734993114141
359.5 1.1884149282744714
360.0 0.7205305203544355
360.5 0.9785985389262426
361.0 0.5300584825428333
361.5 0.7431108978250881
362.0 0.8302496550396347
362.5 0.9344084090140106
363.0 0.6520946355170922
363.5 0.8629866637621291
364.0 0.7853086487866971
364.5 0.5721865900565556
365.0 0.6628162791604868
365.5 0.761049972648416
366.0 0.8721725431012534
366.5 0.7822745102549213
367.0 0.8930480079580446
367.5 0.9649340897032139
368.0 2.0814554683795743
368.5 1.3580573545173156
369.0 0.6938996475840119
369.5 1.8015323967482146
370.0 1.5456263839466406
370.5 1.3171008759128209
371.0 1.9675824715446129
371.5 0.5442632390690471
372.0 0.8128514865010655
372.5 1.8645116289744188
373.0 2.304976593063495
373.5 1.3871198648364835
374.0 1.9362724459799605
374.5 1.9960638723741706
375.0 1.118275640662789
375.5 0.8301130364572226
376.0 0.2
376.5 2.056489988935067
377.0 2.55578777894884
377.5 2.0176313455877892
378.0 1.5525402865237514
378.5 1.6188321539061623
379.0 2.5284949491122317
379.5 1.3089614433498542
380.0 1.786994524099143
380.5 0.746813660817592
381.0 0.7921203691338223
381.5 0.9375632113228063
382.0 0.7253889260331354
382.5 0.8335470011741528
383.0 0.4845800462300396
383.5 0.9954217688244363
384.0 0.685559869022363
384.5 0.9486341518702712
385.0 0.9070401503352792
385.5 0.39652976928219474
386.0 0.7742756790164609
386.5 0.8692700820510545
387.0 0.9900664574030908
387.5 0.38172062479185664
388.0 1.100078393730259
388.5 0.9651141740277113
389.0 0.8134430024015417
389.5 1.2133735388625086
390.0 0.616912552535192
390.5 0.6984465530979976
391.0 0.7847257839515753
391.5 0.9179995817894899
392.0 0.8614391220201578
392.5 1.0800110782823582
393.0 0.9188545722012567
393.5 0.8941337396392506
394.0 0.9180428368353886
394.5 1.589720319307821
395.0 0.6176261987807108
395.5 1.0839063565323297
396.0 1.3743908533684066
396.5 1.2941489589004702
397.0 0.7118720071174719
397.5 1.6693175920728085
398.0 2.0416981896592024
398.5 2.308346266966839
399.0 1.7798495106329195
399.5 2.7880043918988653
400.0 0.7083856607533985
400.5 1.683890274342121
401.0 1.9756170233821568
401.5 3.0171407073545757
402.0 1.2821199731176627
402.5 0.2
403.0 0.34592996610551996
403.5 0.5187646552016902
404.0 2.022957878006062
404.5 1.7586949818698643
405.0 0.7091567636470578
405.5 2.221211029032262
406.0 0.8743848167068571
406.5 2.1937032135641843
407.0 0.9355213514491914
407.5 2.7058487538059253
408.0 1.455971637775276
408.5 1.3348977477854482
409.0 1.7807512061958433
409.5 1.9274192278661912
410.0 1.3195105492738302
410.5 1.2235891337879354
411.0 1.1585946309315218
411.5 0.9903113311982349
412.0 1.6120003214891825
412.5 1.0018775035018601
413.0 1.1847831852216912
413.5 1.3325263824882865
414.0 1.0547279058578218
414.5 1.6431547273839688
415.0 1.5027211847559725
415.5 1.3810922584036145
416.0 0.8317525084142676
416.5 1.2291566096389146
417.0 0.5555261852203772
417.5 0.7207832152876856
418.0 1.42884655241569
418.5 1.203354119536156
419.0 1.0895952522457972
419.5 1.391383408851863
420.0 1.470243962025326
420.5 0.9723421470331636
421.0 0.7545729281297854
421.5 0.9991892689168655
422.0 0.8182306283977563
422.5 0.9801226012807435
423.0 2.2031887226019187
423.5 1.1454338668983466
424.0 1.3620904180682003
424.5 1.2076549726281158
425.0 1.301526017308396
425.5 1.0074660025547808
426.0 1.339633929733735
426.5 0.9869397223055574
427.0 1.695762253396036
427.5 0.8194722725862613
428.0 1.1583318738281685
428.5 1.6117780559101083
429.0 1.0991909459149014
429.5 0.9055833367636775
430.0 1.0902234704182725
430.5 0.9047662716617664
431.0 0.8151142553187188
431.5 1.1946227079848475
432.0 1.0964675428974664
432.5 1.945944451094797
433.0 0.7804144368908383
433.5 1.2569513495657363
434.0 1.4118095000004722
434.5 1.1178916691536631
435.0 0.6727574377360087
435.5 0.2
436.0 1.5288315699410702
436.5 1.1340065282462102
437.0 1.1240791542830255
437.5 1.0309656644963412
438.0 0.5857035975934757
438.5 1.5518545518009956
439.0 1.5016774010877891
439.5 1.2443716249655519
440.0 0.9663937743145985
440.5 1.5126145102580248
441.0 1.267246880523107
441.5 0.9138121049746013
442.0 1.0592131388886599
442.5 0.677199650522317
443.0 0.6969336464998879
443.5 1.095865639067711
444.0 1.1635391655358145
444.5 0.9808214291106168
445.0 0.7972588013007335
445.5 1.301705085544314
446.0 1.1047377566079035
446.5 0.899025230512946
447.0 1.2892923334680977
447.5 0.9777206816734918
448.0 0.9350072078686689
448.5 0.6059792177066188
449.0 1.8501626958020223
449.5 1.2305313428791789
450.0 0.4778580035073797
450.5 0.48488420549152544
451.0 0.2
451.5 0.5854825033242022
452.0 0.9578063310370659
452.5 1.135524738063591
453.0 0.6920880936238176
453.5 1.5542676966667184
454.0 1.052347447757981
454.5 1.3393534468117565
455.0 1.2257630472103678
455.5 0.6537717561924695
456.0 0.5480470548698618
456.5 0.9568448665200957
457.0 1.3148468098885662
457.5 1.0136347900169094
458.0 0.8385103237767983
458.5 1.205712117999636
459.0 1.452466975123903
459.5 0.6119101893557639
460.0 1.511281291985332
460.5 1.1095945911939562
461.0 1.1466312386316826
461.5 1.1164621518051172
462.0 0.6432858615380275
462.5 1.4482813057743122
463.0 0.5408927175183951
463.5 1.1344881702978444
464.0 1.1719232310978747
464.5 1.0855932493672338
465.0 1.5472818687937266
465.5 1.3933994766653552
466.0 0.9155912368429722
466.5 0.6886289832500833
467.0 1.3985499409047375
467.5 2.4443291426993135
468.0 2.318680798319661
468.5 1.0697446794037173
469.0 1.7680526015412146
469.5 2.148357777188877
470.0 1.3495120242413716
470.5 1.2567354336777932
471.0 0.5933398167261844
471.5 1.316290004762474
472.0 2.1681168271099773
472.5 0.6702877202871974
473.0 0.7193628179494529
473.5 0.7406716714092535
474.0 1.266015881293307
474.5 1.309955613640875
475.0 1.5696004055542034
475.5 2.6114885926395184
476.0 1.2488303837948544
476.5 1.5874104330938463
477.0 1.1816876068036077
477.5 0.6777561692879461
478.0 2.6177722208370016
478.5 2.0766675291582213
479.0 1.3485723318002933
479.5 1.4476812085313067
480.0 1.2099661000515594
480.5 0.6433910902378901
481.0 1.4837335014910173
481.5 1.4448550176334365
482.0 1.6593243768006884
482.5 1.5994732354519487
483.0 1.5172553328552514
483.5 2.676001698640996
484.0 0.7319784351693022
484.5 1.2472243642709717
485.0 2.178130940258848
485.5 0.9626389250742234
486.0 1.484586115113267
486.5 1.7550263991074577
487.0 1.2275711770348416
487.5 1.5545606130698553
488.0 2.1728345272747713
488.5 1.4343914165166667
489.0 1.3072287833131866
489.5 0.7265887368243429
490.0 1.1398015531914902
490.5 1.1021857575012373
491.0 0.7938628745845067
491.5 1.1812290411664155
492.0 1.5519962972602475
492.5 1.60320030590422
493.0 1.5477415915607393
493.5 1.1908245612956911
494.0 1.348612145580815
494.5 0.6062293370964195
495.0 1.1091340200659827
495.5 1.2130512900687411
496.0 1.1846167428345797
496.5 0.5957592220150258
497.0 1.1588459963989708
497.5 1.2497196961120105
498.0 1.488257470063385
498.5 1.1047702495540674
499.0 0.5889623407792203
499.5 1.1708137289188008
500.0 0.9155424237235459
500.5 0.4168217890386403
501.0 1.369834195312773
501.5 0.8800429079934158
502.0 0.5729163967634601
502.5 0.8705112216662829
503.0 2.1546307748572673
503.5 0.6078329746813355
504.0 1.5613901920594957
504.5 1.547132631142302
505.0 0.9402599160629341
505.5 1.0603680292725102
506.0 1.1476023729431328
506.5 0.9253002257094272
507.0 0.942910785404255
507.5 0.9354036135633461
508.0 1.4772552920530728
508.5 0.7939107079648859
509.0 1.0142837569913477
509.5 0.7481944853129837
510.0 1.1612314350305675
510.5 0.6181473715589632
511.0 0.8868505535056033
511.5 1.1170605163287652
512.0 0.8750277840858465
512.5 0.8143586901248788
513.0 0.9640762866034901
513.5 0.8385591727908037
514.0 1.5553079009636641
514.5 1.156109060348021
515.0 0.9307774625475516
515.5 1.0882494252233064
516.0 0.7627233320939821
516.5 1.35637187470671
517.0 0.7651444733782753
517.5 0.2
518.0 0.9340991629892799
518.5 1.0364632803009939
519.0 1.9385920000021133
519.5 1.0053491359938551
520.0 1.187264462277735
520.5 1.9350267882655587
521.0 0.9753821492847101
521.5 1.6016728218202676
522.0 1.3484986754495971
522.5 2.049449322428461
523.0 1.9488172134855046
523.5 1.707207233514807
524.0 1.1878981177730736
524.5 1.0364681521851704
525.0 1.1144730677436292
525.5 0.8264539558558813
526.0 2.130121757853457
526.5 2.1011064595079194
527.0 0.8673619968240638
527.5 1.4659443748967145
528.0 0.9437280297062413
528.5 2.126325335598206
529.0 2.6426536961886864
529.5 1.0138283928836829
530.0 1.3194889828805216
530.5 1.562908003674885
531.0 1.4370888360233909
531.5 0.6474267440529439
532.0 0.7345027550379807
532.5 0.7186855897487507
533.0 2.154029521907324
533.5 1.8487442601013013
534.0 0.9999208130346235
534.5 1.6046216788341354
535.0 2.1039662693763055
535.5 0.6499196209921223
536.0 1.9267139631767005
536.5 0.8379535039808802
537.0 1.8224341008109546
537.5 1.7422020014150745
538.0 0.9000430406254564
538.5 0.9294569675456097
539.0 1.78139635728009
539.5 1.6410861728136827
540.0 2.1405656167086695
540.5 1.576350050704264
541.0 2.112726599792818
541.5 2.240428379497831
542.0 0.7907179667431833
542.5 1.4415873888840118
543.0 0.7151253614746468
543.5 1.1286895863605408
544.0 0.45696906905468127
544.5 1.0920425784896537
545.0 1.6332885133938495
545.5 1.1399298291368243
546.0 2.7276153038259707
546.5 1.131715757219491
547.0 2.9823789762356503
547.5 1.5842593627597097
548.0 2.2266326126035043
548.5 2.05715846089749
549.0 2.2124636457086297
549.5 1.5994675723704588
550.0 1.747500514219862
550.5 2.086420966950801
551.0 0.9290468784659297
551.5 0.7518574515358488
552.0 1.0837409044582789
552.5 1.1958417161605386
553.0 1.0809632936924347
553.5 0.8009502994188006
554.0 0.8303035475507954
554.5 1.474845096955178
555.0 1.117935950301286
555.5 1.0752692071273513
556.0 1.041790836477846
556.5 1.3349299811364355
557.0 1.1536270716009966
557.5 1.0506512387416878
558.0 1.1292369435029457
558.5 0.9531723706760875
559.0 0.5907031895439712
559.5 1.0080177849720096
560.0 1.033232800545282
560.5 0.6560059973412904
561.0 1.0136523994269
561.5 0.8910006564801722
562.0 1.208208772854511
562.5 0.7149751203017083
563.0 1.0647284606812975
563.5 1.219647840447507
564.0 1.873911755633198
564.5 2.3201800262839565
565.0 1.6757007582650054
565.5 1.104393041756801
566.0 2.1239316825993724
566.5 1.2031428879660713
567.0 1.8062250637721708
567.5 1.2283702849574727
568.0 1.4352414085391716
568.5 1.3880273230104037
569.0 2.4707382109587623
569.5 1.9504015200606433
570.0 2.2408994970344476
570.5 1.1243224540678374
571.0 2.1667426650520185
571.5 2.278442082876034
572.0 1.882765144504622
572.5 1.4352471779165152
573.0 2.016806784671218
573.5 0.8219698913431961
574.0 1.7068450135406763
574.5 1.4288285620527208
575.0 0.744173500708861
575.5 0.9273298271594717
576.0 1.2158368149679546
576.5 0.971923136403948
577.0 1.009044746674295
577.5 1.241000976932394
578.0 0.932916088346653
578.5 1.258225940404902
579.0 1.951749194641283
579.5 1.455676470718187
580.0 0.3428250625165852
580.5 2.69096151103755
581.0 2.139859137100549
581.5 0.3581059684770147
582.0 1.5785457581377091
582.5 1.5908315133693802
583.0 0.7094867863131279
583.5 2.6108159876525927
584.0 2.5202093446315685
584.5 1.3578935780607302
585.0 1.5257224666544191
585.5 1.8184172394350577
586.0 1.3613406271274697
586.5 1.4740184698386745
587.0 1.2357904279671779
587.5 1.1119034241861383
588.0 1.1688583434316788
588.5 0.9553394011844389
589.0 0.5510415469834447
589.5 1.8564154615184258
590.0 0.8770186064412907
590.5 1.3607227567568507
591.0 0.3933958329702718
591.5 1.6148944252570756
592.0 1.5705760437086311
592.5 0.47811646716792355
593.0 1.7373044031908196
593.5 1.95702974207989
594.0 2.161870672395914
594.5 1.384653643570248
595.0 0.8150570063125907
595.5 0.5733035210577843
596.0 1.1924504298718992
596.5 0.717389734844349
597.0 1.5922018513629317
597.5 1.920566249774157
598.0 2.217724485577798
598.5 1.0653661194466255
599.0 1.296778924842747
599.5 1.855679954132344
600.0 1.6027209546610401
600.5 0.7572475238282537
601.0 2.105516954220535
601.5 2.5445631365949284
602.0 1.9720712241381004
602.5 1.8294474885867396
603.0 1.7760748407964941
603.5 2.4318946287359573
604.0 2.7511725612225906
604.5 1.9362763520051587
605.0 1.3094204909955611
605.5 1.81145318770561
606.0 1.6265745090667927
606.5 1.186413563146571
607.0 1.6478757942550537
607.5 1.052728811004629
608.0 0.6701812956064657
608.5 0.9654895265260082
609.0 2.356667073632683
609.5 1.5217068853161926
610.0 1.6756466982249698
610.5 2.1980648735635
611.0 1.8710533206839686
611.5 2.634007764478739
612.0 2.0817806357627955
612.5 3.167862186515375
613.0 1.7783353192630618
613.5 1.472510800932898
614.0 1.778803850587556
614.5 1.023607173832827
615.0 0.8829194928544638
615.5 0.818337462355671
616.0 2.0244124907171583
616.5 1.6258309898025776
617.0 0.5643716214664416
617.5 1.197730112091536
618.0 2.1013436542227133
618.5 1.4678466858770747
619.0 0.9964101991411651
619.5 2.5514647832298447
620.0 1.818276739751916
620.5 0.5005199923006689
621.0 0.8397804313664231
621.5 1.4374984866943985
622.0 2.374193602866172
622.5 0.8210698228617647
623.0 1.843968954350607
623.5 1.234459975251829
624.0 0.7612054851983254
624.5 1.228713565022002
625.0 2.051777702048866
625.5 2.2212883024009895
626.0 2.3994038343739392
626.5 0.7049756302692753
627.0 2.561705494091517
627.5 0.7004322608127618
628.0 0.6969244161090109
628.5 1.2489963510044961
629.0 0.8948053183306449
629.5 0.7975744266127343
630.0 0.82865451400916
630.5 1.160810192950086
631.0 1.050181005696884
631.5 1.284447737815633
632.0 0.5618606274616844
632.5 0.8330529949774663
633.0 0.7828719661975119
633.5 1.2058681781660716
634.0 0.9653375576551457
634.5 1.2545689090976322
635.0 1.3242372336893384
635.5 0.672074822711241
636.0 0.5695932975568146
636.5 0.9084240772824084
637.0 0.547372854099936
637.5 0.42185818697381633
638.0 0.8027054702152594
638.5 0.9701906875866992
639.0 0.6284538780758397
639.5 0.8510687223464245
640.0 1.1378929153209332
640.5 0.8603944903777969
641.0 0.5136890355090158
641.5 0.87105466449578
642.0 1.1442271933178432
642.5 1.4541729933164624
643.0 0.8545896316186326
643.5 0.6646344054104398
644.0 1.2622020261799318
644.5 1.596585713191988
645.0 2.5733726282222102
645.5 2.0740620046039164
646.0 1.6284541099124632
646.5 1.1844362861103699
647.0 1.410371228170827
647.5 0.8820741411988793
648.0 0.38653281564630093
648.5 1.1460028953179564
649.0 1.7532155133621494
649.5 0.8354909827654806
650.0 0.9769482497986017
650.5 1.5632236228712533
651.0 1.4647306757082952
651.5 1.306322759095138
652.0 0.35802511732013265
652.5 1.2145998088003973
653.0 1.1047144787745116
653.5 1.4855741828905786
654.0 1.4980619265809527
654.5 0.7022009449591009
655.0 1.2514013360085634
655.5 1.2315609643360346
656.0 1.025032705419327
656.5 1.0831556879079292
657.0 1.6122573430311322
657.5 1.670921426696637
658.0 1.5690233443784338
658.5 1.0694335732772182
659.0 0.3618752469583907
659.5 1.238308315339085
660.0 1.0523925663535112
660.5 0.8334113121908708
661.0 1.1503263085716855
661.5 0.7751277824724405
662.0 1.3934218289174651
662.5 1.7087495904168482
663.0 0.9156823157696319
663.5 2.2600444303438456
664.0 1.6169893371742432
664.5 1.7522232935639273
665.0 0.8839515475419968
665.5 1.483710861835932
666.0 0.2773691140885187
666.5 1.322073067786218
667.0 2.219042305412446
667.5 1.5414864032045017
668.0 1.082624250648222
668.5 0.8535177312319928
669.0 1.5936025984361837
669.5 1.7289459633115207
670.0 1.225235571767202
670.5 1.461283591628769
671.0 0.5963840037913284
671.5 2.209044021097349
672.0 2.0242850558889423
672.5 1.3052081850791588
673.0 2.451341635597945
673.5 0.7666137300915917
674.0 0.9591656729389022
674.5 1.8959172169502398
675.0 1.1393493394911478
675.5 1.203351320753139
676.0 1.3317943847071296
676.5 1.0177829966805079
677.0 1.395738426636902
677.5 0.8338078493717483
678.0 0.9658158707329582
678.5 1.0841748770976016
679.0 1.2342386796670972
679.5 1.0241187428816887
680.0 0.9772029785686835
680.5 1.1991748388287746
681.0 1.0687585352843756
681.5 0.7098128865086417
682.0 0.9042277502175571
682.5 0.6301616244904997
683.0 1.1421026751496666
683.5 0.7744690946838002
684.0 0.8904753536834842
684.5 0.992699282162474
685.0 1.2068811674747448
685.5 0.5867305033714164
686.0 0.8710582902174511
686.5 0.39535520831003346
687.0 1.2587403259312548
687.5 1.0899861241618471
688.0 0.34793747526158036
688.5 0.8601380224100943
689.0 0.7376874451383211
689.5 0.5963665015012676
690.0 0.9075369921481389
690.5 1.5332899894279994
691.0 0.3750751764721296
691.5 1.2685430613619402
692.0 0.8896219635439571
692.5 0.9770770919707743
693.0 1.3229031290543212
693.5 1.2281908310979586
694.0 1.073090940822613
694.5 1.0350507615507731
695.0 2.017938460040323
695.5 1.1858821480287078
696.0 3.388594558305857
696.5 1.2430997803036357
697.0 2.6701290461613034
697.5 1.6291609012167068
698.0 1.7545095264366903
698.5 2.392700299093158
699.0 1.7025785309792003
699.5 0.562201310706224
700.0 2.0415263601346227
700.5 2.363672386678171
701.0 1.0166157565977745
701.5 1.1601696829850079
702.0 2.6019513588162733
702.5 2.5179918961575942
703.0 2.895436151834565
703.5 0.2
704.0 0.886171347308698
704.5 2.8282576170561633
705.0 0.9875368510214229
705.5 1.1308575387350683
706.0 1.0151029178636786
706.5 1.7169153156042556
707.0 1.039728318028941
707.5 1.5267537305808485
708.0 2.2052409957770207
708.5 2.396006718375848
709.0 1.3442236117855044
709.5 0.8414669286147657
710.0 2.372416684622328
710.5 1.8571190942808646
711.0 2.109425435427445
711.5 1.5636784805100519
712.0 1.2258870356081424
712.5 2.26143918143893
713.0 1.638898244485904
713.5 1.588947659257192
714.0 1.3504732797305763
714.5 2.2107145784505753
715.0 1.723372416248222
715.5 1.7383585795290886
716.0 1.2838569652364187
716.5 1.8514006010270563
717.0 1.2367716444713648
717.5 2.424954327691662
718.0 1.538192261880507
718.5 1.5346857128645586
719.0 1.2918888257321037
719.5 1.3677801219471246
720.0 0.8875893449835672
720.5 1.0103349289726578
721.0 0.8769036680073683
721.5 0.9927816303307712
722.0 0.7099030399107997
722.5 1.3515699956947684
723.0 0.7133840760262368
723.5 0.9002884268522502
724.0 0.7259203019230963
724.5 0.890713403579962
725.0 1.359253290680845
725.5 1.7699330402079871
726.0 1.1161523188705051
726.5 1.0845253080081432
727.0 1.019534215555992
727.5 0.7983345016076525
728.0 1.6525688075362055
728.5 1.317142157070327
729.0 0.8993249725498618
729.5 0.5366709744896889
730.0 1.5117410505826698
730.5 0.6227756430965565
731.0 0.994391068869412
731.5 1.073928478418814
732.0 1.3124638408371228
732.5 0.4386070855374644
733.0 1.3284044861644473
733.5 1.0513271106777524
734.0 0.7135287191639428
734.5 1.5982357459547645
735.0 0.7456526874732624
735.5 1.2231782346546394
736.0 0.962623230399851
736.5 0.3076871543340569
737.0 0.6796576174994047
737.5 0.9066620858139443
738.0 0.6184424714804191
738.5 0.7976604872837649
739.0 0.9019402988542947
739.5 1.0848278833174005
740.0 1.1454931872362035
740.5 1.4853549462665936
741.0 1.1977936515144871
741.5 1.4406492725172113
742.0 1.2125838417239376
742.5 1.63193340991173
743.0 1.5044784385786887
743.5 1.1225722331732455
744.0 0.9901868005321807
744.5 1.0648285938448891
745.0 1.4824553179636433
745.5 1.474542033608639
746.0 2.1823040494523234
746.5 0.4698529146943019
747.0 1.1933936870145825
747.5 1.148755284596147
748.0 0.749299820389063
748.5 0.2
749.0 1.5046235142572406
749.5 1.3036743702415456
750.0 0.9084581798538105
750.5 1.6318951896696192
751.0 0.613584748803781
751.5 1.071465764863439
752.0 1.4790619321601317
752.5 1.2305140030254682
753.0 1.6565940636547078
753.5 1.0039296885846878
754.0 1.5402439924062856
754.5 1.6220287317104645
755.0 1.2898887485817931
755.5 1.0233683467022965
756.0 2.05427488400633
756.5 1.1226919526931154
757.0 1.8243805339515058
757.5 0.9213396237143208
758.0 0.901502153579351
758.5 0.8266240232965533
759.0 0.5997658751651217
759.5 0.8997168467240815
760.0 1.488260859928077
760.5 1.065862919024085
761.0 0.90584457520524
761.5 1.386396709731678
762.0 1.7511044782473029
762.5 1.4829980087387802
763.0 1.0347011448789167
763.5 1.6066418453904283
764.0 1.5837009765195984
764.5 1.2469864874436656
765.0 0.9760505074053886
765.5 1.4687842948338266
766.0 1.2684633846020716
766.5 1.0378835209043236
767.0 1.2618900603847951
767.5 1.014939683641222
768.0 0.7669842256793693
768.5 1.4933557957873536
769.0 1.8725840112577887
769.5 0.9552405775496587
770.0 1.2996714668930927
770.5 0.7099930638333577
771.0 1.4478968078293026
771.5 2.309952929571809
772.0 1.0722065958640201
772.5 1.3694848271122204
773.0 1.9677112053010952
773.5 2.398435855758179
774.0 0.9567613719712726
774.5 2.419586567247807
775.0 1.1571475283046255
775.5 1.6984097457075111
776.0 1.1738904062170759
776.5 2.1176739580037194
777.0 1.4942669110698603
777.5 0.9159976565143862
778.0 1.97653579722279
778.5 1.5342779431161326
779.0 1.2848110309874823
779.5 1.082171034640361
780.0 1.3579404928157004
780.5 1.5940074567902944
781.0 1.9525218971583673
781.5 1.537177692691968
782.0 1.0195573068412673
782.5 1.8205996336033563
783.0 3.000769897622371
783.5 1.6333931207060681
784.0 1.2011074426586006
784.5 2.144628964230405
785.0 1.8005409648138886
785.5 2.5034666358283153
786.0 2.1572385506240415
786.5 2.2195459594387486
787.0 2.9287958329779955
787.5 0.8544049539755812
788.0 2.3415601509160258
788.5 1.791877495677467
789.0 1.5743258079559852
789.5 1.0038514395896994
790.0 2.294783464147038
790.5 1.9484803075322377
791.0 2.0177193855879834
791.5 0.5595839196491033
792.0 1.8849244978841164
792.5 2.981941644553551
793.0 1.489306626445543
793.5 0.9683055331644701
794.0 0.5748966293275304
794.5 1.832298388630094
795.0 2.0078657833445233
795.5 0.4933165497929346
796.0 1.4507487566292214
796.5 1.28069928147466
797.0 1.2739612187896656
797.5 0.8477778310584942
798.0 0.839491622963733
798.5 0.8992582684441869
799.0 0.7683020432059149
799.5 0.5284345805454602
800.0 0.9659494518813723
800.5 0.8076206630804459
801.0 0.6017340603258938
801.5 1.0118128960227197
802.0 1.104140968152013
802.5 0.7862077662662024
803.0 1.0014685363057887
803.5 1.1755279208313152
804.0 0.7108981474167841
804.5 0.7948075164473247
805.0 1.0467744118328643
805.5 0.6154529882399615
806.0 0.7344949688406441
806.5 0.7007043484127985
807.0 1.4344099919234738
807.5 0.8843867467986871
808.0 0.8559567629988356
808.5 1.2116639866257453
809.0 0.7694475868721165
809.5 0.7599453900390122
810.0 0.9503213763867979
810.5 0.8544170371313983
811.0 0.7928260194094925
811.5 0.47977898451831313
812.0 0.7724821252832894
812.5 0.7892970413966331
813.0 0.6341708323119644
813.5 0.8152795230820731
814.0 0.7927758800070284
814.5 0.6958889060460873
815.0 0.5943057845861623
815.5 0.7783613177909874
816.0 0.6223043535441075
816.5 0.6252925215620797
817.0 0.643895135072041
817.5 0.8569290926304134
818.0 0.5531494674500912
818.5 0.7648892149983215
819.0 0.5718732985702026
819.5 0.7846519254328743
820.0 0.769952312573057
820.5 0.8036287602701071
821.0 0.910704372468532
821.5 0.71657392067432
822.0 0.6324899441741914
822.5 0.9727106778040571
823.0 0.7440367028068633
823.5 0.8229131443587852
824.0 0.7765009445031834
824.5 0.5035212484734051
825.0 0.6415651721028266
825.5 0.8250351218624181
826.0 0.7500924711790469
826.5 0.6366912115706872
827.0 0.5504640272428853
827.5 0.6269924342376718
828.0 0.5951144254963108
828.5 0.624512056325617
829.0 0.41622790939445087
829.5 0.5923967259838854
830.0 0.6747468409865081
830.5 0.6192182348979323
831.0 1.437441367673593
831.5 1.076203560529784
832.0 1.59819243416095
832.5 2.5647700718208224
833.0 1.5009237553440329
833.5 1.908640746932312
834.0 1.5153481241632438
834.5 1.5983598676816175
835.0 2.6079379495630315
835.5 1.286704013299938
836.0 1.9908890798138001
836.5 1.3728112284631258
837.0 1.986679864405148
837.5 1.6917292753199726
838.0 1.559040750992732
838.5 0.9957430310051648
839.0 1.6870890139628432
839.5 2.313827848957998
840.0 2.01055026694358
840.5 1.7838570720947877
841.0 1.4026458828938666
841.5 1.3524894175846387
842.0 1.8576161779911824
842.5 2.2487414774632803
843.0 1.426913466297123
843.5 0.4579517213294747
844.0 1.5826131469043174
844.5 1.3383463263197755
845.0 1.2559217965221712
845.5 1.453588786798662
846.0 1.2645834758204022
846.5 1.3740293792614942
847.0 0.7587223714392912
847.5 2.0991243010905256
848.0 0.34396450072898754
848.5 1.2566784802707365
849.0 1.041888089302049
849.5 1.4959383925431005
850.0 1.373651421772998
850.5 1.6188316117641166
851.0 1.915807223319411
851.5 1.2307086918910155
852.0 0.6559964511527239
852.5 0.7399588736620648
853.0 1.4434892077052768
853.5 0.9445909412559546
854.0 0.8099036918766017
854.5 0.7675436697853941
855.0 0.888456017942735
855.5 1.288374451454369
856.0 1.1458377601586138
856.5 0.7908946814347144
857.0 1.353677739326665
857.5 0.8534854991779162
858.0 0.8432120481996206
858.5 1.0968639380624732
859.0 0.72775698521934
859.5 1.2550696326250688
860.0 0.9478797389087925
860.5 1.0564885213525244
861.0 1.271674011025145
861.5 0.47812292809179335
862.0 2.529715079217426
862.5 0.6067250178537716
863.0 1.1349853577812614
863.5 1.6893666540830743
864.0 3.1367958700482834
864.5 1.9338558879081744
865.0 0.6701361622574956
865.5 2.0191818056568795
866.0 0.9858096563055813
866.5 1.4906132885997239
867.0 1.3123900600897316
867.5 1.665643028044539
868.0 2.147063995295745
868.5 2.320942066829929
869.0 1.0842243457219125
869.5 1.0023885227869025
870.0 0.43419353433852304
870.5 1.3146978458927996
871.0 0.6840268480221625
871.5 1.4754097255271428
872.0 0.609498850593219
872.5 1.3451517505320583
873.0 1.156912073374102
873.5 1.2283258260729157
874.0 1.893055335558522
874.5 1.1429024297708155
875.0 1.3011036198255375
875.5 1.0106595380701893
876.0 0.2
876.5 1.2575678666391028
877.0 1.9444587171217618
877.5 1.6274849062983465
878.0 0.6496859846692671
878.5 1.6366876378561683
879.0 1.6777643719064805
879.5 2.6095660212383307
880.0 1.400753096043113
880.5 1.8953080103742772
881.0 2.143652371200873
881.5 1.6133054542555505
882.0 1.5196972662673793
882.5 2.479741426136756
883.0 1.4234961952252099
883.5 1.6140277939159207
884.0 1.6638504629146529
884.5 1.223114711410967
885.0 1.7996228141199806
885.5 1.5536737715084699
886.0 0.8491189977249437
886.5 0.49872636182208996
887.0 1.0837463903974525
887.5 0.7264391529308012
888.0 1.2030442156471066
888.5 0.7789930420962052
889.0 1.316909515898148
889.5 0.2
890.0 1.4518368437894682
890.5 0.8962960598110838
891.0 0.7386136738064741
891.5 0.6412741493060634
892.0 0.9727499636902981
892.5 0.8105298501962972
893.0 0.8709237147075981
893.5 1.0693858614002585
894.0 0.9186829305032228
894.5 1.0665555716328246
895.0 0.9730580478252036
895.5 0.994355675632099
896.0 0.6465586204762982
896.5 1.1584499197648803
897.0 0.7992900736297996
897.5 1.2789966840938123
898.0 0.6861768328513342
898.5 0.9744269894191251
899.0 0.8442151000569551
899.5 1.0899178785868053
900.0 0.9366889299133878
900.5 1.1751585383939958
901.0 0.6528847616444629
901.5 1.414346988465915
902.0 0.8383576602592544
902.5 1.1833962724904359
903.0 1.4628510623506008
903.5 1.0902534820931944
904.0 0.7730737911652071
904.5 1.4233197322584883
905.0 0.4844023880209145
905.5 1.7087473527977628
906.0 0.9141973586306422
906.5 0.8533609756825603
907.0 0.860820896548704
907.5 1.6282747923424377
908.0 1.1850077363308453
908.5 0.6273984001623163
909.0 1.545262188302503
909.5 0.4722067838831324
910.0 1.0685890932971454
910.5 1.4908155177899116
911.0 0.6855278517798427
911.5 1.481419490541711
912.0 1.288884193955657
912.5 0.6217181020848891
913.0 1.4487863179022038
913.5 1.430459055843476
914.0 1.0534062212950306
914.5 0.7792720604844611
915.0 1.0385199517804362
915.5 1.0799804385464111
916.0 0.8590697350407923
916.5 0.9760823711251534
917.0 1.0579037954548414
917.5 1.3940586331437221
918.0 1.2230300189908405
918.5 0.7837576596215776
919.0 1.2188644762851215
919.5 1.0964734628090067
920.0 1.7267050177349632
920.5 0.9301573180803363
921.0 1.0904906090058935
921.5 0.7536545204882574
922.0 1.2390271577357181
922.5 1.1876513390168497
923.0 1.5998011091886166
923.5 0.4333984826579046
924.0 1.333234979513246
924.5 1.384663339798653
925.0 1.0203249239369037
925.5 1.6776588627690308
926.0 0.667725221733879
926.5 1.3836942042183096
927.0 1.0592613521395209
927.5 1.6981523278439468
928.0 0.8909422847625361
928.5 0.6321717602048522
929.0 1.5642770565950426
929.5 1.1990731687899774
930.0 1.3893418465159595
930.5 1.8367252048598708
931.0 1.095065025566795
931.5 1.978918330428199
932.0 1.14328736392865
932.5 0.8684257989300944
933.0 0.5209281484255854
933.5 0.7631022230504825
934.0 1.0487085027825747
934.5 0.8119269482265686
935.0 0.9210067525370728
935.5 0.5445177899608995
936.0 0.8220065008235588
936.5 0.6807185513520062
937.0 1.0653555529068808
937.5 0.7498009992670968
938.0 0.6716637975479386
938.5 0.6719383482467376
939.0 0.7079868310783892
939.5 0.9450224522049497
940.0 0.7552497722750215
940.5 0.7166407675738444
941.0 1.0084843145217977
941.5 0.7576465944590077
942.0 1.4114651329074823
942.5 0.7388799521899778
943.0 0.9519375388019292
943.5 0.926782139823766
944.0 0.6244046704683568
944.5 0.8285624577415065
945.0 0.7509809413584843
945.5 1.0621481197656044
946.0 0.9144184211465666
946.5 1.2917055311225347
947.0 0.9592244045413567
947.5 0.7536845768951629
948.0 0.7354564925108048
948.5 0.7804102456191773
949.0 0.780872277129603
949.5 0.6114259187648553
950.0 0.6152173537061156
950.5 1.0041930959772594
951.0 0.9136970104030692
951.5 1.0882254605864172
952.0 0.6158054401995947
952.5 1.067960932858494
953.0 0.8817796509917556
953.5 0.6692389285384283
954.0 0.2760969078467226
954.5 0.7872112449349427
955.0 0.621795008604606
955.5 0.6841109859230239
956.0 1.2067004697499901
956.5 0.9740826570656842
957.0 0.892919854218421
957.5 0.9516845731571117
958.0 0.6247965657295422
958.5 0.6658345340861344
959.0 0.7875867525537934
959.5 0.8726205770995168
960.0 0.607070506471487
960.5 0.6326084396258406
961.0 0.8877034180579282
961.5 0.7478689760624575
962.0 0.9985064769829133
962.5 1.3355010202472033
963.0 1.142324341899427
963.5 1.3453830472939825
964.0 0.69170927352712
964.5 0.9119498284711911
965.0 1.1588280782192695
965.5 0.36403964504546754
966.0 1.9722597207774977
966.5 1.6443449525219203
967.0 1.0352995286305173
967.5 1.4811233880593624
968.0 1.9682895882900948
968.5 1.2285215445408206
969.0 1.1493620015394184
969.5 0.9105610813575384
970.0 2.240690285637429
970.5 2.0197074958150902
971.0 1.4797265710240362
971.5 1.6810795720805338
972.0 2.030423445524509
972.5 1.5392621304674292
973.0 2.2043926144899735
973.5 1.9966071464909723
974.0 2.1881029812532224
974.5 1.3182186942460268
975.0 1.6720997425450066
975.5 1.1694702845626537
976.0 1.179822279855298
976.5 0.7511150308820195
977.0 2.70258063697573
977.5 1.4812444099532334
978.0 1.5496427637717751
978.5 0.9711386242439625
979.0 2.6548793285790646
979.5 1.3450929626991766
980.0 3.4325379661886233
980.5 1.856005384210747
981.0 0.7382190264670923
981.5 1.7060109882103283
982.0 1.4110902160779695
982.5 0.9226946948425628
983.0 1.2536875399340353
983.5 2.2656781205866294
984.0 1.3410162201812845
984.5 1.6660744534129523
985.0 0.35872292781769133
985.5 2.4189750721594736
986.0 1.0667182359922993
986.5 1.283064559945063
987.0 0.8152035057824082
987.5 0.773858626810856
988.0 1.415832889018974
988.5 0.8606676721536993
989.0 1.1605049161823753
989.5 0.8295063237710287
990.0 1.0970293253695724
990.5 1.5048709713224968
991.0 1.4222385309926309
991.5 0.37082366012775925
992.0 1.1423190980512983
992.5 1.5522154132432284
993.0 0.6808858427461724
993.5 0.9848337394274146
994.0 1.6460765586351243
994.5 1.4803341815372377
995.0 1.3081794251038024
995.5 1.2722497404786919
996.0 1.1885836008710264
996.5 0.5136001726897237
997.0 0.6286888066396119
997.5 0.660239451486136
998.0 0.7645707750767654
998.5 0.5496951974909396
999.0 0.8634163431215098
999.5 0.4956338451765471
1000.0 0.8231451552315507
1000.5 1.0121029564250705
1001.0 0.883285917345402
1001.5 0.6024420675334055
1002.0 0.7711691814463733
1002.5 0.82505677001364
1003.0 0.6871391752771571
1003.5 1.313378903300535
1004.0 0.8066505805568163
1004.5 1.0271262867797415
1005.0 0.8879242226216251
1005.5 0.4088483901425659
1006.0 1.3766607260030206
1006.5 0.5350389903833357
1007.0 1.2815378934742232
1007.5 1.4833005396076593
1008.0 1.0593075897133066
1008.5 0.8856255363255199
1009.0 0.9552671606194774
1009.5 1.4389168493552629
1010.0 1.4936118594406078
1010.5 0.780002859679071
1011.0 0.8822293696346286
1011.5 0.8782646239744868
1012.0 1.2555960896902807
1012.5 0.4725351847547744
1013.0 1.0027129579124892
1013.5 1.1942658098380268
1014.0 1.130382164003793
1014.5 1.1969499884994916
1015.0 1.3640906169727023
1015.5 0.6099607780686302
1016.0 1.9302761867301383
1016.5 0.8963099912020007
1017.0 0.22549353504396885
1017.5 0.2
1018.0 1.0398833372512728
1018.5 0.9491396969120949
1019.0 2.024374287988983
1019.5 1.9858795077634044
1020.0 2.1349507210800676
1020.5 2.4227250005500625
1021.0 1.9911766757275595
1021.5 0.2839389894968767
1022.0 0.8862022794176445
1022.5 0.8865855175656676
1023.0 0.3848506919412666
1023.5 0.8182586508216885
1024.0 0.24348975318086324
1024.5 1.4549832731933094
1025.0 0.907140430939148
1025.5 1.1167414219587228
1026.0 0.6505585160460865
1026.5 0.7134163152042088
1027.0 0.8424957927570238
1027.5 0.9761223967247088
1028.0 0.9952822814516209
1028.5 1.2146845459123365
1029.0 1.115140744117441
1029.5 1.199279267626716
1030.0 1.2277521123745943
1030.5 0.8928781612568641
1031.0 0.7664061564228133
1031.5 1.0254452956194626
1032.0 1.1685980063294261
1032.5 1.1122643280175892
1033.0 1.0371714652254915
1033.5 0.958956613971155
1034.0 0.5046987171767272
1034.5 0.832510996458794
1035.0 1.1066335847587143
1035.5 0.6656209822558481
1036.0 1.2410972536594238
1036.5 1.2633958865572945
1037.0 0.9980293464958947
1037.5 0.4194725107665594
1038.0 1.315120514469445
1038.5 1.1446231775866518
1039.0 0.3368466265562173
1039.5 0.8423857734448339
1040.0 1.0756357901066036
1040.5 1.014539716959803
1041.0 1.1013714421842973
1041.5 0.9752654836510237
1042.0 1.0795108347737277
1042.5 0.6881735064612589
1043.0 0.7172540578364512
1043.5 0.8584616827343914
1044.0 0.8567775555698545
1044.5 0.8010936408515477
1045.0 0.844951440802623
1045.5 0.6532276676986628
1046.0 0.874136651004985
1046.5 1.5023660835925914
1047.0 0.8291885336038333
1047.5 0.7578574179921356
1048.0 0.5499153799155098
1048.5 0.48937668068528284
1049.0 0.6961870077680756
1049.5 1.3447463244429116
1050.0 1.2439661394357413
1050.5 1.178078885311123
1051.0 1.1969560935626393
1051.5 1.3751993132426554
1052.0 1.2441110181493533
1052.5 0.9925068517162111
1053.0 1.8532012430938476
1053.5 1.9959377662924844
1054.0 1.537173861896883
1054.5 0.2
1055.0 2.0167539292168484
1055.5 1.6985616882491554
1056.0 0.4238580922254127
1056.5 2.713370168656494
1057.0 2.245972480512323
1057.5 2.3893040535469283
1058.0 1.8092832549234201
1058.5 0.645778497708102
1059.0 1.1531515627511442
1059.5 2.274229035574827
1060.0 1.4251922588294152
1060.5 1.421064606106124
1061.0 2.850088271600846
1061.5 0.8565541077001966
1062.0 1.4536481822286662
1062.5 2.2582144908505644
1063.0 2.339007536952344
1063.5 1.3153478416136744
1064.0 0.7057871784451072
1064.5 2.046298711200537
1065.0 1.5670323568246527
1065.5 1.4202512409667534
1066.0 0.6999845562665096
1066.5 1.9189718313119464
1067.0 1.1817593250375986
1067.5 1.2583255556142336
1068.0 0.7677160132573131
1068.5 1.8231734218235682
1069.0 1.5879889129471183
1069.5 1.9408238986087898
1070.0 2.1502692449534284
1070.5 2.227868554910684
1071.0 0.8504571122608882
1071.5 1.1972178761869288
1072.0 1.0642080964538723
1072.5 1.4942391808924373
1073.0 0.7853745793145183
1073.5 2.064303259604464
1074.0 2.1648572509056914
1074.5 1.0653464037704174
1075.0 1.9567521148066986
1075.5 1.956095235486252
1076.0 0.8185402339502443
1076.5 0.6553432764344038
1077.0 0.8791739255725556
1077.5 0.834129033898433
1078.0 1.0221148707493644
1078.5 0.9711989871082065
1079.0 0.9389982630029623
1079.5 0.47502758551142754
1080.0 0.3092851778766202
1080.5 0.7277621068809845
1081.0 0.730751972867892
1081.5 0.9558544533511417
1082.0 0.8814342244346789
1082.5 0.6867011913457857
1083.0 0.9643549276722596
1083.5 1.2552852331305973
1084.0 0.7473281923556314
1084.5 1.0512253108267546
1085.0 0.4792894720340508
1085.5 0.916332437401643
1086.0 0.9657448739529437
1086.5 2.5450480730052134
1087.0 0.889218503612881
1087.5 0.8393918695209572
1088.0 1.806123086807256
1088.5 1.8856692805620168
1089.0 1.5196617438804778
1089.5 1.3277930646073646
1090.0 1.4167129098652573
1090.5 0.8716772852821653
1091.0 0.719215715420924
1091.5 0.9319800298504536
1092.0 0.4907399636244827
1092.5 0.736542021974581
1093.0 0.853541211876857
1093.5 0.9081304495896334
1094.0 0.5946437183606795
1094.5 0.8695492596396917
1095.0 0.8191758927619416
1095.5 0.9256402623124381
1096.0 0.512731944021283
1096.5 0.8124845183789922
1097.0 0.9099051738159245
1097.5 0.7984388364327085
1098.0 1.1129212250178417
1098.5 0.7175138581766187
1099.0 0.4897569627997099
1099.5 0.582832965423489
1100.0 0.8314859812617377
1100.5 0.8807674538636301
1101.0 1.1624867936033345
1101.5 0.8895907146996043
1102.0 0.9962609146823492
1102.5 0.6770978454992465
1103.0 0.9786634026304689
1103.5 0.8460126541384183
1104.0 1.1586111487846542
1104.5 0.6546922948852576
1105.0 1.1610844999379677
1105.5 1.2508516492908464
1106.0 1.2539922598318736
1106.5 1.405644174269866
1107.0 1.1645056117586199
1107.5 0.8201432904866139
1108.0 0.8135991395387997
1108.5 0.9420049084779913
1109.0 0.7951680997912496
1109.5 1.3627352075341448
1110.0 0.6068917788664014
1110.5 1.0466330370534613
1111.0 0.6774880636816258
1111.5 0.7500598945642727
1112.0 1.1379775127958434
1112.5 0.9541067715413433
1113.0 1.9739433893460812
1113.5 1.250368500440461
1114.0 0.8926797762468885
1114.5 1.5102525779035165
1115.0 1.5471193138666768
1115.5 1.8857708353416764
1116.0 1.1566071181812037
1116.5 1.5205363334317568
1117.0 1.823919350115081
1117.5 0.8854198091280292
1118.0 1.5388758222611627
1118.5 1.546549379292127
1119.0 1.2623042554023565
1119.5 1.3401965724373328
1120.0 1.1366371347314228
1120.5 0.6193729459844961
1121.0 1.0004091436979414
1121.5 1.7165296048226262
1122.0 1.3925176724189634
1122.5 1.562898568375627
1123.0 1.0168005852092081
1123.5 1.2868392210427921
1124.0 1.2562875206352446
1124.5 1.505139472793758
1125.0 0.7541708972181833
1125.5 0.4179256633609195
1126.0 1.8342027691851275
1126.5 1.1504746951343223
1127.0 0.9713672855652483
1127.5 1.447844306088755
1128.0 1.367475898349654
1128.5 1.3801715799433105
1129.0 0.9859338216821718
1129.5 1.245316409076378
1130.0 1.6029869065758788
1130.5 1.3266691937033805
1131.0 2.151840529237638
1131.5 1.5464352977143452
1132.0 2.2846366304924146
1132.5 1.3615570525110554
1133.0 1.49733665921387
1133.5 0.46009414051217346
1134.0 1.7656231833636866
1134.5 1.329175103885981
1135.0 1.891062682659636
1135.5 1.5802936126542073
1136.0 1.851455784382044
1136.5 1.0445427254467725
1137.0 1.8742894069548677
1137.5 1.3240774498504244
1138.0 0.854690469021077
1138.5 1.3741550238106544
1139.0 1.9013510670777396
1139.5 1.6360064399585612
1140.0 2.088735326185232
1140.5 0.3548922122683218
1141.0 1.981849608027543
1141.5 1.3868850390499583
1142.0 1.6192154079673047
1142.5 1.4091557752916553
1143.0 0.2829033294202121
1143.5 1.3011857948199923
1144.0 2.019925092296142
1144.5 1.9598038093411723
1145.0 1.0968857788095885
1145.5 1.2281075483244221
1146.0 0.8220136748873582
1146.5 0.8705560599073155
1147.0 0.9792917934397838
1147.5 1.5188692934650239
1148.0 0.9913563214423702
1148.5 0.2
1149.0 1.6692623017079287
1149.5 1.4648619318035438
1150.0 1.2695087925397024
1150.5 0.9285459442329184
1151.0 1.636837265734286
1151.5 1.8676101846199424
1152.0 1.3972171876201216
1152.5 1.5256794878782645
1153.0 0.6208131036465595
1153.5 0.8533993825224238
1154.0 1.4970782984504636
1154.5 1.3471135905985099
1155.0 1.0551306030374752
1155.5 0.8973933727596901
1156.0 1.008566482914464
1156.5 2.5274029881635953
1157.0 0.9841488847370321
1157.5 1.2806003559896686
1158.0 0.893870390477129
1158.5 1.4043043225104324
1159.0 0.7665816426036913
1159.5 1.411825725791057
1160.0 1.5852263726454214
1160.5 1.6888753209143335
1161.0 1.0915779633321532
1161.5 1.2805000087590974
1162.0 1.012924953053439
1162.5 0.9529957253384649
1163.0 0.8206832764055204
1163.5 0.6004442559952463
1164.0 1.006347152361204
1164.5 0.5975846260788569
1165.0 1.1062893254096184
1165.5 0.8614786206431468
1166.0 0.7585996231276549
1166.5 1.370424534250793
1167.0 1.7961002919046756
1167.5 0.9653271190453254
1168.0 2.4178257653106745
1168.5 1.0027376934384602
1169.0 1.568688172642795
1169.5 1.2191566713948983
1170.0 1.7421836535984234
1170.5 1.298893559148866
1171.0 0.8587898667427398
1171.5 1.0674404156122583
1172.0 1.9703421327096184
1172.5 1.7102729935935037
1173.0 1.6188420556086789
1173.5 1.1721829584886152
1174.0 2.4692560114051894
1174.5 2.61704630610752
1175.0 1.23260133829825
1175.5 2.101128047912
1176.0 1.8062094665082213
1176.5 1.4148604037207797
1177.0 1.8306968745617318
1177.5 3.00536357403663
1178.0 1.555599180039851
1178.5 2.765921990322388
1179.0 2.3081097089052363
1179.5 0.9275976554364139
1180.0 2.045371231476297
1180.5 2.603748595636295
1181.0 2.482486028864618
1181.5 1.576278764014655
1182.0 1.2738468211364964
1182.5 1.8496022566673311
1183.0 1.9792465840200726
1183.5 0.2345110622550599
1184.0 0.7249520725639963
1184.5 0.6725221812338776
1185.0 1.6635261172983618
1185.5 0.4295047206446305
1186.0 1.9576701584055192
1186.5 1.8230252888470089
1187.0 0.9787274766273494
1187.5 0.9462586163649913
1188.0 0.8221909376350084
1188.5 0.2
1189.0 1.1835413952980465
1189.5 0.6021052492653653
1190.0 1.4501232366986851
1190.5 2.4055234108025783
1191.0 2.0896392232025325
1191.5 1.7253788078410301
1192.0 0.6662361610599598
1192.5 0.6834632297199251
1193.0 1.024083976301456
1193.5 1.8948022359019614
1194.0 1.6540760412324524
1194.5 1.285168758511008
1195.0 2.0646401418445923
1195.5 0.4655266231249866
1196.0 2.322243941323803
1196.5 1.2757860436635937
1197.0 1.224717582174423
1197.5 1.6279001937195523
1198.0 2.2096526838435517
1198.5 1.1384854649800573
1199.0 1.067880270785893
1199.5 1.783258585490456
1200.0 1.1988533367080332
1200.5 0.7983554974865852
1201.0 3.0167208778203807
1201.5 1.1769380854188467
1202.0 1.8944587929162067
1202.5 1.501803100571046
1203.0 3.05374169179213
1203.5 1.540523974497145
1204.0 0.73951632506087
1204.5 2.0568995216568386
1205.0 2.36149672670955
1205.5 1.6691415839530572
1206.0 0.8832053179793395
1206.5 1.745358073963366
1207.0 2.4129007448393756
1207.5 1.751935170194704
1208.0 0.7876145540713833
1208.5 3.3948068083395255
1209.0 2.8495956501073634
1209.5 2.3065607582709484
1210.0 1.0166500496214381
1210.5 0.7742294970925014
1211.0 0.8127237000285253
1211.5 0.6662113809347532
1212.0 0.9646829853188614
1212.5 0.8152614883216067
1213.0 1.1980150136393368
1213.5 0.3211001751158749
1214.0 0.9293971858980481
1214.5 0.9679204524128973
1215.0 1.2283119835848584
1215.5 0.8573087191949785
1216.0 1.350518512691896
1216.5 0.7772623778864765
1217.0 0.3900072231654343
1217.5 1.332482940599404
1218.0 1.0660199726554767
1218.5 0.7176505682447838
1219.0 1.0591314619079375
1219.5 1.13226497382258
1220.0 1.1538573193237447
1220.5 0.85333482699194
1221.0 0.8597544626709603
1221.5 0.9915920415077664
1222.0 1.5742504020669894
1222.5 0.514202806891521
1223.0 0.7946862446409219
1223.5 1.0849643369828115
1224.0 0.6672119848656948
1224.5 0.9301667159921183
1225.0 0.5153576146294218
1225.5 1.020769207770527
1226.0 1.1114493409537232
1226.5 0.4938247759621165
1227.0 1.0712910549598897
1227.5 1.2195265373635846
1228.0 1.0587650863931473
1228.5 0.6953133935593467
1229.0 0.6045746811043659
1229.5 0.9240329975389145
1230.0 0.8097931282141912
1230.5 1.1937831910620802
1231.0 1.147096003621339
1231.5 1.2465955525390244
1232.0 1.4985467937434398
1232.5 0.5699278980724688
1233.0 1.22893312180041
1233.5 1.2672240743267957
1234.0 1.0596532942945263
1234.5 0.5613694406363845
1235.0 0.6095946514111062
1235.5 1.1086217767883988
1236.0 0.9056554019228094
1236.5 0.5991569255693525
1237.0 1.2757589309407167
1237.5 1.2248006689137556
1238.0 0.8064320149848125
1238.5 0.6706540149024314
1239.0 1.027840581878392
1239.5 0.8923955011061835
1240.0 1.1083674010389908
1240.5 1.0139526152650826
1241.0 0.9132630613721684
1241.5 0.8317679265055314
1242.0 1.2211404938219454
1242.5 0.8304744644643478
1243.0 0.5459219161633135
1243.5 2.0949558207392798
1244.0 0.6079190186580089
1244.5 0.6944281560162079
1245.0 0.9280539888942051
1245.5 1.380536855608984
1246.0 1.1105835461241549
1246.5 0.561710148151576
1247.0 2.0711199461265895
1247.5 1.6098685512419786
1248.0 0.84600745681976
1248.5 1.804291222740051
1249.0 1.9160488305971395
1249.5 1.4513222396842111
1250.0 1.3310736757482098
1250.5 1.3818532298514088
1251.0 1.4044547435818733
1251.5 0.6064215279870574
1252.0 2.200452114881076
1252.5 1.3191989202471421
1253.0 2.355326081749699
1253.5 0.8191605753155558
1254.0 2.0713603598178563
1254.5 1.5363109126863286
1255.0 0.8871938023510437
1255.5 1.1863156696267718
1256.0 1.3228020200056632
1256.5 0.9684711169358752
1257.0 2.845459769496373
1257.5 1.328246791307976
1258.0 0.824882728719364
1258.5 2.3470629301867936
1259.0 2.0039692513271294
1259.5 2.1903763808569776
1260.0 0.8828479008565797
1260.5 2.0458723091307323
1261.0 2.0561763213235635
1261.5 1.223667576863005
1262.0 1.8060895654104545
1262.5 1.4785744854208738
1263.0 1.3674978925065853
1263.5 1.2469737252814066
1264.0 1.8650454892044643
1264.5 0.814341669357452
1265.0 1.3574625883971567
1265.5 1.1368813664111836
1266.0 0.5627138436069309
1266.5 1.0448037894579791
1267.0 1.7161534397159692
1267.5 0.6771737675562375
1268.0 1.261327883416116
1268.5 0.9181010985205269
1269.0 0.8991639578943282
1269.5 1.174796474488599
1270.0 1.22289323591661
1270.5 1.1882527106432506
1271.0 0.7607243681248859
1271.5 0.4828356824576068
1272.0 0.7248768106075751
1272.5 0.5667072713230976
1273.0 1.0328052056452122
1273.5 1.1732502701966048
1274.0 1.1304069313165837
1274.5 1.1812616861631635
1275.0 0.6242808087409295
1275.5 1.065999045287486
1276.0 0.9482890256041903
1276.5 0.8596606673888335
1277.0 0.9015369312550748
1277.5 0.8968176143896512
1278.0 0.7116908338495795
1278.5 0.3581934274243605
1279.0 0.792388771606191
1279.5 1.209980133093693
1280.0 0.7573930784543506
1280.5 0.7514264394823877
1281.0 0.8038229051283297
1281.5 1.215905956884366
1282.0 1.0407273593683617
1282.5 0.9635357381575307
1283.0 0.6158233661900091
1283.5 0.9790076796046359
1284.0 1.0146042818177199
1284.5 0.7822279416581519
1285.0 0.8290531659115876
1285.5 1.0526346324833018
1286.0 0.7552505979933328
1286.5 0.4339963993661266
1287.0 0.8404610896990192
1287.5 1.4434788081725693
1288.0 1.153991408346311
1288.5 0.7350768053082857
1289.0 1.1999571928600805
1289.5 0.8854498895857283
1290.0 0.8822843166916713
1290.5 0.5811118983716068
1291.0 0.9556521634614465
1291.5 0.8559782509082281
1292.0 0.6308899326868416
1292.5 0.7395896923598999
1293.0 0.6546788256543673
1293.5 1.129287557514723
1294.0 1.1856359948519153
1294.5 0.7585683187052876
1295.0 0.6278953112806973
1295.5 0.8519185414450852
1296.0 1.0166008942685818
1296.5 0.6577383000241879
1297.0 0.7359291858013115
1297.5 0.8364911941946418
1298.0 1.250592808894191
1298.5 2.147678412586772
1299.0 1.0603786590171889
1299.5 1.9106998247004239
1300.0 1.5216063195841292
1300.5 1.8197670405358561
1301.0 1.852133679344862
1301.5 0.9227066748026801
1302.0 1.0375891783276634
1302.5 0.5713583002482767
1303.0 0.9670643925641957
1303.5 1.1679530414149466
1304.0 0.9424926487530054
1304.5 0.8272775175910911
1305.0 0.9335500765200693
1305.5 0.9936402013486214
1306.0 0.7051802351145922
1306.5 0.6177640531708658
1307.0 0.6022377468717004
1307.5 0.8261078505578019
1308.0 0.6132081222405075
1308.5 0.7598004572362436
1309.0 0.49152699665005917
1309.5 0.5839896609468593
1310.0 0.7399812518679751
1310.5 0.5634322559029254
1311.0 0.7105560733549519
1311.5 0.5795801852398399
1312.0 0.7874516900738915
1312.5 1.089347392990768
1313.0 0.8527860718102543
1313.5 0.807664843248532
1314.0 0.9367504057974676
1314.5 0.6367207957136607
1315.0 1.0072290833187556
1315.5 0.6715800127921552
1316.0 0.9840812819344827
1316.5 0.6993589782678995
1317.0 0.6508642315195117
1317.5 0.9906923073323187
1318.0 0.7115080775120829
1318.5 0.5717085402787419
1319.0 0.5214524955950715
1319.5 0.8712389987754563
1320.0 1.0149807278152403
1320.5 0.9323580212605831
1321.0 0.8316830785268964
1321.5 1.0401877601102352
1322.0 0.6314582250186371
1322.5 0.5344416160046619
1323.0 0.8460930742355022
1323.5 0.7826343243062595
1324.0 0.7928494503533555
1324.5 0.7835180826290744
1325.0 0.819872245592703
1325.5 0.8830471521105204
1326.0 0.9763963342348705
1326.5 0.542920990747378
1327.0 0.5210400166039815
1327.5 0.7583119116832329
1328.0 0.7441888082534125
1328.5 0.9199954277542535
1329.0 0.7245773204077244
1329.5 0.6188586021641405
1330.0 0.6503506222132515
1330.5 0.7730344488979906
1331.0 0.7919584455080939
1331.5 0.5063860677291934
1332.0 0.7378918082111201
1332.5 1.0707400000064748
1333.0 0.657424105270111
1333.5 0.8365430126532626
1334.0 0.8835991853269785
1334.5 0.9445059255277393
1335.0 0.7429575609618926
1335.5 0.7042767325422152
1336.0 1.2019088602467463
1336.5 0.9319875952086607
1337.0 0.35538291661425503
1337.5 0.9732528066575815
1338.0 0.9140638603722064
1338.5 0.24396210922663764
1339.0 1.9349137238297425
1339.5 0.5950370466688966
1340.0 1.3995019633677583
1340.5 1.0981259924211075
1341.0 1.135197637290094
1341.5 1.908094539471819
1342.0 1.5569172834098952
1342.5 1.664083277776744
1343.0 0.7563844588625928
1343.5 1.2053951433077477
1344.0 0.9143341287596305
1344.5 0.6818496151295442
1345.0 1.1335651343407274
1345.5 2.181494319163762
1346.0 1.1073972026701648
1346.5 0.40951523588906114
1347.0 1.0038805789915293
1347.5 1.7081691426686478
1348.0 1.6668571974327393
1348.5 1.119707010729742
1349.0 1.305808272957417
1349.5 1.022568603941931
1350.0 0.6256317084999082
1350.5 1.3721955864882176
1351.0 1.415179517907685
1351.5 1.5779417098062654
1352.0 0.46493456579952874
1352.5 1.2765856267207052
1353.0 1.2386387612624246
1353.5 1.3697299856122387
1354.0 1.6619895535745346
1354.5 0.7154108783710807
1355.0 1.2176174888613864
1355.5 1.1437579310059436
1356.0 1.0567742501553878
1356.5 1.2727926161548204
1357.0 1.2641420269702417
1357.5 1.2476288318264142
1358.0 1.3528280278546227
1358.5 0.7176085291733151
1359.0 1.4434129869358143
1359.5 0.7274387019806821
1360.0 0.8635167539644673
1360.5 0.8737319404423969
1361.0 0.7234917331469786
1361.5 0.9683478719603489
1362.0 0.9258069761349473
1362.5 0.7967770168112775
1363.0 0.5531849801898239
1363.5 0.5932075652539432
1364.0 0.3403781992453055
1364.5 1.1236027761769651
1365.0 0.8764124624793987
1365.5 0.9471539529835815
1366.0 0.9249909987964159
1366.5 0.9483252086305076
1367.0 0.6058799090008078
1367.5 0.8327786806053106
1368.0 1.0871624868283358
1368.5 0.8429308739166924
1369.0 0.7090654171848398
1369.5 0.6482784176817306
1370.0 0.9984097796118009
1370.5 1.587397640785879
1371.0 1.0092287559634223
1371.5 1.220996048946383
1372.0 0.8912153350850411
1372.5 1.850870357647548
1373.0 1.6698370991168754
1373.5 1.9404551223840945
1374.0 1.6701097973752095
1374.5 2.3842259301927236
1375.0 1.6388494673231788
1375.5 1.9271847792113435
1376.0 1.457686256505685
1376.5 1.337948405083084
1377.0 1.1636896397825467
1377.5 1.4253742026356058
1378.0 1.0623690947792035
1378.5 1.1905001559072184
1379.0 1.6681844146973568
1379.5 1.5222452193750629
1380.0 2.19716837943761
1380.5 2.0602365891112218
1381.0 1.2086657849569191
1381.5 0.8744606878108327
1382.0 1.7124128939874406
1382.5 2.556378722982398
1383.0 1.322676134857863
1383.5 1.6154947268100428
1384.0 1.9982918875927371
1384.5 1.9761985166119715
1385.0 0.7125356302596398
1385.5 1.8970567599821764
1386.0 1.2382222632209205
1386.5 0.4551573498271926
1387.0 1.6803595980481192
1387.5 0.8613796896731325
1388.0 1.0815103394292411
1388.5 0.39729166541469074
1389.0 0.9947389252322199
1389.5 1.6033097628583706
1390.0 1.1987824558386733
1390.5 1.2970557350726466
1391.0 0.8235840447074345
1391.5 0.5741275775559957
1392.0 1.2619735482727068
1392.5 0.5637629985143089
1393.0 1.4492138066967586
1393.5 1.1979709923543411
1394.0 0.9315519834971305
1394.5 0.7201989162555584
1395.0 0.6880522945208193
1395.5 1.5473986397042694
1396.0 1.2247784833684419
1396.5 2.69438849861651
1397.0 1.9824982906710042
1397.5 1.1736611381848807
1398.0 1.5979654684440794
1398.5 1.2597285858285956
1399.0 2.7546574707445037
1399.5 0.2
1400.0 1.5549069197384469
1400.5 0.9999908127021447
1401.0 0.6998499129691764
1401.5 1.271221131417381
1402.0 1.7687777942910183
1402.5 1.7381312748197784
1403.0 1.048798729591348
1403.5 1.3222008978004482
1404.0 1.6058657593694483
1404.5 1.1232655633584847
1405.0 1.3356440443677182
1405.5 0.8531967720787585
1406.0 0.8583055983110378
1406.5 0.818906806024783
1407.0 1.4154406209030381
1407.5 1.9097886363249175
1408.0 1.2796283822534373
1408.5 0.6706131324266711
1409.0 0.7824416120322655
1409.5 0.7085079165067718
1410.0 1.0486112099406044
1410.5 1.094009297203683
1411.0 1.6691978297154004
1411.5 1.1691531380544329
1412.0 1.3321476023534307
1412.5 1.481995043149511
1413.0 1.6654304413039718
1413.5 1.1032810838696823
1414.0 1.0532065178790324
1414.5 0.7753661217018253
1415.0 1.4343682935976259
1415.5 1.8346092338422317
1416.0 0.46573715987677833
1416.5 1.5355540099115357
1417.0 1.8023755810870756
1417.5 1.2022374301464789
1418.0 0.7110536385821349
1418.5 1.2365740634855094
1419.0 1.0248943806065216
1419.5 1.108258909558887
1420.0 0.42455276786925356
1420.5 0.9578148257816678
1421.0 0.9060309603429694
1421.5 0.9952837611476428
1422.0 1.5992011389159266
1422.5 0.7034181198095848
1423.0 0.9178080610224945
1423.5 1.3080126790961528
1424.0 0.42868445877352856
1424.5 1.039966976450151
1425.0 0.8797494006155222
1425.5 1.1719722940052903
1426.0 1.8115252985928325
1426.5 1.2324690417145514
1427.0 1.066901763375939
1427.5 0.671039101782152
1428.0 0.7596890374217007
1428.5 1.1832833065182846
1429.0 1.576823945375538
1429.5 1.711313071434367
1430.0 1.3903838047056836
1430.5 1.5917745268647674
1431.0 2.1674921163353593
1431.5 2.371544072118963
1432.0 1.1070287806355443
1432.5 1.7961203351600776
1433.0 0.5529853472817771
1433.5 1.6023142415282463
1434.0 1.5302972099017256
1434.5 2.0669529065891616
1435.0 0.9094466549375733
1435.5 1.6784657322320535
1436.0 0.9358871321255027
1436.5 1.5459376498132316
1437.0 1.468862453695354
1437.5 0.3578435794768595
1438.0 1.4872224765545876
1438.5 1.7322468108129925
1439.0 0.8599220618884744
