0 0.2
0.5 2.644955038335934
1.0 1.8719531755485233
1.5 2.2799785888982274
2.0 2.551039048151612
2.5 0.22114277495919987
3.0 1.71484083910907
3.5 0.8996704012703132
4.0 1.2717584387570393
4.5 1.3798938913440613
5.0 1.3658864374881556
5.5 1.672550462363723
6.0 0.742385055867656
6.5 0.571759896005402
7.0 0.8023523185094004
7.5 1.0064684822401961
8.0 1.2566838770911044
8.5 2.8811012831572893
9.0 1.4168935225807044
9.5 1.2520059187287287
10.0 1.0616153698904434
10.5 0.902325763654094
11.0 2.011351255074718
11.5 0.71404941078871
12.0 1.1011175152356765
12.5 0.22848889177570086
13.0 1.9780599542968058
13.5 2.1296556433354805
14.0 2.176889152458577
14.5 1.1525039006974827
15.0 0.9220834695698403
15.5 1.7797889852158915
16.0 1.657457262566743
16.5 2.478858963970765
17.0 2.3897303855933734
17.5 2.0317463540896985
18.0 1.3493117643161598
18.5 1.3045714275724836
19.0 1.6293990559863185
19.5 1.2944811845613178
20.0 1.4739464894557424
20.5 1.8694048119943063
21.0 1.073059279736358
21.5 2.521782397266395
22.0 1.2557463641173314
22.5 1.7123951597309603
23.0 0.6521836503263312
23.5 0.9495756640073976
24.0 0.9687206691243104
24.5 0.7983187837557737
25.0 0.7956659148946766
25.5 0.9850262401773582
26.0 0.8334638380596974
26.5 1.419542071710342
27.0 1.027875621792189
27.5 0.5564993711202009
28.0 0.9443568477058119
28.5 0.5436721148019761
29.0 0.5711772965563668
29.5 0.8392243587586619
30.0 1.214801932585893
30.5 0.7708899787486205
31.0 0.9424429846953802
31.5 0.8204369589668373
32.0 1.4147100139689186
32.5 1.101187085679233
33.0 0.9586967956507708
33.5 1.163862691377755
34.0 1.2165062264475321
34.5 1.0455929811103166
35.0 1.110946901859856
35.5 1.1330637349980583
36.0 1.2723115053291019
36.5 1.634038460482047
37.0 1.5702044415005614
37.5 0.8701027019223567
38.0 1.4178598067933068
38.5 1.295634866883612
39.0 2.1492835159161365
39.5 1.3720752118929747
40.0 1.9319645287996217
40.5 2.4392964839376114
41.0 2.021532296133748
41.5 1.302777617503094
42.0 1.3221032539965183
42.5 0.5970979335441514
43.0 1.012849499399876
43.5 0.7349383205241593
44.0 0.828785934629757
44.5 0.9903841884984994
45.0 0.9800629523381408
45.5 1.0555676063043178
46.0 0.6192866531970933
46.5 0.8505291370068689
47.0 0.9123669828037637
47.5 1.5706889047818917
48.0 0.9570683350402318
48.5 0.7221639648771512
49.0 0.7073542590087367
49.5 1.2413143362524037
50.0 1.0128792690535775
50.5 1.142794471316298
51.0 0.9795291463695674
51.5 0.7860279830133781
52.0 0.5454574986646871
52.5 0.9560306574061812
53.0 0.8205263560485621
53.5 1.0659736210650854
54.0 0.7965187200645645
54.5 1.0270397946798406
55.0 1.5131195441109695
55.5 0.9826243579308007
56.0 0.6636075374165813
56.5 1.0534062173169982
57.0 1.0656792196611644
57.5 1.4097959991822702
58.0 1.022092114031003
58.5 0.4483098757981343
59.0 0.9115569896798458
59.5 0.9435145710399677
60.0 0.8604617787986699
60.5 1.0072924134412191
61.0 0.924109801494297
61.5 0.5880898298992056
62.0 1.1829487874708478
62.5 0.5183980394388374
63.0 1.091818375806489
63.5 0.9678926565190054
64.0 1.4683539698437087
64.5 1.4316897400163013
65.0 0.8334090777241911
65.5 0.7022031451823931
66.0 0.945635183072177
66.5 0.714928267734581
67.0 0.5589316626199152
67.5 1.4250227234256416
68.0 1.033882577621322
68.5 0.835392607261795
69.0 1.233157571344574
69.5 0.666280202518915
70.0 1.2280587502038183
70.5 0.8889547272792998
71.0 0.47875001709786474
71.5 1.2838232966366931
72.0 0.6692801521758599
72.5 0.6020679425372807
73.0 0.6059579868804803
73.5 1.3613558847731744
74.0 0.30981803961862625
74.5 1.2735196478566049
75.0 1.0886584013532035
75.5 0.7986068090050951
76.0 0.7270754977444426
76.5 1.1363418299524222
77.0 0.9029610181479177
77.5 0.7398692801391769
78.0 1.1593702669895778
78.5 1.094328584134153
79.0 1.270325789871477
79.5 0.978035536134241
80.0 1.0501684187298486
80.5 1.3191035217847684
81.0 0.33293624883170686
81.5 0.8172974186443378
82.0 0.8189147577091191
82.5 1.1056544280654461
83.0 0.789262120788369
83.5 1.3537001613941975
84.0 0.5004657216765653
84.5 0.5053511552972798
85.0 0.6849966827449443
85.5 0.9731420878875705
86.0 1.0066987471345488
86.5 1.029160803428311
87.0 1.1708316511552945
87.5 1.136100854729143
88.0 1.0799683792618908
88.5 1.1568589768520332
89.0 0.5183495220064813
89.5 0.8976221677001484
90.0 0.4565768000657379
90.5 1.1311464008725876
91.0 0.3452484693342546
91.5 0.7311648833393043
92.0 1.0245976127677108
92.5 0.6928581134467893
93.0 0.8438720613145352
93.5 0.9040017602666447
94.0 0.7247214585056478
94.5 1.0915622480844753
95.0 0.8242390113849185
95.5 0.6488980415150667
96.0 0.44147590998452274
96.5 0.9539736324072554
97.0 0.7500278648571888
97.5 1.0031176975694371
98.0 1.0643430833866498
98.5 1.198012479757974
99.0 1.1495643108625273
99.5 0.9233638932050547
100.0 1.2212001877637852
100.5 1.0432742108980018
101.0 0.9192406800826222
101.5 1.204045985528534
102.0 0.926366254399382
102.5 0.8827083443169512
103.0 0.9920475769283306
103.5 0.771041412492367
104.0 0.5600248295991646
104.5 1.1318622411182517
105.0 0.7566592177168168
105.5 0.842955059389741
106.0 1.166494674694077
106.5 0.7708771908793173
107.0 1.1376436752809462
107.5 0.5263607245318735
108.0 1.0677085009936602
108.5 1.5022207745481335
109.0 1.452789138971571
109.5 1.2412492225068794
110.0 0.6192792254780118
110.5 0.9899531864198725
111.0 1.2721521117117225
111.5 1.237299059698797
112.0 0.7256747530126622
112.5 1.9333648666188794
113.0 0.5476945399529005
113.5 1.7896280193903853
114.0 1.0929005406207688
114.5 0.7623993577674306
115.0 1.1346358075054266
115.5 1.1862502824844392
116.0 0.7691977859607739
116.5 1.528068332456118
117.0 1.1942220774426888
117.5 1.0667150601701103
118.0 1.096537390928786
118.5 0.8022892822886991
119.0 1.1434741043534995
119.5 2.0682064846728636
120.0 0.7307625050729999
120.5 0.6126027090857457
121.0 0.975881765035902
121.5 1.1472156618338918
122.0 0.590750509261325
122.5 1.0424576792355624
123.0 0.8683218171068778
123.5 1.3085051748234393
124.0 1.246972622662114
124.5 1.652177666811594
125.0 1.329919077824881
125.5 1.0818277627616137
126.0 1.4297088704974341
126.5 1.1858589644188522
127.0 1.119068032399201
127.5 1.6903308312149088
128.0 0.9194352413233683
128.5 1.3181893496857096
129.0 0.917390440647585
129.5 0.5943855525761523
130.0 0.8618468572867856
130.5 1.033409547232956
131.0 0.8735588116452004
131.5 1.6660707173328348
132.0 1.2551393585075998
132.5 1.4508406602136823
133.0 2.1066229484289134
133.5 1.0608909612957826
134.0 1.1183646720040645
134.5 0.503749226832028
135.0 1.4675097547871583
135.5 1.0319389629525695
136.0 1.2010437299957744
136.5 0.7007918448280162
137.0 1.5110400952762009
137.5 1.413791452589088
138.0 1.1381120101372315
138.5 1.0572736896445745
139.0 0.3685425209509936
139.5 1.0692179942968378
140.0 0.6925158359659473
140.5 0.997593768584145
141.0 0.9842920244110751
141.5 0.4861885138571608
142.0 0.8342011912379736
142.5 1.4022605003077284
143.0 1.139848997818367
143.5 1.1768845151547978
144.0 1.4703281923924054
144.5 0.8806067677870221
145.0 0.5565987313224992
145.5 0.8733199178080135
146.0 3.099396459911309
146.5 2.9042170153462985
147.0 0.948333453930267
147.5 0.8527836276559753
148.0 0.8253910487651965
148.5 0.6952176704693218
149.0 0.6046764172728788
149.5 0.897634435135471
150.0 0.6836556780062486
150.5 0.9655855847652336
151.0 1.246837617759801
151.5 0.8976018865035154
152.0 0.8130533731594882
152.5 0.7374317057118595
153.0 0.5535700501678578
153.5 0.7004427927705754
154.0 0.5979334594612526
154.5 0.8205788787215067
155.0 0.8322134174074601
155.5 0.7797318055877598
156.0 0.6885396147382401
156.5 0.9636582070056025
157.0 0.9576232457083982
157.5 2.1338804678586363
158.0 0.37666469847876516
158.5 2.3020173611319215
159.0 1.874123279964879
159.5 1.8615622494312696
160.0 1.7546588300824535
160.5 1.4127525806916894
161.0 1.389584692132493
161.5 1.41075982204041
162.0 2.2717911286442707
162.5 1.1457879740023438
163.0 0.6225373933628499
163.5 1.367649488596978
164.0 1.9527959112962479
164.5 2.5004799799964155
165.0 1.6325593513050896
165.5 1.4953882349017105
166.0 0.674346580441417
166.5 1.010828320870155
167.0 0.860723126544295
167.5 2.018342755528098
168.0 2.1622953039949673
168.5 1.2474902774911856
169.0 0.8501202228965309
169.5 1.169508218858339
170.0 1.924916733363144
170.5 2.253585913740225
171.0 1.2747458833999252
171.5 1.2828389983674344
172.0 0.2
172.5 0.27411894736524856
173.0 1.322484380071015
173.5 2.6894059578899077
174.0 0.2677966711490143
174.5 2.7305170005890647
175.0 1.8326111440483268
175.5 1.7564597236329962
176.0 3.3303920875275583
176.5 0.2
177.0 1.7245919983190814
177.5 0.791888183111405
178.0 0.8577830328553281
178.5 1.0098335710407793
179.0 1.6738312271186313
179.5 1.431647376871098
180.0 1.8848655936989354
180.5 2.4340890086687534
181.0 0.9769934346643887
181.5 0.808219599947454
182.0 1.0118640924915492
182.5 1.0899646466370083
183.0 1.000592577197024
183.5 0.98523431882597
184.0 1.265232009890393
184.5 1.2687827802554272
185.0 1.000306776838563
185.5 0.6577859647507501
186.0 1.0839207033285567
186.5 0.9876174253969476
187.0 0.8718657901130181
187.5 1.1829219561912123
188.0 1.1939903909102867
188.5 0.9903042234438342
189.0 0.9611744974448553
189.5 1.4578389065952133
190.0 0.9433833089784918
190.5 1.457923640312894
191.0 0.9885195924269806
191.5 1.0264456052715374
192.0 1.1372252179907316
192.5 0.9165661428585548
193.0 0.9015723772506596
193.5 1.1585351816556204
194.0 0.9998283786433324
194.5 0.6350280971542785
195.0 0.8145479778017768
195.5 1.3618600776419765
196.0 1.132637618195103
196.5 0.7089015968824712
197.0 0.9588435624992147
197.5 0.43148195048060756
198.0 1.471524406930906
198.5 1.3417963365773344
199.0 1.038777125560566
199.5 0.8676893014569618
200.0 1.3676366383588598
200.5 1.3062959648347174
201.0 1.4328361751875391
201.5 1.2400017187817394
202.0 1.1755137564742302
202.5 1.0796846992158602
203.0 0.5379844471326298
203.5 0.6360941646233145
204.0 1.0724501394563277
204.5 1.2685883875488888
205.0 2.225614494522303
205.5 2.7439962765732564
206.0 0.6562893516484276
206.5 1.5819375672113438
207.0 1.6323639343890801
207.5 1.0516536895133823
208.0 1.4732947861336374
208.5 0.623926786960311
209.0 0.6802620921502036
209.5 1.1247387433949303
210.0 0.7917618122741373
210.5 1.2068027636952183
211.0 0.9992664549923272
211.5 0.768516281471912
212.0 1.031475572552035
212.5 1.0326271823654383
213.0 0.9414970351855199
213.5 1.0849459405036779
214.0 1.1491634929162557
214.5 0.7087856591658652
215.0 0.8981881915823949
215.5 1.175052835095867
216.0 0.7554440984568692
216.5 0.9122627182442606
217.0 1.1990908951213162
217.5 1.084565840065184
218.0 0.7875058332951297
218.5 1.113786139768227
219.0 1.6602491510568704
219.5 0.8462522326312596
220.0 1.436516518467779
220.5 1.7276272426620976
221.0 1.3066369114752179
221.5 0.5898574662165738
222.0 1.1882823621599647
222.5 1.49141726620898
223.0 1.3469553605943845
223.5 0.43249260934651823
224.0 1.6187449455962297
224.5 1.0857778788549362
225.0 1.3881574236231908
225.5 0.5773925052155594
226.0 0.9692997552029728
226.5 0.9641710725324493
227.0 0.7511314476741032
227.5 0.7528204446707213
228.0 0.5855330097330698
228.5 0.2577411104565762
229.0 0.4820204971469042
229.5 0.921707978540288
230.0 1.7502531971733504
230.5 0.9900967670503856
231.0 0.7707987648799114
231.5 0.2679025922342978
232.0 0.5927677329352243
232.5 0.5419036435005891
233.0 0.8374524122670689
233.5 0.5458891168752557
234.0 0.7340957159589139
234.5 0.7859077407583347
235.0 1.0053543381789316
235.5 1.2479265070816847
236.0 0.548860973190658
236.5 1.4165959913185144
237.0 0.7068177083434153
237.5 1.0804854883811197
238.0 0.9506917000757587
238.5 0.48213546305792576
239.0 2.0606941826720533
239.5 1.3092256693438455
240.0 0.7100690208732885
240.5 1.694129229019188
241.0 1.785443445669144
241.5 1.0853662230923113
242.0 0.919089837947739
242.5 0.7030769899052176
243.0 0.5755880654183614
243.5 0.8040799481043203
244.0 0.2721804497258589
244.5 0.9724825056250215
245.0 0.680966830402805
245.5 0.992856966317682
246.0 0.8552442540511603
246.5 1.0881445408833257
247.0 0.8455016572828848
247.5 1.1053340395457776
248.0 0.6549148741055681
248.5 1.008721648282383
249.0 0.8592602143458214
249.5 0.9911755072156019
250.0 0.7772770184862543
250.5 0.8822873950771698
251.0 0.9387009895847827
251.5 1.1736442215325358
252.0 1.19336548405154
252.5 1.0706013734605944
253.0 0.9737089687040252
253.5 0.7402129969962092
254.0 0.8740508589300179
254.5 1.012633438502471
255.0 0.9384453699533979
255.5 0.780082886608864
256.0 1.146351208314205
256.5 1.1452393303277606
257.0 0.8136658056926194
257.5 1.0101522328576489
258.0 0.8806591130490775
258.5 1.0500323763303732
259.0 0.5896180913719625
259.5 0.9327706641156028
260.0 0.6536219706183579
260.5 1.1517057790383385
261.0 0.6903000613127737
261.5 0.9109334730503373
262.0 1.0955113367788607
262.5 0.950422129161751
263.0 0.6629111127317062
263.5 0.7901865739327824
264.0 0.6715974052966727
264.5 1.5439215676262454
265.0 1.274771946278713
265.5 0.667677785608754
266.0 2.4969637552489825
266.5 1.1347994753266035
267.0 2.6737309498420103
267.5 1.6147453344780769
268.0 0.4401090998088687
268.5 1.1565962121459692
269.0 1.653261511434534
269.5 0.9423295608176613
270.0 1.3659024891424014
270.5 0.8366229342502296
271.0 1.5051845972724722
271.5 0.9761292597525926
272.0 1.0060172349506957
272.5 1.4181689472096628
273.0 1.274072871214904
273.5 1.2411220996893717
274.0 0.7959029792016878
274.5 1.280646861592175
275.0 1.1111863347449655
275.5 1.3607584839780118
276.0 1.2501838373322158
276.5 1.404460629877898
277.0 0.8883775349791754
277.5 0.7405249933821669
278.0 0.6832902760997938
278.5 0.8737260251480956
279.0 1.076500771547823
279.5 0.7288755945121008
280.0 0.24875082795979725
280.5 1.1823439440165462
281.0 1.122848057633332
281.5 0.5855009004483946
282.0 0.7850276939582652
282.5 1.142043252917214
283.0 0.9867791947464624
283.5 0.5736817637705749
284.0 1.0197458626058218
284.5 0.6393984023326553
285.0 0.5885127582440668
285.5 0.8796052186151666
286.0 1.2472130723671946
286.5 1.3728673887994824
287.0 0.6494832907078272
287.5 1.2987762684769137
288.0 1.152750454215268
288.5 1.6432738862597431
289.0 0.7724092500342288
289.5 1.4440792920760839
290.0 1.676785616398064
290.5 1.386435384026901
291.0 1.3436215801622176
291.5 0.9483642935722312
292.0 0.5316860691433936
292.5 1.4179284888977153
293.0 1.7469435761394818
293.5 1.719743201227764
294.0 0.5605984993365029
294.5 1.261499881677869
295.0 1.5480794750527114
295.5 0.530992377973817
296.0 1.5946463837678133
296.5 1.274910184515202
297.0 1.3530368846114733
297.5 2.441520836036662
298.0 0.8226617496271038
298.5 1.4361660164206471
299.0 1.866924579681135
299.5 1.8131187342601998
300.0 1.4065192185506357
300.5 0.8542119210313898
301.0 1.4951785204829904
301.5 1.4222834599466636
302.0 1.4592460250622703
302.5 2.162899442797993
303.0 0.6213823628168448
303.5 1.566477671435276
304.0 1.6510734770214524
304.5 1.1114470403240078
305.0 1.5471514816333456
305.5 1.8560044698713352
306.0 0.5508909014850892
306.5 0.9860568533184706
307.0 0.2
307.5 1.9186519546880065
308.0 1.2518812061025868
308.5 1.6731077495266975
309.0 0.5400110477534834
309.5 1.872946125976243
310.0 1.558953178721168
310.5 1.1803002469237722
311.0 0.7886016342198219
311.5 1.404955103781517
312.0 0.8315908100824936
312.5 0.791610202917995
313.0 0.9715051823126872
313.5 0.7664585455951956
314.0 0.8668001552891017
314.5 0.7734706676017807
315.0 0.7022880033841419
315.5 0.9599760176043002
316.0 0.8602653241347133
316.5 0.8480774940971916
317.0 1.2649463467320134
317.5 0.7540643161296487
318.0 1.0337733200919592
318.5 1.143749967337162
319.0 0.45744262725228435
319.5 1.2480927001938187
320.0 1.0187113022540422
320.5 0.7369785496637313
321.0 0.84912049415648
321.5 0.6626144511389598
322.0 0.7603462796530174
322.5 0.6185748910160809
323.0 0.6810091513834446
323.5 0.4314339237094374
324.0 0.8913364638753861
324.5 0.7470195636601977
325.0 1.1100339599419176
325.5 1.2196479075066566
326.0 0.9840415269363403
326.5 0.919631634454842
327.0 1.007224965402572
327.5 1.127732465075404
328.0 1.2166311070683873
328.5 0.6297986825184363
329.0 0.7088549864576292
329.5 1.1800234136192465
330.0 0.7965966482871824
330.5 0.9570558006060785
331.0 0.8566768560493842
331.5 0.8193998527158899
332.0 1.1462221481808084
332.5 0.6526698629698116
333.0 1.0083377553715027
333.5 1.0794737820259728
334.0 0.8258419980077536
334.5 1.0246435180961107
335.0 1.0857254367572988
335.5 1.012825883987677
336.0 1.0441727273705088
336.5 1.1768959371749508
337.0 1.0140400826823852
337.5 1.1192902206782884
338.0 1.234687505111257
338.5 0.990631516147342
339.0 0.9998747298445845
339.5 0.7300322930177836
340.0 1.071423211386027
340.5 1.3088019362177221
341.0 0.6910453811595116
341.5 0.5566562954944823
342.0 0.8274126569045681
342.5 1.1050973137993452
343.0 0.5397085659790319
343.5 1.303526972444496
344.0 0.7403566008483986
344.5 0.341973728159015
345.0 1.0965808136958728
345.5 0.8836259800402755
346.0 0.6520859823630066
346.5 1.1464534611927921
347.0 0.9329443954306398
347.5 1.1236656905030127
348.0 0.8731786798483037
348.5 0.9590983920154883
349.0 0.9731239436873607
349.5 1.2023075176276863
350.0 1.4687138173935645
350.5 0.9890130422507244
351.0 0.8602460003883502
351.5 1.0924445176011055
352.0 1.3083730595227643
352.5 1.1066420877896541
353.0 0.26079860692626555
353.5 1.6179347418429866
354.0 2.1987236590756933
354.5 0.41010644782307626
355.0 1.1687807060656294
355.5 1.0671458336301018
356.0 1.2577446691646128
356.5 2.145110988464501
357.0 1.4450805286767359
357.5 2.1635034841180847
358.0 1.4747575337015693
358.5 2.1347631368324906
359.0 0.6224806383956923
359.5 1.0639286549647378
360.0 1.6334042712997587
360.5 1.1711378233349579
361.0 1.36391772684496
361.5 1.7300409692590502
362.0 1.6380857029211722
362.5 0.9260324935841378
363.0 1.4780627800326755
363.5 1.8451913529833732
364.0 1.257923865816879
364.5 0.5888008823357732
365.0 2.200821097921217
365.5 1.8194691802023997
366.0 1.5976138041643222
366.5 1.5761228083293524
367.0 1.5847958584506345
367.5 0.8258662432278541
368.0 0.688030445370559
368.5 0.8170205051794253
369.0 1.2216242918727238
369.5 1.047701518371788
370.0 1.029731277538553
370.5 0.9042663096703608
371.0 0.5121128382773912
371.5 0.6259953211189417
372.0 0.8143792346152406
372.5 1.2541844702215037
373.0 1.0351135643819618
373.5 1.218242293236567
374.0 1.2791630345672527
374.5 0.733198586183917
375.0 0.9908299077313611
375.5 1.0267474789491136
376.0 0.921147170286148
376.5 1.088535102508888
377.0 0.8467792829656753
377.5 1.205043614008759
378.0 1.2135331955787743
378.5 1.0887838045347447
379.0 0.8393741175222392
379.5 1.144198653077455
380.0 1.3598853359579857
380.5 1.2310657724006715
381.0 0.9148902829307368
381.5 0.9949449776662328
382.0 1.0131507509343447
382.5 2.8704168050082304
383.0 1.5629100133164031
383.5 1.3510615231471028
384.0 2.102887907693832
384.5 0.8713854217716095
385.0 1.4307536357957822
385.5 1.0433966340980025
386.0 1.0345034064659178
386.5 1.2537371773880601
387.0 0.919222529296006
387.5 1.0530313317454343
388.0 1.7411169396189803
388.5 1.222406980906864
389.0 1.5230823534240843
389.5 1.3299822382659712
390.0 1.320134386536087
390.5 0.49787692890861046
391.0 0.9765484508838506
391.5 1.1657747988635938
392.0 1.6783026345735668
392.5 1.877079628926034
393.0 0.7333529335775796
393.5 1.3055924084558632
394.0 0.3616973901773052
394.5 2.189298673022874
395.0 1.191745025507814
395.5 1.3629004992663276
396.0 2.156192500150166
396.5 0.7737583729236706
397.0 1.0370318633190099
397.5 0.4271010015008861
398.0 1.0620078604616705
398.5 0.8493213154744187
399.0 0.6153091015129116
399.5 0.3866009431269296
400.0 0.9030977929434844
400.5 1.1607945310811452
401.0 0.653464851689705
401.5 0.6263453159652506
402.0 0.8808859500396059
402.5 0.7143788950673007
403.0 0.876509544266309
403.5 0.9089089202026083
404.0 0.8734572611586389
404.5 0.7580475480501918
405.0 0.7992158647548157
405.5 0.9201646349466518
406.0 1.0312132212418794
406.5 1.0908241889632189
407.0 1.2200667524565794
407.5 0.9313724611681429
408.0 0.7760242685858022
408.5 1.4770857311899843
409.0 1.6932885084073779
409.5 0.2071381432971675
410.0 0.6253512910270925
410.5 2.351973027047868
411.0 1.8565181324350088
411.5 0.5327445477320181
412.0 1.515206775882047
412.5 1.4065864221672957
413.0 1.242798250626472
413.5 1.7140892314451355
414.0 1.2830634640403906
414.5 0.9775678109012456
415.0 0.923322662477587
415.5 1.1845363891135299
416.0 0.8120969861476871
416.5 1.573747177248043
417.0 2.255561491935015
417.5 0.9945287341908589
418.0 0.8925298772878775
418.5 0.7081496240734823
419.0 1.1176393888585974
419.5 0.6833522752841589
420.0 1.3839698243876235
420.5 1.0889525656506303
421.0 0.8353146196867077
421.5 1.4188504145535066
422.0 0.9407463504323066
422.5 1.5066611222644053
423.0 1.2847146321284129
423.5 0.7109756576999942
424.0 1.2703124007258282
424.5 1.0462542318927572
425.0 1.2851940466267915
425.5 0.6535891486536006
426.0 1.247665606346667
426.5 2.0474283114245515
427.0 0.9177734843871248
427.5 0.8663540662113344
428.0 1.2333139307625094
428.5 0.5954314629651073
429.0 1.2623933081982033
429.5 1.4270099331862318
430.0 1.8941812741872477
430.5 1.376345783720995
431.0 1.3553887237140374
431.5 1.3550706433181392
432.0 0.7373607110243073
432.5 1.0435844598842017
433.0 0.6387679638256971
433.5 1.5832352624508332
434.0 0.9475457729596373
434.5 1.1018177955530861
435.0 1.5458968138573552
435.5 1.3931452173749777
436.0 1.570321569415456
436.5 1.0289086148100233
437.0 1.52127373142251
437.5 1.3304136951200762
438.0 0.5646492673061756
438.5 1.3585590654743684
439.0 0.9234969194358842
439.5 0.8841468581916994
440.0 1.196855288747212
440.5 2.0894252166770118
441.0 1.7587589484214035
441.5 1.021312013943859
442.0 1.022050695602962
442.5 1.1120145574825624
443.0 2.00533273141051
443.5 1.6828734298250232
444.0 0.769536990456932
444.5 0.5710687979158434
445.0 1.6347133112846592
445.5 0.9213244923951827
446.0 1.5249667959170894
446.5 1.0406573535812909
447.0 0.524774394392184
447.5 0.7230920114441138
448.0 1.069653918484406
448.5 1.4344004486005435
449.0 0.2
449.5 1.3180118235699503
450.0 0.785667252133852
450.5 2.113277877504589
451.0 1.014279356401271
451.5 1.620263647983171
452.0 1.1266325812194422
452.5 1.2245322436883455
453.0 1.472007777032178
453.5 1.4804515296840028
454.0 0.9219613822447557
454.5 0.5982888980514561
455.0 1.121013735007582
455.5 1.3512949658164768
456.0 1.075569568998625
456.5 1.9154958812606098
457.0 1.1312256836102277
457.5 1.6489372626851952
458.0 1.1124265820841275
458.5 1.6003250888540235
459.0 1.4628605639892744
459.5 1.5140043566965349
460.0 1.562043436521191
460.5 1.0537495407111288
461.0 0.8331340746189295
461.5 0.7442256639086385
462.0 1.205345200457793
462.5 1.0122342792250973
463.0 1.4181733060895056
463.5 1.8301049621727419
464.0 1.7742147439024913
464.5 0.5829325606573235
465.0 1.2821949845948135
465.5 1.4241009326798237
466.0 1.388911293218775
466.5 1.318620606023412
467.0 1.4349158432555502
467.5 1.4642182522744043
468.0 1.0637133956536096
468.5 1.8813832183592263
469.0 2.1033070272498753
469.5 1.2390857311116585
470.0 2.490016456107518
470.5 1.0964329342110448
471.0 0.8976748922505227
471.5 0.8972857558746891
472.0 0.7026814395375336
472.5 0.7489180564860898
473.0 0.9450207881217649
473.5 1.1613161805574228
474.0 0.9804295127742471
474.5 0.9081452871129903
475.0 1.003328973012847
475.5 0.2
476.0 1.1996617849640367
476.5 1.0039181343737429
477.0 1.2268177552402717
477.5 1.0044377715675588
478.0 0.4962687406342624
478.5 1.3700668443207227
479.0 1.6075724825075295
479.5 0.8243154580263006
480.0 1.0707793988309544
480.5 1.1816915483222068
481.0 1.0306066678671129
481.5 0.5147433343647155
482.0 0.7393936553255147
482.5 0.9277498116609522
483.0 0.7173779572170211
483.5 0.8683191556391262
484.0 0.849469475782989
484.5 1.1174820134223187
485.0 0.947517619649829
485.5 0.5488263029076452
486.0 0.8822161813677462
486.5 1.1096828314686298
487.0 0.7857260268095452
487.5 0.9658542114760246
488.0 0.7058930077330632
488.5 0.7404137745286278
489.0 0.8394705154421166
489.5 0.8659641227343152
490.0 0.9068280260525031
490.5 0.8497294132247722
491.0 0.8002985078086237
491.5 1.1922290406995344
492.0 0.6296000501467552
492.5 0.6907192265224043
493.0 1.0370366827688189
493.5 0.7880026242803033
494.0 0.5341588928799421
494.5 0.7899705811743047
495.0 0.807929441845054
495.5 0.8962295656535613
496.0 0.5272945159330564
496.5 0.7708202561068843
497.0 1.170088043740682
497.5 0.7394566578848979
498.0 0.8435759853424919
498.5 0.7330401199043979
499.0 0.751555617520832
499.5 1.1170939645661913
500.0 0.9530961608858195
500.5 0.8478251621160905
501.0 0.9031363917120753
501.5 0.5220475505690357
502.0 0.7467716101552719
502.5 0.9527894873905328
503.0 0.7491916941618533
503.5 0.8285301950112043
504.0 0.6365970047220273
504.5 0.7306387658754289
505.0 0.6806325959295356
505.5 1.265843666215755
506.0 1.0172515685196832
506.5 1.0830490658959335
507.0 0.8169369458798513
507.5 0.8786391040167401
508.0 0.8740476857099112
508.5 0.8862005181177192
509.0 0.8668052243572008
509.5 0.9588872525032344
510.0 0.39720251246567806
510.5 0.7344443966176822
511.0 0.6389829159995525
511.5 0.6468059395260839
512.0 0.9718040067133272
512.5 0.7683859672448624
513.0 1.1088512182935297
513.5 1.0225685375350257
514.0 0.705188769216619
514.5 0.9421468913603849
515.0 0.37888830423774733
515.5 1.1058287944286243
516.0 0.7681674619671635
516.5 0.7884205268364436
517.0 0.6746545165145521
517.5 1.1247701807654036
518.0 1.047306388002796
518.5 0.8522229602663433
519.0 0.7218136591666648
519.5 0.5428177749483531
520.0 0.551111774097772
520.5 1.338555178974133
521.0 1.031158064502379
521.5 0.4390712347797214
522.0 0.8153599680675874
522.5 0.9908689054838847
523.0 1.2876552601350375
523.5 0.6647982237342916
524.0 0.5571261597401164
524.5 1.2103765307708882
525.0 0.610468855567367
525.5 0.5467874195622471
526.0 0.7665054680583414
526.5 0.6905665500827183
527.0 0.7648791458755317
527.5 0.9894460923936108
528.0 0.7156795626267429
528.5 0.8855245152210001
529.0 0.9037541309674775
529.5 0.6054355829923134
530.0 0.746916772446268
530.5 0.8711920667679522
531.0 0.6124235032063776
531.5 0.6200446082986211
532.0 0.6899456848033099
532.5 0.6060186388004984
533.0 0.7431574194267561
533.5 0.7856270670429166
534.0 0.7773353593463228
534.5 0.8516285621473358
535.0 0.7964400480643572
535.5 0.6859374652092689
536.0 1.064349475165937
536.5 0.6174558678841042
537.0 0.8473252819582282
537.5 0.5875847825647313
538.0 0.5127964209135757
538.5 0.6067004796264914
539.0 0.708670033528755
539.5 0.8183688649774707
540.0 0.5058514011607718
540.5 0.5878372976667567
541.0 0.7841125258539432
541.5 0.7158757605964352
542.0 0.6993933848828592
542.5 0.6015185575927178
543.0 0.6866484532682173
543.5 0.7125920088791378
544.0 0.8370855390100627
544.5 0.9345455797290296
545.0 0.7469354750644426
545.5 0.6221112143691163
546.0 0.6253511148346032
546.5 0.5838783769878708
547.0 0.8866483437021551
547.5 0.7566076521079468
548.0 0.44936376448967175
548.5 0.5702884791167688
549.0 0.5406778807612196
549.5 0.9649561733874694
550.0 0.7045955838669411
550.5 0.5669380841243739
551.0 0.8577085793521233
551.5 0.735715792011731
552.0 0.678729146720366
552.5 1.8165827532459373
553.0 1.6638732183957508
553.5 0.7484915420265374
554.0 1.0065725324073276
554.5 2.151665588663384
555.0 1.2274656537179318
555.5 1.1114676110210273
556.0 1.9527330653606796
556.5 1.0063613997513703
557.0 0.7715269780577866
557.5 1.3621923442082655
558.0 1.6425889877354996
558.5 0.8773188170787867
559.0 1.3753886932207424
559.5 1.3129742168843799
560.0 1.5470783351750734
560.5 1.1525745896526605
561.0 1.3662805135456928
561.5 1.2182865778163565
562.0 2.5607249768826836
562.5 1.5351561706219932
563.0 0.4147557345305697
563.5 0.9581625588830531
564.0 1.4147008865356114
564.5 1.8601346492925885
565.0 1.8594768466046832
565.5 1.551320092125268
566.0 1.1513235669975512
566.5 1.0362407906793758
567.0 1.865789111067483
567.5 0.811245050029514
568.0 0.8699799330082783
568.5 0.5714598326031565
569.0 0.8234810809002335
569.5 0.8165342304268519
570.0 0.3331742741056105
570.5 1.0749496112956534
571.0 0.9962287848279074
571.5 1.2668413745142202
572.0 0.40416088094131386
572.5 2.1612343222104475
573.0 0.9070381491415119
573.5 1.9943060955840572
574.0 1.006317754723601
574.5 1.3220985216656325
575.0 0.8521474091082394
575.5 1.3529128181772903
576.0 1.0728827296684642
576.5 0.2
577.0 0.9511898374300225
577.5 0.8539056753134185
578.0 1.2485689306291734
578.5 0.5483950052083569
579.0 1.2843879713684314
579.5 2.3841788242210997
580.0 1.6233649201950775
580.5 0.9653880287325602
581.0 1.685964351966985
581.5 1.5311284753718193
582.0 1.938284665146607
582.5 2.061866502471284
583.0 1.416599053303752
583.5 1.5110139821571968
584.0 0.2
584.5 1.255769254787512
585.0 1.2747194021345454
585.5 1.8879480530720896
586.0 0.5372013593758934
586.5 1.8271853586351678
587.0 1.8653325481492096
587.5 1.6401887813367169
588.0 1.5313339533917405
588.5 1.7760342200596804
589.0 0.7475881044341708
589.5 0.42225263771758614
590.0 1.614188305900024
590.5 1.8862159560247818
591.0 0.9403301679741086
591.5 1.7630955053786956
592.0 1.4515109569604219
592.5 1.3819602407390184
593.0 1.218981334821342
593.5 0.30852764108708164
594.0 1.1963331189092483
594.5 1.4272637676726339
595.0 1.8838188861755236
595.5 1.1042834403660635
596.0 1.4438142386516084
596.5 1.780345730632164
597.0 0.9315648113512218
597.5 1.0690635907981272
598.0 0.7208750013778835
598.5 0.5516561235319608
599.0 0.5900038410423318
599.5 0.7776838618514694
600.0 0.8521942868602899
600.5 0.8329889893575126
601.0 0.6525012659843679
601.5 0.7948633747938403
602.0 0.6515879928430102
602.5 0.7121201233363603
603.0 0.5262947417164736
603.5 0.826065689053604
604.0 0.9188157228158951
604.5 0.6455046116592487
605.0 0.5461024791362822
605.5 0.6495722798968911
606.0 1.5140779108306515
606.5 0.7922394211000257
607.0 1.5290862676323869
607.5 1.1927068516284773
608.0 1.439193773859217
608.5 0.7937116262555279
609.0 1.146199208717754
609.5 1.0053970449677427
610.0 0.3004157074976068
610.5 1.238501502954781
611.0 0.6242304197947458
611.5 1.5106391820690297
612.0 0.986578641747238
612.5 0.6872946602440296
613.0 0.7200232828762873
613.5 0.8275546996502762
614.0 0.8221282259658451
614.5 0.8817670954526877
615.0 1.1602557847976729
615.5 1.498104859612095
616.0 0.9510711016211701
616.5 1.745566765409532
617.0 1.616324105051329
617.5 1.6029871747960343
618.0 0.5254414216993422
618.5 1.8758834270984166
619.0 1.4468295800248745
619.5 1.0736614767625108
620.0 1.48782812932614
620.5 2.184289806334174
621.0 0.8200095329127409
621.5 0.9534438331880372
622.0 1.2210815573509903
622.5 1.6430582732719887
623.0 1.132954333864332
623.5 0.8560201896533051
624.0 1.5871474643825798
624.5 1.951080774339678
625.0 0.7674439944333122
625.5 1.2353897764857054
626.0 1.3697797823656161
626.5 1.6753577051904203
627.0 1.3396252077888007
627.5 0.9074185901649059
628.0 1.8106849402228047
628.5 0.8142124457474362
629.0 1.7270662326906954
629.5 1.6153091650222784
630.0 1.0245468928384165
630.5 0.8258530483183003
631.0 1.3610727767078743
631.5 0.4756843452886832
632.0 0.5838074500405234
632.5 0.8206019946646241
633.0 1.2361026902734826
633.5 0.7189836489160004
634.0 1.5693897757087822
634.5 1.7579906843437274
635.0 1.0812769419807073
635.5 1.5711398564432615
636.0 0.8703109935662385
636.5 1.4104996709975703
637.0 1.2779704782001973
637.5 1.448087615725412
638.0 1.1422480889955506
638.5 1.6715860217410978
639.0 2.1224240281605544
639.5 1.1530669645769616
640.0 1.575697649722744
640.5 1.4683080149413386
641.0 1.3358062541184967
641.5 0.6150528688990304
642.0 0.8673383324731022
642.5 0.6338512794971943
643.0 1.1105185918467866
643.5 0.7471605252074782
644.0 0.9028662054821354
644.5 0.6098760148845762
645.0 1.2057941431172394
645.5 0.6375179940533867
646.0 0.6852683188148456
646.5 1.1830786166583047
647.0 0.8666291474981649
647.5 0.9091946056876514
648.0 0.778653802428124
648.5 0.9894998448942396
649.0 0.9471867151230058
649.5 0.6581074375219168
650.0 1.1786296067431423
650.5 0.774799123476996
651.0 0.929375335889512
651.5 0.9305650404577329
652.0 0.754057502749303
652.5 0.9189848993298909
653.0 1.01292518561045
653.5 0.5232464227166578
654.0 0.9063011864944102
654.5 1.1925712464914333
655.0 0.9456178733408362
655.5 1.9125675463757448
656.0 2.380245396218131
656.5 1.3380406333184016
657.0 1.7194111200127482
657.5 0.9934222935734236
658.0 2.241073071461961
658.5 1.376335329521055
659.0 0.8397931391743431
659.5 0.9718464471252117
660.0 1.827469787438126
660.5 1.4180829526418135
661.0 1.9555449899442634
661.5 1.0075185923849101
662.0 1.0820198964378298
662.5 0.6580488283388064
663.0 0.4029188577359366
663.5 1.5131937182647812
664.0 2.4797099765547466
664.5 1.1103848121474984
665.0 0.8129166817562498
665.5 1.6222369867288036
666.0 0.9348960454834382
666.5 0.7146109838808202
667.0 0.9697624073749476
667.5 0.5427420147685756
668.0 0.932362490123891
668.5 0.8131524396566396
669.0 1.4382474853494565
669.5 1.0888692078341506
670.0 1.560479125154461
670.5 1.0144796291112768
671.0 1.4191081701967145
671.5 1.397836786450835
672.0 1.3672208047873955
672.5 0.568198278884796
673.0 1.5106361177206016
673.5 0.797724048984856
674.0 0.2
674.5 1.130599837608743
675.0 2.363000074082118
675.5 0.762800554884023
676.0 0.2
676.5 1.369731380204
677.0 1.441166690389487
677.5 1.6639307489748165
678.0 0.8234060172852574
678.5 2.094358868128975
679.0 2.552593567289324
679.5 2.617618896535106
680.0 0.9746928555604651
680.5 1.8331308969362965
681.0 1.6196372681339055
681.5 1.3460409865466099
682.0 1.9937366139977066
682.5 0.8280394543353798
683.0 2.2908399049588315
683.5 0.9048711792139907
684.0 1.528096161749735
684.5 0.8811066164502586
685.0 0.9918167521397725
685.5 0.9139975751247401
686.0 0.42447590807606433
686.5 1.1945074050238464
687.0 0.9179522913665465
687.5 0.8509169893142694
688.0 1.0654260027714297
688.5 1.3881667733195089
689.0 0.8618243665737868
689.5 1.0206531100046814
690.0 0.8406194120605284
690.5 1.0027468242753055
691.0 0.5715392372573207
691.5 0.6062800467939988
692.0 0.9336690424278997
692.5 0.7872248861034172
693.0 0.703014224406064
693.5 1.0337650706482324
694.0 0.8061637709445106
694.5 0.854059215246964
695.0 1.181599685117663
695.5 0.9276350791776875
696.0 1.0964663878261132
696.5 1.4169461529415899
697.0 1.0863387061711673
697.5 0.5696709283381867
698.0 0.9459351140848651
698.5 1.1177006167662462
699.0 0.3030430295151562
699.5 1.1949390864984983
700.0 1.0395768325263801
700.5 0.9466968966548914
701.0 0.9509130265942527
701.5 1.1687592711443726
702.0 1.0603241983234768
702.5 0.4227168780613444
703.0 0.7482699044129633
703.5 0.8229741568175856
704.0 0.6141197266092975
704.5 0.7530163114495438
705.0 1.2803232158363493
705.5 0.8243448346218794
706.0 0.7360828498162104
706.5 1.0113431997724607
707.0 1.3350806913993936
707.5 1.3864167101322684
708.0 1.4969066309492678
708.5 2.450156130625998
709.0 1.723660042738959
709.5 0.20273238066054455
710.0 1.1641754319420787
710.5 1.2873353966427408
711.0 2.216174700003727
711.5 1.8066994657661706
712.0 2.208377955027866
712.5 1.1723565490532806
713.0 1.6409339449120472
713.5 0.2
714.0 1.091097893173656
714.5 2.4053941805190235
715.0 1.7913484879394588
715.5 1.3150328296709735
716.0 0.45041533758545116
716.5 0.9268042917596371
717.0 2.124673181285454
717.5 1.48350076368098
718.0 1.2345465126913286
718.5 0.7478768547513388
719.0 1.5201618719929255
719.5 1.404330189403539
720.0 1.0661807691285232
720.5 1.5576804214608722
721.0 1.7756478934179387
721.5 2.066549420503574
722.0 1.4734784258753741
722.5 1.7508540929717067
723.0 1.3824333250832144
723.5 0.9653124093311913
724.0 0.6235292939605203
724.5 0.7747416558014366
725.0 0.809662367429659
725.5 0.8757709237930233
726.0 1.0671047974567949
726.5 1.1635593868867915
727.0 0.9970980240077889
727.5 0.8046029838198848
728.0 0.5567744068127887
728.5 1.004422394945097
729.0 0.907623298881508
729.5 1.194433948367982
730.0 1.1852535704124678
730.5 0.838127137191409
731.0 0.8905445640716148
731.5 0.8958676138609677
732.0 1.0768333007843283
732.5 0.8334261081088459
733.0 0.6472637085438004
733.5 0.7695666473407751
734.0 0.777221447992741
734.5 0.8485651707455696
735.0 0.9693027868877151
735.5 1.2042508183020424
736.0 0.9287506980200934
736.5 0.7348273653047959
737.0 0.485942622013193
737.5 0.882000219273917
738.0 0.6441536250768531
738.5 1.0813812233514128
739.0 0.7843863291012747
739.5 0.921261017191609
740.0 0.7892740018192611
740.5 0.4457888249797634
741.0 0.6086269897928888
741.5 0.5525855943304563
742.0 0.8176109602121414
742.5 0.6893631001247753
743.0 0.8461273071921736
743.5 0.5743380529339397
744.0 1.858074999863719
744.5 2.2829155332944615
745.0 0.2
745.5 1.2994834258976296
746.0 0.5644667835105479
746.5 1.9105456469709186
747.0 1.5811535828862877
747.5 1.709278809910546
748.0 1.519449602964046
748.5 2.3047504722803183
749.0 0.8046544799535389
749.5 1.3069843851382408
750.0 2.50800697967435
750.5 2.0822593940248915
751.0 1.6885349022602136
751.5 1.0809547472859409
752.0 0.9807864884713999
752.5 0.2
753.0 1.6771314515715863
753.5 1.2365273692857603
754.0 1.2864318561532637
754.5 0.7524879264211157
755.0 1.1993817320944258
755.5 1.1485618070163177
756.0 0.8560689999031248
756.5 1.2400103261607704
757.0 0.4917677869008553
757.5 0.563583202634401
758.0 1.0420556339118054
758.5 1.077654826523563
759.0 0.682081765472552
759.5 1.5950194828758577
760.0 0.5764329660050305
760.5 1.0070993996974837
761.0 1.2986138991906722
761.5 1.4556039923106239
762.0 1.078437212941597
762.5 1.3795572647215173
763.0 0.9979638697422366
763.5 1.571932297055547
764.0 2.1457503659695387
764.5 0.9458479896969546
765.0 1.9358382775696126
765.5 1.522936315493728
766.0 0.35777676851517537
766.5 1.9420815693124132
767.0 1.9275086968023454
767.5 1.605434065144519
768.0 1.3061839890181368
768.5 2.2691677959415495
769.0 0.298158676248494
769.5 0.7836675253353157
770.0 1.006894145916558
770.5 1.0178388352170145
771.0 1.9639124397249912
771.5 1.6466870162065155
772.0 0.9673231155585555
772.5 2.4267245087251283
773.0 1.3353576060951342
773.5 2.406503688413261
774.0 1.8721436356231944
774.5 0.788838630799636
775.0 1.1341902773908124
775.5 1.2243414532082562
776.0 0.8160609021462462
776.5 1.2696086654229108
777.0 0.9863335138422122
777.5 1.1683017130344928
778.0 1.5580101984518748
778.5 0.4721083247610445
779.0 1.1180167080974859
779.5 1.5948869976800548
780.0 2.5149176760301626
780.5 2.013133322806258
781.0 1.8037585580520274
781.5 1.065758240370904
782.0 1.8429630665184447
782.5 1.8109531520503315
783.0 2.6720829394362964
783.5 0.9100200527638054
784.0 0.502834322870103
784.5 0.7011138967314827
785.0 1.379720379360543
785.5 0.9094426768452795
786.0 1.9561022296962784
786.5 1.3988066974780473
787.0 0.8051390915615007
787.5 1.3466713595554138
788.0 0.6927003652649046
788.5 0.9239326478248197
789.0 1.429299289863789
789.5 1.2169236654787996
790.0 1.4764060483480688
790.5 1.9935220115723467
791.0 1.3857262167886235
791.5 1.2038088255396628
792.0 0.5767945765893604
792.5 0.6457336948131822
793.0 1.0511989063373905
793.5 1.901540650845973
794.0 0.8686430509218179
794.5 0.8526279362804421
795.0 1.2930338014570566
795.5 0.843043454554707
796.0 1.392827508708496
796.5 1.6367737030727263
797.0 1.5311288790354065
797.5 1.0774311787797546
798.0 1.6234909112146203
798.5 1.366923058786151
799.0 1.2973903755335892
799.5 1.7066246670275276
800.0 0.7372837337381055
800.5 1.466584289853827
801.0 2.1955570347163276
801.5 1.1713018406428082
802.0 1.6143462319793294
802.5 1.191155771894831
803.0 2.491767241166369
803.5 1.7802486530092179
804.0 0.8232086612595472
804.5 1.721730629080866
805.0 1.546226735126858
805.5 0.2
806.0 1.1481228795177838
806.5 1.9361275434441811
807.0 2.9053976559807313
807.5 0.5278753703036625
808.0 2.1033787129118418
808.5 0.7819356021768327
809.0 1.2144419799755468
809.5 1.2017505633495738
810.0 1.0522876374640204
810.5 0.6897652500206958
811.0 0.6337797947669601
811.5 0.8127254293913848
812.0 0.9785044801439792
812.5 1.1683195065424998
813.0 1.3218612864484542
813.5 1.4440373165648266
814.0 0.5771874178901398
814.5 0.5809419930630577
815.0 0.7556678810965818
815.5 0.7060710865170206
816.0 0.8412872749608911
816.5 0.5584992401658404
817.0 0.7057863482265043
817.5 0.8108354114393361
818.0 0.4996522740597827
818.5 0.5354195064717988
819.0 0.5750440735116114
819.5 0.6936387214684432
820.0 0.8803426495694291
820.5 0.9373156218726262
821.0 0.7365153484215563
821.5 0.8395596718122693
822.0 0.6135553443542154
822.5 0.5866278098282376
823.0 0.506649423766951
823.5 0.8633492938331995
824.0 0.7685341628362385
824.5 0.6538948247326168
825.0 0.7776696235431326
825.5 0.6702752546446535
826.0 0.7121309028195184
826.5 0.7690833781910695
827.0 0.519737158191355
827.5 0.6871394615481914
828.0 0.85207869308721
828.5 0.6296601360246997
829.0 0.7163796037305923
829.5 0.7359684320643007
830.0 1.292349503741215
830.5 0.8906036623501752
831.0 1.0889999956740661
831.5 1.3220122173651028
832.0 2.1479324273296108
832.5 0.7705226946608958
833.0 1.503558217089716
833.5 0.47607171232153245
834.0 1.5556480084781115
834.5 1.0903333412886205
835.0 1.0792949811353827
835.5 2.251597556365953
836.0 1.304022442172416
836.5 0.7901158757801292
837.0 1.3882867438413937
837.5 0.2
838.0 2.740718952293964
838.5 1.4993640293376642
839.0 1.532316551239515
839.5 0.47460632585163176
840.0 2.388723588582799
840.5 0.7694584670484468
841.0 1.8900348232913793
841.5 2.0514973602694466
842.0 1.5399550223803704
842.5 1.5422380814592405
843.0 1.3702213433201966
843.5 1.549698690175576
844.0 0.9672616731913717
844.5 1.4029700030289571
845.0 0.9621244171893482
845.5 1.5315573722501554
846.0 0.7179321156595818
846.5 0.7876158206528594
847.0 1.8756920655702602
847.5 1.2651201413755144
848.0 1.2449985643255705
848.5 1.2367994903455586
849.0 1.3871517018776975
849.5 2.172020472644966
850.0 1.205016744646566
850.5 1.5107486407473634
851.0 1.5240449615009264
851.5 1.8536715720215402
852.0 0.9791766096054968
852.5 0.6797875833857501
853.0 1.2353278363703528
853.5 1.140948049339412
854.0 1.917438965735857
854.5 0.5949261033478687
855.0 1.9477285640374227
855.5 1.8004121398836053
856.0 1.544302215565125
856.5 1.0353784087210522
857.0 1.100310134104753
857.5 1.1529371641843817
858.0 1.6286023609646019
858.5 1.5017020234826162
859.0 0.8982767452349352
859.5 1.676903525186914
860.0 1.62812323026942
860.5 2.337913192534095
861.0 1.725397542245021
861.5 1.6151990501553586
862.0 1.810784576909339
862.5 1.1433914191848396
863.0 1.4306048344730473
863.5 1.28268041961472
864.0 1.3116736012876815
864.5 1.0889246117340765
865.0 1.5639230024849584
865.5 1.5341980110714415
866.0 1.2220497748569041
866.5 1.2745074120158335
867.0 2.0946751195072486
867.5 1.3859010788926773
868.0 1.3217735956549368
868.5 1.3261379933539175
869.0 2.103000385354187
869.5 1.170833162216297
870.0 0.42594109870983443
870.5 1.8174863550639597
871.0 1.07634715801823
871.5 1.7756867967732366
872.0 1.5761828366359643
872.5 1.4561959701949039
873.0 1.270032510927121
873.5 0.9100921044280733
874.0 3.232205936600226
874.5 1.7581463715421948
875.0 0.8237879046997504
875.5 2.1939273725971233
876.0 1.0048455361415796
876.5 1.1951680921006398
877.0 1.1689181639341903
877.5 0.8747733719089565
878.0 0.8498941336749957
878.5 1.4222660462363494
879.0 0.8716733497497301
879.5 1.7977339398961987
880.0 2.4466844834364503
880.5 1.853558082194235
881.0 1.176072538937192
881.5 0.7607028878343443
882.0 1.0120860381212247
882.5 0.9192337111539776
883.0 1.6491792584677318
883.5 1.1510940719571043
884.0 1.0586639166361387
884.5 1.8981467320344003
885.0 1.2736823868474163
885.5 1.3695683495723991
886.0 0.6522837160148639
886.5 1.9684407264328982
887.0 0.8799021558503899
887.5 1.685664980061203
888.0 1.6886661262850897
888.5 0.4289934959021152
889.0 1.7896547794364484
889.5 1.3748493231372594
890.0 1.2247995194241301
890.5 2.2634008289762484
891.0 1.011557743993715
891.5 0.40488068829243684
892.0 1.174580854443077
892.5 1.3536099621442623
893.0 1.9033951967638496
893.5 1.564469583015307
894.0 1.0827864100138833
894.5 0.9513302580334967
895.0 0.4482412489555786
895.5 1.8210598552457453
896.0 1.4901169575700313
896.5 0.6456360619847146
897.0 1.6402187149958745
897.5 1.0349433409538582
898.0 1.3437647797472363
898.5 1.3249460202221408
899.0 1.4756038046229436
899.5 0.9629699285066684
900.0 1.0094110263453229
900.5 0.6070631251315398
901.0 0.39546617770881676
901.5 2.3758693886319056
902.0 0.9377889441550185
902.5 1.4825448118515223
903.0 1.613518343791263
903.5 0.817718696268395
904.0 1.9236201441295522
904.5 1.7049150555141035
905.0 0.4158576228876243
905.5 1.5314895681245058
906.0 0.2132518601747173
906.5 1.7970810768612706
907.0 2.356115407180901
907.5 1.6908847764401997
908.0 1.6007746880867506
908.5 1.1803635844987022
909.0 1.2578101946833105
909.5 1.1209890843034929
910.0 1.6578401393546054
910.5 0.2
911.0 0.42065634130659657
911.5 1.3035970139613087
912.0 1.0242400353324002
912.5 1.3800871849565395
913.0 2.1810511190845414
913.5 1.4526514492712375
914.0 1.4742974775214823
914.5 2.0120865040004112
915.0 1.3003197221641163
915.5 1.992781201843231
916.0 2.1323925183129897
916.5 1.5783862169413427
917.0 0.7308177291497467
917.5 0.974007711022238
918.0 2.1171103346629305
918.5 1.8714021989835197
919.0 0.23720608742677185
919.5 0.79423566806726
920.0 2.3512470553574722
920.5 1.544023658831957
921.0 0.8905855132341503
921.5 2.598942141355668
922.0 0.6488018093240177
922.5 1.6808253713231691
923.0 1.2663066144292672
923.5 1.6148393649295238
924.0 0.6514446032434953
924.5 1.6000410877336981
925.0 2.1998333114789315
925.5 1.073577687258363
926.0 1.1223513841229917
926.5 1.438298506889012
927.0 0.2
927.5 1.1880612243163213
928.0 1.4067265058034164
928.5 1.1706416821545644
929.0 0.8313362134037978
929.5 0.4815082260254523
930.0 1.18341488075334
930.5 0.9024325474563939
931.0 0.6274128512757964
931.5 1.2345672426684338
932.0 1.2353940458919475
932.5 1.0357811299377209
933.0 1.3300094388891666
933.5 1.3116498730010127
934.0 1.264662481453034
934.5 1.002511402482502
935.0 1.0227215406659442
935.5 1.4265997706119842
936.0 0.6528295834397104
936.5 1.2167417041145352
937.0 1.374680178263509
937.5 0.8944921489849282
938.0 1.4453759149986936
938.5 1.0089876175191865
939.0 1.4793400880162761
939.5 1.09953978348396
940.0 0.9113383326508402
940.5 0.7565830297962612
941.0 1.044804998349676
941.5 1.157543075585208
942.0 1.3566997746742486
942.5 0.9061816583760366
943.0 1.3309693570822554
943.5 1.134764189666417
944.0 0.8449491397054381
944.5 0.9913221997219489
945.0 0.8170284543364026
945.5 1.047432597581583
946.0 0.6943301691251653
946.5 0.6833470100528238
947.0 1.1934963239652943
947.5 1.5507030452788986
948.0 1.0973739910843718
948.5 0.8700462912492126
949.0 1.2199778277329438
949.5 0.259507731559516
950.0 0.7598721314800239
950.5 1.553053736407406
951.0 1.3145184608143028
951.5 2.4442646786641475
952.0 1.44174761084684
952.5 1.3668267172666808
953.0 2.193411723064412
953.5 1.3354694071631577
954.0 1.5049122884377686
954.5 1.7251402329677445
955.0 1.8764086166684861
955.5 0.912448227833188
956.0 1.4707605024915562
956.5 1.687229878829465
957.0 1.7573567172998883
957.5 0.2
958.0 1.7935521393219167
958.5 0.9158699392489499
959.0 1.1193264146170212
959.5 1.0400260460629034
960.0 1.9718381999197527
960.5 1.438372558856696
961.0 1.1475883118179213
961.5 2.296077387527334
962.0 0.7003512082149244
962.5 0.2
963.0 1.817786064551715
963.5 1.1853236832112086
964.0 2.2754815226601517
964.5 2.041252178434852
965.0 2.4791610350385067
965.5 1.2188355728470843
966.0 1.6748811765206733
966.5 1.6064253092377592
967.0 0.2
967.5 0.6428671138332891
968.0 1.4654645978693297
968.5 2.197113968354746
969.0 0.7365407288956177
969.5 1.4155798458481161
970.0 1.2694975158085127
970.5 0.9431788123460747
971.0 1.3746491060853676
971.5 0.9461453489769933
972.0 0.6526187419099333
972.5 1.339519214476837
973.0 1.8436421618361316
973.5 1.888749243745147
974.0 0.6732336850490088
974.5 2.3318646222869743
975.0 0.2601573320336137
975.5 2.579111794781399
976.0 1.5211816425716296
976.5 1.1922964556479068
977.0 1.626087176573182
977.5 2.916266513992543
978.0 0.3315772404939561
978.5 1.2395084943514643
979.0 1.8072094287461733
979.5 0.8231577502736114
980.0 1.0137552944350918
980.5 1.0430681735689205
981.0 0.5514680900591593
981.5 0.8287617783020989
982.0 1.1764348191461718
982.5 0.6969719807812127
983.0 0.6255288436024811
983.5 0.715139288777335
984.0 0.622412370891083
984.5 0.5814078237793472
985.0 1.3180236684802473
985.5 1.633731286250268
986.0 1.1904852553949634
986.5 0.8844097870293294
987.0 0.7021801433715946
987.5 1.8578030285949882
988.0 1.5801828003435348
988.5 0.6276294933899372
989.0 0.9109458296333932
989.5 1.0744839912470745
990.0 0.5189365837711822
990.5 1.3513421574034914
991.0 0.9036655030040937
991.5 0.2609201954944106
992.0 1.229830267217244
992.5 1.0386970954625099
993.0 1.0632599958581088
993.5 0.6874875600819226
994.0 1.3869264785062985
994.5 0.7956201984223195
995.0 1.6394914153144327
995.5 0.9674223905579141
996.0 1.2562236101793562
996.5 1.0682356058445954
997.0 1.4647768002742243
997.5 0.9236910951902152
998.0 0.8622271372595467
998.5 1.0856596285797473
999.0 0.5505802024800028
999.5 0.9085682299733062
1000.0 1.399548823570506
1000.5 1.0258853143893027
1001.0 0.827666881195373
1001.5 0.41252677898164747
1002.0 0.8563414213823953
1002.5 0.7308554293302321
1003.0 0.6732858323121109
1003.5 0.6320663346758653
1004.0 0.7843771691806262
1004.5 0.607398265269325
1005.0 1.111970723115968
1005.5 0.8803858830253158
1006.0 1.0909589068392593
1006.5 1.0380118900157336
1007.0 0.9422157058174527
1007.5 0.5081067729691597
1008.0 0.6699293809958831
1008.5 1.073037924211095
1009.0 0.656940355387039
1009.5 2.208060639113011
1010.0 1.3339077380650801
1010.5 0.7832466583151261
1011.0 0.7773986389762207
1011.5 1.409182064526047
1012.0 2.2390566108857324
1012.5 0.8614529806456088
1013.0 1.4370092230679377
1013.5 1.420694396743989
1014.0 2.2422265261282712
1014.5 0.48873907351650714
1015.0 0.8981724055464415
1015.5 0.7426573509684845
1016.0 1.528297685242934
1016.5 1.2979719850833016
1017.0 1.1096828399877428
1017.5 1.1229631426650477
1018.0 1.5859641930031136
1018.5 1.2944305751686793
1019.0 2.526335790715776
1019.5 1.6954903610139993
1020.0 1.386213937300004
1020.5 1.5207875833175524
1021.0 2.0116370738739944
1021.5 0.5590622730070536
1022.0 1.5184946209694714
1022.5 1.1683821062165851
1023.0 0.9166454282816243
1023.5 1.5706379342455121
1024.0 1.5486654704008151
1024.5 0.8137063466087145
1025.0 0.97883562536302
1025.5 0.8230529177892438
1026.0 0.8892530909334285
1026.5 0.7423301856628814
1027.0 1.0568401066987878
1027.5 1.1169363045136855
1028.0 0.9267860376820269
1028.5 1.3498119306095955
1029.0 1.00918704419657
1029.5 0.7806409759019232
1030.0 0.8508295159486242
1030.5 0.929746888350296
1031.0 0.6839131206321898
1031.5 0.9980459390856432
1032.0 0.8597830104067931
1032.5 0.6988866252985249
1033.0 0.899573566732569
1033.5 0.6701581932044577
1034.0 0.9608988598648128
1034.5 0.9019352412100963
1035.0 1.0191192913584928
1035.5 0.4413463650965034
1036.0 0.646152403953549
1036.5 1.1424159626324273
1037.0 0.6956788910812526
1037.5 0.7649092244780451
1038.0 0.6915109656442935
1038.5 0.7340156849034268
1039.0 0.6761828587074405
1039.5 0.9618024521173164
1040.0 0.8216608771782546
1040.5 0.8111506609967312
1041.0 1.001476557723142
1041.5 0.7319119849073172
1042.0 0.6867938804028093
1042.5 1.055543514237391
1043.0 0.904069140819877
1043.5 0.5838414107886567
1044.0 0.800346368169762
1044.5 2.138230558518088
1045.0 1.2071512356966456
1045.5 1.0040645195962283
1046.0 1.8071374496100856
1046.5 1.5088763093946702
1047.0 0.8997636772517317
1047.5 1.3120756525803228
1048.0 1.0636607265912117
1048.5 1.5393459729870949
1049.0 0.8131511354419609
1049.5 2.221184460586027
1050.0 1.23803589188105
1050.5 1.277117569242301
1051.0 0.6323813659127853
1051.5 0.526212861616855
1052.0 0.9059457900235028
1052.5 1.1371010764951266
1053.0 1.5617679989495057
1053.5 1.9119769605647612
1054.0 1.800998315964586
1054.5 1.1433251828629423
1055.0 0.9846676128885739
1055.5 0.7173171684018107
1056.0 0.9209245098145336
1056.5 0.8047428864188981
1057.0 0.8607780864239797
1057.5 0.6601647105995799
1058.0 1.027202629203963
1058.5 0.9996025511088329
1059.0 0.9059469061334195
1059.5 0.9662031476834358
1060.0 0.6460553612638175
1060.5 0.8701902658676329
1061.0 0.5674907608918225
1061.5 0.9362897083441752
1062.0 0.7128844536273111
1062.5 0.7330317988849315
1063.0 0.8220945171754775
1063.5 0.6850790684622827
1064.0 1.1730989680644774
1064.5 0.9401396117325983
1065.0 0.21020412107484576
1065.5 0.7606055277778029
1066.0 0.6993142138739226
1066.5 0.9315353842853866
1067.0 0.6768829763266698
1067.5 0.8219982377443131
1068.0 0.6795634770216852
1068.5 0.6127814967797373
1069.0 0.5801749546326891
1069.5 0.5799814581283624
1070.0 0.9658766982423034
1070.5 0.5648279830940458
1071.0 0.864528841549507
1071.5 0.8280497120496833
1072.0 1.1289768072302249
1072.5 1.028900019512693
1073.0 0.8922227387448479
1073.5 0.721605634398951
1074.0 0.8357426052277915
1074.5 0.756758149254755
1075.0 1.1850487645850891
1075.5 0.8490814378974436
1076.0 0.9373471912382897
1076.5 0.632797195634771
1077.0 0.6066228936640903
1077.5 0.5376254269582804
1078.0 0.6404390925231245
1078.5 0.7102016975037053
1079.0 0.8097254387332633
1079.5 0.6940199332753347
1080.0 0.7202925029485496
1080.5 0.7225234469706734
1081.0 0.686123655199486
1081.5 0.47630766912757244
1082.0 1.7206599653191408
1082.5 1.5811750590049973
1083.0 1.1428989174417379
1083.5 1.1849485071436825
1084.0 0.32326830482307223
1084.5 1.3146987192595458
1085.0 0.7989645439873924
1085.5 1.0047381383579181
1086.0 0.9142723028717681
1086.5 1.8830018586052182
1087.0 1.0534537840398412
1087.5 1.0701375111693465
1088.0 1.2951270896645861
1088.5 0.6551918774588408
1089.0 1.3337341805389555
1089.5 1.470226887650799
1090.0 2.0509079007104525
1090.5 1.9506610084844622
1091.0 1.4331642306551664
1091.5 1.1891933506285983
1092.0 1.1084136387848038
1092.5 1.051401981050061
1093.0 0.9607729203621898
1093.5 1.297620254722962
1094.0 1.8685101943763978
1094.5 1.539078627702152
1095.0 0.8708376404110055
1095.5 1.1422505001196153
1096.0 1.3525860092405777
1096.5 0.7866663302868009
1097.0 1.6145967203581735
1097.5 1.0988962463954617
1098.0 0.7371135410824228
1098.5 1.1363071578647426
1099.0 0.9253891325476051
1099.5 0.8554194677024521
1100.0 1.065477266679419
1100.5 1.7561243904885329
1101.0 2.0936536184263232
1101.5 1.8111937255012136
1102.0 1.025598950580358
1102.5 1.2516991100600354
1103.0 0.6666047602918694
1103.5 0.5330603223640691
1104.0 0.9378035805338333
1104.5 0.6717244876042179
1105.0 0.863915990642995
1105.5 0.9633828885443281
1106.0 0.9247008466205969
1106.5 0.6669182899351842
1107.0 0.8159712142502692
1107.5 0.6813302443587393
1108.0 0.6813335966570121
1108.5 0.6533098336130871
1109.0 1.3818750026760185
1109.5 1.4349956927538186
1110.0 0.9991947033009314
1110.5 1.0402438329476669
1111.0 1.0040772591926819
1111.5 1.1779708559673296
1112.0 0.8190294936815199
1112.5 1.7714397226744008
1113.0 1.003692832495274
1113.5 1.086511283172152
1114.0 1.712597400640332
1114.5 0.5594973594733953
1115.0 0.8831296494496328
1115.5 0.6768408618127304
1116.0 1.4394839980469407
1116.5 0.9624705379546485
1117.0 0.8796426534554929
1117.5 1.382416707653232
1118.0 1.1096427722350979
1118.5 1.352545342397963
1119.0 0.947850978839434
1119.5 0.6969901297596384
1120.0 1.3733329916765808
1120.5 1.49413833497765
1121.0 1.1318388981323722
1121.5 1.4525061995617947
1122.0 1.8407655461072108
1122.5 1.0745219751417718
1123.0 1.7063978188121283
1123.5 1.4640917508587277
1124.0 1.852462546140466
1124.5 1.2326407741519647
1125.0 1.7579650567321634
1125.5 0.6374839026971777
1126.0 1.390990192862243
1126.5 1.044611476952043
1127.0 1.254803760264839
1127.5 0.8173261485019083
1128.0 0.5768251657966378
1128.5 2.1500328510962095
1129.0 1.3884465126899506
1129.5 1.1613580879986303
1130.0 0.8972993503604041
1130.5 1.1787536198307849
1131.0 0.748554522928633
1131.5 0.2971110249671035
1132.0 1.271780918829004
1132.5 1.8435786624762631
1133.0 1.3126002638713734
1133.5 1.2072343941643946
1134.0 0.822851529634169
1134.5 1.62149357440537
1135.0 0.9332191755502475
1135.5 0.9092755736855852
1136.0 0.2
1136.5 1.0098257953017498
1137.0 2.6647520702660197
1137.5 1.248716409169721
1138.0 1.670154087859915
1138.5 1.365277349236841
1139.0 2.2750238572587222
1139.5 1.4094212377301518
1140.0 1.6908687943788032
1140.5 0.6358261555271771
1141.0 1.1821635986959154
1141.5 0.9181331802600811
1142.0 1.297351626189419
1142.5 1.6718127827250635
1143.0 2.1431760030753937
1143.5 1.287461287683517
1144.0 2.453751910277517
1144.5 1.6873011473941428
1145.0 2.109829737688122
1145.5 2.0872737657841256
1146.0 0.5954492395682853
1146.5 2.0755735918233915
1147.0 1.145410621608204
1147.5 3.0131556747737807
1148.0 1.7047940947120432
1148.5 2.5999443122428683
1149.0 1.9631430933037408
1149.5 1.3397548402737072
1150.0 0.8006142357172624
1150.5 0.39635044131974584
1151.0 0.2
1151.5 1.5220001591337156
1152.0 3.151169358390477
1152.5 0.6703797086293497
1153.0 2.5445307964057244
1153.5 1.1972137494928072
1154.0 1.698971000142906
1154.5 1.8706331806933412
1155.0 1.9910427214053752
1155.5 1.5917833681206428
1156.0 1.9908756034266584
1156.5 0.2
1157.0 0.2
1157.5 1.3851825643887155
1158.0 1.1208644905079144
1158.5 1.97646213617531
1159.0 1.0953763202834397
1159.5 1.6892746131764746
1160.0 2.307405935335554
1160.5 2.0481951850054476
1161.0 1.699413762647076
1161.5 1.8178442306326112
1162.0 1.9299799859971687
1162.5 1.251957528732847
1163.0 1.3970920275086325
1163.5 1.1895493279428724
1164.0 2.1555955573046948
1164.5 0.9170180566258901
1165.0 0.8169784388825715
1165.5 0.9350422636343361
1166.0 0.8624934077581395
1166.5 0.5184819666214038
1167.0 3.12529231761371
1167.5 1.2025648243816147
1168.0 0.556573749918902
1168.5 0.6086174098073658
1169.0 1.3797831784727692
1169.5 1.0816132337059772
1170.0 0.8534122443773146
1170.5 0.5728284450963498
1171.0 1.2759916756280136
1171.5 0.9050243680229653
1172.0 0.8124093712611407
1172.5 1.13628146900311
1173.0 1.2067868299352558
1173.5 0.5017198004745874
1174.0 0.4308935245834038
1174.5 0.2969141983146171
1175.0 0.8490068599108651
1175.5 1.8652348799888672
1176.0 1.5200806208041506
1176.5 1.4213339531385174
1177.0 0.6336888141566579
1177.5 0.7934476063408804
1178.0 1.0468134036069858
1178.5 0.7826682592360452
1179.0 0.8900630669494642
1179.5 1.5757564175448353
1180.0 1.4003748643382121
1180.5 1.3330734411985192
1181.0 0.7756410186716196
1181.5 0.42637812645122986
1182.0 0.5290686006061871
1182.5 1.0777118711685654
1183.0 0.7372057861543626
1183.5 0.9540689766125325
1184.0 0.7906322031299715
1184.5 1.785189186110753
1185.0 0.8301144433396466
1185.5 1.0841010248165415
1186.0 1.2333674171729547
1186.5 0.9289862530969663
1187.0 1.5173936448334564
1187.5 1.1285417197076597
1188.0 1.4327564738735319
1188.5 1.3829728518520987
1189.0 0.8826570991458573
1189.5 1.0280053118986479
1190.0 0.5020321671477322
1190.5 1.400283262656726
1191.0 0.5704516142460219
1191.5 1.5305100114150711
1192.0 1.2364034846627805
1192.5 3.048514416421971
1193.0 1.1185202373739906
1193.5 1.819979819443356
1194.0 2.023613061501055
1194.5 1.9747696500613985
1195.0 3.5588349072576233
1195.5 0.8241939206359868
1196.0 1.867430571136379
1196.5 1.9322105281047641
1197.0 1.465322124950494
1197.5 1.6649257872356957
1198.0 1.110770698615954
1198.5 1.650115450291647
1199.0 1.8667190030460308
1199.5 2.860558645879566
1200.0 1.9797131049176793
1200.5 1.5389515410613963
1201.0 1.4249717592624078
1201.5 1.6369028281957558
1202.0 0.3969439156593002
1202.5 2.182714408881413
1203.0 2.749920633981047
1203.5 2.8803884038287975
1204.0 0.4961586921645398
1204.5 1.7496461582758023
1205.0 0.9764235333120199
1205.5 2.063476115075556
1206.0 2.611465825328313
1206.5 0.806923446979412
1207.0 2.01006792175846
1207.5 1.6658422687855337
1208.0 1.608624745094795
1208.5 1.4291537793760596
1209.0 0.7425866695044563
1209.5 1.3413941566892622
1210.0 1.0742962502024882
1210.5 1.308822063737117
1211.0 1.3443375213261173
1211.5 1.086437168044811
1212.0 0.829691632262668
1212.5 0.9684376051847603
1213.0 0.940244560634165
1213.5 1.084817115145611
1214.0 1.0272962509205943
1214.5 1.0756776618319375
1215.0 0.8705005374504198
1215.5 0.521404306961988
1216.0 0.6690763174655798
1216.5 0.6551750435594436
1217.0 1.0813983777948075
1217.5 0.4764014869169088
1218.0 1.3412200071701925
1218.5 0.6997940281722999
1219.0 1.0837818907445866
1219.5 0.8086531588211169
1220.0 0.671357330837546
1220.5 1.131636059601518
1221.0 0.7522725198669575
1221.5 0.7730293169811036
1222.0 0.7166625992632534
1222.5 1.3493768732622327
1223.0 0.9858152926333132
1223.5 1.160517101282744
1224.0 0.9566462552723098
1224.5 0.9456839393095784
1225.0 1.0448068554699406
1225.5 0.6068331777580138
1226.0 1.1892776742131677
1226.5 1.1015751786876482
1227.0 0.8434149178257834
1227.5 1.7221513847533945
1228.0 0.790007986249106
1228.5 1.6657500479324077
1229.0 1.1936945438042872
1229.5 1.7636374794511944
1230.0 1.837579533692645
1230.5 2.23626009116474
1231.0 1.248205940920692
1231.5 0.7521897938831442
1232.0 0.7461777281666602
1232.5 1.4397312391851274
1233.0 1.4591690925449892
1233.5 0.6246887281831709
1234.0 1.2443300376534976
1234.5 0.9798300558944245
1235.0 1.5802730351548666
1235.5 1.311778842474679
1236.0 1.0501750935580412
1236.5 0.2776978198821267
1237.0 1.6542349474067781
1237.5 1.4137500305265225
1238.0 1.12385546278661
1238.5 1.3080571492149635
1239.0 0.5215433091582492
1239.5 1.6877077963711473
1240.0 1.6545448403931773
1240.5 2.0195931214014604
1241.0 1.2875135475575472
1241.5 1.4352608730293541
1242.0 1.9466587510914368
1242.5 0.8769274614736687
1243.0 1.3804410960421598
1243.5 1.4866953260994666
1244.0 1.4397053075016912
1244.5 1.309509019804893
1245.0 1.0106163221025735
1245.5 0.8593772788011589
1246.0 0.8491324661461265
1246.5 0.9800515416039899
1247.0 0.7995869702818561
1247.5 0.9174115918013694
1248.0 0.6232130224825463
1248.5 1.1157169637818962
1249.0 0.9850514906967229
1249.5 1.405780127510132
1250.0 0.28953512000958853
1250.5 1.614896096543646
1251.0 0.8050333923878885
1251.5 0.43793586950338054
1252.0 0.7153786547118125
1252.5 1.254608451773243
1253.0 1.4725044300954984
1253.5 0.8283169029603727
1254.0 0.47847123347646503
1254.5 0.7635298596449198
1255.0 1.3360166124806656
1255.5 0.8239715278708575
1256.0 0.8115873171119294
1256.5 1.1643872251469403
1257.0 0.8687322875853596
1257.5 0.5716705986533104
1258.0 0.6836990353680046
1258.5 1.1117211006527388
1259.0 2.522270038866641
1259.5 1.3776622585951899
1260.0 2.2047243338318143
1260.5 1.565983105725221
1261.0 0.8659189825305115
1261.5 0.8556639112727009
1262.0 0.39908068198697444
1262.5 1.6436164607163994
1263.0 1.2005352930357012
1263.5 0.29089673910686653
1264.0 1.0793914333575476
1264.5 2.340846197418415
1265.0 1.3651997275620975
1265.5 1.1257238301522672
1266.0 1.4251876506173835
1266.5 1.9728563788492517
1267.0 1.850388857314263
1267.5 1.2621209725219305
1268.0 2.1647307772640123
1268.5 1.317345819521838
1269.0 2.3239877892850567
1269.5 2.4677494528883432
1270.0 1.6673107832719787
1270.5 1.6533896418844352
1271.0 1.1024371429659867
1271.5 2.1498135950951474
1272.0 1.7788216485336452
1272.5 1.3891800005553177
1273.0 1.7994611992170124
1273.5 2.5151331142753035
1274.0 1.7720500746437142
1274.5 2.6459457267873425
1275.0 1.6515924691087953
1275.5 1.2726459973503788
1276.0 2.1579509626295437
1276.5 1.6672819873408709
1277.0 1.76894230323669
1277.5 1.8451507325092262
1278.0 0.2
1278.5 1.7894873835075593
1279.0 0.9790627231458203
1279.5 1.6917375120987599
1280.0 1.172246535922284
1280.5 1.3686810237196958
1281.0 2.0338773121255747
1281.5 1.2317191108223149
1282.0 1.7591135722177431
1282.5 1.1992726665610474
1283.0 2.188379028115721
1283.5 1.521639616777652
1284.0 1.2136440662121744
1284.5 0.4736408532990759
1285.0 0.5013462312408816
1285.5 1.470570294780285
1286.0 1.2534833552516598
1286.5 1.3377020562522444
1287.0 1.221774054938185
1287.5 2.0274422231598104
1288.0 1.0803380041455188
1288.5 2.2428426976926175
1289.0 2.0157853952631273
1289.5 1.8465735741466163
1290.0 1.418163912443188
1290.5 1.2873539507323373
1291.0 1.2951329390833886
1291.5 1.4423144964764922
1292.0 0.2586827771148179
1292.5 1.6928726177463815
1293.0 0.2056074529571894
1293.5 1.625205963453602
1294.0 1.3117145501218908
1294.5 1.3936019476801813
1295.0 0.7955648636455165
1295.5 1.986015358952049
1296.0 1.490271812907077
1296.5 1.6215540612388657
1297.0 0.6816886427624731
1297.5 0.9238893535838387
1298.0 1.2011037779593212
1298.5 1.1858144792822976
1299.0 1.464459065557861
1299.5 0.9228966550834958
1300.0 1.3251995687407352
1300.5 0.6622674604434191
1301.0 1.2961556289119485
1301.5 0.8729728933694378
1302.0 1.109926082605642
1302.5 0.8010090317269346
1303.0 0.4145764093480353
1303.5 0.9229799760414277
1304.0 1.5388415112297458
1304.5 1.1053002613812264
1305.0 0.9792563612030973
1305.5 0.6427843452391625
1306.0 0.9218370685392121
1306.5 1.1520526284587795
1307.0 1.2963432846752094
1307.5 1.3633177340753893
1308.0 1.0074487532868868
1308.5 0.8874638775878819
1309.0 0.8951586177406384
1309.5 1.8667664835973325
1310.0 0.8616400322412596
1310.5 0.8359391000127798
1311.0 0.9350642152613189
1311.5 1.6380116429986007
1312.0 1.0925275581526936
1312.5 0.3985174906139336
1313.0 0.9111878270701934
1313.5 1.317588883079289
1314.0 1.232949327458908
1314.5 1.0370027366266181
1315.0 1.4207591790949063
1315.5 1.6206812484977866
1316.0 0.9715640711302288
1316.5 1.0787296518038487
1317.0 1.5512678209619524
1317.5 0.9487957882960572
1318.0 1.3243499606982794
1318.5 0.7162227814983201
1319.0 1.296653044517854
1319.5 2.0279515238347705
1320.0 1.8307001281891726
1320.5 1.6917996536618554
1321.0 0.4739058261425002
1321.5 1.820846300611866
1322.0 0.854326762282259
1322.5 1.239299672234272
1323.0 1.8250799162407856
1323.5 0.6041328069213703
1324.0 0.45466426766131696
1324.5 0.9525573164254852
1325.0 1.8168608917375488
1325.5 0.7266389745183842
1326.0 0.889842324250682
1326.5 1.6992223878968482
1327.0 2.305248127314864
1327.5 1.5794709323677076
1328.0 1.4085199651326512
1328.5 0.3491622592704453
1329.0 0.9606800877683023
1329.5 2.2248614172812813
1330.0 1.8131822229886767
1330.5 1.2108647131997405
1331.0 0.72028956894951
1331.5 2.133551898325848
1332.0 1.4523080253360792
1332.5 0.9055908009491969
1333.0 2.502097158945552
1333.5 0.6324004850359707
1334.0 1.2257569655501477
1334.5 1.6492436751146327
1335.0 1.5624181498173986
1335.5 1.6750074509500001
1336.0 1.838016692695473
1336.5 2.293417829558001
1337.0 1.6892912388714292
1337.5 0.9439536393008581
1338.0 1.2199429121074137
1338.5 2.190166939642435
1339.0 0.8320960740156402
1339.5 0.8903720290669097
1340.0 1.7997919938497777
1340.5 1.7363001231176232
1341.0 1.0589009622558212
1341.5 1.122150916884039
1342.0 2.1699584259462243
1342.5 1.4052375371775074
1343.0 1.017073442927111
1343.5 2.1024748122308505
1344.0 0.6282417944366665
1344.5 2.211270178446368
1345.0 1.6544667867894716
1345.5 2.3532892965340753
1346.0 1.4588360118658954
1346.5 1.4155867584151114
1347.0 0.31856293299327554
1347.5 1.091467746922518
1348.0 1.3588428035504447
1348.5 2.1217266416692153
1349.0 0.5785423586774001
1349.5 1.7221746789412067
1350.0 2.0021061886394333
1350.5 2.3000313018240686
1351.0 2.0629848381888656
1351.5 0.2
1352.0 1.5519627193093393
1352.5 1.1538718069442466
1353.0 2.8774619061063875
1353.5 1.2736379346771423
1354.0 0.7251037681507758
1354.5 1.6427369396998148
1355.0 2.1776773374950302
1355.5 1.9509921068843223
1356.0 0.8780908030567259
1356.5 1.195761433177704
1357.0 2.1183510551310243
1357.5 1.9021316452941996
1358.0 1.1649298639077024
1358.5 1.5220822669351117
1359.0 1.988555842648135
1359.5 2.200244838227726
1360.0 1.9707416925814443
1360.5 0.7774114495113945
1361.0 2.1790491942488264
1361.5 1.4611300237046223
1362.0 0.8626312327935147
1362.5 1.5870865399298097
1363.0 1.387708460076449
1363.5 0.943124760805357
1364.0 1.1949428143230336
1364.5 1.0609155171569582
1365.0 1.8605466879663453
1365.5 0.6216103026873724
1366.0 1.2880429395492798
1366.5 2.63464405861658
1367.0 0.8565790012372247
1367.5 1.2522332272491679
1368.0 0.6703374542606086
1368.5 1.781447908732953
1369.0 0.9958614380340716
1369.5 0.8309229075053157
1370.0 0.8797210638155507
1370.5 0.5665127466655675
1371.0 0.5996766364672301
1371.5 0.8055748983497076
1372.0 1.0824768288299518
1372.5 1.2772038740050418
1373.0 1.6908175529171703
1373.5 1.020785070831248
1374.0 1.5568300162554958
1374.5 0.9113977536064386
1375.0 0.8442403941271202
1375.5 1.389493400602548
1376.0 0.9275625591997128
1376.5 0.6994033740330712
1377.0 1.0123323827522135
1377.5 1.1756773516597905
1378.0 0.5641331352908382
1378.5 1.3180343271658954
1379.0 1.5015101031188967
1379.5 2.190189409467255
1380.0 1.1673460813272456
1380.5 1.3071586062170117
1381.0 1.4573982082548218
1381.5 0.9968895226662078
1382.0 1.8646403488273615
1382.5 1.0751732408265844
1383.0 1.330132211499258
1383.5 1.7564250621406603
1384.0 0.39794294634561234
1384.5 2.57520066927815
1385.0 1.629947641603655
1385.5 1.444372051428466
1386.0 1.4233848672024092
1386.5 1.146605566155793
1387.0 1.5114794272870151
1387.5 1.4629520897398414
1388.0 2.4447882815296667
1388.5 1.9653282406781858
1389.0 0.9474931157777422
1389.5 2.0222986467333754
1390.0 1.522109685228597
1390.5 0.7496163304484468
1391.0 2.3598105674133785
1391.5 2.0754733479932885
1392.0 1.935533351612282
1392.5 1.772258902302171
1393.0 1.31672816686683
1393.5 1.1506560175020621
1394.0 0.9946253459488902
1394.5 2.1069503708907362
1395.0 1.0943968919710827
1395.5 1.7931015751448403
1396.0 0.5186537394295571
1396.5 2.044608846477338
1397.0 2.4822470602971847
1397.5 0.6303628490454645
1398.0 1.3410881187771642
1398.5 0.39768621367563706
1399.0 1.344051360176859
1399.5 1.4512525225166542
1400.0 1.4394319819177737
1400.5 0.859228198086381
1401.0 0.6492224171271623
1401.5 1.0557508979731347
1402.0 1.4664890397576853
1402.5 1.0745745168951282
1403.0 2.3602487315754512
1403.5 1.1147247236061488
1404.0 0.36386485181603856
1404.5 1.621265249996994
1405.0 1.8366158793755325
1405.5 1.6926094359651636
1406.0 2.0425432055871475
1406.5 1.3601389541929358
1407.0 1.102799687245084
1407.5 1.4964132188378443
1408.0 0.2
1408.5 0.9076887689951996
1409.0 1.17709758308439
1409.5 1.2452931102169054
1410.0 2.558882848429877
1410.5 1.6181577209606666
1411.0 1.539842617732243
1411.5 0.3443027031337691
1412.0 1.2009784968924604
1412.5 1.3790034197338699
1413.0 0.8268835769938873
1413.5 1.5816377276027909
1414.0 0.9206741263599281
1414.5 1.6597635825535433
1415.0 1.2812349585552067
1415.5 1.3342478191225686
1416.0 0.921443939506442
1416.5 0.9654086500120456
1417.0 1.5326293857621347
1417.5 0.47350297290566945
1418.0 1.83933842601781
1418.5 1.321985956222127
1419.0 1.2296967042391629
1419.5 0.9060341636412145
1420.0 0.9995418159541573
1420.5 0.4796903235550525
1421.0 2.1318128493068933
1421.5 1.872778876997454
1422.0 1.7285627012324953
1422.5 2.3077491482745307
1423.0 1.703144264331621
1423.5 3.2249584506872124
1424.0 1.3680286218251414
1424.5 1.8753689174936505
1425.0 1.5906347017747602
1425.5 2.2596238845537036
1426.0 2.2968342274410487
1426.5 0.9502421738559529
1427.0 1.4788347436418785
1427.5 2.286898091608358
1428.0 2.1478719994817808
1428.5 0.94928435824041
1429.0 0.7129012792739822
1429.5 1.026271695742099
1430.0 0.943837644556718
1430.5 1.0131883195047693
1431.0 1.0198532875344917
1431.5 0.805138659111432
1432.0 1.1428822205331766
1432.5 1.0007530750051745
1433.0 0.6394377664650569
1433.5 1.3049469158131342
1434.0 0.9417048788788875
1434.5 1.2515610731198805
1435.0 1.624657000739394
1435.5 1.123260027669778
1436.0 1.4522237226245762
1436.5 1.3173367864049976
1437.0 1.112284590312125
1437.5 0.9917553650179766
1438.0 1.4280700877428654
1438.5 1.5349830388318586
1439.0 1.1116919049934406
