0 1.4851923225721115
0.5 1.3098622892846907
1.0 0.2390843626167769
1.5 0.20309585573900235
2.0 1.3245695641282813
2.5 1.8874125906852117
3.0 0.945798884122331
3.5 1.2443918549232071
4.0 1.4784825280895435
4.5 1.666324740609101
5.0 1.8558431195953986
5.5 1.2223001913707943
6.0 1.5727785768546763
6.5 1.3889274704984338
7.0 1.8008806765188592
7.5 1.0994061439748772
8.0 2.1192295574721456
8.5 0.5943055492862074
9.0 1.2328251337871161
9.5 1.3881069576206697
10.0 0.9184635534083165
10.5 1.7272572296699795
11.0 1.8276275518905845
11.5 0.7899020556635772
12.0 1.2377985166987742
12.5 0.9385262389830884
13.0 1.5334694166421414
13.5 0.8167133246454391
14.0 1.7291879974012565
14.5 1.372151177610664
15.0 1.356033702314898
15.5 0.7410438524983756
16.0 1.448725544067134
16.5 1.643868010286682
17.0 1.3644743454853385
17.5 0.2
18.0 1.2748254269788144
18.5 2.110346861737982
19.0 2.337255654379197
19.5 0.6965152170145457
20.0 1.5140624120626882
20.5 1.5623530427226133
21.0 1.6988435344437918
21.5 1.4086234998975136
22.0 1.4340615320533319
22.5 1.4687790140590355
23.0 1.3957448890455535
23.5 0.6641405558194808
24.0 1.8700144444258906
24.5 2.2771059222684933
25.0 1.0402226573091262
25.5 1.8190074110110883
26.0 1.1392096201738142
26.5 0.8745004909116241
27.0 1.1250058364329023
27.5 1.9345140749639025
28.0 2.02643311767861
28.5 1.13212732149343
29.0 1.3546251090179553
29.5 1.2171530555175634
30.0 1.782057424897717
30.5 0.5992954208259395
31.0 1.4737871092742818
31.5 1.6915513140436134
32.0 0.852739944966682
32.5 1.018607239444754
33.0 0.6597417351801091
33.5 0.846107090850889
34.0 0.6697076705586176
34.5 0.6219261032795762
35.0 0.9889581489143754
35.5 0.6356585801875352
36.0 1.0047384735858642
36.5 0.7916276414488956
37.0 1.2057319580222674
37.5 0.568753165777301
38.0 0.7409521862411393
38.5 0.6547731002726933
39.0 0.8227778786131251
39.5 0.6048409057600208
40.0 0.8515029437762062
40.5 0.5302445214013243
41.0 0.4759093654820905
41.5 1.0823389840776454
42.0 0.8917034949892326
42.5 0.7931545044565083
43.0 0.9273838064100912
43.5 0.47362867899210453
44.0 0.9095654199154658
44.5 1.154374584132005
45.0 0.6901215448706168
45.5 0.6847211452974342
46.0 0.4488171933558881
46.5 0.8033124798603974
47.0 0.900226602704735
47.5 0.988913353495254
48.0 1.1002705027009256
48.5 0.8370829522669677
49.0 0.6346607414868088
49.5 0.5381810596333348
50.0 0.7963316340929918
50.5 0.8273959897175198
51.0 0.593451104132229
51.5 1.1579133404485649
52.0 0.7297465712635547
52.5 0.7669316210373511
53.0 0.8967432327951605
53.5 0.6496002069009762
54.0 1.094506262209722
54.5 0.7971300494263032
55.0 1.0703216929855464
55.5 1.0617590088504039
56.0 1.131076285940621
56.5 1.5464138991886995
57.0 0.7614799951148403
57.5 0.6048624516498692
58.0 0.9356647713885138
58.5 1.3880843252027328
59.0 1.0669607809130366
59.5 1.0047875464596128
60.0 0.7000353916131774
60.5 0.9807410435461914
61.0 0.7052976310871797
61.5 0.8915528493349725
62.0 0.810418917162966
62.5 1.2598147516676343
63.0 0.6399945266119901
63.5 0.9051443256117905
64.0 1.096460099943925
64.5 1.0902430697539338
65.0 1.3036442647361413
65.5 0.47090756969101366
66.0 1.382281893653547
66.5 1.5341844451509827
67.0 1.2313837388520554
67.5 1.172556887959958
68.0 1.2423400041291348
68.5 0.7039763772363602
69.0 1.2276709806039068
69.5 0.6788090769037592
70.0 1.0623171782175898
70.5 1.6835131448250529
71.0 1.1332557620453203
71.5 1.2200272044953773
72.0 0.5988244485978051
72.5 0.5709847156458723
73.0 0.5834723010025287
73.5 0.9790564530712653
74.0 0.7220207010935284
74.5 0.625923736108202
75.0 0.7178880156827985
75.5 0.6774336100128114
76.0 0.9577642409139571
76.5 0.5856499149119669
77.0 0.9087862239702454
77.5 0.8059529265195899
78.0 0.6456697457118924
78.5 0.8721457031832254
79.0 0.46257625432927924
79.5 0.9007680111560391
80.0 0.9382423733498361
80.5 1.1075089809163972
81.0 0.6983017308450884
81.5 0.6696436451570726
82.0 0.7885156529469456
82.5 0.6926633002207566
83.0 0.5504287750663729
83.5 0.8603263700469802
84.0 0.782497383988934
84.5 0.9544858353429082
85.0 0.9156212158692181
85.5 1.1728022140219478
86.0 1.0493861213680957
86.5 0.9671129717334234
87.0 0.6937673510767074
87.5 0.9473299721375884
88.0 0.41849303148781136
88.5 1.218352461166797
89.0 1.012714781964382
89.5 0.8406603139126755
90.0 2.848921345050102
90.5 2.3867348508332817
91.0 1.4626502539944959
91.5 1.0437432080567812
92.0 0.4906327127086898
92.5 0.6160824358060975
93.0 2.2003604502035894
93.5 1.5998554613990565
94.0 1.3665309595798827
94.5 2.6855020735093333
95.0 1.2105287973021754
95.5 1.4182204598300951
96.0 1.990071415578726
96.5 1.0270958048080865
97.0 2.048048108661196
97.5 2.799817094482513
98.0 0.9305222886570027
98.5 0.5156491370824521
99.0 1.8441946678512733
99.5 2.1521719203272194
100.0 1.3005051304301307
100.5 2.6250301187307423
101.0 2.3598591557467663
101.5 0.9350046674417513
102.0 1.6067731144449353
102.5 1.919581134823741
103.0 0.7154012095860032
103.5 1.3305131138080974
104.0 2.3098892896483845
104.5 1.0266604816057128
105.0 1.5514166514038876
105.5 1.4466961614210194
106.0 1.9066333289153417
106.5 1.4327661200568484
107.0 2.191825405316985
107.5 0.7523523135954464
108.0 1.0632699397181087
108.5 1.8532144391665946
109.0 1.7945427816052573
109.5 1.0171858320191376
110.0 0.715763169283576
110.5 1.3734617662460686
111.0 1.4751795873825078
111.5 0.6780463459925824
112.0 0.5855413732400704
112.5 1.6814449274062637
113.0 0.9958085182171132
113.5 0.7685067192873491
114.0 1.515835316726537
114.5 1.4024651755706203
115.0 0.48072827210843616
115.5 0.7904366619823819
116.0 1.0012347965914443
116.5 0.6877161415800734
117.0 0.9631508561571802
117.5 0.7467278389312793
118.0 0.7491923332188306
118.5 1.8513168544811565
119.0 0.7592176808314535
119.5 2.0278728928345418
120.0 0.8355785086025682
120.5 1.9431686764775251
121.0 0.6484934834086573
121.5 1.043985284295002
122.0 1.6168472728081817
122.5 1.4425476966885082
123.0 1.6085750133036887
123.5 0.9954117415186685
124.0 0.31306190642783704
124.5 1.9476862758092772
125.0 2.424116795409218
125.5 1.4855923125631034
126.0 1.9874453461537425
126.5 0.646345422900227
127.0 1.7072836346844553
127.5 1.4589179007505253
128.0 0.23660280597135808
128.5 2.7014968032771702
129.0 1.7804909726348346
129.5 0.8369830037844745
130.0 1.88659736240702
130.5 1.8853016157678515
131.0 1.608655675381741
131.5 1.4894344051787929
132.0 1.6645917898979241
132.5 1.6943373391525034
133.0 1.1025577830564242
133.5 0.6557838240628917
134.0 1.7213660611326105
134.5 0.6394079348024193
135.0 0.6164291776452903
135.5 0.8520461802974889
136.0 0.6651700169052644
136.5 2.2958366893604825
137.0 1.0691706789689852
137.5 2.322255327916256
138.0 1.6843979754457723
138.5 2.5406221732036816
139.0 0.9042681160185417
139.5 1.521362492156236
140.0 1.318227231291416
140.5 1.5647358731706769
141.0 1.951199782594575
141.5 0.9327253644479957
142.0 2.226690498885777
142.5 0.6387217071270098
143.0 3.225387535134799
143.5 1.9178219496259854
144.0 1.188131769906961
144.5 1.9299858578933853
145.0 2.7731615316407106
145.5 0.6208518617303265
146.0 1.3107132137136726
146.5 1.3208721549815508
147.0 1.0319510719070242
147.5 0.5325656820021247
148.0 1.6264445073590639
148.5 0.9729140461666989
149.0 0.3773827936386738
149.5 0.8337832321562564
150.0 0.92165626185967
150.5 0.672732489854137
151.0 2.004109772364342
151.5 1.3883168440937386
152.0 1.4060850152697402
152.5 0.7499681551668522
153.0 1.4167893570191665
153.5 1.1888833648727566
154.0 1.4718574298256248
154.5 0.7108249413717962
155.0 0.3747002877194565
155.5 0.9150621769009536
156.0 0.7782318258007568
156.5 0.8517135283387425
157.0 1.3423166001466988
157.5 1.3208360059112851
158.0 1.118733025813485
158.5 0.5293594886397331
159.0 1.0625952508642342
159.5 1.1319371101395843
160.0 1.0268372847806244
160.5 1.4488584422614017
161.0 1.1426015435616157
161.5 0.9319380713827576
162.0 1.3346354891796954
162.5 0.9386300088827145
163.0 0.7648215584899412
163.5 0.8983674912337702
164.0 0.7765100971728846
164.5 0.9499803297402852
165.0 1.3005398577131428
165.5 1.501106039213478
166.0 0.4448226632109139
166.5 1.058469300322035
167.0 0.9023191026177768
167.5 1.3106797192904989
168.0 0.5659591005949952
168.5 1.3272858891015837
169.0 1.0670886074391985
169.5 1.002183504645994
170.0 0.7893622988318125
170.5 0.8524142586545871
171.0 0.48416921500192156
171.5 0.8422676133952534
172.0 0.8592285853602304
172.5 0.6209635085950168
173.0 0.6317672593172869
173.5 0.6717030936844859
174.0 0.5582920819452355
174.5 0.6777398841503866
175.0 0.7604343174793127
175.5 0.8840310875944781
176.0 0.6201569173726993
176.5 0.5846339084203569
177.0 0.8607252561105057
177.5 0.8366738472139394
178.0 0.5315659064967958
178.5 0.8359572905149557
179.0 0.7748830765722903
179.5 0.7533296912609679
180.0 0.8133864303034135
180.5 0.5048977819594116
181.0 0.6806071309370361
181.5 1.0939780196969937
182.0 1.0954199043762132
182.5 1.1291597621231362
183.0 1.8451731208641675
183.5 0.51605964343617
184.0 1.0253168728529471
184.5 1.061790970789966
185.0 0.8962700710996231
185.5 0.7302846423196615
186.0 1.4484453060117743
186.5 1.100989641451153
187.0 0.8612553598460699
187.5 1.0221028264762841
188.0 1.543490938435339
188.5 1.0813565427931036
189.0 0.7831085610857196
189.5 0.9992862641581448
190.0 1.6614366179872886
190.5 1.4150854610396268
191.0 0.8229389355772575
191.5 0.8630264616664591
192.0 1.1642248431890632
192.5 0.6890947328304657
193.0 0.9848834755579128
193.5 1.2673905539299124
194.0 0.9266016030875495
194.5 0.3097485484903716
195.0 1.2750981422632042
195.5 1.232594920045884
196.0 0.9501649738969764
196.5 1.3478384425663612
197.0 1.2076866960071744
197.5 1.6025186296287761
198.0 0.9701066432774413
198.5 1.5718226023309851
199.0 1.3487784093980868
199.5 1.3459588740962007
200.0 0.9995000039694634
200.5 1.611000481132547
201.0 1.617510255739046
201.5 1.1352414668716833
202.0 1.4298831086433257
202.5 1.179225798792438
203.0 1.9116118048636377
203.5 1.6894040287424976
204.0 1.1244337864563272
204.5 2.813462222217002
205.0 1.8329356802393237
205.5 2.0650522227989017
206.0 1.570287328010337
206.5 1.1930388000193368
207.0 1.781347022331687
207.5 0.5067608666461302
208.0 1.6328320656952406
208.5 1.4359775497161174
209.0 1.2359305367847377
209.5 2.198130620225898
210.0 2.0842740167569547
210.5 1.7553467702621899
211.0 1.596093636000946
211.5 1.0735967558940036
212.0 1.989003460095093
212.5 1.1633177184689332
213.0 0.8938921689753986
213.5 2.432639480806042
214.0 1.7203301837482314
214.5 1.7433068999584558
215.0 2.33763632195817
215.5 2.7450006871680097
216.0 0.926964828697019
216.5 2.2214848224781276
217.0 2.369130897141537
217.5 2.0446125955313357
218.0 1.648406087114143
218.5 1.559360994237353
219.0 1.5788885681834401
219.5 0.28913761804981664
220.0 1.0371575285564525
220.5 1.2912286596282563
221.0 2.0287123796846336
221.5 2.170082745769527
222.0 2.008738760164075
222.5 0.7982369686207456
223.0 2.4638409411272844
223.5 3.14058941984981
224.0 0.2716489046996393
224.5 1.5160219872776683
225.0 1.4526625512810576
225.5 1.5724986928882183
226.0 2.2568661600223803
226.5 1.5206400987084685
227.0 0.8716738383138538
227.5 0.9705627904964476
228.0 0.8311562307853579
228.5 0.5832714710904018
229.0 0.8307922977668606
229.5 1.03071256611742
230.0 0.8320027756763729
230.5 0.8751892511208893
231.0 0.9527800982530988
231.5 2.0638284279061145
232.0 1.1630693645551382
232.5 0.6663793887597399
233.0 0.3705580217549649
233.5 0.8567979166098443
234.0 1.4992157337488172
234.5 1.1708389450695857
235.0 0.4716871553386065
235.5 1.6669470958845658
236.0 1.1140503994770312
236.5 1.2060892504427578
237.0 0.8019806134091771
237.5 0.7897297354054464
238.0 0.7557065101898837
238.5 1.1634870548374163
239.0 0.8189386216860133
239.5 1.0353366796315735
240.0 1.0134315946571415
240.5 1.2474758088973297
241.0 0.5923233109346404
241.5 0.9220737665593848
242.0 0.8716079731660757
242.5 0.8178652752082529
243.0 0.2644320947129359
243.5 1.1612132183807518
244.0 0.7746766670944721
244.5 1.0431830111556686
245.0 0.848979645677116
245.5 1.2179718968512152
246.0 1.1003914497164102
246.5 1.0927819507692378
247.0 0.4818615621036777
247.5 1.1252504983706857
248.0 0.5118423380581507
248.5 0.893092631521889
249.0 1.312077044852404
249.5 0.6364772300666767
250.0 1.2033085535284063
250.5 1.17927530241053
251.0 0.6293606626154518
251.5 1.558130172635818
252.0 1.0006551098210514
252.5 0.9457834496885718
253.0 1.803889703010742
253.5 1.368743632517769
254.0 1.2483171738631529
254.5 1.1277025691712632
255.0 2.07365737457991
255.5 1.410435851650619
256.0 1.5513474951011306
256.5 0.8880973716689551
257.0 1.1560534606180866
257.5 0.9805856632693732
258.0 1.2577494200288042
258.5 1.0008856840617666
259.0 1.024119583565657
259.5 1.074120003779122
260.0 2.5626887271974246
260.5 0.9112594304520163
261.0 2.8107139583875633
261.5 1.725780909972978
262.0 0.5955396256219632
262.5 1.999572187260731
263.0 1.7679041326741929
263.5 1.1726141296410024
264.0 0.506481432589001
264.5 1.4656353397951907
265.0 1.0180763151939032
265.5 0.8547983018077945
266.0 1.1132751086575132
266.5 1.087251626507676
267.0 0.7006979313091157
267.5 1.1355898278064522
268.0 0.9893991512056535
268.5 1.3121754478464318
269.0 0.2
269.5 1.1013409477390401
270.0 0.6052276673358221
270.5 1.233211323215168
271.0 1.1149009826953402
271.5 1.0395527656842405
272.0 0.9249132612415901
272.5 0.7966046970458287
273.0 0.8674481948086462
273.5 0.6172571841318731
274.0 1.5273784087533002
274.5 1.2671289225202917
275.0 1.1919388945967153
275.5 1.0163588129879662
276.0 0.9912243877371123
276.5 1.2466530223622383
277.0 1.1694268786581619
277.5 1.1219630554633746
278.0 1.2124720757852545
278.5 1.040571209069761
279.0 1.1007511575715059
279.5 1.8731016967319225
280.0 0.6644608919697061
280.5 0.49648672666213445
281.0 0.7705727807332612
281.5 1.276500246687728
282.0 1.1378807017661672
282.5 1.3033494477808558
283.0 1.0738553832954931
283.5 1.3376640189144275
284.0 0.2
284.5 1.1170085858390473
285.0 1.0662820536542543
285.5 1.6483947700863295
286.0 0.4998819015447328
286.5 0.9687946023257302
287.0 1.3429464935838642
287.5 0.908457218871143
288.0 2.147649322523986
288.5 2.5008437506736727
289.0 1.2698958182393079
289.5 1.0283200978757248
290.0 1.9281639709327876
290.5 1.4835237327744404
291.0 0.5429652247771478
291.5 0.574926335643265
292.0 1.366951523781537
292.5 2.9939999942230173
293.0 1.633574576232466
293.5 1.4440086969795614
294.0 1.4624545790915167
294.5 1.0026163328622917
295.0 0.8886161906895824
295.5 0.5133004362651297
296.0 0.5912817029163898
296.5 1.461277480616951
297.0 1.3050629589802596
297.5 2.3643348716057213
298.0 1.7458436646529214
298.5 2.433383935082313
299.0 1.4761827574101516
299.5 1.680899168433588
300.0 1.574026323924043
300.5 2.3767125167492815
301.0 2.393459436618617
301.5 1.6332623428585955
302.0 1.7588934872218602
302.5 1.4036530507649438
303.0 1.6583458674451892
303.5 0.996827936253043
304.0 1.021890174299863
304.5 0.2
305.0 1.2158861181833105
305.5 2.407989739614987
306.0 0.44412777632521316
306.5 2.806809915641496
307.0 3.0800973580422477
307.5 1.5954057187020245
308.0 1.8512530218791587
308.5 0.5309732357866759
309.0 1.968288408429593
309.5 2.544285209175348
310.0 1.8738559346635706
310.5 0.960905891425141
311.0 2.381750423515954
311.5 0.9378203379605682
312.0 1.6421643187270694
312.5 2.1630495430275953
313.0 2.4497196196761806
313.5 1.42165330548383
314.0 0.9554035100205834
314.5 2.1047488604721494
315.0 1.9700584932282066
315.5 1.011667241957206
316.0 2.2461078869142628
316.5 2.2494060627500216
317.0 1.722109678351712
317.5 1.7276977198178818
318.0 1.993702591748949
318.5 1.0210893803877716
319.0 1.6449038661027835
319.5 1.9605829387867135
320.0 1.5367108564057348
320.5 1.7868216234021994
321.0 1.2241379405290806
321.5 1.3172104686238095
322.0 1.3917532612505292
322.5 1.839765261878589
323.0 0.3045590350473874
323.5 0.591942562678125
324.0 0.5475048609788307
324.5 1.25224639875204
325.0 0.8752336293740405
325.5 0.9784772083865445
326.0 0.9848945566819358
326.5 1.0017805305994198
327.0 1.1262947255661595
327.5 1.038481177376157
328.0 0.7044714620075633
328.5 0.7505531613782087
329.0 0.9567785063019401
329.5 0.67671119664006
330.0 1.305832837298796
330.5 1.011093801583858
331.0 0.8407122079931726
331.5 2.066635857738932
332.0 1.6298756142823032
332.5 1.6279121605847957
333.0 1.5519892422727923
333.5 0.9530216136364023
334.0 0.3740618052583694
334.5 2.5741901323799743
335.0 1.158680560474092
335.5 1.1731096698418462
336.0 1.568308190485695
336.5 1.726572416583183
337.0 1.3172477903398259
337.5 0.7200130740682442
338.0 1.3194957195020631
338.5 1.2682438120847763
339.0 0.956974477478002
339.5 0.9488962749510856
340.0 1.1469614542638764
340.5 1.4005360930318638
341.0 1.1637012134572509
341.5 0.9615979999431388
342.0 2.307813910559413
342.5 1.3729010244374171
343.0 1.5182619514059938
343.5 0.9500152717713028
344.0 0.7602079937300513
344.5 0.6058724359704563
345.0 1.1591811207908103
345.5 1.0378996118354094
346.0 1.0870611870024718
346.5 0.7030486454881348
347.0 1.0691442673987899
347.5 0.9081943189005948
348.0 0.9253582927072457
348.5 0.8604157927627789
349.0 1.2002996972378348
349.5 0.9250172838141341
350.0 0.44187741462040964
350.5 1.2116871445779998
351.0 1.3559117777935548
351.5 0.8755471525844819
352.0 2.1241569553540063
352.5 1.1449886106099427
353.0 1.1271490019574375
353.5 1.443515326074398
354.0 1.4705673135549708
354.5 1.2157467453345427
355.0 1.6722706161248828
355.5 1.2704377851905504
356.0 1.1761317834472584
356.5 0.7410989344555008
357.0 0.5380559158865428
357.5 1.5394087454508907
358.0 1.3144668392488212
358.5 1.256343807366295
359.0 1.2893308237791377
359.5 1.2987467756258813
360.0 1.1642712711546654
360.5 0.6398358336391151
361.0 0.6748246678866368
361.5 0.9106006030455649
362.0 0.9617619855952038
362.5 1.0281287705800264
363.0 1.3116432987456312
363.5 1.385356524780636
364.0 0.742021412963118
364.5 0.6387518777775352
365.0 1.3503403222296024
365.5 0.8648491113905159
366.0 0.6547074286171805
366.5 1.1700316354986784
367.0 2.8581579561085113
367.5 1.970642939295815
368.0 1.6299065807863489
368.5 0.818011916663713
369.0 1.7986496042822897
369.5 2.0455363205965424
370.0 1.5126088708224903
370.5 1.5552446372960045
371.0 1.8536147862806174
371.5 1.0994821720727146
372.0 2.048737033913123
372.5 1.5418567710572857
373.0 1.5121226002191315
373.5 1.898514660972454
374.0 0.9854912280409273
374.5 0.4331910638295262
375.0 1.0939317355190257
375.5 2.103067241333455
376.0 0.5669325930611022
376.5 2.3326346876882447
377.0 2.2397169302124964
377.5 1.9341989829903814
378.0 1.7275797083244533
378.5 1.7882744250288967
379.0 1.992384032796975
379.5 1.5602854579496286
380.0 1.5474716528933399
380.5 0.8002694826488003
381.0 1.0826032777953016
381.5 0.692903198940961
382.0 2.0253730668016825
382.5 1.111455948550189
383.0 1.8356255640107573
383.5 0.7880153098799343
384.0 0.8916280941689971
384.5 1.3071464218884947
385.0 0.9074117959710655
385.5 1.6203519758526024
386.0 1.5201042893015129
386.5 0.9459182872959971
387.0 1.0432796165733829
387.5 0.8864018145881084
388.0 1.0509955812016767
388.5 1.0402821478687385
389.0 0.5922775923830217
389.5 2.3438517684601545
390.0 1.6374990208083195
390.5 0.8775526405081866
391.0 1.6879960160808227
391.5 2.0953854463600226
392.0 2.285151910308963
392.5 2.6303491895250866
393.0 1.0925199395244856
393.5 1.7911485351036558
394.0 1.9283041126245237
394.5 2.3452390957283002
395.0 1.1809836098098776
395.5 2.1104675132622703
396.0 0.933279365432367
396.5 1.7018182254236214
397.0 0.8663017428226311
397.5 2.9718841449818076
398.0 1.8210222482101839
398.5 0.6707468049285894
399.0 0.8366648720151347
399.5 0.2
400.0 1.0527448715454857
400.5 1.3550838999171386
401.0 1.3585163789578232
401.5 1.1614455738469913
402.0 0.7427065000272325
402.5 0.2
403.0 1.496143612504794
403.5 1.1661846313724746
404.0 1.2417932259718383
404.5 1.5438771018010242
405.0 1.1989058005867599
405.5 0.5922274900978388
406.0 1.7633991866889067
406.5 1.3162341734508207
407.0 2.107252428475041
407.5 1.16016073103635
408.0 1.587413478224485
408.5 0.9609201808238644
409.0 0.874210451852924
409.5 1.4589031025571912
410.0 1.049762596674922
410.5 0.83876422169974
411.0 1.4847682564223423
411.5 2.171914354978295
412.0 1.5166771891382393
412.5 1.5406413787833069
413.0 1.957097465800407
413.5 1.7123502706847997
414.0 2.7138364516045703
414.5 1.075310782912641
415.0 1.1147336713882685
415.5 2.041771765143695
416.0 1.7631486884612588
416.5 1.4225350597188453
417.0 1.761564197847699
417.5 0.2
418.0 1.9937572741082499
418.5 1.4206136283074269
419.0 0.9602783561989732
419.5 1.218675239533631
420.0 1.2848474940844448
420.5 1.0788348049685743
421.0 2.0897377269540245
421.5 0.9362670956533966
422.0 1.8240147639946112
422.5 2.1607535965355673
423.0 0.9902122429926286
423.5 1.4544118885031134
424.0 1.9413360910232567
424.5 1.5650876248142889
425.0 1.2607486810238602
425.5 1.5289356900966475
426.0 1.8814437485255262
426.5 1.6972007053164244
427.0 1.1161369366523357
427.5 0.873524036388898
428.0 1.382561468672422
428.5 1.5915161256393902
429.0 1.6603840904642027
429.5 1.5344060279953045
430.0 1.606010640558675
430.5 1.758578957430214
431.0 3.1645172674296873
431.5 3.544025272829535
432.0 1.5585078441457785
432.5 0.9511811598701434
433.0 3.1934650008144168
433.5 1.62817489871789
434.0 0.82406899541725
434.5 0.6864187604591937
435.0 0.8445890461184438
435.5 0.9668101746602535
436.0 1.0452704902371026
436.5 1.0518509567181222
437.0 0.923813246723362
437.5 0.7579667651961794
438.0 1.006597031571113
438.5 1.16706534072525
439.0 1.3213492912607818
439.5 0.8318550143415782
440.0 0.8654198637631203
440.5 1.044388384893937
441.0 0.8590860473584718
441.5 1.120790785485563
442.0 1.1418613205753874
442.5 0.8316946977055422
443.0 0.9111171304803274
443.5 1.4041278768765877
444.0 0.36972561798633324
444.5 1.0135727488015214
445.0 0.7177508070586717
445.5 0.7517470686057627
446.0 1.158127903181198
446.5 1.147136583019359
447.0 0.8265577340056445
447.5 1.0065720617671299
448.0 0.8810218463021509
448.5 1.4740589532188129
449.0 1.1460721073679117
449.5 1.0795061992886206
450.0 1.2852381350157118
450.5 0.9765911402113587
451.0 0.8785562329533126
451.5 0.44570939778212876
452.0 1.1325556621417987
452.5 0.9397030240401931
453.0 0.3141255227823962
453.5 0.6533863829474835
454.0 0.6733698766096259
454.5 1.5706578121226387
455.0 0.7542916680111593
455.5 1.1327195198950897
456.0 1.198558998491849
456.5 1.12238873833321
457.0 0.6042917635167219
457.5 0.9093689940572893
458.0 0.9506413181115232
458.5 0.503995815118085
459.0 0.783348267661238
459.5 0.546300817531749
460.0 0.8442889529201172
460.5 0.8063465249017392
461.0 0.7583740224976248
461.5 0.5704748049889854
462.0 0.8572004514770151
462.5 0.7761127473361389
463.0 1.0618576093855672
463.5 0.5034347277121878
464.0 0.6169925739410232
464.5 0.6813740054250765
465.0 0.8527957260540093
465.5 0.6521526957473496
466.0 0.8222791394200057
466.5 0.8623238981240882
467.0 0.7079133990484938
467.5 0.6004151383013183
468.0 0.7508603199223758
468.5 0.7451096566601225
469.0 0.6650504627687203
469.5 0.5726271922049877
470.0 0.7574295411217178
470.5 0.7743901777834166
471.0 0.6356101619903349
471.5 0.7912177150094992
472.0 0.8601365334027717
472.5 0.7970989358355627
473.0 0.8058800292775181
473.5 0.7157811023748739
474.0 0.6231053249282572
474.5 1.82943508854529
475.0 0.4997738220573066
475.5 0.874003119084217
476.0 0.7613038116185935
476.5 0.9370057005249719
477.0 0.9582217207780785
477.5 0.8735023711296683
478.0 1.3082388777348601
478.5 0.6075063249934107
479.0 0.8202536986272557
479.5 0.848238324962207
480.0 0.5817074431087326
480.5 0.47411194424834147
481.0 0.5068206956329666
481.5 0.9041951860939534
482.0 0.8633448018746499
482.5 0.4188286729387163
483.0 0.872845097386974
483.5 1.0383404318119358
484.0 0.6854340947588398
484.5 0.8585801356156739
485.0 0.7757501663303239
485.5 0.5198572781488889
486.0 1.0040232319388502
486.5 0.8627928082520742
487.0 0.3815846572893951
487.5 0.8626407784584593
488.0 0.6070152554848738
488.5 0.7806648025629795
489.0 0.6333079529212615
489.5 0.9930456582368326
490.0 0.9577100943244901
490.5 0.662555478694099
491.0 0.3951233309630459
491.5 0.7732834202808256
492.0 1.0625060686398207
492.5 1.0190104300404896
493.0 0.7114314906335478
493.5 0.5484656614667613
494.0 1.6872441676504564
494.5 0.776458762642963
495.0 1.308418210436222
495.5 1.3027698218971218
496.0 1.3076490951315618
496.5 0.9273227760751666
497.0 0.8904177847341348
497.5 0.7580154419308484
498.0 0.47809713890637573
498.5 0.822269666711789
499.0 0.8934828590847803
499.5 0.5141823715189521
500.0 1.2005344602703703
500.5 0.9679094837475641
501.0 1.1108144086081952
501.5 0.6783894324279758
502.0 1.3304704144602604
502.5 0.39345393734897705
503.0 1.6134471919609892
503.5 1.6982454034294887
504.0 1.442578970779359
504.5 1.729903328955142
505.0 1.1069573693396362
505.5 1.4394815792525195
506.0 2.5771869856960476
506.5 1.6998042167078515
507.0 1.4026740514907643
507.5 1.2150252022068402
508.0 1.4966322774227478
508.5 1.5087329396888485
509.0 1.8696705464362062
509.5 1.144874634764206
510.0 0.7162897286717276
510.5 0.22454163393744708
511.0 2.0507802265254336
511.5 1.3888359239000958
512.0 0.5359681464940274
512.5 2.7685935098427352
513.0 2.157990970375033
513.5 2.1408939329555645
514.0 1.9580917359048218
514.5 1.2945022916163735
515.0 2.7721447189646913
515.5 1.0432637905851463
516.0 1.6574171476787916
516.5 1.1611628868203143
517.0 1.247537628440496
517.5 1.6842282931170396
518.0 0.9210052300206537
518.5 1.3324087320146596
519.0 1.6534631247138236
519.5 1.2998867027787968
520.0 0.6623576906113444
520.5 0.8994239192697785
521.0 1.415167247191543
521.5 2.5153337858604186
522.0 1.2051108473710301
522.5 1.4807121259597003
523.0 1.179337193901585
523.5 1.2208898263712904
524.0 0.7901453337391614
524.5 1.8283884530137482
525.0 2.310669235186128
525.5 1.88217609617809
526.0 2.474000769446869
526.5 1.179595043920475
527.0 1.6200120720273903
527.5 1.2904491310848583
528.0 1.7443664145843993
528.5 1.228082541541153
529.0 1.6739714007635444
529.5 0.7981062511679488
530.0 1.3327599579962817
530.5 2.073096835445526
531.0 2.0791458855922103
531.5 2.13805352837774
532.0 2.134387737641733
532.5 1.1823033343616673
533.0 1.9100382870046928
533.5 0.911144410321999
534.0 1.9314173643682198
534.5 2.642828652586152
535.0 0.7863300353711545
535.5 1.2856137764316784
536.0 1.537755264618428
536.5 1.018034510771793
537.0 1.9630064387260429
537.5 1.1086215979150964
538.0 1.9454478752717033
538.5 1.8971445699538934
539.0 1.5941976333067003
539.5 1.3255801487719816
540.0 0.8073380323397021
540.5 0.8460505967261198
541.0 0.8070230570320704
541.5 0.8938007173330658
542.0 1.001719428163118
542.5 0.7540193271060198
543.0 1.0791247371152957
543.5 1.1273673844507779
544.0 1.228290781604626
544.5 1.1037090220214507
545.0 0.9071905864337175
545.5 1.0222141546020396
546.0 1.0374555670571255
546.5 1.2258658414493417
547.0 1.1808260252227787
547.5 0.9024277023897282
548.0 0.9894121617809328
548.5 0.7714934950699086
549.0 0.635820948930744
549.5 0.7960631148816883
550.0 1.1337525115093956
550.5 0.9692349328476204
551.0 1.1711161171327675
551.5 0.7659370019389207
552.0 0.6987434889978742
552.5 1.2503763327206023
553.0 1.5293228122182148
553.5 1.4937158725871982
554.0 1.0460459342014596
554.5 0.9188411904812462
555.0 1.0554003821984628
555.5 1.244049527467638
556.0 1.0461851872485401
556.5 2.0657916208221
557.0 1.0161833766706563
557.5 0.9833509669222418
558.0 1.293057069396149
558.5 1.5552499780794506
559.0 1.570895136791144
559.5 0.9713058316255894
560.0 0.9554017886540764
560.5 1.3025454395292995
561.0 1.2874643527921035
561.5 0.826994701510118
562.0 1.3749928606457238
562.5 0.8047193838926643
563.0 0.8756839652310686
563.5 1.629778869452783
564.0 0.6256548328177107
564.5 1.2561645118722577
565.0 1.8892183532964952
565.5 0.9551638605462203
566.0 0.8094666885434776
566.5 1.2305615841711952
567.0 1.8349136062873384
567.5 1.2812904302324755
568.0 1.1186686700145927
568.5 1.561782073697403
569.0 0.6601209879903907
569.5 1.1305270568377266
570.0 0.6125810383308299
570.5 1.1838180756122596
571.0 0.5294467815468613
571.5 1.3705931088662746
572.0 0.724824788823722
572.5 1.1010461468535078
573.0 1.313371556115145
573.5 1.6007824471470964
574.0 1.6410537715549072
574.5 0.7188630340974447
575.0 1.2181421992460943
575.5 0.8828056429083464
576.0 1.286967132916693
576.5 1.4918273981992145
577.0 0.49307199989206807
577.5 1.0205036770058302
578.0 1.1779145047743738
578.5 1.019790333094884
579.0 1.1327805468962495
579.5 0.9737554125994021
580.0 0.5848122102582417
580.5 0.3884522775974405
581.0 0.9438079762482537
581.5 1.6148574815568972
582.0 2.502899886486012
582.5 1.1197601247653517
583.0 0.736221757440034
583.5 1.0897754076792954
584.0 0.7568688696116317
584.5 1.2799435325187134
585.0 1.0307814446748729
585.5 1.1992854723260624
586.0 0.7809230375765499
586.5 0.7505462382025261
587.0 1.572615621646568
587.5 1.2035259056421328
588.0 1.296317219173468
588.5 1.4379186128239505
589.0 2.0730313081520997
589.5 0.9252946893319314
590.0 1.0511662423868073
590.5 1.2156546416566592
591.0 1.2963689061754273
591.5 1.0563790284576644
592.0 0.7915921149234353
592.5 1.8503753956408233
593.0 1.4505938801797746
593.5 1.042292596326531
594.0 1.13713147033558
594.5 1.0600946415759827
595.0 1.4364592581072322
595.5 1.5451627651569926
596.0 0.6417417633519712
596.5 1.9765242379403531
597.0 1.186973452293524
597.5 0.9210004911992469
598.0 1.8481819346227906
598.5 1.3326693046608207
599.0 0.5140710722384507
599.5 0.9240310691141979
600.0 1.6534440376880586
600.5 0.9379173839954946
601.0 1.5664298147595637
601.5 1.1139915301476249
602.0 1.4435341860566866
602.5 0.6463841479097596
603.0 0.759295709547328
603.5 0.7513438277939746
604.0 0.7956345647994089
604.5 1.5534027136122897
605.0 0.39849076786812554
605.5 1.2304684094655576
606.0 1.310494084789637
606.5 1.238917624503701
607.0 0.9474732893158472
607.5 0.979890812165836
608.0 0.605730770528231
608.5 1.026056891229946
609.0 1.4364649994718908
609.5 1.7986384788411098
610.0 1.5660260055958133
610.5 1.0367581764012235
611.0 1.830133444944332
611.5 1.5666044545093913
612.0 2.180187062946527
612.5 1.91604559583566
613.0 0.6154921607136176
613.5 1.4596680269466487
614.0 1.769821541398494
614.5 0.3864977036799473
615.0 1.6009921801065625
615.5 0.5056128304599521
616.0 0.74528975227124
616.5 0.8800095424353103
617.0 1.2698804316341168
617.5 1.5408847771599423
618.0 1.8624857437275022
618.5 2.488155607964316
619.0 0.6427893636347297
619.5 2.842677192755506
620.0 2.061551170829427
620.5 1.2118316168386554
621.0 1.179171892055113
621.5 1.8145575998653967
622.0 2.9779356643194053
622.5 0.5334397823845253
623.0 0.2
623.5 2.157319709949623
624.0 0.8490834079319752
624.5 0.4578408124319078
625.0 1.3624576522903589
625.5 2.2201047557434697
626.0 2.042776705496533
626.5 2.309988862970114
627.0 1.261959690566229
627.5 1.7914805170894965
628.0 2.340189059265781
628.5 0.9934792066142752
629.0 0.41083734536814953
629.5 1.4160772080257287
630.0 1.7214776500958238
630.5 2.883717331032271
631.0 1.5211328724512159
631.5 1.2849028981355854
632.0 2.2347840295035026
632.5 1.8099371264321327
633.0 0.30695114245002664
633.5 2.2361400553952935
634.0 1.3715647165809004
634.5 1.0513354924745317
635.0 0.847833492962258
635.5 1.1540397760887098
636.0 1.4018748917996886
636.5 0.9568556417635471
637.0 1.0574849524905021
637.5 1.2546214569079783
638.0 0.9135122522659331
638.5 0.7265737128437897
639.0 1.1689268424088044
639.5 1.1008090271254451
640.0 1.091018141359132
640.5 0.5356380174137281
641.0 1.2349465846319556
641.5 1.3369059562306402
642.0 0.834220456303127
642.5 0.9282687765575355
643.0 1.235076044999588
643.5 1.1300735762266196
644.0 0.7822176604524236
644.5 1.0576911029038731
645.0 1.0119336947803614
645.5 1.1206470150978767
646.0 1.6550650963708307
646.5 0.5733293624561174
647.0 1.1056615363639433
647.5 1.712461018291687
648.0 0.5900163872365607
648.5 1.3219306765007892
649.0 1.478374643394396
649.5 1.5079947698123988
650.0 1.0511312715191894
650.5 1.2739990201217601
651.0 0.5436932309541118
651.5 0.9779676222344833
652.0 1.2408730679809088
652.5 1.5046057675773468
653.0 1.3201125974363292
653.5 1.2326489095774773
654.0 1.3740890149395995
654.5 1.6691286829248444
655.0 2.3643801928736052
655.5 1.4009181887354714
656.0 0.93442301740952
656.5 0.855150334813533
657.0 1.1266162734652594
657.5 0.872071403286486
658.0 1.8292075626960922
658.5 1.1388609208921459
659.0 1.3499755628409453
659.5 1.70942724145908
660.0 1.4064510906431313
660.5 1.3295201590133072
661.0 2.261454431787916
661.5 1.2598716695060537
662.0 0.9404980080521104
662.5 1.0134366300259
663.0 1.1903881379082266
663.5 0.9405633408327716
664.0 0.7831636488579274
664.5 1.4417392108509846
665.0 1.8204906237602907
665.5 1.6612649947465805
666.0 1.016720472404287
666.5 1.165152198105692
667.0 1.6575859188427062
667.5 1.3837363598725856
668.0 0.9559505529613435
668.5 1.3824195011969933
669.0 1.6821926300196137
669.5 0.820027347530624
670.0 1.0278487346447165
670.5 1.2654238584441564
671.0 1.4915623390674488
671.5 0.7788102746154059
672.0 1.343772734984763
672.5 1.2020008137097737
673.0 0.7419696706442116
673.5 1.9187181986732265
674.0 1.204693033229566
674.5 0.21461226089478647
675.0 0.7107681936261918
675.5 0.8967107302010017
676.0 1.4136020910668035
676.5 1.0828963748496414
677.0 0.4645920791967264
677.5 0.7627603866069055
678.0 1.3538850432513532
678.5 0.5682401289887649
679.0 1.0823964298776234
679.5 1.4588939502046396
680.0 0.905236293296218
680.5 1.3892286734485642
681.0 1.6876501167891862
681.5 1.0388215326859052
682.0 1.79011965613497
682.5 2.1215658745999377
683.0 2.1819998302345383
683.5 3.035190646649971
684.0 0.2
684.5 3.011108345005727
685.0 0.3627649162397617
685.5 1.2994820330921655
686.0 2.5465030604155476
686.5 4.003612594308496
687.0 1.581871270623001
687.5 0.9941217189579166
688.0 1.6040715465079542
688.5 1.6320746767668168
689.0 1.5671641100399738
689.5 0.3355551481545054
690.0 1.2896412333508396
690.5 1.5644303932563082
691.0 0.7482142023585681
691.5 2.3572847705127415
692.0 2.0367136876294967
692.5 0.4051830213175318
693.0 1.4462474698077608
693.5 1.7836368715467459
694.0 1.6994713019704781
694.5 1.8211946500833784
695.0 1.6225739499663743
695.5 2.4695882076152795
696.0 1.5832318413272526
696.5 1.7051830921665676
697.0 2.199069206898322
697.5 1.821387552018494
698.0 2.041680304853184
698.5 1.7277512487138307
699.0 2.5399939458705587
699.5 2.2865514936955327
700.0 2.140311951175102
700.5 1.3117441314830325
701.0 1.79320327686871
701.5 1.3237431761831777
702.0 2.3608261070654413
702.5 0.83946355692164
703.0 0.6769566874191073
703.5 1.1851213830647083
704.0 1.307063209759245
704.5 2.2303763634436384
705.0 1.7624614128521134
705.5 3.1310293946253895
706.0 2.4149727476559404
706.5 1.829881102169991
707.0 1.5509269369918235
707.5 2.104221404190591
708.0 2.259445562640966
708.5 1.0878152321785977
709.0 1.6283799560691667
709.5 1.6192239926562702
710.0 1.1706682440210907
710.5 1.4153548101733269
711.0 0.7774915540418296
711.5 0.8023157061957347
712.0 1.224847586409822
712.5 1.640321624621542
713.0 2.2944535893085285
713.5 0.8189336731232066
714.0 0.9407253217922982
714.5 0.3856989653491154
715.0 1.1261351914301454
715.5 2.017008426901982
716.0 2.3165083516889076
716.5 0.8582905156174504
717.0 2.0576121055902092
717.5 1.6178794681191468
718.0 1.301564409496565
718.5 1.3945024879421668
719.0 1.1711609024589227
719.5 1.8819285499758134
720.0 1.8274079062318014
720.5 1.1823368014770832
721.0 2.1069683615530437
721.5 1.6599952555156654
722.0 1.1489452787817092
722.5 1.309110530811159
723.0 1.027711243891782
723.5 0.5062694213378749
724.0 1.5923226839033762
724.5 0.5993708482008293
725.0 0.5003724108310872
725.5 1.1622959720940367
726.0 2.127271310555681
726.5 1.7062608444904304
727.0 2.586456499496236
727.5 3.6560889682943767
728.0 2.354346936979428
728.5 1.183525321410874
729.0 1.9064842128035653
729.5 0.9183909754671433
730.0 2.0093369483891657
730.5 1.5376202781209196
731.0 2.4671654926151514
731.5 1.8335242588192546
732.0 1.9387238182262054
732.5 2.7328756347496057
733.0 1.3561907343147994
733.5 2.9816066367812906
734.0 2.4154726455600026
734.5 1.561214339125557
735.0 1.3320756283288473
735.5 1.9345308958325576
736.0 1.9397947016144146
736.5 2.889701998006827
737.0 2.588483277525683
737.5 0.9439141987519837
738.0 0.9943584364653564
738.5 0.6941010096788067
739.0 0.7751673371550017
739.5 1.8981476395455816
740.0 1.1760747022196205
740.5 1.3830951613632436
741.0 1.603833954248968
741.5 1.8790169825080547
742.0 1.2132128526556103
742.5 1.3096917535797958
743.0 1.5029980983395292
743.5 2.2180310668270753
744.0 1.9128769261523257
744.5 1.4743277196404914
745.0 0.7671315749559824
745.5 2.430911789086696
746.0 2.2755316139269257
746.5 1.773069901814843
747.0 2.358953945082796
747.5 2.199228965194472
748.0 0.6117611984633462
748.5 1.4357231347918529
749.0 0.9014937665045942
749.5 0.9547066864639082
750.0 1.2100964208599403
750.5 0.7498207912562
751.0 0.8042693395241935
751.5 1.116038391283112
752.0 0.5536702304573393
752.5 0.8211357885140906
753.0 1.4198450964671636
753.5 0.9444439996025085
754.0 0.373718841637464
754.5 0.5687060800242724
755.0 0.7855965016239437
755.5 1.12379869961623
756.0 1.1163419497285794
756.5 1.1404450065337526
757.0 0.8784428320524169
757.5 0.5841993280237218
758.0 0.5579148971657271
758.5 0.6979745597683531
759.0 0.5956994536473956
759.5 1.6538294434514207
760.0 0.8418212653193085
760.5 0.5741492507704419
761.0 0.8821543518388935
761.5 0.4207105373921984
762.0 1.2314691935457152
762.5 0.8488875740576596
763.0 0.40390144986333015
763.5 0.9890630209999964
764.0 1.5154945204969061
764.5 0.8542357883328522
765.0 1.2352993577292541
765.5 1.2433323091236277
766.0 0.9735421212051101
766.5 0.9248995344273876
767.0 1.4789273218674759
767.5 1.916570324370515
768.0 0.9743007874566639
768.5 1.0804667158891479
769.0 1.4426525898610953
769.5 1.2273317807486839
770.0 1.0546190454285869
770.5 2.1342667093801992
771.0 0.7392085450048747
771.5 1.5909587673326147
772.0 1.4053830098120905
772.5 1.0325460469450902
773.0 0.8923216396915613
773.5 1.1162793688666635
774.0 1.0954011098896974
774.5 1.8079851135300768
775.0 0.42706890435396916
775.5 1.0707265472692686
776.0 1.139821116316353
776.5 0.9555791596464652
777.0 0.8184768572199115
777.5 1.0322792195612425
778.0 1.128154264386142
778.5 0.657739230401538
779.0 1.1038198604297111
779.5 0.5903965211919902
780.0 1.528241763464774
780.5 1.3998394555324731
781.0 0.77927154389241
781.5 1.0886407789478318
782.0 2.037306641282931
782.5 1.193223446954183
783.0 1.2870945639722948
783.5 1.3406286813955421
784.0 0.2
784.5 1.2717582690911904
785.0 1.041767708699839
785.5 1.3287676636073062
786.0 1.193971572065591
786.5 1.6047175201590984
787.0 1.935023314762573
787.5 0.8419390656132613
788.0 0.6879472836633036
788.5 1.5747621867906465
789.0 2.268425023169161
789.5 0.4675120359926339
790.0 1.4209935852969622
790.5 1.1429149157761467
791.0 1.9558762448317966
791.5 1.5736186525713827
792.0 0.4723078152297262
792.5 1.8571518331776704
793.0 0.5606182755492111
793.5 1.464815186676261
794.0 1.501758748664224
794.5 0.491186700240945
795.0 1.763710525714061
795.5 1.243135628555658
796.0 1.127827437145734
796.5 1.7339825313892392
797.0 1.7856187549467522
797.5 1.5321110350649532
798.0 2.120990637083684
798.5 0.42373020284391305
799.0 0.8834288844736733
799.5 0.8099131275162657
800.0 0.8405637774380929
800.5 0.7312081762945557
801.0 0.7717239510268408
801.5 1.0406739388164377
802.0 0.6226547607383631
802.5 0.5046272293974972
803.0 0.6120525542234259
803.5 0.9630993920123955
804.0 1.0566031119330526
804.5 0.7146743674809661
805.0 0.7898546657971963
805.5 0.8718236177393917
806.0 0.7917798303312347
806.5 0.6306493642894616
807.0 0.5761307682412873
807.5 0.7727720537802918
808.0 0.5364747850949637
808.5 1.1421273406704144
809.0 0.9902493414360343
809.5 0.44299098724860486
810.0 0.8272148615193913
810.5 0.8951187044089057
811.0 1.1476692809731928
811.5 0.6811284940921777
812.0 0.8356700190571419
812.5 0.5527921987372039
813.0 0.6468341279352328
813.5 0.7599023594861432
814.0 0.657192643320863
814.5 0.9697347244197849
815.0 0.8240527050665374
815.5 0.9112995142477051
816.0 0.5056071440338888
816.5 0.966360464379794
817.0 0.3793068209992255
817.5 1.1511788233181441
818.0 0.7129734704082293
818.5 1.3196954344388645
819.0 1.0854460060581919
819.5 0.7683790886764367
820.0 0.6693592525000884
820.5 0.7528923568045319
821.0 0.4449042049321086
821.5 0.2297912285569368
822.0 1.1309092823029485
822.5 0.779301605326733
823.0 0.8743649406591134
823.5 0.7180680194626192
824.0 0.6843371608818742
824.5 1.0872248190741876
825.0 0.7291651986868273
825.5 0.9818088783329983
826.0 1.0370560939223692
826.5 0.9180531010000436
827.0 0.6343039727284849
827.5 0.9003480566434101
828.0 2.0938744452438094
828.5 1.2336133629795503
829.0 1.1007193369773933
829.5 0.9991862125126489
830.0 0.9395549731838866
830.5 1.5288656503568823
831.0 0.7493222341731866
831.5 1.2426913454636705
832.0 1.7794753875054643
832.5 0.8798165156383367
833.0 1.13585478546189
833.5 0.8808818683239192
834.0 1.483125996697221
834.5 2.191636465027058
835.0 0.7935092628676264
835.5 1.2643485524849343
836.0 1.5785195020278715
836.5 0.6374103707486439
837.0 1.3460599281028123
837.5 1.1004895246205444
838.0 0.8057134756790783
838.5 0.30950989679359153
839.0 1.256278901763359
839.5 2.164528367508026
840.0 0.8448670762930045
840.5 1.4781506229675716
841.0 0.6231719035654333
841.5 1.6027005335430367
842.0 1.0042858630736096
842.5 1.1884575349206912
843.0 1.973575522774289
843.5 1.9209646047255307
844.0 1.2169816649040825
844.5 1.4476832043061847
845.0 1.304173004537938
845.5 1.6379101931359776
846.0 0.8650200503666111
846.5 1.6964053927071927
847.0 1.912768337509894
847.5 1.3235674652710614
848.0 1.5493009424073916
848.5 2.095376560686324
849.0 0.8268734668847946
849.5 0.9751892937345246
850.0 2.4045728888020266
850.5 1.0057513632000128
851.0 0.5866211649607465
851.5 0.5038281281161002
852.0 1.7205145615691555
852.5 1.2015842306954476
853.0 1.5410877398232783
853.5 1.6895606443216065
854.0 1.49473724240438
854.5 0.7866918990924006
855.0 0.9447244912958341
855.5 0.7532723904463101
856.0 0.8917826672510082
856.5 1.0214170951293928
857.0 1.5313472750141701
857.5 1.31321511900209
858.0 0.38524040639234713
858.5 1.0310193839278146
859.0 0.9277428905213501
859.5 0.708437660018449
860.0 1.341268447140878
860.5 0.7736626499686797
861.0 0.7974290014330355
861.5 1.0020500282431128
862.0 0.6008485390144775
862.5 1.0948360417879064
863.0 1.4380976062049533
863.5 1.2094065446718756
864.0 1.2368521834572657
864.5 0.8232964077083557
865.0 1.295459430354951
865.5 0.9655023803986467
866.0 0.8103278228204185
866.5 1.2093403556839624
867.0 0.681750255024008
867.5 0.7591167047991851
868.0 0.5375939801240022
868.5 1.348001896962471
869.0 0.8236057299073782
869.5 0.5793533695296664
870.0 0.22536506188248118
870.5 1.2134542814947087
871.0 0.7913303404427626
871.5 1.4638984461784985
872.0 0.6848753383475477
872.5 0.774819490585054
873.0 1.3132277442336342
873.5 0.8123618180156853
874.0 1.128709921251286
874.5 1.1269759627458935
875.0 1.3088159676845743
875.5 1.2435360001077342
876.0 1.2512045579299453
876.5 1.1157940761768619
877.0 1.2248613673254516
877.5 1.514696625262241
878.0 1.0892189865929138
878.5 1.0153493963131504
879.0 1.1038714202653432
879.5 1.2519262494277865
880.0 1.2297764112406386
880.5 1.11736422307448
881.0 1.4425768649634398
881.5 1.5979195169150926
882.0 1.2566011586732027
882.5 0.74073972116794
883.0 1.2870997644058693
883.5 1.4153918266024084
884.0 1.0585933626875783
884.5 0.6487320859083816
885.0 1.0540745301571408
885.5 0.7236545136882302
886.0 0.40252720144204557
886.5 0.35202464499322894
887.0 1.0294119798277626
887.5 1.0701498416439312
888.0 0.3858639184116963
888.5 0.9322758793195094
889.0 0.513170809258134
889.5 0.9114858952778668
890.0 1.136984256488753
890.5 0.510685880744558
891.0 0.7505317946980806
891.5 1.0342351080805483
892.0 0.9877939461011466
892.5 0.9310418834490499
893.0 1.3502117582515183
893.5 0.38512252378529077
894.0 0.5618195132440249
894.5 2.002625193655555
895.0 1.6235883955514185
895.5 1.5642374948661912
896.0 2.3774158333827122
896.5 0.6336650075873249
897.0 1.952373968704207
897.5 1.6188197929177353
898.0 1.6454726859365314
898.5 1.0607940347993874
899.0 1.8193331613388313
899.5 1.730714321125565
900.0 1.2830549049884978
900.5 0.8944671044989121
901.0 0.841364606455475
901.5 0.5454994342427189
902.0 1.022497925924543
902.5 0.934529480492583
903.0 1.1482002897153394
903.5 0.6259998830811125
904.0 0.9131188569570386
904.5 1.0618846428888051
905.0 1.173818543207172
905.5 0.824559052756373
906.0 0.7295171955869799
906.5 0.7489564585519207
907.0 0.7716092904490566
907.5 0.8172218746371386
908.0 0.8551665333389848
908.5 0.6972888173172578
909.0 0.9393296834264012
909.5 0.7483592258133291
910.0 1.0465713115280595
910.5 0.7427943064112099
911.0 0.5352339558543108
911.5 0.9169763860817985
912.0 1.1015399483457178
912.5 0.6782271324037241
913.0 0.8309612993293363
913.5 0.7699748822004552
914.0 0.5426102041088035
914.5 1.0684993717863547
915.0 0.8798248988653656
915.5 0.8612345455880684
916.0 0.8610271824766015
916.5 1.0019038635532542
917.0 0.7313343960282844
917.5 1.005099401921746
918.0 0.7472456598912649
918.5 0.6085771447159818
919.0 0.7906462093200408
919.5 1.0640678610046586
920.0 0.6500255978018126
920.5 0.8160764478756649
921.0 1.0704440069199896
921.5 0.8970648765042717
922.0 1.037276715302108
922.5 1.0121595999985185
923.0 1.0183823302482864
923.5 0.5462687812542139
924.0 1.0534273483926753
924.5 0.45995599821865013
925.0 0.7283443918510228
925.5 0.521651116678655
926.0 0.470799817338874
926.5 0.7585857779404526
927.0 2.7546566203556124
927.5 0.2
928.0 2.025802929238714
928.5 1.35873874983358
929.0 1.2308035468672907
929.5 2.1701844583799557
930.0 2.05800228799376
930.5 1.3552874434181594
931.0 1.547748168847309
931.5 1.3185401628003268
932.0 2.2326918453358577
932.5 0.950872156402936
933.0 0.7496809800386488
933.5 0.9772390850153944
934.0 0.6488357028970891
934.5 0.8779976849515411
935.0 1.0578645764917478
935.5 1.12074303066536
936.0 0.8216157450653614
936.5 1.0440084236909761
937.0 0.6741282865696254
937.5 0.827273999268158
938.0 0.559355113765703
938.5 0.7895579641815136
939.0 0.6531255000264197
939.5 1.0771190251900684
940.0 0.8675435984990466
940.5 1.1799160795480066
941.0 0.7719014957793926
941.5 0.9751495620651085
942.0 0.6914381589288024
942.5 0.6880251260415815
943.0 0.8594888185160756
943.5 0.927123993075542
944.0 0.7842767099080348
944.5 0.6947210255421303
945.0 0.8743735858894031
945.5 0.5251273358632873
946.0 0.8241039472266762
946.5 0.5958364295993873
947.0 2.481752288041161
947.5 1.5962468398370708
948.0 0.7610290016625885
948.5 2.0069905667352668
949.0 1.2183934293079375
949.5 0.2493797383967984
950.0 0.8936937363742232
950.5 0.9678876650509481
951.0 2.0682010823940304
951.5 2.092623479046436
952.0 1.688588991943281
952.5 1.7023749402319526
953.0 2.2708550647297434
953.5 1.348061869442632
954.0 0.9906733593091016
954.5 1.5627941503625777
955.0 1.1418874598006594
955.5 1.3470081931091404
956.0 1.9490362655092253
956.5 0.46438000670321666
957.0 2.6377547940308586
957.5 3.3247223016476575
958.0 1.2714869253737322
958.5 1.6603790175264872
959.0 1.522422198290408
959.5 1.0316149836011006
960.0 0.9495365271434215
960.5 0.9431607458854092
961.0 0.4591918376189855
961.5 1.503512031105375
962.0 1.217108433323137
962.5 1.3087506406636393
963.0 0.8068344021765008
963.5 0.45741993866949304
964.0 0.6109146876316089
964.5 0.7468436586581818
965.0 1.294987760639709
965.5 0.8483498314544033
966.0 1.4538270095496426
966.5 1.0773482761731261
967.0 0.9642757493020335
967.5 0.7807025632013986
968.0 0.9065451931042179
968.5 0.6393345804702654
969.0 0.8711190632549802
969.5 0.7729092614871937
970.0 1.388404640351888
970.5 1.0208519186213052
971.0 0.7993607399944774
971.5 1.4041941331620462
972.0 0.7871169053781566
972.5 0.7488376284638634
973.0 0.5066487896944873
973.5 0.7139387808187155
974.0 0.41997527533151335
974.5 0.9013027076984104
975.0 1.1078188328897638
975.5 1.067625023894649
976.0 1.2624834675166672
976.5 1.2146330238582266
977.0 0.33284229312945335
977.5 0.7035300084505272
978.0 1.6058134865652178
978.5 1.3721821793992235
979.0 1.020109127500941
979.5 1.225580836409684
980.0 1.347434213042942
980.5 2.956620381860901
981.0 1.106431190605511
981.5 1.6520442802984476
982.0 1.5840895915426496
982.5 2.5873035665515083
983.0 2.9393235821158497
983.5 1.7229253800171347
984.0 1.9982700592833875
984.5 0.3612260906206317
985.0 1.5502754523599753
985.5 1.932541137858749
986.0 0.5246615322638598
986.5 0.49102589330294877
987.0 2.233241246804771
987.5 1.9325723749282564
988.0 0.738213624832902
988.5 1.9634193094521977
989.0 0.5139095961446537
989.5 0.7137641416567331
990.0 1.2840172390357938
990.5 1.6858896192109547
991.0 0.36487124504237733
991.5 1.4726295839303662
992.0 1.4664565363984305
992.5 1.02914587874014
993.0 1.3414722265525183
993.5 1.333930850970287
994.0 1.4567057681634492
994.5 0.7160095439312564
995.0 1.1494698742204632
995.5 1.1211389005020111
996.0 1.3322343440244675
996.5 1.6339791320624006
997.0 1.0638228092117248
997.5 1.6947255183626126
998.0 1.1672882023376943
998.5 1.5050850363609967
999.0 1.5838446550172254
999.5 1.0105636802461302
1000.0 1.5658569952308836
1000.5 1.0580469794870053
1001.0 1.524076865370946
1001.5 1.9708098508270573
1002.0 1.5470498045195107
1002.5 0.4639182312459198
1003.0 1.7192899799180856
1003.5 1.417296952787162
1004.0 0.8419061853161165
1004.5 1.104679444074818
1005.0 1.2775506588977552
1005.5 2.019540206041987
1006.0 1.000209152658531
1006.5 1.4286646926921942
1007.0 0.4986382185506806
1007.5 1.8443714428049975
1008.0 3.10257839226589
1008.5 1.0650681964545816
1009.0 0.2
1009.5 0.48116009046686614
1010.0 1.1007865214904018
1010.5 1.4895970051024003
1011.0 0.9677678256029176
1011.5 0.33063927040866037
1012.0 0.5841278104448515
1012.5 1.3446696807988645
1013.0 1.015511405313669
1013.5 1.3894304175192336
1014.0 1.300121594349346
1014.5 1.4211844039540837
1015.0 1.5084739089975487
1015.5 1.0843199344072547
1016.0 0.6144842681093771
1016.5 0.7031523629593754
1017.0 1.4726686019900792
1017.5 1.286664552762318
1018.0 0.8033301646504178
1018.5 1.7285859598276918
1019.0 1.1802496124690605
1019.5 0.2
1020.0 0.6695896166541009
1020.5 1.331017603892682
1021.0 0.5961097916942363
1021.5 1.3100030501906967
1022.0 0.6120829945889867
1022.5 1.0281815302694595
1023.0 1.7220528542748588
1023.5 1.9507535781181367
1024.0 0.8170892089994765
1024.5 0.6982747758455147
1025.0 0.9020466962617355
1025.5 1.2837383183264244
1026.0 0.901395918722746
1026.5 0.7067465905718718
1027.0 0.9571864161546249
1027.5 0.6025053284510002
1028.0 0.7468568639252663
1028.5 0.8449210967110771
1029.0 1.0572209344124062
1029.5 0.8903592927896481
1030.0 0.8269757445916117
1030.5 0.9589012212081153
1031.0 0.7255745048690418
1031.5 0.9742752779650886
1032.0 0.8910715001030232
1032.5 0.6605261273487573
1033.0 0.6958716511716861
1033.5 1.1511552680973955
1034.0 0.9884058446891879
1034.5 0.6723005626328927
1035.0 0.6449289396389556
1035.5 0.6193660469566841
1036.0 0.6190771668666807
1036.5 0.558083163468081
1037.0 1.0913326513733312
1037.5 0.49511826848664275
1038.0 0.7110248554633524
1038.5 0.512549913672185
1039.0 1.0745951739667043
1039.5 0.5564984932393516
1040.0 1.5830538231855427
1040.5 1.2052154904196022
1041.0 1.3355706004022472
1041.5 1.596196449977957
1042.0 1.3081519496833083
1042.5 0.8568518401143976
1043.0 2.347061239130127
1043.5 1.607998336040025
1044.0 0.9222774864908478
1044.5 1.7695385132806896
1045.0 1.0048777930380133
1045.5 0.9877714059061333
1046.0 2.5945691775057433
1046.5 0.9412160829070715
1047.0 1.2526752206796683
1047.5 1.0203203877531188
1048.0 1.8643951021218212
1048.5 0.6807210530007027
1049.0 1.2360457917195704
1049.5 1.479896106464969
1050.0 1.4161114312843035
1050.5 1.993001433483297
1051.0 1.1337524261746137
1051.5 1.1555581610014634
1052.0 0.6912025910965198
1052.5 0.7319933494095747
1053.0 1.426836844437757
1053.5 0.7513041373309128
1054.0 1.300896761670593
1054.5 0.4620194150062579
1055.0 1.294683795539369
1055.5 1.3371078309323599
1056.0 0.8542448375120131
1056.5 1.0378060247141645
1057.0 0.7543822823594549
1057.5 0.9891026586814189
1058.0 0.9342926192216712
1058.5 1.0069987410016255
1059.0 1.1728275131794141
1059.5 0.6461004428990742
1060.0 0.707777872981669
1060.5 0.8783063406259011
1061.0 0.8758392459153724
1061.5 0.8486156877385971
1062.0 1.0862428999762919
1062.5 1.1266588892857925
1063.0 0.5858329038235529
1063.5 0.45473239210099564
1064.0 1.0453446453438542
1064.5 0.9339530446956996
1065.0 0.7331818649433874
1065.5 0.9555315838558485
1066.0 1.2484748977436786
1066.5 1.5708448276476883
1067.0 0.8440052466906827
1067.5 1.8809344533075762
1068.0 1.5235624879309646
1068.5 1.5318254788887788
1069.0 0.5783166752298283
1069.5 0.41786879294114776
1070.0 1.356782641616724
1070.5 1.4365655916701014
1071.0 0.53237875673532
1071.5 1.3814434826872302
1072.0 1.6060060794422526
1072.5 1.6658345199099736
1073.0 1.454162357838265
1073.5 2.0283722295273536
1074.0 1.631640785144855
1074.5 0.6670446491210358
1075.0 0.8943514984459111
1075.5 1.1236007283938092
1076.0 1.368205019516165
1076.5 0.6488186056020911
1077.0 0.7496584920764202
1077.5 0.8725801082249571
1078.0 0.9458428316970433
1078.5 1.1418879657712058
1079.0 0.6660054427910336
1079.5 0.4762183066826741
1080.0 0.8058242235001741
1080.5 1.0456186751157455
1081.0 1.1955336956861016
1081.5 0.8837408699607121
1082.0 0.9384986328321279
1082.5 0.5762144711087878
1083.0 0.7921601773050841
1083.5 1.6958788903736568
1084.0 0.7954874341335105
1084.5 0.9804556114758698
1085.0 1.5282670343483835
1085.5 0.7084565827764255
1086.0 1.0981175479789385
1086.5 1.1345565370225432
1087.0 0.4757043559120541
1087.5 0.2058769019137608
1088.0 0.9566457878094636
1088.5 0.8516745092986377
1089.0 0.9949895950289271
1089.5 1.2179867350501548
1090.0 0.8004770058015087
1090.5 0.9939704846836697
1091.0 0.6219041256628651
1091.5 1.1637396201692298
1092.0 1.127790320505606
1092.5 0.9754692857873382
1093.0 1.1578024303918812
1093.5 0.9987716406755758
1094.0 1.2974753185907197
1094.5 0.8241144953359975
1095.0 0.6389572053180829
1095.5 0.6545763158627684
1096.0 0.8961781897166894
1096.5 1.382555860078067
1097.0 0.9403280409981314
1097.5 0.83649248922093
1098.0 1.1170794293431634
1098.5 1.451317235959968
1099.0 0.7685228306383897
1099.5 1.2091505761746912
1100.0 1.2643929601813948
1100.5 0.8930986181896906
1101.0 0.8774512236010885
1101.5 0.9857416706983806
1102.0 0.5759551214550488
1102.5 0.8280828177936528
1103.0 1.1141414393313664
1103.5 1.228010197424904
1104.0 1.01993833781972
1104.5 1.029605375428427
1105.0 0.9880761061631873
1105.5 1.1413427002081153
1106.0 0.9347527964174205
1106.5 0.9736885724780522
1107.0 0.5459669475382998
1107.5 0.9214525251600121
1108.0 1.731583842124877
1108.5 0.659495018045541
1109.0 0.5336815391176823
1109.5 1.1883516758342987
1110.0 1.2878877329930778
1110.5 1.2459858836508895
1111.0 1.4415633034168562
1111.5 1.312602170763687
1112.0 0.550148365624263
1112.5 1.1383093546349814
1113.0 1.2508640689606136
1113.5 0.9415140360432126
1114.0 0.9715726448257533
1114.5 1.0020000519108851
1115.0 2.0637949356414156
1115.5 0.8874749741840677
1116.0 1.6625635969053465
1116.5 0.7451468021833264
1117.0 0.8432409518920612
1117.5 1.5771621484747405
1118.0 1.767520301656917
1118.5 1.39075666170573
1119.0 0.9153116738335996
1119.5 1.8508898558203302
1120.0 0.2
1120.5 1.1131637497161848
1121.0 1.2908345642931593
1121.5 0.7967602482444139
1122.0 1.3537000458508208
1122.5 0.5604442839199937
1123.0 0.8075348847669472
1123.5 0.502811678974037
1124.0 0.75753327457235
1124.5 0.917540104227351
1125.0 0.7907988333316252
1125.5 0.9044425676613113
1126.0 0.7602139937041826
1126.5 0.8155351684852093
1127.0 0.5199647704587071
1127.5 0.6603536548894601
1128.0 0.55805749759679
1128.5 0.8790953208466639
1129.0 0.8177112073131905
1129.5 0.47272701307053433
1130.0 1.0480176655421882
1130.5 1.120914530319542
1131.0 0.946966812631604
1131.5 0.9535416477504177
1132.0 1.2278713563348564
1132.5 1.0054898515691066
1133.0 0.8533337583971791
1133.5 2.5314044176919497
1134.0 1.9590511153970565
1134.5 2.2962645652499067
1135.0 1.8225781953822588
1135.5 1.1941898916318643
1136.0 1.13036139342761
1136.5 1.015360785934321
1137.0 1.2236056921523644
1137.5 1.276739801998409
1138.0 1.0897799205154066
1138.5 2.0421649627017087
1139.0 0.34529940779448576
1139.5 2.175359094254243
1140.0 2.233998453259174
1140.5 2.2995683047648603
1141.0 0.7581579736074511
1141.5 1.7947748954685736
1142.0 1.1387837615431395
1142.5 1.9993169007512552
1143.0 1.6055505133149555
1143.5 1.9908864472759369
1144.0 1.352400722078535
1144.5 1.958440526617965
1145.0 1.2877434664525904
1145.5 2.6054784257963863
1146.0 2.113580715474067
1146.5 0.7968271073133162
1147.0 0.7185705720301624
1147.5 0.5495510019664771
1148.0 0.7327280785517549
1148.5 0.5791549165497167
1149.0 1.6974912244440468
1149.5 1.8941442347617592
1150.0 1.305227203660873
1150.5 1.3581420123793235
1151.0 1.7033932927742879
1151.5 1.6027340235859435
1152.0 2.2621817692752364
1152.5 2.5012849350483366
1153.0 1.4095313694343135
1153.5 0.6401548057635392
1154.0 1.301530462434424
1154.5 1.6745600985573594
1155.0 1.6249142888562615
1155.5 2.017923567966929
1156.0 0.9707127905126453
1156.5 1.6162547380386525
1157.0 2.6052666560973483
1157.5 0.2
1158.0 1.9029256413984048
1158.5 2.3213354435693585
1159.0 1.7719447942318027
1159.5 1.9668613434647906
1160.0 1.157821438412698
1160.5 2.3251545622348315
1161.0 1.338811468854378
1161.5 2.290941699502625
1162.0 1.5299226769579155
1162.5 1.2617698991259827
1163.0 2.2182855540902637
1163.5 1.4022784556312116
1164.0 1.7415391029698775
1164.5 1.2798305206887122
1165.0 1.6819619952609408
1165.5 1.3321466875747918
1166.0 1.216306851604506
1166.5 1.232140457308727
1167.0 1.2669481924580535
1167.5 0.9746821707339922
1168.0 1.32885533663937
1168.5 1.2072041555755288
1169.0 1.185721865327906
1169.5 1.2946018518481606
1170.0 1.1425226405345594
1170.5 1.578224694138157
1171.0 0.8943578450247562
1171.5 1.248641285480461
1172.0 0.45593122133767283
1172.5 1.6794099592250873
1173.0 0.7602681844751087
1173.5 0.7156538458244535
1174.0 0.6428205685920187
1174.5 0.7386179008798981
1175.0 0.7676958350414218
1175.5 0.8461252931128915
1176.0 0.5908823064424773
1176.5 0.622927441304707
1177.0 1.1211962863602785
1177.5 1.484002540756908
1178.0 1.6607173865208678
1178.5 1.0272863269327068
1179.0 1.1130174986836465
1179.5 1.3483655723376415
1180.0 1.0097479855589717
1180.5 0.8580554740151767
1181.0 1.3051251000590578
1181.5 1.1656967770367548
1182.0 0.5600984242845108
1182.5 1.0693421523924131
1183.0 1.2967690480783145
1183.5 0.32653087278164816
1184.0 0.9892832370396245
1184.5 0.7632425648283687
1185.0 0.6857262565719653
1185.5 0.6399466117243147
1186.0 0.8993134141945971
1186.5 0.9343793055725998
1187.0 0.4572688487859229
1187.5 1.295426027566362
1188.0 1.8008835113816166
1188.5 1.0621183794704914
1189.0 1.5089783089441529
1189.5 1.2209742227755431
1190.0 1.3395664239767069
1190.5 0.8463474557302471
1191.0 0.6581463723852232
1191.5 0.8168634268348363
1192.0 0.8623779517771377
1192.5 1.0168882594665904
1193.0 0.8738771518109156
1193.5 0.8457358106315535
1194.0 0.9235978712636776
1194.5 0.893846774500136
1195.0 1.950074797226593
1195.5 1.2449722317360372
1196.0 1.938980856377746
1196.5 1.6893126816932014
1197.0 1.9348668868723942
1197.5 1.605761492744704
1198.0 1.9159730143111058
1198.5 2.829060544146565
1199.0 1.1115401369935531
1199.5 1.41609628097823
1200.0 1.4466676219930752
1200.5 1.0358935115910193
1201.0 1.9533808490443454
1201.5 1.7404005515126597
1202.0 1.492874441226653
1202.5 1.8820770112193226
1203.0 1.9779966868363665
1203.5 1.4058339036215386
1204.0 0.2
1204.5 0.7302723700619842
1205.0 1.0423297084321828
1205.5 2.3108629897108557
1206.0 2.5129232022875074
1206.5 1.516707631102832
1207.0 2.012460849375451
1207.5 1.5957139516845293
1208.0 1.9890214325557802
1208.5 1.6567274010307413
1209.0 2.698758548146632
1209.5 0.7753851697179476
1210.0 1.5642369197059847
1210.5 1.385797888967922
1211.0 1.309095566011154
1211.5 1.2733146515574791
1212.0 0.4308461638724167
1212.5 0.5154099372980079
1213.0 0.45949943984124525
1213.5 1.2402138266966645
1214.0 1.2242413009925892
1214.5 0.7811467786400316
1215.0 0.8650737267771842
1215.5 0.846763158860069
1216.0 0.7904837079741456
1216.5 0.7072947371866416
1217.0 1.3088608482211233
1217.5 1.0333350006272088
1218.0 0.8496662924280262
1218.5 1.0165639384567196
1219.0 0.2532137549540252
1219.5 0.9869392995371324
1220.0 1.8312606911566627
1220.5 1.0760300529650981
1221.0 1.1322596859071397
1221.5 0.534901020104039
1222.0 0.6614371269603796
1222.5 1.6554047840646402
1223.0 0.9611576170285967
1223.5 1.4429436594838638
1224.0 1.8902340821249637
1224.5 1.7194707154420663
1225.0 1.627234164281605
1225.5 1.6157316638283854
1226.0 1.0567287825387885
1226.5 0.7606110483211383
1227.0 2.3152420662394126
1227.5 1.7935414447136333
1228.0 2.1056275001751574
1228.5 0.9829794713632062
1229.0 1.9881277785671387
1229.5 2.405123535142678
1230.0 2.380076220775703
1230.5 1.3371243059569866
1231.0 1.4284315947223463
1231.5 1.5717877593559844
1232.0 1.5393108322092475
1232.5 2.634634790822119
1233.0 1.2842467322706974
1233.5 1.561342997788831
1234.0 2.3835679424510348
1234.5 1.9638149682928971
1235.0 1.9158042128916095
1235.5 2.637506298253861
1236.0 2.977655992397805
1236.5 2.044455234156965
1237.0 1.3840920732449506
1237.5 1.838014585487498
1238.0 1.0174625312446268
1238.5 1.7318251636487108
1239.0 0.8466846257952365
1239.5 1.2996998974454543
1240.0 0.33701171099653005
1240.5 1.1504417415147266
1241.0 2.585860025125452
1241.5 1.4082656116375243
1242.0 1.254819414819881
1242.5 1.4141838677370198
1243.0 0.7190729796669785
1243.5 2.094196809333717
1244.0 1.439462756915269
1244.5 1.082943588466918
1245.0 2.678585745636388
1245.5 1.0785838701265453
1246.0 0.609160131839105
1246.5 1.21564934556644
1247.0 0.8140249617689769
1247.5 1.9615576075315282
1248.0 1.8271448320520416
1248.5 2.10294049161047
1249.0 0.7831253847593723
1249.5 1.1729251282015982
1250.0 1.0844289654662749
1250.5 3.1680848182027037
1251.0 0.9075878688284922
1251.5 3.233147322137624
1252.0 0.8048382297988914
1252.5 1.6232513566263538
1253.0 1.6088133835220952
1253.5 1.5271018453320382
1254.0 1.3747615132443105
1254.5 0.4952190593459723
1255.0 1.3617828558149296
1255.5 1.9529249200973058
1256.0 0.43978543762588584
1256.5 1.5473700238408337
1257.0 1.6130945240381163
1257.5 1.06078860588172
1258.0 0.9252163229531417
1258.5 1.0758302158213953
1259.0 1.4801417226720335
1259.5 0.7876784890359282
1260.0 0.9439134849522356
1260.5 0.6110041918235584
1261.0 1.049955309515823
1261.5 2.320459584946736
1262.0 0.7018356320543765
1262.5 2.512663292656545
1263.0 0.819360935308739
1263.5 1.0144613524954835
1264.0 0.6269594031885625
1264.5 0.7917289041824862
1265.0 0.9138571219647635
1265.5 0.71354034408786
1266.0 0.49217910231482176
1266.5 1.1018897258444136
1267.0 0.4507095035423409
1267.5 0.7469460071652799
1268.0 0.9911892345685276
1268.5 0.6352453227063173
1269.0 0.9068829649740116
1269.5 0.826393299013731
1270.0 0.6859161036597683
1270.5 0.899832937263477
1271.0 0.7960663323262456
1271.5 0.8009965110194888
1272.0 0.5599406382005396
1272.5 0.8037238660025381
1273.0 0.6030043251468341
1273.5 0.9956718449626545
1274.0 0.8985863315543006
1274.5 0.8000757273893542
1275.0 0.8652483448124346
1275.5 0.7303565065086964
1276.0 1.051441985426442
1276.5 0.7607069738555282
1277.0 0.9154693678313861
1277.5 0.7381175479180904
1278.0 0.6983147156950412
1278.5 0.8667715725122724
1279.0 0.8931125535701043
1279.5 1.1086655694813499
1280.0 1.0733544420268948
1280.5 1.1060583476341732
1281.0 2.1266675528800185
1281.5 0.9488717996858869
1282.0 1.5253191680734233
1282.5 0.9934849283155485
1283.0 0.9644385985623588
1283.5 0.5605134455664917
1284.0 0.8369646452986995
1284.5 0.30800666135190524
1285.0 1.4186653568079342
1285.5 1.7060852107933477
1286.0 1.1875737924489578
1286.5 1.4776288927054173
1287.0 1.6599712394914445
1287.5 1.0565112704681965
1288.0 2.0396204626051895
1288.5 0.2
1289.0 1.0708284822582126
1289.5 0.7510173029368618
1290.0 1.1699911486471015
1290.5 1.6656093383898742
1291.0 1.6115976708360837
1291.5 1.522153375014821
1292.0 2.3020100787918474
1292.5 1.504836776133319
1293.0 1.9420681497806123
1293.5 1.2076763233656709
1294.0 1.8440456057858945
1294.5 0.40425966166062355
1295.0 1.8475905942656397
1295.5 2.1539663927338664
1296.0 2.134278866196871
1296.5 0.4365228523207938
1297.0 0.2
1297.5 0.34088590672602703
1298.0 0.6178569992117684
1298.5 1.2343961025070838
1299.0 1.5733540760329008
1299.5 1.4693732427501562
1300.0 1.5368895698192713
1300.5 1.0145822836199863
1301.0 1.0698747870287972
1301.5 1.8924563841199493
1302.0 2.3405213893815318
1302.5 1.346659580596142
1303.0 2.244864544719438
1303.5 1.4249116685102072
1304.0 1.6830366536607235
1304.5 1.8539224543165402
1305.0 1.2866640892481536
1305.5 0.9677772580870371
1306.0 1.2726012704878191
1306.5 1.1163732063036673
1307.0 0.5144403611968964
1307.5 1.476203379824192
1308.0 0.2
1308.5 1.9614347126785476
1309.0 1.0490088979859258
1309.5 0.44943189971356556
1310.0 1.6636490575856855
1310.5 0.9693971049134813
1311.0 1.649267259399826
1311.5 1.9348203161507833
1312.0 1.3327192780460746
1312.5 0.721708161748497
1313.0 0.5058296671505511
1313.5 1.365214474640607
1314.0 1.2446940993128912
1314.5 1.431115083755475
1315.0 1.2904289989522377
1315.5 1.149790237796205
1316.0 1.1095508974521504
1316.5 1.4331041735443621
1317.0 1.6550517050550313
1317.5 1.4242760861912185
1318.0 1.9849416965618651
1318.5 1.7471858404667762
1319.0 1.5447556608247794
1319.5 1.3376250741149613
1320.0 1.9236271670108323
1320.5 0.9666041723462532
1321.0 2.061910774559773
1321.5 1.3295665895894817
1322.0 1.6509007495735113
1322.5 2.2697170520335117
1323.0 1.7776010586319848
1323.5 2.097590764754021
1324.0 1.0708349924224112
1324.5 2.831408774975313
1325.0 0.6478042592449882
1325.5 1.087648918579264
1326.0 0.4186240434112619
1326.5 1.1606156521068023
1327.0 0.786626346441057
1327.5 1.3296231972401538
1328.0 1.0568222466716592
1328.5 0.9190768774283028
1329.0 1.6380387070173352
1329.5 2.033951934790775
1330.0 1.3654450087899657
1330.5 0.9903227500744795
1331.0 1.262924500842201
1331.5 0.9217963984512251
1332.0 1.2298182185452018
1332.5 1.0743728484944328
1333.0 1.0047501917620925
1333.5 0.9276651762036463
1334.0 0.5939541075225188
1334.5 0.7824871354914671
1335.0 1.4231217707319703
1335.5 0.9665577148555937
1336.0 1.149787021105797
1336.5 1.4483362864992984
1337.0 1.8086301701485774
1337.5 1.2695512985878596
1338.0 1.2344875933534134
1338.5 0.4072134779061808
1339.0 1.870946684272523
1339.5 0.9652811747418217
1340.0 1.3571574315672712
1340.5 2.0023166062149396
1341.0 1.0078534552624305
1341.5 2.3877835961173663
1342.0 1.000927987198064
1342.5 0.8872124586249702
1343.0 0.988683588311801
1343.5 1.175250029420549
1344.0 1.576776327123228
1344.5 0.8201734315306728
1345.0 1.4299244846869579
1345.5 1.7175706394888723
1346.0 0.6876211121562533
1346.5 1.6833526324639965
1347.0 1.413486910197595
1347.5 1.4972483444250078
1348.0 0.8083250972654934
1348.5 0.7955443985312929
1349.0 2.0958086610569424
1349.5 0.2
1350.0 0.577614315511544
1350.5 1.0804910435293786
1351.0 1.3094605943808295
1351.5 0.6372163032600711
1352.0 1.4590731244360762
1352.5 1.4772131344233554
1353.0 1.3150242341557439
1353.5 2.385463739659909
1354.0 1.2726900185324586
1354.5 1.626181350150641
1355.0 1.3352467864900213
1355.5 1.025001829243061
1356.0 1.7253571101132326
1356.5 0.9693754326512141
1357.0 1.8495334638432896
1357.5 1.9184304424576597
1358.0 1.2768567094895447
1358.5 1.9540602764497428
1359.0 1.9892893534744145
1359.5 0.7361022412108524
1360.0 1.7905376261782124
1360.5 1.45771277640721
1361.0 1.7666585074135719
1361.5 0.992739946020216
1362.0 1.0870283279172113
1362.5 1.0559595319933628
1363.0 1.3384746500643154
1363.5 1.5529889001404056
1364.0 1.3882400951865765
1364.5 1.229931566707291
1365.0 1.526010184314169
1365.5 1.1655008006486283
1366.0 0.9244253245237213
1366.5 0.972339259839841
1367.0 1.021278410364429
1367.5 0.6963248506862147
1368.0 0.9606818198873364
1368.5 0.9960230517807938
1369.0 0.64088487588981
1369.5 0.8947079385723516
1370.0 0.8154519791640645
1370.5 0.8115906637930179
1371.0 0.9713876072918499
1371.5 0.8862122424079557
1372.0 1.3767603484220836
1372.5 0.655285092968948
1373.0 0.8733273432567185
1373.5 0.9955731378858996
1374.0 0.958038946686683
1374.5 1.0814457432088238
1375.0 1.0120413128641055
1375.5 0.9747946177285582
1376.0 0.45394558707638444
1376.5 1.0119434978001671
1377.0 1.0587634488915736
1377.5 0.5973516922906267
1378.0 0.9528642423932305
1378.5 1.22241700881507
1379.0 1.0876974223804352
1379.5 0.9422649368754941
1380.0 0.858244571514136
1380.5 1.5840417827147613
1381.0 0.8500453303877629
1381.5 0.9843944790321282
1382.0 0.808416984674905
1382.5 0.6548304418178776
1383.0 0.8547584949506657
1383.5 0.9736258048351776
1384.0 0.9594139832891064
1384.5 0.671129653602673
1385.0 1.3161088665019023
1385.5 0.9971618566152807
1386.0 0.6994875334758306
1386.5 0.7385810363653277
1387.0 1.1957929537062655
1387.5 1.2865056837190902
1388.0 0.9494379870232299
1388.5 0.8247681295989044
1389.0 1.4627189462357935
1389.5 2.375838437805224
1390.0 1.1491752356797849
1390.5 1.8195156749498942
1391.0 2.753440375214215
1391.5 2.3322262092147588
1392.0 1.9612951520224793
1392.5 1.1489173400364607
1393.0 2.2123451902893745
1393.5 2.745063829805761
1394.0 1.8187625437616823
1394.5 1.1299224427142112
1395.0 1.4605947890323052
1395.5 0.7056058402673492
1396.0 1.7885936349034774
1396.5 0.6667746908485045
1397.0 0.9449106968089586
1397.5 0.6522290162843383
1398.0 0.8841454552706588
1398.5 0.6518724172814462
1399.0 0.915134789854654
1399.5 0.48585897018437424
1400.0 1.0192411150571443
1400.5 0.7419577528347023
1401.0 0.7828312212794557
1401.5 0.8094699427222598
1402.0 0.6595626166089396
1402.5 0.714473704676127
1403.0 0.9518574962154791
1403.5 0.890917941852102
1404.0 0.4810800599535654
1404.5 0.8852136243487075
1405.0 0.5954325516731477
1405.5 0.9991602861758153
1406.0 0.6194098870415605
1406.5 1.0189889877226586
1407.0 1.0076983706058757
1407.5 1.063143999925981
1408.0 0.9163995610502018
1408.5 0.8042748711248192
1409.0 0.7771729911573098
1409.5 0.5491899321336566
1410.0 0.9805327253249463
1410.5 0.8224506468601964
1411.0 0.6963804244183883
1411.5 0.9761508710374917
1412.0 0.711921917621827
1412.5 0.6532078095963294
1413.0 0.6732522896476637
1413.5 0.9583155303603035
1414.0 0.7608496806269256
1414.5 0.7402454483098352
1415.0 0.7081667936787006
1415.5 0.6737288960450709
1416.0 0.948245486196882
1416.5 0.912390369564665
1417.0 0.9736744552905118
1417.5 1.0997624939300783
1418.0 0.3469520950819061
1418.5 0.7125862607441469
1419.0 0.8559325890597792
1419.5 0.5878745786665146
1420.0 0.922037139255518
1420.5 0.9272930372326853
1421.0 0.6707665578436357
1421.5 0.9726161120377472
1422.0 0.7200813173831009
1422.5 1.0246939138563564
1423.0 1.0594473761970082
1423.5 0.9091566038502127
1424.0 1.0776823297745248
1424.5 0.7036734666592153
1425.0 0.5674773560218419
1425.5 0.7986548599772428
1426.0 0.6954484528506585
1426.5 0.7901065873518694
1427.0 0.7744103654671438
1427.5 0.7106714478350082
1428.0 0.49496874563560633
1428.5 0.6538294348513483
1429.0 0.5526517603574891
1429.5 0.7223787108575637
1430.0 0.8746481821823531
1430.5 1.038046258935688
1431.0 0.9725265383085703
1431.5 0.7366424726576761
1432.0 0.7239077607060165
1432.5 0.7114987657141139
1433.0 0.385524573872929
1433.5 0.7031901399597823
1434.0 0.9430760424659697
1434.5 0.942842321815218
1435.0 0.68213540376622
1435.5 0.8788843742648238
1436.0 0.4564677565231959
1436.5 0.7715139202322242
1437.0 0.7354923291463298
1437.5 0.4659615885227393
1438.0 0.8788079934860814
1438.5 1.859773503520552
1439.0 1.8033956066065544
