0 1.625034064777426
0.5 1.49690915576912
1.0 1.3762557651940943
1.5 1.2847077476063502
2.0 0.7719617304041761
2.5 1.9261872101603177
3.0 2.1691660854567703
3.5 0.7369707461546695
4.0 1.598326121436802
4.5 1.499715929924128
5.0 0.7395637856320738
5.5 0.47529176810903323
6.0 0.8704039034713312
6.5 0.8864991887627969
7.0 0.6729221984575062
7.5 0.8000213006470556
8.0 0.9980679536945793
8.5 0.6642673995966641
9.0 1.107536413526783
9.5 2.3295738075539223
10.0 2.4608967834394595
10.5 2.6456383412661957
11.0 2.173097838571537
11.5 1.9775354449933957
12.0 1.0077625318733792
12.5 0.779276920762067
13.0 1.2267995407014203
13.5 1.4067093626771425
14.0 2.1709850886516513
14.5 1.8538288335037674
15.0 0.6283974880810435
15.5 1.6674717308733569
16.0 2.0097583889828154
16.5 0.9430250905112357
17.0 1.230740403414953
17.5 1.287353564417875
18.0 1.9157167125636225
18.5 0.8335673763747523
19.0 1.821944547366106
19.5 0.5906090434058753
20.0 0.9335482492553576
20.5 0.9691735448939741
21.0 2.2081894114497573
21.5 1.3265972111505346
22.0 1.0157106519991719
22.5 1.5768853614378782
23.0 1.16415970284794
23.5 1.4086692627131385
24.0 1.327600313723691
24.5 1.3990473011748499
25.0 1.0722332887004962
25.5 1.422743591826992
26.0 0.8807251815891926
26.5 1.3125584928130274
27.0 1.0761173286916037
27.5 1.8617216666370608
28.0 1.2519833774348634
28.5 1.0053773508103339
29.0 0.582510964633286
29.5 1.0220257739315997
30.0 0.9506407483429942
30.5 0.9382372934145842
31.0 0.6448599549266558
31.5 0.5707064577309371
32.0 0.9922153067316286
32.5 1.0072311987364526
33.0 1.231293101153374
33.5 0.8476677279108997
34.0 1.1020640317750763
34.5 1.318061430617432
35.0 0.7865608947443599
35.5 1.1068358161720384
36.0 1.0432819488991443
36.5 0.5797907546519472
37.0 0.8144151328556033
37.5 1.0077511355517417
38.0 0.8927495324544131
38.5 0.9588437470232329
39.0 1.0313911382267344
39.5 0.7699110440094044
40.0 0.9626424920867833
40.5 1.1752571828521703
41.0 0.9898793416915288
41.5 1.147469525286875
42.0 1.6135454679293217
42.5 1.6310472383138281
43.0 0.7441732594148549
43.5 1.2192995885374538
44.0 1.4280373537607913
44.5 1.7549616107535788
45.0 0.6572303373484221
45.5 0.847482986068635
46.0 0.6272529543150638
46.5 0.923163572015963
47.0 1.3817347470316879
47.5 0.7570863721560337
48.0 0.9544684714625495
48.5 1.3469444029376598
49.0 1.3352466594484942
49.5 0.9126349286991868
50.0 1.2557419524483244
50.5 0.9120861809240728
51.0 0.7819207499936534
51.5 1.13334383814355
52.0 0.9602382584834039
52.5 1.114494627513813
53.0 0.8231806973468407
53.5 0.7163794765624738
54.0 1.1293426528637092
54.5 1.3378264064049998
55.0 0.981281508007237
55.5 1.456026021043962
56.0 0.598598081496595
56.5 2.497281766218169
57.0 0.38521450455849493
57.5 0.8031092255950951
58.0 2.185858739367684
58.5 1.8577335102790056
59.0 1.8873516247776343
59.5 1.0226941594572492
60.0 1.5807805622334603
60.5 1.3892713918604116
61.0 2.449753634702012
61.5 0.47794872408842454
62.0 0.9341860286053236
62.5 0.3738401700640332
63.0 0.582763270196493
63.5 0.912037937999951
64.0 0.8653460537117259
64.5 0.8583745230530595
65.0 1.0934212654083952
65.5 0.782429394588287
66.0 0.7275042710594197
66.5 0.7932740137167994
67.0 0.7430808876188515
67.5 0.8519104460691915
68.0 0.5160846935883354
68.5 1.0452259257755778
69.0 0.9553349627754522
69.5 0.8689310210913131
70.0 1.0543077659776587
70.5 0.9114256021806159
71.0 0.46193180629022007
71.5 0.943700642283553
72.0 0.9863979336506286
72.5 1.561524498297177
73.0 1.4573997645471257
73.5 1.0782778564633875
74.0 1.8462016738516045
74.5 0.9783137886653408
75.0 1.880739471199236
75.5 0.9556113538409656
76.0 0.9966355572286696
76.5 1.5779876999973248
77.0 0.9351532393898218
77.5 0.885583955532756
78.0 1.2815182562015444
78.5 2.018348536316377
79.0 1.514829469881679
79.5 1.3815382608032074
80.0 0.7566309252915202
80.5 1.0568663875260196
81.0 0.544824726133341
81.5 1.8401496626163207
82.0 2.1274495670275617
82.5 0.5967524752194655
83.0 0.9240498239791256
83.5 1.4078480670347566
84.0 2.0954235862916
84.5 1.5979056799608928
85.0 1.9198862686129377
85.5 2.7663838430074494
86.0 1.3189942538695296
86.5 2.3349577195289637
87.0 1.3405724547274387
87.5 0.4225280507217414
88.0 1.2615344477353845
88.5 1.8040069139008372
89.0 1.6710060163789782
89.5 1.4437767308596932
90.0 2.054033248578976
90.5 2.5107175519148264
91.0 1.5761733290968492
91.5 1.5336589576701747
92.0 1.6343572644655349
92.5 1.7381588027542911
93.0 0.7530540903698848
93.5 2.4681693594130847
94.0 2.0858660955756587
94.5 1.8026467999256082
95.0 0.5011237566735067
95.5 0.8481892639610358
96.0 1.5817775595871126
96.5 1.9114726240363695
97.0 1.7961875945250696
97.5 1.8454800537173288
98.0 1.8564006196002771
98.5 1.9819274447527144
99.0 1.613422021516712
99.5 1.719405415042358
100.0 1.6240141958077934
100.5 0.2
101.0 2.110649265823678
101.5 2.5750171216815154
102.0 1.616677420780741
102.5 1.5893289666880315
103.0 1.6283029242907108
103.5 1.577740889827222
104.0 2.335432828536413
104.5 2.259043294640824
105.0 0.6950045267062795
105.5 1.619371837154314
106.0 1.7783187781196839
106.5 2.212165372041347
107.0 0.983636648475809
107.5 2.0638515439474494
108.0 0.9582693737641816
108.5 1.1964205191231292
109.0 0.9975276336548247
109.5 0.8021421261726545
110.0 0.8312183879248316
110.5 0.9765281191282753
111.0 1.2860632415018831
111.5 0.9011514225523347
112.0 0.8835104630075759
112.5 0.6057174900350597
113.0 0.9893321482711268
113.5 0.6582093460751532
114.0 1.1532418972306049
114.5 1.446559893819155
115.0 1.531071348905233
115.5 1.5903681386742352
116.0 1.2600872068527518
116.5 1.4883518852022886
117.0 1.7311718664483429
117.5 2.5535121808277674
118.0 1.836281409282308
118.5 1.308486940970574
119.0 1.3331446207796163
119.5 1.1955530721446839
120.0 1.5975064661383653
120.5 1.6170970683274044
121.0 1.8340415881974605
121.5 1.9991880000659008
122.0 1.2458346820362827
122.5 1.486513459950456
123.0 0.7760492891158005
123.5 0.8354512897141503
124.0 0.834316756847169
124.5 0.8121746497872832
125.0 0.5147555506558759
125.5 0.9096921560365032
126.0 0.759771896405313
126.5 0.8926427300675699
127.0 0.9858895381929544
127.5 0.9297681791653711
128.0 0.9930388339780492
128.5 0.39403425767597117
129.0 0.6014636240861735
129.5 0.6346500459653932
130.0 0.7228150177511465
130.5 0.7243288730252666
131.0 0.371941764214575
131.5 0.6389573062069347
132.0 0.9414841414938225
132.5 0.9655116504858093
133.0 0.9061472137331957
133.5 0.8180606319446778
134.0 0.6818263828360897
134.5 0.8273000263652048
135.0 1.3140659054116597
135.5 1.3499474814557022
136.0 0.487121221575022
136.5 1.1745855865408044
137.0 1.547432193404242
137.5 1.611823492729768
138.0 2.002344400746558
138.5 0.7955927249937612
139.0 1.1086733743043125
139.5 1.1646332410423912
140.0 1.8723512655617165
140.5 1.133073676101704
141.0 0.9974456031607264
141.5 1.5011334018611784
142.0 1.5484015475672153
142.5 1.6582185155342766
143.0 1.195663874335899
143.5 1.6161511483749171
144.0 1.4764175999275495
144.5 1.0288033561234233
145.0 1.574049105950026
145.5 1.2845761382151042
146.0 0.74158354385277
146.5 1.322121373747914
147.0 1.5438706842916663
147.5 2.017283984662929
148.0 1.0899530475626718
148.5 1.4300264355799257
149.0 1.941039721295483
149.5 2.057835436213235
150.0 0.9474835355803702
150.5 1.2591255317462204
151.0 1.635203871072417
151.5 1.447066424363713
152.0 1.0119240066433017
152.5 0.7619323345910687
153.0 1.7376753184657372
153.5 0.825922221324444
154.0 1.0570266103108892
154.5 2.1723168657476335
155.0 1.070561842528373
155.5 1.51048499170928
156.0 1.3856196459827084
156.5 0.753963029758646
157.0 0.8754406064377316
157.5 0.8832533091909368
158.0 1.1666036247233333
158.5 0.9377498997539644
159.0 0.647063627866178
159.5 0.5353563399130365
160.0 0.7082257547557258
160.5 0.7922700572953694
161.0 0.5083710604153293
161.5 0.48401621348283835
162.0 0.694828569222055
162.5 0.7291619921861097
163.0 0.8137580642522725
163.5 1.4433618588714983
164.0 0.9316301893131338
164.5 1.7926641630314162
165.0 1.008463397114015
165.5 1.2375241233187297
166.0 1.495017760561279
166.5 1.885565647804388
167.0 1.341117701429892
167.5 0.8878299102281788
168.0 1.2753271627114757
168.5 1.0233738834713952
169.0 0.5650501051055592
169.5 1.8349031507807996
170.0 1.0200789216112762
170.5 1.2381888412413184
171.0 1.2075672706482652
171.5 1.2302020401397025
172.0 1.3708848112582943
172.5 1.007197417944925
173.0 0.794210818729624
173.5 1.5709903186844052
174.0 1.8553700924943581
174.5 1.7583493156795482
175.0 1.1708308902381932
175.5 1.479529232894808
176.0 0.9433984908473154
176.5 0.5434253384986134
177.0 1.0800859208200233
177.5 1.5262263468389556
178.0 1.330278096497084
178.5 1.6295392541249087
179.0 1.9501545600266643
179.5 1.2236877593865116
180.0 0.8807898097871751
180.5 1.3049376502309658
181.0 1.01334259411186
181.5 0.547743441281295
182.0 1.9176345510571604
182.5 0.6778625241151138
183.0 1.4580654767680492
183.5 0.8393897151224725
184.0 1.2345066199282573
184.5 1.6484072454388063
185.0 1.2424150214245446
185.5 1.724529502167523
186.0 1.16824367002593
186.5 1.5493954100920695
187.0 1.8895219826283232
187.5 1.2841565089615308
188.0 1.3065507462372996
188.5 1.4766704264798673
189.0 0.4723019403008534
189.5 1.7401736006357174
190.0 1.2338096028336212
190.5 0.863213895709901
191.0 0.8493966757124
191.5 0.8348626469584175
192.0 0.6989221917541171
192.5 1.8583814559029266
193.0 1.4108218488422457
193.5 1.4550365489227803
194.0 1.1814652612778616
194.5 1.0728770798069558
195.0 0.9308775102748283
195.5 1.495169223198339
196.0 0.9032949804125382
196.5 0.47193116435241866
197.0 1.3048982481574973
197.5 0.8705225369206657
198.0 0.9214366092967273
198.5 1.1733186391687895
199.0 1.1997636951579707
199.5 1.1400283748702784
200.0 1.046781100839647
200.5 1.1592357212090805
201.0 1.5853052030600756
201.5 1.2420041758426326
202.0 1.2726840117816356
202.5 2.0070885796559046
203.0 2.6804655663518986
203.5 2.4125376309358586
204.0 2.05805024334429
204.5 1.3396754691372783
205.0 1.164968175913406
205.5 1.2162777240038691
206.0 1.4151852686085964
206.5 0.844805253973338
207.0 1.9295119860488423
207.5 1.9677038312390303
208.0 1.0367512461322932
208.5 1.301858354181425
209.0 2.2236611987505928
209.5 1.8581930381739984
210.0 1.0951146902775846
210.5 1.4712539179818411
211.0 0.8928371624505023
211.5 2.2628553872943495
212.0 0.9168861181347772
212.5 2.0094628400938346
213.0 1.345992957571739
213.5 1.8546330626176486
214.0 1.2250162244853238
214.5 1.3341299189586024
215.0 1.0368818000100393
215.5 1.2905911647600408
216.0 1.299592897283674
216.5 2.009511644912277
217.0 1.9334374435523365
217.5 2.398057118550633
218.0 1.1848991862338896
218.5 1.1533240586504723
219.0 1.923605741468137
219.5 0.6179235373672917
220.0 1.6988764335934166
220.5 1.1727743384771223
221.0 1.7740685511308223
221.5 1.7432498317384624
222.0 0.278451587953211
222.5 1.8401459832756684
223.0 2.0032870969989656
223.5 1.4399687343767884
224.0 0.9372844770173483
224.5 1.9600980225757074
225.0 1.218063525686166
225.5 1.8693052185683539
226.0 0.8444939374388021
226.5 0.9118533696108637
227.0 1.6998339181890108
227.5 1.415367772953749
228.0 2.205097478000176
228.5 1.5179999520798075
229.0 1.39226378300825
229.5 1.3374149790000154
230.0 1.2135077098958322
230.5 2.005913752581403
231.0 1.0662735816786149
231.5 1.0040628376387288
232.0 1.0437259918870967
232.5 1.8869440364100258
233.0 1.5487789660658902
233.5 1.443615975926719
234.0 1.0104985856571984
234.5 1.370305647530615
235.0 1.3288693326282135
235.5 1.0486263851029805
236.0 1.5146717162213625
236.5 1.2402310965136567
237.0 1.058300711164014
237.5 0.688039804166521
238.0 1.291352408891585
238.5 0.20971777912177347
239.0 1.2164381506661854
239.5 1.249566003795359
240.0 1.2960127278591322
240.5 1.1528525393467979
241.0 1.1971135839284925
241.5 1.1307045520809664
242.0 1.3449974161878075
242.5 1.182055995058913
243.0 0.769533241441918
243.5 1.0395036269817808
244.0 1.0746342153690978
244.5 1.3939853522524142
245.0 1.0295067644663904
245.5 1.2679324330302872
246.0 0.8462965083359013
246.5 1.0717315430467331
247.0 1.011329100931892
247.5 1.6054372953495988
248.0 1.106290373414985
248.5 1.3877515157975095
249.0 0.9065099886406559
249.5 1.0965286195959973
250.0 0.8726698619366191
250.5 0.9826205873691333
251.0 1.0281973352173044
251.5 0.5725776701466407
252.0 0.9368941873072918
252.5 0.8581950862838973
253.0 0.9948999325064691
253.5 0.8425609301380623
254.0 0.915161931538961
254.5 1.0659301652883593
255.0 1.2360178337237235
255.5 0.9399084440575037
256.0 0.7850070549239163
256.5 0.9772412652886926
257.0 1.2427766921368235
257.5 0.8897559870918089
258.0 1.0971162030782526
258.5 1.1094416400633182
259.0 0.9010565545813908
259.5 1.1559232771353218
260.0 1.2729390625574626
260.5 1.1687079908450904
261.0 0.9889731047140695
261.5 1.0232657622215413
262.0 1.0251067319359366
262.5 1.0270298271352876
263.0 0.986025811697273
263.5 1.0250236287231136
264.0 1.0119775085903042
264.5 0.8031571763176348
265.0 0.9699794547969677
265.5 0.9026086259575485
266.0 0.7554006816879786
266.5 1.4494208096316084
267.0 1.2150134882480845
267.5 1.5966717620608142
268.0 1.3207381745048292
268.5 0.7222491506022137
269.0 1.336799547023351
269.5 1.4384436431758394
270.0 1.488700441162706
270.5 1.6034554353821284
271.0 0.7584148323018544
271.5 0.8069494294225734
272.0 0.3999804141051623
272.5 1.0211328517485612
273.0 1.297560551800907
273.5 1.5051089809661091
274.0 0.3754712216874334
274.5 1.950818036071135
275.0 1.2776995223886938
275.5 1.4637376728809777
276.0 1.43191255091008
276.5 1.3347533830321308
277.0 1.4372255643783225
277.5 1.4827763325469163
278.0 0.4163459970869805
278.5 0.8784924541182368
279.0 1.6062686612224195
279.5 1.5219134445493023
280.0 1.7965487577659207
280.5 1.5158077645904455
281.0 0.6664917637204096
281.5 1.5416299670254485
282.0 1.610705013680686
282.5 1.7621948952583169
283.0 1.4619576482213716
283.5 0.9681454484208155
284.0 0.7581467401447819
284.5 1.4492419255682787
285.0 1.241498297120236
285.5 2.3909213932148923
286.0 0.8845980981338106
286.5 1.2620742863624743
287.0 1.328401915093735
287.5 0.5559995632265522
288.0 0.6492889094905445
288.5 1.0563605599465615
289.0 1.2568642029328214
289.5 1.0275633970836493
290.0 1.1580376508601105
290.5 1.3461245408358975
291.0 0.8243122467468007
291.5 0.8732851980055822
292.0 0.7364310210032249
292.5 0.5735862540192317
293.0 0.944822094805752
293.5 0.7674294991186248
294.0 0.8174720932010436
294.5 0.8569921855397957
295.0 0.6410814976564978
295.5 1.0302440827212034
296.0 0.41947322270711856
296.5 0.7773217229006539
297.0 0.7374769616807187
297.5 0.7488760118817366
298.0 1.3855911675467643
298.5 1.4189843986299353
299.0 2.0154212746353317
299.5 1.4562326675114672
300.0 0.685362545757094
300.5 1.717622340134641
301.0 0.22305008839301332
301.5 1.8283540163224201
302.0 0.7831131092221146
302.5 1.1009256811711818
303.0 1.2214573785947347
303.5 1.0721113766699988
304.0 0.8736387058683619
304.5 0.9893219124390702
305.0 0.611898901658182
305.5 0.8428755149348448
306.0 0.8815977459033351
306.5 0.9014332580857295
307.0 0.9873055240307314
307.5 0.8119956741109209
308.0 0.623038533913525
308.5 1.0756777793602126
309.0 0.9852372738852992
309.5 0.7927655119478596
310.0 0.7917998754396047
310.5 1.0825482489597706
311.0 0.9688590397039725
311.5 1.0668265068203697
312.0 0.8847191865207639
312.5 1.1885102872129796
313.0 0.8760208533328429
313.5 1.209282675315379
314.0 1.5079923875703503
314.5 1.4367569953116757
315.0 0.9433493185871377
315.5 1.4576562097164911
316.0 1.3141406732972576
316.5 1.2637604589093274
317.0 0.390460276062654
317.5 1.3093659704654708
318.0 1.8549275358027801
318.5 1.3601757653137267
319.0 1.0736548969885007
319.5 0.8829260031886361
320.0 1.2755718477434477
320.5 1.1239992277264013
321.0 1.5490896426790401
321.5 0.283561314100758
322.0 1.1768818874367681
322.5 1.3361907461813
323.0 1.250394953486726
323.5 2.365874513129673
324.0 1.643058518911076
324.5 1.9806144043875111
325.0 0.45713219830748053
325.5 0.8613443665227403
326.0 1.17878047988809
326.5 1.1401143396183593
327.0 0.7860509430433422
327.5 0.7143363611948621
328.0 0.8580606093168005
328.5 0.6466986740776913
329.0 0.6419106963646295
329.5 0.6918293901282647
330.0 0.7103350042023076
330.5 0.6852174185362134
331.0 0.7288874459801951
331.5 0.6220615720650093
332.0 0.7097683776749144
332.5 0.4657031796921624
333.0 0.6717023647820678
333.5 0.6009812952100482
334.0 0.7643655560578255
334.5 0.5312435850179855
335.0 0.5881350645749224
335.5 0.7133625134365464
336.0 0.6897367256912521
336.5 0.6254947083855013
337.0 0.6389527244807836
337.5 0.6085567567378557
338.0 0.8460536160735219
338.5 0.5787895054946512
339.0 0.7410530752595723
339.5 0.8161396665469514
340.0 0.6897328070967255
340.5 0.7636628470004991
341.0 0.7571898780742252
341.5 0.8933721717275318
342.0 0.6203776466888338
342.5 0.6915048833726125
343.0 0.47141221781233766
343.5 0.6519082111131635
344.0 0.691733270335008
344.5 0.6412432927387373
345.0 1.7315806379304708
345.5 0.9938402735927869
346.0 1.1721826088552272
346.5 1.2174582670047052
347.0 0.46688643041491973
347.5 1.0640943477175568
348.0 1.2638771606092885
348.5 1.0227367440486588
349.0 0.7493957165108184
349.5 0.43220281602496324
350.0 0.8646107144233124
350.5 1.5509060939598776
351.0 0.9940577264213237
351.5 1.6062486275557895
352.0 1.858014475950684
352.5 1.9541350839636062
353.0 1.1459708054292457
353.5 1.5310877165584333
354.0 1.178256670852618
354.5 1.1545569984788646
355.0 0.9066608554889702
355.5 0.9547053827498361
356.0 0.8661388357566637
356.5 1.3903127885823316
357.0 0.7056368954618351
357.5 0.8293022049313539
358.0 0.6717286503899349
358.5 2.4711239097901414
359.0 0.9408063360329338
359.5 1.1622519570301975
360.0 1.2039224411442184
360.5 0.8035852462197484
361.0 1.485542318796936
361.5 1.203926918825386
362.0 1.011362202771791
362.5 0.5688424464069078
363.0 1.5595514868662352
363.5 0.9124485416518806
364.0 0.7907921590970102
364.5 1.1048087041793442
365.0 1.3322412410634423
365.5 1.5939891947574667
366.0 0.6197741788280822
366.5 1.193246334563757
367.0 1.4816732930828602
367.5 0.5879486765894708
368.0 1.0240468559796156
368.5 1.092144067917766
369.0 0.8100950009857824
369.5 0.8040080701406265
370.0 2.047426948409888
370.5 0.9891069439792242
371.0 0.9492330959522509
371.5 0.9857407960524739
372.0 0.9995240661691551
372.5 0.416112813836472
373.0 1.3054983346864082
373.5 1.2845274488686678
374.0 2.0504135649162953
374.5 2.103824670685747
375.0 1.7137098162002227
375.5 1.819094575505414
376.0 1.083548671653957
376.5 1.4579777058876355
377.0 2.0276330531857933
377.5 1.395266378960358
378.0 1.9022881728121073
378.5 1.8125677715795638
379.0 1.8236580665191595
379.5 1.4121212617633692
380.0 0.963851424358616
380.5 1.2280916325335594
381.0 0.9529568848335185
381.5 1.223042622412582
382.0 1.0775969341626608
382.5 1.387117876950233
383.0 0.8131180275517006
383.5 0.8084141112974161
384.0 0.8484141022639912
384.5 0.6098090554274932
385.0 0.8413778118914674
385.5 0.6403726102903945
386.0 0.8856619206824873
386.5 0.8541237692991508
387.0 0.8439043075247804
387.5 0.8594271420371543
388.0 0.8815922399365947
388.5 1.0283443111080468
389.0 0.8330390136422948
389.5 0.7620598605623281
390.0 1.0593600124352112
390.5 0.954229751391918
391.0 0.5787002664978436
391.5 0.7396103967574277
392.0 0.7922045845904667
392.5 1.0005842014435071
393.0 1.4382719047237704
393.5 0.6721112582212431
394.0 0.8872732201892397
394.5 0.8434919989152925
395.0 1.1124477387117642
395.5 0.8686271717421603
396.0 1.1269105794312018
396.5 0.9282501997643205
397.0 1.197159102659855
397.5 0.8898369905027226
398.0 0.5829851718695265
398.5 1.0374004482529933
399.0 1.0509955995525342
399.5 1.3245595191380501
400.0 1.0984263220445971
400.5 1.4788688141000752
401.0 1.5153610635229957
401.5 1.15448036058209
402.0 0.829173080493644
402.5 0.8969083243014464
403.0 0.9254690262782661
403.5 1.062577346762259
404.0 0.9210607576631298
404.5 0.9675402026041726
405.0 1.3671650604122165
405.5 0.7730967043159875
406.0 1.248340267602185
406.5 0.6944413169804468
407.0 1.0829064822706536
407.5 0.8226111191992795
408.0 1.5977181433700238
408.5 1.189925936366854
409.0 1.335013210997256
409.5 1.344637373968849
410.0 1.5391678288538735
410.5 2.4390144396979196
411.0 1.0066578566301168
411.5 1.4341216568784487
412.0 1.3646597174540815
412.5 2.6693504244869546
413.0 1.7879581313762969
413.5 0.6926314889233564
414.0 1.8392335501071573
414.5 1.945396199498374
415.0 1.36324397403855
415.5 0.8693772265220372
416.0 1.6520915007513393
416.5 1.446375613599768
417.0 1.9827064589804886
417.5 1.2678663255695923
418.0 0.5698412529715322
418.5 0.559741286674377
419.0 0.7812497818667209
419.5 1.2234628188240528
420.0 1.2048101713048376
420.5 0.8903608722885318
421.0 1.8419100039180054
421.5 2.2653335979888203
422.0 3.0887143331494906
422.5 2.0309288728363977
423.0 1.1958505917765114
423.5 1.6232316151646793
424.0 1.9929487246697588
424.5 2.2365108254348423
425.0 1.8635053308549518
425.5 2.0856534069507537
426.0 2.036845987006583
426.5 1.9508155568000307
427.0 1.6844458335172767
427.5 1.2114862925458763
428.0 1.4161118186491843
428.5 1.8405506169594985
429.0 2.0177850841205656
429.5 1.8135435005968241
430.0 1.9054853793312323
430.5 2.024831648523161
431.0 1.0394736650384713
431.5 1.7640469055151828
432.0 0.6200970483725792
432.5 0.8301031513008019
433.0 1.099281558042336
433.5 0.7391391537019338
434.0 0.8346851771697409
434.5 1.8392494389598357
435.0 2.5463546417447502
435.5 0.600127741848334
436.0 0.8495893299234578
436.5 1.2496972545833802
437.0 1.276718951613908
437.5 0.6400618485128786
438.0 2.2392843607793975
438.5 1.9714722258125028
439.0 0.6191653580052459
439.5 1.5259449644802987
440.0 0.8197102343095392
440.5 1.82103465861594
441.0 1.674430772375967
441.5 0.9269972515865139
442.0 0.6469988175729507
442.5 1.2481139836771806
443.0 0.7583006383436428
443.5 0.8772040063946629
444.0 0.7623336215507008
444.5 0.5244631261224322
445.0 0.7307301429506251
445.5 0.8556208797945569
446.0 0.785964013090054
446.5 0.804434693792932
447.0 0.9664847129575463
447.5 0.8107985865214989
448.0 0.933319602581572
448.5 0.8442990082358144
449.0 0.7874550388831613
449.5 1.5622548295501248
450.0 0.9589770341370647
450.5 0.6943228996096644
451.0 1.2297090828061568
451.5 0.6356399291535786
452.0 1.13215296933866
452.5 1.1515493518814197
453.0 0.7596845276409789
453.5 0.7501555646843743
454.0 1.541339444881182
454.5 0.935861465905025
455.0 1.2206626280269732
455.5 1.4637354685674562
456.0 0.7538027708430687
456.5 1.007584987465439
457.0 1.5506725317831949
457.5 1.0731736346927396
458.0 1.1779139195196293
458.5 1.2203596354092325
459.0 1.0254266350509418
459.5 0.6978191966558303
460.0 1.0235072541228767
460.5 1.4423892755796883
461.0 1.2063555893013835
461.5 1.2676279275422975
462.0 1.1537222858520724
462.5 1.1873520768511918
463.0 1.6673570261186992
463.5 1.2715877701567444
464.0 1.554520197593281
464.5 0.6857559289440698
465.0 0.4471925155551446
465.5 0.6587044307797558
466.0 0.4673896081046732
466.5 1.429046829094666
467.0 1.0413128029846095
467.5 0.8931977464297362
468.0 1.5444772508429094
468.5 0.7835831857950242
469.0 0.8231746622816852
469.5 0.6764560523479524
470.0 1.7730974972431959
470.5 1.2884183192679797
471.0 1.1502371519881225
471.5 0.8756928419471051
472.0 1.5408935399347916
472.5 0.7901432377166666
473.0 1.6852249851723184
473.5 1.1838491423247526
474.0 0.7714940902237571
474.5 1.4112490851088384
475.0 1.5913252650182943
475.5 0.8368723411437425
476.0 0.8254116240947904
476.5 1.0945754692109346
477.0 1.0121166930721919
477.5 0.9329779592736398
478.0 1.107543872574954
478.5 0.7916293816616038
479.0 0.8404879802734263
479.5 0.8667052933453341
480.0 0.6869784802818466
480.5 0.7531203315910269
481.0 0.7033476531316584
481.5 0.9772794088810928
482.0 0.8623834807855335
482.5 0.8624963917182837
483.0 0.824892081281742
483.5 0.658050243983213
484.0 0.6196515683891943
484.5 0.6025363209749153
485.0 0.9539490773209457
485.5 1.0155032179758179
486.0 0.9430240913111687
486.5 0.9096405577030848
487.0 0.5849636188550743
487.5 0.8020166716948975
488.0 1.0403154757905253
488.5 0.5925797073685658
489.0 0.8854768421863123
489.5 0.6226923559803702
490.0 0.7893715685701632
490.5 1.0901152210160645
491.0 0.8458035909720896
491.5 0.7942473057735253
492.0 0.6634822799440273
492.5 0.8308855002968816
493.0 0.8214750305315145
493.5 0.7426867653992391
494.0 0.8057470652937126
494.5 0.729640333119737
495.0 0.8359846872941359
495.5 0.6384514846684558
496.0 1.048033551972258
496.5 0.5576574951824071
497.0 1.266521712757272
497.5 1.1342451687318404
498.0 0.9289438963446714
498.5 1.303146336867508
499.0 1.4121521613238222
499.5 1.2482119812149812
500.0 1.378563823546486
500.5 0.9780618078848196
501.0 0.5386489835195304
501.5 1.1795675806755819
502.0 1.5084373482867306
502.5 1.065645989267884
503.0 1.2097034807880116
503.5 1.3642413759065053
504.0 0.9003325696106411
504.5 1.0012830548070337
505.0 1.188518933728545
505.5 0.9873541557582439
506.0 1.1939739744351607
506.5 2.1556439943273515
507.0 1.214817269200882
507.5 0.897904594386744
508.0 1.1283299139335075
508.5 0.8552072120354888
509.0 1.156754920526492
509.5 0.9492210335401361
510.0 0.6819711357318765
510.5 1.5891527740691647
511.0 0.9008141663758606
511.5 1.4172026804678624
512.0 1.103225920776962
512.5 0.8435596280681001
513.0 0.9955406318252499
513.5 0.914186348500402
514.0 0.5411745343275557
514.5 1.139845956060645
515.0 0.9618536966256732
515.5 1.5994092180596913
516.0 0.8110602761051184
516.5 1.5228381772801936
517.0 1.104185738940749
517.5 1.3221455900623078
518.0 1.1105521947604546
518.5 1.1214715281517245
519.0 1.086801847950573
519.5 0.94168048862095
520.0 1.7584871805656959
520.5 0.7071606932964523
521.0 1.3842674490934677
521.5 1.9819250867398792
522.0 1.1874893800143105
522.5 1.5566583202453999
523.0 1.805559181580538
523.5 1.2237225771604299
524.0 1.8326628567443288
524.5 1.8668150835688413
525.0 1.333824909033865
525.5 1.879309060447745
526.0 1.1768339243557913
526.5 1.7715401101155006
527.0 1.144386891453634
527.5 1.5205175065690555
528.0 2.3281486647218514
528.5 1.4505646196030066
529.0 1.520061853573932
529.5 1.3822362739062177
530.0 1.3360624464452198
530.5 1.4087126709741213
531.0 1.166934114156581
531.5 1.139409158846548
532.0 1.3448134512549794
532.5 1.2226962464093747
533.0 0.9890376399718358
533.5 1.5922015694710496
534.0 1.3295083933688987
534.5 1.5763506172585977
535.0 1.913448880304336
535.5 1.083305214621981
536.0 1.8714863170187577
536.5 1.7600766517152007
537.0 2.136142889004201
537.5 1.3906653679938326
538.0 1.3919803302136569
538.5 1.188497342325099
539.0 2.03616844865714
539.5 0.939471478958248
540.0 2.127362842312812
540.5 1.3757317959571636
541.0 1.129372632941367
541.5 1.8933558564172013
542.0 0.8429413046587604
542.5 1.4167886577003075
543.0 1.0987286338740607
543.5 1.8239601248358432
544.0 1.3079831023760768
544.5 1.0381555489920293
545.0 1.5476547154482143
545.5 1.4570989912607297
546.0 0.7743172032439938
546.5 2.0331766628138532
547.0 1.7541182350004745
547.5 0.9032520891810656
548.0 2.147208824160014
548.5 1.5116387328407304
549.0 2.543846605214448
549.5 1.309052934031305
550.0 2.316415181865619
550.5 1.762750759922975
551.0 1.5266026486722335
551.5 2.086796151383026
552.0 1.2838780603537634
552.5 1.865446466143033
553.0 0.40078138523565987
553.5 1.6393973350908522
554.0 0.7880829413582484
554.5 0.7367831910648721
555.0 1.253738947775482
555.5 1.999510021404265
556.0 1.4359850868458885
556.5 1.334372690572701
557.0 2.0526006105894394
557.5 2.1062525974702826
558.0 2.1371950354185563
558.5 2.5403853085652086
559.0 1.7175172742783724
559.5 1.2253642497621111
560.0 1.1863929562749056
560.5 0.596156527605711
561.0 1.906027306689803
561.5 1.1060565894029941
562.0 1.9738697526232944
562.5 1.5189874984001437
563.0 2.8072419639963724
563.5 2.0532338721422656
564.0 1.4263162720613674
564.5 1.5075200341812
565.0 2.469804335180736
565.5 1.1936691022628136
566.0 2.1076715690901313
566.5 0.6825817282214917
567.0 2.5331550442044946
567.5 2.1242668206158037
568.0 1.516180685079362
568.5 2.5009392987571997
569.0 1.4493408264380503
569.5 2.6196084788247207
570.0 0.9450938125137435
570.5 1.1325530648216366
571.0 1.395642279767958
571.5 0.7515050687787803
572.0 0.437186182971521
572.5 1.0593390183028026
573.0 1.158856448839504
573.5 0.8852013812261071
574.0 1.0085545888826815
574.5 1.2429252582095631
575.0 0.7150002531707873
575.5 1.2037174019517665
576.0 0.4101393415892486
576.5 1.1704585218194163
577.0 0.9944370271911298
577.5 1.0582106855824536
578.0 1.3493041507083745
578.5 0.9649565759636511
579.0 1.1532174956477728
579.5 0.8314535355540188
580.0 0.9331851277352421
580.5 1.8797564593710905
581.0 1.055393894610313
581.5 1.4162585523549374
582.0 0.8606025332372911
582.5 1.009369074054982
583.0 1.3627448414196688
583.5 1.4591554943314007
584.0 1.318948789161435
584.5 1.0957234495002983
585.0 1.129580330342646
585.5 1.1563287741286188
586.0 0.9878301432510372
586.5 0.7735025085844934
587.0 0.9023469631806063
587.5 1.910683128620756
588.0 1.6129203937871688
588.5 2.0447588393796003
589.0 1.556626551448103
589.5 1.3293352499974116
590.0 1.5297693810099797
590.5 0.7881584552628191
591.0 0.9694799365619058
591.5 1.626657069099401
592.0 1.6269756054718512
592.5 0.9203493352065384
593.0 0.9745804622482248
593.5 0.6774598467283334
594.0 0.9988933876742683
594.5 0.8866238720451733
595.0 1.2116075482011655
595.5 0.8540023433012003
596.0 1.3718494624868762
596.5 0.7939100233476397
597.0 0.672931321353349
597.5 0.693475846260732
598.0 1.248036266231499
598.5 1.5668587174606985
599.0 1.6368487078874103
599.5 0.8947821266889909
600.0 1.559983684818051
600.5 1.8089344789419903
601.0 1.2607638291710468
601.5 2.060060394713644
602.0 2.0451035733729
602.5 1.4792561414667669
603.0 1.762160771538962
603.5 1.163457229780028
604.0 2.2375894739102162
604.5 1.6829948742655478
605.0 1.9283887606962027
605.5 0.693318173384667
606.0 2.0274471462280994
606.5 0.9418432180565952
607.0 1.0542913161874354
607.5 0.9953761815241823
608.0 1.4397671878044147
608.5 1.0330531291427145
609.0 1.2933895250594831
609.5 1.7702779001658908
610.0 0.3802272353802134
610.5 1.4512445143685726
611.0 1.3427053443764023
611.5 1.6370229044487639
612.0 1.7641301400433016
612.5 1.8186224718715036
613.0 1.424768051231835
613.5 0.8930006422576731
614.0 0.9181144985867346
614.5 1.0456879047571164
615.0 0.8530902911094091
615.5 0.47168367486578944
616.0 1.5606837218851375
616.5 1.4198015280044682
617.0 0.569084594821093
617.5 0.8565553782952692
618.0 0.8434959890925275
618.5 0.49789084832520214
619.0 1.1634335512689713
619.5 0.81351287547955
620.0 0.944561392824886
620.5 1.4708281283815556
621.0 0.8524873253125853
621.5 0.98119995277719
622.0 0.7506290795224417
622.5 1.4608427886343613
623.0 0.8700766080865072
623.5 1.0177021526368015
624.0 1.2450983229647328
624.5 0.9583063607015618
625.0 0.7833045058615087
625.5 0.6979033355356559
626.0 0.8387800413434342
626.5 0.8434053183820931
627.0 0.7893866530705202
627.5 0.6262085436222398
628.0 0.8959674703825764
628.5 1.0054338426901377
629.0 0.8846744328638403
629.5 1.062922858337928
630.0 1.099859099490022
630.5 0.9643216530872596
631.0 0.7416808883178163
631.5 1.0324972201046605
632.0 1.3227462206638336
632.5 1.25569437427297
633.0 0.9576589381635756
633.5 1.6581027995026716
634.0 1.5780055690864008
634.5 1.353025443639373
635.0 0.6515784278171126
635.5 0.8168617140688479
636.0 0.7370006742784434
636.5 0.9146683727901936
637.0 0.9847597742807739
637.5 1.2524491930065182
638.0 0.8830646069915039
638.5 1.309586484591371
639.0 1.2942025126260965
639.5 0.6322788192661986
640.0 1.2796693620694177
640.5 0.9562971128929629
641.0 1.5581624115776633
641.5 1.3233799100025667
642.0 1.1940186079386872
642.5 1.1179660468673644
643.0 1.608590268640809
643.5 0.3461718927330706
644.0 1.8536254472016473
644.5 1.6360957650783698
645.0 1.1892937727666828
645.5 1.102277107043471
646.0 1.7489672800913079
646.5 1.722475532426449
647.0 2.2858441808199657
647.5 1.3690018501624954
648.0 2.1735356952379554
648.5 1.926114412893087
649.0 1.6728106280243877
649.5 1.1776835121471976
650.0 1.1037107647217614
650.5 1.067388536460404
651.0 1.6405498016395603
651.5 1.4529525296239383
652.0 1.0575911226631098
652.5 1.339634606344613
653.0 1.7527002997392516
653.5 1.1347857818380092
654.0 1.4171221443975723
654.5 1.5674930089714096
655.0 1.5297700173882236
655.5 2.179457577066932
656.0 0.7948573047701963
656.5 1.1548451475507735
657.0 1.726574369339877
657.5 1.2322093747766512
658.0 2.5951415538772213
658.5 2.107050613005031
659.0 1.6254159131952988
659.5 1.1511054465606707
660.0 1.1530951342808797
660.5 1.1113002240250602
661.0 0.8407482099723975
661.5 1.7734219938637727
662.0 1.800113647221106
662.5 1.2501442293999108
663.0 1.808715970663001
663.5 0.2
664.0 1.4328769384121485
664.5 1.2632888585913564
665.0 1.524752106252254
665.5 1.4474589409613972
666.0 1.794263530567814
666.5 2.2437739574101436
667.0 1.0881835109317128
667.5 1.3203306466163198
668.0 2.2457211778687873
668.5 2.2171344889007645
669.0 1.3621594412157676
669.5 1.9715208282607675
670.0 1.6774073028689138
670.5 0.8619087603298778
671.0 1.8297081385189504
671.5 1.3998100559053008
672.0 3.1305118039378317
672.5 1.0707745165209874
673.0 0.7757721036234237
673.5 0.704048509736811
674.0 0.38988357360508114
674.5 1.0321964429793893
675.0 1.0110995313886182
675.5 2.2944283044162073
676.0 1.5676736300976288
676.5 1.0432811510195856
677.0 1.506074452620779
677.5 1.3231739586749551
678.0 1.0319376485730345
678.5 0.4666301389310272
679.0 2.3321292700185805
679.5 0.4679842481397012
680.0 1.9195502340227795
680.5 1.8688576816592595
681.0 1.4094109265692611
681.5 1.9444991996672505
682.0 2.105390450210598
682.5 1.8204649071541232
683.0 1.1714563693078646
683.5 2.2028849057405235
684.0 0.9333555402334424
684.5 0.9538529328372376
685.0 1.1063872241333084
685.5 1.1049640340435052
686.0 1.3062243353050622
686.5 0.7666478933992984
687.0 1.4095196362239135
687.5 1.5420260597706168
688.0 2.5403408011566055
688.5 1.7698728157081525
689.0 2.3328069507370763
689.5 0.6921911709879496
690.0 2.379730584209782
690.5 1.6703818239480053
691.0 2.5109404938089908
691.5 0.9882494753776859
692.0 0.9302099797778233
692.5 0.729234376365515
693.0 0.9498903018086462
693.5 0.6074977447198071
694.0 1.0239349997369693
694.5 0.6234447550578991
695.0 1.4705373068173715
695.5 0.8153576216732035
696.0 1.256299211816641
696.5 1.1330259712112845
697.0 1.1404776835378743
697.5 1.1431627993331084
698.0 1.4114001438406814
698.5 1.4488247371741028
699.0 1.1924273993234469
699.5 0.9637815444870788
700.0 1.047887789611233
700.5 1.3381873695709978
701.0 1.143419452331718
701.5 1.2848438541567593
702.0 1.6507327322031082
702.5 1.9858682847545213
703.0 1.9753724634766754
703.5 2.52759059329691
704.0 2.0936158511246936
704.5 1.2767627736671856
705.0 1.584997953461032
705.5 0.8883019175197908
706.0 1.2366736838356833
706.5 1.1058254727288366
707.0 0.988945838770715
707.5 1.3876564349981255
708.0 1.384153385293511
708.5 1.3885206847707068
709.0 2.488898745852902
709.5 0.8435842303857253
710.0 1.8413050767746086
710.5 1.5326879993147415
711.0 0.7263922818304009
711.5 1.4894437162112686
712.0 1.1591020646716452
712.5 1.658606529352867
713.0 1.7417595609404084
713.5 1.05913866640881
714.0 0.9316895655592984
714.5 0.9633200440018934
715.0 0.8012080334964495
715.5 1.2084955422007866
716.0 1.3160788020629979
716.5 2.132550274795946
717.0 0.9375958982804226
717.5 0.9946792314428521
718.0 1.9440354448218915
718.5 1.6600405031368672
719.0 0.7949482921979494
719.5 1.8870577048311143
720.0 1.7475813689844948
720.5 1.235419856540192
721.0 1.6776343301127656
721.5 1.0641131511875863
722.0 2.1300454777495377
722.5 1.5560673788627555
723.0 2.215718206010513
723.5 0.9194770021848441
724.0 0.804565311026629
724.5 0.7847762751404955
725.0 1.0898128963616547
725.5 1.5415995971867995
726.0 1.1995778108319946
726.5 0.4750801778890915
727.0 1.4689533243320203
727.5 1.3546870028726175
728.0 1.4159255212516402
728.5 1.1536583117863148
729.0 1.220709783771191
729.5 0.8281035804390882
730.0 0.4200089948870611
730.5 1.069866666260891
731.0 0.8365254433197579
731.5 0.9111289656807187
732.0 0.8247009140748242
732.5 0.8149105820924785
733.0 0.9395161357847859
733.5 0.8159061682408385
734.0 0.940326347591576
734.5 0.42316973088690124
735.0 0.9600604808141907
735.5 0.7827783076751784
736.0 0.8180587404072717
736.5 1.4060332561687838
737.0 1.5934131561376423
737.5 1.3384405611971397
738.0 1.118047610027798
738.5 0.7167590710698601
739.0 0.6276580722813735
739.5 1.0721827828885167
740.0 0.7436057760282011
740.5 0.8803573205984194
741.0 0.9234067465641361
741.5 0.9673558135657331
742.0 0.6793431989246743
742.5 0.6980315099734411
743.0 0.6093153500322338
743.5 0.970387957786327
744.0 0.9042916787160203
744.5 0.8721912237244618
745.0 0.590829581262181
745.5 0.3589858523161802
746.0 0.8240691988391272
746.5 0.8807555351555829
747.0 0.8021946745543839
747.5 0.5976716077283242
748.0 1.1849533878971297
748.5 0.7154249693241006
749.0 0.7328286263960515
749.5 1.065515347036258
750.0 0.9250074456084092
750.5 0.6810784072330702
751.0 0.8091495428123714
751.5 0.554517082967803
752.0 1.013916179431877
752.5 0.9732168667220744
753.0 0.8965669040559614
753.5 0.7497328671448066
754.0 1.092828378262114
754.5 1.1444283091790364
755.0 1.2758658626038764
755.5 0.9985626605780127
756.0 1.5364899794183655
756.5 0.723055901025152
757.0 0.8694636329844784
757.5 0.8248367158293481
758.0 0.7452897778905583
758.5 1.1696047775572764
759.0 0.7501244376652785
759.5 0.6360447071133258
760.0 1.675151227183456
760.5 1.406669945295351
761.0 0.7167094860693375
761.5 0.6582069996341681
762.0 0.49922955390427787
762.5 0.7983682290577789
763.0 0.7158191276506274
763.5 0.8467176237672682
764.0 0.7089101699011484
764.5 0.8030161866828152
765.0 0.7851961155591209
765.5 0.7755839649039464
766.0 0.6962352302177102
766.5 0.7149356609056416
767.0 0.7280530429383718
767.5 0.6708783650761944
768.0 0.6177801139324662
768.5 0.8279954356925783
769.0 0.6666019878662843
769.5 0.7702224360236767
770.0 0.6578089734027928
770.5 0.8124347715842277
771.0 0.8284878315366231
771.5 0.7133079172148997
772.0 1.3346024080937848
772.5 1.7574589904240165
773.0 1.5273982663741854
773.5 1.615391163026203
774.0 1.8506552883485523
774.5 0.7795458369434574
775.0 0.885044861141104
775.5 1.0413085107550637
776.0 1.1466262934199818
776.5 0.5802793787823302
777.0 0.7182134654144927
777.5 0.755747176945214
778.0 0.7183943417859417
778.5 0.6656455352589881
779.0 0.5361077763059533
779.5 0.732014502867222
780.0 0.6683364754509591
780.5 0.8403764503254318
781.0 0.8169381086769743
781.5 0.716880013832143
782.0 0.44921041773384945
782.5 1.2926601308653434
783.0 1.578917623755376
783.5 0.9430014262472426
784.0 0.8604735432130466
784.5 0.9087215630116133
785.0 1.475886312395359
785.5 1.0612510491746177
786.0 2.4208728545034948
786.5 0.42071519656522716
787.0 1.7803959073231355
787.5 1.9472879959652163
788.0 1.17905874920944
788.5 1.5845760988071935
789.0 0.9086724336087155
789.5 1.3632625446407345
790.0 1.5917061297686887
790.5 1.250920035784993
791.0 1.2917231848750206
791.5 1.3931762016861635
792.0 1.651927891633198
792.5 1.2945010761135611
793.0 1.877140551495911
793.5 1.1528039084542505
794.0 0.9808137388935173
794.5 1.3324985336869912
795.0 1.8382526607411176
795.5 0.6949929044392233
796.0 1.5869418340739778
796.5 1.0413682588146764
797.0 1.5483793794303193
797.5 1.642114980469343
798.0 0.8362518502510194
798.5 1.7885462629062916
799.0 1.5196678187085269
799.5 1.283008090472792
800.0 1.200224812286344
800.5 0.6485510750357386
801.0 1.0057702515364808
801.5 1.4432792036911615
802.0 0.7641960139574645
802.5 1.5251313056486986
803.0 1.3777417383429178
803.5 1.198007345531288
804.0 1.972041264385056
804.5 1.4570389448491134
805.0 1.3030291759324757
805.5 1.0511527769490714
806.0 0.6468975975064046
806.5 0.9824735503466631
807.0 0.9074907089192442
807.5 0.8512333373382797
808.0 0.9584671147015267
808.5 1.1243295987727375
809.0 0.9932196885537836
809.5 0.8779690327353953
810.0 1.2370403003070294
810.5 1.0587851137282664
811.0 1.104131369840702
811.5 1.2333311010356254
812.0 0.8591894454913078
812.5 0.9988603025728708
813.0 1.4352615049224302
813.5 1.2900346485923815
814.0 1.1600062573844294
814.5 1.6321873333888215
815.0 1.2338407796028832
815.5 2.1372278920296215
816.0 1.7656699041838357
816.5 1.735989027968863
817.0 2.22178742326148
817.5 1.984587520357689
818.0 0.7087359943073004
818.5 2.1055206543056095
819.0 1.4503593239896007
819.5 1.4101639233574013
820.0 1.8639226947490166
820.5 1.3182322800950679
821.0 1.7322845475127573
821.5 0.7322507497889184
822.0 1.0808016977933597
822.5 1.1456995822589988
823.0 0.7669467685749807
823.5 1.4280481469127864
824.0 1.1069737270700617
824.5 1.6388703421832014
825.0 1.328909760756936
825.5 1.1448619060463894
826.0 1.0873358879064878
826.5 0.7770582346663515
827.0 1.422327535925647
827.5 0.9084295820468187
828.0 0.928394887342656
828.5 1.2118466261841114
829.0 0.872265715795804
829.5 1.0388823705774233
830.0 1.1215905899459693
830.5 0.934722910854725
831.0 0.8850572502478792
831.5 1.6576675225007802
832.0 1.452103219725704
832.5 0.7499964455508624
833.0 1.4566435337669965
833.5 1.794466682265934
834.0 1.7188714848137272
834.5 1.7297404667537517
835.0 2.2544512993805923
835.5 1.6651307568006977
836.0 1.5719412182979362
836.5 2.091891000763008
837.0 2.2939716006694924
837.5 1.8989180989026064
838.0 1.3411926276828394
838.5 2.3999584512799363
839.0 2.668253625022638
839.5 2.165128943086412
840.0 2.0534790417147413
840.5 2.1843212509646843
841.0 1.1148028567392834
841.5 1.3295328630480046
842.0 1.370607681444031
842.5 2.2749398444621116
843.0 2.0761915645354643
843.5 1.645641013214662
844.0 1.7247499909549322
844.5 1.7397855451883784
845.0 1.852775627607656
845.5 2.1733369909541747
846.0 1.174708077226064
846.5 1.462656320833489
847.0 1.98740602804279
847.5 0.4217913101289228
848.0 1.7766359991184566
848.5 1.7178228511051536
849.0 0.7489702552612425
849.5 1.0540685713775175
850.0 1.399871974327697
850.5 1.2436521370118592
851.0 1.3766142307331153
851.5 1.3634951037742262
852.0 0.9802122607433077
852.5 1.1047923394577568
853.0 1.4705557916212646
853.5 1.029513448229744
854.0 0.8060842383009375
854.5 1.4888921224934528
855.0 1.5260730938575058
855.5 1.0944784227760254
856.0 1.0731169175329496
856.5 1.4755907193488138
857.0 0.9094038647165048
857.5 0.5508579651232446
858.0 1.1806508512124427
858.5 0.9870473402486686
859.0 1.1073641586400833
859.5 1.2699930880218213
860.0 1.4988665138714834
860.5 1.5333441022119347
861.0 1.8347579718882499
861.5 0.9325098762786355
862.0 1.6715281037827383
862.5 1.1959783977080645
863.0 1.2094808076968815
863.5 1.2048900178566564
864.0 0.9692946359224817
864.5 1.9440447851547282
865.0 0.9385639426786427
865.5 0.8345307176432046
866.0 1.1818187220691239
866.5 1.1127439202842433
867.0 0.8431045635574821
867.5 0.9004036308259573
868.0 0.7329870425123741
868.5 0.9396922127885163
869.0 0.5849747399332913
869.5 2.1283957987469257
870.0 0.3505150150985701
870.5 0.3850074771137799
871.0 1.6857393065593689
871.5 1.6219021365194584
872.0 1.5443649867722584
872.5 1.2431245074190138
873.0 2.1143609390796665
873.5 2.0186489447850007
874.0 1.8035278524404463
874.5 0.2
875.0 1.526771943035025
875.5 1.043523786748474
876.0 2.184732702803567
876.5 0.6968284909180383
877.0 1.8901861144945253
877.5 1.478578158373191
878.0 1.6547962109564893
878.5 1.0704035091186568
879.0 1.1984691346459908
879.5 2.1536115192846883
880.0 1.3727761805057574
880.5 1.4635586384096428
881.0 0.569704493877328
881.5 1.765921145491374
882.0 1.2983133099930404
882.5 1.3100978435983677
883.0 1.7138027227228578
883.5 1.593975384170121
884.0 2.4634380191392506
884.5 1.0161494608301518
885.0 0.9654886850146491
885.5 1.538348342842362
886.0 1.527452559139268
886.5 1.9052592538263478
887.0 1.4453665020849256
887.5 0.2
888.0 2.3247958642150977
888.5 1.3408552662848383
889.0 2.0440751078766453
889.5 0.7755453955111041
890.0 2.2543433159968167
890.5 1.3327478501505823
891.0 1.5029153318775705
891.5 2.0663345334416183
892.0 2.46475921280814
892.5 0.7192332406745787
893.0 1.0261378215424897
893.5 1.319262970410234
894.0 0.925359344419767
894.5 1.132642910400163
895.0 0.8341496847462357
895.5 0.7769191248954608
896.0 0.6702301766350962
896.5 0.8388947728160483
897.0 0.7118747038955109
897.5 1.0546797970357742
898.0 1.7242763873919373
898.5 1.0613147756675483
899.0 0.8194055086944497
899.5 0.8581275910377129
900.0 0.875934215749903
900.5 0.8034064568760273
901.0 0.5007475969437396
901.5 0.9130252604931415
902.0 0.6367167634243152
902.5 1.0019184294458785
903.0 0.7162376793781556
903.5 1.4075516607865874
904.0 0.8974561433349847
904.5 0.6762562404427779
905.0 0.9635903590356552
905.5 1.2620293959765907
906.0 1.569699532288813
906.5 0.7131526484901718
907.0 1.1196023201263523
907.5 1.2159765236670308
908.0 1.7719380997575376
908.5 1.1332714715291803
909.0 2.1844373117192424
909.5 1.489610833394951
910.0 1.2652917964912092
910.5 1.5575219802225737
911.0 2.2656083208901854
911.5 1.0337803160419334
912.0 1.113386177717097
912.5 1.6695000670059343
913.0 1.983038695269756
913.5 1.3214454061031844
914.0 1.1201958232653977
914.5 1.6575800422621898
915.0 1.5865271967277876
915.5 1.1384058062982256
916.0 0.8889211829612991
916.5 0.9558509513078839
917.0 2.0182102024195645
917.5 1.3513652581205222
918.0 1.7965139671360935
918.5 1.7352879516058832
919.0 1.9656515746339507
919.5 0.8891389416774389
920.0 1.705017128332806
920.5 1.3432256037729524
921.0 0.9088928235386925
921.5 1.4049345448468227
922.0 0.3307426903989015
922.5 1.1424956006663598
923.0 1.51325067796637
923.5 1.4025410366984055
924.0 1.0642188219091477
924.5 1.1980831418965117
925.0 0.9944668346119616
925.5 0.8872542255375823
926.0 1.0403865023733925
926.5 0.960165563757905
927.0 1.6374605015968875
927.5 0.7108025197763204
928.0 1.1627767084168323
928.5 1.1810298368319323
929.0 1.2248978066680873
929.5 1.303469947432419
930.0 1.1656783811601028
930.5 1.5460350651174029
931.0 1.2131832527874833
931.5 1.1514675094403277
932.0 0.3243542580342472
932.5 1.078860235288826
933.0 1.7155268533318877
933.5 1.6960077243255036
934.0 0.5422358558159636
934.5 1.2034691547347591
935.0 1.2512069293603716
935.5 1.7758687654409773
936.0 0.6855800324885057
936.5 1.3903804598024314
937.0 1.2279136009652671
937.5 1.1978630751547645
938.0 0.8285945445181673
938.5 0.6242490222358347
939.0 1.3822605909491887
939.5 1.415623861021559
940.0 1.4091900475307917
940.5 1.3012781929330546
941.0 1.1369461746532092
941.5 1.6782598592578548
942.0 1.3448623484270232
942.5 1.115129620857445
943.0 1.4999559847226571
943.5 1.259864339540009
944.0 0.7524434676757318
944.5 1.0514192852016144
945.0 0.9192793727777172
945.5 1.9050858982092236
946.0 0.9246599880222091
946.5 0.8409896612896401
947.0 1.6817912777159305
947.5 0.9597172844381043
948.0 1.4342548895100107
948.5 2.2306272130253353
949.0 1.0143855328873002
949.5 2.73500861156603
950.0 0.8393430448643338
950.5 0.5709831835627873
951.0 0.8256998835149516
951.5 2.4479986501624706
952.0 0.9826225847061872
952.5 0.7563123438255448
953.0 1.9643319431825255
953.5 0.9303281821583088
954.0 1.4560945606204636
954.5 1.0654929319072175
955.0 0.9400421715513807
955.5 0.7795798257418765
956.0 0.718488134602238
956.5 0.8982182868728973
957.0 0.9826041418406126
957.5 1.8661930517561665
958.0 0.44468253781084743
958.5 1.08542851633666
959.0 1.218336484221656
959.5 0.7010874656928507
960.0 0.6981592314513277
960.5 1.1191604213769366
961.0 1.7497910218915271
961.5 0.5977565735884447
962.0 0.8342470922156342
962.5 1.5415444287135394
963.0 0.7388507908314124
963.5 0.9169510582046443
964.0 0.6105370741715488
964.5 1.2750419184528021
965.0 1.180589335266986
965.5 1.0883026864514274
966.0 0.5288309453411452
966.5 1.164872912304626
967.0 0.9150807357653608
967.5 0.9383070637368315
968.0 1.408311125714664
968.5 1.5626058163560708
969.0 1.3318413238601061
969.5 1.6624636579637964
970.0 1.5282334909816822
970.5 1.4332726436758318
971.0 1.5533358968091542
971.5 2.3606240990335343
972.0 1.923490745287489
972.5 1.0907940571527308
973.0 1.170748550297072
973.5 0.8532158519564973
974.0 1.6343952083139182
974.5 1.395834230807627
975.0 2.1618046217684386
975.5 1.3236221460635287
976.0 1.0046124303682333
976.5 0.9105023788419633
977.0 0.9223805748719153
977.5 1.5644661221280165
978.0 1.0004891006352445
978.5 0.8706589827519049
979.0 0.42335285392238675
979.5 1.3573251872082261
980.0 1.5442248234680753
980.5 1.1997790709236822
981.0 0.9860404870308535
981.5 1.2518475797121873
982.0 1.0285108098110838
982.5 1.2312944088632447
983.0 1.1302442275138926
983.5 1.1974886554957174
984.0 1.1636616922359817
984.5 2.0898737090718367
985.0 0.8079903105907768
985.5 2.063836087747446
986.0 2.207559916597061
986.5 0.8693115231092183
987.0 1.7406637514836423
987.5 1.2997380229219249
988.0 1.2727609848106556
988.5 1.364033820334077
989.0 1.5136141734936202
989.5 1.195165220259291
990.0 1.4187869161374598
990.5 1.0954269318829035
991.0 1.611218202928388
991.5 1.048033958902499
992.0 1.5045204473830232
992.5 1.500988670947375
993.0 1.7232351589361492
993.5 1.7238160272586724
994.0 1.6110554431753554
994.5 2.5037311356685175
995.0 2.624845727097423
995.5 0.9842648771293232
996.0 1.7202640354034688
996.5 1.2006178328127093
997.0 2.114824338509222
997.5 1.718826034894735
998.0 0.8952701111264564
998.5 0.732284002099971
999.0 0.8181910299808003
999.5 0.6427096561205884
1000.0 0.9305152330757129
1000.5 0.8289582998565619
1001.0 1.0978676722307235
1001.5 0.8086963938057543
1002.0 1.1310346139443694
1002.5 0.9281377237971731
1003.0 1.1099730053394639
1003.5 0.5361516134569071
1004.0 1.7798777066386517
1004.5 1.1468648726460127
1005.0 1.024864486456484
1005.5 1.0020081908630272
1006.0 1.529255838086232
1006.5 1.743680837083614
1007.0 2.329313105041484
1007.5 0.7256266036109095
1008.0 1.5673774767850235
1008.5 1.2959222105913644
1009.0 1.291474404434192
1009.5 1.1815609170297612
1010.0 0.9099915208925458
1010.5 1.5967919975836846
1011.0 1.4862509150066001
1011.5 1.7420263148046204
1012.0 1.774881808533018
1012.5 1.3505054359837285
1013.0 1.434480845891442
1013.5 1.6073144127047512
1014.0 1.1664450742656596
1014.5 1.3007762506258274
1015.0 1.7214889444154096
1015.5 0.8809917008101658
1016.0 0.9757695226631198
1016.5 1.2202260593314984
1017.0 1.5937463825894171
1017.5 1.5492279570714251
1018.0 1.513776576417592
1018.5 1.9640792528204747
1019.0 0.8375771842003741
1019.5 2.0792636814951724
1020.0 0.6047563068269706
1020.5 0.9903931329891482
1021.0 1.3691696874036876
1021.5 1.4388315524799917
1022.0 1.5215959928347833
1022.5 0.8031542951623842
1023.0 1.5222012776662348
1023.5 1.8352061986793566
1024.0 2.6218177669967337
1024.5 1.1259888450659559
1025.0 1.357401787730287
1025.5 1.626028877022411
1026.0 1.1447682721570855
1026.5 0.8756720907278088
1027.0 1.1229733470150038
1027.5 1.8437009427298592
1028.0 2.0352458353911413
1028.5 1.4752954907331628
1029.0 1.7814413243517935
1029.5 1.5998283467782093
1030.0 0.9796865806133854
1030.5 1.0104893361963674
1031.0 1.123631578933455
1031.5 0.9415314183203904
1032.0 0.8573904014916357
1032.5 0.9380189190509409
1033.0 1.1690625670738122
1033.5 1.262085285914312
1034.0 1.412840184291405
1034.5 0.718793684390341
1035.0 1.704879953183453
1035.5 1.0295034675530015
1036.0 1.1276669655042488
1036.5 0.7726238663042486
1037.0 0.9799142164882888
1037.5 1.405998230200294
1038.0 1.2884650645479703
1038.5 0.8000228336158899
1039.0 1.1757891697582568
1039.5 0.5439309688753513
1040.0 2.3636967107177824
1040.5 1.2396319968195881
1041.0 1.5178631777071263
1041.5 2.1291387234256933
1042.0 0.7418569399274212
1042.5 1.8887684295315563
1043.0 0.8258120758442307
1043.5 0.9288162604964981
1044.0 0.6147769874233473
1044.5 1.287819104780513
1045.0 1.5391024339650492
1045.5 1.2981635857561655
1046.0 0.5161884574514363
1046.5 0.9947592595443419
1047.0 1.4941008903893778
1047.5 1.467839088559352
1048.0 2.1617492807222187
1048.5 1.7820527720273187
1049.0 2.30076652589233
1049.5 1.388559511778268
1050.0 2.806948267960295
1050.5 2.7250757077960355
1051.0 2.4310599100226313
1051.5 1.4474304426940847
1052.0 1.3404254779459777
1052.5 0.8725648206650827
1053.0 1.7363614093332895
1053.5 1.5084766211967073
1054.0 0.8871970658943168
1054.5 1.1090313655729243
1055.0 0.8180406414870002
1055.5 0.6754382314859549
1056.0 1.0638490453271137
1056.5 0.7652339736845007
1057.0 0.6026914865701544
1057.5 0.8658972615287602
1058.0 0.8156490124122174
1058.5 0.9004574156628045
1059.0 1.0485505582026846
1059.5 1.442256494983452
1060.0 1.0619239779579304
1060.5 1.0086861284553934
1061.0 1.3850471878508162
1061.5 1.7428999487610333
1062.0 1.9722260036800763
1062.5 2.843813043421026
1063.0 1.4115466298382477
1063.5 1.0434305946454994
1064.0 0.840214242804306
1064.5 0.7804350499988811
1065.0 0.8464919718148575
1065.5 0.8457437923738333
1066.0 1.0953845961618232
1066.5 0.7484277762669641
1067.0 0.7242362148325197
1067.5 0.940792395802368
1068.0 1.2597858112238203
1068.5 1.2698910697790577
1069.0 1.1577871302669318
1069.5 1.1203144082556546
1070.0 1.6263467225495247
1070.5 0.9414417127114714
1071.0 2.165378274683186
1071.5 0.7271289862544288
1072.0 1.020978915306682
1072.5 1.4756201202110117
1073.0 1.6241600778501502
1073.5 1.1431636006874206
1074.0 2.4613801633792267
1074.5 2.434433759891609
1075.0 2.368709433692074
1075.5 1.7593009324973954
1076.0 1.695062712561845
1076.5 1.8802479020155982
1077.0 1.2783226986203031
1077.5 1.02507173645578
1078.0 0.3948650707246679
1078.5 0.9023324455536998
1079.0 0.2
1079.5 1.497947246441965
1080.0 1.7468916883003869
1080.5 1.8521871298183306
1081.0 1.5816552641369204
1081.5 1.474263250487684
1082.0 1.4705761212592514
1082.5 1.4252190688418251
1083.0 1.6195967753350733
1083.5 1.4462591562358913
1084.0 1.1330912711720917
1084.5 0.8139863652629857
1085.0 0.9297750933428919
1085.5 1.1265048983522064
1086.0 0.7935296313291353
1086.5 0.929532374650957
1087.0 2.029840912381112
1087.5 1.4212283178992353
1088.0 0.8818998134445971
1088.5 1.1095396381447353
1089.0 1.547758598767496
1089.5 0.947071679432219
1090.0 1.048303060262758
1090.5 1.2580119758556905
1091.0 1.2632465236906074
1091.5 1.1089573113632691
1092.0 1.098070306859304
1092.5 1.3682905363120215
1093.0 1.437138556229532
1093.5 1.3688096313481215
1094.0 1.3968944535048493
1094.5 0.9814044447899357
1095.0 0.36248699904499115
1095.5 1.4809953111902203
1096.0 1.2498949000045458
1096.5 1.1621422645778803
1097.0 1.036764977842625
1097.5 0.8793754771576304
1098.0 1.1338671202584034
1098.5 1.3103965057132463
1099.0 0.9363665041341744
1099.5 1.1786884851986068
1100.0 1.1902513846607568
1100.5 1.1398486863953194
1101.0 0.740239436781033
1101.5 1.56934856845309
1102.0 1.3731198129393185
1102.5 0.5886665285045473
1103.0 1.1019367138370528
1103.5 0.832546957732293
1104.0 1.1009209214402644
1104.5 0.9442951024190391
1105.0 1.0540704547795574
1105.5 1.3055951248615398
1106.0 0.9456975039692574
1106.5 1.5558555945255264
1107.0 1.3285229555234344
1107.5 1.185995542258507
1108.0 1.3165176356078687
1108.5 0.7050642268851821
1109.0 0.9644900077488868
1109.5 0.836825756870719
1110.0 0.8756572929044013
1110.5 0.7609200841240902
1111.0 1.473070157129034
1111.5 0.983311436401748
1112.0 1.3882751600911951
1112.5 1.2205120993232144
1113.0 0.802151414158013
1113.5 0.8418858281032575
1114.0 0.9901714328803514
1114.5 0.6659609799490849
1115.0 1.4379841959213655
1115.5 0.7856966294089439
1116.0 1.6944432552246682
1116.5 1.7696511494173623
1117.0 1.6154331446685137
1117.5 0.636952268982476
1118.0 1.3519958202943296
1118.5 1.4890777219368427
1119.0 1.8386212014020025
1119.5 2.4736121205111923
1120.0 1.6078599575978232
1120.5 1.6360850124668662
1121.0 1.2797165300366653
1121.5 1.3618901669256707
1122.0 1.3067491272931102
1122.5 1.195707533895467
1123.0 0.2216300549481407
1123.5 2.202062677742486
1124.0 0.41735958151676733
1124.5 1.4082184796033173
1125.0 1.7544951651384348
1125.5 2.0199968447372694
1126.0 1.233267413466396
1126.5 0.8536682924810828
1127.0 1.2586489609163958
1127.5 0.8823013142328001
1128.0 1.070309094326553
1128.5 2.1031340738072037
1129.0 0.954489639996436
1129.5 1.6737394552485008
1130.0 1.8774757735773382
1130.5 1.2587737157818923
1131.0 0.9583279940268031
1131.5 1.7330390229347123
1132.0 1.5679155516837628
1132.5 1.2110286725027486
1133.0 1.1535880681731163
1133.5 1.9814736290057606
1134.0 1.4620965331072642
1134.5 0.7739575749294331
1135.0 0.8803808618438174
1135.5 1.0504770023927317
1136.0 1.2646566281286111
1136.5 0.36764387204948373
1137.0 1.003712573284896
1137.5 0.9234322702674993
1138.0 0.5764098755204545
1138.5 2.797560510111257
1139.0 2.115603770838045
1139.5 0.5994049902661727
1140.0 0.6440348848968039
1140.5 0.9118283482801752
1141.0 0.9200369928662693
1141.5 1.3349763805227708
1142.0 1.6939506083758546
1142.5 0.5315261725640327
1143.0 1.592343193738155
1143.5 1.3882840825778948
1144.0 1.595058765082492
1144.5 0.9691575411154402
1145.0 0.9422003755704522
1145.5 1.3659414157071537
1146.0 1.0487671510232555
1146.5 1.1754802480349467
1147.0 1.3288681502680648
1147.5 1.252527559340941
1148.0 1.233242063856279
1148.5 0.636604403557354
1149.0 1.015725090239469
1149.5 1.1605792803636334
1150.0 1.6655830194395762
1150.5 1.4193811217305958
1151.0 1.1155700316367112
1151.5 0.797064086411923
1152.0 1.2243733890242448
1152.5 1.3380854896363474
1153.0 0.8848164034653206
1153.5 1.3816504478643505
1154.0 1.24770621985002
1154.5 1.146890119362596
1155.0 0.7404146335620958
1155.5 1.3023586723428635
1156.0 0.6760756465158237
1156.5 1.070675753134356
1157.0 1.5168215408051715
1157.5 2.1341423725806727
1158.0 0.6582020373523603
1158.5 1.587761957967652
1159.0 0.6201584223256545
1159.5 0.8678651433779523
1160.0 0.9382262351040517
1160.5 1.3916005806902927
1161.0 0.7100029469917926
1161.5 1.1669859828829998
1162.0 0.9635314323158419
1162.5 1.025634339075583
1163.0 0.8144717222193302
1163.5 0.4125095181250071
1164.0 1.2677083903584885
1164.5 0.6473177888408117
1165.0 2.100673337758838
1165.5 1.7160490063588147
1166.0 1.2016334576815173
1166.5 2.045263019503685
1167.0 1.3920098446316935
1167.5 2.6623315510050274
1168.0 0.938233586823433
1168.5 2.1719194292367225
1169.0 2.4148603425378043
1169.5 1.4222118882623342
1170.0 1.4591229050481218
1170.5 0.5044586392089219
1171.0 1.4325773987979282
1171.5 1.773416702641438
1172.0 1.9981910514465284
1172.5 1.1072414185835655
1173.0 1.3117152702792314
1173.5 1.3615906567879046
1174.0 1.729739897637673
1174.5 1.3095915795689983
1175.0 0.5198705656504587
1175.5 1.4558378427820178
1176.0 1.0531654008682079
1176.5 0.5513965888878459
1177.0 0.48163754127953096
1177.5 1.6990436741853805
1178.0 1.0612444198610087
1178.5 1.6929627580313773
1179.0 0.7615995019442273
1179.5 1.4400862030669892
1180.0 1.06891390715426
1180.5 1.3133389502855222
1181.0 1.0276126578515927
1181.5 1.0286348027144878
1182.0 1.2294266483327032
1182.5 1.4635163588253448
1183.0 1.7690153128822694
1183.5 1.7275901740366046
1184.0 1.3166640399645435
1184.5 1.6143760033860803
1185.0 1.0143865786677422
1185.5 1.001716927943801
1186.0 0.6899033032997923
1186.5 1.071078893039247
1187.0 1.2351283997631306
1187.5 1.7463338027293913
1188.0 1.4747133150153933
1188.5 1.1294225871242478
1189.0 1.362750892968905
1189.5 1.5005310399575031
1190.0 1.5654884144297947
1190.5 1.2313720717257166
1191.0 0.7907764978602008
1191.5 0.5293230756246458
1192.0 2.0180786514553812
1192.5 2.2031699485576937
1193.0 0.4098513793844769
1193.5 2.033601323853317
1194.0 2.6160014275504953
1194.5 0.8391969986488633
1195.0 1.5990533374362799
1195.5 0.9682631201012869
1196.0 1.0657059741748924
1196.5 1.0497684070538293
1197.0 1.011684452142688
1197.5 0.8396332659529558
1198.0 0.9790940330309725
1198.5 1.1828974426071979
1199.0 1.067738264118089
1199.5 1.022121565583595
1200.0 1.492658082063644
1200.5 0.8178382165162915
1201.0 0.5919266406702561
1201.5 1.0243613860774623
1202.0 0.6699638790653162
1202.5 1.5160945585142351
1203.0 0.36866817329502166
1203.5 1.3113136823984068
1204.0 1.121835576391301
1204.5 1.883081473734093
1205.0 1.216878518629562
1205.5 1.9788960390873205
1206.0 1.9400861317496754
1206.5 1.6952747263364127
1207.0 0.7825834695891585
1207.5 1.4205540190477972
1208.0 1.077743985878398
1208.5 1.0989592443504963
1209.0 1.7116264632792162
1209.5 2.42046704349831
1210.0 0.733496878265537
1210.5 1.8379899264799526
1211.0 3.2118246090348426
1211.5 1.7611304494004698
1212.0 1.8080309099535814
1212.5 1.8678446295369364
1213.0 1.5027032851997753
1213.5 1.2419382662374605
1214.0 0.7186220758735863
1214.5 1.170728312220585
1215.0 2.253217485965038
1215.5 0.7599087085603132
1216.0 1.7851627728340715
1216.5 1.3295426832916015
1217.0 0.5460658096136308
1217.5 0.3431771270966577
1218.0 1.229799164604548
1218.5 1.8375759252700825
1219.0 2.414075136561946
1219.5 2.363825693992389
1220.0 1.7376773383273303
1220.5 1.0302935223446108
1221.0 1.0793013345518192
1221.5 0.9848330628019302
1222.0 0.8207519564257315
1222.5 0.8813691562128614
1223.0 0.5805565082645776
1223.5 0.8562497202128946
1224.0 0.9338918743397506
1224.5 0.6998461995919443
1225.0 1.1784853123869878
1225.5 0.9770273933428784
1226.0 1.2190941296501032
1226.5 0.9975857577733827
1227.0 0.6432013604814648
1227.5 1.1148098582006545
1228.0 0.6689431592017251
1228.5 0.8898676958944227
1229.0 1.2518182760151275
1229.5 0.8718271339538666
1230.0 0.9325034509345915
1230.5 1.0836176289948558
1231.0 0.8162216794004888
1231.5 1.209034321021854
1232.0 1.3539148412933675
1232.5 1.9532026362808
1233.0 1.375425018624183
1233.5 2.096665595839691
1234.0 2.053662478811197
1234.5 1.5333811724304032
1235.0 2.3180641310483576
1235.5 0.9323743008670219
1236.0 1.1608178890562004
1236.5 1.2145820333406796
1237.0 1.9054100360845203
1237.5 1.0855807068360428
1238.0 1.3010315830417276
1238.5 2.220289033151338
1239.0 0.9805440792764698
1239.5 3.068334589269769
1240.0 1.6787661853534095
1240.5 1.5989088293193314
1241.0 1.7111724135796806
1241.5 1.0675651411504923
1242.0 1.9078574500052323
1242.5 2.136572282000981
1243.0 1.406126133863111
1243.5 1.621025403628016
1244.0 1.190456140890871
1244.5 1.14214274386722
1245.0 0.9780533862927078
1245.5 1.234075326359113
1246.0 0.923688437731233
1246.5 0.79156929588663
1247.0 1.2609048666337703
1247.5 0.7344640674470608
1248.0 1.0108816828818443
1248.5 1.2281289865701193
1249.0 0.6814054996670061
1249.5 0.8996626109497626
1250.0 0.9561518193003069
1250.5 0.9421227527993437
1251.0 0.9707636257289919
1251.5 0.9210509647598605
1252.0 0.8161186948464061
1252.5 0.7359906730933583
1253.0 0.8845175728093727
1253.5 1.2721309037459525
1254.0 1.7165559836577504
1254.5 2.375657999220488
1255.0 1.7165993597256777
1255.5 0.9433535701685929
1256.0 2.7937436912227005
1256.5 1.8596463802103622
1257.0 1.6856500280692106
1257.5 1.2686295279103867
1258.0 1.0181229097503959
1258.5 2.175929489689788
1259.0 0.6984959215063151
1259.5 1.6446048274132823
1260.0 1.5863220381159016
1260.5 2.4480009872127595
1261.0 2.5248908100037175
1261.5 2.2287435385259475
1262.0 0.8564184923811896
1262.5 0.5775419933007067
1263.0 1.216425645953171
1263.5 1.2210700338996845
1264.0 0.729950377347406
1264.5 1.1072192604574784
1265.0 0.995100796851841
1265.5 0.9568921799596051
1266.0 1.1636150720853975
1266.5 2.218399118953469
1267.0 1.9964689923962702
1267.5 1.206289510304594
1268.0 1.3823102268478014
1268.5 1.1603299070785624
1269.0 1.6610604210570066
1269.5 1.8919707453421404
1270.0 1.7212888556560983
1270.5 2.3475454245137066
1271.0 0.9053367107684913
1271.5 0.8872956982524651
1272.0 1.291176788633854
1272.5 1.8840744726801817
1273.0 2.292923811975221
1273.5 1.8625351485804487
1274.0 1.5679580121613055
1274.5 2.162808523930254
1275.0 2.163375108143658
1275.5 0.8801833381509668
1276.0 2.347675637797534
1276.5 1.213985453381957
1277.0 2.7538073982745157
1277.5 2.451012787159522
1278.0 1.8555422490224944
1278.5 1.6981198190497415
1279.0 1.894102061744725
1279.5 1.7942476546082051
1280.0 1.9238755247978225
1280.5 1.1969761474372624
1281.0 2.345118330304201
1281.5 1.5987741169369616
1282.0 0.6159895498118281
1282.5 0.9047485456852243
1283.0 0.9711881153026278
1283.5 0.9553900940960196
1284.0 1.2101430514348857
1284.5 0.6933219212158725
1285.0 1.126402725300364
1285.5 0.6588536263181644
1286.0 0.9601348805782077
1286.5 0.9176521460550109
1287.0 1.0103439007052746
1287.5 2.122871116844058
1288.0 1.813553454766956
1288.5 1.2993090487494674
1289.0 2.305636830293547
1289.5 1.684654326413222
1290.0 1.8727055188539241
1290.5 0.724523250088177
1291.0 0.8029375782755381
1291.5 2.227911351181655
1292.0 0.8123549264907964
1292.5 1.3864286218537587
1293.0 1.37618714760515
1293.5 1.4716961332097158
1294.0 1.2898946634261705
1294.5 1.5088367940521363
1295.0 1.9064530216576188
1295.5 1.3594797263920366
1296.0 1.062959078285474
1296.5 2.3185467105666264
1297.0 1.6509538318504022
1297.5 1.0331256753698514
1298.0 1.5015685627193847
1298.5 0.647700165069794
1299.0 2.0576464473207694
1299.5 2.16253984090039
1300.0 1.9641088037781622
1300.5 1.590725583713251
1301.0 2.003828017190866
1301.5 1.4524641410391566
1302.0 2.3309999624649875
1302.5 1.3055795213382781
1303.0 0.8254919588443667
1303.5 2.2662404530198637
1304.0 1.4955496585417976
1304.5 1.9102715661229062
1305.0 1.5228483573314975
1305.5 1.0314636630654874
1306.0 1.5221284147386105
1306.5 1.373925852614693
1307.0 0.9408948247282765
1307.5 1.2642449618505571
1308.0 0.8365408252493758
1308.5 0.9419412607076607
1309.0 0.8608876101798204
1309.5 1.6756894825920745
1310.0 0.8209847891927868
1310.5 1.3539071427706684
1311.0 1.75572545410514
1311.5 1.6760973054763406
1312.0 1.1388980559979072
1312.5 1.214759631370441
1313.0 0.8082387897614716
1313.5 0.6744060045877235
1314.0 1.5492425406951165
1314.5 1.7731420458548255
1315.0 1.477613799580774
1315.5 2.4884415003081526
1316.0 0.2
1316.5 0.5794796873042652
1317.0 1.5664618283810923
1317.5 0.6599695327313475
1318.0 1.4837182484451423
1318.5 0.9335259095069746
1319.0 1.111725101204291
1319.5 0.6056326073257952
1320.0 0.7005279312957537
1320.5 1.3627200339926286
1321.0 1.1294958781396274
1321.5 1.1136103021666295
1322.0 0.831975786359836
1322.5 1.3638876477217623
1323.0 1.0652062597549814
1323.5 0.94119345689975
1324.0 1.4396386544446735
1324.5 0.7638129020580899
1325.0 0.6016229449126316
1325.5 1.1609193770838808
1326.0 1.2448931766329867
1326.5 0.7308272317605227
1327.0 0.9979026999877222
1327.5 0.9157548610313294
1328.0 1.2652417359668942
1328.5 1.1646368496072568
1329.0 1.049229955417749
1329.5 0.937003243899649
1330.0 0.9291341729097222
1330.5 1.2122707029041737
1331.0 1.1345410104958962
1331.5 0.9112360778398418
1332.0 0.8787192360514269
1332.5 1.1651634797016723
1333.0 1.1556343011175252
1333.5 0.9253126594031214
1334.0 0.6705713630716538
1334.5 0.7658190472341737
1335.0 0.5852292635713601
1335.5 0.7011385678513002
1336.0 0.6319846127706551
1336.5 0.8427185159000352
1337.0 0.6184597918663517
1337.5 0.5859229442346585
1338.0 0.570319169344024
1338.5 0.8201310730084885
1339.0 0.6470686289414955
1339.5 0.603243369642839
1340.0 0.8506241569398583
1340.5 0.6301135303838106
1341.0 0.8944757289297218
1341.5 0.6914075074768593
1342.0 0.672046300474326
1342.5 0.7047227249363908
1343.0 0.9924712790903281
1343.5 1.8941031963245214
1344.0 1.231206012159626
1344.5 0.7423197197833414
1345.0 0.999593968449731
1345.5 0.5381664974422821
1346.0 1.5205358766959467
1346.5 0.740986426148083
1347.0 1.296949669875687
1347.5 1.3240032497935288
1348.0 1.5035838394028873
1348.5 1.4558285252904946
1349.0 1.218798305791558
1349.5 0.5421941438313048
1350.0 0.6880950970622747
1350.5 0.6865928986025365
1351.0 0.870870348583314
1351.5 1.1055950648260124
1352.0 0.9807299807346881
1352.5 1.0447961586361039
1353.0 0.7547546407266534
1353.5 0.7691852780902615
1354.0 0.9931475061340165
1354.5 1.0831119585362456
1355.0 0.9173174075125486
1355.5 1.9048330160316969
1356.0 0.547466403357861
1356.5 0.79453000989262
1357.0 1.3884611785628809
1357.5 1.0980187680073354
1358.0 1.2963917165467376
1358.5 0.8322082226041085
1359.0 0.8312834487643197
1359.5 0.7035089737888529
1360.0 1.6052098438270355
1360.5 1.386873183561223
1361.0 0.6085767995772734
1361.5 0.879937780211455
1362.0 2.4591447782702835
1362.5 0.7001050473965538
1363.0 1.5385040258046108
1363.5 1.5436428272182177
1364.0 1.9782398347886507
1364.5 2.459013432484171
1365.0 1.0122053196093264
1365.5 2.3138427102196273
1366.0 0.9946579679566935
1366.5 0.9285548521822689
1367.0 1.794454023598759
1367.5 2.277908272979138
1368.0 1.5521591277599265
1368.5 1.6024453618778338
1369.0 1.0290954669844887
1369.5 1.3194368978966344
1370.0 2.008238402275188
1370.5 1.5828195189242673
1371.0 0.7059389422681732
1371.5 0.683653745357722
1372.0 1.16847482550618
1372.5 1.8116417285960194
1373.0 1.0331190500179404
1373.5 1.2012387175354184
1374.0 2.342682580787095
1374.5 2.240054071700612
1375.0 1.4791909273687924
1375.5 1.242683670348244
1376.0 0.8130149701305851
1376.5 1.2881810884021085
1377.0 1.783083975513482
1377.5 1.3624049974079662
1378.0 1.2833617424815005
1378.5 1.3260429339545323
1379.0 2.2183311423027123
1379.5 1.311694634685446
1380.0 1.0950872472942133
1380.5 1.0397935279381718
1381.0 1.2007617813563352
1381.5 1.9072373223652244
1382.0 2.071734985302006
1382.5 1.820887615223091
1383.0 1.6846700833164445
1383.5 1.5110589362808855
1384.0 1.147476445395947
1384.5 1.3953003996991293
1385.0 1.2933943384149529
1385.5 1.8163240821351812
1386.0 1.5339542779100537
1386.5 1.1720990333308732
1387.0 1.5530054891588203
1387.5 1.7554072004229955
1388.0 0.5413844408486491
1388.5 1.2536832760286103
1389.0 1.1246120214794777
1389.5 1.7696268441899825
1390.0 1.5113381144602032
1390.5 1.372359135795156
1391.0 2.0788429759040317
1391.5 1.7020949041992968
1392.0 1.8494210330771255
1392.5 1.6572851909417814
1393.0 2.3632259823823487
1393.5 1.5121403823687658
1394.0 2.3875156042421954
1394.5 1.103813073215543
1395.0 0.6961410858104234
1395.5 1.8836712300225378
1396.0 2.1811083077689153
1396.5 2.2301982484172687
1397.0 1.8612634421370067
1397.5 1.6550984005141007
1398.0 2.5400715867883523
1398.5 1.0675164125845615
1399.0 1.243567375299278
1399.5 1.4648399295268248
1400.0 2.297636191890275
1400.5 1.0093974550644527
1401.0 0.7446753457576005
1401.5 1.1196549758930465
1402.0 1.0815510707784508
1402.5 1.3170929478712194
1403.0 1.098621806138122
1403.5 0.9876147093595977
1404.0 0.7998860145583014
1404.5 1.4265451783803198
1405.0 1.8600818797616303
1405.5 0.8704974370329668
1406.0 1.198796218761551
1406.5 1.9508662430790344
1407.0 0.9063652599906185
1407.5 1.1087004016082553
1408.0 1.0763288386875038
1408.5 1.5710936118516416
1409.0 1.805066956444144
1409.5 1.5044779353270443
1410.0 1.1316767638555862
1410.5 0.9945050375854831
1411.0 1.1548220071775972
1411.5 0.6619610890598396
1412.0 0.7824856622722205
1412.5 1.3719875974082085
1413.0 1.2368460785968203
1413.5 1.292563323285116
1414.0 1.4234775711701397
1414.5 1.2810039315028416
1415.0 1.0502421924758722
1415.5 1.1525405259973125
1416.0 0.8512894905150206
1416.5 1.4652027446864873
1417.0 1.2287274306769929
1417.5 1.1864047309623658
1418.0 1.1041113513191116
1418.5 0.8456862438516406
1419.0 0.960708004438573
1419.5 1.105128958623013
1420.0 1.6751071645895195
1420.5 0.9683577627841947
1421.0 1.7176928035175028
1421.5 1.3339257587744306
1422.0 0.7369591412534119
1422.5 2.0772726236352375
1423.0 0.44920767377440973
1423.5 1.3218706512269827
1424.0 1.4222184217678198
1424.5 1.5677461155785308
1425.0 1.3959614714108501
1425.5 0.8299508168200149
1426.0 1.3034749059571284
1426.5 0.9447882011446305
1427.0 0.5256738386540571
1427.5 1.052472171541684
1428.0 0.5943986564924089
1428.5 1.2031421012547434
1429.0 1.0605751272814128
1429.5 0.70301528509939
1430.0 1.8587316594678827
1430.5 1.4212438425616916
1431.0 1.4489539373520126
1431.5 0.9021631504313712
1432.0 0.9654614192982371
1432.5 0.5829749876132377
1433.0 0.5103551356975279
1433.5 0.36232539634479166
1434.0 0.646898371327816
1434.5 0.802683117698255
1435.0 1.4616822664500808
1435.5 1.101619855906013
1436.0 1.005382485931772
1436.5 0.7331254114636073
1437.0 1.0177270213248866
1437.5 1.2907200301787707
1438.0 1.0686429563438749
1438.5 1.3163458844343707
1439.0 0.9086215928699979
