0 0.8534337890989887
0.5 0.6172925444743333
1.0 0.5818475106231429
1.5 0.7786522964349787
2.0 0.6787887691055968
2.5 0.8507337406371056
3.0 0.857986596417011
3.5 0.9031366291267241
4.0 0.6743470360256419
4.5 0.9779543146210754
5.0 1.1146775470744865
5.5 1.1366213063265869
6.0 0.7408376294402752
6.5 1.0618681963001928
7.0 0.629275425295682
7.5 0.8908845080287833
8.0 0.7643953433461601
8.5 0.9022160777158104
9.0 0.8979286620395068
9.5 0.6098861034906685
10.0 0.9519205560576665
10.5 0.9534218263948172
11.0 1.730046348387481
11.5 2.297242466796778
12.0 1.026299966430275
12.5 0.7888531694945599
13.0 0.6612626850669658
13.5 0.9677544106396864
14.0 1.0749715386036798
14.5 0.6432190331715713
15.0 0.5662440416607764
15.5 0.6149314358581591
16.0 1.051187503631358
16.5 0.8135027608903258
17.0 0.6675415155504479
17.5 0.713222671807431
18.0 0.8453996584300615
18.5 0.7283621937584959
19.0 0.530799785960913
19.5 0.7332409274293041
20.0 0.8076703317474031
20.5 0.7440734197974519
21.0 0.903346928576337
21.5 0.8566175254175624
22.0 1.1702246742835793
22.5 0.45871076745157613
23.0 0.4832162012944438
23.5 0.6660146365193889
24.0 0.43133137169936875
24.5 0.8713975401061195
25.0 0.39418629074617983
25.5 0.6239667500052513
26.0 0.6610133270272387
26.5 0.596847546165731
27.0 1.1471820096413186
27.5 0.7820021868556917
28.0 0.44289981049521776
28.5 0.6329877692671443
29.0 1.6500763035493853
29.5 0.7606892795959008
30.0 1.805200663000919
30.5 0.9812686350364388
31.0 0.7012470527222835
31.5 2.207818255423818
32.0 0.9173263740045371
32.5 2.094908406890853
33.0 1.8063557305812568
33.5 1.3903303989955682
34.0 2.337652458986118
34.5 1.5542181876978938
35.0 0.4903399150306629
35.5 0.9118267389319197
36.0 2.239461939553291
36.5 1.2695716228499618
37.0 2.29908838082712
37.5 1.0727506083282674
38.0 0.983599963433845
38.5 1.536990899574603
39.0 2.1905374927339443
39.5 2.102784133391009
40.0 2.9705482539935533
40.5 2.4100271603554155
41.0 2.8606239167334833
41.5 1.6101334562147533
42.0 0.9831294575943701
42.5 1.4824952248449268
43.0 0.856788561815222
43.5 2.806272071045501
44.0 3.1801188179942064
44.5 1.7649197585833165
45.0 2.557356404631689
45.5 2.029034910385931
46.0 1.1183920042388729
46.5 1.28662080482518
47.0 1.0620790310453665
47.5 2.1630241728297324
48.0 2.0336593564871666
48.5 0.5420412125027962
49.0 0.2452930591926723
49.5 1.9631011195092456
50.0 1.3077898406600506
50.5 1.349227920482671
51.0 1.6123473528145684
51.5 1.6661394704386985
52.0 1.3711576524930442
52.5 1.7713506088726296
53.0 2.7704497233173364
53.5 1.8237270122220501
54.0 0.9987970755938544
54.5 1.0152707701615766
55.0 2.214851357507853
55.5 0.2
56.0 1.1985262751899992
56.5 1.5952621649025651
57.0 1.0307653818721163
57.5 2.0479831894216085
58.0 2.0455787205506386
58.5 1.9684069099332278
59.0 1.1547468962687573
59.5 1.8132997905838786
60.0 2.2154159608397146
60.5 2.0144331199477254
61.0 1.5357180065344584
61.5 2.3389303339875136
62.0 1.2908865712845956
62.5 3.3059135357787683
63.0 2.229663689050421
63.5 1.3326087572759087
64.0 1.9475524143017322
64.5 1.359104921607545
65.0 1.9494246897050378
65.5 0.2
66.0 2.0173429461464423
66.5 1.955701918616689
67.0 0.3570267340562543
67.5 0.6141401548239027
68.0 2.788634496391721
68.5 0.7383822421113703
69.0 1.8841696544722106
69.5 2.7039488676280845
70.0 1.8029860504588375
70.5 1.4753449509720078
71.0 1.3260657780948386
71.5 0.6033918281780812
72.0 1.9599991163323518
72.5 0.5215265935374154
73.0 2.8025237062011645
73.5 1.3352229389263097
74.0 2.054402746071501
74.5 1.7634195327899005
75.0 1.4507424168419516
75.5 1.7607782995185666
76.0 0.26803132191702517
76.5 0.5987042981974295
77.0 1.662783686592899
77.5 1.8099675776182391
78.0 1.9347613936862555
78.5 0.7555903651559321
79.0 1.9632386353867708
79.5 2.376686572607514
80.0 2.360368044548628
80.5 1.0391565707802577
81.0 1.434937746479261
81.5 1.4943705671717011
82.0 1.4535755062871158
82.5 1.167880001749349
83.0 0.9802357997111824
83.5 1.73673400545287
84.0 1.1865932397904584
84.5 0.9985251768042541
85.0 1.403241060223415
85.5 1.0920406841658665
86.0 1.2702241859178915
86.5 1.1935254606963668
87.0 1.447794091027716
87.5 1.6098004782946354
88.0 0.9882310988337408
88.5 1.204599860360366
89.0 1.0994224006100533
89.5 0.8498247909315291
90.0 1.1021838644045103
90.5 1.3722764375857834
91.0 1.4081269408023758
91.5 1.5610661480712706
92.0 2.2748491355134313
92.5 0.7776216937458066
93.0 0.2
93.5 1.543709208700617
94.0 1.751611827122254
94.5 2.273690212732814
95.0 1.5863237768086544
95.5 1.3702393655302139
96.0 1.4258952694797893
96.5 1.254900496669559
97.0 0.781327803862395
97.5 3.1416523858749503
98.0 2.4298072787607903
98.5 1.5348188595914203
99.0 1.874788518085812
99.5 2.0649635062573357
100.0 2.149075774370568
100.5 0.7764246508908672
101.0 1.3896620153150876
101.5 2.0742353512625877
102.0 1.6795850708486721
102.5 1.7272547808357108
103.0 0.2
103.5 1.545396290045706
104.0 0.820275173103337
104.5 0.9035247834454523
105.0 1.5561667224118931
105.5 0.9517685005937369
106.0 0.746908971017854
106.5 0.8054014276771977
107.0 0.69520243020324
107.5 0.972483250518678
108.0 0.8638311797384055
108.5 0.7359785488350412
109.0 0.5706454977239788
109.5 0.5738227494612989
110.0 0.6803697120504351
110.5 0.7874413356761225
111.0 0.6891138283393542
111.5 0.716312227964828
112.0 0.5509804215153739
112.5 0.4694625631241132
113.0 0.5042526866172754
113.5 0.6022246579055115
114.0 0.7218582824494364
114.5 0.8494723801632362
115.0 0.44114556230825464
115.5 0.6715194226819174
116.0 0.8014279659907599
116.5 0.4924190650166022
117.0 0.7544680603043108
117.5 0.686299385034989
118.0 0.6995726468655775
118.5 0.7424475805193476
119.0 0.5715644114543448
119.5 0.7786199353141272
120.0 0.6144903377127278
120.5 0.506983559303212
121.0 0.833809879076947
121.5 0.6854946858835433
122.0 0.6833029819745824
122.5 0.6155438226030594
123.0 0.9425835476570106
123.5 0.6189195182751319
124.0 0.3234027680002229
124.5 0.7587910839151109
125.0 0.8047557263035958
125.5 0.6746203877164063
126.0 0.7471634513495544
126.5 0.612392119045005
127.0 0.602977853575887
127.5 0.8258814954135649
128.0 0.6783009823865715
128.5 0.7977165720696309
129.0 0.7882026025142392
129.5 0.7429148487078818
130.0 0.734909775200075
130.5 0.7739680154048254
131.0 0.7504474216658195
131.5 0.5700914502633848
132.0 1.2909291145227626
132.5 1.3472061012506122
133.0 0.6451750084785494
133.5 1.560535847412332
134.0 0.43413134177661683
134.5 2.410581855427964
135.0 1.1015026355996311
135.5 1.6766203301404607
136.0 1.56825835977183
136.5 1.8968987034321403
137.0 2.0596114952152864
137.5 2.1962534348778036
138.0 1.1089285368108683
138.5 1.9033792113191792
139.0 1.2665280586115717
139.5 1.7834932409076936
140.0 2.657542570642703
140.5 1.5097787619699021
141.0 1.0230789664639015
141.5 2.3387460906870747
142.0 1.6409564297077357
142.5 1.6964354273644657
143.0 0.4122545024584263
143.5 1.5845085479549357
144.0 1.2746567026157907
144.5 1.6734594737006236
145.0 1.7689705243239795
145.5 2.449402865132382
146.0 1.7861071568528206
146.5 0.4896431196581751
147.0 2.0437955177027494
147.5 0.21155844067566187
148.0 1.594218566648504
148.5 1.089819197430372
149.0 1.8409714757067583
149.5 1.8682060513946173
150.0 2.3543786171922774
150.5 2.0415687189133096
151.0 1.8009639062810057
151.5 0.8307224032726677
152.0 1.0471096633126649
152.5 2.0201902383143198
153.0 1.6923097554426216
153.5 2.078178228603462
154.0 1.7408342324829211
154.5 1.5832704049266635
155.0 1.664554058367722
155.5 1.4837526643784265
156.0 1.7498527130411647
156.5 1.531497528101323
157.0 1.8836251370356192
157.5 2.1121146134544295
158.0 2.1598067431479335
158.5 1.5286230813825492
159.0 1.0705634952780367
159.5 1.171969543447188
160.0 1.2847984714882437
160.5 0.7843528076712576
161.0 1.1556680913259927
161.5 0.8692056325972066
162.0 0.9372626390147072
162.5 1.049845897694257
163.0 1.1035718287461604
163.5 0.31537170832926237
164.0 0.8646873331725882
164.5 1.0647489899423361
165.0 1.5450803069433536
165.5 1.214737854154272
166.0 0.7331289077522595
166.5 0.9561873075555252
167.0 0.42769805857217363
167.5 1.0472979514209755
168.0 0.4851286743518401
168.5 1.0771873130409515
169.0 1.0168179828141708
169.5 0.7532109716788333
170.0 1.0622293571076298
170.5 0.7338670885276919
171.0 1.848664843071581
171.5 2.086093968162824
172.0 1.906890750239582
172.5 2.473100152033595
173.0 1.7896271386256637
173.5 1.8817063863046943
174.0 1.0264517865435212
174.5 1.5481642591346607
175.0 1.843264382659595
175.5 1.7298891916522918
176.0 1.6703475292890309
176.5 1.3499151222593309
177.0 1.499841597371066
177.5 1.3697209979583203
178.0 1.7699427635434704
178.5 1.834875097848252
179.0 1.2656816214656417
179.5 2.5156595061801923
180.0 1.7061096571431908
180.5 0.45630967328989147
181.0 1.5433284002775356
181.5 0.5164616579891317
182.0 2.3608784070919686
182.5 1.2638323692234208
183.0 1.3903139325202267
183.5 1.4302843947457484
184.0 0.2
184.5 2.378598126397679
185.0 2.266874813934188
185.5 2.504735349022355
186.0 2.391221793336152
186.5 1.3351308392285972
187.0 0.9201144536383217
187.5 2.4233342688119013
188.0 1.7015285850929605
188.5 1.2394548447169154
189.0 1.47215408994365
189.5 1.5985212581637251
190.0 0.8311427491825217
190.5 2.7565854456378256
191.0 1.5929278454822968
191.5 2.0175589455479774
192.0 2.7096772193179017
192.5 1.8973403383181529
193.0 2.360459054255265
193.5 2.0395093333512837
194.0 1.3591109144454196
194.5 1.252545108572184
195.0 1.121056664850709
195.5 1.9940261282225158
196.0 1.4678923470580467
196.5 1.7460505169566343
197.0 1.5137491572374366
197.5 1.8226566442191976
198.0 1.0600688863645658
198.5 1.835546695264004
199.0 2.9751530474807453
199.5 1.2071022776119502
200.0 1.180128053795655
200.5 1.4388404887695545
201.0 0.9245898644605925
201.5 0.7855748445072486
202.0 1.006050027136097
202.5 0.6224219455810462
203.0 0.5771042264314896
203.5 0.8979125293837347
204.0 0.7145031725824735
204.5 0.9875605975462121
205.0 1.0459837558863307
205.5 2.4642762080089655
206.0 0.47472111509665327
206.5 1.127660330456408
207.0 1.2494398690786204
207.5 0.7804135373113633
208.0 0.799567554353736
208.5 0.9577206448397279
209.0 2.040533412676104
209.5 0.7835523834909145
210.0 1.0173627471200288
210.5 2.0707477349445407
211.0 1.4177512410903055
211.5 1.261419937769333
212.0 1.5035379830711086
212.5 1.0151844663880234
213.0 0.5239042175895104
213.5 2.0296447153860275
214.0 2.099618282961345
214.5 1.4668033279664277
215.0 1.709839916729004
215.5 2.28597142475215
216.0 1.742555936780123
216.5 0.9151543533747144
217.0 1.1086131246248876
217.5 0.892570306982629
218.0 2.146039570076932
218.5 1.331686648841805
219.0 1.1251667227042403
219.5 1.657912075700658
220.0 1.1375706302191695
220.5 1.115237471302103
221.0 1.2650907936745164
221.5 1.550025716233657
222.0 1.207771940276686
222.5 1.1728395023084648
223.0 1.3106473297984014
223.5 1.1255091725694366
224.0 1.0702072890002476
224.5 0.894850395736539
225.0 0.5343757864559093
225.5 1.049661911340503
226.0 1.0624328078141811
226.5 0.9145420634481015
227.0 0.9933109863366458
227.5 1.4272432802031139
228.0 0.7397450080587398
228.5 0.8763489524030882
229.0 1.425685894534463
229.5 1.414283324000086
230.0 1.5287221927595804
230.5 1.2247527008620436
231.0 0.8014025532381501
231.5 2.3015137381845205
232.0 1.7734967541182831
232.5 0.8757414746253734
233.0 1.1188301491097157
233.5 1.6521117321914884
234.0 0.7810559986784255
234.5 1.8934381342938265
235.0 1.1415804510574743
235.5 1.3289635754013327
236.0 1.0839570962604126
236.5 0.6892346878223244
237.0 0.2
237.5 1.0227830260115804
238.0 2.3612534843339
238.5 1.900978094618544
239.0 2.2407826127010297
239.5 2.1102452723687457
240.0 1.101868288147737
240.5 1.2310390857983207
241.0 1.303759297793508
241.5 1.7783673194304348
242.0 1.467263159580171
242.5 2.280775715998252
243.0 2.1902269560465104
243.5 1.6949054682789584
244.0 1.1843073879469486
244.5 2.0501129996655525
245.0 1.9150806157452558
245.5 1.6269824033073994
246.0 1.0474393509534319
246.5 1.6748366300204744
247.0 1.1050198332869154
247.5 1.180901355097691
248.0 1.8400963899404257
248.5 0.727599918942397
249.0 1.458784835172739
249.5 0.8942960570387314
250.0 1.344300891054838
250.5 1.5105019436599787
251.0 1.3018580403006648
251.5 1.3434932292237083
252.0 1.7046631181248768
252.5 1.3309732664473528
253.0 0.4654050625992652
253.5 1.0080773709917785
254.0 0.6430822553672629
254.5 1.4210239642864688
255.0 1.3099273711322967
255.5 1.0830076675795606
256.0 1.4980821973904914
256.5 0.7331081583602131
257.0 1.452157261045051
257.5 0.9366007154342955
258.0 0.8041402474371857
258.5 1.1551167063432946
259.0 1.0474079485041234
259.5 1.305901543264619
260.0 0.9072298424507709
260.5 1.7760515614618164
261.0 0.8100475057511286
261.5 0.7550408242148656
262.0 1.2432835470050367
262.5 0.8799189053901585
263.0 0.9895242983296666
263.5 1.6752786073582908
264.0 1.255636619608103
264.5 0.7755181857660044
265.0 0.7592609422973144
265.5 1.3195782810430956
266.0 1.340717063588567
266.5 0.6143734141177392
267.0 1.4062989647827493
267.5 0.7168104452856432
268.0 1.592426428257705
268.5 1.5629606463847465
269.0 1.5957088175203755
269.5 1.5894347015043127
270.0 0.6379901954307051
270.5 1.6021708705235236
271.0 0.9398725808830539
271.5 0.5050234339368114
272.0 1.2618589458810474
272.5 2.7464819488857675
273.0 1.5661213711162785
273.5 2.2117172006773496
274.0 2.8393411599534844
274.5 2.1817071613920507
275.0 1.6933228974928232
275.5 1.3169235790703446
276.0 1.5038146010719995
276.5 0.8532307170428103
277.0 2.3529892757477233
277.5 2.0460874957256836
278.0 1.1557790583863192
278.5 2.3339739008951392
279.0 0.2
279.5 0.839686378817298
280.0 1.5535229508043205
280.5 1.6573662760984187
281.0 2.145009936859474
281.5 2.2529428301585654
282.0 1.6712618980708942
282.5 1.464565259415803
283.0 1.5123335815394978
283.5 0.6469009051150336
284.0 1.352674125778678
284.5 1.261517120443991
285.0 0.919797272414145
285.5 1.0417729699836822
286.0 0.9786952931928209
286.5 0.9185634124225273
287.0 1.095310573388184
287.5 0.552363294484955
288.0 0.24384634842323338
288.5 1.3981122335952056
289.0 1.0319720877862153
289.5 1.7029497880750486
290.0 0.967823962013223
290.5 1.1711945224403613
291.0 0.4251558646478669
291.5 1.5120472093158916
292.0 0.8955904456294277
292.5 0.8224339789756698
293.0 0.9046013828357027
293.5 1.2282621529900162
294.0 1.012174272554263
294.5 1.0650513920809468
295.0 0.7151352184220985
295.5 1.3368029017711196
296.0 1.6327311167342207
296.5 1.357783755760992
297.0 0.9494574904612165
297.5 0.9111909858533402
298.0 0.3870115305443842
298.5 0.9772853689774624
299.0 1.3656579073601953
299.5 0.8119929174823216
300.0 0.8848521311131206
300.5 0.9496653220827438
301.0 1.726303654507468
301.5 0.6428100805709697
302.0 1.0859783535989918
302.5 2.0009891937714004
303.0 2.2121988116374665
303.5 0.9730426815304365
304.0 0.6432630037190388
304.5 1.5882702529833908
305.0 0.8862922491644234
305.5 0.7375336165421364
306.0 0.8205866754219724
306.5 1.122178472863055
307.0 0.9268774490119288
307.5 0.7951637545785775
308.0 1.0251819449821375
308.5 0.9794372042137969
309.0 1.6384899215909612
309.5 0.90485840141007
310.0 1.472331776346076
310.5 0.7784717968753541
311.0 0.8942366137916888
311.5 1.1979857296906777
312.0 0.7288197120926674
312.5 0.6614302679855253
313.0 1.1212793146739704
313.5 0.9876796308426332
314.0 1.0012023224676843
314.5 0.995527404712659
315.0 0.3573391500044238
315.5 1.5283726852935566
316.0 0.676886573137917
316.5 0.689972646375121
317.0 0.7419695601084438
317.5 0.7557000486820868
318.0 0.9186337546503356
318.5 0.5037184624388518
319.0 0.24573987704741002
319.5 0.9640239328853628
320.0 0.6853427200480477
320.5 0.7605758157843998
321.0 1.0739841966434374
321.5 1.1060138810409077
322.0 1.12381972445831
322.5 0.9591078695319526
323.0 1.645548746681955
323.5 0.8594915011115154
324.0 0.8661095607683436
324.5 0.6164447035744297
325.0 0.6749608817624173
325.5 0.7647277261433876
326.0 1.0148836706249276
326.5 0.5025104987814376
327.0 0.8054386444099642
327.5 1.1849389394166137
328.0 1.145264139638991
328.5 0.9773518602929396
329.0 0.9553565749453243
329.5 0.6033567877252715
330.0 0.8400628999961293
330.5 1.1890800544305924
331.0 0.7299112531022707
331.5 0.8910084930460258
332.0 1.137766511318283
332.5 0.5220181668295896
333.0 0.6506167667534666
333.5 0.9087239251491135
334.0 1.179702790222875
334.5 0.9388218640738748
335.0 0.767763369425585
335.5 1.0197848744364344
336.0 1.2614139859132598
336.5 0.6480194214816761
337.0 0.640424551119706
337.5 1.1353213329474856
338.0 0.82670474365214
338.5 0.5580222082221764
339.0 0.7583533141809289
339.5 0.7575680346569202
340.0 0.8289733976172502
340.5 1.06853584894106
341.0 0.8306614509333274
341.5 0.9659855533772739
342.0 0.691526416619124
342.5 1.0620988398765476
343.0 1.5475904230848438
343.5 0.7343910215732192
344.0 0.4475155111122858
344.5 0.9203657959884171
345.0 0.8831044730851634
345.5 1.0167652817599995
346.0 0.6671130036043136
346.5 0.9605666135509279
347.0 1.239574277686817
347.5 0.6462340031289666
348.0 0.7580703729894029
348.5 1.0008295771697466
349.0 1.1635379278300184
349.5 1.204089013747406
350.0 0.9750929565298792
350.5 1.229304286005943
351.0 1.0561191809875852
351.5 1.772772036829822
352.0 1.5146750473106367
352.5 1.036688119259225
353.0 1.0494042996008877
353.5 1.521103610262752
354.0 1.3248604454010464
354.5 1.6197499081274511
355.0 1.2188606765879058
355.5 1.0967803486115204
356.0 0.9492563580346216
356.5 0.9208690554776703
357.0 1.2160728557964025
357.5 0.3823662475068565
358.0 1.0653284130550924
358.5 0.673633900112137
359.0 0.9697636968226133
359.5 0.5339943381677523
360.0 0.37589907460110483
360.5 1.388126309226498
361.0 2.079448648053297
361.5 2.2817683878489277
362.0 0.7708161932763795
362.5 1.0752995440219395
363.0 1.9062410040566504
363.5 0.43209972641768757
364.0 1.8276327586905778
364.5 1.4451271753219737
365.0 1.4591560194788018
365.5 1.3042569267058153
366.0 1.2010080040690208
366.5 1.3184455870210017
367.0 1.5622059379527555
367.5 1.504132039333379
368.0 1.4658661351512585
368.5 1.6638851989599603
369.0 0.8754271381342739
369.5 0.7000339539454048
370.0 1.1646782717344186
370.5 0.9912018494194961
371.0 1.0904046296578989
371.5 0.8789670989107516
372.0 0.6776457409413044
372.5 0.9244608644209666
373.0 1.063145422474325
373.5 0.9808483926128215
374.0 1.05722736203116
374.5 0.9620386890147572
375.0 0.9119914016886679
375.5 1.7563235982236312
376.0 1.3011424530330293
376.5 1.4928383363647368
377.0 1.466306336036912
377.5 1.041103772236522
378.0 1.0317448656411126
378.5 1.6578261850319684
379.0 1.5097807450418848
379.5 0.49860071345027557
380.0 1.1734136550996568
380.5 1.5195895909398072
381.0 1.0187245880854734
381.5 1.4112226598866944
382.0 1.0123347106411165
382.5 1.8067728821784013
383.0 1.2879302934569807
383.5 0.8561896874372135
384.0 1.5427796999759258
384.5 1.9272860030997314
385.0 0.9764766726688463
385.5 0.5113142070740051
386.0 0.7631567369865069
386.5 1.5770028328702435
387.0 1.5195836013552646
387.5 0.2
388.0 1.7915449356039246
388.5 0.9676000176313364
389.0 1.3616550646446377
389.5 1.9972739296201087
390.0 1.1274627702409104
390.5 1.3505257262721293
391.0 1.5378678304893243
391.5 0.7382473822605545
392.0 1.3766220627569876
392.5 0.43481270692933693
393.0 1.5672829471979302
393.5 0.9984633304251003
394.0 1.6301499152138605
394.5 0.33229847345999963
395.0 1.4553193553763237
395.5 1.5930153889269725
396.0 0.8157876996020041
396.5 1.004938282303357
397.0 1.66787678190463
397.5 1.429119544405343
398.0 0.990296893851567
398.5 0.6114823009986872
399.0 1.6478219560637877
399.5 0.3562077885791074
400.0 1.3342415920643307
400.5 1.241318955028375
401.0 0.8797703297187018
401.5 0.722236604795432
402.0 1.4556111927487179
402.5 1.1436846703375774
403.0 1.4818081854225396
403.5 0.5484987371898675
404.0 1.187279684104219
404.5 0.844317562221298
405.0 1.1407434558796332
405.5 2.0859259858404253
406.0 1.4372280295470317
406.5 1.13358156542636
407.0 1.2674568105037831
407.5 0.3960461472592218
408.0 1.6650518256799844
408.5 1.669619824246193
409.0 2.0430353521170392
409.5 1.473176117710644
410.0 1.0780568578523078
410.5 0.5387241792430084
411.0 1.1752173131708625
411.5 1.5386611185088557
412.0 1.350393515123143
412.5 1.1211173539300745
413.0 1.2122994910446967
413.5 1.2975229068283765
414.0 1.7656601233091653
414.5 0.850261183798232
415.0 1.3885094567093368
415.5 1.907707798538736
416.0 1.271726241190007
416.5 2.1711597415614157
417.0 1.6096867215458261
417.5 1.2269598064929186
418.0 1.72720667813297
418.5 1.5115806883627967
419.0 1.4165262405238526
419.5 1.0354784195178475
420.0 1.0787256638081613
420.5 1.4040491278689138
421.0 2.53911053362867
421.5 1.9111411181903528
422.0 1.3018127313176462
422.5 1.778306895460197
423.0 2.0603317116953073
423.5 0.4771274536614838
424.0 1.199546068911864
424.5 1.7182859893073101
425.0 1.0066773217617815
425.5 1.289646374606256
426.0 1.5984589493762877
426.5 0.9789980798736252
427.0 0.894743406066046
427.5 2.03171501593465
428.0 2.5231176692680464
428.5 1.5545522937385923
429.0 1.3145395524629437
429.5 0.9868625724653728
430.0 2.432553325973543
430.5 0.8600314329187365
431.0 2.062861391672377
431.5 2.891033261890559
432.0 1.2538751653256015
432.5 2.6145708249373065
433.0 0.804270933862147
433.5 1.1361378540640759
434.0 0.7015208289917478
434.5 0.43853937018618794
435.0 0.3800246844905599
435.5 1.0493536371817458
436.0 1.5595970212940238
436.5 1.6844888101445954
437.0 1.5791455470285158
437.5 1.4386266893257156
438.0 1.161376794174175
438.5 1.8140048135073896
439.0 2.3760184391657964
439.5 2.256640777148016
440.0 1.5153851175490975
440.5 1.8909535646583968
441.0 0.8043916021497655
441.5 0.8224781439729747
442.0 1.2943687129184418
442.5 1.8671093454267973
443.0 0.6999452365680494
443.5 0.6390060144566124
444.0 0.6506538232514405
444.5 1.147784886365263
445.0 1.4272255703049557
445.5 1.450084174885852
446.0 1.0136269261813333
446.5 1.1922375050236944
447.0 1.729213916027533
447.5 2.0881874125038196
448.0 1.5487414976035978
448.5 1.6444381424582026
449.0 1.2988222591452847
449.5 1.302080142894198
450.0 2.0748473282957685
450.5 1.067495410221352
451.0 1.6091813951786147
451.5 1.619848017785009
452.0 1.4399165067619872
452.5 0.6191852434363783
453.0 1.2768567910787743
453.5 1.528745283317041
454.0 0.49578928019484547
454.5 1.6296337845272428
455.0 1.4466228516883781
455.5 1.07437302124757
456.0 1.5855757835409108
456.5 0.6860612734134284
457.0 1.113025401138225
457.5 0.6675601498111408
458.0 1.251404185198404
458.5 0.7182832544065407
459.0 1.3110567299488265
459.5 1.0773649693775762
460.0 0.8863893632411304
460.5 0.952480523773618
461.0 1.4677230330270934
461.5 0.5253381490582325
462.0 0.9810987811746024
462.5 0.9763400037138934
463.0 1.0092619384048644
463.5 0.5058466420155837
464.0 0.6075927193903536
464.5 0.6104194693829537
465.0 1.0443803326651628
465.5 0.6971306564927714
466.0 1.0028960974206118
466.5 0.670125890226751
467.0 1.4164680978674706
467.5 1.53024183320706
468.0 1.5717908769567372
468.5 1.7451493004630745
469.0 1.4423173883606863
469.5 1.4269218020730552
470.0 1.7843919327308035
470.5 0.6384488937129538
471.0 1.3461512651886367
471.5 0.6844226937241235
472.0 1.5685095226864296
472.5 2.0560971108199375
473.0 0.5113904706134527
473.5 1.4148117155722113
474.0 2.0351547478575713
474.5 1.2835174033330894
475.0 0.8644600787326455
475.5 0.8381965846157279
476.0 0.5614732492588009
476.5 0.8068868517437378
477.0 0.8909943155061284
477.5 0.9093358512393833
478.0 0.610732490675797
478.5 1.3011583970937557
479.0 1.0358186060906158
479.5 1.6768103014966156
480.0 1.4035450762057855
480.5 1.089990257993918
481.0 1.4864923570439181
481.5 0.8908415477109388
482.0 1.3373499447761672
482.5 1.2459791245858374
483.0 1.205469810201495
483.5 1.8573670912316436
484.0 0.695796491850385
484.5 0.64463150283691
485.0 1.5327319761720424
485.5 1.0261126590404246
486.0 0.9974679217061192
486.5 0.8077657992201279
487.0 1.1341962139629236
487.5 1.2725626885006465
488.0 1.0318748160447748
488.5 1.0656792596493831
489.0 0.9932520630911121
489.5 0.7934369487962981
490.0 1.9307547899431956
490.5 1.4768718484125831
491.0 1.7576187399713872
491.5 1.6577657747817902
492.0 0.9781287913507203
492.5 1.1423499668661516
493.0 0.21217618532395044
493.5 1.3392850322319436
494.0 0.8001387607963366
494.5 0.746763619928432
495.0 1.1167141828764402
495.5 0.9077205335111006
496.0 1.457837818015573
496.5 0.865360019165005
497.0 0.8433616509166606
497.5 1.0719642445175959
498.0 0.8019124946482237
498.5 1.9987520436767494
499.0 1.0286877755420651
499.5 0.6253143708382587
500.0 1.2872820129076135
500.5 1.1035366187684925
501.0 1.0338925507225274
501.5 2.5148532122800766
502.0 2.1195590475459607
502.5 1.6058472437957612
503.0 1.8279807695071937
503.5 1.8760581184763117
504.0 1.5207441925156868
504.5 1.303056032569003
505.0 2.2627880579897885
505.5 2.2812572230206865
506.0 2.024384710642913
506.5 1.390081248883292
507.0 1.558607635303897
507.5 1.3770753718341013
508.0 1.39549046034265
508.5 1.7401145511408762
509.0 2.1197909933778156
509.5 1.146076602699
510.0 1.5417208018109705
510.5 0.8349125244909048
511.0 1.0693180269379887
511.5 0.9396840139195901
512.0 0.7746388406481152
512.5 1.1331633087194704
513.0 0.8841931099631601
513.5 1.3549258882423123
514.0 0.8734022350872475
514.5 0.8872487267806435
515.0 1.0255956907876669
515.5 1.3673955067846892
516.0 0.6114235566413078
516.5 0.43646138761043785
517.0 1.1336783912666508
517.5 1.0589284128001322
518.0 0.586066057427248
518.5 1.2910778871452526
519.0 0.6680538964766853
519.5 0.9636548370629707
520.0 0.8423007142219741
520.5 0.8916916448879171
521.0 0.816053368654649
521.5 0.7195052597509743
522.0 0.5118211945998191
522.5 0.6216796233614276
523.0 0.5967594263409586
523.5 0.6788768381362864
524.0 0.6403769268289986
524.5 0.7589085765382315
525.0 0.6851657269629539
525.5 0.6649790988012445
526.0 0.6803770693734805
526.5 0.8118584990088906
527.0 0.8378898657429534
527.5 0.6984254333998368
528.0 0.6750670917765342
528.5 0.596880000398544
529.0 0.7787975081472382
529.5 0.7460167771135593
530.0 0.6347077955020972
530.5 0.7891879354726319
531.0 0.8061899772081893
531.5 1.193324565539654
532.0 1.0881266727056371
532.5 0.7422983060640651
533.0 0.32076042475682254
533.5 0.9654692644723774
534.0 1.4677897852273318
534.5 1.9011508173280156
535.0 1.3367266765872947
535.5 2.1354270306431644
536.0 1.6906278686482341
536.5 0.8639169502286723
537.0 1.1539325733300634
537.5 1.5097910662954803
538.0 0.5079967270883032
538.5 1.1186172061711606
539.0 0.6675556653918686
539.5 1.4491330150096455
540.0 1.7451517975955646
540.5 0.9951077580812762
541.0 0.6727501238697853
541.5 1.9358143180298402
542.0 0.9097689072864443
542.5 0.6047704851661679
543.0 0.9737355771438994
543.5 2.162716597961873
544.0 1.0670877903157092
544.5 1.2879802533137692
545.0 1.284883179594877
545.5 1.2478747913742834
546.0 1.3733712934737246
546.5 1.6334281568268334
547.0 1.345681902683463
547.5 1.3423453733996307
548.0 1.3327369355158754
548.5 1.5613755654284212
549.0 0.9324118065096447
549.5 1.2956813059722165
550.0 1.1365898390469162
550.5 1.5645092187176357
551.0 1.0050111458950841
551.5 1.1364986724285884
552.0 1.3596545815977703
552.5 1.6079637462374161
553.0 0.5183836531535126
553.5 0.7020384008963588
554.0 1.747096949647452
554.5 1.0067875929476982
555.0 0.9921033210468841
555.5 0.9731923949728205
556.0 1.0337552155883696
556.5 1.7228904614596179
557.0 1.6852818717298454
557.5 1.048269874897679
558.0 1.344015569529526
558.5 2.322407355798145
559.0 1.5298615653677414
559.5 1.283412785141775
560.0 1.507849852475303
560.5 1.065078205369611
561.0 1.5468264846316488
561.5 1.0129444267989995
562.0 0.7823553372098728
562.5 1.6198853838020333
563.0 1.454780149872225
563.5 1.8205207358067603
564.0 0.8246055400482286
564.5 2.5481209096276363
565.0 2.0234914702165456
565.5 1.815900412363415
566.0 0.40908265740395744
566.5 0.8676781462682994
567.0 1.2957721254136334
567.5 1.0996028187222804
568.0 0.9926919345022271
568.5 0.8769146147935423
569.0 1.569040305718189
569.5 0.5307125055604394
570.0 1.0163972424936154
570.5 0.8742706561859639
571.0 1.0655871031963497
571.5 1.0490138172100283
572.0 0.8934082434842698
572.5 0.8030484262016274
573.0 0.5106480327634796
573.5 0.6028228466956429
574.0 1.059587035892872
574.5 0.8012760633313833
575.0 0.8598291388337834
575.5 1.0659289895551627
576.0 1.1002940181987733
576.5 1.2347031525993344
577.0 1.2617124319568152
577.5 0.8774098897657711
578.0 1.2850855827771888
578.5 0.9449520255888504
579.0 0.8154727195155738
579.5 0.6306678426608314
580.0 0.7431841692090023
580.5 0.9116951618665807
581.0 1.0297734236913723
581.5 0.9621982458623646
582.0 0.5340388997050242
582.5 0.8563860594169105
583.0 1.1043916739128303
583.5 0.4651376726795125
584.0 0.5809070502592375
584.5 0.7298960302068682
585.0 0.8625057395825959
585.5 1.309433535462541
586.0 1.0561741062666208
586.5 1.1257958956574095
587.0 0.894219253810476
587.5 0.6956484310033428
588.0 0.6326685368581452
588.5 0.7905490240221105
589.0 0.8694256650668148
589.5 0.9570085222613778
590.0 1.309380352052545
590.5 2.1111724503862024
591.0 0.621589312602492
591.5 1.243135182490064
592.0 2.2184540517414892
592.5 1.2024712017827022
593.0 1.3037979189112603
593.5 0.8780451893665826
594.0 1.8144489561033974
594.5 1.312851794823029
595.0 1.196890893950366
595.5 1.1245948093085505
596.0 1.4151444083640419
596.5 2.018146663704063
597.0 1.29217245019458
597.5 0.4374345663549484
598.0 1.3052818682223037
598.5 0.8193522797409168
599.0 1.3944121689235103
599.5 1.757026506181372
600.0 1.5685594434846375
600.5 2.300380670376543
601.0 0.7759221478395265
601.5 2.606510229692006
602.0 1.3160437305496289
602.5 1.049228877967531
603.0 2.406734083153684
603.5 1.0111543516224266
604.0 1.7018981860873836
604.5 1.727440470546397
605.0 0.70713471687818
605.5 1.5244523714667566
606.0 0.5303885610121442
606.5 1.248005066030264
607.0 2.4922998445990303
607.5 1.3461267693791423
608.0 1.7634830907508299
608.5 1.1245156657859028
609.0 1.323786581302545
609.5 1.4142948637343773
610.0 1.0136789341695822
610.5 1.1652137758358934
611.0 0.7819503854991383
611.5 0.8476937476107393
612.0 1.0898237673116788
612.5 0.6245698570870912
613.0 1.1847562377740375
613.5 1.0099501227674859
614.0 0.6860261597361859
614.5 1.0938657126816458
615.0 1.263858065427054
615.5 1.0410352359697082
616.0 0.9698417531396069
616.5 1.079616990147156
617.0 0.9685571432008346
617.5 1.1741125478626424
618.0 1.1188567321466683
618.5 1.2448516850978786
619.0 2.2283782630729383
619.5 1.1964958198289182
620.0 1.7450844919750992
620.5 1.1250259281412671
621.0 1.0519253668017639
621.5 1.0568623609976138
622.0 1.504521348519401
622.5 1.142430066954541
623.0 1.3130665037491633
623.5 2.053304163162304
624.0 1.104622480294784
624.5 1.6898358103073705
625.0 0.9112448123901563
625.5 1.1879777395060356
626.0 1.0603623010689716
626.5 0.8792452988391682
627.0 1.145446374106852
627.5 0.9855259227775481
628.0 0.2295031835890694
628.5 1.7017275469395376
629.0 0.5721325256496576
629.5 0.8848076988279813
630.0 1.4891657889123162
630.5 0.37443542589730383
631.0 1.3794011109641988
631.5 0.9692403175850006
632.0 1.1465851204932733
632.5 0.7210663008888312
633.0 0.6885759978081893
633.5 1.0880982081598534
634.0 1.1337056537051422
634.5 0.7550826175115845
635.0 1.0503632075575438
635.5 0.8573206277278803
636.0 0.5707398625503566
636.5 0.8301183860494288
637.0 1.0582592088407607
637.5 0.5766418581502664
638.0 0.7096831042953609
638.5 1.1070795131649946
639.0 0.8648862998690826
639.5 1.1059658804104153
640.0 1.4347642298369416
640.5 1.3464855687737787
641.0 0.8872468576373964
641.5 0.6116294610108315
642.0 1.3518340387930634
642.5 1.1828804255456409
643.0 1.3679835813251655
643.5 1.0692277800732541
644.0 1.3966162101579465
644.5 2.5699342540819523
645.0 1.6302828471497643
645.5 0.8813332225816926
646.0 0.6620375391161823
646.5 1.8136617325437616
647.0 1.1571094505411204
647.5 1.410565934123421
648.0 0.8484232395927976
648.5 1.212474479119143
649.0 0.9939367421981538
649.5 1.212740017734621
650.0 1.484965796041756
650.5 1.094192217989827
651.0 0.9580193549484353
651.5 1.3376262978819158
652.0 1.5227418877084797
652.5 0.6710142803649808
653.0 1.147133548964082
653.5 0.6040143625258454
654.0 0.8341944059575503
654.5 1.405670429282999
655.0 0.6719267307746475
655.5 1.1024917058016364
656.0 1.8192523791493664
656.5 1.2172665929393385
657.0 1.4757890603935468
657.5 1.4508843721594735
658.0 0.8068435241197376
658.5 1.2024859717000216
659.0 1.5668875712136545
659.5 0.2085543216582717
660.0 1.5002186257275347
660.5 1.5464079974833802
661.0 1.49153712008339
661.5 0.4671713757367476
662.0 1.2310088120098726
662.5 0.926796616219821
663.0 1.5161611879793657
663.5 1.9407290778162969
664.0 1.2538027832272034
664.5 1.0342821356180836
665.0 1.6195917910518514
665.5 1.66130890676071
666.0 1.2014657481042426
666.5 1.2338664298459079
667.0 0.7714601161602734
667.5 1.1742475089823912
668.0 1.2886366959339062
668.5 1.6592528233812796
669.0 0.557060478195282
669.5 1.2110517079660308
670.0 1.374835685364408
670.5 1.474473397837869
671.0 1.115675152775026
671.5 1.4146223571246619
672.0 1.5602258750170381
672.5 1.5783276713162644
673.0 1.2077183506751106
673.5 1.0615735231827403
674.0 1.9996592567815288
674.5 2.093842390014524
675.0 1.8932483963103115
675.5 2.139391942796425
676.0 0.4884306875704847
676.5 1.3385864891673038
677.0 2.679230729106845
677.5 1.241869840283167
678.0 1.447652059836634
678.5 1.7834990343640205
679.0 1.2918459989331625
679.5 1.8420484319362878
680.0 1.4058203859613616
680.5 3.2658258349893394
681.0 1.5064045441543037
681.5 3.2557536459250995
682.0 1.3294316455469724
682.5 2.7893481095617023
683.0 1.0405977022213788
683.5 1.8345714593867202
684.0 2.2658920514124077
684.5 1.972026288203676
685.0 2.4135756800087202
685.5 2.6530441432887857
686.0 2.009802234506934
686.5 2.4190662574204786
687.0 3.399353826146541
687.5 1.7779490164844804
688.0 1.680389572341272
688.5 2.472017124634652
689.0 1.5012844389220255
689.5 1.3133919224818038
690.0 2.1761248863589664
690.5 2.209534340770948
691.0 2.0198230442951144
691.5 0.9891615568682945
692.0 1.5118899548176514
692.5 2.098240557188319
693.0 2.7295824311268975
693.5 0.8132165812123475
694.0 1.6438723582900674
694.5 1.704340224591507
695.0 0.9819620350285108
695.5 0.8714826156049024
696.0 1.6084260051259407
696.5 0.9306206365679363
697.0 2.3747376169242633
697.5 1.1182087792524509
698.0 2.5277543744949527
698.5 0.9902212749084612
699.0 1.3174348146519717
699.5 1.3078971552197467
700.0 1.5384383466877058
700.5 2.640828510892682
701.0 1.6040908062375112
701.5 1.1675811528077373
702.0 0.3487886075261495
702.5 1.2368768380023432
703.0 2.650615239197468
703.5 1.7082928035296097
704.0 2.0604163208157242
704.5 3.3805407273056045
705.0 1.674497179946379
705.5 0.9726302320243531
706.0 2.051845186151194
706.5 1.5817149431470123
707.0 1.3649367033863977
707.5 3.471751750766477
708.0 2.1259580685126718
708.5 1.152135089308362
709.0 2.721048411057507
709.5 1.2313280454374482
710.0 1.3175025452028284
710.5 0.7976207111897511
711.0 1.7365733583345508
711.5 1.2570408978486047
712.0 0.9305187687213733
712.5 1.0054947897084259
713.0 1.1507273466136247
713.5 0.7795212227213165
714.0 2.320919292906213
714.5 2.793442753643956
715.0 1.88376037449976
715.5 1.97330707650644
716.0 2.2538424159872834
716.5 1.7563573652663487
717.0 1.5346553499472135
717.5 2.0337081213283708
718.0 1.1124173255392469
718.5 1.8861544945154187
719.0 1.528097733547808
719.5 1.726449208754517
720.0 1.4905896040807023
720.5 1.547481927588843
721.0 0.676631776671478
721.5 0.7989093985457505
722.0 0.7016323275191922
722.5 0.6023778531871565
723.0 0.8629115415303812
723.5 0.8351466034992936
724.0 1.0843801319788058
724.5 1.1552591883603083
725.0 0.9038491807598223
725.5 1.2073792289778782
726.0 1.0968573033962883
726.5 0.8605732377451629
727.0 0.9051535757576528
727.5 1.1233311453388704
728.0 1.3942947961587955
728.5 1.2545955581375392
729.0 0.6884704741104788
729.5 0.6529939933262512
730.0 0.7214192275850286
730.5 0.9944016498479274
731.0 0.6132259474506582
731.5 0.8626076688679043
732.0 0.9789042602784189
732.5 0.7112863733758674
733.0 0.7371479481432623
733.5 1.1788175903107219
734.0 0.8459279493223079
734.5 1.0278947935582692
735.0 0.7278875301630652
735.5 1.4317701749203344
736.0 1.429330147810406
736.5 0.9595474568795388
737.0 1.16219608702615
737.5 0.8809584192133604
738.0 0.5786226393816658
738.5 1.3706888486216435
739.0 0.4531723665558851
739.5 0.5560234694759142
740.0 0.8845380605742521
740.5 0.9743704298736531
741.0 0.9864759683756854
741.5 0.9538718437419955
742.0 0.9737869896163731
742.5 0.462193156628133
743.0 0.8872348303442947
743.5 0.4750801967342593
744.0 0.8313998281548023
744.5 0.7618178901359898
745.0 0.7193874030086169
745.5 1.286815644639021
746.0 0.8212023875774134
746.5 0.829703687954758
747.0 0.9566650912238301
747.5 0.9455712903724326
748.0 0.7418179366791964
748.5 0.8449315094825243
749.0 0.5909362764301556
749.5 0.5107856932289008
750.0 1.3190469614380957
750.5 0.39107065021462156
751.0 0.3268563723035877
751.5 0.6104320666898528
752.0 0.6820098175510243
752.5 0.4428041005629824
753.0 0.49066838235039606
753.5 0.5649968786870705
754.0 0.8383441363424354
754.5 0.577004838152169
755.0 0.8933605774795791
755.5 0.45036100065839624
756.0 0.6232165157519481
756.5 1.927935519197211
757.0 1.1840560027787999
757.5 1.4708835706393735
758.0 2.457410121601919
758.5 1.4622400033332168
759.0 1.5155681802476315
759.5 1.830980035701911
760.0 1.060354869587899
760.5 1.5033396136150774
761.0 3.001119526824396
761.5 1.280042597078238
762.0 0.834258241240549
762.5 0.993185887505889
763.0 1.5616209001104733
763.5 1.9242362664644534
764.0 0.2
764.5 1.697938858622126
765.0 1.1451956170991586
765.5 1.3988160720480578
766.0 0.9025517828505853
766.5 0.9073775748249049
767.0 2.1849557664042596
767.5 1.5944508979463823
768.0 1.3260326197413754
768.5 1.2861422443863175
769.0 1.2809848182652557
769.5 0.6259694813197013
770.0 0.6564386175030111
770.5 1.2939787800677442
771.0 1.0739414387363837
771.5 1.134616829625973
772.0 1.063347540141668
772.5 0.9093811070723259
773.0 1.2973944591360365
773.5 1.0305780364709172
774.0 0.8410674959770921
774.5 0.9898178535668727
775.0 1.195420539563882
775.5 1.690760852166683
776.0 0.8831584891724212
776.5 0.5210614095801854
777.0 1.0116148437500239
777.5 1.1797887574267654
778.0 1.961257345480866
778.5 1.6322628613460428
779.0 1.4996578860273675
779.5 1.171173644006844
780.0 0.8259225392279022
780.5 0.7806771740801745
781.0 1.8458795003695125
781.5 1.3786860216065218
782.0 1.1067031089224328
782.5 1.5936712306325576
783.0 1.2499190358504886
783.5 1.187700286771903
784.0 1.4216781466870643
784.5 0.6867124831515633
785.0 0.6612134553052795
785.5 1.6213364545681708
786.0 0.7881265508759623
786.5 0.9652528206268137
787.0 1.0091082375440874
787.5 1.385276502895756
788.0 2.1907448281277784
788.5 2.26461955316127
789.0 1.453727275282931
789.5 1.8146750654166548
790.0 2.293089327464134
790.5 1.7428672453250513
791.0 1.4724834207913533
791.5 0.9781048400125303
792.0 0.4361271731631001
792.5 1.679353800630916
793.0 1.825808713694748
793.5 1.3906790627007595
794.0 1.7798134238031924
794.5 1.1048762338511118
795.0 0.6466225005855859
795.5 1.5524038634202109
796.0 0.9511400424002514
796.5 1.0763108602506544
797.0 0.7869199586127841
797.5 0.8322949134205166
798.0 1.0141416647055277
798.5 0.9856068376234428
799.0 1.3782336825440484
799.5 0.609346353986155
800.0 1.7363908359897806
800.5 1.612702115147815
801.0 1.093879027809242
801.5 1.372694919095256
802.0 1.8418288117139554
802.5 1.1970836948667172
803.0 2.4917714820463845
803.5 1.1758868904484956
804.0 1.072521744422706
804.5 1.560118965104415
805.0 0.480664010554966
805.5 2.2399528587797723
806.0 1.4109974478599783
806.5 1.4847829088625877
807.0 2.224431701734746
807.5 2.397261535265455
808.0 2.4546870520933393
808.5 2.2793620568467468
809.0 2.08771917294178
809.5 0.27582543663426207
810.0 2.2294169196937585
810.5 1.4372958096183281
811.0 1.912387430916855
811.5 1.6272678528852609
812.0 2.636823816713598
812.5 1.1228766480488241
813.0 2.4318044988763017
813.5 2.053348675891457
814.0 1.8237104902701167
814.5 1.6793490007019383
815.0 0.47295430965555263
815.5 1.20803540360063
816.0 0.9997825319189119
816.5 1.2135677390995292
817.0 1.2984361968320384
817.5 1.5043774435889348
818.0 1.4932583126882892
818.5 2.7291173814700436
819.0 2.19577636211155
819.5 1.5447616715042403
820.0 2.538388871528622
820.5 2.1484994446435097
821.0 1.5887022387129313
821.5 0.29682469777006415
822.0 2.5305932779323514
822.5 2.5214270341011247
823.0 0.7966256947685757
823.5 2.073226370755862
824.0 1.4226509275709172
824.5 0.9850890558365614
825.0 1.3521985058063921
825.5 0.7869502017294492
826.0 2.7746398594375883
826.5 1.6661512532511338
827.0 1.4688913177506357
827.5 1.4178376658949126
828.0 1.0785552831973966
828.5 2.695780839116295
829.0 2.114780500000163
829.5 2.5798768914898673
830.0 1.807072853613837
830.5 1.6109323420456887
831.0 3.1843303986858533
831.5 1.293934415516806
832.0 1.3983787814904214
832.5 2.40692739931526
833.0 1.2542912966933053
833.5 0.953276147455552
834.0 0.5957348076017498
834.5 0.3370536678049949
835.0 0.911136616000497
835.5 1.1614448956223362
836.0 0.8112663572430607
836.5 0.8591228666147129
837.0 0.7985491371764104
837.5 1.573872035165195
838.0 0.5708736440457097
838.5 0.7728770312830429
839.0 1.068129286223218
839.5 0.9459103159621152
840.0 1.547856180989965
840.5 1.5871892332826958
841.0 1.9839026892884895
841.5 2.243693094971163
842.0 2.12188507488641
842.5 0.7421335077999965
843.0 1.472784636623012
843.5 1.6029157891688524
844.0 1.6385612597547787
844.5 0.8579296815390746
845.0 2.0029397949533108
845.5 1.078601307445079
846.0 1.1478429502018224
846.5 1.311756950875433
847.0 1.0497893332600468
847.5 1.9813176262222045
848.0 1.694841196153057
848.5 1.6472460138531668
849.0 2.043647234533679
849.5 1.1282991465097112
850.0 1.3821925110658158
850.5 2.1552135945132695
851.0 2.2927889106580968
851.5 1.671274224800018
852.0 1.4451743362373866
852.5 0.571203293578713
853.0 0.9284406069024349
853.5 0.8680843589504095
854.0 0.5014149379085496
854.5 0.9856722387376091
855.0 1.3196089010407275
855.5 0.6883692722506645
856.0 0.6396650548676412
856.5 0.8581059625082812
857.0 1.1614120857317451
857.5 0.8200007017968094
858.0 1.0424055157041092
858.5 0.5453257906748088
859.0 1.065047911567835
859.5 0.5659363503992572
860.0 0.7262360728118091
860.5 0.6828404623966746
861.0 0.6764461699114976
861.5 0.9081255328047273
862.0 0.7516544657273605
862.5 0.8878080978434326
863.0 0.977099537061134
863.5 0.994564746721817
864.0 0.7172867818502286
864.5 1.341962864032421
865.0 1.001695864736484
865.5 0.9089161048169473
866.0 0.5657062712640872
866.5 1.2064389034633225
867.0 1.0744477023840813
867.5 0.7693706064406769
868.0 0.7728814439609454
868.5 1.2225896831991192
869.0 0.682653932449719
869.5 0.7541484320850644
870.0 1.0481905219295704
870.5 0.9523724798312256
871.0 1.0605033424421026
871.5 0.6993662935212608
872.0 0.4892012888625438
872.5 0.8009850155632927
873.0 1.1274023104309352
873.5 1.0275016446263576
874.0 0.7655864466252158
874.5 1.0364791631651853
875.0 0.6635935693246593
875.5 0.7011288669536406
876.0 0.7517121598296059
876.5 0.5811771225744584
877.0 0.9802169859860455
877.5 0.8023890454341893
878.0 0.68365305114064
878.5 0.8323429785961647
879.0 1.1622227185927974
879.5 0.9062659663886677
880.0 1.2697331431875336
880.5 1.202775581040792
881.0 1.1467155832301716
881.5 1.0396767284024169
882.0 0.9269096266928236
882.5 0.6614847547889211
883.0 0.8655583928647388
883.5 1.1163469035273943
884.0 0.2
884.5 1.0710920792830725
885.0 0.6537433875560301
885.5 1.2022719686962402
886.0 1.0072024944150553
886.5 0.5327294368164872
887.0 1.0569339937679785
887.5 1.0117903443239686
888.0 1.213985811143641
888.5 1.0497365573656112
889.0 0.9874591595192703
889.5 0.4077548469702967
890.0 1.1489044719673391
890.5 0.6361454175039554
891.0 0.8338721855765459
891.5 1.0051734932913443
892.0 1.211270146556481
892.5 0.4984999232274854
893.0 0.7130718394418227
893.5 0.9861656427904082
894.0 1.29104050490964
894.5 1.0410519397583786
895.0 1.2418404865784913
895.5 0.7306633137206417
896.0 1.1072622301652217
896.5 0.9579139024554348
897.0 1.4379148118422218
897.5 1.0110200920218873
898.0 1.3601361761973034
898.5 0.5760029756768251
899.0 0.5924433615830521
899.5 0.8290131929225149
900.0 0.8722666353749613
900.5 0.8918820845681621
901.0 0.5775344011039408
901.5 0.7287148575326157
902.0 0.8332897121554499
902.5 0.8527295459998985
903.0 0.9182724503038446
903.5 0.4245390184030191
904.0 0.7978291214666837
904.5 0.7614466944192646
905.0 1.0421244883669623
905.5 0.8739953755307704
906.0 0.7473595258668415
906.5 1.1665215412570158
907.0 0.9697774365660179
907.5 0.8734995963475032
908.0 1.0005349745596919
908.5 0.6233291966285506
909.0 1.1867982873859466
909.5 0.9962136118418892
910.0 0.9663185997223642
910.5 0.5974048266568943
911.0 0.7951329608100123
911.5 0.8660632321945492
912.0 1.0887852247533505
912.5 0.8191198324491686
913.0 1.3369327395173598
913.5 1.1934238672638469
914.0 0.9112802446133661
914.5 0.9145435599877756
915.0 0.7311794995692746
915.5 0.6333104530796112
916.0 0.6938524196118379
916.5 0.6053685666132749
917.0 0.6104397473109362
917.5 0.6073659879667979
918.0 0.6129279915507357
918.5 0.4882002124070821
919.0 0.6664401083352618
919.5 0.6052132004603188
920.0 0.9860435132770282
920.5 0.47420734085174465
921.0 0.9039635281946403
921.5 0.784830808570361
922.0 0.8776030961902798
922.5 0.8938429761865995
923.0 1.36217581374096
923.5 1.5365835113497743
924.0 1.1081135540461151
924.5 1.332661979120436
925.0 0.4714681834667771
925.5 1.4637764107087503
926.0 0.9848740653417353
926.5 1.0986233502655516
927.0 1.212124912008449
927.5 1.2631783110545216
928.0 1.0010359452516315
928.5 1.0982979284988046
929.0 0.22392599543303593
929.5 0.795449052602468
930.0 1.8667646521431402
930.5 1.1116746694201902
931.0 1.1576530666341849
931.5 1.3019300054940632
932.0 1.2949257260513078
932.5 1.178412219666654
933.0 1.4246193212608076
933.5 1.4298673728577032
934.0 2.063740552706842
934.5 1.698423424786615
935.0 2.6757425156036554
935.5 0.8856605454223958
936.0 0.2
936.5 1.5241407173450665
937.0 1.6118068311106746
937.5 0.9366064033932624
938.0 1.2656098241782763
938.5 2.092085239997527
939.0 1.7596781236024501
939.5 2.093837184217764
940.0 1.3653550025708925
940.5 0.9657709501883365
941.0 1.2785249678073007
941.5 1.8925210766017146
942.0 0.2
942.5 0.8523664794242203
943.0 1.4619681663231685
943.5 1.5136891151079688
944.0 1.363621967307985
944.5 1.8951617036616135
945.0 1.1554271110150331
945.5 1.3417137567847086
946.0 0.594846993066629
946.5 1.3362329164943372
947.0 1.8634238966237424
947.5 1.242901261811548
948.0 1.2402790283776801
948.5 1.1760739989189504
949.0 1.8448411407662948
949.5 0.7047094985262167
950.0 2.3444141259401947
950.5 1.7872833439472164
951.0 1.5951302083965957
951.5 1.9550926076336843
952.0 0.9347696225346691
952.5 1.7280205755354254
953.0 1.660809359632135
953.5 1.5192072296724204
954.0 1.464759622399132
954.5 1.7816191183906025
955.0 0.9630841014331691
955.5 1.0887744734409595
956.0 0.8814760515027911
956.5 0.934469318281135
957.0 1.3807822421689246
957.5 1.1031746178902548
958.0 1.2147084231090903
958.5 0.6753870927000335
959.0 0.9806316139646614
959.5 2.0892693489912038
960.0 2.065869766798981
960.5 2.5145869820040807
961.0 0.2
961.5 1.3866201940303529
962.0 0.370446023873203
962.5 1.3088824957615828
963.0 1.583456151227546
963.5 1.4462390559807945
964.0 1.1524287252987064
964.5 0.9686592846962667
965.0 0.5223862502181884
965.5 1.9996923603969918
966.0 0.5674443178988827
966.5 1.0897726279452578
967.0 0.7164539460473717
967.5 0.6030468118473145
968.0 2.1340117502966396
968.5 1.180727825156113
969.0 0.9924784229793617
969.5 1.2823158502542702
970.0 0.7846867041998112
970.5 1.5844840416359642
971.0 1.9741584088185702
971.5 1.3923698131164586
972.0 0.714616915529818
972.5 1.025817553919592
973.0 1.658891787167854
973.5 1.450144931079309
974.0 1.3431819939920449
974.5 1.0866231451771216
975.0 1.5673474085223176
975.5 2.6366312843027346
976.0 2.050432334743914
976.5 0.8257049833199422
977.0 1.3807295555372232
977.5 0.7005760264441379
978.0 1.3303712103639103
978.5 1.5601287461124531
979.0 1.1027689547646897
979.5 0.2793114439887978
980.0 0.5623194052381721
980.5 0.8729265989142149
981.0 0.5530927440263856
981.5 0.6957592863068668
982.0 0.4563029267514532
982.5 0.790229239413768
983.0 0.5472832236090428
983.5 0.7611900612539233
984.0 0.5365587814164502
984.5 0.9455451570226641
985.0 0.8593984844286553
985.5 1.0984456489382377
986.0 0.8578713215415171
986.5 1.1033548379960738
987.0 0.8932196649877004
987.5 0.5920452256894267
988.0 0.8492478398181511
988.5 0.3561679895377553
989.0 0.7450184643440843
989.5 0.828927455272219
990.0 0.9944429435589299
990.5 1.1718795501981922
991.0 1.0689154736967692
991.5 1.3317889876276483
992.0 0.6642149138213413
992.5 1.588432980628061
993.0 1.8979554371338319
993.5 1.0280910108974288
994.0 1.3846645832390576
994.5 1.9559698057565464
995.0 0.8683950311771337
995.5 1.3625421494397059
996.0 0.9473640208294447
996.5 1.0122368530771133
997.0 1.533989963300083
997.5 1.7836804308342755
998.0 1.635976002011802
998.5 1.3257682702358244
999.0 1.9172288246606444
999.5 1.590860990552395
1000.0 0.6045026207091226
1000.5 1.8491720616313263
1001.0 1.1912414528783308
1001.5 0.9645336882511697
1002.0 1.528087902259479
1002.5 0.6384229248048098
1003.0 1.904376286594291
1003.5 1.8814767292078685
1004.0 0.8351959203430788
1004.5 1.3233071677960755
1005.0 1.158175303201722
1005.5 1.3974487466347516
1006.0 1.5044010099778224
1006.5 1.2499830880153806
1007.0 1.0874752153470315
1007.5 0.779028442097081
1008.0 1.6020265542973546
1008.5 2.1818580782397836
1009.0 1.5318991714336998
1009.5 0.7040120488560435
1010.0 2.3189820441742803
1010.5 1.548414675596272
1011.0 0.707352128300931
1011.5 2.2188729983581648
1012.0 1.5154253959716526
1012.5 0.9815012722527777
1013.0 1.1671319699492284
1013.5 1.219150410650936
1014.0 1.1759263323488636
1014.5 2.409702878456434
1015.0 2.1652913510088245
1015.5 1.7047780137067923
1016.0 1.1926410861955858
1016.5 1.4981651450028037
1017.0 0.8780910388178752
1017.5 1.144751956255742
1018.0 1.4598774493586355
1018.5 1.7045149300101072
1019.0 1.0769330945495146
1019.5 0.8992789581757863
1020.0 0.6877429489429214
1020.5 0.7204815634335928
1021.0 0.6782548030131125
1021.5 0.6967769359444924
1022.0 0.7498183012884858
1022.5 0.6882653603352282
1023.0 0.8432654525451471
1023.5 0.4839272089410666
1024.0 0.5915043529352411
1024.5 0.7038878420660162
1025.0 0.8508078685850671
1025.5 0.34112939513989665
1026.0 0.7434810704502754
1026.5 0.7676065137293846
1027.0 0.8833874810864606
1027.5 0.6960125790620801
1028.0 0.6610558583107439
1028.5 0.8367850722442691
1029.0 0.658542944176375
1029.5 0.5975441454566179
1030.0 1.4978519320806565
1030.5 1.827423769123961
1031.0 2.368007557247492
1031.5 0.6061928136773409
1032.0 1.740674422588913
1032.5 0.2545381566903897
1033.0 1.8822784716184329
1033.5 1.8092259195577638
1034.0 1.2866878897590786
1034.5 2.11571737507532
1035.0 1.0405752625231715
1035.5 0.6525739518562131
1036.0 0.478575623697844
1036.5 1.8102565032948745
1037.0 1.6067970199254897
1037.5 0.2682357891555027
1038.0 0.5926379028951918
1038.5 1.436778081228932
1039.0 2.8060614767008962
1039.5 1.75146894453448
1040.0 2.2063171673869104
1040.5 2.126597924974418
1041.0 1.344698798471836
1041.5 1.191889516178584
1042.0 1.3520478921555004
1042.5 2.0509172845334245
1043.0 1.0371071660890672
1043.5 2.4224776855753127
1044.0 1.3471627025559274
1044.5 1.4801289818255752
1045.0 1.7014099766101851
1045.5 1.9275803724358749
1046.0 2.4201023551557883
1046.5 0.49164228712032143
1047.0 0.9140134389969964
1047.5 1.606389938144249
1048.0 0.8678172412841696
1048.5 0.2652470607590047
1049.0 1.833839631767699
1049.5 0.7673504772604594
1050.0 2.0474851762829944
1050.5 0.9069217283421901
1051.0 1.170976221722651
1051.5 2.419185708661119
1052.0 1.3456568489199923
1052.5 2.7424219435456685
1053.0 2.2906556831116953
1053.5 1.7953298406643405
1054.0 0.2
1054.5 2.6277299734044717
1055.0 1.5500857775477672
1055.5 1.1704201238092358
1056.0 1.4050858516111915
1056.5 1.0986302349923758
1057.0 0.9306612583874392
1057.5 0.8427958839850137
1058.0 1.0943627944562269
1058.5 0.9848925266433618
1059.0 2.5800271212368733
1059.5 0.9646927135218186
1060.0 1.6763399956150133
1060.5 1.0072395235425624
1061.0 0.8786609210458218
1061.5 1.7254938737718957
1062.0 1.1120133982803915
1062.5 1.4239675334778534
1063.0 0.9742472285733619
1063.5 1.6960374811035404
1064.0 1.0874476539294453
1064.5 1.2377282437226236
1065.0 1.0021074081434902
1065.5 2.1797889505529677
1066.0 0.6620916049530159
1066.5 1.3395206978740026
1067.0 0.7527222829894521
1067.5 1.3550811692602078
1068.0 1.6666835313067256
1068.5 1.3796863885324633
1069.0 1.267977569071845
1069.5 1.161643065866289
1070.0 0.8661666320132928
1070.5 0.5271969105739547
1071.0 1.0236420384757836
1071.5 0.8275542128765954
1072.0 0.6392386451794516
1072.5 0.6673843842637315
1073.0 0.6882035264528714
1073.5 0.7509627529085712
1074.0 0.5901955649118426
1074.5 0.6842663843878967
1075.0 0.7767023858077728
1075.5 1.5598450263153545
1076.0 1.0610003079587376
1076.5 1.8260830530972787
1077.0 1.4592633567636069
1077.5 1.0834618931455644
1078.0 1.0754136936686105
1078.5 0.9764777533998062
1079.0 1.8715265903954728
1079.5 1.639030428895146
1080.0 1.6833830647598906
1080.5 1.8124008667793128
1081.0 0.5972932169660587
1081.5 0.6562073135820097
1082.0 1.6292033475740504
1082.5 1.2479015345522324
1083.0 0.8207617691701011
1083.5 1.5567494170355995
1084.0 0.2
1084.5 1.4413544499669424
1085.0 1.3131645721478096
1085.5 1.5730179334026146
1086.0 1.925944416260367
1086.5 1.6180357476494365
1087.0 0.6600995640101175
1087.5 0.583784334562148
1088.0 1.5368811977989267
1088.5 0.44484136578291156
1089.0 0.7511252463981204
1089.5 1.3191698664676368
1090.0 1.0330248696816235
1090.5 0.6113151768162051
1091.0 0.6957249029621447
1091.5 0.953748239936596
1092.0 1.2038875723717815
1092.5 1.2739173446187855
1093.0 1.1011067286166292
1093.5 0.8783934317922965
1094.0 1.0328326546496445
1094.5 0.5089233576695569
1095.0 1.0735246409594708
1095.5 1.1992467858404567
1096.0 0.975889841603817
1096.5 1.3188282920602186
1097.0 1.6230964951501727
1097.5 0.8687024338977041
1098.0 1.1967177044507897
1098.5 1.01194571411324
1099.0 0.902974654848977
1099.5 0.9370361917469849
1100.0 1.5622987117821947
1100.5 0.9903476488813989
1101.0 1.1451328871887783
1101.5 0.4598228906496278
1102.0 0.5660728194758133
1102.5 0.7542485621552737
1103.0 1.7828316678780112
1103.5 1.0522026028720948
1104.0 0.7917639643441025
1104.5 1.2035250939486895
1105.0 0.9950768072136433
1105.5 1.6501936010147045
1106.0 1.7398289179778503
1106.5 2.1021197917661882
1107.0 0.7682374458439367
1107.5 1.4947402102516227
1108.0 1.258059504647619
1108.5 2.0724553112869826
1109.0 1.4215431057082561
1109.5 1.5018236277223225
1110.0 1.659008926386503
1110.5 1.7104787918495026
1111.0 1.7628328936783473
1111.5 1.9037805089166717
1112.0 0.7621243875384163
1112.5 0.6740368954563497
1113.0 0.9566991802460714
1113.5 1.8814149953330932
1114.0 0.9417801683183245
1114.5 0.9069523573989038
1115.0 0.8515270528267979
1115.5 0.7912895050891667
1116.0 0.9699683150096988
1116.5 1.1473451539456019
1117.0 0.5544554385530492
1117.5 0.9064689593305753
1118.0 0.9762300065359151
1118.5 0.8920011335931692
1119.0 0.7820508082876033
1119.5 0.44957649545128264
1120.0 1.0811882853710884
1120.5 0.6112630036681236
1121.0 0.9239886961992327
1121.5 0.8424220927190281
1122.0 1.0875917049482235
1122.5 0.8590225273461007
1123.0 0.5747124396284563
1123.5 1.0281593869402303
1124.0 0.7164858523127224
1124.5 0.45117687057832867
1125.0 0.45570951234362433
1125.5 1.0003466808759882
1126.0 1.1947947531265726
1126.5 0.5662279982799066
1127.0 1.042366347292857
1127.5 1.1567697777300223
1128.0 1.717620982373447
1128.5 1.4251240455678644
1129.0 0.515598861234601
1129.5 1.2677108634965841
1130.0 2.744556008220887
1130.5 1.9573428623233224
1131.0 0.8473325255531837
1131.5 1.5852550446780886
1132.0 1.7101325930524376
1132.5 1.0857293425287713
1133.0 1.9128271897310363
1133.5 1.3825691211710054
1134.0 1.4641701965116276
1134.5 0.667697518481341
1135.0 0.8648826851802882
1135.5 1.2579732631991138
1136.0 1.424020668604209
1136.5 1.384559323867577
1137.0 0.37621090487305864
1137.5 1.0624900865273503
1138.0 1.597981497767539
1138.5 0.2792095778685114
1139.0 2.3287787341752906
1139.5 0.5465159514128063
1140.0 1.214396987909004
1140.5 0.7057148545000519
1141.0 1.294089989278084
1141.5 1.2472776089777964
1142.0 0.8769698884595414
1142.5 0.8493793742034619
1143.0 0.9288045626317707
1143.5 2.037986674190797
1144.0 1.4349622548984706
1144.5 1.0234796013100969
1145.0 1.6088964047812717
1145.5 1.1172762148496904
1146.0 1.1054604419126668
1146.5 0.5347172617236351
1147.0 1.0125071187439763
1147.5 1.489877175796703
1148.0 1.428593955711842
1148.5 0.6427978619404084
1149.0 0.5592397089330544
1149.5 1.1611386706260807
1150.0 0.8398103132533967
1150.5 0.9939603150923741
1151.0 0.8519761481783497
1151.5 0.5025213886998228
1152.0 1.0310952133172604
1152.5 1.2028834526281076
1153.0 1.3558607174421566
1153.5 0.7824523073561627
1154.0 0.8495523630870224
1154.5 0.7750109533431553
1155.0 0.9017943323101371
1155.5 0.7542610881132744
1156.0 1.1020867705335693
1156.5 0.5764520809874163
1157.0 0.5915535452735978
1157.5 1.0019059954248366
1158.0 1.1059789937543594
1158.5 1.0985587746683707
1159.0 1.414629247464017
1159.5 0.8617004765272687
1160.0 0.8394836841791784
1160.5 0.6680807012559027
1161.0 0.7533030815064738
1161.5 0.8629530946941146
1162.0 1.200633219319776
1162.5 1.0558417749166131
1163.0 1.343326763107247
1163.5 1.7143063359500292
1164.0 0.6590415002295571
1164.5 1.1136743040481036
1165.0 2.812201312669488
1165.5 0.9664691322753165
1166.0 2.203921508060105
1166.5 1.627548767163207
1167.0 0.6096554394538588
1167.5 0.5144268531182599
1168.0 1.577360913061007
1168.5 1.2153182551400843
1169.0 1.2993509579098996
1169.5 1.861135157669422
1170.0 2.109087743099117
1170.5 3.3178746420887735
1171.0 1.0998604074832787
1171.5 2.299439607199905
1172.0 3.316584073436579
1172.5 0.9659121686070707
1173.0 1.4106402895512424
1173.5 3.6635794887606155
1174.0 1.3803354724666417
1174.5 1.5335655438392501
1175.0 0.33034069108384
1175.5 2.430283066541816
1176.0 1.9585007783287713
1176.5 2.9670947493096556
1177.0 0.6279068822078855
1177.5 1.5283608654020648
1178.0 1.5572423172113439
1178.5 1.897434208060083
1179.0 1.3037486190568428
1179.5 0.39660755010873094
1180.0 3.496691734922613
1180.5 0.7393520987197254
1181.0 1.137779443535448
1181.5 2.071876821639213
1182.0 1.3457011168490474
1182.5 1.9231380535777933
1183.0 0.9104933962755477
1183.5 0.9760259462086983
1184.0 1.4587950294174168
1184.5 0.8806458478241834
1185.0 0.9473815760039509
1185.5 1.6778463842064053
1186.0 0.5523398687641203
1186.5 1.1033270477388424
1187.0 0.25529801082567927
1187.5 0.9790004639081513
1188.0 1.7130055366455295
1188.5 2.485454325981078
1189.0 1.5636096913395083
1189.5 1.1894458914487334
1190.0 0.838158827015995
1190.5 0.6412522946178115
1191.0 0.2
1191.5 0.6909767201845605
1192.0 1.5622412767028204
1192.5 1.1913457716084774
1193.0 0.8874924173772489
1193.5 1.7677365475851503
1194.0 1.1138495989990682
1194.5 1.7026018620388945
1195.0 1.6730398060493572
1195.5 1.4318634357862476
1196.0 0.927006686554732
1196.5 1.09291462806803
1197.0 1.2198583221994757
1197.5 1.2475118331557877
1198.0 1.445273881891259
1198.5 1.7952389414092056
1199.0 0.6666659435302846
1199.5 1.4486110620878618
1200.0 1.656636463563062
1200.5 0.9164410863378039
1201.0 1.3316496913910303
1201.5 1.6312233051766163
1202.0 1.061524819077972
1202.5 2.240812591121937
1203.0 2.2243543372000203
1203.5 0.80517510180716
1204.0 1.018973581250485
1204.5 1.458927057320269
1205.0 1.5419314608930266
1205.5 1.408712203390928
1206.0 2.1070815856932597
1206.5 1.334401505503891
1207.0 0.7492807062176475
1207.5 0.9081856714563222
1208.0 0.7254625593125374
1208.5 0.725438369730314
1209.0 0.8556758804572189
1209.5 1.227153620714724
1210.0 1.1186626763599805
1210.5 1.0164910234512983
1211.0 0.7813850961876054
1211.5 0.6931058090743724
1212.0 0.972276399187693
1212.5 0.5197391130040646
1213.0 1.0273801044756454
1213.5 1.0830802507886028
1214.0 1.0366337978375963
1214.5 0.842817942193353
1215.0 0.7691462314783886
1215.5 0.912627208932306
1216.0 1.0533143120650068
1216.5 0.6809772253538875
1217.0 1.0626537480128246
1217.5 0.9824685890110408
1218.0 0.5604936052331285
1218.5 1.5075691704413854
1219.0 1.5823389059763862
1219.5 2.492433637935557
1220.0 1.8716848572408051
1220.5 1.358012961137958
1221.0 1.3391654159860973
1221.5 1.250162605805522
1222.0 0.651447469695325
1222.5 1.133220804235483
1223.0 2.0247379309815763
1223.5 1.723022294855854
1224.0 1.1803030417781042
1224.5 1.7591398795918332
1225.0 1.581751283611812
1225.5 0.8977571760352113
1226.0 1.3892988911225486
1226.5 2.9016136419904517
1227.0 0.744965555032923
1227.5 0.891057710874464
1228.0 0.7860881037243652
1228.5 0.6318836911791789
1229.0 0.8256933422482139
1229.5 0.4768054875394135
1230.0 0.8048908622364125
1230.5 0.6049932726968993
1231.0 0.7742990384191212
1231.5 1.0979647596840245
1232.0 1.0889291808161772
1232.5 0.5378945518378108
1233.0 0.7295899051241325
1233.5 0.8789186704775572
1234.0 0.7909094761340852
1234.5 0.7238445288436778
1235.0 1.0317771969304186
1235.5 0.4607802406033231
1236.0 0.7597558757112922
1236.5 0.9313285527742968
1237.0 0.8365696652209154
1237.5 0.842598886876384
1238.0 1.1307131194434432
1238.5 0.9746112982134958
1239.0 0.7846837365488848
1239.5 1.218491494289769
1240.0 0.4141315458308077
1240.5 0.8291040537828273
1241.0 0.5268964158709993
1241.5 1.052541055264432
1242.0 0.7289952901910104
1242.5 0.7299882768385484
1243.0 0.7976872854195534
1243.5 0.6590836589293093
1244.0 0.7605669636454344
1244.5 1.1238880770784037
1245.0 0.5143612176787085
1245.5 0.918677386325082
1246.0 0.7837248887591022
1246.5 0.9542815943384579
1247.0 0.5012840215887888
1247.5 0.5997644960192018
1248.0 0.4674610350880939
1248.5 0.8516563139594202
1249.0 1.4623798782234105
1249.5 1.5601740197996117
1250.0 1.286105480028743
1250.5 0.7300078938839165
1251.0 0.9996812043547487
1251.5 1.0240432081131636
1252.0 1.5729842743573614
1252.5 0.688899628742544
1253.0 1.3035929128200974
1253.5 1.52501653058515
1254.0 0.8514382237579132
1254.5 0.6049300049232751
1255.0 0.7603414573360743
1255.5 0.5459816499382466
1256.0 0.6473676699679001
1256.5 0.7660029761490312
1257.0 0.8540054849722096
1257.5 1.040195849609106
1258.0 0.8627404827874903
1258.5 1.2979779525018187
1259.0 0.7921084899517852
1259.5 1.0222881200742697
1260.0 0.9963920530846917
1260.5 0.798604782093759
1261.0 1.004315924704754
1261.5 0.8447263654569541
1262.0 1.1654735262448743
1262.5 0.9220605963304096
1263.0 0.3447198464438164
1263.5 0.710135858411137
1264.0 1.492098614093226
1264.5 1.1507780481108267
1265.0 1.0807526433952854
1265.5 1.7758578632740067
1266.0 1.168575958607681
1266.5 1.6316125758598152
1267.0 1.1414330656698866
1267.5 1.4091970468015342
1268.0 0.699910586667879
1268.5 0.5881386911263365
1269.0 1.2480498227987007
1269.5 1.2741085700493398
1270.0 1.7823019948717675
1270.5 0.9113964313418932
1271.0 1.0632186037454712
1271.5 1.1118049047401313
1272.0 1.502069930886189
1272.5 0.5374759718375465
1273.0 1.1245546523300556
1273.5 0.8102760136016736
1274.0 1.3293523809481556
1274.5 0.9779929664151159
1275.0 0.5001209327419726
1275.5 1.1686856752059667
1276.0 2.5252980189512746
1276.5 1.5684558182851898
1277.0 0.9520749017477507
1277.5 1.5095673293591072
1278.0 1.6701351596904068
1278.5 1.3977660172968225
1279.0 1.0921653634141122
1279.5 0.8472621034191209
1280.0 1.1094575930376565
1280.5 0.9876140585971014
1281.0 1.4097844227892182
1281.5 1.0994482242772972
1282.0 0.3913441352070041
1282.5 0.9613062608897891
1283.0 1.2221731278224788
1283.5 1.0398656703699245
1284.0 0.6466397184942236
1284.5 0.9553646412353172
1285.0 0.381278288348547
1285.5 1.0795666881668096
1286.0 1.141848995013942
1286.5 1.0556861405089966
1287.0 1.1380793600211911
1287.5 1.4691564085668254
1288.0 1.0027937741761141
1288.5 1.3965705534049797
1289.0 0.7600525378682856
1289.5 1.0066351750662905
1290.0 1.035634312402071
1290.5 1.0900846299330582
1291.0 0.8962915632143382
1291.5 1.1464635778002967
1292.0 0.8416408541296341
1292.5 1.0004780574299488
1293.0 0.5053742368858054
1293.5 1.2030223438892351
1294.0 0.4972927857337423
1294.5 0.7785855483369089
1295.0 0.9960337523455096
1295.5 1.0668041951467966
1296.0 0.8337570758966888
1296.5 0.8975684337384201
1297.0 1.061758854496681
1297.5 1.0814962817697393
1298.0 1.0343045237395427
1298.5 0.6942502119278428
1299.0 1.308423118584615
1299.5 1.496661000663533
1300.0 1.576835429858231
1300.5 0.9310733117798982
1301.0 0.5775138696685442
1301.5 1.2387429894416335
1302.0 1.238891205764198
1302.5 1.3519860650179831
1303.0 1.2229027851501593
1303.5 0.9963220314967365
1304.0 1.274566989448098
1304.5 1.0169975182019357
1305.0 0.7979142768497295
1305.5 1.1326347893869366
1306.0 0.9388180836935927
1306.5 0.9799518347576037
1307.0 0.7499090191836653
1307.5 0.539638921577444
1308.0 0.83093922506095
1308.5 0.9205833193466066
1309.0 1.1003246789728245
1309.5 0.9416679017721314
1310.0 0.8564070393585884
1310.5 1.2092033034525391
1311.0 1.1634211861553527
1311.5 0.6195024929592364
1312.0 1.2399607583866747
1312.5 0.6670487481024825
1313.0 1.0988824005668807
1313.5 1.1541742816827154
1314.0 0.7934794829450561
1314.5 1.0749513822248578
1315.0 1.1974043359777573
1315.5 1.262001068115186
1316.0 0.9449284048616775
1316.5 0.8754865493007847
1317.0 0.8555252397820226
1317.5 0.696409530034821
1318.0 0.9969312266887715
1318.5 1.0171996996899864
1319.0 1.4089368299630964
1319.5 0.9294823034217887
1320.0 0.7211644045985444
1320.5 1.111307433233111
1321.0 1.1190881491082911
1321.5 0.914157524070292
1322.0 1.0349914846739887
1322.5 0.9790154844273302
1323.0 0.7679413217302076
1323.5 0.9208609774611065
1324.0 0.9078289367906514
1324.5 0.8079823250540579
1325.0 0.9606194452071337
1325.5 0.6357057100066188
1326.0 0.8285960305833134
1326.5 1.0858839419149466
1327.0 0.574378825701963
1327.5 0.6498612184442922
1328.0 0.7974796107641935
1328.5 0.4470499833680636
1329.0 1.216111389836104
1329.5 0.7084023994228132
1330.0 0.8310343677076691
1330.5 0.7896463208559223
1331.0 0.9920945401769525
1331.5 0.8134401640834894
1332.0 1.035555855249035
1332.5 0.8222764678984409
1333.0 1.0701444417474881
1333.5 0.7997799250073307
1334.0 0.6714733155772268
1334.5 1.0922217978188211
1335.0 1.2209743190136073
1335.5 0.23688719312516188
1336.0 0.9133350754893068
1336.5 2.022702031703634
1337.0 0.6160897193164168
1337.5 2.3268936271027716
1338.0 1.689167925912761
1338.5 2.9716733278075784
1339.0 2.276107944742138
1339.5 1.5575081110613693
1340.0 2.528358165321026
1340.5 2.8062140809661766
1341.0 1.0547689377653935
1341.5 0.896536871678896
1342.0 0.9305565788165164
1342.5 1.5744028848372111
1343.0 1.664035033634315
1343.5 1.9366506131232406
1344.0 0.7917602598894914
1344.5 1.569813379816693
1345.0 0.6412771432269149
1345.5 1.094366695768387
1346.0 1.3559482652118642
1346.5 0.2
1347.0 1.920367506404126
1347.5 1.3559317851351522
1348.0 1.86209378973563
1348.5 1.5232707681557258
1349.0 1.4339938456594217
1349.5 1.9964206778406797
1350.0 0.718349875087473
1350.5 1.6394699639540447
1351.0 1.3238127707468714
1351.5 1.6333600234168966
1352.0 0.5490679286885928
1352.5 1.119577253116714
1353.0 1.0443619631076195
1353.5 0.7421859702473469
1354.0 1.0835675931577824
1354.5 0.2811696545064931
1355.0 0.46797639939830504
1355.5 1.0546241656812052
1356.0 0.7320920604469747
1356.5 1.2910871234167578
1357.0 1.005497789045602
1357.5 1.5632368079746568
1358.0 0.9724311823698037
1358.5 1.0244755255130886
1359.0 0.9429268658421808
1359.5 0.8354597464445994
1360.0 0.7473328156557999
1360.5 0.6917513162024184
1361.0 0.6141269816074648
1361.5 0.646372176092403
1362.0 0.6556079191352214
1362.5 0.668617245714229
1363.0 0.8704640199602021
1363.5 0.5304436623894777
1364.0 0.9247825608035019
1364.5 0.8872042505488262
1365.0 1.094398468382694
1365.5 0.9229982470361751
1366.0 0.8030177112485833
1366.5 1.0599323217620162
1367.0 0.9181329405298653
1367.5 0.945979690663594
1368.0 0.6583484379779184
1368.5 1.0182816791382439
1369.0 0.794012130700356
1369.5 0.8371625373923498
1370.0 0.9175808563848777
1370.5 1.1568164741330238
1371.0 0.8945797336579079
1371.5 1.0862793888486881
1372.0 1.0420110061157999
1372.5 1.4522635075280759
1373.0 1.488725387109437
1373.5 1.734622882212928
1374.0 0.7356032768982507
1374.5 1.9164089855322604
1375.0 1.1075534899851252
1375.5 1.056466386489746
1376.0 0.7302435988708686
1376.5 0.5978792121596448
1377.0 0.7277970494702648
1377.5 1.0931770049128748
1378.0 0.795453117789616
1378.5 2.013773828629181
1379.0 0.8731909872076067
1379.5 0.5476157686867115
1380.0 0.7068803678137023
1380.5 0.5724406541313118
1381.0 1.0914081981185573
1381.5 1.5803544976738328
1382.0 1.7118861057490329
1382.5 1.8509822493255137
1383.0 2.540864433975904
1383.5 1.118941245496042
1384.0 1.5751870208613397
1384.5 1.6055007546305982
1385.0 1.225065368058968
1385.5 0.2
1386.0 1.4503272797916362
1386.5 0.9619499182944804
1387.0 1.7618283789689837
1387.5 1.0835780689367802
1388.0 1.580882178667918
1388.5 1.5266682095529107
1389.0 1.4125114866290125
1389.5 1.8716785633900477
1390.0 0.9327286317054042
1390.5 1.4213023724637166
1391.0 2.176003576835891
1391.5 2.1872068948399077
1392.0 2.153883182262663
1392.5 2.033076597548547
1393.0 1.4764336589990785
1393.5 1.0035553215468265
1394.0 2.5137584854245993
1394.5 1.859023848810247
1395.0 2.398508034177102
1395.5 1.5368417628673852
1396.0 0.3804678996310431
1396.5 2.244950984327259
1397.0 2.0165828905800853
1397.5 0.5001528223307297
1398.0 2.088469702665038
1398.5 1.170042999159422
1399.0 2.078860981345903
1399.5 0.9739989313866999
1400.0 1.019935324551945
1400.5 2.377269214259623
1401.0 0.2897959619783339
1401.5 2.1383757929361353
1402.0 0.2
1402.5 1.6747104037668938
1403.0 1.330787583939397
1403.5 1.5271567961407797
1404.0 2.255062743978376
1404.5 1.2334838774091974
1405.0 1.58782466712342
1405.5 1.1717371998420387
1406.0 0.23357406588641472
1406.5 1.553422578511967
1407.0 2.3593675682965394
1407.5 0.20690137043897439
1408.0 1.837742283647004
1408.5 1.911359105591987
1409.0 1.7337516771256611
1409.5 1.669845391931387
1410.0 2.1659562811657564
1410.5 1.0065019402063151
1411.0 1.9738799889415442
1411.5 1.458099662899368
1412.0 2.116145170151566
1412.5 1.9711803450534555
1413.0 0.5506352100312666
1413.5 2.1788425621944882
1414.0 1.2914157306523562
1414.5 1.3041024541700768
1415.0 1.4511644581099994
1415.5 1.812456346246749
1416.0 1.7944102550894963
1416.5 0.7656586739398554
1417.0 1.826283597641196
1417.5 1.6248044566843582
1418.0 0.2
1418.5 1.4297412462330836
1419.0 2.217889442940448
1419.5 2.570558662490932
1420.0 0.5905885558052062
1420.5 1.4730342545216772
1421.0 2.074706652694767
1421.5 1.5041895333837842
1422.0 1.357645757081532
1422.5 1.7067314372405438
1423.0 1.0426194807042057
1423.5 0.5818710632190595
1424.0 1.3992861831702836
1424.5 1.2897814750684138
1425.0 0.6239078392305253
1425.5 1.9226333084434883
1426.0 0.3436717443475983
1426.5 1.2828043417255104
1427.0 0.9808734231754445
1427.5 1.894997244792523
1428.0 2.077092418944401
1428.5 0.7307035578299552
1429.0 1.5877198526656615
1429.5 1.4317630535558334
1430.0 0.7540920855448123
1430.5 0.6363023663058404
1431.0 2.0997385972057714
1431.5 1.8478131495854355
1432.0 1.0044598357033478
1432.5 1.3061147184545485
1433.0 0.8930941376642733
1433.5 1.764126546161098
1434.0 2.0522643577590003
1434.5 1.2323238507815297
1435.0 1.6721022290350933
1435.5 1.923354825446931
1436.0 1.446587195660738
1436.5 0.2
1437.0 2.482637392854684
1437.5 2.1889029760260255
1438.0 1.3762127306109708
1438.5 1.1226571381117814
1439.0 1.4108439042370418
