0 1.195461766556071
0.5 1.0159367087687992
1.0 1.098247072176597
1.5 1.057172969899021
2.0 1.0539104823087362
2.5 1.0324895394921807
3.0 1.1597000876696741
3.5 1.111901914641955
4.0 1.120881268399546
4.5 1.1860400375825835
5.0 1.0408800589402074
5.5 1.1136335909369768
6.0 1.0650534517551757
6.5 1.1761451643188245
7.0 1.0301273190524094
7.5 1.0482362500483098
8.0 1.1595043265972107
8.5 1.0767984213059747
9.0 1.0694534646888232
9.5 1.1924327719779084
10.0 1.0067826499833712
10.5 1.0838795054301458
11.0 1.132079986024348
11.5 1.1046913327608356
12.0 1.046492690730633
12.5 1.012894346134078
13.0 1.3204176009533841
13.5 1.0915373683744174
14.0 1.0424363866994675
14.5 1.1677868845524872
15.0 1.0641181149894594
15.5 1.0674963430950164
16.0 1.123556636985744
16.5 1.0834515784208925
17.0 1.1920826879273
17.5 1.1031949819170577
18.0 1.1727094281704238
18.5 1.0551723467084266
19.0 1.1543791163961425
19.5 1.2530950796237699
20.0 1.0064792208379751
20.5 1.0306677988542492
21.0 1.045847681397337
21.5 1.178484410531173
22.0 1.311839861931099
22.5 1.030811366758934
23.0 0.9843846529461838
23.5 1.1078671522369237
24.0 1.0855392175806604
24.5 1.0946489869506875
25.0 1.1053057728069358
25.5 1.089613279820643
26.0 1.0605912245006417
26.5 1.1698960260190812
27.0 1.1455876266857035
27.5 1.0783894733640076
28.0 1.1131601323840454
28.5 1.1926296136673695
29.0 1.1302524511185235
29.5 1.2248600168352748
30.0 1.0956351188841025
30.5 1.2644741245154938
31.0 1.1094361797162144
31.5 1.074395854487193
32.0 1.1733593061656382
32.5 1.1147568878367067
33.0 1.2063744905235336
33.5 0.9691149040238797
34.0 1.1403453375453736
34.5 1.1301310688222435
35.0 1.1891029089215548
35.5 1.137488911722003
36.0 1.177609525815559
36.5 1.2122342631458725
37.0 1.2566034104542083
37.5 1.0281887963071252
38.0 1.0864678916848804
38.5 1.0975271344744333
39.0 1.1154953578524225
39.5 1.092205771974787
40.0 1.2605809207554761
40.5 1.051929551031554
41.0 0.9969693904741619
41.5 1.1224042784028767
42.0 1.1105510090828676
42.5 1.1781971125373567
43.0 1.1309554449455523
43.5 1.0539603282074022
44.0 1.0538849812043072
44.5 1.142465589491557
45.0 1.098690747075382
45.5 1.1413063392541012
46.0 1.0462453887393726
46.5 1.0540192849280663
47.0 1.26672680425497
47.5 1.1832053040970905
48.0 0.9610542880147179
48.5 1.1636137468668406
49.0 1.15991524091899
49.5 0.8813621030651018
50.0 1.1515127216177488
50.5 1.2227267176590368
51.0 1.0964243992645635
51.5 1.1651687018750017
52.0 0.9875899095536879
52.5 1.278886251944475
53.0 1.0276109903824966
53.5 1.190628154591714
54.0 1.2970170960204759
54.5 1.0011405085547147
55.0 1.073440877290155
55.5 1.1364260402609703
56.0 1.1038282476253545
56.5 1.1428051696331125
57.0 1.0475150951817211
57.5 1.0091466891649425
58.0 1.0166158408578165
58.5 1.1888469736699427
59.0 1.1567136504639524
59.5 1.2055247290758437
60.0 1.0626330580171672
60.5 1.07745784330096
61.0 1.0573014748561604
61.5 1.2606497403431332
62.0 1.145226816537704
62.5 1.2364094558786718
63.0 1.037494192621651
63.5 1.1087529474052593
64.0 0.9633013575891298
64.5 1.124428957388492
65.0 1.2105085711412875
65.5 1.094707151975869
66.0 1.1127391710967172
66.5 1.075254612697556
67.0 1.1683095524218567
67.5 0.9386617205776377
68.0 0.9570485297543982
68.5 0.9863043370476797
69.0 1.233470555280626
69.5 1.1352861571887987
70.0 1.045747183647428
70.5 1.219573970451358
71.0 1.1094883720921616
71.5 1.13459137306984
72.0 1.0216044183315243
72.5 0.9827199697773278
73.0 0.9923847137934706
73.5 1.1334426712461276
74.0 1.0211076785079767
74.5 1.0617202004481632
75.0 1.0393807196699276
75.5 1.090436816577479
76.0 1.0766324901681312
76.5 0.9833109822781885
77.0 1.0666842470987028
77.5 1.1676739035538635
78.0 1.0586531242678794
78.5 1.119721133312561
79.0 1.1598298331172319
79.5 1.1080510031360449
80.0 1.1194784298058624
80.5 1.2585093781138503
81.0 1.0667935450163881
81.5 1.1456525296065374
82.0 1.284241751683564
82.5 1.0738297822591774
83.0 1.154719480878988
83.5 0.9650222270506408
84.0 1.1328507625459365
84.5 1.1934513031621363
85.0 1.0024692022953419
85.5 1.0731467133295354
86.0 1.1366572186891952
86.5 1.2750212948516393
87.0 1.0137543582380792
87.5 1.1440270188117359
88.0 1.2321624501325439
88.5 0.9648210677241158
89.0 1.0513929019518127
89.5 1.1344609052544863
90.0 1.186800418716047
90.5 1.2197335964621938
91.0 1.2210946602296082
91.5 0.9383063183750521
92.0 1.1877342250032075
92.5 1.1759122550007675
93.0 1.0902576346872621
93.5 1.1400277224631017
94.0 0.8966896058993679
94.5 0.9586954452774459
95.0 1.056134205432603
95.5 1.181529559733677
96.0 1.1096014027700942
96.5 1.139524061189165
97.0 0.9814884100937882
97.5 1.2443281961851178
98.0 1.1295250008086883
98.5 1.081306706181541
99.0 1.2754570090164625
99.5 1.1236788350242675
100.0 1.0534016708131257
100.5 1.1730133030552508
101.0 1.137883857326778
101.5 0.9650655183170509
102.0 1.148585047224364
102.5 1.0067947450367025
103.0 1.0069977527044616
103.5 1.102351578597558
104.0 1.1031185826117367
104.5 1.2455843911891564
105.0 1.0549085594495957
105.5 1.192568444161799
106.0 1.090067004181163
106.5 1.1815484197576718
107.0 1.0973095419215313
107.5 1.130420202194061
108.0 1.0921233262260215
108.5 1.200027478558866
109.0 1.0684890372739586
109.5 0.9944482124507051
110.0 1.0044776954997698
110.5 0.9603543827160834
111.0 1.0171936685393592
111.5 1.0627913043085206
112.0 1.1620142749472904
112.5 1.1142764806115424
113.0 1.0902941364094998
113.5 1.066558907208292
114.0 0.925082388764051
114.5 1.0826768389398322
115.0 1.0242688914699716
115.5 1.2497552462197885
116.0 1.2118689423603792
116.5 1.0921368219834036
117.0 1.0389195557036126
117.5 1.1293093174601854
118.0 1.0229093986420592
118.5 1.1755811050295635
119.0 1.1549635123136088
119.5 1.1349426729224383
120.0 1.1254980096490135
120.5 1.1773043882821361
121.0 1.1481408911813986
121.5 1.146722278734817
122.0 1.0798848895094937
122.5 1.2027276106651943
123.0 1.1828884581381722
123.5 1.1055277136855002
124.0 1.171155289947488
124.5 1.1724491693218695
125.0 1.0565276231078642
125.5 0.9739119061685086
126.0 1.1584470595103369
126.5 1.0532019530397596
127.0 1.1177450709389563
127.5 1.0651330692955048
128.0 1.0498850752103883
128.5 1.1282097330081955
129.0 1.0374694735698533
129.5 1.0809283873628435
130.0 1.1241750166204159
130.5 1.0605986289658245
131.0 1.1226334133004632
131.5 1.1615427935618625
132.0 1.2873227632465574
132.5 1.0188666689338746
133.0 1.149476679523426
133.5 1.1371895114685548
134.0 1.0664835445126637
134.5 1.0229886116054494
135.0 1.1319516021013358
135.5 1.3138454888780375
136.0 1.06514595449967
136.5 1.108340210992434
137.0 1.234704306334887
137.5 1.0621438732976116
138.0 1.2309346460874377
138.5 1.1510536533278155
139.0 1.1321932420191334
139.5 1.1583429594296093
140.0 1.1391821498949575
140.5 1.1559935397214818
141.0 1.1366605537261845
141.5 1.146016148663519
142.0 1.1101531650425152
142.5 1.0375633900268886
143.0 1.0732272338628315
143.5 1.0970319839302456
144.0 1.17032180384521
144.5 1.1536996144012632
145.0 1.204859828731983
145.5 1.0848198072213755
146.0 1.0721452544174317
146.5 1.1057246818955915
147.0 1.191834536466363
147.5 1.2005959590577935
148.0 1.1260609645664916
148.5 1.0293945958024808
149.0 1.1014399665378851
149.5 1.1011930865941513
150.0 1.063229088780351
150.5 1.0786963137340295
151.0 1.1370598567797674
151.5 1.1054775772810366
152.0 1.1053516883453984
152.5 1.1686346656059086
153.0 1.1129150096496776
153.5 1.0866399375296933
154.0 1.2329504800791478
154.5 1.2371147897089867
155.0 1.3236549441008776
155.5 1.0631566984026726
156.0 1.0504807195990897
156.5 1.0933345506586192
157.0 1.1156844837360684
157.5 1.19101635608855
158.0 1.2245166220974697
158.5 1.1593152484852507
159.0 0.9872182713025017
159.5 1.1254462322573593
160.0 1.120920362313372
160.5 1.0877339203717495
161.0 1.0564736626004019
161.5 1.0942391799152746
162.0 1.1239741559349001
162.5 1.1165942864801335
163.0 0.9246529974759938
163.5 1.0259980085198586
164.0 1.084491197042635
164.5 1.1652991915162585
165.0 1.0639341318553752
165.5 1.1335958580486907
166.0 1.102068899095873
166.5 1.079325795722911
167.0 1.1405980229096595
167.5 1.212450525031031
168.0 1.1198811030821352
168.5 1.048083944227732
169.0 0.9434280251528098
169.5 1.0988612014681705
170.0 1.1877958571189378
170.5 1.0886069078427096
171.0 1.017810402155777
171.5 0.9411790018543146
172.0 0.9691296369790539
172.5 1.1569127877413736
173.0 0.9669545538103889
173.5 1.1379781512414877
174.0 1.1434188542689387
174.5 1.0739046890721933
175.0 1.0454425886903773
175.5 1.229816978027473
176.0 1.01319926294205
176.5 1.1697245778624075
177.0 1.1234016838255219
177.5 1.1045414950206567
178.0 0.9740789118682077
178.5 1.191717493899453
179.0 1.122157714373346
179.5 1.1212342371428925
180.0 1.0278756991491549
180.5 1.0641986079152812
181.0 1.016844195422414
181.5 1.0296560827080716
182.0 1.0468859185919257
182.5 1.03271965931317
183.0 1.1352190989842454
183.5 1.0691281221992546
184.0 1.0172003027684293
184.5 1.1518407004478588
185.0 0.9703188001383525
185.5 1.0048742979509042
186.0 1.2388885063528146
186.5 1.1315647367900827
187.0 1.2120728400456713
187.5 1.0405500498776417
188.0 1.1443599665403
188.5 1.205179792061752
189.0 1.0772974162336237
189.5 1.1320100688943788
190.0 1.0419744628216283
190.5 1.1684558535332097
191.0 1.1503865079611124
191.5 1.1899230884879226
192.0 1.1639225319499142
192.5 1.0506113628248273
193.0 1.0119304905968223
193.5 1.1477264637091347
194.0 1.198085355986029
194.5 1.3028883933306021
195.0 1.1437622022404488
195.5 1.019151712824291
196.0 1.0423797838744813
196.5 1.1035943137101856
197.0 1.0457151302768275
197.5 1.0226209479875519
198.0 1.0294890435160844
198.5 1.1613422446708124
199.0 1.174999015729223
199.5 1.205234127441787
200.0 1.2960600113773433
200.5 1.1289242049963737
201.0 1.046387890582865
201.5 1.253776974115385
202.0 1.2645252498259452
202.5 1.2101902234252129
203.0 1.065033733138669
203.5 1.0907907768797946
204.0 0.9723480263302111
204.5 1.1163744210556699
205.0 1.0244980219979154
205.5 1.0557045613793845
206.0 1.082258402866965
206.5 1.0627857591634609
207.0 1.081001214937549
207.5 1.1788604728336982
208.0 0.978681973877835
208.5 1.1007085219631714
209.0 1.084931908417675
209.5 1.0301059362916116
210.0 1.1706221934096641
210.5 1.3154593834259187
211.0 1.0767899233730052
211.5 0.9998767010757685
212.0 1.1024851437817076
212.5 1.0472005162016498
213.0 1.0437208838197112
213.5 1.0857261476252824
214.0 1.0757820541194392
214.5 1.134377789553517
215.0 0.9535135509969934
215.5 1.1415740122029652
216.0 1.0660166443393086
216.5 1.0486962279856396
217.0 1.1777418055309998
217.5 1.0743206232423104
218.0 1.050488710518799
218.5 1.032454375129065
219.0 1.2072650225935981
219.5 1.2652065376223547
220.0 1.1861183153330785
220.5 1.0989723212198106
221.0 1.200615310410339
221.5 1.0343257793690366
222.0 1.121005744020837
222.5 1.1057921874271655
223.0 1.0426130552645718
223.5 0.9682511146286994
224.0 0.9901073816924407
224.5 1.0782073393952616
225.0 0.996278517724526
225.5 1.128225651871815
226.0 1.114980174189973
226.5 1.1685224529962934
227.0 1.17727026562903
227.5 1.188447305588873
228.0 1.1795690990515815
228.5 1.255276663722642
229.0 1.1069277525827492
229.5 1.1495845667582754
230.0 1.3221550638426922
230.5 1.0283115591965517
231.0 1.0958159894570025
231.5 1.1776873870366797
232.0 0.9865772046804152
232.5 1.1552716109255048
233.0 1.2252103747967196
233.5 0.9906155675840704
234.0 1.0268162262001659
234.5 1.2588317180739659
235.0 1.1803496847518251
235.5 1.0988651302433063
236.0 1.0900226756293714
236.5 1.1542444546994908
237.0 1.1319776071337282
237.5 1.0377309171475928
238.0 1.2042088600872385
238.5 1.0130933659778427
239.0 1.0586821565917048
239.5 1.09666911187198
240.0 1.2898206344760936
240.5 1.0088320476513861
241.0 1.0399185009672323
241.5 1.1033979412079686
242.0 1.1520412108996192
242.5 1.1027675471967173
243.0 1.0629743833974412
243.5 1.1530490549987342
244.0 1.0441478730210167
244.5 1.090671948168871
245.0 1.282016100338788
245.5 1.0213392472008427
246.0 1.0042292149475012
246.5 1.0293107856436357
247.0 1.266820226947171
247.5 1.2553167839054278
248.0 1.182174434404716
248.5 1.0245722450172807
249.0 1.2421877050835484
249.5 1.192668125381319
250.0 1.0152784339433065
250.5 1.2113797717593955
251.0 0.988139392017962
251.5 1.05537325018578
252.0 1.0602104821857186
252.5 1.2325153539695646
253.0 1.0624788219356165
253.5 1.171412084523265
254.0 1.1644985099197496
254.5 1.1401227452337608
255.0 1.0540414499916986
255.5 1.1493411569343728
256.0 1.0651672373195251
256.5 1.0967090879928685
257.0 1.1520846756031253
257.5 1.1660701222493772
258.0 1.2288543080679313
258.5 1.1515505046797403
259.0 1.085971425558157
259.5 1.2068515678626404
260.0 1.0611070828298406
260.5 1.218728383948871
261.0 1.1082379123905417
261.5 1.1469372743781965
262.0 1.0997943351297677
262.5 1.1265841870310673
263.0 0.941706263453653
263.5 1.0090734771446708
264.0 1.0447300179672294
264.5 1.1616513435618114
265.0 1.1530991846986853
265.5 1.1976625296892935
266.0 0.9396630451181159
266.5 1.0127237432596392
267.0 1.0622404651784432
267.5 1.3279293589405765
268.0 1.1153565976663442
268.5 1.0106999274660282
269.0 1.0887621945384773
269.5 1.0964928086126888
270.0 1.1890366065060065
270.5 1.1608042215135437
271.0 1.3072009606023949
271.5 1.128108498812392
272.0 1.13155391282808
272.5 1.0882847530563646
273.0 1.2372418377562502
273.5 1.1572334915465297
274.0 1.1180529704944746
274.5 1.2085926272235585
275.0 1.0594079269524577
275.5 1.1983471546329534
276.0 1.1232772692374802
276.5 1.2271774009132574
277.0 1.1252812334131452
277.5 1.0732482583407243
278.0 1.1078520171364268
278.5 1.1079515255855932
279.0 1.1242049500890432
279.5 0.941824975682215
280.0 1.0744574175022348
280.5 1.0710724629331634
281.0 1.0508600520027662
281.5 0.9594884078628219
282.0 1.139184209034452
282.5 0.919523187307383
283.0 1.056707319328107
283.5 1.0937607995965186
284.0 0.9755018595606566
284.5 1.198044082480934
285.0 1.1787916917308674
285.5 1.1502885053720988
286.0 1.1593355214000827
286.5 1.1995695986770332
287.0 0.962975943597216
287.5 0.9837662471151297
288.0 1.2180832700670992
288.5 1.0715377724423536
289.0 1.1575005229883857
289.5 1.1466296689480655
290.0 1.0864512809566518
290.5 1.1210357526971173
291.0 1.061152895879982
291.5 1.168110864499386
292.0 1.1535284653456719
292.5 1.186641309492487
293.0 1.1183667428614366
293.5 1.1706930262772177
294.0 1.155106221437566
294.5 1.0166756374329433
295.0 1.0968833877940902
295.5 1.1749011848705257
296.0 1.0960427800617272
296.5 1.1763644389568282
297.0 1.0696828637209919
297.5 1.2218973799113162
298.0 1.2215379491231488
298.5 1.192304167130998
299.0 1.0985426974682349
299.5 1.2179091685173127
300.0 1.216552560171826
300.5 0.9227249241519355
301.0 1.123599720968018
301.5 1.0050168056284132
302.0 0.9738087215606858
302.5 1.1081847494038646
303.0 0.8903554052881864
303.5 1.1441934806890985
304.0 1.1227298655218836
304.5 1.0359724477436336
305.0 1.0125528928657328
305.5 1.0813792255720855
306.0 1.2946633883715903
306.5 1.113122665715456
307.0 1.0897724270276854
307.5 1.2797403934656866
308.0 1.1171419515643577
308.5 1.059007209822719
309.0 1.2821513906398136
309.5 1.2195040822096472
310.0 1.0995713185952551
310.5 1.051415962659841
311.0 1.0860744416687838
311.5 1.1498511193012741
312.0 1.283091587224546
312.5 0.9906497118828231
313.0 1.1161791146078437
313.5 1.1807505904101503
314.0 1.1883257855136033
314.5 1.0954744692893192
315.0 1.2244134087406504
315.5 1.1528381970826205
316.0 1.044554128819156
316.5 1.0438285825442084
317.0 1.1247381710739082
317.5 1.063977318647603
318.0 1.1645738898517544
318.5 1.0959180802674884
319.0 1.2464643222303182
319.5 1.0149889585499232
320.0 1.1434213018157902
320.5 1.2107527620206167
321.0 1.016046820669158
321.5 1.0477038064211555
322.0 1.078295643736109
322.5 1.0710797843797195
323.0 1.2618255966378813
323.5 0.9666796177972019
324.0 1.020640607990254
324.5 1.191078061200046
325.0 1.2097643031994116
325.5 1.1635663670070333
326.0 1.1247606841471822
326.5 1.1233449952080505
327.0 1.13204529717868
327.5 1.1813418593915055
328.0 1.2202709779009933
328.5 1.0411025397115632
329.0 1.1909756218624987
329.5 1.1796551153387775
330.0 1.0233304868576183
330.5 1.1021960084158353
331.0 1.1139362632386898
331.5 1.0918175783911217
332.0 1.20957326033012
332.5 0.9873658463015771
333.0 0.9917695296162413
333.5 0.9904873485066328
334.0 1.0343123772671856
334.5 1.0659055910081268
335.0 1.0863242757583216
335.5 1.1364135880418629
336.0 1.0819992911615184
336.5 1.1930850683364702
337.0 1.2051396857561485
337.5 1.03918781874598
338.0 1.1465241574658873
338.5 1.2384505022671795
339.0 0.949953721026636
339.5 1.1386063011752547
340.0 1.0410658537772295
340.5 1.0415381121369218
341.0 1.2510315523878122
341.5 0.9763663891377765
342.0 1.0004177998060892
342.5 0.9422756199473519
343.0 1.059982017503312
343.5 1.2432163443944446
344.0 1.2470445438960762
344.5 1.026831855453383
345.0 1.0894470032211847
345.5 1.1335483971913498
346.0 1.1543129140873654
346.5 1.1098866387024078
347.0 1.2436043608901006
347.5 1.0734405107957232
348.0 1.2356119248229467
348.5 0.8984969129295024
349.0 1.011833857658286
349.5 1.199663404004002
350.0 1.1455182536087574
350.5 0.9957987395494229
351.0 1.194938720586519
351.5 1.0355423114937337
352.0 1.040501048806355
352.5 1.2224690675073642
353.0 1.0039497824366874
353.5 1.200752449687815
354.0 1.047633131467392
354.5 1.0825206392582754
355.0 1.1182700817089977
355.5 1.1030778885329573
356.0 1.0998984469275568
356.5 1.1604363038010677
357.0 1.1829606922575127
357.5 1.180207948823124
358.0 1.072805082424165
358.5 1.094439484067375
359.0 1.253586665176687
359.5 1.2265825097025638
360.0 1.0126105171448039
360.5 1.254050401145617
361.0 1.159050101318734
361.5 1.1831103177005602
362.0 1.190590836073156
362.5 1.123759131816315
363.0 1.1215661644446517
363.5 1.1990462267476871
364.0 1.0365262471233017
364.5 1.0702933986344911
365.0 1.1144726360155923
365.5 1.1060899036608083
366.0 1.0681401440414224
366.5 1.206307412190419
367.0 1.1743451164433272
367.5 1.0623514893802843
368.0 1.2049312908567948
368.5 1.0503675559516625
369.0 1.0361706648066817
369.5 1.244704180730456
370.0 1.149306963137183
370.5 1.0086606207307232
371.0 1.0029632423713235
371.5 1.3454172541837321
372.0 1.0092893297577041
372.5 1.0454539487258554
373.0 1.0278571624593267
373.5 1.083015078129037
374.0 0.9785162777580519
374.5 1.1700893025924428
375.0 1.0304341104513939
375.5 1.044821645150775
376.0 1.1356938012209157
376.5 1.0451835424931502
377.0 1.0477431605721315
377.5 1.0248347090087166
378.0 1.0670796387285322
378.5 1.1264634002331455
379.0 1.0133089831940418
379.5 1.1821104940758778
380.0 1.2406323414066875
380.5 1.0737935987324883
381.0 1.1764887417531757
381.5 1.0566100217025567
382.0 1.15641595342713
382.5 1.175710385948427
383.0 1.0449577024381627
383.5 0.9856689313668846
384.0 1.0763380815761423
384.5 1.162584346947305
385.0 1.1041289093468207
385.5 1.1326885433553835
386.0 1.1154875211108255
386.5 1.1027334236709758
387.0 1.187361669078515
387.5 1.0699791227509887
388.0 0.9812294823762406
388.5 1.1038145033230173
389.0 0.9756251228470335
389.5 1.151323668348476
390.0 1.0833534876011717
390.5 1.0949340323058445
391.0 1.2530537523908678
391.5 1.0610391948280733
392.0 1.1327469434601007
392.5 1.0734891338686938
393.0 1.1634674561798692
393.5 1.1508981854032663
394.0 1.00099328620936
394.5 1.1596160625595915
395.0 1.2157615578793715
395.5 1.1560814723626087
396.0 1.140854579955965
396.5 1.2767894860891442
397.0 1.2105346925660918
397.5 1.160647701305666
398.0 1.024245562711777
398.5 1.1075112640350522
399.0 1.1514893396730712
399.5 1.040385312639164
400.0 1.188877012696402
400.5 1.040196880516773
401.0 1.1709345046148076
401.5 1.0036901372809441
402.0 1.1880692453400798
402.5 1.0989098393655645
403.0 1.1941202644116324
403.5 1.3313870032816841
404.0 0.9673215544178521
404.5 0.9871341078789344
405.0 1.0903931057672644
405.5 1.1268561545392752
406.0 1.014871032886286
406.5 1.0856986309106378
407.0 1.0348107961812696
407.5 0.9844512753292647
408.0 1.0840169531959636
408.5 1.0915564837593914
409.0 1.1602198165788788
409.5 1.039058325648398
410.0 0.988509579891425
410.5 1.2043805171584128
411.0 1.083114819922279
411.5 1.1996264585717116
412.0 1.2500299104571502
412.5 1.0535371158200753
413.0 1.0300830986952136
413.5 1.0251416362166028
414.0 1.0975547787222655
414.5 1.1343662676888546
415.0 1.1274562844681877
415.5 1.0054551641237948
416.0 0.9963168376873701
416.5 1.0468131965574377
417.0 1.0582454900553837
417.5 1.1110817594091094
418.0 1.2103973608484435
418.5 1.2063645156448382
419.0 1.2326596171006208
419.5 1.1211845300509835
420.0 1.133510043128738
420.5 1.0789900764926241
421.0 0.9662990672798746
421.5 0.9238886272855305
422.0 1.0255796560111228
422.5 1.0782945749680535
423.0 0.9492618489843945
423.5 1.1950789566909124
424.0 1.2435899017440253
424.5 1.052280756506223
425.0 0.9736647151183326
425.5 1.0096282733278392
426.0 1.2077835053424733
426.5 1.1374521678240221
427.0 1.2905615003905728
427.5 1.1255635478389954
428.0 1.0308374805930092
428.5 1.0306893290684807
429.0 1.116268098340243
429.5 1.0394189629826258
430.0 1.0559710496118286
430.5 1.0296402815553412
431.0 1.1350477175269098
431.5 1.2006570537833805
432.0 1.1352131118813023
432.5 1.1662757764388476
433.0 1.044262845428952
433.5 1.1247101445278984
434.0 1.167144173654833
434.5 1.2996018842983836
435.0 1.1128289036953003
435.5 1.3070099686904957
436.0 1.117529549206461
436.5 1.132572762061652
437.0 1.1594611044620815
437.5 1.0859477691252757
438.0 1.1567778994309146
438.5 1.0265434521849288
439.0 1.0828372035750737
439.5 1.104425755798171
440.0 1.222899573949183
440.5 1.1708026781366683
441.0 1.0346434570103833
441.5 1.1954038832982332
442.0 1.0459697935682475
442.5 0.9663061063612781
443.0 1.0461261194028286
443.5 1.3329096092825128
444.0 1.0852481134017902
444.5 1.0407660132567604
445.0 1.0696784367396037
445.5 1.009652423276833
446.0 1.09497609060078
446.5 1.0669777632186348
447.0 0.9270184985046274
447.5 1.2361991028978165
448.0 1.1679381046296025
448.5 1.0328295689411746
449.0 1.173100991700667
449.5 1.1102290636527636
450.0 1.1191718724143562
450.5 1.2250296340287834
451.0 1.1404741193615895
451.5 1.039333494316368
452.0 1.1869574676191434
452.5 1.1239751625967473
453.0 1.1894484025261947
453.5 1.1450664317044044
454.0 1.223518611506018
454.5 1.0462794081357651
455.0 1.2675626986517958
455.5 1.1034471367251242
456.0 1.1877595564263286
456.5 1.074930887275038
457.0 1.1865412005803713
457.5 1.0293595152716475
458.0 1.0052213931485912
458.5 1.1093857808708494
459.0 1.1481149311566463
459.5 0.9220970375046955
460.0 1.2760904250150544
460.5 1.2166891844991319
461.0 1.0299439599151385
461.5 1.260886992672908
462.0 1.1274619516444404
462.5 1.18640109005826
463.0 1.1130115621628796
463.5 1.1076996810337483
464.0 1.138593268272003
464.5 1.1047267943264407
465.0 1.1025742171223185
465.5 1.1229377397209217
466.0 1.0395623907755067
466.5 1.078796972275764
467.0 1.1580303323906014
467.5 1.2203846738211497
468.0 1.1851843200063958
468.5 1.1390377387870037
469.0 1.1702396044072376
469.5 0.9442590235887709
470.0 0.9863444852047588
470.5 1.2374627345279092
471.0 1.1718852252398884
471.5 1.1284454379823203
472.0 1.1475900936517998
472.5 1.0176261122752708
473.0 1.1172626258937388
473.5 1.1375147953539733
474.0 0.9854301972446087
474.5 1.155323323476506
475.0 1.0326025336085378
475.5 1.1123143146247962
476.0 1.0550441153413133
476.5 1.1940714076977805
477.0 1.032237953354255
477.5 0.9057038679748298
478.0 1.0644282523730642
478.5 1.1308469349307815
479.0 1.1086049674470841
479.5 1.120871046271855
480.0 1.0845890985999227
480.5 1.0186326749662646
481.0 1.134668050177342
481.5 1.0916519561748532
482.0 1.1370347736177837
482.5 1.162532313112161
483.0 0.9621480022650416
483.5 1.0701064065762562
484.0 1.183604198790309
484.5 0.9640334273701023
485.0 1.1555989735109788
485.5 1.1135131197252526
486.0 1.0890265529825731
486.5 1.1925695605632751
487.0 1.069346638654624
487.5 1.0088764754105046
488.0 1.1550833029755685
488.5 1.177162514292117
489.0 1.160690643286732
489.5 1.1029497014124738
490.0 1.0592931182636363
490.5 0.9727878390863111
491.0 1.0983186698922394
491.5 1.1028283239313132
492.0 1.1863937478376374
492.5 1.0810557723211764
493.0 1.0802478323513924
493.5 1.3091378389031836
494.0 1.1609552377262742
494.5 1.1427379472396717
495.0 1.0112147185137927
495.5 1.0116367891246325
496.0 1.0149729016705684
496.5 1.1455331915282663
497.0 1.232456214549456
497.5 1.0636953182775355
498.0 0.9333997786949322
498.5 1.0925063363363365
499.0 1.1849082372229878
499.5 1.0073848714774236
500.0 1.0520238708239529
500.5 1.0859872353082283
501.0 1.1730006465762635
501.5 1.031620323230115
502.0 0.9996541593775917
502.5 1.2503454297773233
503.0 1.1382969634622153
503.5 1.2680022475115647
504.0 1.1567970438565516
504.5 1.0335259878126424
505.0 1.0668633693767582
505.5 1.1801624698406337
506.0 0.9505798840694555
506.5 1.000700122372014
507.0 1.0629044079305014
507.5 0.9748614584626176
508.0 1.2000860429221207
508.5 1.0838008623504871
509.0 1.172669981365373
509.5 1.0649034736469023
510.0 1.0465398125785519
510.5 1.2904303448583834
511.0 1.047975112338873
511.5 1.1062358863108277
512.0 1.187041477659456
512.5 1.02023426712412
513.0 1.0588740598244408
513.5 1.0818576352714329
514.0 1.1212227840209592
514.5 0.9806791854902748
515.0 1.1660197477804286
515.5 1.178366627777907
516.0 1.2653958519058488
516.5 1.0274067188845648
517.0 1.1226653012843137
517.5 1.118778656242515
518.0 1.024276122737501
518.5 1.0868825066585384
519.0 1.2099185718548233
519.5 1.2365655662272426
520.0 1.2143852276477332
520.5 1.1530928648544183
521.0 1.0909367399189331
521.5 1.0411517124480645
522.0 1.1760724384896024
522.5 0.9978328257533258
523.0 1.1968427809250586
523.5 1.1168206544953891
524.0 1.0513429897450524
524.5 1.0443406687466954
525.0 1.1563918556820854
525.5 1.3216953507841636
526.0 0.923604525160884
526.5 1.0112132259881872
527.0 1.1346233210636676
527.5 1.1774106769063013
528.0 1.0017331748102252
528.5 1.183707201088608
529.0 1.0564438191576826
529.5 0.909075636863764
530.0 1.0789549302808918
530.5 1.1084925633451905
531.0 1.1643971913008866
531.5 1.0754557388232087
532.0 1.0084793450140834
532.5 1.089012549852206
533.0 1.2482141232363344
533.5 1.1222363355595018
534.0 1.134720762019433
534.5 1.3149707167443356
535.0 1.226670466502798
535.5 1.1372171670982776
536.0 1.2310420902874584
536.5 0.9657423425870788
537.0 1.0392855888091692
537.5 1.0883900014376242
538.0 1.0971226985764402
538.5 1.00960893355797
539.0 1.1040213173585658
539.5 1.1025978734046897
540.0 1.1743223546651365
540.5 1.2020863755550923
541.0 1.075951492270589
541.5 1.1535258759145597
542.0 1.0089043166901026
542.5 0.9930406327646513
543.0 1.2054801404180213
543.5 1.2758361451724884
544.0 1.11628072682742
544.5 1.1690247426782547
545.0 1.1212898668557534
545.5 1.075473045404293
546.0 1.102944699308646
546.5 1.1229549178159335
547.0 1.1870771166739278
547.5 1.248202424907057
548.0 0.9388588041219932
548.5 1.1412734720188427
549.0 1.2154526404954846
549.5 1.195544252167434
550.0 0.9424174838275148
550.5 1.1209957956651166
551.0 1.1189718405818776
551.5 1.195899756195681
552.0 1.2651366552387202
552.5 1.1664290821531078
553.0 0.9706658597386569
553.5 1.2367652773010973
554.0 1.165292738301229
554.5 1.0674262559459295
555.0 1.000681688778369
555.5 1.0180096107727137
556.0 0.968090103638101
556.5 0.9653129175005222
557.0 1.1682724899005485
557.5 1.0089238698449734
558.0 1.0590661301565683
558.5 1.165354262558922
559.0 1.0709502308277368
559.5 1.1240034291664496
560.0 1.1902877196118917
560.5 1.07202294252457
561.0 1.2192701160679429
561.5 1.190659291450975
562.0 1.0672237342618542
562.5 1.191701783030876
563.0 1.0520531193449207
563.5 1.1407487578195268
564.0 0.946046351131391
564.5 1.0044489937373728
565.0 1.0859774564351197
565.5 1.1376953274787864
566.0 0.9669099540803965
566.5 1.1841317627720271
567.0 1.0644176546899136
567.5 1.10109327539492
568.0 1.0498880497056058
568.5 1.1934183803733984
569.0 1.1828571767538567
569.5 1.1951142405549193
570.0 1.1608379746982513
570.5 1.1640423497198227
571.0 1.079036676715926
571.5 1.1749773616571344
572.0 1.2326195075989403
572.5 1.0129789712901969
573.0 1.0259584910999813
573.5 1.1567892434780112
574.0 1.1102056708595887
574.5 1.1707251546950759
575.0 1.1101617752382578
575.5 0.988173768737669
576.0 1.0282847624141445
576.5 1.0394582537770147
577.0 1.001165904606308
577.5 1.0571560076548845
578.0 1.0773524112384687
578.5 1.1414980969860942
579.0 1.121826288296358
579.5 1.031841609291351
580.0 1.1492034430031497
580.5 1.1738514022380748
581.0 1.2016275177853615
581.5 1.0199929195031165
582.0 1.115169557789226
582.5 1.2296522958025005
583.0 0.9052338658473895
583.5 0.9871693038274659
584.0 1.034766219539451
584.5 1.1864532934639158
585.0 1.0691249461023289
585.5 1.1080244132257864
586.0 1.2233901155298534
586.5 1.144362081775989
587.0 0.989291326526008
587.5 1.171299981564865
588.0 1.0897924927200693
588.5 1.1730080009041353
589.0 0.9571777538454787
589.5 1.011382512987897
590.0 1.1079016336850107
590.5 1.1535047426827485
591.0 1.1216723980762764
591.5 1.0173509817939723
592.0 1.0211121200394742
592.5 1.0176856462771775
593.0 1.1342923973587555
593.5 1.0560737972725536
594.0 1.1209479567805798
594.5 1.1631273896586245
595.0 1.2074981204550048
595.5 1.0443208126442731
596.0 1.136081803313791
596.5 1.078551410032782
597.0 1.1446365599858517
597.5 1.3503086419122199
598.0 1.0198424173301752
598.5 1.2659110632229744
599.0 1.0512124912343133
599.5 1.1713939301448126
600.0 1.098541597277725
600.5 0.9728140795622773
601.0 1.1659712153373403
601.5 1.046650506170471
602.0 1.1424826195745776
602.5 1.0731431379221965
603.0 1.4060273171958824
603.5 1.0861364121142332
604.0 1.0733956452585707
604.5 0.9481977813786362
605.0 1.0880043648279791
605.5 0.9986765646890035
606.0 1.0831550521540811
606.5 1.0992433201732479
607.0 1.2361503331839523
607.5 1.1555299999020976
608.0 1.1366626197493812
608.5 1.0607329332841964
609.0 1.191558306875878
609.5 1.0514937643872955
610.0 1.1009996642724782
610.5 1.2630131744157298
611.0 1.2248960070810662
611.5 1.2518132146972358
612.0 1.2738796681500872
612.5 1.1179615983872648
613.0 1.115278946263827
613.5 1.1364113193628138
614.0 1.1707148634722917
614.5 0.9541713314339128
615.0 1.0769449705555019
615.5 0.8833212618915378
616.0 0.9980083532600765
616.5 1.0300436966292674
617.0 1.0663791279693995
617.5 1.0970902953102855
618.0 1.057854311645149
618.5 1.2008701860864206
619.0 1.0487388464261629
619.5 1.1061095660444031
620.0 0.9721604502139808
620.5 1.0238782182275237
621.0 1.1685142700274191
621.5 1.1182884334812015
622.0 1.03213331261495
622.5 1.0166992694918369
623.0 1.1389862560018604
623.5 1.042234084126076
624.0 1.1656079279643492
624.5 1.05582652563631
625.0 1.208628527869666
625.5 1.0652577475817808
626.0 1.0845306180136083
626.5 1.1763277192765553
627.0 1.2178637040952345
627.5 1.1372380075446247
628.0 1.2083266343993555
628.5 1.0526101203834823
629.0 1.0189756113748496
629.5 1.1273871996244433
630.0 1.247776494655779
630.5 1.0351134888345352
631.0 1.0305422607175094
631.5 1.1258490872568876
632.0 1.1595891688158995
632.5 1.2356971445125131
633.0 0.9559396486564162
633.5 1.1863350831017367
634.0 1.0664478210217052
634.5 1.029115872508597
635.0 1.1028334716356207
635.5 1.000186406322173
636.0 1.0433988518876995
636.5 1.1986050837165716
637.0 1.0468007893854039
637.5 1.1440129499404361
638.0 1.126493615873355
638.5 1.0054455706098373
639.0 1.0376682047336792
639.5 1.1583506974698818
640.0 1.0776808389068346
640.5 1.0350382820874766
641.0 1.1678077372914868
641.5 1.102983453531968
642.0 1.1087935567138683
642.5 1.129517819333434
643.0 1.1595205450957706
643.5 1.2349846062316505
644.0 1.271881797944732
644.5 1.00892374062661
645.0 1.0679273169483081
645.5 1.2192136491285392
646.0 1.1130000347006337
646.5 1.132606358352409
647.0 1.0885509326113936
647.5 1.1158091956894267
648.0 0.9713519135839566
648.5 1.0961307519303367
649.0 1.1413019364887167
649.5 1.0139466957965175
650.0 1.07517619506674
650.5 1.1030841908994051
651.0 1.0607934365337808
651.5 1.1987444990273168
652.0 1.1983247234588177
652.5 1.0893867240001223
653.0 1.2503424534220513
653.5 1.3141984782099358
654.0 0.9973436384252762
654.5 0.9477291034189905
655.0 1.3376400481601118
655.5 1.1236367644874883
656.0 1.1889109242000597
656.5 1.0691651337750856
657.0 1.0774623290302672
657.5 1.0928958555794683
658.0 1.1039945984738633
658.5 0.9948925292219487
659.0 1.1122087890185104
659.5 1.0100646134323688
660.0 1.2177614881896979
660.5 1.0940566270124226
661.0 1.1011382511665424
661.5 1.2013604398545903
662.0 1.2161734369689121
662.5 1.0235028847055456
663.0 1.1404195792178737
663.5 1.205638090251946
664.0 1.1722772067765457
664.5 1.0560739153939687
665.0 1.0142703318991397
665.5 1.1895520028240623
666.0 1.1999841840653547
666.5 1.0068829197687892
667.0 0.950262104362092
667.5 1.0714565281766586
668.0 1.0978519728442453
668.5 1.1645361776543715
669.0 1.0610787892206988
669.5 0.9555997326589394
670.0 1.1186806315260265
670.5 1.0717584143198406
671.0 1.1115954994430077
671.5 1.1408249210529187
672.0 1.2501291890971726
672.5 1.1196035762307113
673.0 1.0056674312007745
673.5 1.1012962713715764
674.0 1.0692494203091998
674.5 1.1765862992786442
675.0 1.23327378670551
675.5 1.2643268007822512
676.0 1.2479814737852344
676.5 1.042132562763975
677.0 1.1942611938033618
677.5 1.1758469386050745
678.0 1.1227310747388515
678.5 1.056792496277178
679.0 1.051980347853758
679.5 1.1184166422511492
680.0 1.012043191935721
680.5 1.1108108207496012
681.0 1.076566862878642
681.5 1.0505667441395365
682.0 1.1072263705842822
682.5 1.0712327342769434
683.0 1.0944521765277775
683.5 1.0460855030518845
684.0 1.271209932135162
684.5 1.2489812762100654
685.0 1.190293013888132
685.5 1.192366010633537
686.0 1.0817840156285643
686.5 1.095772476488233
687.0 1.1327967695953838
687.5 0.9860027276139721
688.0 1.2280938855759063
688.5 1.1237601286577363
689.0 1.0617856681558675
689.5 1.0001430621864487
690.0 1.2389326231806987
690.5 1.154259836025311
691.0 1.131349798142192
691.5 1.1288611863255906
692.0 0.9352291032247385
692.5 1.1162648599895406
693.0 1.0635425430491017
693.5 1.172742491385043
694.0 1.1188574274325236
694.5 1.0253538652765264
695.0 1.1036480588338884
695.5 0.9921517928909137
696.0 1.0733068548439244
696.5 1.1090299020546224
697.0 1.016488279157195
697.5 1.058192827343769
698.0 1.094670419906825
698.5 1.1116420539739502
699.0 1.1385701190654545
699.5 1.107895092102257
700.0 1.143355478019956
700.5 1.1106014286150834
701.0 0.9790470688931893
701.5 1.051423780486794
702.0 1.1289813114453278
702.5 1.0798290520091935
703.0 1.153741489694259
703.5 1.0658875297540846
704.0 1.115417514663805
704.5 1.0448808075463152
705.0 1.0917622512441016
705.5 1.1788164555237028
706.0 1.0665315036334875
706.5 1.2946757188523974
707.0 1.1180503950831198
707.5 1.0896157431459246
708.0 1.093141653378856
708.5 0.8612378113489587
709.0 1.0940313446744256
709.5 1.1135429711264586
710.0 1.1313370796473774
710.5 1.113067989800579
711.0 0.9680474346021304
711.5 1.1588691806638423
712.0 1.00822825757359
712.5 1.1467624931625227
713.0 0.9952726018936822
713.5 1.1575495510518425
714.0 0.9904952910743867
714.5 1.0125271057294571
715.0 1.0545398219132904
715.5 0.9832791417788538
716.0 1.0752303416233393
716.5 1.2521018940364665
717.0 1.0560147380946796
717.5 1.0013053577630382
718.0 0.9552508414435965
718.5 1.1346562745373674
719.0 1.1226197015048092
719.5 1.1734345667613681
720.0 1.1009546808461177
720.5 1.1331049353458993
721.0 1.1341662705652487
721.5 1.085048773982074
722.0 1.1894004029726593
722.5 1.0882710885930318
723.0 1.0687558835075746
723.5 0.9972360383695844
724.0 1.0508544211563025
724.5 1.0412415488674072
725.0 1.038291603894594
725.5 1.2156417351719486
726.0 1.0636131221300236
726.5 1.200081872894331
727.0 1.0879378969833802
727.5 1.0590185477749958
728.0 1.2095485426086663
728.5 0.9989479089849181
729.0 1.0775865896961
729.5 1.0994634128206204
730.0 1.2089046024471117
730.5 1.125676045068083
731.0 1.1466125995988266
731.5 1.046187665007122
732.0 0.9833284728816077
732.5 1.242186143150883
733.0 1.0524350753187632
733.5 1.15807966749923
734.0 1.0039077895025743
734.5 1.1104010787689047
735.0 1.1259943975294235
735.5 1.01329218393206
736.0 1.0327123775211922
736.5 1.2198692201123424
737.0 1.1786050682643356
737.5 1.1464567500444955
738.0 0.9818510602061593
738.5 1.1411941335684828
739.0 1.0828472942725382
739.5 0.9928355989902973
740.0 1.1653386458528319
740.5 0.9645783423139641
741.0 1.092531339241225
741.5 1.0538086811241383
742.0 1.0681909472289663
742.5 1.3900966976939708
743.0 1.164125099148738
743.5 1.160282509164738
744.0 1.118526413696884
744.5 1.243757808341851
745.0 1.2064929137200053
745.5 1.137098302155541
746.0 1.2773026180081426
746.5 0.9936790703539825
747.0 1.1143420378265472
747.5 1.0674503994257374
748.0 1.1978627399643091
748.5 1.083506125481581
749.0 1.0273544783857713
749.5 1.070053667037068
750.0 1.1596955404863656
750.5 1.0147036239190481
751.0 1.1683203364956105
751.5 1.1875112839898112
752.0 1.0378780369262035
752.5 1.1375593075271293
753.0 1.0164947190286173
753.5 1.0501230643205144
754.0 1.0187830125788873
754.5 1.1520219949172175
755.0 1.1153791546950496
755.5 1.1612056088102043
756.0 1.030691170290905
756.5 1.025930361752772
757.0 0.9452693594912922
757.5 0.9678435102083944
758.0 1.1250062216466932
758.5 1.0604303449341566
759.0 0.9729320269883274
759.5 1.1168661316203492
760.0 1.0966036750203183
760.5 1.1990374304838376
761.0 1.2629982782180176
761.5 1.0369517582354169
762.0 1.1094455468230113
762.5 1.2153758568253434
763.0 1.240296492061225
763.5 1.0606746716733273
764.0 1.0706036956065756
764.5 1.1417117109987385
765.0 1.173526562358152
765.5 1.1671164026696195
766.0 1.1370953549665215
766.5 1.1093411748624018
767.0 1.0092292652427832
767.5 1.1595714736423735
768.0 1.1845539185088048
768.5 1.0034734294603624
769.0 1.06950173443605
769.5 1.109979082965028
770.0 1.214384755211392
770.5 1.1853524374346023
771.0 1.047770515656238
771.5 1.216334797716268
772.0 1.0603558571330665
772.5 1.1639966898603857
773.0 1.0441719100088587
773.5 1.1601194883772799
774.0 1.2645802477041208
774.5 1.3085197104821473
775.0 1.1658706760749222
775.5 1.1847074989018762
776.0 0.9778083386630905
776.5 1.051594425826066
777.0 1.0172838897651708
777.5 1.1415827711606112
778.0 1.169129008452205
778.5 1.0011474991757743
779.0 1.0198310494284917
779.5 1.1748016509775516
780.0 1.1942992552040381
780.5 1.0408076151356147
781.0 1.1200376580793279
781.5 1.1906660769549164
782.0 1.056346881000133
782.5 1.0611384169491995
783.0 1.1890479123487414
783.5 1.1275042404084061
784.0 1.0920117626494539
784.5 1.1357589618265227
785.0 1.0193996556484113
785.5 1.206131709141482
786.0 1.2386336355877086
786.5 1.1004398041029653
787.0 1.198969694262369
787.5 1.143285696661864
788.0 1.0875505003830241
788.5 1.0499625078579076
789.0 1.200913931855164
789.5 1.170679248966288
790.0 1.0094917588641246
790.5 1.0902702354704163
791.0 1.0430326360712208
791.5 1.1241908972142394
792.0 1.078683988462894
792.5 1.197819463306479
793.0 1.098520458099653
793.5 1.0752712406686817
794.0 1.127630753465279
794.5 1.0803159320590314
795.0 1.1514202791183084
795.5 1.086156299731242
796.0 1.0561837284749713
796.5 1.0805827998819475
797.0 1.1491759141474085
797.5 1.1192964173943125
798.0 1.151212326001005
798.5 1.2346059988757603
799.0 1.1475231694942765
799.5 1.0561804493942613
800.0 1.0623696242309788
800.5 1.0846635005921652
801.0 0.9850077810915452
801.5 1.1629856552205107
802.0 1.0611264813635533
802.5 0.9791158794546139
803.0 1.0416946862154597
803.5 1.210767537917775
804.0 1.0797575218018656
804.5 1.04423267650145
805.0 1.1301287380930218
805.5 1.0612554940527414
806.0 1.1339701174117436
806.5 1.137681299888889
807.0 1.1184183964596026
807.5 1.1540393176909283
808.0 1.159873867219357
808.5 1.1154389290976001
809.0 1.0697977466502704
809.5 1.1461772056415171
810.0 1.12671862580243
810.5 1.0988251273396887
811.0 0.9753464447255666
811.5 1.0506399098354922
812.0 1.266635687605465
812.5 1.0087115062894312
813.0 1.0590179611048973
813.5 1.1887287513852807
814.0 1.0860745592740297
814.5 1.1611560434542691
815.0 1.242978377005897
815.5 1.1270634870960143
816.0 1.0580028545928872
816.5 1.17702399984008
817.0 1.0239038267803775
817.5 1.0865765452708602
818.0 1.1382945498827732
818.5 1.1790604769292226
819.0 1.2165088030042561
819.5 1.1188279365231735
820.0 1.0638724694983548
820.5 1.0718422068327333
821.0 1.1669839848365648
821.5 1.1532380818016796
822.0 1.1717923432155968
822.5 1.051123391741215
823.0 1.155034956607543
823.5 1.16997155714559
824.0 1.1157082202407422
824.5 1.1207966513266663
825.0 1.215300419261159
825.5 1.1945525321894777
826.0 0.9619631633028126
826.5 1.0374971365168566
827.0 1.0643688045022506
827.5 0.9764162310879775
828.0 1.2044053860467612
828.5 1.133584458464952
829.0 1.2789319683141689
829.5 1.1204266320930345
830.0 1.0226626758241255
830.5 1.0555983580671544
831.0 0.9295852320236234
831.5 1.0774109007733066
832.0 1.0951612140525373
832.5 1.212727639858501
833.0 1.0371629064256314
833.5 1.06604334082935
834.0 1.2358246354271611
834.5 1.123258516742882
835.0 1.0819766395433983
835.5 1.1497279128541908
836.0 1.1278790749627756
836.5 1.0377224144648611
837.0 1.0727884793476297
837.5 1.1283490811972547
838.0 1.1044501099425585
838.5 1.1164977776376757
839.0 1.0803137488224026
839.5 1.239566901498641
840.0 1.0766443988048773
840.5 1.1698066616573284
841.0 1.1871925731305693
841.5 1.0995427146154004
842.0 1.058629115647297
842.5 1.0655150171078451
843.0 1.181447158696352
843.5 1.1656093285596367
844.0 1.0257181095050898
844.5 1.2476555365215396
845.0 0.9813490038511837
845.5 1.047130184656295
846.0 1.1211825210228283
846.5 1.1962251499790892
847.0 0.9703809570051656
847.5 1.1484563299909891
848.0 1.0029144461221287
848.5 1.115122152109309
849.0 1.132610193366163
849.5 1.1065437577720556
850.0 1.0806884603562155
850.5 0.9866199664683735
851.0 1.183770602123451
851.5 1.0800161903568624
852.0 1.053742405855536
852.5 1.186889184726399
853.0 1.1143398769561146
853.5 1.125466352502818
854.0 1.1369090805438011
854.5 1.2620136929969497
855.0 1.084519866101049
855.5 1.0543884729113118
856.0 1.1551893201447525
856.5 1.1541672332673436
857.0 1.1456387111123865
857.5 1.1522929058847535
858.0 1.169467720419219
858.5 1.2169508512353424
859.0 1.1234327067894094
859.5 1.3055708755894426
860.0 0.9702565730471286
860.5 1.2296924218270373
861.0 1.1618411339839478
861.5 1.1944825232606857
862.0 1.1410585656473913
862.5 1.1421429743030098
863.0 1.0256113699504685
863.5 0.966678060526323
864.0 1.0726925449519695
864.5 0.9988437236613632
865.0 1.1634620897337646
865.5 1.1360415364245198
866.0 1.1592926999685904
866.5 1.2551890845692388
867.0 1.007232155191382
867.5 1.227573663580103
868.0 1.0730141603055565
868.5 1.1720110244579252
869.0 1.106623995711912
869.5 1.1862645502494185
870.0 1.1331386225409887
870.5 1.1272844139107447
871.0 1.2178248584380573
871.5 1.2097411196634071
872.0 1.0196669400774752
872.5 1.0498021799098065
873.0 1.175264740726934
873.5 1.099221256497115
874.0 1.2720083226158976
874.5 1.079465589751878
875.0 0.983265288177432
875.5 1.0294846183655546
876.0 0.9970211300125763
876.5 1.0508511900645716
877.0 0.9659821669590335
877.5 1.1186401701432838
878.0 1.1963377154637902
878.5 1.145985291444632
879.0 1.0060359426176133
879.5 0.999657549470442
880.0 1.1346890803146392
880.5 1.1353947107061533
881.0 1.119237273636024
881.5 0.9109835082246377
882.0 1.1866584044616448
882.5 1.091688654868547
883.0 1.1176563981098344
883.5 1.2813941752964215
884.0 1.0809675874358284
884.5 1.0218655819733637
885.0 1.0090176042173113
885.5 1.1302551503555227
886.0 1.0244089180587972
886.5 1.1137794136264056
887.0 1.0563014836166742
887.5 1.0599983422348784
888.0 1.1136607896842767
888.5 1.0777731426796975
889.0 1.194490598200221
889.5 1.0601720083962618
890.0 1.132077493801712
890.5 1.1910733816413734
891.0 1.17919695198389
891.5 1.1803782915020513
892.0 1.1876471029973203
892.5 1.0619174033177314
893.0 1.116336405781463
893.5 1.0790729150040175
894.0 1.1962098967178911
894.5 1.292465115624681
895.0 1.0741751963697652
895.5 1.1388058929822549
896.0 1.0440506573802437
896.5 1.1928189521080275
897.0 1.1916723022992062
897.5 1.0264649418727183
898.0 1.1328487667360787
898.5 1.0967981291376947
899.0 1.1310150574130016
899.5 1.0426449634624884
900.0 1.277720923812272
900.5 1.1241919273960534
901.0 1.1433138673339651
901.5 1.1266160038619595
902.0 1.189117796980049
902.5 1.1867495046749421
903.0 1.1465502512573826
903.5 1.1796051807657069
904.0 1.1475259585604642
904.5 1.2181863220688363
905.0 1.0199596709510155
905.5 1.0663063058171671
906.0 1.0749209993597497
906.5 1.0349254724442085
907.0 1.1404191159288906
907.5 1.1073290700462513
908.0 1.1169941734475943
908.5 1.1288461717265204
909.0 1.036897433159361
909.5 0.9682588003330254
910.0 1.0954196747655958
910.5 1.1089915887896338
911.0 1.1780387233411915
911.5 1.1138909700310782
912.0 1.1630448177946744
912.5 1.0757775678626826
913.0 1.0504355804758827
913.5 1.021041501730484
914.0 1.1108735434476997
914.5 1.0772174198678532
915.0 1.0326845928254842
915.5 1.0181524935450823
916.0 1.1775414593663434
916.5 1.0169715369262535
917.0 1.1320916538166423
917.5 1.2505051890474868
918.0 1.053228108587839
918.5 1.0698895856517001
919.0 1.1053435151775337
919.5 1.1319443919766967
920.0 1.039149851123689
920.5 1.05973888372958
921.0 1.210808645921589
921.5 0.9907584705961866
922.0 1.1592688284255073
922.5 1.1617742887298848
923.0 1.0848030424818775
923.5 1.0810536406954374
924.0 1.0194181912839713
924.5 1.04928762283802
925.0 1.111643052042638
925.5 1.2910481723114278
926.0 1.2455196796304229
926.5 1.0544193016160093
927.0 1.1318282992282758
927.5 1.1997221759673926
928.0 1.2136413115132647
928.5 1.0826516683034058
929.0 1.3010900839422856
929.5 1.1361797607252089
930.0 1.171823604456771
930.5 1.0083812692807463
931.0 1.1464924441358153
931.5 1.2561475595962646
932.0 1.2260454803722527
932.5 1.0260502906336608
933.0 1.0834625701899152
933.5 1.081748919042182
934.0 1.1859504623391415
934.5 1.0435273703295762
935.0 1.0381180033247748
935.5 1.0475812870735912
936.0 0.944954572588034
936.5 0.9978250520688303
937.0 0.9920258963772417
937.5 1.109347088717652
938.0 1.043595902187002
938.5 1.148135953001589
939.0 1.341915599186083
939.5 1.14924741966585
940.0 1.2063195750033646
940.5 1.0128507417856911
941.0 1.1511832838308655
941.5 1.1871371252927048
942.0 1.1502173575517265
942.5 1.1651791468616781
943.0 0.9695034485560726
943.5 1.0792540588644868
944.0 1.069790047876061
944.5 1.2787612699842459
945.0 1.1840360679402
945.5 1.1886937371630344
946.0 1.1461478575053674
946.5 1.227056906837697
947.0 1.1309673747114977
947.5 1.1242512824151643
948.0 1.120825539208
948.5 1.0969891890549812
949.0 1.0100937211351964
949.5 1.0653005979646515
950.0 1.0584780591222893
950.5 1.1048951380976473
951.0 1.0924596272354694
951.5 0.9900764605796804
952.0 1.0962812264287065
952.5 1.1578953742489073
953.0 1.0400526847866112
953.5 1.1912620463760601
954.0 1.171835918166921
954.5 0.9731447586708905
955.0 0.983441652152284
955.5 1.1118119137702114
956.0 1.1661276143343176
956.5 1.0771268088683192
957.0 1.037505443543504
957.5 1.114324193228191
958.0 1.0652305900762888
958.5 0.9949266740831529
959.0 1.113732284893536
959.5 1.0510104467990478
960.0 1.1793156996990306
960.5 1.112106965734914
961.0 1.1218040165803065
961.5 1.0578832857748495
962.0 1.1005688848433275
962.5 1.0236874796414188
963.0 1.0234837716443295
963.5 1.106760097214019
964.0 1.0864577541585987
964.5 1.2330636195703695
965.0 1.1220560563124677
965.5 1.124507891018152
966.0 1.2112939451423002
966.5 1.1737269990889676
967.0 1.209111962763119
967.5 1.2037811518054724
968.0 1.1177946233768592
968.5 1.2102342127051173
969.0 1.2920449949827701
969.5 0.9900145991977316
970.0 1.1621794058183317
970.5 1.1231143894053188
971.0 1.0887409559233365
971.5 1.032943759034432
972.0 1.1757727438959926
972.5 1.214475717075694
973.0 1.1129767079912447
973.5 1.1534606832991865
974.0 1.1171674471813802
974.5 1.190145106867191
975.0 1.2831190651544007
975.5 1.150434240019946
976.0 1.0975125533947883
976.5 0.9955332332673213
977.0 1.0459477153595227
977.5 1.0424933709174864
978.0 1.0832907193350108
978.5 1.1812483304740813
979.0 1.1016332911141302
979.5 1.1628059662857901
980.0 1.2115496294265877
980.5 1.1330769549408886
981.0 1.0912372239707118
981.5 1.0050595533326574
982.0 1.0830613170964203
982.5 1.0645074902308647
983.0 0.9978411955979491
983.5 0.9516214807321108
984.0 1.108421817001532
984.5 0.9764750892057206
985.0 1.0713676176111657
985.5 1.116811394238684
986.0 1.1676785051921417
986.5 1.0533935249824051
987.0 1.0518114156597953
987.5 0.9892387453449629
988.0 1.0331682386437464
988.5 1.21419438182967
989.0 1.0561308781511205
989.5 1.1462650588966858
990.0 1.1093828820985832
990.5 1.2105630921358155
991.0 1.1345889746042463
991.5 1.1070229407077308
992.0 1.010633892591196
992.5 0.9947204147304606
993.0 1.0369548412669418
993.5 1.074363614279392
994.0 1.1000694848865593
994.5 1.1217571781624798
995.0 1.0742910521806568
995.5 1.1662580187444136
996.0 1.188679641662349
996.5 1.2271339698265624
997.0 1.1102767542691883
997.5 1.0246385182128197
998.0 1.028053125125231
998.5 0.9893323277972874
999.0 1.1795538601379163
999.5 0.9657969350722142
1000.0 1.103154020461914
1000.5 1.0944827872548974
1001.0 1.0392961082012717
1001.5 1.1723136162835641
1002.0 1.2411678629000473
1002.5 1.0613139654193067
1003.0 0.9578168115357031
1003.5 1.1141879369803895
1004.0 1.2342418321999062
1004.5 1.261916122523568
1005.0 1.1638803682402954
1005.5 1.1232360740490095
1006.0 1.1369213034162784
1006.5 1.269802478833189
1007.0 1.1565559246838397
1007.5 1.0144085539026284
1008.0 1.1394925856250642
1008.5 1.1212623471966081
1009.0 1.124311258529669
1009.5 1.2098012475802193
1010.0 1.0698649833332716
1010.5 1.2298038829664972
1011.0 1.2909223647784742
1011.5 0.9958313308616543
1012.0 1.04179432463121
1012.5 1.0835562097388742
1013.0 1.135867570022278
1013.5 1.0153066189797197
1014.0 1.094583160281255
1014.5 1.0657380207581424
1015.0 1.1390589227274894
1015.5 1.27312364093759
1016.0 1.0320801221058469
1016.5 1.0349950012249547
1017.0 1.1126729636710713
1017.5 1.111089504557597
1018.0 1.0940515067620329
1018.5 1.1203169046650447
1019.0 1.1203031833888812
1019.5 1.0071470153896631
1020.0 1.1800508666766567
1020.5 0.9953967959846569
1021.0 1.057455185046446
1021.5 1.1615619668129562
1022.0 1.0402707459419223
1022.5 1.1656737949698335
1023.0 1.0790416077506773
1023.5 1.1256977016667098
1024.0 1.0949463859115895
1024.5 1.0248354578505625
1025.0 1.2255096101329435
1025.5 1.0647965209207562
1026.0 1.1017997631574787
1026.5 1.046049440288787
1027.0 1.131792069741953
1027.5 0.9637726646533029
1028.0 1.2057566152230574
1028.5 1.1191159466534608
1029.0 0.9408341459679922
1029.5 1.13528113638512
1030.0 1.2299879295999236
1030.5 1.1286398012311487
1031.0 1.0479350804044096
1031.5 1.1872465278539492
1032.0 1.1594971878032405
1032.5 1.0791795940910842
1033.0 1.016101352263173
1033.5 1.1078629819741426
1034.0 1.0403244791705255
1034.5 1.096150807322435
1035.0 1.1771711416310566
1035.5 1.044410879229031
1036.0 1.1097717256422666
1036.5 1.1119634131738387
1037.0 1.0862349440565795
1037.5 1.2072920004092467
1038.0 1.2406064422024623
1038.5 1.2126815050917583
1039.0 1.1446397351326483
1039.5 1.2041501161369204
1040.0 1.1724264147398242
1040.5 0.9621405378290211
1041.0 1.150898584204989
1041.5 1.0920392219990132
1042.0 1.0146410866368307
1042.5 1.1081741317155402
1043.0 1.1350477449229721
1043.5 1.036722586651266
1044.0 1.1996961847674554
1044.5 1.0775117313633924
1045.0 1.1722366784338207
1045.5 1.115622585313402
1046.0 0.9777027773706146
1046.5 1.144397737568223
1047.0 0.977319232001525
1047.5 1.0058465689494867
1048.0 1.1670089463618312
1048.5 0.9850679778421889
1049.0 1.1057701796177166
1049.5 1.1833960811098982
1050.0 1.0400920736517976
1050.5 1.1548256593324304
1051.0 0.9979595215583488
1051.5 0.9641031774636277
1052.0 1.0946455374798432
1052.5 1.1274948740209156
1053.0 0.9828027852603077
1053.5 1.0597637519404308
1054.0 1.069989739067411
1054.5 1.165940107630929
1055.0 1.18117136674622
1055.5 1.0647797508944838
1056.0 1.2159999231420342
1056.5 0.971507900298389
1057.0 1.107782827946065
1057.5 1.0227470749434882
1058.0 1.1519872402341915
1058.5 0.928108692748491
1059.0 1.1170290922148354
1059.5 1.1411678803616216
1060.0 0.9764607420303337
1060.5 1.1897086016127192
1061.0 1.0988902840383092
1061.5 1.100540934925652
1062.0 1.0328433728678297
1062.5 1.0638674426960355
1063.0 1.1063582948425232
1063.5 1.2512849672755588
1064.0 0.9856244344357923
1064.5 1.1312524192426907
1065.0 1.2556087207995135
1065.5 1.0825725662873922
1066.0 1.1310321999240793
1066.5 1.017599334978732
1067.0 1.1288099441158705
1067.5 1.2112118842197117
1068.0 1.1463289131149144
1068.5 1.12762110434391
1069.0 1.1244005994912625
1069.5 1.3282911797876227
1070.0 1.1983515432304968
1070.5 1.1183609863820392
1071.0 1.1907361670464507
1071.5 1.0828514793081592
1072.0 1.1770784880674356
1072.5 1.158673946262538
1073.0 1.156381534942382
1073.5 1.0762542577801009
1074.0 1.1298428612400464
1074.5 1.1033707679929805
1075.0 1.1284034266728944
1075.5 1.1040327578030253
1076.0 1.0230173167358783
1076.5 1.077893278347276
1077.0 1.0973293174409724
1077.5 1.1306237702247366
1078.0 1.077819594229501
1078.5 1.236455350761564
1079.0 1.2092821340491824
1079.5 1.0609603955434785
1080.0 1.108634962199132
1080.5 0.9810417163814995
1081.0 1.0831491356931306
1081.5 1.0252730070402452
1082.0 1.0735914688728756
1082.5 1.0512351728881373
1083.0 1.1409735041073121
1083.5 1.00435331952957
1084.0 1.1955920845616381
1084.5 1.0674709518951915
1085.0 1.143397089237869
1085.5 1.1713136341697246
1086.0 1.1411530724732477
1086.5 1.3404119824216478
1087.0 1.1213294022761446
1087.5 1.2694290544513547
1088.0 1.0792617413902998
1088.5 1.1700888276015284
1089.0 1.1154138676965881
1089.5 1.105592555984778
1090.0 1.2746237264835396
1090.5 1.086858922082832
1091.0 1.1955922365311409
1091.5 1.0593182402851078
1092.0 1.0632326874186178
1092.5 1.1910013872452336
1093.0 1.2725044558576277
1093.5 1.0504832614774575
1094.0 1.0485009692837328
1094.5 1.0032335002279056
1095.0 1.0154144213246536
1095.5 1.077414283197562
1096.0 1.1174516794489373
1096.5 1.2136372079016078
1097.0 1.179140684509688
1097.5 1.0523781660642402
1098.0 1.1643029803615073
1098.5 1.043529669169652
1099.0 1.0121930198811746
1099.5 1.1833366328707537
1100.0 1.1799619978080185
1100.5 1.017275292608664
1101.0 1.0486949204630722
1101.5 1.123533528618554
1102.0 1.0504924469040864
1102.5 1.0656769529726857
1103.0 1.1225654171751316
1103.5 1.1953931486325775
1104.0 1.1079409827944595
1104.5 1.0310339523462875
1105.0 1.2025160604293883
1105.5 1.0300282375785343
1106.0 1.0250845522237482
1106.5 1.079490016427633
1107.0 1.2387297044381793
1107.5 1.0781202463684323
1108.0 0.9729008487273418
1108.5 1.1662556356928964
1109.0 1.097123838761517
1109.5 1.1306356295822098
1110.0 1.1562403660417158
1110.5 1.083160161552791
1111.0 1.168807769350551
1111.5 0.9162119351620843
1112.0 1.1140306222728102
1112.5 1.2151712085220308
1113.0 1.136991724505973
1113.5 1.0612284793174132
1114.0 1.2114469240047945
1114.5 1.0051235957210556
1115.0 1.2354342044107052
1115.5 1.0001404505865703
1116.0 1.0954097413814594
1116.5 1.1297118924841336
1117.0 1.0919598918560416
1117.5 1.2052119183039003
1118.0 1.1908264476098314
1118.5 1.0276789180805317
1119.0 1.2917496855515695
1119.5 0.9865704920289049
1120.0 1.0704949552392664
1120.5 1.2352024712551941
1121.0 0.9954894506714131
1121.5 1.1672602850725935
1122.0 0.9658902134206722
1122.5 1.207931303135998
1123.0 1.274904552370179
1123.5 1.0667945708601634
1124.0 1.1170029993733683
1124.5 1.1121828193973808
1125.0 1.0847670649632253
1125.5 1.0621645921141263
1126.0 1.3332235833922388
1126.5 1.0597424855625968
1127.0 1.162643671916361
1127.5 1.2187092233907177
1128.0 1.1726192977838186
1128.5 1.081618223401433
1129.0 1.1681405531174882
1129.5 1.2666542123523485
1130.0 1.1259577671465142
1130.5 1.011955997688195
1131.0 1.0413802406587402
1131.5 1.1271920763311671
1132.0 1.0311342236934324
1132.5 1.12150403697847
1133.0 1.1740137050630208
1133.5 0.9313748560865601
1134.0 1.0432909031612552
1134.5 1.1292158599721582
1135.0 1.19182412622713
1135.5 1.0830850763984694
1136.0 1.132793334432872
1136.5 1.1814569045975403
1137.0 1.2595753995552061
1137.5 1.0674121546473543
1138.0 1.1772468189567502
1138.5 1.0573732268092142
1139.0 1.255737865822561
1139.5 1.2272238249646539
1140.0 1.3098460636366362
1140.5 1.0630898670188267
1141.0 1.104714918042039
1141.5 1.1359419992486954
1142.0 1.248697344731468
1142.5 1.010670019119156
1143.0 1.1095373163705382
1143.5 1.0982671048345582
1144.0 1.0595836222413746
1144.5 1.000992489318816
1145.0 1.0785439753116859
1145.5 1.1009575506555738
1146.0 0.9688536380817977
1146.5 1.1734975546672826
1147.0 1.0589987200962176
1147.5 1.143609885689918
1148.0 1.256626364875263
1148.5 1.1881509027415158
1149.0 1.135137552094056
1149.5 1.2279285570783598
1150.0 1.1160474392073123
1150.5 1.2075576277920503
1151.0 1.2287046816505631
1151.5 1.0714143500254507
1152.0 1.186424950149295
1152.5 1.2126713124222155
1153.0 1.12098130272851
1153.5 1.1386578562968888
1154.0 1.0758399633360853
1154.5 1.2791205847633296
1155.0 1.1032200086683357
1155.5 1.1592631568427059
1156.0 1.1960006642632637
1156.5 1.2041950868103561
1157.0 1.2158033062556421
1157.5 1.3542370134983917
1158.0 1.1568506501193685
1158.5 1.2834486173929016
1159.0 1.2101365354299445
1159.5 1.1123663771019827
1160.0 1.1994734473336122
1160.5 1.0517809352409313
1161.0 1.1791270923694466
1161.5 1.0249602068295525
1162.0 1.1006480064778668
1162.5 1.128606931600663
1163.0 1.1385721243381897
1163.5 1.0823816313614492
1164.0 1.1233291490177153
1164.5 1.1708065880712117
1165.0 1.0883493032303169
1165.5 1.0000557771173546
1166.0 1.116243862097249
1166.5 1.133951562038881
1167.0 1.2003680638588214
1167.5 1.2524723106407847
1168.0 0.9697614059768127
1168.5 1.1072462718552636
1169.0 1.0221219582142966
1169.5 1.0587589958428647
1170.0 1.0886472470592437
1170.5 1.0510552183929236
1171.0 1.2315919033794187
1171.5 1.0594105738133364
1172.0 1.0948808769674963
1172.5 1.144245667613273
1173.0 1.263550581115876
1173.5 1.0969994031677734
1174.0 1.1118868553713694
1174.5 1.0273306729661145
1175.0 1.0984775326086578
1175.5 1.062904024445511
1176.0 1.2805518088202268
1176.5 1.066892717789889
1177.0 1.0837454536460585
1177.5 1.1935766983420635
1178.0 1.1173548529976465
1178.5 1.0691530533821303
1179.0 1.0454581169270543
1179.5 1.1273835935835006
1180.0 1.073694035034681
1180.5 1.0956728779159515
1181.0 1.218994218417476
1181.5 1.0786829262764044
1182.0 1.1697649193189474
1182.5 0.9917244098216764
1183.0 1.176710888607289
1183.5 0.9371806595728318
1184.0 1.2824248899330284
1184.5 1.097230857456714
1185.0 1.2523456550915184
1185.5 1.014700942287482
1186.0 1.1549230200810374
1186.5 1.2600627591221603
1187.0 1.0602197940526876
1187.5 1.1786935455051053
1188.0 1.209625794310174
1188.5 1.0454053398260887
1189.0 1.074193544889312
1189.5 1.1710180498985185
1190.0 1.075697285923423
1190.5 1.0916239317129424
1191.0 1.0540093658623775
1191.5 1.16353095699065
1192.0 1.0708511600662551
1192.5 1.0631803860622686
1193.0 1.1517788421783235
1193.5 1.0924402417067636
1194.0 1.2102357278851623
1194.5 1.2717749380942989
1195.0 1.2140414236758021
1195.5 1.177054572501123
1196.0 1.001053943029277
1196.5 1.0613584641316647
1197.0 1.1654314606548042
1197.5 1.152326230421716
1198.0 1.1375919506891115
1198.5 1.180515686348111
1199.0 1.0831097598810329
1199.5 1.1446162032203593
1200.0 1.1543563139668973
1200.5 1.009046394783445
1201.0 1.160078900510685
1201.5 1.1627581679020622
1202.0 1.0387986071491118
1202.5 1.1814430750978895
1203.0 1.160788438865786
1203.5 1.193321885750501
1204.0 0.9436625705783733
1204.5 1.064820472207689
1205.0 1.1145042092130575
1205.5 0.9873482448511648
1206.0 1.1388962491124262
1206.5 1.106719390641115
1207.0 1.0268399951062315
1207.5 1.1155108516103776
1208.0 1.0384618525122142
1208.5 1.1279121524718234
1209.0 1.0314814325991337
1209.5 0.9570149655238391
1210.0 1.0959231594813703
1210.5 1.160878765695022
1211.0 1.1758738573676746
1211.5 0.9855695872297094
1212.0 1.1353763225663065
1212.5 1.1925602373111317
1213.0 1.1073923410555533
1213.5 1.0981674577100489
1214.0 1.1733054168210766
1214.5 1.2538164390765387
1215.0 1.0952207290616451
1215.5 1.1374684626524678
1216.0 1.1389168438468227
1216.5 1.1947361595403265
1217.0 0.9528434412227382
1217.5 1.0202948815437
1218.0 0.9784660982560351
1218.5 1.193654658728411
1219.0 1.1561580465517025
1219.5 1.1295630956404534
1220.0 1.083890388395931
1220.5 1.1785238455779372
1221.0 1.0478988691818318
1221.5 1.156120180251961
1222.0 1.0207031508342062
1222.5 1.0293900703367924
1223.0 1.175712388226412
1223.5 1.2426975659203015
1224.0 1.2087331362395903
1224.5 1.0075782415960843
1225.0 1.065923411793368
1225.5 1.1732578731655703
1226.0 1.1798334601531013
1226.5 1.0921872994576973
1227.0 1.0800842511091249
1227.5 1.0879350496193796
1228.0 1.264602745790857
1228.5 1.164616208793496
1229.0 0.9473433821573218
1229.5 1.104940121686569
1230.0 0.9855191420315043
1230.5 1.1145116091839522
1231.0 1.1749798230747452
1231.5 1.0498986906719894
1232.0 1.289109900298954
1232.5 1.084973266229295
1233.0 1.1271569601872002
1233.5 0.9567309146786961
1234.0 1.099012827324004
1234.5 1.1239281142215822
1235.0 1.0414000840612256
1235.5 1.0244971171931434
1236.0 0.9944571513080726
1236.5 1.1478669100928391
1237.0 1.2301692115436063
1237.5 1.0949246107827642
1238.0 1.2177385701392955
1238.5 1.0935574600415698
1239.0 1.0598194797854021
1239.5 0.9946414304871778
1240.0 1.0382422505008404
1240.5 1.0538194147124462
1241.0 1.1118971813114658
1241.5 1.1165427649904713
1242.0 1.1368350743734617
1242.5 1.0373716655838412
1243.0 1.256964400281392
1243.5 1.0436274854582315
1244.0 1.235060864745086
1244.5 1.0344920189397888
1245.0 1.14345613237777
1245.5 1.0583613928447608
1246.0 1.0427085183405138
1246.5 1.0701010640958422
1247.0 1.0513919878773066
1247.5 1.190793213340087
1248.0 1.2210615049962468
1248.5 1.0993017488158792
1249.0 1.2324217349555493
1249.5 1.0346142859099823
1250.0 1.0499251189521281
1250.5 1.1320490247121748
1251.0 1.203893667363583
1251.5 1.0427995421142253
1252.0 1.1516471099038235
1252.5 1.0860992870024062
1253.0 1.0914493707228985
1253.5 1.1651326283021133
1254.0 1.1006422641835798
1254.5 1.242161943687254
1255.0 1.1171658745041242
1255.5 0.999488232859836
1256.0 1.0823336795022112
1256.5 1.1223915283715316
1257.0 1.146597677165293
1257.5 1.0258152672622847
1258.0 1.175613381474529
1258.5 1.0854193227809938
1259.0 1.1446655592150725
1259.5 1.071242145983809
1260.0 1.0067361439535358
1260.5 1.0043119199472064
1261.0 1.104302154726391
1261.5 1.1088909753895013
1262.0 1.2339423474886777
1262.5 1.1736953086888902
1263.0 0.9787914695285865
1263.5 1.0467379672325783
1264.0 1.0835467825861766
1264.5 1.1247313507734558
1265.0 1.0922092957262932
1265.5 1.0303082919497208
1266.0 1.2529550750514975
1266.5 1.052338133857447
1267.0 1.0944321973192088
1267.5 1.0712301319804198
1268.0 1.1808523897947938
1268.5 1.0786023584321927
1269.0 0.9678881934063409
1269.5 1.0681954570191883
1270.0 1.1029375051321804
1270.5 1.0095015522280122
1271.0 1.0386703872607148
1271.5 0.9967269833003197
1272.0 1.0843354951907322
1272.5 1.0103762839047343
1273.0 1.052765519823351
1273.5 1.1215879325746099
1274.0 1.1762003196791655
1274.5 1.197294265618675
1275.0 0.958596161983979
1275.5 1.2698946072582276
1276.0 1.1848573624070755
1276.5 1.0048631604390874
1277.0 1.0321859056164087
1277.5 1.1058921306812528
1278.0 1.1929752829384621
1278.5 1.1114045664459997
1279.0 1.1140994539759868
1279.5 1.0775217587039458
1280.0 1.223340887286225
1280.5 1.2426705402258496
1281.0 1.2947480285197221
1281.5 1.1023524613617137
1282.0 1.174219398553348
1282.5 0.9845691498147456
1283.0 0.9092494782329795
1283.5 1.0596983279577943
1284.0 1.1106398375061857
1284.5 1.2085608412272313
1285.0 1.1274749851706893
1285.5 1.2453908429607874
1286.0 1.1153010828618373
1286.5 1.0544422982291353
1287.0 1.212283425040581
1287.5 0.9760834424039571
1288.0 1.1341161293134063
1288.5 1.14794620544703
1289.0 1.0902503001901325
1289.5 0.9917553329596052
1290.0 1.1430101987745
1290.5 1.119651653858795
1291.0 0.9647174787893446
1291.5 1.0680190975959294
1292.0 1.1302897924709325
1292.5 1.0696872137277815
1293.0 1.0330188404823644
1293.5 1.1862672460750052
1294.0 0.9847875782482634
1294.5 1.0719854559907096
1295.0 1.2061169654208808
1295.5 1.0563826069538127
1296.0 0.9844625732038672
1296.5 1.193524557886433
1297.0 1.0830997440497359
1297.5 1.0884109770039938
1298.0 1.1514137641584266
1298.5 1.1815153856177376
1299.0 1.023894903201945
1299.5 1.2540672486208884
1300.0 1.1315409248948702
1300.5 1.1004470538604436
1301.0 1.168796522304698
1301.5 1.0463478979355934
1302.0 1.1229060863549827
1302.5 1.0997717476905575
1303.0 0.9473358806420802
1303.5 1.2272674135072101
1304.0 1.092444545885193
1304.5 1.169325332336136
1305.0 0.9722090097616337
1305.5 0.9354873832369854
1306.0 1.1078477841981578
1306.5 1.0374299329064263
1307.0 1.035943220328773
1307.5 1.1146967967548376
1308.0 1.0465185359582205
1308.5 1.1252820140159667
1309.0 1.0955059691933235
1309.5 1.1708710375539846
1310.0 1.25611344989465
1310.5 1.2758134239855572
1311.0 1.1757174842665092
1311.5 1.2983330297282132
1312.0 1.1084465019669478
1312.5 0.9822651603497388
1313.0 0.9656617563608008
1313.5 0.9999403691219333
1314.0 1.0560523125166692
1314.5 1.2862516481313127
1315.0 1.0502552281751942
1315.5 1.122664505392026
1316.0 1.1557689905750854
1316.5 1.178024017641678
1317.0 1.3267923308599259
1317.5 1.1611887055972543
1318.0 1.1181751207200643
1318.5 1.1805606576829546
1319.0 1.1601311909955934
1319.5 1.1280315426690164
1320.0 1.077145618668442
1320.5 1.153633688149247
1321.0 0.944413739822584
1321.5 1.0807697495663247
1322.0 1.182148228496661
1322.5 1.111374649533837
1323.0 1.0453995656429846
1323.5 1.1754660410212905
1324.0 1.083318472620209
1324.5 1.0938949649824816
1325.0 1.073683125414695
1325.5 1.1518617221844385
1326.0 1.027274755094609
1326.5 1.0481330497922698
1327.0 1.1107194764924133
1327.5 1.0811299010962556
1328.0 1.0779048624489078
1328.5 1.0328889516463837
1329.0 1.0421129100775364
1329.5 1.031091426876387
1330.0 1.0555727915656286
1330.5 1.2577390374187716
1331.0 1.0100755405231965
1331.5 1.166985179653964
1332.0 1.2555194979898885
1332.5 1.1920316470374424
1333.0 0.9632542611489494
1333.5 1.060187110322383
1334.0 1.0954681248382414
1334.5 1.0873424891992791
1335.0 1.1259875365913985
1335.5 1.1218786666695553
1336.0 1.0124588661029144
1336.5 1.0738614102423805
1337.0 1.0916961232611904
1337.5 0.9646230534692024
1338.0 1.0850485036290014
1338.5 1.2049786166910197
1339.0 1.12271222420154
1339.5 1.1725731503255012
1340.0 1.1110164326373173
1340.5 1.1466531315533506
1341.0 1.0700148179213393
1341.5 1.0881816445495989
1342.0 1.1014548723392559
1342.5 1.2988278430760678
1343.0 1.1831741549415447
1343.5 1.3056424662301904
1344.0 1.217565924150477
1344.5 1.0044034744713435
1345.0 1.1020171572167778
1345.5 1.0809281267655506
1346.0 1.0892807925035004
1346.5 1.0796905273641042
1347.0 1.2230895012127023
1347.5 1.099341375941988
1348.0 1.1489887169007855
1348.5 1.1700035129434014
1349.0 1.0742392936269334
1349.5 1.077753685617166
1350.0 1.1192830990889253
1350.5 1.0145067778712018
1351.0 1.1328070393867313
1351.5 1.2181270392520938
1352.0 1.0801297329480848
1352.5 1.1281835400422429
1353.0 1.0715204088532475
1353.5 1.1135601055021631
1354.0 1.1179734031297324
1354.5 1.2733872727857496
1355.0 1.1620348387054067
1355.5 1.1775277823927721
1356.0 1.1214430527267598
1356.5 0.9698588918026219
1357.0 1.0215000782665926
1357.5 1.1854633713873324
1358.0 1.1816727152821365
1358.5 1.004650945708192
1359.0 1.0309317569372058
1359.5 1.1231767569933986
1360.0 1.0536670477094667
1360.5 1.0787023447433493
1361.0 1.1086369114347883
1361.5 1.0713068281839218
1362.0 1.3064763098041066
1362.5 1.025315598744299
1363.0 1.0031025143317605
1363.5 1.1128974536568716
1364.0 1.274997756651449
1364.5 1.0331836787318585
1365.0 1.0803779985146085
1365.5 1.1508438699423347
1366.0 1.0255876269490507
1366.5 0.9959270933250627
1367.0 1.045934514648283
1367.5 1.146176264320081
1368.0 1.1427275267940926
1368.5 1.0147653364899858
1369.0 1.020848671645859
1369.5 1.169295160310051
1370.0 1.0995373341848258
1370.5 1.1575844259222412
1371.0 1.1511118067060393
1371.5 1.1142186789709694
1372.0 1.2379724243797443
1372.5 1.079440926840824
1373.0 1.0658803976292703
1373.5 1.0900819562559452
1374.0 1.0237950026871425
1374.5 1.0758342992687995
1375.0 1.209317290664087
1375.5 1.1250913615812177
1376.0 1.1746415359066325
1376.5 1.047573621534026
1377.0 1.1043983247896758
1377.5 1.207526985380258
1378.0 1.1496079731626343
1378.5 1.207672822047114
1379.0 1.0705663363474598
1379.5 1.1962868750074054
1380.0 1.061174048684646
1380.5 1.0591868410509935
1381.0 1.2719727066278281
1381.5 1.2499450800711893
1382.0 1.247683029157257
1382.5 1.054896880456273
1383.0 1.0778104887771098
1383.5 0.9451116241221991
1384.0 1.041227692349508
1384.5 1.107493150508992
1385.0 1.3215666311617538
1385.5 1.2007561729966336
1386.0 1.06624510660073
1386.5 1.138291030511362
1387.0 1.1076466212106344
1387.5 1.0511579199867345
1388.0 1.1285373870472344
1388.5 1.0614605591447668
1389.0 1.1813732109882205
1389.5 1.1116332195697733
1390.0 1.1519642979228446
1390.5 1.0421793347643107
1391.0 1.0825493086947795
1391.5 1.1956284121103036
1392.0 0.9985691569426739
1392.5 1.1934458684249116
1393.0 0.9394907914666493
1393.5 1.1657133010630591
1394.0 1.0768994285085052
1394.5 1.1867581271244658
1395.0 1.1922486334037496
1395.5 1.0844963148348685
1396.0 1.2965269384340057
1396.5 1.170693713278773
1397.0 1.2448742511544677
1397.5 1.0552282799585948
1398.0 1.1271605514132932
1398.5 1.1441399832479544
1399.0 1.174320146313896
1399.5 1.1628060206048612
1400.0 0.9352546360761111
1400.5 1.1058690664774478
1401.0 1.278710318707255
1401.5 1.049124213602805
1402.0 0.944671749047362
1402.5 1.1154005291912445
1403.0 1.204882422088037
1403.5 1.0525333442757057
1404.0 1.040593836761039
1404.5 1.1059463773673663
1405.0 1.107863636834863
1405.5 1.0794325311557391
1406.0 1.0517836286311895
1406.5 1.119891497925774
1407.0 1.222766702868928
1407.5 1.0717166034827714
1408.0 1.0263818748117282
1408.5 0.9738898041038192
1409.0 1.112960303067871
1409.5 1.1255773538238296
1410.0 1.1093120207219296
1410.5 1.0746081289270006
1411.0 1.1107178550972931
1411.5 1.1412277401917734
1412.0 1.094077251780928
1412.5 1.0381145745088949
1413.0 1.1731879723600913
1413.5 1.010625876469093
1414.0 1.2069639541338524
1414.5 1.1006620088854924
1415.0 1.0186427269581582
1415.5 0.9286634558710721
1416.0 1.1411104694767271
1416.5 1.0397116116314424
1417.0 1.0798734062751754
1417.5 1.0522752758091503
1418.0 1.042919059891793
1418.5 1.0127761075055584
1419.0 1.2310020571286184
1419.5 0.9884784375597102
1420.0 1.2301301240255325
1420.5 1.0036339388639184
1421.0 1.1589429230015165
1421.5 1.1013842848121689
1422.0 1.2373627371945526
1422.5 1.0904311222708376
1423.0 1.362203629681019
1423.5 1.1116343001466487
1424.0 1.1467334371659477
1424.5 1.088397641216809
1425.0 1.0762048590964595
1425.5 1.0101961320092432
1426.0 1.1249371648571702
1426.5 1.0912937131566647
1427.0 1.1489564371660206
1427.5 1.0553010741367412
1428.0 0.9832012625642734
1428.5 1.112356724760083
1429.0 1.14811097641437
1429.5 1.1391867119321866
1430.0 1.0637571255203646
1430.5 1.1371411473439879
1431.0 0.9689462215706116
1431.5 1.1371745137584002
1432.0 1.1182380253765092
1432.5 1.0496573851032407
1433.0 1.2873584150120934
1433.5 1.1509721075040038
1434.0 1.099933995041431
1434.5 1.0939994233529189
1435.0 1.0889886296583444
1435.5 1.0996570494537923
1436.0 1.0186689701462743
1436.5 1.188765240333871
1437.0 0.9772385742543284
1437.5 1.0669167311820262
1438.0 1.1584197258582876
1438.5 1.2364623430155954
1439.0 1.0519847547530394
1439.5 1.1289760885773021
