0 1.0739761243326684
0.5 1.1451160410695875
1.0 1.0774102717408134
1.5 1.0527760018321213
2.0 1.0751701045044275
2.5 1.1348018176448385
3.0 1.1081272877524475
3.5 1.1597236698708477
4.0 1
4.5 1.0893316334979448
5.0 1.0966508574343652
5.5 1.204520641001543
6.0 1.0860050384365971
6.5 1.063008384866816
7.0 1.2390832377363576
7.5 1.0971356517360817
8.0 1.1156625939460372
8.5 1.1920068215027668
9.0 1.2534148326273047
9.5 1.0379202899664262
10.0 1.1080124333808368
10.5 1.1744091233259182
11.0 1.1392991700637678
11.5 1.26518605758354
12.0 1.0375474608463837
12.5 1.1125994973684548
13.0 1.0727524719224535
13.5 1.1302218154826005
14.0 1.1067897437649037
14.5 1.1871393497297955
15.0 1.2525199688748514
15.5 1.106345253593085
16.0 1.1283924063588893
16.5 1.1157177340383866
17.0 1.1279786361159
17.5 1.0137814208256453
18.0 1
18.5 1.0819901525288
19.0 1.2356842393018685
19.5 1.1657124812238022
20.0 1.1622246838748334
20.5 1.119060344271849
21.0 1.0764808344162322
21.5 1.1567841793411562
22.0 1.0758796033421654
22.5 1.1929281715537667
23.0 1.0420032241335675
23.5 1.0072383993013447
24.0 1.1211058129438372
24.5 1
25.0 1.2005265334876085
25.5 1.1669829240354699
26.0 1.1369349533600392
26.5 1
27.0 1.0905490292449855
27.5 1.0516142552153904
28.0 1.3064990449171756
28.5 1.083317234335111
29.0 1.2057221922692607
29.5 1.117350771709495
30.0 1.1009990770854028
30.5 1.0678211879808122
31.0 1.2805022352145126
31.5 1.3381653899854862
32.0 1.1582151127121154
32.5 1.04798448557328
33.0 1.1438837811150884
33.5 1.1794448217070337
34.0 1.127105745601503
34.5 1.0881806986731064
35.0 1.0420666376637429
35.5 1.1219289428199006
36.0 1.114305181866222
36.5 1.0496923423633313
37.0 1.1241974640045669
37.5 1.0267933451813964
38.0 1.1785095647435906
38.5 1.1018541126736878
39.0 1.2086690409530032
39.5 1.1546672868530765
40.0 1.1008964302891795
40.5 1.1867624679016626
41.0 1.3057483670356875
41.5 1.014742198420536
42.0 1.0537038695475212
42.5 1.2140944855178888
43.0 1.0683208301520728
43.5 1.2638725228181467
44.0 1.0925337901657184
44.5 1.0438167143312955
45.0 1.130726281896934
45.5 1.1603314207501807
46.0 1.2759817596058687
46.5 1.090774697137536
47.0 1.182138908839014
47.5 1.160204543711429
48.0 1.1219904874086972
48.5 1.218562870307807
49.0 1.2178958437719885
49.5 1
50.0 1
50.5 1.1428075230604344
51.0 1.1168732231098197
51.5 1.1621886985384577
52.0 1.2866772249799439
52.5 1.202191267844066
53.0 1.2089057074427365
53.5 1.0014275381248965
54.0 1.148423023284601
54.5 1.0310559773580057
55.0 1.0521962958136588
55.5 1.0141800330767827
56.0 1.0459006989283381
56.5 1.1629441086744843
57.0 1.2428450363752412
57.5 1.209184063554669
58.0 1
58.5 1.1046238559519663
59.0 1.147326947977786
59.5 1.1386519118179943
60.0 1.1463261323926293
60.5 1.0279213853649596
61.0 1.131999709576447
61.5 1.207795760652782
62.0 1.1755464660212638
62.5 1.088145760618245
63.0 1
63.5 1.1194161983638533
64.0 1.128829912066231
64.5 1.0392493619528915
65.0 1.140335526323101
65.5 1.078127085761989
66.0 1.108027656929264
66.5 1.0929473775989145
67.0 1.1113818082121347
67.5 1.193877053844257
68.0 1.2440284907030987
68.5 1.091083042636301
69.0 1.3879947217683843
69.5 1.127559205218837
70.0 1.013360044098276
70.5 1.2195983794818348
71.0 1.2770034086167512
71.5 1.2410944208065375
72.0 1.1433238394188792
72.5 1.1316801450114342
73.0 1.1845221228419223
73.5 1.1071499631433621
74.0 1.1672319258593904
74.5 1.0167884307244666
75.0 1.0404849141166292
75.5 1.1351797856082395
76.0 1.249922019335302
76.5 1
77.0 1.125576028533069
77.5 1.2749471979297136
78.0 1.179495126708734
78.5 1.052194378614273
79.0 1.1625031785073163
79.5 1.212719163005377
80.0 1.20676948732566
80.5 1.2191279635847685
81.0 1.0321538415012799
81.5 1.1472343077212805
82.0 1.174665970544923
82.5 1.1429903226562343
83.0 1.0743261209327146
83.5 1.1066794338899293
84.0 1.1274088728181089
84.5 1.1558466426747311
85.0 1.0906054459578098
85.5 1.022179440973923
86.0 1.0885615077922135
86.5 1.3028086424492042
87.0 1.14831678522212
87.5 1
88.0 1.087691607836955
88.5 1.13073177184071
89.0 1.2402220357124505
89.5 1.073783402793428
90.0 1.15180119520404
90.5 1.0332903591791247
91.0 1.1525275752740831
91.5 1.1892132408933012
92.0 1.1626386735932102
92.5 1.147884421928096
93.0 1.0889371050441095
93.5 1.0928636766681494
94.0 1.0127519100692421
94.5 1.0750639894964418
95.0 1.0926336407758197
95.5 1.1862574538989077
96.0 1.044262014597963
96.5 1.1166391294392812
97.0 1.102176326635024
97.5 1.32184528542445
98.0 1.1897488251049873
98.5 1.0946896779061575
99.0 1.1143129378793273
99.5 1.0795213056554682
100.0 1.0884047446991616
100.5 1.12642270789876
101.0 1.0364756952871534
101.5 1.0668690769121547
102.0 1.0906216997635467
102.5 1.0210288171836281
103.0 1.1130241581132885
103.5 1.0668334033673512
104.0 1.2189315786457238
104.5 1
105.0 1.0338486602728085
105.5 1
106.0 1.1266641112740172
106.5 1.2319618870646762
107.0 1.1601264683872947
107.5 1.131899236843875
108.0 1.2478642942303177
108.5 1.1706680008406176
109.0 1.1684930866494367
109.5 1.2024393990302942
110.0 1.2100398148403677
110.5 1.1162884083212858
111.0 1.152296900802673
111.5 1.0985614733713818
112.0 1.266656740412916
112.5 1.2452355030074314
113.0 1.1170150770468548
113.5 1.0425808765506077
114.0 1.0481115760068875
114.5 1.0629897725658755
115.0 1.046440349317771
115.5 1.2102871746060861
116.0 1.026762077939988
116.5 1
117.0 1.1014079131583667
117.5 1.1944746841700913
118.0 1
118.5 1.069770783098529
119.0 1.163635247200204
119.5 1.157548155741003
120.0 1.159144947090376
120.5 1.161159580165349
121.0 1.1795856805129639
121.5 1.1853368190814635
122.0 1.1346348874723609
122.5 1
123.0 1.044723183934528
123.5 1.2050479951420128
124.0 1
124.5 1.0480366989515848
125.0 1.1412076643433682
125.5 1.081327648586483
126.0 1.1686181955311565
126.5 1.001130734002537
127.0 1.0231428936083264
127.5 1.0124964074980052
128.0 1.0102891897063329
128.5 1.0515188903268096
129.0 1.2147615868401718
129.5 1.1850681714022977
130.0 1.0125343755173053
130.5 1.135051617023879
131.0 1.1431318081908008
131.5 1.1448834116447995
132.0 1.1613910101219052
132.5 1.226683940171541
133.0 1.170724504535112
133.5 1.1458628500238959
134.0 1.11607272052728
134.5 1.1779792552037525
135.0 1
135.5 1.10153607493791
136.0 1.2067275168472607
136.5 1.1399771844058928
137.0 1.2133491296319603
137.5 1
138.0 1.012420217826752
138.5 1
139.0 1.093198297782659
139.5 1.0046181533609384
140.0 1.118229053467063
140.5 1.2300584422980432
141.0 1.145644440819756
141.5 1.121041126783561
142.0 1.0029137890456803
142.5 1.1000611512332816
143.0 1.2475090360233423
143.5 1.2564452157239305
144.0 1.1781090626812776
144.5 1.279675007904676
145.0 1.0919102690207731
145.5 1
146.0 1.1049252908642795
146.5 1.0428417478721217
147.0 1.261665998389915
147.5 1.1371233446801643
148.0 1.18922091288472
148.5 1.0821627738926534
149.0 1.1600760679222042
149.5 1.1236315653202544
150.0 1.0237080496272637
150.5 1.0392689084582485
151.0 1.0829393984656668
151.5 1
152.0 1.1484895341598689
152.5 1.1274342193043903
153.0 1.0039729513172329
153.5 1.0290055900182387
154.0 1
154.5 1.0597641749047608
155.0 1.0779613017531986
155.5 1.0526464631478278
156.0 1.0765555401654123
156.5 1.0152281681183477
157.0 1
157.5 1.056515034103455
158.0 1
158.5 1.2061696209440416
159.0 1.1377302637383944
159.5 1.2168170798503608
160.0 1.112311293849159
160.5 1.1459366572928336
161.0 1.076616670325106
161.5 1.2048580704531093
162.0 1.0904991205363335
162.5 1.117467111149188
163.0 1.0814313712049841
163.5 1.0776472074033778
164.0 1.0349675729951253
164.5 1.2747861887654957
165.0 1
165.5 1.0859276317446969
166.0 1.0562081782577608
166.5 1.2513554054057998
167.0 1
167.5 1.149422352773458
168.0 1.1605679343856052
168.5 1.1384558661473525
169.0 1
169.5 1.0859354313998666
170.0 1.0321101403822452
170.5 1.2222708886073057
171.0 1.2851121205732132
171.5 1.0236162924131496
172.0 1.1869258254783985
172.5 1.08962000581557
173.0 1.0666016329074277
173.5 1.0867224217082359
174.0 1.1573538328244986
174.5 1.1687185970757166
175.0 1.1017511851183208
175.5 1.1304928533818084
176.0 1.061349178603201
176.5 1.0124104497147095
177.0 1.1249770136722892
177.5 1.04272475791471
178.0 1.056359967600992
178.5 1.2322252159802782
179.0 1.1152602708328798
179.5 1.0931392742355346
180.0 1.1584251583729481
180.5 1.0500645608125017
181.0 1.1201852724225057
181.5 1
182.0 1.156150834094509
182.5 1.0780997105486825
183.0 1.1401588141383556
183.5 1.1082628069994926
184.0 1.1253284746105199
184.5 1
185.0 1.115257582241322
185.5 1.0351777691038837
186.0 1.104695826625087
186.5 1.1091372947738782
187.0 1.11876736797285
187.5 1.1584494268846481
188.0 1
188.5 1.0720506106699244
189.0 1
189.5 1.1859367924635769
190.0 1.2278582402041733
190.5 1.1095711313480572
191.0 1
191.5 1.1711471691459732
192.0 1.1315993952811043
192.5 1.1013241649701286
193.0 1.1091525527757946
193.5 1.0375623743822484
194.0 1.216086801573157
194.5 1.188613440913364
195.0 1.1293179662304487
195.5 1.0003647606270363
196.0 1.0704496309957428
196.5 1
197.0 1.151793066498147
197.5 1.1532087825190773
198.0 1.0894054487139722
198.5 1.1999915428406474
199.0 1.1876542482085641
199.5 1.2314362328917716
200.0 1.164857140173385
200.5 1
201.0 1.0690975712765158
201.5 1.0809643914123652
202.0 1.056665663052519
202.5 1.3009130329159184
203.0 1.2079712266131855
203.5 1.0605278272704306
204.0 1.1265269006898133
204.5 1
205.0 1.137728067319478
205.5 1.2002596787260729
206.0 1.2190850046732968
206.5 1
207.0 1.2663587953864481
207.5 1.17388806407022
208.0 1.2499833912156801
208.5 1.2454866263072404
209.0 1.0939821621189707
209.5 1.1369687822263101
210.0 1.1158165383779475
210.5 1.0368106659273546
211.0 1.1172298368772173
211.5 1.226919472986769
212.0 1.2611511884487867
212.5 1.1770061210601352
213.0 1.0526133354911953
213.5 1.113351821222087
214.0 1.012862364427618
214.5 1.2639692786608696
215.0 1.1166157282390934
215.5 1.1462552074505221
216.0 1.0338424851482872
216.5 1.0351738459523945
217.0 1.043556013476492
217.5 1.1623203294794986
218.0 1.2532461145194524
218.5 1.1073693597272023
219.0 1.1722485379577505
219.5 1
220.0 1
220.5 1.2195152651403747
221.0 1.255092653519383
221.5 1.13214091078543
222.0 1.0630114330275675
222.5 1.1206509453680185
223.0 1.2376929548380564
223.5 1.085199111508564
224.0 1.0951954474205283
224.5 1.199602494206634
225.0 1.0582940568556674
225.5 1.1276410144090936
226.0 1.1371805667548982
226.5 1.0999951228420128
227.0 1.1743007808861847
227.5 1.1120240253615234
228.0 1.080739311707981
228.5 1
229.0 1.050274288973413
229.5 1.1840436695102574
230.0 1.0364032235443619
230.5 1.1777007670873532
231.0 1.176479159602072
231.5 1.2718913673474572
232.0 1.1300814385442397
232.5 1.2682569674276387
233.0 1.1038590000774389
233.5 1.2173476882510916
234.0 1.02258814201634
234.5 1.1170494395206734
235.0 1.1859603068007687
235.5 1.195526775952619
236.0 1
236.5 1.1863468250566425
237.0 1.2202163991125423
237.5 1.1765796017476655
238.0 1.0339509854116762
238.5 1.0003099210464648
239.0 1.2200060356241904
239.5 1.174442872081273
240.0 1.044082010968674
240.5 1.1835794425391604
241.0 1.1050011794093373
241.5 1.3168066601109163
242.0 1.2589899428279114
242.5 1.1980014577230347
243.0 1.2546475076802768
243.5 1.377300982629997
244.0 1.1758750737002464
244.5 1.1854594014731976
245.0 1.1389340578432148
245.5 1.1362604396357998
246.0 1
246.5 1.1164441443767732
247.0 1.0698451418949384
247.5 1
248.0 1.1432627462724367
248.5 1.0864558262307464
249.0 1.0367639214675624
249.5 1.15727666878908
250.0 1.1114341835547237
250.5 1.0198956754851771
251.0 1.059732894005162
251.5 1.029556150344841
252.0 1.0978109673475855
252.5 1.1337397048410343
253.0 1.1012726038417224
253.5 1.0716063285126554
254.0 1.0940987073906674
254.5 1.0744327879596618
255.0 1.1991574444891757
255.5 1.2598407919666241
256.0 1.0407289391866157
256.5 1.1419131867973853
257.0 1.0663313686302316
257.5 1.1300282994245794
258.0 1.0938000261629206
258.5 1.0034325066957464
259.0 1.027072972835385
259.5 1.1876060693032582
260.0 1.0238152106969862
260.5 1.1007539228343135
261.0 1.1371126510849903
261.5 1.080644460888136
262.0 1.0565968198853484
262.5 1.2028950642573268
263.0 1
263.5 1.1225136711607449
264.0 1.076716683533978
264.5 1.0944584292228394
265.0 1.1548289503281255
265.5 1.0429851599574187
266.0 1.1662803903944454
266.5 1.0742121686046304
267.0 1.077024819995412
267.5 1.0632611178565679
268.0 1.0670857576823995
268.5 1.1744767228471034
269.0 1.0874714991845704
269.5 1.2587108574233157
270.0 1
270.5 1.1646343790060243
271.0 1.0708365502778778
271.5 1
272.0 1.0775359203411459
272.5 1.1079845289624242
273.0 1.16640051884275
273.5 1.1260362422582122
274.0 1.1510535762796579
274.5 1.0659558445498805
275.0 1.1090872333977055
275.5 1.1426024987026007
276.0 1.0943783715270863
276.5 1.1850264668510893
277.0 1.0139839470726764
277.5 1.0457952543516857
278.0 1.0119662444033164
278.5 1.0072113169380328
279.0 1.0417058968345851
279.5 1.0934475179144574
280.0 1.0714078855619003
280.5 1.0796188143065946
281.0 1.0772907902122442
281.5 1.1186457447067193
282.0 1.1107133065722476
282.5 1.1123663406233266
283.0 1.072425556825297
283.5 1.0089550106647467
284.0 1.1381014898680963
284.5 1.0984211270482995
285.0 1.0280849794705706
285.5 1.0999824678777232
286.0 1.09855900393946
286.5 1.039073616732588
287.0 1.0407971630865798
287.5 1.0518293641968766
288.0 1.1698776887907036
288.5 1.0489808010387902
289.0 1.065591101945476
289.5 1.2120425212697796
290.0 1.2822700694800242
290.5 1.1392535982847378
291.0 1.0461633176717204
291.5 1.0873311375833428
292.0 1.0694532129971106
292.5 1.2061508475121303
293.0 1.23958210713939
293.5 1.1063929639383572
294.0 1.1411590556412996
294.5 1.0070415938844914
295.0 1.15348229045942
295.5 1.0888402875661476
296.0 1.057159268508997
296.5 1.2382355399353777
297.0 1.264716911791188
297.5 1.1006415711692776
298.0 1.0752023965741835
298.5 1
299.0 1.141797228205708
299.5 1.2059833812715017
300.0 1.1878804431281913
300.5 1.0237456103614535
301.0 1.0052113292315241
301.5 1.1348329746549883
302.0 1.143579268486124
302.5 1.15022166125795
303.0 1.0645053795240875
303.5 1.0838095110336483
304.0 1.0781205043611197
304.5 1.25645233706112
305.0 1
305.5 1.1480906246590794
306.0 1.1818675958247984
306.5 1.159069443461647
307.0 1.0487188063816615
307.5 1.0907832651616727
308.0 1
308.5 1.1166531809798381
309.0 1.1299857442360417
309.5 1.0988993807146032
310.0 1.0040327729639729
310.5 1.1174457368279949
311.0 1.1263962249231816
311.5 1.01047737145706
312.0 1.0166991443702125
312.5 1.041258530880735
313.0 1.1112642881892156
313.5 1
314.0 1.0328553934030418
314.5 1.1130583445527278
315.0 1.2018305802871732
315.5 1.1687815095164606
316.0 1
316.5 1.003531382223386
317.0 1.0563407336065853
317.5 1.1899136983766763
318.0 1.1675815556152602
318.5 1.0727991172844273
319.0 1.1718974876888457
319.5 1
320.0 1.027228465754369
320.5 1.2792585623956647
321.0 1.110744820600381
321.5 1.1376459789537117
322.0 1.0569325655852335
322.5 1.2272146958703827
323.0 1.1654316829352582
323.5 1.1456118556778607
324.0 1.1330599375770487
324.5 1.2153931281559507
325.0 1.0043607614959629
325.5 1.1556832120779847
326.0 1.1959940399729014
326.5 1.1497987970299737
327.0 1.2318312449642517
327.5 1.1591106985707669
328.0 1.077877974546619
328.5 1.093605612129573
329.0 1.3242297618128718
329.5 1.0486641242165269
330.0 1.1813288589832949
330.5 1
331.0 1.003968028709431
331.5 1.1596757593041334
332.0 1.1739348562918477
332.5 1.1690067337513927
333.0 1.3539914464837128
333.5 1.118138219164917
334.0 1.1525015996481813
334.5 1.1503556964808954
335.0 1.0330845983674917
335.5 1
336.0 1.090078118720922
336.5 1.0221926564448234
337.0 1.0466027019808595
337.5 1
338.0 1.036942641751141
338.5 1.1004492009447642
339.0 1.0984563521301145
339.5 1.0132799383144482
340.0 1.0911785964704621
340.5 1
341.0 1.1066989485677516
341.5 1.2103344772941833
342.0 1.1219320065095415
342.5 1
343.0 1
343.5 1.0752300432455035
344.0 1.1607976187902795
344.5 1.095117325300473
345.0 1
345.5 1.0245643977355952
346.0 1.1885568127166664
346.5 1.230457920880208
347.0 1.2360640710852544
347.5 1
348.0 1.1747953666380835
348.5 1.023833513144232
349.0 1.2161752084455144
349.5 1.0232018124720266
350.0 1.2118549102760576
350.5 1.1548479222334185
351.0 1.152208003035362
351.5 1.0268012416570433
352.0 1.1466088170951672
352.5 1.1750184395351875
353.0 1.098278483507902
353.5 1.1702050377798798
354.0 1.232920586198338
354.5 1.1191343789984645
355.0 1.1373334518117757
355.5 1.2226465193640785
356.0 1.1469134030626227
356.5 1.3774220883761354
357.0 1.117995193676201
357.5 1.2777817208324638
358.0 1.2566512985081544
358.5 1.222080508208161
359.0 1.117914827776961
359.5 1.0533313225660785
360.0 1.1513437657888792
360.5 1.09991937276655
361.0 1.1023430421409157
361.5 1.123753275128236
362.0 1.01141788339133
362.5 1.0226521499196557
363.0 1.0887716264689653
363.5 1.1294011436906743
364.0 1.0232938779151566
364.5 1.0926093800852148
365.0 1.008028218606563
365.5 1.074582635365613
366.0 1.0600370622654782
366.5 1.1103059668460091
367.0 1.1235586132028366
367.5 1.080019925822829
368.0 1.106751031840949
368.5 1.1291495369178177
369.0 1.1000570788969577
369.5 1.0891081905683984
370.0 1
370.5 1.1921388254404541
371.0 1.088627756083264
371.5 1.0396013312700068
372.0 1.217590411195651
372.5 1.1293300715405634
373.0 1.2358846552996567
373.5 1.1470029374632205
374.0 1.1336705858030687
374.5 1.1890732274147386
375.0 1.0879328292396924
375.5 1.1865484720075963
376.0 1.04444394847948
376.5 1.0629257576531221
377.0 1.1512636109317007
377.5 1.1661962644806994
378.0 1.0884059879979116
378.5 1.138940835937551
379.0 1.096989222112453
379.5 1.1333344488051933
380.0 1.0979988331873245
380.5 1.0893081794002264
381.0 1
381.5 1.0176482621078495
382.0 1.2923908770147792
382.5 1.198935125752201
383.0 1.1038230762830725
383.5 1.0717991794445654
384.0 1.2496296392066486
384.5 1.271740516306183
385.0 1.0492928772689263
385.5 1.156211202304905
386.0 1.327055828056054
386.5 1.1271171864093965
387.0 1
387.5 1.2278455804064259
388.0 1.1205639305578892
388.5 1.1079027348639243
389.0 1.1083960387243565
389.5 1.1349017347766865
390.0 1.1855542928217173
390.5 1.0489208482358903
391.0 1.155378250247947
391.5 1.1124588669338642
392.0 1.1644131678162544
392.5 1.0304326238104258
393.0 1.1468577333838106
393.5 1.1781851937372223
394.0 1.0009497724221887
394.5 1.191817183453935
395.0 1.127911138276056
395.5 1.1129808984871263
396.0 1.127297757416172
396.5 1.2598469549517062
397.0 1.085540801250923
397.5 1.1909029759857295
398.0 1.1435093894563215
398.5 1.24791307258258
399.0 1.151625116891105
399.5 1.0671926969769563
400.0 1.0335866678591477
400.5 1.2956608017819775
401.0 1.2288070832653737
401.5 1.1420794052266867
402.0 1.0279138828944183
402.5 1.0115182207726643
403.0 1.1327128479664732
403.5 1.0793140391799816
404.0 1.2203464818971383
404.5 1.1502902033139926
405.0 1.1501176649808746
405.5 1.1809076130058345
406.0 1.1305751963786945
406.5 1.0940251282692
407.0 1.146130557422926
407.5 1.2862110384290424
408.0 1.2959451577099526
408.5 1.1647350278352055
409.0 1.204588866305363
409.5 1.24056087961476
410.0 1.0377934856988569
410.5 1.2279505255085914
411.0 1.2542894274671719
411.5 1.148428645829274
412.0 1.060059528593571
412.5 1.0734801966449588
413.0 1.0510235534166288
413.5 1.0874122139642999
414.0 1.0935051888976073
414.5 1.327033564369442
415.0 1.0975380419085472
415.5 1.0243350822172186
416.0 1.1106698144019433
416.5 1.020909426138851
417.0 1.0482653219127873
417.5 1.1260007041322644
418.0 1.1330271637100404
418.5 1.049140604929076
419.0 1.27820950969179
419.5 1.2668474477649436
420.0 1.1489040106942252
420.5 1.1051787452096569
421.0 1.2204728064432486
421.5 1.2072996741611859
422.0 1.0288479410930043
422.5 1.0685835689505456
423.0 1.0588930864988106
423.5 1
424.0 1.2240756679780807
424.5 1
425.0 1.0722264394008216
425.5 1.0838577596152152
426.0 1.0517114367087717
426.5 1.1156583486353404
427.0 1.223394920473718
427.5 1.1142285747921985
428.0 1.0780756801034663
428.5 1.1026274526136945
429.0 1.1086933840258661
429.5 1.2218029684783602
430.0 1.0248437928272345
430.5 1.2720783204741302
431.0 1.1358412717703072
431.5 1.1915942483212074
432.0 1.0463420615371553
432.5 1.1520809660641194
433.0 1.1793974219769396
433.5 1.1911199676297266
434.0 1.0043923610335483
434.5 1.173544359072889
435.0 1.1643884165423424
435.5 1.2289137713461962
436.0 1.0773756566412218
436.5 1.065893870390155
437.0 1.0589241544354193
437.5 1
438.0 1.1136389609019388
438.5 1
439.0 1.0525527735552762
439.5 1.0320432306610088
440.0 1.2629481462075867
440.5 1.2263044560388159
441.0 1.0615281446452258
441.5 1.0184975648494172
442.0 1.116541072880604
442.5 1.1050319747892492
443.0 1.1861627451024201
443.5 1.111137437975299
444.0 1.1388394548753196
444.5 1.089920415756356
445.0 1.1965010048809739
445.5 1.17812743122492
446.0 1
446.5 1.0051552173059408
447.0 1.0815969478747638
447.5 1
448.0 1.0828494989048565
448.5 1.1172917256429924
449.0 1.2114375052511455
449.5 1.1367687426622126
450.0 1.0031966586235548
450.5 1
451.0 1.1315126236656874
451.5 1
452.0 1.2140983139502135
452.5 1.0731066797702398
453.0 1.0113628580897414
453.5 1.0873046084468363
454.0 1.171159481233656
454.5 1.0718012082329151
455.0 1.185907100501153
455.5 1.1163314508113906
456.0 1.1566486416805692
456.5 1.1764972181902353
457.0 1.1500511751651485
457.5 1
458.0 1.1918060968421997
458.5 1.1602681671377828
459.0 1.1954044522455585
459.5 1.1286671833178685
460.0 1.09396462982306
460.5 1.162654520208768
461.0 1.1466385440168336
461.5 1.2383929212468896
462.0 1
462.5 1.0468955646284217
463.0 1.1564648519858185
463.5 1.0776005357834042
464.0 1.159572690781122
464.5 1.09314146973405
465.0 1.0946347209574647
465.5 1.1176954724204466
466.0 1.22379742301183
466.5 1.1717497286115854
467.0 1.0891300463856668
467.5 1.085191170983286
468.0 1.0016901507206155
468.5 1.0214331112623276
469.0 1.1668763038927203
469.5 1
470.0 1.091826600690823
470.5 1.07591159190624
471.0 1.0385445504958337
471.5 1.059520376561803
472.0 1.0874254503842424
472.5 1
473.0 1.0874978223085152
473.5 1.2076806576234196
474.0 1.1656515300617065
474.5 1.0312526672732294
475.0 1.0285779226240117
475.5 1.2186769443731555
476.0 1.2430732572085699
476.5 1.0989032295075232
477.0 1.0407351832990268
477.5 1.1946832587977692
478.0 1.0822087263584228
478.5 1.0495585317879543
479.0 1.1094050306310463
479.5 1.1023151363784907
480.0 1.1751030571283205
480.5 1.200242854775386
481.0 1.08689095273738
481.5 1.1516457902333752
482.0 1.1331347428448304
482.5 1.056922016529597
483.0 1.0668349942993332
483.5 1.1650006396568988
484.0 1
484.5 1.1306252342682457
485.0 1.0078243630591075
485.5 1.1286134599124353
486.0 1.2348454160184636
486.5 1.0796226727652791
487.0 1.1199349799461966
487.5 1.3194607190201628
488.0 1.049009098586617
488.5 1.1071776960146207
489.0 1.15935794989503
489.5 1
490.0 1.1230333259718304
490.5 1.2197276427473827
491.0 1.119533409984278
491.5 1.0580371352135294
492.0 1.089896232852586
492.5 1.1246406298590506
493.0 1.1797620066703294
493.5 1.1295768311109935
494.0 1.0939371169054177
494.5 1.0009495222661595
495.0 1.1242896260398254
495.5 1.1062526903291956
496.0 1.0658036548023566
496.5 1.3317734759101638
497.0 1
497.5 1.26643103135799
498.0 1
498.5 1.0562936871612592
499.0 1.1481651462026399
499.5 1.0628165784509376
500.0 1.1555485372060117
500.5 1.133417728874115
501.0 1.1130730711676897
501.5 1.129484743530607
502.0 1.0181341899728986
502.5 1.0501165250217035
503.0 1.2407101491459467
503.5 1.1267559196473587
504.0 1.284162868713456
504.5 1.0739331775635312
505.0 1.0013444701497738
505.5 1.0618868834050792
506.0 1.0806128074911343
506.5 1.1458562819698983
507.0 1.1471680881095498
507.5 1.0829834569755166
508.0 1.042622167457679
508.5 1.1985269964909855
509.0 1.0256848298869248
509.5 1
510.0 1
510.5 1.3194842041183688
511.0 1.0211359813167298
511.5 1.1539644272880953
512.0 1.215081537006689
512.5 1.2079018693021175
513.0 1
513.5 1.2841803434930732
514.0 1.1123378145512883
514.5 1.2379982993151353
515.0 1.106271659674261
515.5 1.2141513144041125
516.0 1.1425189657080457
516.5 1.2243880386774142
517.0 1.174391394282834
517.5 1
518.0 1.056323999742089
518.5 1
519.0 1.1493754822276894
519.5 1.0832299068889735
520.0 1.0693779512256758
520.5 1.2579757742588118
521.0 1.0771871309076373
521.5 1.1327309892761275
522.0 1.0334419343484902
522.5 1
523.0 1.1456874908714791
523.5 1.1829542741571064
524.0 1.0344208998338542
524.5 1
525.0 1.0430135672953758
525.5 1.1885624828836834
526.0 1.0872047734219767
526.5 1.1307850951374334
527.0 1.1196488718789532
527.5 1.0013338493721025
528.0 1.1563568205847128
528.5 1.0817140837080164
529.0 1.3212478152101417
529.5 1.2379275572102184
530.0 1.1167056638158899
530.5 1.0293743559871245
531.0 1.0958662568601925
531.5 1.2203817548531322
532.0 1.0700920519338937
532.5 1.1513177591581694
533.0 1.0751581299707142
533.5 1.0819747450986954
534.0 1.0626264151873963
534.5 1.1982016735444383
535.0 1.2061828657179074
535.5 1.0961960566654894
536.0 1.168861970095503
536.5 1
537.0 1.163050743482355
537.5 1.2023875823134222
538.0 1
538.5 1.1968805709215018
539.0 1.173227711280989
539.5 1.0806665596954803
540.0 1.1175514830850821
540.5 1.041186215586603
541.0 1.1797302038511996
541.5 1.211897433245895
542.0 1.1805334750295262
542.5 1.0685205335871677
543.0 1.1288157603722204
543.5 1.192026223135983
544.0 1.0415431185805972
544.5 1
545.0 1.0707322449897996
545.5 1.1812807111712575
546.0 1.2249211940322082
546.5 1.101190313627347
547.0 1.052274496198841
547.5 1.0984224759321677
548.0 1.062070929824996
548.5 1.1031584962963747
549.0 1
549.5 1.2732349227569415
550.0 1.1484396123700027
550.5 1.1411764449926498
551.0 1.085026208349758
551.5 1.121876166406317
552.0 1.1144283509033914
552.5 1.0795906998110953
553.0 1
553.5 1.1177868719765902
554.0 1.082414211153863
554.5 1.0535933986303876
555.0 1.2863988445618424
555.5 1
556.0 1.0479107969025068
556.5 1.2208610393982937
557.0 1.1799037005763526
557.5 1.0339241931707808
558.0 1.236031563622803
558.5 1.0537120984245707
559.0 1.1379918002957152
559.5 1.164458499694243
560.0 1.1510205963199869
560.5 1.0086340505301972
561.0 1.0737849450400212
561.5 1.089953908090711
562.0 1.096160542410807
562.5 1.0792182660866745
563.0 1.2493750273380755
563.5 1.1664718585332006
564.0 1.0501562317275719
564.5 1.1639659222587215
565.0 1.18035226212463
565.5 1
566.0 1.001529065793187
566.5 1.0865681038250954
567.0 1.2036870456073543
567.5 1.2405290336371553
568.0 1.1161737148359179
568.5 1.0170734697216735
569.0 1.1411965033229192
569.5 1.0027065513397548
570.0 1.0709466525952536
570.5 1.1258468334395677
571.0 1.1659422319622237
571.5 1.0891447122995657
572.0 1.1108896534565158
572.5 1.0437555193207162
573.0 1.1307907276884444
573.5 1
574.0 1.011544088160266
574.5 1.1051239251731544
575.0 1.097744920579809
575.5 1.0610611479993066
576.0 1.1516314174104987
576.5 1.1175797251489648
577.0 1.2240047151640527
577.5 1.0800980695833988
578.0 1.1169715128346458
578.5 1.126486024056101
579.0 1.0935396009632377
579.5 1.1473015634027437
580.0 1.1371867169892071
580.5 1.1192594172342814
581.0 1.1467550272860354
581.5 1.130932231932522
582.0 1.0657467372389196
582.5 1.1600678547404688
583.0 1.159314802558467
583.5 1.1094428667925262
584.0 1.1114599152743136
584.5 1.1542082406482759
585.0 1.0830509381268603
585.5 1.1347255254603825
586.0 1.2584702083281507
586.5 1.0572205527065877
587.0 1.1394464903322326
587.5 1.1899160828906101
588.0 1
588.5 1.1864338349670587
589.0 1.2001226115525585
589.5 1.217360970473845
590.0 1.2058584215482457
590.5 1
591.0 1.1656047690620266
591.5 1.176135232423615
592.0 1.1621912144801732
592.5 1.0339022609967152
593.0 1.1087317358149251
593.5 1.2843925991806682
594.0 1.0236118037606043
594.5 1.1455546594612245
595.0 1.0846641859397592
595.5 1.1851817015708095
596.0 1.027116263261298
596.5 1.1511665167581602
597.0 1
597.5 1.058703331871735
598.0 1.0899358179270906
598.5 1.2007441755531492
599.0 1.1373480366483975
599.5 1.1891486491304433
600.0 1.0839968570713256
600.5 1.143161225075207
601.0 1.3128616909266895
601.5 1.0236869463344054
602.0 1.1696446100912952
602.5 1.2084491062119742
603.0 1.1715896735598852
603.5 1.2101745241089006
604.0 1
604.5 1.1940516927596236
605.0 1.153420173654963
605.5 1
606.0 1.121452108413346
606.5 1.0960051430974151
607.0 1
607.5 1
608.0 1.059854421234251
608.5 1.0837909708689057
609.0 1.213890745486325
609.5 1.01004142558601
610.0 1.2120822505572593
610.5 1.3834054707919643
611.0 1.1560965479210534
611.5 1.1004747625305424
612.0 1.3160792977559679
612.5 1.1421972504532567
613.0 1.0546383688474794
613.5 1.0541738838215111
614.0 1.0048072170528286
614.5 1
615.0 1.0989639830611684
615.5 1.1742402079376606
616.0 1
616.5 1.0246448188738797
617.0 1.0665360497973095
617.5 1.129281018018053
618.0 1.1228990051375127
618.5 1.126405972641801
619.0 1.069724660804876
619.5 1.0320825062401975
620.0 1.202655977016466
620.5 1.23131077025415
621.0 1.1453584085573025
621.5 1.087780603674585
622.0 1.2341164168975154
622.5 1.149337952264402
623.0 1.2030800766995182
623.5 1.007562605020456
624.0 1.1148174803101951
624.5 1.127529044845537
625.0 1.0848585649107707
625.5 1.0000224439318668
626.0 1.14144104721294
626.5 1.0462690476608563
627.0 1.2047491499473804
627.5 1.1122406718661473
628.0 1.0998727766282324
628.5 1.235330481183274
629.0 1.0000692847580357
629.5 1.1244700763053084
630.0 1.0991519352278138
630.5 1.0515781879407535
631.0 1.1401805238512925
631.5 1.0595508890390506
632.0 1.1247780511333638
632.5 1.256055864522294
633.0 1.042427272708617
633.5 1.2288270858954993
634.0 1.1497573017059048
634.5 1.2462596521521347
635.0 1
635.5 1.1813986492667143
636.0 1.1949914234739527
636.5 1.1359823557477564
637.0 1
637.5 1.2177360188632496
638.0 1.2738513554733448
638.5 1.0525822803301121
639.0 1.1458011145885623
639.5 1.2226765625715443
640.0 1.040396390452486
640.5 1.2082336579761566
641.0 1.2030145765481373
641.5 1.060723051062613
642.0 1.151556074134493
642.5 1
643.0 1.0360046097368347
643.5 1.0932201961874681
644.0 1.0158840798805668
644.5 1.0594748131174394
645.0 1.0836882197750608
645.5 1.0472531169925143
646.0 1.1167348141195454
646.5 1.2101305401844247
647.0 1.1210803035246513
647.5 1.092089927950539
648.0 1.199696834394541
648.5 1.1948456288666183
649.0 1.1866879810956072
649.5 1.2741203634197622
650.0 1.1667635105370033
650.5 1.2268293519016569
651.0 1.0467629533477298
651.5 1.1088974686679633
652.0 1.1416838573740018
652.5 1.198594364889097
653.0 1.0431865329852192
653.5 1.190548751699544
654.0 1.0024339727575116
654.5 1.009488352081688
655.0 1.1268951065369825
655.5 1.1107980151293786
656.0 1.208532802035425
656.5 1.067724635215156
657.0 1
657.5 1
658.0 1.1931945526713417
658.5 1.0461403454965879
659.0 1.1618607693476206
659.5 1.209638169524692
660.0 1
660.5 1.1234170907813588
661.0 1.2517782733342429
661.5 1.1309556466426125
662.0 1.039392697327192
662.5 1.104378143703932
663.0 1.121770094873643
663.5 1.2772249405927671
664.0 1.1125743768686327
664.5 1.2488505342821634
665.0 1.0657457425003345
665.5 1.0067599281741817
666.0 1.2923052968147402
666.5 1
667.0 1.0705839700805018
667.5 1.0879752707794532
668.0 1.1986390423887348
668.5 1
669.0 1.0032176042213372
669.5 1.0672287488146774
670.0 1.2056120095466623
670.5 1.171640162351903
671.0 1.080805313003133
671.5 1.0079481691759002
672.0 1.1303576186293818
672.5 1
673.0 1.2862500565078665
673.5 1.047211995886013
674.0 1.1374144550767114
674.5 1.2224742977444634
675.0 1.1569313419268124
675.5 1.0725982171585944
676.0 1.0879337016186004
676.5 1.2659777057190618
677.0 1.0985637456593378
677.5 1.0083815093470812
678.0 1
678.5 1.2502152590874132
679.0 1.2167521407219741
679.5 1.2388004907357066
680.0 1.1805368730608552
680.5 1.097628036315828
681.0 1.1465555143907702
681.5 1.1887118079566346
682.0 1.01830104196869
682.5 1.0562018478774817
683.0 1.0534261859009895
683.5 1.1676851554502734
684.0 1.0960693791062255
684.5 1.1050385580562918
685.0 1.1674412493182618
685.5 1.062458565288259
686.0 1.0851523968563441
686.5 1.049523831012286
687.0 1.030566376461946
687.5 1.182670471253656
688.0 1
688.5 1.0086097939303214
689.0 1.1091367387476951
689.5 1.1749676999892724
690.0 1.0220288601164271
690.5 1.0914373992059878
691.0 1.1625663057349596
691.5 1.049629750340801
692.0 1.1280244276915632
692.5 1.1994423901391627
693.0 1.2176289962688305
693.5 1.1219757996647286
694.0 1.1683561078239593
694.5 1.2084116370037088
695.0 1.024902341142307
695.5 1.0608222107737943
696.0 1.0527100236780347
696.5 1.1428992358489733
697.0 1
697.5 1.0591008766489622
698.0 1.223401260182738
698.5 1.0423761457228822
699.0 1.0220001508838201
699.5 1.0114856114419009
700.0 1
700.5 1.0541748507480717
701.0 1.0207267469706467
701.5 1.0942381606118317
702.0 1
702.5 1.0524329468963733
703.0 1.0875687920398054
703.5 1.0628327291265274
704.0 1.082416783983334
704.5 1.2041791065352356
705.0 1.1072757369035995
705.5 1.1639318277905721
706.0 1.0404998420256737
706.5 1.145036202772654
707.0 1.0161747098150116
707.5 1.125260575420823
708.0 1.1456451878679708
708.5 1.0219910396393643
709.0 1.0550818094937973
709.5 1.1658208936981977
710.0 1.1429709049790544
710.5 1.1046287131245571
711.0 1.1391444133407957
711.5 1.091532925302852
712.0 1.1395986671019913
712.5 1.126305190227753
713.0 1.090488286786118
713.5 1.087826743217957
714.0 1.1635160205599089
714.5 1.0889404400056892
715.0 1.1389327274055772
715.5 1.303580162946099
716.0 1.1168091175394983
716.5 1.0555484608749581
717.0 1.26374637030295
717.5 1.138573102898853
718.0 1.0863132714274464
718.5 1
719.0 1.2066610130749575
719.5 1.1571095144462542
720.0 1.214777532845381
720.5 1
721.0 1.1671022294272633
721.5 1.1814333982380312
722.0 1.0648893228434806
722.5 1.021523717697007
723.0 1.2366722772917709
723.5 1.0877910335011236
724.0 1.2119202285643178
724.5 1.1283216557858216
725.0 1.0919608444594717
725.5 1.2595969263352154
726.0 1.109183219090775
726.5 1.2356342583165303
727.0 1.2135340952801736
727.5 1.0150230537026248
728.0 1.209017520328448
728.5 1.1056759641885328
729.0 1.0296495930310758
729.5 1.0030348587537932
730.0 1.0188804534969744
730.5 1.168242390068741
731.0 1.1349913589539598
731.5 1.1692943587703857
732.0 1.1079512695496265
732.5 1.0555708093237541
733.0 1.038668472276401
733.5 1.093782924442599
734.0 1
734.5 1.0838998953981265
735.0 1.1154738093703251
735.5 1
736.0 1.0384880609460712
736.5 1.2030989078250007
737.0 1.1675399204440042
737.5 1.0694343816917504
738.0 1.0324761820363233
738.5 1.0985334553826844
739.0 1.0543573364052212
739.5 1.047184481055012
740.0 1.0731109046631337
740.5 1
741.0 1.127621790703964
741.5 1
742.0 1.2608784332705512
742.5 1.019923043036547
743.0 1.2049853272840454
743.5 1.237232553735634
744.0 1
744.5 1.1330308885678055
745.0 1.2285297758317426
745.5 1.04220200900233
746.0 1.0534596082396743
746.5 1.2290626264201514
747.0 1.1167659893951
747.5 1.216360120967419
748.0 1.1085170537237878
748.5 1.0742447403344086
749.0 1.0450729250001798
749.5 1.0045720512549727
750.0 1.1951662580883684
750.5 1
751.0 1.0661960100735222
751.5 1.1268615993652482
752.0 1
752.5 1.1777627026751754
753.0 1.1526579446793723
753.5 1.1812123914028412
754.0 1.2088520657578652
754.5 1.0348382076753515
755.0 1.2893626479017315
755.5 1.0547561399026248
756.0 1.0642379133316997
756.5 1.1043006441658683
757.0 1.1271427522804922
757.5 1.1778087088232094
758.0 1.0650795614320316
758.5 1
759.0 1.1177455209950886
759.5 1.0159863618979008
760.0 1.0090756342177643
760.5 1.2171755839981353
761.0 1.0681494459996328
761.5 1.1417067608762732
762.0 1
762.5 1.0788832761850147
763.0 1.0924799857771048
763.5 1.205992665018624
764.0 1.0237159716709279
764.5 1.1132301242769813
765.0 1.1362152286025844
765.5 1.2224601833417377
766.0 1.0690093944855639
766.5 1.254434013008575
767.0 1.0911854955000406
767.5 1.0687157162406016
768.0 1
768.5 1.060125336387534
769.0 1.0425224938228723
769.5 1.238021799005581
770.0 1.198327902141032
770.5 1.1255531425231105
771.0 1.208591170295739
771.5 1.1722578686701115
772.0 1.2503839733870765
772.5 1.174872022425883
773.0 1.1643035217715718
773.5 1.1479668249303896
774.0 1.1855251782903402
774.5 1.1511944522711501
775.0 1.114061947235152
775.5 1.1039481930885344
776.0 1.1612954508466315
776.5 1.174091680210955
777.0 1.1282584195313252
777.5 1.158077840339194
778.0 1.1334758716428017
778.5 1.1069971590298624
779.0 1.1325033828118016
779.5 1
780.0 1
780.5 1
781.0 1
781.5 1.2217422408612602
782.0 1.1426672259255661
782.5 1.252011594268546
783.0 1.0286195289480906
783.5 1.0825964816597684
784.0 1.2065967172166603
784.5 1.1323276584086825
785.0 1.2315973516165526
785.5 1.1436846856080265
786.0 1.0875121712365643
786.5 1.0476847066089756
787.0 1.2497038126263575
787.5 1.0899021843191035
788.0 1.0982105394643336
788.5 1
789.0 1
789.5 1.0272016438132074
790.0 1.0635078519827705
790.5 1.1505362759506252
791.0 1.1389670577885493
791.5 1.2334688465963386
792.0 1.1551020251049622
792.5 1.144738733988357
793.0 1.1147829677148595
793.5 1.1938205870179408
794.0 1.0637352979784702
794.5 1.0562272177770362
795.0 1.123154391793769
795.5 1.201319126011311
796.0 1.1928354377327124
796.5 1
797.0 1.1255786330077058
797.5 1.0558883854594185
798.0 1.028590579624464
798.5 1.0908450294859657
799.0 1.0255169289552106
799.5 1.010663435830685
800.0 1.1084429072519044
800.5 1.067223670265975
801.0 1.0024813095456306
801.5 1.2065846167961394
802.0 1.0514544452565695
802.5 1.0319020906557883
803.0 1.077952540719549
803.5 1
804.0 1.0548111430959708
804.5 1.1527172616991748
805.0 1.0562645774491615
805.5 1.215875875957983
806.0 1.0339091354838466
806.5 1.0198372898623422
807.0 1.2134787231357405
807.5 1.1303793290293962
808.0 1.1209443297827852
808.5 1.148037992301715
809.0 1.0793894184582264
809.5 1.0640477189138138
810.0 1.1550110451261302
810.5 1
811.0 1.0426668978644034
811.5 1.0191085831710214
812.0 1.0448967492190668
812.5 1.12650151418345
813.0 1.1737671730672345
813.5 1.0796095024688812
814.0 1.0300656731158693
814.5 1.0775411169097924
815.0 1.0798261010610644
815.5 1.1425687627812
816.0 1.085231454610742
816.5 1.214484284186725
817.0 1.036563895767932
817.5 1
818.0 1.086499667027487
818.5 1.0358006323905489
819.0 1.1352886129559494
819.5 1.059665957893106
820.0 1.1902580193579941
820.5 1.1265843326121214
821.0 1.0002368387636622
821.5 1.0641394605393586
822.0 1.1046468529255478
822.5 1.1897321757706447
823.0 1.036048580387929
823.5 1.1991358360041797
824.0 1.0697018922954964
824.5 1.2089615315247666
825.0 1
825.5 1.1922611495609567
826.0 1
826.5 1.111639337594866
827.0 1.0792563120299539
827.5 1.1087440873001349
828.0 1.078538479384875
828.5 1.1095981638858097
829.0 1.0104232348896822
829.5 1.1656849785275145
830.0 1.1210841142397105
830.5 1
831.0 1.0990005487469943
831.5 1.1326700105042407
832.0 1
832.5 1.060111049828098
833.0 1.0160191843782438
833.5 1.1265529645139012
834.0 1.1182020113066742
834.5 1.2580825253689025
835.0 1.2042901064754128
835.5 1.1064338603613395
836.0 1.1508574467047605
836.5 1
837.0 1.1565346910002363
837.5 1.1079132462766825
838.0 1.0909371659735874
838.5 1.0848449901346937
839.0 1.2821835191526278
839.5 1.0342527977423042
840.0 1.077779281596353
840.5 1.1724972867307764
841.0 1.2234430861670234
841.5 1.2959233677295585
842.0 1.0673285986426668
842.5 1.0070902994774904
843.0 1.167957935057143
843.5 1.0315696702954966
844.0 1.0507976832788688
844.5 1.1748595798822064
845.0 1.2835825304722692
845.5 1.1160806272680523
846.0 1.050494614961021
846.5 1
847.0 1.1915955163365781
847.5 1.2003060661899183
848.0 1.2737294698757753
848.5 1.1464194067174642
849.0 1.2003375411870518
849.5 1.0273632659373364
850.0 1.1761474476436296
850.5 1.1396672256223377
851.0 1.1291270831564817
851.5 1.2102862576748525
852.0 1.0931497648050075
852.5 1.0276322409871086
853.0 1.122509105775634
853.5 1.1072546601187774
854.0 1.193246778098667
854.5 1.1255729791915239
855.0 1.1105000020623377
855.5 1.1445083736890833
856.0 1.085118808243335
856.5 1.0829424467033797
857.0 1.1921304298087678
857.5 1
858.0 1.189696803614463
858.5 1.0451394719823754
859.0 1.0846885631508143
859.5 1.1002832063935177
860.0 1
860.5 1.2016317405679438
861.0 1
861.5 1.0993418664150352
862.0 1.1027503364283309
862.5 1.0496734902828597
863.0 1.0979289285170433
863.5 1.02407122693789
864.0 1.0294937320882187
864.5 1.062027149525873
865.0 1.0956097511645697
865.5 1.1615038188974565
866.0 1.1891802116828538
866.5 1.259827091066187
867.0 1.0689066460017866
867.5 1.2460810845184942
868.0 1.039105136531569
868.5 1.089936823558816
869.0 1.2072721017537957
869.5 1.2888969461480162
870.0 1.12397416811352
870.5 1.2131325492186358
871.0 1.1570878522441528
871.5 1.2217207692168053
872.0 1.1227786977601713
872.5 1.1434504276397037
873.0 1.164721337233955
873.5 1.2094447206347998
874.0 1.200827482816363
874.5 1.158283533095699
875.0 1.2311577012586636
875.5 1.0707230316911942
876.0 1.1133586353418647
876.5 1.0648710998606963
877.0 1.1110963792853294
877.5 1.0996417331163142
878.0 1
878.5 1.2555003325225529
879.0 1.148815034286696
879.5 1.1338873620013592
880.0 1.244610474031506
880.5 1.2570727049416952
881.0 1.1731753839675265
881.5 1.191788561998589
882.0 1.189032216398649
882.5 1.1039904528337545
883.0 1.0052852904952594
883.5 1.2051562846431314
884.0 1.0892989373617699
884.5 1.004253611857765
885.0 1.1515593150842078
885.5 1.0207420918955061
886.0 1.027306158676785
886.5 1.257126161177831
887.0 1.2364433482529085
887.5 1.0632737809056167
888.0 1.1265692860449426
888.5 1.2750366125413466
889.0 1.1071684505471762
889.5 1.1112759661622071
890.0 1.156782580477623
890.5 1.2671362771078347
891.0 1.0437460924694841
891.5 1.0533177619512777
892.0 1.006360709817431
892.5 1.1130025685905476
893.0 1.2105468360484446
893.5 1.1249521366860844
894.0 1.0451079514062367
894.5 1.081506653372802
895.0 1.0192018550136706
895.5 1.2141955672396507
896.0 1.1386615027749414
896.5 1
897.0 1.1637452317048016
897.5 1.4
898.0 1.3453451865506407
898.5 1.0055394206613748
899.0 1.0720437708321349
899.5 1.038283330933933
900.0 1.0989428148663034
900.5 1.0470765550983399
901.0 1.1879858633921307
901.5 1.1491973485368663
902.0 1
902.5 1.0439674701997024
903.0 1.102328637434507
903.5 1.1828092309892795
904.0 1.0289584209032188
904.5 1.0770469855640725
905.0 1.0729829240441036
905.5 1.0191759867384993
906.0 1.0937572846324073
906.5 1.121105790623787
907.0 1.138345672213688
907.5 1.089161464862149
908.0 1.1219583672997337
908.5 1.190357328809489
909.0 1.2015051299166433
909.5 1.2255986122848939
910.0 1.0475557976108976
910.5 1.005582279984593
911.0 1.0625121546511422
911.5 1.2361897953567202
912.0 1.2193952172858413
912.5 1.1847684886614616
913.0 1.1052040268129018
913.5 1
914.0 1
914.5 1.144622367541715
915.0 1.257716447603927
915.5 1.0042401141179842
916.0 1.4
916.5 1.2296914771912375
917.0 1.1469396704191568
917.5 1.0383956468998183
918.0 1.0947592893570823
918.5 1.0999840776173786
919.0 1.096930654323169
919.5 1.0615685380657305
920.0 1.185523159943259
920.5 1.1171327874232226
921.0 1.045421788781473
921.5 1.221135207751902
922.0 1.1059807368440688
922.5 1.0546804843379274
923.0 1.1002474592784823
923.5 1.0774700559999837
924.0 1.2178191940618235
924.5 1.1956411371412095
925.0 1.3099982054235135
925.5 1.0632564245414082
926.0 1.1397602989515039
926.5 1.1366942947837053
927.0 1.1098471905018281
927.5 1
928.0 1.1959820439751532
928.5 1.1519416128274353
929.0 1.029300621251247
929.5 1.0572899205333697
930.0 1
930.5 1.1612138816178534
931.0 1.1998076250135061
931.5 1.2159383226013563
932.0 1.0049367544811503
932.5 1.0859497088557142
933.0 1.2001443780938437
933.5 1.1697487166592957
934.0 1.2290693912066832
934.5 1.040436190805503
935.0 1.0598650433641081
935.5 1.1569490186578646
936.0 1.0489452625826101
936.5 1.0717178586118532
937.0 1.1133459591229538
937.5 1.1336945390575273
938.0 1.1608268034791425
938.5 1.1223018011363552
939.0 1.2190095615871135
939.5 1.0657534604778252
940.0 1
940.5 1.211456326673782
941.0 1.1909880054949724
941.5 1.0474803680823146
942.0 1.0929092471005717
942.5 1.166176004723478
943.0 1.109461340778299
943.5 1.13094645339764
944.0 1.3057854129705488
944.5 1.2172876899167477
945.0 1.141894612637593
945.5 1.1783635380416841
946.0 1.0644243637716524
946.5 1.1016180967339708
947.0 1.00147574885275
947.5 1.156688698082706
948.0 1.1539678665681905
948.5 1.0209150189588447
949.0 1.0077691873351922
949.5 1.0466908854167518
950.0 1.076072881402507
950.5 1.04625678715218
951.0 1.1982931253624027
951.5 1.1324979524818333
952.0 1.0732967708320236
952.5 1.260407217716486
953.0 1.2233631747550255
953.5 1.0747336031035224
954.0 1.083213291631869
954.5 1.0756848448850165
955.0 1.0104404489387222
955.5 1.0903777320034607
956.0 1.10086881950805
956.5 1
957.0 1.1766381525852285
957.5 1.1927890430095802
958.0 1.1743784688737826
958.5 1.123760924803775
959.0 1.153323013910541
959.5 1.114188956803579
960.0 1.2542240055224596
960.5 1.152881857013158
961.0 1.0212399143365154
961.5 1
962.0 1.0481420530966516
962.5 1.1081632406801891
963.0 1.0038292172121124
963.5 1.2445648211172369
964.0 1.0592348974698573
964.5 1.2021286522140033
965.0 1.1126452667566926
965.5 1.1758395415308327
966.0 1.2402930058103596
966.5 1.1786846441232437
967.0 1
967.5 1.0813292710142361
968.0 1.1562204581530593
968.5 1.0317221822335492
969.0 1.1348223800941244
969.5 1.1828265508463214
970.0 1.0939358840369566
970.5 1.1463329464485033
971.0 1.0171781976055194
971.5 1
972.0 1.0275647536082397
972.5 1.1163066125376304
973.0 1
973.5 1.2170167952078739
974.0 1.0804768526120838
974.5 1.080472811062964
975.0 1.1740764794522738
975.5 1
976.0 1
976.5 1.0641924391595188
977.0 1.037546990537884
977.5 1.2525671399967928
978.0 1.2458750034072326
978.5 1.1075132151181295
979.0 1.1072821586671926
979.5 1.129206650029603
980.0 1.2128610896052836
980.5 1.1604874069009543
981.0 1.0360784890139376
981.5 1.0326551545183267
982.0 1.1745644437051723
982.5 1.1072120530846385
983.0 1.0822211928112733
983.5 1.066167731371797
984.0 1.2430677607893406
984.5 1.043788246714368
985.0 1.1264963542304194
985.5 1.2681493737982767
986.0 1.09943884267406
986.5 1.1165631390800999
987.0 1.2217705983676082
987.5 1.057071228813488
988.0 1.0848853796102522
988.5 1.017602758906341
989.0 1.134495258118052
989.5 1.2329278722522967
990.0 1.0309284098538176
990.5 1
991.0 1.0966673791924966
991.5 1.1219310097944
992.0 1.1478196561071434
992.5 1.1422959920422846
993.0 1
993.5 1.1015711586667365
994.0 1.0152955894913829
994.5 1.209786011154413
995.0 1.2776005156481083
995.5 1.101322196597927
996.0 1.1788149440129407
996.5 1.0821073081561845
997.0 1.202959499407223
997.5 1.1525630285513675
998.0 1.0141176982879492
998.5 1.1379943195663607
999.0 1.0939052718797702
999.5 1.0155455887297575
1000.0 1.0575324989837125
1000.5 1.0974043547061116
1001.0 1.1352895585791756
1001.5 1.1004057661595472
1002.0 1.1312896887408632
1002.5 1.1295649861525685
1003.0 1
1003.5 1.1019195085495745
1004.0 1.179536535524697
1004.5 1.080015350446603
1005.0 1.0413292191873167
1005.5 1
1006.0 1.2263214023449254
1006.5 1.0779200142189929
1007.0 1.0699963558048249
1007.5 1.0211260897112777
1008.0 1.0487135679421877
1008.5 1.1013363600315795
1009.0 1.096352996981718
1009.5 1.0942331667666596
1010.0 1.2369706751056404
1010.5 1.020000017562337
1011.0 1.0743716735633453
1011.5 1.212961583450825
1012.0 1.246403348407621
1012.5 1.1329094865963831
1013.0 1.0931657498163103
1013.5 1.0099032924050748
1014.0 1.0276871200541144
1014.5 1.143383624124544
1015.0 1.2292070336128957
1015.5 1.1838407731602736
1016.0 1.0260919703567546
1016.5 1.1629464227162303
1017.0 1.0025104148104667
1017.5 1.0875868679327472
1018.0 1.2672712190160498
1018.5 1.2848707842135556
1019.0 1.087644596436032
1019.5 1.2213168034890338
1020.0 1.1216905512894204
1020.5 1.042571238694173
1021.0 1.0703992392154176
1021.5 1.1865978400422237
1022.0 1.050605784883034
1022.5 1.1014295479355898
1023.0 1.2531766800692798
1023.5 1.0437745412290205
1024.0 1.238515031269785
1024.5 1.1644508669408804
1025.0 1.032457694885955
1025.5 1.1581497945032746
1026.0 1.0307503712605988
1026.5 1.2611739772737658
1027.0 1.1766594197440754
1027.5 1.215761490841473
1028.0 1.076999399398356
1028.5 1.188969491166048
1029.0 1.106816434178135
1029.5 1.0196005561463948
1030.0 1.042509385292055
1030.5 1.1016618019774331
1031.0 1.0908475492450396
1031.5 1.0735366900343715
1032.0 1.1493873933278727
1032.5 1.246163110392782
1033.0 1.2872329958349242
1033.5 1.2183752315515934
1034.0 1.0549357981971095
1034.5 1.0828568447218936
1035.0 1.049620250406699
1035.5 1.0972439941652872
1036.0 1.173744706400351
1036.5 1.205103737156685
1037.0 1.0989522093803248
1037.5 1.1532223640419552
1038.0 1.1259060355473864
1038.5 1.2406698986695721
1039.0 1.063568636734927
1039.5 1.15242266523622
1040.0 1.1380733266602314
1040.5 1.123769092741511
1041.0 1.0603897987112558
1041.5 1.117564865290516
1042.0 1.062672568087984
1042.5 1.1907564988631867
1043.0 1.2083127420359672
1043.5 1.1092320137099125
1044.0 1.149918386234888
1044.5 1.0618565434885636
1045.0 1.167631419681885
1045.5 1.0797700925464455
1046.0 1.1422275107648532
1046.5 1.0736302560242421
1047.0 1
1047.5 1.0690942555642184
1048.0 1.0980603793797274
1048.5 1.1167978292669574
1049.0 1.0303599486257848
1049.5 1.10118928246749
1050.0 1.0462411315551257
1050.5 1.1613828010587905
1051.0 1.1652803546203463
1051.5 1.2718967003008432
1052.0 1.3282256111865967
1052.5 1.08147004373154
1053.0 1.1499543068534002
1053.5 1.0534873518807832
1054.0 1.238892002454977
1054.5 1.0730830033264227
1055.0 1.106273626511435
1055.5 1.1661530386769483
1056.0 1.0544805534953308
1056.5 1.1888806779955656
1057.0 1.0254370803003798
1057.5 1.181665078445954
1058.0 1.1794642948778398
1058.5 1.0608423748017861
1059.0 1.277701426685124
1059.5 1.1722159237151395
1060.0 1.0763098202143446
1060.5 1.042434457613898
1061.0 1.0697564262768822
1061.5 1.0615156286599738
1062.0 1.1949371667732998
1062.5 1.0289957612751537
1063.0 1.1156602209905557
1063.5 1.1744687465080368
1064.0 1.1382609697907853
1064.5 1.1265648773507062
1065.0 1.0691852709147618
1065.5 1.0200011670922216
1066.0 1.2245924608187821
1066.5 1.1630446567001735
1067.0 1.2643753426516335
1067.5 1.0873042715933632
1068.0 1.0953932805431221
1068.5 1.1872293582207587
1069.0 1.1145257561238342
1069.5 1.160646467972866
1070.0 1.133439171561336
1070.5 1.1054318549744007
1071.0 1.217447488882871
1071.5 1
1072.0 1.0323818324004959
1072.5 1.0994196427941811
1073.0 1.1221464701443278
1073.5 1.2315940132048122
1074.0 1
1074.5 1
1075.0 1.1553720249138941
1075.5 1.1071672498004146
1076.0 1.0967391232692238
1076.5 1.0573259337438448
1077.0 1.1958304900732204
1077.5 1.212977453271881
1078.0 1.2197787417652375
1078.5 1.1838458783982841
1079.0 1.0926483884864342
1079.5 1
1080.0 1.1997225458618854
1080.5 1.1197285136847999
1081.0 1.0509484597356924
1081.5 1.0764089488057793
1082.0 1.068145194881064
1082.5 1.0595079110895986
1083.0 1.1421467892172723
1083.5 1.1068060347471322
1084.0 1.1728002917946863
1084.5 1.2244983870651795
1085.0 1.1971614415020115
1085.5 1.0272178537992036
1086.0 1.0993411692443753
1086.5 1.112711191433797
1087.0 1.0192556734582263
1087.5 1.1189253443204565
1088.0 1.2113127374833033
1088.5 1
1089.0 1.1241726052865166
1089.5 1.1349142815910334
1090.0 1.1042210733921767
1090.5 1.114699129771663
1091.0 1.0524503409127663
1091.5 1.080414931961137
1092.0 1.076378249493545
1092.5 1.1450468902612267
1093.0 1.0326368676613433
1093.5 1.236056442477798
1094.0 1
1094.5 1
1095.0 1.2229788950323963
1095.5 1
1096.0 1.046991641717928
1096.5 1.086392333134304
1097.0 1.0495614530995991
1097.5 1.1553299502545664
1098.0 1.0339360955528623
1098.5 1.063017597447983
1099.0 1.2742136580548427
1099.5 1.152662198883074
1100.0 1.140869618180958
1100.5 1.0741288781489042
1101.0 1.0108454151561395
1101.5 1.1366904056837237
1102.0 1.03982152473488
1102.5 1.0326120442511073
1103.0 1.0772416802733829
1103.5 1.2873961877412108
1104.0 1.007662342348478
1104.5 1.13958575303623
1105.0 1.0721518150836835
1105.5 1.1292035749256146
1106.0 1.0774337652830785
1106.5 1.2801051881335122
1107.0 1.1259963868873712
1107.5 1.3077162163301357
1108.0 1.215436235853693
1108.5 1.1333447586156977
1109.0 1.1491809856872
1109.5 1.1060971165440372
1110.0 1.17333383320612
1110.5 1.1337368403824433
1111.0 1.0690208408340303
1111.5 1
1112.0 1.0260548871193462
1112.5 1.0253658266478047
1113.0 1.095555649217877
1113.5 1.2035260172394673
1114.0 1
1114.5 1.2170670517901248
1115.0 1.0979402598471086
1115.5 1.1611988491264065
1116.0 1.084391361675368
1116.5 1.10575225958956
1117.0 1.1465628903649405
1117.5 1.1838370441864923
1118.0 1.0263773438776758
1118.5 1
1119.0 1.1844862552351394
1119.5 1.1138186265415913
1120.0 1.074962666367928
1120.5 1.0337839249456946
1121.0 1.180937793394551
1121.5 1.2120745074563692
1122.0 1.0191615698591692
1122.5 1.0872548764398169
1123.0 1.0912983418020763
1123.5 1.2142127660242923
1124.0 1.2288488829116666
1124.5 1.223310676321297
1125.0 1.0437426809724637
1125.5 1.0674925262725725
1126.0 1
1126.5 1.186694237133184
1127.0 1.0016902425142131
1127.5 1.125355390570559
1128.0 1.1760324672827212
1128.5 1.0432609289398953
1129.0 1.1046492131515295
1129.5 1.1393122865707646
1130.0 1.1356341467600224
1130.5 1.2815408815697968
1131.0 1.1089680754188223
1131.5 1.06608807786048
1132.0 1.1003035780322201
1132.5 1.1804634370591407
1133.0 1.087104800750375
1133.5 1.0910775234713261
1134.0 1.01602968427928
1134.5 1.0296810002325196
1135.0 1.1458648961468627
1135.5 1.045041118603005
1136.0 1.0769024458915162
1136.5 1.063836590025028
1137.0 1.0862454393364454
1137.5 1.0752936554515502
1138.0 1.16040580039146
1138.5 1.0857906040282552
1139.0 1.039241777050696
1139.5 1.0819046978017701
1140.0 1.250963237073703
1140.5 1.0228269837152166
1141.0 1
1141.5 1.1980156840609375
1142.0 1.0185627630197325
1142.5 1.043216779771467
1143.0 1.1740799643518365
1143.5 1
1144.0 1.0807785995238643
1144.5 1.0896704975065914
1145.0 1.1208363102840897
1145.5 1.1051070976449167
1146.0 1.224152199647124
1146.5 1.2053955398344331
1147.0 1
1147.5 1.1641810208253556
1148.0 1.1689731426990138
1148.5 1.0333829459420214
1149.0 1.17114120688096
1149.5 1
1150.0 1.0478136138994514
1150.5 1.1502557672031963
1151.0 1.335195835007029
1151.5 1.0873738881179442
1152.0 1.0992715567332478
1152.5 1.2645316726796865
1153.0 1.082401177347307
1153.5 1.1759450539338068
1154.0 1.1259942998823709
1154.5 1.0263589436557652
1155.0 1.0275116313931716
1155.5 1.1507879749042642
1156.0 1.1150167507773903
1156.5 1.0361876592257664
1157.0 1.0690391804598844
1157.5 1.1810358450320386
1158.0 1.071507521857131
1158.5 1.1893133100748892
1159.0 1.2525221894866463
1159.5 1.1912454661449563
1160.0 1.0306667196859784
1160.5 1.053875588534337
1161.0 1.1155148142944762
1161.5 1.109815868854846
1162.0 1.144054862189336
1162.5 1.0279947032159211
1163.0 1.1817056388342926
1163.5 1.037202101456653
1164.0 1.2388765838496067
1164.5 1.157959345717428
1165.0 1.1102279735963305
1165.5 1.2285691151810774
1166.0 1.0242023553817086
1166.5 1.1091758394412383
1167.0 1.2211858248475451
1167.5 1
1168.0 1.0145688456320092
1168.5 1.0775777269037785
1169.0 1.0358886409585923
1169.5 1.3100476120348432
1170.0 1.0829035915615675
1170.5 1.0156724853607235
1171.0 1.197982646998756
1171.5 1.095462414650168
1172.0 1
1172.5 1.1857252547325996
1173.0 1.2224448465692723
1173.5 1.1331565128540027
1174.0 1.071502059548061
1174.5 1.1099890441275846
1175.0 1.1350947812599763
1175.5 1.0466913647636487
1176.0 1.0165670367489503
1176.5 1.1399321499298083
1177.0 1.2158773802809208
1177.5 1.1002604122189887
1178.0 1.0468907836308579
1178.5 1.084850959314439
1179.0 1.0419740559251987
1179.5 1.0256508951884014
1180.0 1.1137920898942681
1180.5 1
1181.0 1.1333190686422858
1181.5 1.175575132880128
1182.0 1.048947002748187
1182.5 1.1619868288576214
1183.0 1.248200592046244
1183.5 1
1184.0 1.0843272694369825
1184.5 1.0805663752153256
1185.0 1.1553468545972494
1185.5 1.101375120500565
1186.0 1.14669890898295
1186.5 1.2038868041364217
1187.0 1.155266853091204
1187.5 1.0594946551228999
1188.0 1.1120893672088226
1188.5 1.1702847345827316
1189.0 1
1189.5 1.1879296955854222
1190.0 1.0751308044001915
1190.5 1.1426689840614181
1191.0 1
1191.5 1.1456751640446146
1192.0 1.0385887605239867
1192.5 1.2295105632751706
1193.0 1.1276082882628378
1193.5 1.0401853634374993
1194.0 1.3081600141877492
1194.5 1.1257034612011565
1195.0 1.1294651536051068
1195.5 1.1288198120749664
1196.0 1.0698596720495959
1196.5 1.0320668839893106
1197.0 1.0592161275460306
1197.5 1.1296671720030393
1198.0 1.07432335970796
1198.5 1.1930141732607706
1199.0 1.181192392372508
1199.5 1.1657517438319127
1200.0 1.2064064601293192
1200.5 1.1333180745689417
1201.0 1.1338628150601635
1201.5 1
1202.0 1.134713865210108
1202.5 1.148424874805331
1203.0 1.0581900372125383
1203.5 1.149329567113953
1204.0 1.098504770167028
1204.5 1.1925663292462465
1205.0 1.0365026139872855
1205.5 1.0732888069551745
1206.0 1.0443975853031149
1206.5 1.302705547120471
1207.0 1.156887943588345
1207.5 1.068819716882304
1208.0 1.1235426951733758
1208.5 1
1209.0 1.1157445961390562
1209.5 1.1465304067409883
1210.0 1.1177172957179886
1210.5 1.0495232142275461
1211.0 1.0969666879404407
1211.5 1.1874224860634617
1212.0 1.1184165284578345
1212.5 1.0447242641556307
1213.0 1.0970873264727432
1213.5 1.1367467066737373
1214.0 1.1085150889273918
1214.5 1.0940310632601626
1215.0 1
1215.5 1.1629502758665136
1216.0 1.1327790254285406
1216.5 1.0732220461715722
1217.0 1.115979391543978
1217.5 1.2022681445943384
1218.0 1.2596256672696309
1218.5 1.2040929401332314
1219.0 1.1476156263691681
1219.5 1.0970413979172164
1220.0 1.112454793575406
1220.5 1
1221.0 1.1188554802325303
1221.5 1.1663849968977815
1222.0 1
1222.5 1
1223.0 1.1224366035795161
1223.5 1
1224.0 1.1752020362593378
1224.5 1.099187538017027
1225.0 1
1225.5 1.2474674314305636
1226.0 1.1112256341807627
1226.5 1.0506287481335326
1227.0 1.2640611772532866
1227.5 1.04367990167352
1228.0 1.1089560459295003
1228.5 1.0951233261450906
1229.0 1.1146884690833923
1229.5 1.0012145515682593
1230.0 1.1716045893814
1230.5 1.1339757496515954
1231.0 1.14903481906476
1231.5 1.0875345382755295
1232.0 1
1232.5 1.0971760304788414
1233.0 1.3146467002182525
1233.5 1
1234.0 1.147808449707957
1234.5 1.2243508705066573
1235.0 1.0867345751645425
1235.5 1.1978425229731924
1236.0 1.2018093144604594
1236.5 1.1387608854536058
1237.0 1.131336084223924
1237.5 1.1762244290262973
1238.0 1.167723071940328
1238.5 1
1239.0 1.112900985003983
1239.5 1.0624825237879802
1240.0 1.1747225960853926
1240.5 1.231106120485299
1241.0 1.026486082422359
1241.5 1.1899046221435845
1242.0 1.0817721310645083
1242.5 1.2248828151566553
1243.0 1.0675537328858566
1243.5 1.1347792263460255
1244.0 1.1614370404174292
1244.5 1.177968268535871
1245.0 1.1106166655153817
1245.5 1.1933422649591796
1246.0 1.151057353005955
1246.5 1.112222474518485
1247.0 1.1511288103134163
1247.5 1.0983032263453825
1248.0 1.148043467452812
1248.5 1.0546132779535853
1249.0 1.0797959941874886
1249.5 1.0023630886456047
1250.0 1.0846331650794205
1250.5 1.0258229521616524
1251.0 1.0434253451949909
1251.5 1.072941328437004
1252.0 1.1394785826748381
1252.5 1.1158591826379745
1253.0 1.0582978325844128
1253.5 1.1203591282158742
1254.0 1.1825716788409297
1254.5 1.2131362165713284
1255.0 1.2109126680739495
1255.5 1.1072015327431615
1256.0 1.084349762622727
1256.5 1.0812882156146506
1257.0 1.0479019134262955
1257.5 1.1412121545873881
1258.0 1.0729275861633218
1258.5 1.1468907062876428
1259.0 1.0136480167631978
1259.5 1.136340958509069
1260.0 1
1260.5 1.0431028595744871
1261.0 1.131562108087105
1261.5 1.1217805282803384
1262.0 1.140507928722525
1262.5 1.2716800328588949
1263.0 1.1968517664317626
1263.5 1.132748277332991
1264.0 1.129634379600334
1264.5 1.3270917442761359
1265.0 1.0762052577697587
1265.5 1.039158548004068
1266.0 1.2567059777022018
1266.5 1
1267.0 1.082495376829449
1267.5 1.0428326039481788
1268.0 1.1932978626413924
1268.5 1.0684814203883448
1269.0 1.252976531354658
1269.5 1.0955495211958506
1270.0 1.1566527100714066
1270.5 1.0340460578289614
1271.0 1.0870984130938794
1271.5 1.0585177180547816
1272.0 1.0009314344489815
1272.5 1.0964733415034669
1273.0 1.158134914814878
1273.5 1.0006367113603307
1274.0 1.10449967301662
1274.5 1.2358055594285395
1275.0 1
1275.5 1.069909323944558
1276.0 1
1276.5 1.0637297725418025
1277.0 1.0560053146460509
1277.5 1.0120186982544197
1278.0 1.1509152970684537
1278.5 1.083468818434948
1279.0 1.0999649681310766
1279.5 1.1576425847858367
1280.0 1.0763099013315998
1280.5 1
1281.0 1.0809327302165734
1281.5 1.2330241303652036
1282.0 1.1375994743459805
1282.5 1.1381184449338162
1283.0 1
1283.5 1.1316538437994819
1284.0 1.0849230489504595
1284.5 1.1391900336634047
1285.0 1.1745810013944245
1285.5 1.116573453388496
1286.0 1.0521155898243157
1286.5 1.1114925834325546
1287.0 1.0742357747598659
1287.5 1
1288.0 1.0132483481711798
1288.5 1.1897974585261228
1289.0 1.2276353223041254
1289.5 1.140468451826198
1290.0 1.031094097672113
1290.5 1.1233732982316313
1291.0 1.051593899762098
1291.5 1.1204151757848497
1292.0 1.1831250953372505
1292.5 1.0184852671469915
1293.0 1.1527045525138435
1293.5 1.0985142524167852
1294.0 1.0504222923972426
1294.5 1.1383198881844714
1295.0 1.030160173036787
1295.5 1.0704733168290306
1296.0 1.1411214692594793
1296.5 1.0114954128010607
1297.0 1.0551673392103438
1297.5 1.1821566352598192
1298.0 1.2156165797449727
1298.5 1.1043231007970848
1299.0 1.220010097677911
1299.5 1.1469198180881561
1300.0 1.1021270898082207
1300.5 1.1740420391293827
1301.0 1.2171020071575738
1301.5 1.2693497373064817
1302.0 1.1565882994753691
1302.5 1.2803962991706754
1303.0 1.1609565124832824
1303.5 1.2205217148672844
1304.0 1.1310143720390247
1304.5 1.135670363044509
1305.0 1.047284872264591
1305.5 1.1328947761480335
1306.0 1.0671204240205512
1306.5 1.1309693447305325
1307.0 1.1627962891082957
1307.5 1.201393902266755
1308.0 1.0475909377313095
1308.5 1.1753451281833747
1309.0 1.1122176656247804
1309.5 1.1024228103346565
1310.0 1.1668397191911108
1310.5 1.2555077708758675
1311.0 1.0696436886541927
1311.5 1.0830989665035888
1312.0 1.192651428551946
1312.5 1.0961765325281567
1313.0 1.0257456137188543
1313.5 1.0975055170392851
1314.0 1.1001887642678856
1314.5 1.0261703949505045
1315.0 1.0151855243871681
1315.5 1.1362360157680795
1316.0 1.1298411235173078
1316.5 1.0519114719211626
1317.0 1.0105519262741733
1317.5 1.0047623997025794
1318.0 1.1628677982255828
1318.5 1.270254245205007
1319.0 1.0311120311172521
1319.5 1.1262349535562302
1320.0 1.0239622429833426
1320.5 1.0880908350415375
1321.0 1.188747535547963
1321.5 1
1322.0 1.3414139680512955
1322.5 1.0661674468407836
1323.0 1.096055286817628
1323.5 1.1652581289509223
1324.0 1.1641937116970418
1324.5 1
1325.0 1.084557764192939
1325.5 1.1674286249718095
1326.0 1.1378388473733032
1326.5 1.1049150155475458
1327.0 1.1614505666270942
1327.5 1.1395527186056829
1328.0 1.3093076765973346
1328.5 1.2247553879883688
1329.0 1.113293459481151
1329.5 1.0211126112955045
1330.0 1.0441338338554509
1330.5 1.2491141896735694
1331.0 1.1660015423452408
1331.5 1.2195533478034846
1332.0 1.0689716348218865
1332.5 1.1594060449589643
1333.0 1
1333.5 1.0477424295829612
1334.0 1.203427740890048
1334.5 1.0921608864365684
1335.0 1.302914942922359
1335.5 1.0231177746416904
1336.0 1.2061218651474086
1336.5 1.0789330637359367
1337.0 1.0262287577745723
1337.5 1.1899222970992702
1338.0 1.1095632049248239
1338.5 1
1339.0 1.04412939374161
1339.5 1.116306461809452
1340.0 1.1985919552706727
1340.5 1.0917179791156133
1341.0 1.054311760433909
1341.5 1.189641362472681
1342.0 1.0722844539176666
1342.5 1.1595687596226445
1343.0 1.0519365891306334
1343.5 1.1672367015210372
1344.0 1.2059923456485695
1344.5 1.1541573902683602
1345.0 1.0872431244694059
1345.5 1.1056206209423478
1346.0 1.2086126094933833
1346.5 1.1387214237236019
1347.0 1.0797164706304179
1347.5 1.1101329901541912
1348.0 1.2222930984630356
1348.5 1.1062963992187016
1349.0 1.1954303077237778
1349.5 1.1324165246057905
1350.0 1.019027274632374
1350.5 1.2170432364092476
1351.0 1.0971660047417493
1351.5 1.122305657303295
1352.0 1.0766584273285198
1352.5 1.0028283017178896
1353.0 1.1495800117785102
1353.5 1.1661655914899964
1354.0 1.1862572504187883
1354.5 1.157975381396508
1355.0 1.070527273796436
1355.5 1.2187985926069467
1356.0 1
1356.5 1.1779690932390299
1357.0 1.1678607844490227
1357.5 1
1358.0 1.1739827285465996
1358.5 1.1446712191601496
1359.0 1.123372812133728
1359.5 1.0550572321194496
1360.0 1.1325621680017588
1360.5 1.0508009052097036
1361.0 1.2710710347201664
1361.5 1.1051545029745249
1362.0 1.282657423848983
1362.5 1.0837624652301523
1363.0 1.2843355023974588
1363.5 1.1227493804899185
1364.0 1.2366754003098615
1364.5 1.1543869463444056
1365.0 1.1605738586367487
1365.5 1.15549904147101
1366.0 1.2497669093963877
1366.5 1.035210978308347
1367.0 1.0112505380216685
1367.5 1.0676840906864453
1368.0 1.005021072489569
1368.5 1.0080751618452444
1369.0 1.0080287042805247
1369.5 1.2109083458376322
1370.0 1
1370.5 1.0725433439175114
1371.0 1.2622538966062806
1371.5 1.0171754715675236
1372.0 1.1977207282405162
1372.5 1.1317581574948534
1373.0 1.1327770341240073
1373.5 1.0446612381894416
1374.0 1.042867463055559
1374.5 1.1275295488261512
1375.0 1.0736453684703995
1375.5 1.0820492373490782
1376.0 1.1092343940376972
1376.5 1.121636392846462
1377.0 1.104771885263076
1377.5 1.1560914099913522
1378.0 1.0029092598725156
1378.5 1
1379.0 1.248922023566204
1379.5 1.2022736995205818
1380.0 1.0603636198543736
1380.5 1.1826101452879527
1381.0 1.0900223460699632
1381.5 1.0743013961285406
1382.0 1.0336326032731389
1382.5 1.0665943581867097
1383.0 1.104901049247149
1383.5 1.2178130078879836
1384.0 1.1658433187762345
1384.5 1.2192340884197932
1385.0 1.216457706760448
1385.5 1.1689510120645763
1386.0 1.124681817525058
1386.5 1.1011555168209766
1387.0 1.2129875773321102
1387.5 1.0591324164407485
1388.0 1.077761179650319
1388.5 1.193315400403676
1389.0 1.0652021352933256
1389.5 1.175564798211982
1390.0 1.2447414355707425
1390.5 1.0471261155146463
1391.0 1.051575548315117
1391.5 1.0673605532830077
1392.0 1.0789846543663193
1392.5 1.12632658049353
1393.0 1.1544610337271175
1393.5 1
1394.0 1.2081870365892002
1394.5 1.084761950667072
1395.0 1.1492659885905288
1395.5 1.0954882042585679
1396.0 1.0118484219919734
1396.5 1.1169251974204766
1397.0 1.2360903307693705
1397.5 1.154503970733187
1398.0 1.156013571596251
1398.5 1
1399.0 1.2566831380443781
1399.5 1.1409644264929604
1400.0 1.0400084155118434
1400.5 1.276765931652856
1401.0 1.1028312715121005
1401.5 1.1259322076476983
1402.0 1.0755106925478146
1402.5 1.0597160608555383
1403.0 1.0199687128246633
1403.5 1.1455768197703717
1404.0 1.012426180515964
1404.5 1.073674635559692
1405.0 1.0356271832134865
1405.5 1.1788037808986198
1406.0 1.0576958100363123
1406.5 1.1739056680478095
1407.0 1.0533977675797672
1407.5 1.1423218897391527
1408.0 1.0420315807519533
1408.5 1.0025802248027968
1409.0 1.1511870918562863
1409.5 1.0287058482964058
1410.0 1.0026992428693926
1410.5 1
1411.0 1.0654711514337736
1411.5 1.2838692234439582
1412.0 1.0764392859967904
1412.5 1.0835967132049287
1413.0 1
1413.5 1.2001083357605564
1414.0 1.150098115420691
1414.5 1.1541740940221472
1415.0 1.2347618554878728
1415.5 1.2422372184387256
1416.0 1.303938285007486
1416.5 1.2851978282575702
1417.0 1.0788475937908704
1417.5 1
1418.0 1.051203384121154
1418.5 1.0500517993904182
1419.0 1.179833985171724
1419.5 1.2489439428441562
1420.0 1.1212385485503562
1420.5 1.0303691025230972
1421.0 1.2282789429082446
1421.5 1.1766831262032986
1422.0 1.054550968968757
1422.5 1.0521468180826963
1423.0 1.3598711426278445
1423.5 1.0279180842448783
1424.0 1.2091665650122534
1424.5 1.1504617515582491
1425.0 1.139779335969902
1425.5 1.126092042399884
1426.0 1
1426.5 1.1198662360755836
1427.0 1.2081086540233898
1427.5 1.1935613215491023
1428.0 1.1170908854383526
1428.5 1.071383175058259
1429.0 1.1499993970998976
1429.5 1.1182242629490085
1430.0 1.0439714417906885
1430.5 1.159804176284636
1431.0 1.1361624787885702
1431.5 1.2537869957377517
1432.0 1.2234716024268124
1432.5 1.139781752555931
1433.0 1.0408302219299141
1433.5 1.1318041828606635
1434.0 1.1379111507380644
1434.5 1.0778990356023845
1435.0 1.0831389221366574
1435.5 1.2048682379156037
1436.0 1.3482864553499052
1436.5 1.0917378997239926
1437.0 1.1055166604634872
1437.5 1.2112542009558953
1438.0 1.2199462632177411
1438.5 1.157395145488613
1439.0 1.0174441312548907
1439.5 1.0370554423281184
