0 0.32757012519122913
0.5 1.1045472096660154
1.0 0.9112565013613171
1.5 1.0962217669716527
2.0 0.6818033706036366
2.5 0.6493873936918566
3.0 0.1395928748566082
3.5 1.174686010308319
4.0 0.1
4.5 1.1053005594916838
5.0 1.5
5.5 1.1461678274711369
6.0 1.2057516762261464
6.5 0.1855676709542085
7.0 0.9258230965120043
7.5 0.1
8.0 0.45874907575411294
8.5 0.6954547599969452
9.0 1.5
9.5 0.5303082673830941
10.0 0.9359191694906163
10.5 0.39180385393128325
11.0 0.6086689039098637
11.5 0.19064122221847016
12.0 0.1
12.5 0.4215032063761749
13.0 1.5
13.5 0.22331877679494055
14.0 1.1608080998229644
14.5 0.3154034896812621
15.0 1.5
15.5 0.32800685666278656
16.0 0.3178798373260125
16.5 1.268276622129287
17.0 0.5048848263562046
17.5 1.3187454245167711
18.0 0.7857573559015537
18.5 0.9341345702835941
19.0 0.1
19.5 0.748170434570385
20.0 1.240782532795527
20.5 1.29699143702239
21.0 1.190607766112135
21.5 0.8552802345732913
22.0 1.4913048734083252
22.5 1.5
23.0 0.6305755415170358
23.5 0.7780871740368323
24.0 0.5600358673057523
24.5 0.8040972737069884
25.0 0.5438119867065928
25.5 0.4948237642611812
26.0 0.16379608458009443
26.5 0.5899281135585828
27.0 0.23850279186263923
27.5 0.5726475399856766
28.0 0.7150664584331917
28.5 1.3994663475527422
29.0 0.1
29.5 0.22358195843595535
30.0 0.1
30.5 0.9697497927166737
31.0 0.7441503156919775
31.5 0.1
32.0 0.8046262333815416
32.5 1.1553887086143246
33.0 0.1
33.5 1.3691266166703988
34.0 0.1
34.5 0.9596473265482652
35.0 0.9669956626511759
35.5 0.1
36.0 0.9685551862043837
36.5 1.3130558110726238
37.0 1.5
37.5 1.5
38.0 1.2717818815886173
38.5 0.1
39.0 1.1968632456722488
39.5 1.1481482977218673
40.0 1.5
40.5 0.5522684560729771
41.0 1.5
41.5 1.2294449963364382
42.0 1.3586773174018634
42.5 0.7422048430869894
43.0 0.6919787120197995
43.5 0.5580060743164207
44.0 1.5
44.5 0.814794329188072
45.0 1.1914430622869983
45.5 1.2682490912216255
46.0 0.7584667876080305
46.5 0.5081223086751387
47.0 0.7577078545514695
47.5 0.8577110827695514
48.0 1.5
48.5 0.7849839996857237
49.0 1.273701783196106
49.5 1.2290836077992946
50.0 0.3888959555934875
50.5 0.7286883562743566
51.0 1.025581780095161
51.5 0.5345107595935907
52.0 1.1457833470045398
52.5 0.1
53.0 1.37011099489241
53.5 0.3702053345317352
54.0 0.2566282834296343
54.5 0.22184161957020002
55.0 0.6647993180703318
55.5 0.35771807116793264
56.0 1.5
56.5 0.3589867369911427
57.0 0.6161163385671236
57.5 1.5
58.0 0.2765166185382875
58.5 1.370268625870581
59.0 0.2699626012856886
59.5 0.9556672574640519
60.0 0.1
60.5 0.19997507598796282
61.0 1.5
61.5 0.1
62.0 0.5657120300416917
62.5 0.13989333513611957
63.0 0.2329146126998035
63.5 0.1
64.0 0.44648171564760003
64.5 0.7877761168340166
65.0 0.5440416141466722
65.5 0.1
66.0 1.2799564933611234
66.5 0.1
67.0 0.7013291484478817
67.5 1.5
68.0 0.5593904484112611
68.5 0.4941685679180143
69.0 0.1
69.5 0.9180951033662939
70.0 1.1970570400731315
70.5 0.1
71.0 1.008477128605583
71.5 1.3363898419840878
72.0 1.0103822505254145
72.5 1.0764470841117606
73.0 0.46323069849179327
73.5 0.7536650719959097
74.0 1.3109929055319032
74.5 0.1
75.0 1.0406338587931354
75.5 0.37073508144901635
76.0 0.1
76.5 1.5
77.0 0.9481289283012062
77.5 0.8412129476489296
78.0 0.9578422580870858
78.5 0.5126619413910803
79.0 0.9995112231884045
79.5 0.9721667952034018
80.0 1.4277372610901065
80.5 0.17353456294147923
81.0 1.2740429183568724
81.5 1.0211780520004732
82.0 1.0144852204733468
82.5 0.7197939532492392
83.0 1.5
83.5 1.384157409965514
84.0 1.1070678192714736
84.5 1.0517407243620784
85.0 1.400348479761317
85.5 0.24982575566663628
86.0 0.19979537556821164
86.5 0.6478598370239266
87.0 0.1
87.5 1.0260645554347139
88.0 0.5196707635491786
88.5 1.5
89.0 0.901219700303663
89.5 1.1642132705786121
90.0 1.5
90.5 1.0103947819919097
91.0 0.6198049115586206
91.5 1.0430943990648867
92.0 0.1
92.5 1.3580646233233362
93.0 1.5
93.5 0.1
94.0 0.44957949957064064
94.5 1.4012420239964765
95.0 0.23289398013374768
95.5 0.1
96.0 0.797098452613253
96.5 0.41459567679728676
97.0 0.5602884318885204
97.5 1.0763940290403413
98.0 1.3885316530182255
98.5 1.5
99.0 0.9594933989052343
99.5 0.7530423784025915
100.0 0.4705618210483892
100.5 0.6849488932290261
101.0 0.13694616167123358
101.5 0.8399938367728588
102.0 0.10365636682628776
102.5 0.7500915880071792
103.0 1.5
103.5 0.1
104.0 0.9229850788677565
104.5 0.9623774540324581
105.0 0.1
105.5 1.059462842747141
106.0 0.994046839290868
106.5 0.5799922649456136
107.0 0.8984480439290945
107.5 0.548216406910112
108.0 0.9856698227315586
108.5 0.285514190941944
109.0 0.6056762936268227
109.5 1.4224351964644102
110.0 0.3627174258211341
110.5 0.9138531779723879
111.0 0.1
111.5 0.1
112.0 0.8758243760079581
112.5 0.7787251619183615
113.0 0.40474019909466635
113.5 1.47399457259672
114.0 0.1
114.5 1.5
115.0 1.2639139212869148
115.5 0.1
116.0 1.5
116.5 1.0692050410523732
117.0 0.40131452721742167
117.5 0.1
118.0 0.46721755688464517
118.5 1.5
119.0 0.4523242787029015
119.5 1.5
120.0 0.23740237115191298
120.5 0.9186979727869231
121.0 0.496541418062148
121.5 1.5
122.0 1.5
122.5 0.43308204799003486
123.0 0.18122445285901534
123.5 0.962779171988316
124.0 1.5
124.5 0.12364187299486223
125.0 0.4807859520274162
125.5 1.1723232910989843
126.0 0.3082990512323472
126.5 1.3732933645257406
127.0 0.6508858984159552
127.5 0.1
128.0 1.2151260669300838
128.5 0.1
129.0 0.15038452640133443
129.5 1.2225767972885304
130.0 0.7153365018655609
130.5 0.4605037285732662
131.0 1.1764574838865578
131.5 0.7055061785083524
132.0 1.1267274403349514
132.5 1.3464183757945554
133.0 1.5
133.5 1.5
134.0 1.0670103875429016
134.5 0.469512031429865
135.0 1.3931077026763248
135.5 0.788243749397121
136.0 1.5
136.5 0.40622465224729964
137.0 0.1768725666165879
137.5 0.3330048859717078
138.0 1.0762083897677948
138.5 0.5819402019820352
139.0 0.8324980542158011
139.5 1.0427409901987115
140.0 0.8442883454361023
140.5 0.260920720372696
141.0 0.5766014369107784
141.5 0.5787564952592195
142.0 0.5198641692335906
142.5 1.1251859716522123
143.0 1.5
143.5 0.1
144.0 0.1
144.5 0.27059385022435695
145.0 1.0842449673577241
145.5 0.8726474035727779
146.0 0.32902549615015536
146.5 0.1
147.0 0.1
147.5 0.1784198806917377
148.0 0.6395080516098551
148.5 1.5
149.0 1.5
149.5 0.49504459134056533
150.0 0.8876507538551037
150.5 1.4549518138945863
151.0 0.793020626746724
151.5 1.4927935381267616
152.0 0.1
152.5 0.5672496021328101
153.0 0.1
153.5 0.6926773373232162
154.0 0.1
154.5 0.1
155.0 0.1
155.5 0.5344700134573096
156.0 1.291033954352816
156.5 0.1
157.0 0.6859365073416436
157.5 0.6304319614219702
158.0 1.28608416704116
158.5 0.6643689106333811
159.0 1.5
159.5 1.5
160.0 0.7231012719470372
160.5 0.5590520051720164
161.0 1.3249366343644322
161.5 0.7482484426222432
162.0 0.1
162.5 1.3298824952839476
163.0 1.3710401537591754
163.5 0.9947722944963655
164.0 0.940853203950902
164.5 1.5
165.0 1.0520056978460293
165.5 1.4646187394402261
166.0 1.447216097266215
166.5 1.5
167.0 1.3367104407392603
167.5 1.2096421057717786
168.0 0.3698012102747177
168.5 0.6973938631136489
169.0 0.3675941454846936
169.5 1.200567934652261
170.0 0.9105170902793149
170.5 0.8999073331785424
171.0 0.6204413752971745
171.5 1.3009449826428539
172.0 1.2098001503219342
172.5 1.5
173.0 0.1
173.5 1.5
174.0 1.5
174.5 0.3392455369074353
175.0 0.2790406030736601
175.5 0.5953768071295407
176.0 0.7029872930152941
176.5 1.2605514190213554
177.0 0.4917957575904119
177.5 0.26546244695424803
178.0 0.5122959449832541
178.5 0.9620979182551206
179.0 0.4501952627772243
179.5 1.5
180.0 0.21827411432600713
180.5 0.5969345540013962
181.0 0.8554451582452727
181.5 1.5
182.0 1.378405704973818
182.5 0.1875772875879741
183.0 1.5
183.5 0.1
184.0 1.252491753083852
184.5 0.7568166288369984
185.0 0.1
185.5 0.34651876264584547
186.0 0.8948234311044014
186.5 0.9058959720353921
187.0 0.1
187.5 0.7325579540552105
188.0 1.5
188.5 0.1632275384657309
189.0 0.25524411636397937
189.5 0.8907543640562724
190.0 0.7702199193826929
190.5 0.47131393280908823
191.0 0.1
191.5 1.5
192.0 0.857683510839395
192.5 0.1
193.0 0.1
193.5 1.5
194.0 1.2347379925917523
194.5 1.4415581832309021
195.0 0.5560428937773128
195.5 1.5
196.0 0.761170801730669
196.5 0.7972538362171984
197.0 1.210574898407561
197.5 1.2779921015168452
198.0 0.6034828293877952
198.5 0.36839906300391156
199.0 0.5423437350080791
199.5 1.2216021864170576
200.0 0.3621679118435296
200.5 1.438352047779425
201.0 0.6479838467206259
201.5 0.3233561546103265
202.0 0.7669496533085918
202.5 0.1725126321525669
203.0 0.1
203.5 0.6261387655155479
204.0 0.8027998852604381
204.5 0.26811627848075625
205.0 1.5
205.5 0.1
206.0 0.9637477409303308
206.5 1.5
207.0 0.15483272530920023
207.5 0.7432551892359908
208.0 1.5
208.5 0.7086893926547748
209.0 0.1
209.5 0.665571017378701
210.0 0.5614805171782046
210.5 0.17078884281424844
211.0 1.2225129352402972
211.5 0.7471422208276466
212.0 1.3363084032391965
212.5 1.1735454056267587
213.0 0.12959124584151327
213.5 1.052550357940612
214.0 0.2476011353879315
214.5 1.172579958754382
215.0 0.11146964083863875
215.5 0.7615238620025061
216.0 1.2345366973070537
216.5 1.0619335813020094
217.0 1.3863757889361223
217.5 0.6767428943214633
218.0 0.4295140206780697
218.5 1.5
219.0 0.7691935847086184
219.5 0.8389315783783844
220.0 0.30335628303615475
220.5 1.3943167733607522
221.0 0.1
221.5 0.659158685683443
222.0 0.46564210191524313
222.5 0.8094902429375845
223.0 1.1439904472842874
223.5 0.9933862147312726
224.0 1.121157714058419
224.5 1.10435544064958
225.0 0.819954289252603
225.5 0.5369622753136376
226.0 1.239400593363412
226.5 1.4453051227297176
227.0 0.8267155283737844
227.5 1.5
228.0 0.1
228.5 1.4820997934236249
229.0 0.8112621576832499
229.5 0.1
230.0 0.14162585369424424
230.5 0.33434374929849175
231.0 1.5
231.5 1.0238335060607868
232.0 0.1
232.5 0.9392365658316657
233.0 0.9308230537724447
233.5 0.8458803735991862
234.0 1.2246005859155384
234.5 0.4642520694541624
235.0 0.6152290138466698
235.5 1.1310102251794993
236.0 0.23947586469631887
236.5 1.2250643260839806
237.0 0.35192841194128055
237.5 1.5
238.0 0.5595971714089865
238.5 1.4746197419628342
239.0 0.886726820149794
239.5 0.1
240.0 1.5
240.5 1.2568626823130309
241.0 0.966301402715403
241.5 1.0108913282939647
242.0 1.0643580016141885
242.5 0.5102608189999378
243.0 0.5874497154642722
243.5 0.48090161107600193
244.0 0.1383100659149264
244.5 1.3561808734394434
245.0 0.8809351395063829
245.5 1.5
246.0 0.1
246.5 0.1
247.0 1.2941192506950168
247.5 0.6784198839048613
248.0 0.8645674013376692
248.5 0.5923591281365965
249.0 1.105650414362924
249.5 0.9389629935088901
250.0 1.0241549665259464
250.5 0.8351315434413414
251.0 0.1
251.5 1.2617863088256591
252.0 1.352694538137918
252.5 1.1836469437675448
253.0 1.5
253.5 1.479828314813727
254.0 0.5237983140585776
254.5 0.8858957563870515
255.0 1.5
255.5 0.4521669846561911
256.0 0.7213704409073305
256.5 0.6547816458001574
257.0 1.5
257.5 0.9398642717354365
258.0 0.5019962815321485
258.5 1.5
259.0 0.9151112917144401
259.5 0.1
260.0 0.4601788836596966
260.5 1.3688069667917881
261.0 0.44211176283825093
261.5 0.9405007113772825
262.0 0.18427898315259628
262.5 1.2915244023926182
263.0 0.3472751260163554
263.5 0.40676779017069115
264.0 0.1
264.5 0.8922238928592894
265.0 0.4603819346504693
265.5 0.5795708705645373
266.0 1.1954667747003156
266.5 1.3700755195640582
267.0 0.5090361678479813
267.5 0.34900697383515367
268.0 1.0262377573213208
268.5 1.5
269.0 1.0885477948476392
269.5 0.4720112273649006
270.0 0.6043668133736626
270.5 1.5
271.0 1.5
271.5 0.8812524068761773
272.0 1.5
272.5 0.9144552170353434
273.0 0.21640019775506342
273.5 0.1
274.0 1.246904255289111
274.5 0.21246140473923153
275.0 0.9144760959072623
275.5 0.40133066093854425
276.0 0.8731721135126411
276.5 0.1
277.0 0.4405967925468708
277.5 1.0295470546743397
278.0 1.5
278.5 0.1
279.0 1.4209478302989949
279.5 1.3728887156780067
280.0 1.5
280.5 0.5818265930155386
281.0 0.1604680216352085
281.5 1.5
282.0 0.1
282.5 1.5
283.0 0.19347034411728936
283.5 0.8533403299700425
284.0 0.19344252857722272
284.5 1.5
285.0 1.5
285.5 0.2702304434026917
286.0 0.1533218808229197
286.5 0.3006908408144532
287.0 1.5
287.5 0.7501519867575328
288.0 0.8672427108672387
288.5 0.5442187845474975
289.0 0.7943628430532499
289.5 1.4514841822800955
290.0 0.5602004821068709
290.5 1.2536038339017685
291.0 1.084367636637085
291.5 0.8652776720428151
292.0 0.695864378016265
292.5 1.3408810811964733
293.0 0.5154250571134643
293.5 1.0761963089338797
294.0 1.3525540234003695
294.5 0.540918921335085
295.0 1.3830479426436972
295.5 0.6313944906392748
296.0 0.42927543866801954
296.5 0.5493146846238212
297.0 0.38888639752386855
297.5 1.5
298.0 0.7699495322488478
298.5 0.1
299.0 0.22914269507086837
299.5 1.5
300.0 1.3014377896278566
300.5 0.7126209321499013
301.0 1.0103916342211765
301.5 0.3220401875265357
302.0 0.18992005140187307
302.5 1.0242968098182865
303.0 1.319723648691342
303.5 1.0478763559382942
304.0 0.8201370724624362
304.5 0.2523000360646081
305.0 0.7187368966608171
305.5 0.6530518912155312
306.0 0.3509635680724608
306.5 0.1
307.0 0.228834654311863
307.5 1.5
308.0 1.174831759353085
308.5 0.6213857360132526
309.0 0.10398346484701465
309.5 0.5189580455417673
310.0 0.5216133253380448
310.5 1.2647469335668042
311.0 0.6912245405405262
311.5 0.7740008700272103
312.0 0.1
312.5 0.1
313.0 0.12843387502482054
313.5 0.9087846329962019
314.0 0.8782579250540031
314.5 0.3060484994623172
315.0 0.8580465014150784
315.5 0.48629715039915966
316.0 0.5761826168534709
316.5 1.266563761542468
317.0 1.5
317.5 0.1871799085076309
318.0 1.4494457807505399
318.5 0.5019598641450862
319.0 0.6697808725045733
319.5 0.5302781867305835
320.0 0.6683864700815992
320.5 0.5634575565353234
321.0 0.3721481444615678
321.5 1.5
322.0 1.1133514647953446
322.5 0.2745108528424585
323.0 1.5
323.5 0.5089194505857318
324.0 0.5094557545368328
324.5 1.3246652410446034
325.0 1.5
325.5 0.9646723125893819
326.0 1.4483808467868384
326.5 0.5833456324051116
327.0 1.0134680744123787
327.5 1.2418604083334874
328.0 0.1
328.5 0.8548337392837599
329.0 1.1546647746869811
329.5 0.18950053927621993
330.0 0.39163518442239054
330.5 0.1270843669126549
331.0 0.5394703948698211
331.5 0.5284247802275521
332.0 0.8950246812290528
332.5 1.3757678238100928
333.0 0.3519675678555433
333.5 0.1
334.0 0.5167671536802685
334.5 0.7654855150051166
335.0 0.1
335.5 0.1
336.0 0.23292540542091766
336.5 0.6210660622636883
337.0 1.5
337.5 0.8550714233749327
338.0 1.1534793301220732
338.5 1.0235836683511832
339.0 1.5
339.5 1.5
340.0 0.8078715288629346
340.5 1.1145856748121834
341.0 1.5
341.5 1.0811670221902263
342.0 0.1378067661352822
342.5 0.5764201783750784
343.0 1.1432544802631524
343.5 1.5
344.0 0.42585331312763725
344.5 1.5
345.0 0.10111035946115277
345.5 0.3477900101954757
346.0 0.14418755691970134
346.5 1.1802439550443942
347.0 0.7143271446253738
347.5 1.5
348.0 1.0202168042147925
348.5 0.570643072176107
349.0 1.5
349.5 1.0445626662704217
350.0 0.3300348753734465
350.5 0.7494152834427239
351.0 0.2620419218459444
351.5 0.6527965700004232
352.0 1.5
352.5 1.5
353.0 0.9527070168420517
353.5 0.1
354.0 0.7142010031934594
354.5 1.3174956642595383
355.0 0.2754011187661882
355.5 0.7568481897326176
356.0 1.5
356.5 1.5
357.0 0.1
357.5 0.28410385337221633
358.0 0.976548841307062
358.5 1.5
359.0 0.1
359.5 1.5
360.0 0.8335386724326834
360.5 0.7487450316072393
361.0 1.5
361.5 0.5112976116647134
362.0 0.9926635568381852
362.5 1.1658382905178926
363.0 0.4570486448353486
363.5 1.0355871237018206
364.0 0.1
364.5 1.3891903494517748
365.0 0.9872736501784165
365.5 1.060206867105726
366.0 0.1
366.5 0.23947619118361685
367.0 1.3954137714656198
367.5 1.5
368.0 1.5
368.5 1.1419177657085429
369.0 1.1950226943461801
369.5 1.0416378346504247
370.0 1.5
370.5 0.482676903265256
371.0 1.5
371.5 0.869933276156637
372.0 1.4355600163448967
372.5 0.1
373.0 0.9465343616962684
373.5 1.018741022229249
374.0 1.5
374.5 0.7783803139847887
375.0 0.8500457471254494
375.5 1.3714188336904667
376.0 0.1
376.5 0.1
377.0 1.3328116919209079
377.5 0.11186076286080615
378.0 0.8612045453639273
378.5 1.0658331717873253
379.0 0.9483935201976899
379.5 1.481022575903466
380.0 0.1
380.5 1.5
381.0 0.7484599766558584
381.5 0.1
382.0 1.484879227364813
382.5 0.1
383.0 0.6945252157407111
383.5 1.1729066017835605
384.0 1.254275680545026
384.5 1.1153322418996041
385.0 1.5
385.5 1.1861847648569648
386.0 0.1
386.5 1.1003663878057712
387.0 0.6671930561070649
387.5 0.3423769706264191
388.0 1.1169714685266074
388.5 1.402282345104435
389.0 1.3859045097414395
389.5 1.5
390.0 0.5158925505131997
390.5 1.3196888765884942
391.0 1.1487521344606253
391.5 0.9424544176447057
392.0 1.0539330843240233
392.5 0.9205682721182233
393.0 0.9481700270928048
393.5 0.1
394.0 0.49130601904107546
394.5 0.1
395.0 1.5
395.5 1.5
396.0 0.6824517145300364
396.5 0.42358168895421233
397.0 1.4523216300019166
397.5 0.7404552973874623
398.0 0.7121285463837783
398.5 0.2455662383742125
399.0 0.1
399.5 0.983599352520795
400.0 0.1
400.5 1.2196054642304786
401.0 1.5
401.5 0.10107945142524533
402.0 1.1208800838982798
402.5 0.1
403.0 0.7825547762417786
403.5 0.4172706340066649
404.0 0.6331579872644948
404.5 0.1
405.0 0.6541315492795678
405.5 0.8564472415677709
406.0 1.5
406.5 1.3390780707554915
407.0 0.49060467789884576
407.5 0.801134581884047
408.0 1.1756146882496936
408.5 0.1
409.0 1.5
409.5 0.8327894571822461
410.0 0.6015986589072191
410.5 1.365227624136168
411.0 0.1
411.5 1.3409998938843817
412.0 0.1
412.5 1.5
413.0 0.13662654873944746
413.5 0.7951057047400756
414.0 0.38259143458944755
414.5 1.5
415.0 1.429705255497315
415.5 0.7779301104555488
416.0 0.1
416.5 0.7607502326143017
417.0 0.1
417.5 1.2221851776796973
418.0 0.8718076101508414
418.5 0.7091059561921129
419.0 0.7828689429712727
419.5 0.7925306603650721
420.0 0.719003990569684
420.5 0.5748226065596603
421.0 0.5995255163443876
421.5 0.8363584327348819
422.0 1.5
422.5 0.35778128925121805
423.0 1.5
423.5 0.6391731225087341
424.0 0.1
424.5 0.7468748623528432
425.0 0.1
425.5 0.638842961093891
426.0 1.5
426.5 0.6803255842224332
427.0 0.9037761109210891
427.5 0.2843064979226984
428.0 0.15878345711336378
428.5 0.9930085891177219
429.0 1.0946672763950556
429.5 0.6260950801574449
430.0 0.12563816244210402
430.5 0.637400745772892
431.0 0.7415761170895876
431.5 1.3397665665036023
432.0 0.9155886081256801
432.5 0.20405487114099358
433.0 0.7558450339618673
433.5 0.1218071964682004
434.0 1.053998954103308
434.5 0.7031771653301669
435.0 0.9803346531893276
435.5 0.9985661146207541
436.0 1.2614869465518008
436.5 0.1
437.0 1.5
437.5 0.8306825991112576
438.0 0.1
438.5 1.5
439.0 0.1
439.5 1.3537645508184775
440.0 1.5
440.5 0.46400927287883514
441.0 1.5
441.5 1.1778048245363668
442.0 1.225405428957604
442.5 0.37462942427036305
443.0 1.3439166198730406
443.5 1.360383171660779
444.0 0.24071799730049065
444.5 0.6559327956329609
445.0 0.1
445.5 1.5
446.0 1.29683012141719
446.5 0.649797123666997
447.0 0.9713586082920791
447.5 1.2502794989360009
448.0 1.2353664559810988
448.5 0.7185716445820718
449.0 0.1
449.5 1.3724236042663711
450.0 0.9422283248950111
450.5 0.11634852075601348
451.0 0.6468933084660298
451.5 1.4608794250110964
452.0 0.1
452.5 0.6141158901193569
453.0 1.5
453.5 1.325219474217887
454.0 1.348283366497489
454.5 1.0412058564533575
455.0 1.0971870740105936
455.5 1.049397486973036
456.0 1.5
456.5 1.189800025677402
457.0 0.3012820556587231
457.5 0.8195382001503622
458.0 0.42577768752886863
458.5 1.5
459.0 1.5
459.5 0.41530315388815514
460.0 1.1733396983936872
460.5 1.1860341855013998
461.0 1.0342332748343586
461.5 1.3391282414117498
462.0 0.3487788556753976
462.5 1.4314660398622805
463.0 0.9495710772322098
463.5 0.6176291108203189
464.0 1.5
464.5 1.0367788140604088
465.0 0.855401347176891
465.5 0.696459453733746
466.0 1.3698975664449344
466.5 0.8679716901864707
467.0 0.438437602459032
467.5 1.2905723578234078
468.0 0.2614656798632564
468.5 0.1
469.0 1.5
469.5 1.3424061725618903
470.0 0.1
470.5 0.726546243163144
471.0 0.7366773641632873
471.5 1.3308443820198286
472.0 0.30756000436816594
472.5 0.17757654323125277
473.0 0.6588435275836633
473.5 0.6158836900601784
474.0 1.2722949310237746
474.5 1.0157354052944205
475.0 1.2839484613405923
475.5 0.6683577046300381
476.0 1.0407171646505589
476.5 0.2078157546368689
477.0 1.374351824412659
477.5 0.1
478.0 0.7773915897009975
478.5 0.7325580902685263
479.0 0.928449626077166
479.5 0.23919564468408472
480.0 0.9551119370990402
480.5 0.6252144512711039
481.0 0.884398893199534
481.5 0.8133120444552119
482.0 0.8824974452950931
482.5 1.0327953876433587
483.0 0.7438049188971966
483.5 1.4767646235954235
484.0 0.9051955367205515
484.5 0.5276346655535487
485.0 0.36769336613840675
485.5 0.1
486.0 1.3039748047162922
486.5 0.1
487.0 1.3059296394171012
487.5 0.1
488.0 0.2795459372149007
488.5 0.5804900534726856
489.0 1.3519997752883923
489.5 0.5090777739913439
490.0 1.5
490.5 1.0801464186389034
491.0 0.9604186136131703
491.5 0.5272515774353363
492.0 0.1
492.5 0.2403706995509826
493.0 0.38424517046395607
493.5 1.3477588578870825
494.0 0.5590389984523567
494.5 0.33553291098247534
495.0 0.1
495.5 0.9533987433992178
496.0 0.7027018524169244
496.5 1.4033090185256796
497.0 1.049526853813557
497.5 0.1
498.0 1.2146439623384953
498.5 1.0247885150877243
499.0 0.1
499.5 0.1
500.0 1.1672929671125243
500.5 1.2109476877943035
501.0 0.5020409885683268
501.5 0.3377957470890557
502.0 0.982828229404159
502.5 0.5745844390216677
503.0 1.5
503.5 0.2934232439270555
504.0 0.8190257638804779
504.5 0.3321530202646472
505.0 0.5135026501086439
505.5 0.1
506.0 1.3207010622291975
506.5 0.9564855910001743
507.0 0.47060117083215364
507.5 0.7921255798370503
508.0 0.8224283505937844
508.5 0.957811067333427
509.0 0.9142445561153172
509.5 0.1
510.0 0.1
510.5 1.1461512328109407
511.0 0.8659332984346748
511.5 0.7701267180750082
512.0 1.0502377556929887
512.5 0.7431213778075147
513.0 0.7806577502685401
513.5 1.0256725546940852
514.0 0.7945186398127624
514.5 0.9774487927216513
515.0 0.7163995890351371
515.5 0.6946434891631974
516.0 1.5
516.5 0.1
517.0 1.1393460353106164
517.5 0.1
518.0 0.1
518.5 0.8332328817481203
519.0 0.8650835592757471
519.5 0.6169008021678888
520.0 0.1
520.5 1.1763613301129614
521.0 0.5031608164344756
521.5 1.5
522.0 0.8638001408736868
522.5 0.1
523.0 1.153760200179176
523.5 0.3682527982720879
524.0 0.22555249464623156
524.5 1.3455289879522534
525.0 1.2297282482801646
525.5 1.3055139039605066
526.0 1.1302059605033725
526.5 0.13934398161005856
527.0 1.0296135597184313
527.5 1.5
528.0 1.5
528.5 0.3105570825100524
529.0 0.919414774852414
529.5 1.2560465199119806
530.0 1.5
530.5 1.4848558269659693
531.0 0.13298365375252252
531.5 0.2765495979214756
532.0 1.020327497414504
532.5 0.1
533.0 0.17940212442455533
533.5 1.166884385537991
534.0 0.9880516469027133
534.5 1.5
535.0 1.06209444535812
535.5 1.5
536.0 0.1
536.5 0.6770378005394995
537.0 0.13739575659405856
537.5 0.5296373792322387
538.0 1.4646075016025417
538.5 1.5
539.0 0.7180268116942323
539.5 0.8850051840060655
540.0 0.6132633231134721
540.5 0.6798821998413267
541.0 1.2736686407949667
541.5 1.5
542.0 1.00584973662317
542.5 0.1
543.0 0.21589612373009975
543.5 0.6268500994574273
544.0 0.3463788342853008
544.5 1.2919385077443004
545.0 1.3381872712770209
545.5 0.6403667222532932
546.0 0.618712929899442
546.5 0.4329536339574973
547.0 0.7233442927985663
547.5 0.1
548.0 0.1
548.5 0.5059283387877866
549.0 0.8411978709360254
549.5 0.766575662559689
550.0 0.8403655363530212
550.5 0.5001099971682785
551.0 1.2852596328036041
551.5 0.12788751520888808
552.0 0.8154118069902911
552.5 0.6178538913253633
553.0 1.026313982153817
553.5 1.5
554.0 0.1
554.5 1.420366362860635
555.0 1.116229617120175
555.5 0.5086281562389938
556.0 1.365659661422728
556.5 0.15149987132386677
557.0 0.1
557.5 0.938645294294875
558.0 1.2976261820387642
558.5 0.3471083038884142
559.0 0.6411896485110959
559.5 0.33417587171056656
560.0 0.64166504599105
560.5 1.035695826660799
561.0 1.2819458750254018
561.5 1.5
562.0 0.48167030299006564
562.5 1.2189121069774649
563.0 0.5355370377619155
563.5 0.6660246333824047
564.0 0.6362729448229278
564.5 1.5
565.0 0.5579021240201134
565.5 0.1856929455584771
566.0 0.5353306373869885
566.5 0.4324679527540052
567.0 1.1269473132087409
567.5 1.5
568.0 0.8353400184576172
568.5 0.1062827956163897
569.0 1.2421222069003859
569.5 0.1
570.0 0.43169255895972186
570.5 0.5236252361178669
571.0 1.4945011763759593
571.5 0.1
572.0 0.45241122158522784
572.5 1.244184175366774
573.0 0.7993361599900507
573.5 0.1
574.0 0.6655237668161587
574.5 1.0985721588012543
575.0 1.0624789970292352
575.5 1.2876825752905086
576.0 1.0261819967529282
576.5 0.570795010879024
577.0 0.11589965493715493
577.5 0.3903631863548185
578.0 1.3880912250324362
578.5 1.1334130783179432
579.0 0.6168383434196112
579.5 0.1
580.0 0.568911115236331
580.5 0.6464480223447541
581.0 0.8211631798215951
581.5 0.5943828140797636
582.0 0.8107652313863164
582.5 0.1
583.0 0.9148929332579999
583.5 1.0200938557774888
584.0 1.3354639218131172
584.5 0.38444437673950155
585.0 1.5
585.5 0.6099542569801766
586.0 0.624850394120394
586.5 1.5
587.0 0.21696237149828335
587.5 0.1
588.0 0.6872437961598151
588.5 0.3955475776969023
589.0 1.0876886173928246
589.5 0.8594476519775134
590.0 0.9261386223597545
590.5 0.16084883048562892
591.0 0.1
591.5 1.159217498456895
592.0 1.5
592.5 0.3616516749614958
593.0 0.6426840889544905
593.5 0.5267331130402394
594.0 1.4338191117146974
594.5 0.9664994128445153
595.0 1.5
595.5 0.7315445992085525
596.0 0.7971480756414261
596.5 1.045782313312301
597.0 1.2797683122278751
597.5 0.2988539192647251
598.0 1.5
598.5 0.9119832742960371
599.0 1.5
599.5 0.1
600.0 0.8189301900253017
600.5 1.455012354689223
601.0 0.5690891487457794
601.5 1.140742196951575
602.0 0.82930930209987
602.5 1.1534121804994069
603.0 0.3095624010827515
603.5 0.4316720200460876
604.0 1.050199461027211
604.5 1.1027092912951633
605.0 0.5479439820286705
605.5 1.5
606.0 0.42024669836421186
606.5 1.40208136051139
607.0 1.3552921854282332
607.5 0.9706892060878551
608.0 1.5
608.5 0.4516874809214303
609.0 0.3952755556242969
609.5 0.1
610.0 0.1
610.5 1.020241638962068
611.0 0.9263808601265905
611.5 0.5126521351703962
612.0 0.9661589502597092
612.5 0.7985237634700397
613.0 0.1
613.5 1.5
614.0 0.3414082914181948
614.5 0.6417060903371906
615.0 0.1
615.5 0.39297914697120295
616.0 1.4360715688277692
616.5 0.8020643100056108
617.0 1.0087282395413089
617.5 1.2879233842167812
618.0 1.4092742500434718
618.5 0.1
619.0 0.614207413605327
619.5 0.4313147758664994
620.0 1.2963943174044223
620.5 0.1
621.0 0.6032201063732039
621.5 1.213366505074457
622.0 0.737323200526257
622.5 1.5
623.0 1.2624513276559268
623.5 0.44122567742012053
624.0 0.1
624.5 0.1
625.0 0.25800530008045114
625.5 0.3917532266262375
626.0 0.7347032110369479
626.5 1.2367800656653118
627.0 0.4590560426643242
627.5 1.0381372469167596
628.0 0.1
628.5 1.5
629.0 1.5
629.5 0.9255029491503772
630.0 0.1
630.5 0.30870004503636134
631.0 1.070170510864079
631.5 0.2973716242494818
632.0 0.20138540021448872
632.5 0.9461075749056551
633.0 1.5
633.5 1.1548103087612602
634.0 1.379621774651212
634.5 0.7612835819660628
635.0 1.5
635.5 1.4418598606947353
636.0 1.0346359290581806
636.5 1.2083534455282572
637.0 1.1343526302524434
637.5 1.2704132217965687
638.0 1.4546269840048005
638.5 1.09692885056418
639.0 0.4468321111701974
639.5 0.9695109197694767
640.0 1.5
640.5 0.1
641.0 0.1
641.5 0.5241655570692769
642.0 0.31639519404917316
642.5 0.6546509547507174
643.0 0.6468541176670753
643.5 1.234642277429235
644.0 0.8209700344162997
644.5 0.41977150117158435
645.0 1.5
645.5 0.9935695402619655
646.0 0.1
646.5 0.6953206847290936
647.0 1.5
647.5 0.3715373271007072
648.0 0.6280326896575059
648.5 1.5
649.0 0.8698987698874318
649.5 0.28099881086956496
650.0 1.3934710928855543
650.5 1.3668738036280428
651.0 0.9575359612532184
651.5 0.35364653817262415
652.0 0.5700771207753434
652.5 0.7758185014361848
653.0 0.1
653.5 0.15416852139566029
654.0 0.26695602200236535
654.5 0.1
655.0 0.1
655.5 1.138231419764967
656.0 0.8048640507085223
656.5 0.7957335286645202
657.0 0.5368485600743167
657.5 0.1
658.0 1.114019901511825
658.5 0.4579137931500921
659.0 0.11027773970032212
659.5 0.8864470532900157
660.0 1.4707808327561347
660.5 0.26726681584155254
661.0 0.1
661.5 0.5831181795438377
662.0 0.6148135247496367
662.5 0.941437074999123
663.0 0.31156262468888096
663.5 0.40127720388142163
664.0 0.7925377485143276
664.5 0.4513186187833874
665.0 1.4731110493847086
665.5 0.2540320087435682
666.0 1.5
666.5 0.7605842885894111
667.0 0.5446570256480152
667.5 1.1743620188726205
668.0 0.1
668.5 1.353430738027008
669.0 1.5
669.5 1.316957494070765
670.0 0.38287101773009696
670.5 0.6408237817264263
671.0 0.3438940555287252
671.5 1.5
672.0 0.34829495576454406
672.5 1.2951803446371137
673.0 0.24098416528847066
673.5 0.8861168119457192
674.0 1.5
674.5 0.7418235918724045
675.0 1.359274709073628
675.5 0.5557212374066132
676.0 0.6980199883217248
676.5 0.9295719043683486
677.0 0.9763791002228164
677.5 0.5648696012684099
678.0 0.2954945664712781
678.5 1.5
679.0 0.22374900736066067
679.5 0.6840296745437582
680.0 0.6100388063901125
680.5 0.22412473191584936
681.0 0.8631888250860715
681.5 1.2214133310807473
682.0 0.6579764587968838
682.5 0.21342665471681865
683.0 0.1
683.5 0.8232052816107089
684.0 0.2389280347017217
684.5 0.8982034872507662
685.0 1.2627956635468096
685.5 0.6023427690552696
686.0 1.2452953165641345
686.5 0.3460409635677548
687.0 0.8971273081295215
687.5 0.22210886467538887
688.0 0.8875700671424331
688.5 1.1544939472294606
689.0 0.6407173336240881
689.5 0.1
690.0 1.1850527199432324
690.5 0.9555041422460764
691.0 0.8249574816642181
691.5 0.9050196680421287
692.0 0.4365920577453229
692.5 0.8090833555148853
693.0 0.8525090617015157
693.5 1.1320721176009036
694.0 0.5493249333448404
694.5 0.1
695.0 1.0087583819731332
695.5 0.5593520426427561
696.0 0.8558121036020816
696.5 1.2255178235373658
697.0 0.7904907823544104
697.5 0.13243907029448576
698.0 1.5
698.5 0.3938107230202769
699.0 0.1
699.5 0.3970323719385178
700.0 1.103167347144356
700.5 0.7034051559431749
701.0 1.5
701.5 0.6462375817603195
702.0 0.548149041312837
702.5 1.042487696970792
703.0 0.1
703.5 1.1287881904102792
704.0 0.5696821645683655
704.5 1.5
705.0 0.6781658460251483
705.5 1.5
706.0 0.1
706.5 0.417623320777368
707.0 0.16685433753359658
707.5 0.2553993768321715
708.0 0.1
708.5 0.37140853698527293
709.0 1.2191628277684279
709.5 0.8570628833828263
710.0 0.6011505336498242
710.5 0.9382107210674193
711.0 1.0332835756050711
711.5 1.5
712.0 0.6800183682976543
712.5 1.5
713.0 1.5
713.5 1.5
714.0 1.1353386105860432
714.5 0.7738539712213152
715.0 1.5
715.5 0.1
716.0 0.8605171061823803
716.5 1.4054133875033552
717.0 0.31673438414434874
717.5 1.5
718.0 0.1
718.5 1.1150130274300643
719.0 0.739656054488951
719.5 0.5050036898586103
720.0 0.7684585450005743
720.5 1.5
721.0 0.7047549961644233
721.5 1.5
722.0 0.1
722.5 1.202153931585195
723.0 1.5
723.5 1.5
724.0 0.6797953113643757
724.5 0.1
725.0 1.5
725.5 0.32658190104002666
726.0 0.9803462214033194
726.5 0.8672067046749998
727.0 0.1
727.5 0.5110226439812842
728.0 1.2061648541034662
728.5 0.4853938465518421
729.0 1.4653578508580016
729.5 1.0035535569877134
730.0 1.5
730.5 1.133943504212283
731.0 0.7525426520977845
731.5 0.6772162290035618
732.0 0.2719454916445739
732.5 0.7945539420654171
733.0 0.8250351422602092
733.5 0.40547887413611516
734.0 0.3200733584268542
734.5 1.5
735.0 0.7568391704340083
735.5 0.884382690554097
736.0 0.43241147835271193
736.5 0.7955257005741236
737.0 1.5
737.5 1.5
738.0 1.0422742774163523
738.5 1.5
739.0 0.22513824818627787
739.5 1.2142060894058615
740.0 1.5
740.5 0.1
741.0 1.5
741.5 1.1744136181705396
742.0 0.3433502100497891
742.5 1.3937939090776217
743.0 0.40497734213540076
743.5 0.1
744.0 1.2085534267807256
744.5 0.10017115627312556
745.0 0.1
745.5 1.5
746.0 0.8339094895817181
746.5 1.5
747.0 1.5
747.5 1.5
748.0 1.0651634830463617
748.5 0.6058746505076996
749.0 1.5
749.5 1.5
750.0 1.1530828175810544
750.5 0.4674255261494147
751.0 0.5100669121672144
751.5 0.12347824420871262
752.0 0.1
752.5 0.9611779879043979
753.0 0.3600868234352942
753.5 0.7063248929045387
754.0 0.7029606553102224
754.5 1.5
755.0 1.5
755.5 0.6425188931590191
756.0 0.4260985158294496
756.5 1.1408041957721133
757.0 0.1
757.5 0.1
758.0 0.42474690101774176
758.5 0.27011030252921464
759.0 1.5
759.5 1.3329697205224786
760.0 1.2696633215973459
760.5 1.1965649890765846
761.0 1.5
761.5 0.2672189276198509
762.0 0.1
762.5 0.46543644656247246
763.0 0.47076946473060816
763.5 0.7336814376721138
764.0 0.1
764.5 1.1885870367090094
765.0 0.38473148858876255
765.5 0.1
766.0 0.7430997765488552
766.5 1.5
767.0 0.5259005526636449
767.5 0.1
768.0 0.6898956097758029
768.5 0.7948598179833567
769.0 1.0886508168366722
769.5 0.9983264479447782
770.0 0.7330704363261222
770.5 0.6200762998156324
771.0 0.8525200925485155
771.5 1.2865959814317662
772.0 1.132884504705719
772.5 0.1
773.0 0.6410537857240317
773.5 0.1
774.0 0.7880391017948862
774.5 1.4377437758806324
775.0 1.5
775.5 1.1526630414125054
776.0 1.4443635017262582
776.5 1.4732885096609878
777.0 0.1
777.5 0.25389732998250886
778.0 0.6231325476267348
778.5 1.40461676019318
779.0 0.8121078281106513
779.5 1.136321526939088
780.0 1.3741303339057052
780.5 1.3122796516482937
781.0 0.5212875661322298
781.5 0.1
782.0 1.5
782.5 0.3611398117784738
783.0 1.1930014504591322
783.5 0.1
784.0 0.8131808165233523
784.5 0.5653308755218338
785.0 0.8677149386742935
785.5 1.5
786.0 0.1
786.5 0.1
787.0 0.5224286969387646
787.5 0.4025369238524171
788.0 1.5
788.5 0.1
789.0 0.1
789.5 0.7546042398916326
790.0 1.4097387243676622
790.5 1.4543355805064282
791.0 1.5
791.5 0.8575672230856053
792.0 0.6639842569597105
792.5 0.6191358956790517
793.0 0.16048523012664195
793.5 0.2956125557412886
794.0 0.1
794.5 0.1690440954220701
795.0 0.6994089019195691
795.5 1.0811260572955486
796.0 0.1
796.5 0.8122248781410997
797.0 0.1
797.5 0.4874664779360831
798.0 0.892159476208438
798.5 0.32554886768883223
799.0 0.1
799.5 0.4733081842021052
800.0 1.5
800.5 0.8751163164589293
801.0 1.5
801.5 0.9046397827702586
802.0 1.4247100496570069
802.5 1.2629634229751132
803.0 0.20292448467135327
803.5 1.5
804.0 0.1975093178498526
804.5 0.18016388807834494
805.0 0.5693488986558983
805.5 0.1
806.0 1.5
806.5 1.4512233841832574
807.0 1.2864420644878185
807.5 0.9003207812783806
808.0 0.1626353680507724
808.5 0.24947057332890754
809.0 0.97669688185213
809.5 0.5472747700183713
810.0 0.941283008420124
810.5 1.5
811.0 1.0189503448640913
811.5 1.1640937817142385
812.0 1.5
812.5 1.094090176693582
813.0 1.3975741661138077
813.5 1.0179612178840114
814.0 1.077453641558432
814.5 0.23538453827437317
815.0 1.1538309025088296
815.5 0.6532710476527868
816.0 1.4291390627938083
816.5 1.5
817.0 0.3657262191701081
817.5 1.1960657830119414
818.0 1.5
818.5 0.6690999625236091
819.0 0.1
819.5 1.0348666064723475
820.0 1.3394256363923396
820.5 0.7435562153889588
821.0 0.1921296540609666
821.5 0.871475948151394
822.0 0.36173996598462566
822.5 1.0850292387775584
823.0 0.11425411153780357
823.5 0.8426959435484668
824.0 1.1223004391390146
824.5 1.5
825.0 1.5
825.5 1.1728426649364394
826.0 1.2303172565346807
826.5 0.6776614320058504
827.0 0.9300260053948846
827.5 1.087628275793881
828.0 0.9050404368002093
828.5 1.1928752724520364
829.0 0.1
829.5 1.0277823501605465
830.0 0.7055439360998176
830.5 0.22866370917860795
831.0 0.1
831.5 0.6807905518579955
832.0 1.2215315624347338
832.5 0.7380006883260081
833.0 0.5744105939224126
833.5 0.46465113631858757
834.0 0.770024553196469
834.5 1.5
835.0 0.3380078731129382
835.5 1.475938549882189
836.0 0.7328685857626008
836.5 1.5
837.0 0.1
837.5 1.3420339747656387
838.0 0.791906583327737
838.5 1.1311088562360487
839.0 0.1
839.5 0.9397585487678679
840.0 0.1
840.5 1.038909425729809
841.0 0.6114916072348427
841.5 1.5
842.0 1.276491851104546
842.5 0.9731572352101363
843.0 0.2668258957766938
843.5 0.7416740222026672
844.0 1.5
844.5 1.5
845.0 1.5
845.5 0.14601965731498878
846.0 0.959721010472294
846.5 0.9499683684229487
847.0 1.3140102373517308
847.5 1.5
848.0 1.0723690538989599
848.5 0.2833511102942146
849.0 0.5685624451741551
849.5 0.44039677925498133
850.0 0.8286473692233098
850.5 0.24857791688506337
851.0 0.8240148370279751
851.5 1.1199259792767875
852.0 1.5
852.5 0.7002239247905085
853.0 1.1887775223231574
853.5 0.8946305886841307
854.0 1.5
854.5 0.1704715835969482
855.0 1.2803851782097786
855.5 0.661248353367454
856.0 0.17858233756413006
856.5 0.1
857.0 0.7212040613656968
857.5 0.1
858.0 0.5698322384785737
858.5 0.6905190590464203
859.0 0.7765670011499628
859.5 1.1128532937967925
860.0 1.2047330873348203
860.5 0.8289482192760038
861.0 1.5
861.5 0.1
862.0 0.1
862.5 0.1
863.0 0.1
863.5 1.0326778739198357
864.0 0.35042015594409004
864.5 0.3996197059240681
865.0 0.21324472132329442
865.5 0.23305084839762608
866.0 0.7000560000067362
866.5 0.1
867.0 0.9637809177084278
867.5 1.4048447156270096
868.0 0.1
868.5 1.4560028413957848
869.0 0.5443186156482525
869.5 1.5
870.0 1.5
870.5 0.48319587376353
871.0 1.5
871.5 0.9701614866114779
872.0 1.0559504159483089
872.5 0.4459340777652918
873.0 0.1411219021551309
873.5 0.61953103307514
874.0 0.3945852113481974
874.5 0.8720956871848715
875.0 1.3342670898382263
875.5 0.1
876.0 0.602917678693715
876.5 1.3843478696759282
877.0 0.5610425123926079
877.5 0.3247698387044149
878.0 0.6053545153139268
878.5 0.8461012392016196
879.0 0.8211545550875661
879.5 0.3473955102532181
880.0 0.4694794095108734
880.5 0.5163416008300845
881.0 1.5
881.5 0.954018522789353
882.0 0.44952240286734774
882.5 1.0744201036460748
883.0 1.2262517091927978
883.5 0.41321447084651397
884.0 1.279499666474496
884.5 0.9069244812195507
885.0 0.862925179629552
885.5 0.14802455153739186
886.0 1.1632737673222255
886.5 1.4222306363048978
887.0 1.0773497664007845
887.5 0.1
888.0 0.1
888.5 1.3450782744248384
889.0 0.1
889.5 0.3246188467954428
890.0 1.3701463668572724
890.5 1.3494930446099989
891.0 0.456660496458655
891.5 0.9486682309678393
892.0 0.8336069042828567
892.5 0.1
893.0 0.1
893.5 0.5269922067143307
894.0 0.1
894.5 0.3195868216136173
895.0 0.5014464967523995
895.5 0.5625722449695115
896.0 1.1096116240309053
896.5 0.7852474337729773
897.0 0.9765735886602982
897.5 1.5
898.0 1.5
898.5 1.5
899.0 0.6717717042076321
899.5 1.1546651301297453
900.0 0.7634748955552657
900.5 1.4966326403585097
901.0 0.1
901.5 0.8775509085446478
902.0 0.7035217513966808
902.5 0.7271506756485319
903.0 1.5
903.5 0.6528676955133728
904.0 1.1423247208263967
904.5 1.397657188663504
905.0 1.1093270561979072
905.5 1.5
906.0 1.5
906.5 0.8824605426494428
907.0 1.1987373273455748
907.5 0.32737819242416494
908.0 0.7098522451507341
908.5 1.2662712065598278
909.0 0.2591247784606938
909.5 1.2196707121363084
910.0 1.0085603815315425
910.5 1.0432040685940769
911.0 0.9778798435080562
911.5 0.5052142020759075
912.0 0.6659721745020069
912.5 1.121071284564531
913.0 0.4751497747389047
913.5 0.40393800317029693
914.0 0.2951800058242142
914.5 1.1403305556710914
915.0 0.8829425450248483
915.5 1.2456557405223625
916.0 1.3465121899971675
916.5 0.1
917.0 0.3871399708339031
917.5 0.9407097928465542
918.0 0.1
918.5 1.5
919.0 1.5
919.5 1.3489185398515318
920.0 1.3060879745705534
920.5 0.7466782130336078
921.0 1.5
921.5 0.34289993107834904
922.0 1.5
922.5 0.44731690022015813
923.0 0.986116000424245
923.5 0.1
924.0 0.1
924.5 0.8561263054586422
925.0 1.2130950650909227
925.5 0.1390068959009872
926.0 1.1814112549270677
926.5 0.21654739184569777
927.0 1.2897489150882853
927.5 0.3869836433810747
928.0 0.1
928.5 1.137569564370411
929.0 1.5
929.5 0.7538076648727894
930.0 1.3647184940699844
930.5 0.5657429230141398
931.0 0.3432590919511004
931.5 0.1
932.0 1.0434108139464973
932.5 1.5
933.0 0.9412880364409335
933.5 0.5446691745596217
934.0 0.7874392017495555
934.5 0.244958651855096
935.0 0.6236730493742055
935.5 0.8621633063262476
936.0 0.5255797714623199
936.5 0.5021460529573765
937.0 1.5
937.5 1.040069004466235
938.0 0.5781826158348606
938.5 0.3494147819247165
939.0 0.16334410496466226
939.5 0.9091842239871465
940.0 0.5493282419891883
940.5 0.5796328516848439
941.0 1.2478396937326108
941.5 0.21492624949161948
942.0 0.1
942.5 1.2160994944742216
943.0 0.4350841684688687
943.5 0.5679091296141424
944.0 1.2916805367971174
944.5 1.0560215299365103
945.0 0.1
945.5 1.4555627030726264
946.0 1.2817388987240772
946.5 0.5190569752571239
947.0 0.4131782146086484
947.5 0.9448890791940667
948.0 0.1
948.5 0.5017215126552054
949.0 1.5
949.5 1.5
950.0 0.5256046948091806
950.5 0.47957685156453705
951.0 0.8088474486018152
951.5 0.1
952.0 0.8629408092673263
952.5 0.9428654775340277
953.0 0.1
953.5 1.0867174569020037
954.0 1.5
954.5 0.6761333547351551
955.0 0.21818719379939447
955.5 0.1397392218044139
956.0 0.1
956.5 0.8522149189398228
957.0 0.9842709198114279
957.5 1.2184699469939155
958.0 1.007785110417247
958.5 1.5
959.0 0.5151486027682481
959.5 0.6130669294080284
960.0 1.0041322477777266
960.5 0.5859678907762538
961.0 1.5
961.5 1.166411420369724
962.0 0.1130787969602246
962.5 0.1
963.0 0.7794142998500591
963.5 0.1
964.0 1.3576381550538028
964.5 0.16321975047966375
965.0 1.367797386188811
965.5 0.1
966.0 0.5260591442082058
966.5 1.0662006832008746
967.0 0.6663253419868701
967.5 0.3962082438731639
968.0 0.36939692044326045
968.5 0.8962231585469773
969.0 0.18712091876119485
969.5 1.1145220452730933
970.0 1.2970873140210912
970.5 1.5
971.0 0.1
971.5 1.2236245717300855
972.0 1.5
972.5 1.0984245092327478
973.0 1.3780542612452484
973.5 0.6744262017247626
974.0 1.2844785630477793
974.5 0.9825281322681566
975.0 0.7573934701744273
975.5 0.14576121747642656
976.0 1.2851923673054535
976.5 1.0475947367119098
977.0 0.9805797285627349
977.5 1.5
978.0 1.3793954171261067
978.5 0.9423192710496444
979.0 1.0631165161928824
979.5 1.5
980.0 1.3199873198592837
980.5 1.0073346602054787
981.0 1.379344398735812
981.5 1.3512721474371368
982.0 1.1091839190482846
982.5 0.1
983.0 0.6576844529391335
983.5 0.671193663356281
984.0 0.1
984.5 1.5
985.0 1.461421865040506
985.5 0.4300136934777015
986.0 0.6122074432845495
986.5 0.9716709950107413
987.0 1.5
987.5 0.8802273362551551
988.0 1.5
988.5 0.1
989.0 0.8946850078702651
989.5 1.5
990.0 0.1
990.5 1.3179191585247694
991.0 0.6104864890618713
991.5 0.7464214578881244
992.0 1.4539889784633258
992.5 0.7201655730111218
993.0 0.2959545892623603
993.5 1.2026804857613114
994.0 0.1
994.5 0.8188620483141864
995.0 1.5
995.5 0.19704642157480784
996.0 0.1
996.5 1.073524452424429
997.0 0.9351894281658195
997.5 0.41695494531522365
998.0 1.5
998.5 0.5096284726925258
999.0 0.8566419477785127
999.5 0.6046463109070501
1000.0 0.7927840305183722
1000.5 1.4985342177538419
1001.0 1.5
1001.5 0.7631516003383669
1002.0 1.5
1002.5 0.7391355774523678
1003.0 0.1
1003.5 1.5
1004.0 0.7857471050396714
1004.5 0.1
1005.0 1.2381399208998616
1005.5 1.5
1006.0 1.442590173396154
1006.5 1.2391118360815698
1007.0 0.7703480484501447
1007.5 0.8204106955502465
1008.0 1.0048969480845917
1008.5 0.38885568881889115
1009.0 0.8214084056825612
1009.5 1.0371716868966099
1010.0 0.1
1010.5 1.5
1011.0 0.1
1011.5 0.38088418353035325
1012.0 0.6809095550249724
1012.5 0.8036765272657319
1013.0 0.6015718993681027
1013.5 0.6720893768303353
1014.0 1.2866751300855928
1014.5 0.6737632666348352
1015.0 1.5
1015.5 0.5594681965072161
1016.0 1.5
1016.5 0.6831793531702502
1017.0 0.30095585578533635
1017.5 0.6473109869187343
1018.0 1.2624555986674304
1018.5 0.22809632557123755
1019.0 1.5
1019.5 0.3791324506676514
1020.0 1.0396876723817463
1020.5 0.42096768487139596
1021.0 0.8738931821229667
1021.5 0.1
1022.0 0.5087902391022321
1022.5 0.6446099475513651
1023.0 0.7755178448353526
1023.5 1.5
1024.0 1.0419025961108748
1024.5 0.6441500744403506
1025.0 0.9500909056437263
1025.5 0.6888338953795636
1026.0 0.5061009457265297
1026.5 0.1
1027.0 1.1785669930860465
1027.5 0.7889985029853444
1028.0 1.2490823219665417
1028.5 1.5
1029.0 0.877742101451724
1029.5 1.5
1030.0 0.1
1030.5 1.5
1031.0 1.5
1031.5 0.20582345633451388
1032.0 0.6224103250464175
1032.5 1.5
1033.0 0.3773132777570668
1033.5 0.1
1034.0 1.0773213236235646
1034.5 1.5
1035.0 0.13960756804688534
1035.5 0.1
1036.0 1.5
1036.5 0.9732252198410287
1037.0 0.6100839833151556
1037.5 0.37639714918505107
1038.0 1.2671333698972185
1038.5 1.5
1039.0 0.14520325438445392
1039.5 1.5
1040.0 0.21019154695616477
1040.5 0.6149401251608675
1041.0 0.9144740547013235
1041.5 0.3076837534911305
1042.0 0.6509776625328954
1042.5 0.46099569291017056
1043.0 1.4082098912505674
1043.5 0.1
1044.0 0.6276019936268961
1044.5 0.5201182276720174
1045.0 0.1
1045.5 1.5
1046.0 0.9780844864547144
1046.5 0.3347803331156394
1047.0 0.2419338142079679
1047.5 0.989445638878452
1048.0 0.9225726051903285
1048.5 1.0424426649350687
1049.0 1.255809985210284
1049.5 1.5
1050.0 1.5
1050.5 0.2712668523790697
1051.0 1.5
1051.5 1.5
1052.0 1.1911989571436314
1052.5 1.5
1053.0 0.6930757146515402
1053.5 1.5
1054.0 0.5113053729180864
1054.5 1.5
1055.0 0.1
1055.5 0.3855740650841806
1056.0 1.3344275255762432
1056.5 0.7391937153731456
1057.0 1.479280097748184
1057.5 1.5
1058.0 0.1
1058.5 0.6825931373412792
1059.0 1.4623993070949246
1059.5 1.5
1060.0 0.26256688761721375
1060.5 0.5110711430438085
1061.0 0.9232841654103074
1061.5 0.1
1062.0 0.27577778006021814
1062.5 0.8889265827043433
1063.0 0.1087471673957141
1063.5 0.4232258371719847
1064.0 0.9755843174192287
1064.5 0.8231196141801077
1065.0 0.1
1065.5 1.5
1066.0 1.5
1066.5 0.1
1067.0 0.19034909905915287
1067.5 1.5
1068.0 0.1
1068.5 0.6161765461016249
1069.0 0.4225496129080088
1069.5 0.4623280206030077
1070.0 0.3958142046111676
1070.5 1.4611995460597424
1071.0 0.4878550092434092
1071.5 0.2730360272789803
1072.0 0.19194179769131184
1072.5 1.2064140897883369
1073.0 0.5887547148723036
1073.5 0.1
1074.0 0.10527256127355167
1074.5 1.0102441471678045
1075.0 0.1
1075.5 0.8139296995225157
1076.0 0.1919627559208032
1076.5 0.5122618676519063
1077.0 0.9352711330032935
1077.5 1.1918143852494179
1078.0 0.1
1078.5 0.6170122546338663
1079.0 0.1
1079.5 0.1
1080.0 0.6563134797317034
1080.5 0.7952876522720489
1081.0 0.4196002877274073
1081.5 1.5
1082.0 1.0138321086614588
1082.5 0.2720748458270433
1083.0 0.9251613767969202
1083.5 0.9449394552604593
1084.0 1.5
1084.5 1.5
1085.0 0.1
1085.5 0.9280198461220659
1086.0 0.6430545192697623
1086.5 0.7526055205244044
1087.0 1.1061472496149094
1087.5 1.303909120060082
1088.0 0.7587237397801846
1088.5 0.12581041432757212
1089.0 0.6758561145350624
1089.5 0.6837325769388138
1090.0 0.9147291110188991
1090.5 1.315896191970105
1091.0 1.5
1091.5 0.5087723690172429
1092.0 0.1
1092.5 0.6190175082894953
1093.0 0.5111833213739834
1093.5 1.5
1094.0 0.6116212602705228
1094.5 0.17566206522822675
1095.0 0.9171994731691846
1095.5 0.12878245285848555
1096.0 1.2504239066346146
1096.5 0.6837573255670344
1097.0 1.5
1097.5 1.5
1098.0 0.7681052087872867
1098.5 0.17035293307924737
1099.0 1.5
1099.5 1.246492852993222
1100.0 0.9068983006022477
1100.5 0.5979538839370542
1101.0 0.1
1101.5 0.2169303869041641
1102.0 0.3183844425278579
1102.5 0.6972539939408138
1103.0 0.7326177271070877
1103.5 0.5195017230716501
1104.0 0.1
1104.5 0.8370667694383552
1105.0 0.12597322644564474
1105.5 0.5726160692321769
1106.0 0.7507822972684622
1106.5 0.2485011036205501
1107.0 0.1
1107.5 0.1521984939468849
1108.0 0.8122315704048124
1108.5 0.3234703005794126
1109.0 0.7056470305519202
1109.5 0.9767185558084827
1110.0 1.5
1110.5 1.125536649745696
1111.0 0.5440985999425492
1111.5 0.1
1112.0 0.35386773040443403
1112.5 0.7545819946332055
1113.0 0.6211048395572097
1113.5 0.9956289385562801
1114.0 1.1417594160713151
1114.5 0.940299989664562
1115.0 0.8886097489586275
1115.5 0.4809750195359257
1116.0 0.9890656515553704
1116.5 0.7493881403163539
1117.0 0.6179371709204635
1117.5 0.1
1118.0 0.1329712985811941
1118.5 1.5
1119.0 0.5170592990784313
1119.5 0.1
1120.0 1.4385692549663769
1120.5 0.7638298954183214
1121.0 0.546636530321635
1121.5 0.8417461666279121
1122.0 1.5
1122.5 1.0000950874386456
1123.0 1.115952220895825
1123.5 0.7415275561783912
1124.0 0.7534099008567021
1124.5 1.1699524584374752
1125.0 0.9801768017324726
1125.5 0.3946609343550685
1126.0 0.8567840993058495
1126.5 1.5
1127.0 0.2849342274705841
1127.5 0.16653041844583927
1128.0 1.5
1128.5 0.5867658444997939
1129.0 1.5
1129.5 1.4250616085995795
1130.0 1.5
1130.5 0.9453752017451855
1131.0 0.13042631439439767
1131.5 0.2714322412570891
1132.0 1.5
1132.5 1.5
1133.0 0.1
1133.5 0.1
1134.0 1.5
1134.5 1.1032693586272608
1135.0 1.1873961728473745
1135.5 0.8705186128627563
1136.0 1.5
1136.5 0.5124935551872559
1137.0 0.127176116991369
1137.5 1.5
1138.0 0.6111434594539653
1138.5 1.5
1139.0 1.381078479230982
1139.5 0.9691295246569476
1140.0 0.5092997514282352
1140.5 1.5
1141.0 1.2946802018005568
1141.5 0.8614955852920414
1142.0 1.3788360978002512
1142.5 0.5279476129075937
1143.0 0.8624955028706308
1143.5 0.6414896884446383
1144.0 1.5
1144.5 1.3736655494686485
1145.0 1.037398835999038
1145.5 1.5
1146.0 0.8651366960658742
1146.5 0.7855167979992606
1147.0 0.1
1147.5 0.8452016569541481
1148.0 0.8004411984554396
1148.5 0.11716397436313014
1149.0 1.5
1149.5 0.7726075706053921
1150.0 0.9458119154221726
1150.5 1.5
1151.0 0.5877745941451555
1151.5 1.5
1152.0 0.1
1152.5 0.1
1153.0 1.0717976865925394
1153.5 0.2495525966196869
1154.0 0.5591765917684713
1154.5 1.1771971341328182
1155.0 1.3466914105772372
1155.5 1.1043109846342318
1156.0 0.22253430738623156
1156.5 1.1078321862715055
1157.0 1.079155110521028
1157.5 0.1
1158.0 0.1
1158.5 1.0033810535279972
1159.0 1.5
1159.5 0.1
1160.0 0.3646956100922495
1160.5 0.539033908957006
1161.0 1.1154255100038006
1161.5 0.1
1162.0 0.9073863128182407
1162.5 1.5
1163.0 1.5
1163.5 0.1
1164.0 0.6411089992795401
1164.5 0.23604231681539234
1165.0 0.3143162368575596
1165.5 0.46350283323966157
1166.0 0.1898255794780223
1166.5 0.9967265804397816
1167.0 0.4249185674102172
1167.5 0.1
1168.0 1.5
1168.5 0.1
1169.0 0.49123556132809537
1169.5 0.1
1170.0 0.30820167483340616
1170.5 1.3938028438918781
1171.0 0.7542905660604116
1171.5 0.1
1172.0 0.8701471468091772
1172.5 0.9534879211666011
1173.0 0.1
1173.5 1.5
1174.0 0.1
1174.5 1.5
1175.0 1.0830880447060527
1175.5 0.4001676193847423
1176.0 0.1866284329861257
1176.5 1.366989901071815
1177.0 0.1
1177.5 0.1
1178.0 0.913750784194934
1178.5 0.6448836526970176
1179.0 0.7636923700206789
1179.5 0.9356533182712982
1180.0 0.43110327667720993
1180.5 0.1
1181.0 1.5
1181.5 0.6440836433200532
1182.0 0.6889216629226267
1182.5 0.8445698703154729
1183.0 1.5
1183.5 0.9826505497799022
1184.0 0.43757503514181056
1184.5 0.6031378403042786
1185.0 0.11092017864124865
1185.5 1.4552178601432726
1186.0 0.5534343810471607
1186.5 0.9049596188934865
1187.0 0.8355049405513812
1187.5 0.5367535791276141
1188.0 0.5462076608422396
1188.5 0.34106957448283337
1189.0 0.4255440368011122
1189.5 1.5
1190.0 1.1264996896412844
1190.5 0.8838297388779807
1191.0 0.1
1191.5 1.5
1192.0 0.6104730307253483
1192.5 0.7488722256173858
1193.0 1.0166928735515408
1193.5 1.5
1194.0 1.5
1194.5 0.7221294597792314
1195.0 0.9692508967200826
1195.5 1.5
1196.0 1.5
1196.5 1.234270736607588
1197.0 0.7204459227604172
1197.5 0.7558113343065193
1198.0 0.2544941423703981
1198.5 1.29628020282261
1199.0 1.0347174003415283
1199.5 1.5
1200.0 1.5
1200.5 1.5
1201.0 0.1
1201.5 0.356596311790628
1202.0 0.1
1202.5 0.15773998493481195
1203.0 0.8157543193343453
1203.5 0.3618667993340991
1204.0 0.8161449078311795
1204.5 1.4290445180835296
1205.0 1.2849264755018277
1205.5 0.8393755016884485
1206.0 0.5366621784760215
1206.5 1.2403505398326904
1207.0 0.1
1207.5 0.1
1208.0 1.5
1208.5 1.5
1209.0 0.1428481816978231
1209.5 0.5964372629867196
1210.0 1.283105485590139
1210.5 1.4753174708907453
1211.0 0.1
1211.5 1.5
1212.0 1.5
1212.5 0.6888231813721191
1213.0 1.5
1213.5 0.6654703353330726
1214.0 1.5
1214.5 1.0933215796880895
1215.0 0.9876122630360562
1215.5 0.7614381374777641
1216.0 1.5
1216.5 0.1
1217.0 1.0797908659507176
1217.5 1.5
1218.0 1.0263825903558168
1218.5 1.5
1219.0 1.209996684996987
1219.5 0.4763799414339139
1220.0 1.5
1220.5 0.8012471644419962
1221.0 1.0871936795098869
1221.5 1.1044904534636635
1222.0 0.5011425221121427
1222.5 0.6278663758300759
1223.0 0.428237976385986
1223.5 0.3311449152047656
1224.0 0.9200998572139191
1224.5 0.1
1225.0 0.1
1225.5 0.3131757354646997
1226.0 1.0421104320946055
1226.5 0.1
1227.0 1.2700537190896155
1227.5 0.4823710334250749
1228.0 1.183955373863577
1228.5 0.6743070463689971
1229.0 1.2391339969037456
1229.5 0.8799021446360595
1230.0 0.1
1230.5 0.1
1231.0 0.7412182490934316
1231.5 0.8666505697297661
1232.0 1.0250477698406915
1232.5 1.090387302221443
1233.0 0.18477027512840305
1233.5 0.741636621634001
1234.0 0.7497209220501058
1234.5 0.9363073625384328
1235.0 1.5
1235.5 0.7670717760640402
1236.0 1.3774259601638046
1236.5 0.1
1237.0 1.5
1237.5 1.5
1238.0 0.7025767448786859
1238.5 1.5
1239.0 1.4662264594057028
1239.5 1.2423060843021918
1240.0 0.8546758542023818
1240.5 0.6528509570151056
1241.0 1.5
1241.5 0.1
1242.0 0.9583594143460128
1242.5 1.5
1243.0 0.12838460861716094
1243.5 0.1
1244.0 1.5
1244.5 0.7054217447480896
1245.0 1.134636486455448
1245.5 0.1
1246.0 0.9148019545865693
1246.5 0.5941124203989719
1247.0 0.7834723511640513
1247.5 0.9729738375505108
1248.0 0.8124104826869616
1248.5 0.8657928008205458
1249.0 0.43685079874274635
1249.5 1.3515658981120875
1250.0 0.5284179728514435
1250.5 1.1378709745552937
1251.0 1.0450652226339987
1251.5 0.4746034708724328
1252.0 1.4584946177487073
1252.5 0.5902614802514102
1253.0 0.1
1253.5 0.1
1254.0 0.6083430935253652
1254.5 1.1173104015876385
1255.0 1.461837791577056
1255.5 0.9994695597327261
1256.0 0.15537345624799193
1256.5 1.5
1257.0 0.6494313043721928
1257.5 0.95086543845348
1258.0 0.36720553948806894
1258.5 0.1
1259.0 1.5
1259.5 1.1329977429255906
1260.0 1.5
1260.5 0.1
1261.0 0.1
1261.5 0.5425264176202476
1262.0 1.5
1262.5 0.8212165043947508
1263.0 1.5
1263.5 1.1938002074966725
1264.0 1.5
1264.5 1.5
1265.0 0.1
1265.5 0.8351656076899492
1266.0 0.21714713609802688
1266.5 0.6548479822719857
1267.0 0.1
1267.5 0.1
1268.0 1.0676566337864388
1268.5 0.16187151162023422
1269.0 1.1750504846063814
1269.5 0.43678713820845355
1270.0 0.1
1270.5 0.4816070956231536
1271.0 0.1
1271.5 1.5
1272.0 0.7310639581438994
1272.5 1.2203533808298814
1273.0 1.5
1273.5 0.6573706067853432
1274.0 0.4161277453345575
1274.5 1.5
1275.0 1.2090661158061178
1275.5 0.8534330201476895
1276.0 0.9114819805545102
1276.5 0.7927622169621311
1277.0 0.22224663148568502
1277.5 0.4651579162763726
1278.0 0.6511936137642178
1278.5 0.6800989101077349
1279.0 1.1434161204260551
1279.5 0.2683575757946547
1280.0 0.8175172988676542
1280.5 1.0566599608503848
1281.0 0.27828264251696383
1281.5 1.5
1282.0 0.7424667592291087
1282.5 0.6961311449105476
1283.0 1.5
1283.5 0.9940891870829345
1284.0 1.40900423908702
1284.5 0.6039620669364916
1285.0 0.8445237909603583
1285.5 0.48164134975260764
1286.0 1.4958484076463905
1286.5 0.8096719214042907
1287.0 1.5
1287.5 0.19487752083878496
1288.0 0.4246144211323217
1288.5 0.7500908363621703
1289.0 0.2861221823564476
1289.5 0.279847927466755
1290.0 1.2648148546893583
1290.5 0.5611205883043056
1291.0 1.5
1291.5 0.624923165406215
1292.0 0.7096568414505049
1292.5 0.6858751344574666
1293.0 0.1
1293.5 0.7866629010824808
1294.0 1.5
1294.5 0.649171197148456
1295.0 0.1
1295.5 0.21322811868206032
1296.0 0.9334450442552296
1296.5 1.4136181390948286
1297.0 1.1027561752101767
1297.5 0.1
1298.0 1.5
1298.5 1.0347141835890408
1299.0 0.7518101837312423
1299.5 0.5179975439386822
1300.0 0.7622274942098728
1300.5 0.7372617898465661
1301.0 0.6395065300804716
1301.5 0.9867108372336277
1302.0 0.1
1302.5 1.0986623292972195
1303.0 0.5635615228442781
1303.5 0.7600560503935719
1304.0 1.4143276952874868
1304.5 1.5
1305.0 1.026513648048863
1305.5 0.8340376949284407
1306.0 1.3495799314409844
1306.5 1.051012259339291
1307.0 1.5
1307.5 1.5
1308.0 0.5752275808880408
1308.5 1.5
1309.0 0.1
1309.5 1.3069190208232178
1310.0 0.6997920386704772
1310.5 0.9901765995222074
1311.0 0.1
1311.5 0.1
1312.0 0.4175613624003729
1312.5 1.2884410369082033
1313.0 1.127960271211668
1313.5 1.1079901385354538
1314.0 1.3185926873994855
1314.5 1.5
1315.0 0.9590555271076208
1315.5 0.6372657951702299
1316.0 1.5
1316.5 1.3258615937136844
1317.0 0.45603003879467857
1317.5 0.5367810920569144
1318.0 0.3374419939227243
1318.5 1.2930093050578897
1319.0 0.8157093934109696
1319.5 1.1687903939273727
1320.0 0.7560083946149744
1320.5 1.5
1321.0 0.6855079666932531
1321.5 1.2666850123064899
1322.0 0.21337214443355215
1322.5 1.5
1323.0 0.1
1323.5 1.1725240302918172
1324.0 0.6524137415691287
1324.5 0.1
1325.0 0.1593682776290678
1325.5 0.5335771246086396
1326.0 0.1
1326.5 0.9573029823334746
1327.0 1.1821590610750243
1327.5 0.1
1328.0 0.7143431247929738
1328.5 0.9086353089407244
1329.0 0.5804615539559164
1329.5 0.918508444464676
1330.0 1.083921769084691
1330.5 1.246160932172051
1331.0 0.21634887326339672
1331.5 1.1507933355238644
1332.0 1.3606088142229562
1332.5 0.8497847231023468
1333.0 1.303951699424261
1333.5 1.0012999533318407
1334.0 0.7330599024925059
1334.5 0.7568106870805504
1335.0 0.12994779629734693
1335.5 1.1981739158136615
1336.0 0.16982848830164432
1336.5 0.12349570271239385
1337.0 0.6130783437624794
1337.5 0.8701518949963288
1338.0 0.9309964901006549
1338.5 1.5
1339.0 1.1891410542906948
1339.5 0.1
1340.0 0.15366651940886483
1340.5 0.5674162380028689
1341.0 0.1
1341.5 0.9754184249826747
1342.0 0.1
1342.5 0.5738035528239
1343.0 0.19998131833031518
1343.5 0.40196780931937603
1344.0 0.9545052490568786
1344.5 0.7816991326046885
1345.0 1.374770013627468
1345.5 1.5
1346.0 1.5
1346.5 0.1
1347.0 0.4460263296322732
1347.5 0.965988180022815
1348.0 1.5
1348.5 1.2883041301683558
1349.0 0.19616485164247194
1349.5 0.1
1350.0 0.6209612206297972
1350.5 1.0073422291686338
1351.0 0.5309650938731848
1351.5 1.3841158959934499
1352.0 0.8948079842896965
1352.5 0.1
1353.0 0.48428362409219317
1353.5 0.1
1354.0 0.6192288927170553
1354.5 1.3993684100005428
1355.0 0.5432162763534221
1355.5 1.0614021815699162
1356.0 0.7988351074798747
1356.5 0.989528342487277
1357.0 0.315745610331469
1357.5 1.029504143691832
1358.0 0.1
1358.5 1.5
1359.0 0.8957753392107708
1359.5 0.3950096513178604
1360.0 1.5
1360.5 1.0484829717901887
1361.0 1.4111612350491407
1361.5 1.4066335857184171
1362.0 1.5
1362.5 0.34015868892229684
1363.0 1.5
1363.5 1.2367795313542482
1364.0 1.5
1364.5 1.1760708099400785
1365.0 1.014229453121191
1365.5 0.8603096949081106
1366.0 0.48342399210923814
1366.5 1.3210834406207823
1367.0 0.8464224943735545
1367.5 0.14835904101112724
1368.0 0.7947422785392225
1368.5 0.9330245316780839
1369.0 1.2319835607381513
1369.5 0.29023855124961634
1370.0 0.9737427677931483
1370.5 0.6821605785837154
1371.0 1.5
1371.5 0.9251703971716025
1372.0 0.5530807335450801
1372.5 1.1317016137937261
1373.0 0.1349396098337335
1373.5 0.7788000473209612
1374.0 1.4861710329941547
1374.5 0.1
1375.0 0.36295675898774715
1375.5 0.9938245256925238
1376.0 0.760661593612862
1376.5 0.4561919843941511
1377.0 1.2326491951994636
1377.5 1.1491710893165166
1378.0 0.7818772804330829
1378.5 0.4594052640253793
1379.0 1.1377021082141578
1379.5 0.3845531375319231
1380.0 1.1390356555380028
1380.5 0.1
1381.0 1.018641884020382
1381.5 0.1
1382.0 0.7740155428057807
1382.5 0.9628203278339816
1383.0 0.43090379468738965
1383.5 1.5
1384.0 0.2330420657037915
1384.5 0.1
1385.0 1.0344374040655833
1385.5 0.6323501441085654
1386.0 0.11643649674256795
1386.5 0.22349562386868435
1387.0 0.6616164393219037
1387.5 0.8209884196498807
1388.0 0.5310345822904616
1388.5 0.21384997450947113
1389.0 1.343775908775334
1389.5 0.9599834756727521
1390.0 0.9100271648073389
1390.5 0.5912206113179406
1391.0 0.1
1391.5 0.7963176831179097
1392.0 1.3711425903584211
1392.5 1.5
1393.0 1.1243709967450815
1393.5 0.5838271621660476
1394.0 0.1
1394.5 0.469410373383312
1395.0 1.1899480073719113
1395.5 1.120874045422712
1396.0 0.8490563732167795
1396.5 1.5
1397.0 0.7176100205028447
1397.5 0.5032603623781481
1398.0 0.882296994925549
1398.5 1.5
1399.0 1.5
1399.5 0.31816891650748447
1400.0 0.32373635974795156
1400.5 0.3543347067361949
1401.0 1.5
1401.5 1.1087079534626785
1402.0 0.2222050591312532
1402.5 1.1055224933252776
1403.0 1.3129085324936365
1403.5 0.7585408765139611
1404.0 0.9021552509050972
1404.5 0.22988499631139175
1405.0 0.9119339379227513
1405.5 1.113343978836057
1406.0 0.8768207123545193
1406.5 0.3178220731190951
1407.0 1.5
1407.5 0.29361687635399175
1408.0 0.11482845038109352
1408.5 0.17358492301388329
1409.0 0.5175390041815019
1409.5 0.11492066296523151
1410.0 0.11241436182631431
1410.5 1.5
1411.0 0.6647684420227618
1411.5 0.1
1412.0 0.21167753057047922
1412.5 0.2208211640823015
1413.0 0.1
1413.5 0.35248733834966767
1414.0 0.1
1414.5 0.9664983472589708
1415.0 0.5808158587425027
1415.5 1.104761435275064
1416.0 0.5352244802091966
1416.5 0.6768855516818113
1417.0 0.9125422748748188
1417.5 0.580332151352846
1418.0 0.7989906906642954
1418.5 0.44675476348022036
1419.0 0.5767396445237862
1419.5 0.1
1420.0 1.5
1420.5 1.0967097739206413
1421.0 0.3706125889473534
1421.5 0.6029687829813646
1422.0 0.8137049240261007
1422.5 0.1
1423.0 0.33192436512827755
1423.5 1.5
1424.0 1.5
1424.5 0.6542178498564265
1425.0 1.1956700729735008
1425.5 0.8748411522912438
1426.0 1.329879339569515
1426.5 1.5
1427.0 1.5
1427.5 0.1
1428.0 0.13451124885778276
1428.5 0.5170667692743833
1429.0 0.1
1429.5 1.1235954008845463
1430.0 1.1735016752981746
1430.5 1.5
1431.0 0.6920832284935765
1431.5 0.1
1432.0 1.5
1432.5 0.1
1433.0 0.12379327562433373
1433.5 1.2614264841438447
1434.0 0.6095799326937804
1434.5 1.5
1435.0 1.064157058955773
1435.5 0.4522906779776475
1436.0 0.4700383380269042
1436.5 0.36877836504350425
1437.0 0.9261458507360965
1437.5 0.8194528730442604
1438.0 0.6815092281412003
1438.5 1.3066042619183542
1439.0 0.38797694228165436
1439.5 1.3088904059402338
