0 1.4883976570749682
0.5 0.971613480222719
1.0 1.3471223340993488
1.5 1.9405531008927541
2.0 2.0920486283344064
2.5 2.0277183123030396
3.0 2.253033290778281
3.5 3.0948967313567692
4.0 3.1670236504304987
4.5 2.5486467145304452
5.0 2.5045367542677752
5.5 2.301120991469041
6.0 4.133019814408257
6.5 2.711834676636368
7.0 3.4253119435219825
7.5 1.43177708124086
8.0 0.2
8.5 3.4590587720881643
9.0 3.1525118276772233
9.5 1.6830230107338955
10.0 2.2598549960023693
10.5 1.0134204821111972
11.0 1.1878269378943134
11.5 2.362312968080839
12.0 1.3617602763744676
12.5 1.6284072068844586
13.0 1.3661555688419122
13.5 1.7624308526078278
14.0 1.2244299322338963
14.5 1.3376947512007789
15.0 1.0679277965745937
15.5 1.3727409655676175
16.0 2.167754696842113
16.5 2.3410515684017623
17.0 3.527181197910534
17.5 0.7272090988387974
18.0 1.413536488227503
18.5 3.380639973280341
19.0 1.1583847852284532
19.5 2.063732048778364
20.0 1.7663281788186689
20.5 1.2606986885461575
21.0 1.0891303404653376
21.5 1.983298373900226
22.0 1.8703563862587622
22.5 2.5847313820078766
23.0 1.5909418276039708
23.5 1.1536763715551492
24.0 1.1278624105820232
24.5 1.2444846317998794
25.0 1.2692547887846715
25.5 0.8621979431336817
26.0 0.49920859054846756
26.5 1.6971682370249885
27.0 1.9996002048795818
27.5 1.589719326611728
28.0 1.787771149754215
28.5 2.8810836707104848
29.0 2.961336830997519
29.5 1.6039695011771111
30.0 1.9468847345948712
30.5 2.734023493072443
31.0 1.7557962982875934
31.5 1.5504129098339487
32.0 0.2
32.5 1.22858346038651
33.0 1.6529964945567275
33.5 2.228396897283698
34.0 0.8255042024682661
34.5 1.9734300396115811
35.0 0.7669498430711192
35.5 0.2230888526773187
36.0 0.6793551750679786
36.5 1.237468918115249
37.0 1.3051421619169967
37.5 1.9410762746325274
38.0 1.5437166961354434
38.5 1.0712492601096537
39.0 0.778896875783532
39.5 0.9545727153995432
40.0 1.0178820691624781
40.5 2.239164332414897
41.0 1.059832564743922
41.5 1.6042001928777734
42.0 1.0384988623839364
42.5 2.0109602981519084
43.0 1.9424405274443908
43.5 1.310227511996556
44.0 1.7083080822479562
44.5 2.8168753693069464
45.0 1.616427852448311
45.5 1.8935559751127566
46.0 0.7675601882484125
46.5 1.0070399709018596
47.0 1.343108014478969
47.5 1.0715377974991434
48.0 1.2030326512648526
48.5 2.5297562882494447
49.0 1.2890353862527368
49.5 2.2866471691966215
50.0 0.4264792852066819
50.5 2.1338780692544637
51.0 1.2539404597324062
51.5 2.184338471607164
52.0 0.4989671332523522
52.5 1.4721031349814548
53.0 1.8883866311260877
53.5 1.0631117238162986
54.0 0.24908178856462193
54.5 1.269261072128211
55.0 1.1661013452011306
55.5 1.2240313076382574
56.0 0.8108196292815463
56.5 0.6563139648746722
57.0 0.7680531779259769
57.5 0.9243060315964731
58.0 0.7308303314992435
58.5 0.6456661705576436
59.0 0.7618194868553358
59.5 0.6103741628500765
60.0 1.387657836239689
60.5 1.0210326846785118
61.0 0.6950153543452026
61.5 1.5105068365833834
62.0 0.8585745229567108
62.5 0.8706728800613437
63.0 0.6937424152943472
63.5 0.5968266562980429
64.0 0.59759039576496
64.5 0.6642812405239238
65.0 0.6541596873511253
65.5 0.7359525859764617
66.0 0.596076279570092
66.5 0.8732130121681736
67.0 0.7104554599671502
67.5 0.6736317881066975
68.0 0.6716846594711328
68.5 0.5741243509217524
69.0 0.7051360621851916
69.5 0.8173201335377176
70.0 0.7498347718861071
70.5 0.6591331754185159
71.0 0.6009797867059528
71.5 0.4241507575460145
72.0 0.6868458412368295
72.5 0.5984659077165475
73.0 0.8871763674524606
73.5 0.9103017441777161
74.0 0.5473641050523028
74.5 0.6952133159165519
75.0 0.7445467859993218
75.5 0.8639372786123054
76.0 0.8027930134184833
76.5 0.7129025482705857
77.0 0.6281309796889746
77.5 0.7493600994951573
78.0 0.8295968928009192
78.5 0.7024656480092524
79.0 0.7427993545938265
79.5 0.7850518520953
80.0 0.7598212013855192
80.5 0.7277759878209775
81.0 0.7552840552256983
81.5 0.6637092097892916
82.0 0.5741938889662697
82.5 0.6846052671410554
83.0 0.8470036801828602
83.5 0.7238100332113695
84.0 0.7047042637534162
84.5 0.6762673945821173
85.0 0.6494423468807765
85.5 0.9849424575023109
86.0 0.7131389537660306
86.5 0.8161971635017939
87.0 0.6623008241972472
87.5 0.6542090226995506
88.0 0.8264792052874279
88.5 0.7153093266588282
89.0 0.6678451586473892
89.5 0.707177339802856
90.0 0.8398764058974666
90.5 0.6586114294513761
91.0 0.72099106889287
91.5 0.7082134933240993
92.0 0.7943113956217212
92.5 0.9277847955999239
93.0 0.7126053788776232
93.5 0.7443561743582947
94.0 0.8445370311014673
94.5 0.816059623791419
95.0 0.802205293539908
95.5 2.073398440957081
96.0 2.6849239894587873
96.5 1.3338178005860657
97.0 3.4846553861200595
97.5 4.303976569537258
98.0 1.3603571001676515
98.5 2.9665947371924704
99.0 1.5514382677350316
99.5 2.8163327615910685
100.0 1.0044520491838649
100.5 2.732224486199983
101.0 2.626487044594337
101.5 2.266081157162371
102.0 1.4709139514124727
102.5 1.2520237215075873
103.0 0.6586137685964334
103.5 0.2
104.0 1.0844304173314523
104.5 1.0222215123297318
105.0 1.475552421078568
105.5 0.8184172613246634
106.0 0.8031695380181825
106.5 0.6032122243598614
107.0 0.7745485202191149
107.5 0.7583764013917413
108.0 1.1446648618326032
108.5 1.0778017361565673
109.0 1.3486156714276998
109.5 0.7137213606395125
110.0 0.9824206971209257
110.5 0.8673790886743546
111.0 1.015496875942921
111.5 0.6184561128750874
112.0 0.931183271759936
112.5 0.9582818006446326
113.0 1.8455571423499464
113.5 0.9531019807895064
114.0 1.4121481633422872
114.5 1.5428297618167526
115.0 1.6262916382490566
115.5 1.7298252941853223
116.0 2.9404452367435887
116.5 1.2487519903139561
117.0 1.7365977498794145
117.5 0.6724353722238567
118.0 2.3225798858830498
118.5 0.7885068951382938
119.0 1.1945414835641774
119.5 2.7838070696634016
120.0 2.7430645057063905
120.5 1.3294168739990941
121.0 1.5995079708925746
121.5 2.7786109908517744
122.0 1.9503739887210965
122.5 2.6288424275275815
123.0 1.1235913566999143
123.5 2.4751166344564046
124.0 2.9192950361624086
124.5 1.8128927231724892
125.0 2.2411999358409984
125.5 2.3279669175241486
126.0 3.0581921354876003
126.5 2.153323045565064
127.0 4.116251865733526
127.5 2.991640445710147
128.0 1.589639677078417
128.5 2.304176568974214
129.0 1.4814185238664035
129.5 0.32472230118721
130.0 3.041913489316843
130.5 2.6589771136674845
131.0 1.7656371974894942
131.5 2.3132250274683397
132.0 1.4784876329914065
132.5 1.3064864465848132
133.0 1.2593288378873109
133.5 2.5777923230899056
134.0 1.2245107395960848
134.5 1.713766598554812
135.0 2.410076956118627
135.5 2.4940880615461367
136.0 1.9571132320262505
136.5 1.0404655472532292
137.0 1.9368704647638066
137.5 1.0680135038114564
138.0 1.2549152220626278
138.5 2.684407044289645
139.0 2.7345505617908583
139.5 0.9032061259323929
140.0 0.4204921801805903
140.5 1.0001185701497262
141.0 1.7596057643817984
141.5 0.7986815578677666
142.0 1.507253002579533
142.5 2.2255252186615326
143.0 1.0617862662701243
143.5 2.466579972983263
144.0 1.2293288327030165
144.5 0.2
145.0 1.4141814294699673
145.5 2.989382635570285
146.0 2.380983938665865
146.5 1.4172535298213198
147.0 2.465518887782313
147.5 1.1843450915934888
148.0 1.6338233102571547
148.5 1.8735161520897243
149.0 0.7417969886499932
149.5 2.8131914079766798
150.0 0.8598839964144989
150.5 1.1226381832041987
151.0 2.23697796888748
151.5 0.9310894451214289
152.0 3.42285643566718
152.5 1.9997156313104312
153.0 1.2855243576048374
153.5 2.148091467085424
154.0 1.3278973265262675
154.5 4.3142725066942775
155.0 2.381981958925701
155.5 4.196498892258108
156.0 2.165700247560023
156.5 1.0772674680558154
157.0 1.1980022631342604
157.5 2.241543868208762
158.0 1.575366093543055
158.5 1.5641322404393745
159.0 3.394100949604087
159.5 1.55460540105608
160.0 1.5227768689630863
160.5 3.6673625484164023
161.0 1.2842584422197252
161.5 2.5512842106277516
162.0 1.9693906699068409
162.5 1.7266703923766893
163.0 3.7389973850214124
163.5 3.272946310768685
164.0 4.195266496751653
164.5 2.1281742401487556
165.0 2.080914435304772
165.5 3.1478207341298643
166.0 1.5300235777075168
166.5 2.02588305687203
167.0 1.6028729409340006
167.5 1.3322876793788503
168.0 3.7190769960981402
168.5 2.5432597174290144
169.0 2.9135917541468084
169.5 1.7180289998864757
170.0 1.1701258848905054
170.5 2.123385842045716
171.0 1.7745541655693227
171.5 3.378918263488831
172.0 1.0357106540990013
172.5 1.8336359434455018
173.0 1.5541701894990019
173.5 0.900557936364258
174.0 1.3292430859126547
174.5 1.806429720309789
175.0 1.9513785353667943
175.5 0.9675778020838125
176.0 1.1592264480646919
176.5 1.0686217567436258
177.0 0.9853422629068614
177.5 1.2558519045662009
178.0 0.7332645751760751
178.5 0.6869505056926781
179.0 0.8761495645338432
179.5 1.0155394013266212
180.0 0.7157400059069607
180.5 0.9367869971971573
181.0 0.73056029933345
181.5 0.8465693787487114
182.0 0.7254894161014036
182.5 0.5162319636206414
183.0 2.612757212627063
183.5 1.7762173225481046
184.0 2.0439049080534257
184.5 1.3603412700208715
185.0 1.5152523562904352
185.5 1.7318431690315794
186.0 2.368973388812047
186.5 1.2344895991625329
187.0 1.571011298352917
187.5 2.222697586718159
188.0 2.68763774188029
188.5 2.0151993100535925
189.0 0.7397256417132869
189.5 1.2539720499157243
190.0 1.9109315113252947
190.5 1.3745844304065802
191.0 0.872082253413674
191.5 1.3439480807596498
192.0 1.3923642352446066
192.5 1.6967599726734708
193.0 1.5288756527006322
193.5 1.9866786560232406
194.0 1.1940684390460978
194.5 1.8034352888484158
195.0 0.8576342212826478
195.5 0.9013484054284192
196.0 0.6166376408853012
196.5 0.8633976352458546
197.0 0.7460673727124889
197.5 1.5178503859943662
198.0 1.4268308629010635
198.5 0.8360084247582485
199.0 1.5242829462614254
199.5 0.938282537446327
200.0 0.28323788364024205
200.5 0.8418019205693925
201.0 1.3471433109205635
201.5 1.2923105241748616
202.0 0.9580680975994095
202.5 0.7465895062382033
203.0 0.5354275262002924
203.5 1.3256345013928952
204.0 1.0589552346367177
204.5 0.7888412469575176
205.0 0.9773178595195996
205.5 0.8742046470892355
206.0 1.206188214931427
206.5 0.9641924718063357
207.0 1.289150737620695
207.5 0.9852390422195852
208.0 0.5361816055322959
208.5 0.8590850661458795
209.0 1.35798944129054
209.5 0.8056159743171527
210.0 2.590178230174796
210.5 2.0943378648939253
211.0 1.2376325106827104
211.5 2.2490275141029152
212.0 3.629722619427949
212.5 3.2775885290730016
213.0 1.5760288288488455
213.5 1.6175413294046357
214.0 2.7963279828728815
214.5 2.005641479783908
215.0 1.8502808399376445
215.5 1.2939548086235466
216.0 2.1262061820328473
216.5 3.040237566818311
217.0 1.3843419736485953
217.5 2.616708168219009
218.0 1.9544206465002705
218.5 2.705268218178372
219.0 0.6281455735346659
219.5 1.1789335222442092
220.0 2.58064950895553
220.5 1.4927228346593797
221.0 3.8116845454913335
221.5 4.241788438946298
222.0 1.0444613454597171
222.5 3.4432161660860787
223.0 2.8951009745684826
223.5 2.4454092804180605
224.0 2.0611423002525626
224.5 1.6225380886346032
225.0 1.2978163402532437
225.5 3.2794971940363506
226.0 3.6725455634524558
226.5 1.83767063815977
227.0 1.2961765071231208
227.5 3.431024572078168
228.0 0.9899020324674819
228.5 1.1043350837376564
229.0 0.8008026288583763
229.5 1.1119311779695737
230.0 1.6431424053157717
230.5 1.4736966198132093
231.0 1.3642629243858182
231.5 1.5415255942452082
232.0 1.9169754233227672
232.5 1.277384737059422
233.0 1.7731175865474296
233.5 2.3022418699301648
234.0 1.9315678414294275
234.5 1.7308487506931525
235.0 1.8421561311941037
235.5 1.2175749755362426
236.0 1.5634596867371937
236.5 0.5920601983694216
237.0 1.7550002727070428
237.5 1.8273785527968687
238.0 3.0427444376508603
238.5 2.8913808492713233
239.0 0.9834338004319232
239.5 2.1418096952868977
240.0 2.42653028793037
240.5 3.8425230479913446
241.0 2.1195745721040384
241.5 3.563632733949472
242.0 0.2
242.5 3.168600797204401
243.0 1.6608015080160579
243.5 1.0421688232934352
244.0 1.9154492987509388
244.5 1.3706650058355927
245.0 2.7998117246513745
245.5 1.6723868253933198
246.0 0.670109012073087
246.5 1.0628733233464438
247.0 1.0857902549915939
247.5 1.3446203014930367
248.0 0.7661278518962962
248.5 0.8387964415984632
249.0 0.6314048378731487
249.5 0.7583352990549539
250.0 1.0798496761419505
250.5 0.7620808193448518
251.0 0.7564431128663514
251.5 0.7637927669133777
252.0 0.6040474193013012
252.5 0.8512042613906754
253.0 0.8671132722019452
253.5 0.7206523740188873
254.0 0.770732177292569
254.5 0.7445693839679854
255.0 0.6542604201551427
255.5 0.7369036644644391
256.0 0.7000220483936819
256.5 1.5655290499949113
257.0 1.0008501487276433
257.5 0.9628432143118552
258.0 0.7351638125712974
258.5 1.0192984378786014
259.0 0.8141813444985417
259.5 0.9601565401702605
260.0 0.934337773878303
260.5 0.9194134881151264
261.0 0.9577979958932309
261.5 2.6931735436246647
262.0 3.124948645707038
262.5 1.4269112403552513
263.0 1.7277411084251382
263.5 3.2403432776076597
264.0 1.5710082329308244
264.5 1.857932814444621
265.0 1.9436375855022656
265.5 3.689349606678601
266.0 1.5822042500006641
266.5 2.5983050355819737
267.0 3.2574671484822026
267.5 2.5433338113241946
268.0 2.5178694801839194
268.5 2.9109852355504566
269.0 1.6896682027219687
269.5 1.980561067828698
270.0 4.101649363050399
270.5 1.6216796435948928
271.0 1.993558519647097
271.5 3.416528086520855
272.0 2.439760348409551
272.5 2.524264486235376
273.0 2.3954200496892435
273.5 1.874756551344725
274.0 4.144852028597619
274.5 1.7667209074328052
275.0 2.758175317467415
275.5 1.272529163695592
276.0 1.2865479802301238
276.5 1.0980630890751144
277.0 1.4672700197395643
277.5 0.696690708555972
278.0 1.1567330702001881
278.5 1.0051629904686896
279.0 1.5806208891919957
279.5 0.8104926824287175
280.0 0.9953132809045876
280.5 0.7390621819193774
281.0 1.2190595480805988
281.5 0.2891331396634924
282.0 1.7391520275382426
282.5 1.3564620451658884
283.0 1.9597171857580453
283.5 3.1994756672760793
284.0 1.9031489444036793
284.5 0.6876298285344085
285.0 2.130271262871222
285.5 2.5555101199286216
286.0 3.222938437825804
286.5 2.5409314155793705
287.0 2.194032258279904
287.5 3.192833646250106
288.0 2.286100706603548
288.5 2.0811120587970264
289.0 3.58953229513994
289.5 1.5164567097981152
290.0 2.7486994813721415
290.5 2.4993828511867813
291.0 2.7268055254488415
291.5 2.9666613243859223
292.0 2.6591039397556844
292.5 1.6430297084410235
293.0 1.0479700329663149
293.5 2.630487229171834
294.0 3.85613731424818
294.5 4.115060369842569
295.0 3.3332643148461334
295.5 2.0686036727639285
296.0 2.9224092067803293
296.5 3.2279950078474586
297.0 3.3951361507396447
297.5 1.1983696239107409
298.0 1.1784472758698303
298.5 1.5998370606597216
299.0 0.9771510061161652
299.5 0.9920721746836259
300.0 1.4100911092349047
300.5 1.9194552775364304
301.0 1.0152640145443568
301.5 3.155804001487586
302.0 2.16328401048123
302.5 1.4183909973703819
303.0 2.0050062598141665
303.5 1.541701041848016
304.0 1.6151116058064625
304.5 1.911418774429524
305.0 2.7622758690459417
305.5 2.9157281303191662
306.0 2.9085354599486632
306.5 2.547011106782297
307.0 2.37533148402846
307.5 2.286766593889359
308.0 1.8653298917470864
308.5 2.2346441591519017
309.0 2.090258782286949
309.5 1.1258287389790984
310.0 1.8671351244897978
310.5 1.7420488187966745
311.0 1.7876691068792414
311.5 1.682051456815754
312.0 1.27857470937758
312.5 1.4257778181690406
313.0 2.957656259202425
313.5 2.703837220358719
314.0 0.8671109943863806
314.5 2.2578251329973864
315.0 3.1868413004875498
315.5 2.6248587187732975
316.0 2.140884485574909
316.5 2.152278211847303
317.0 3.038944136586046
317.5 2.2484774806448433
318.0 2.029984980020342
318.5 1.0631189039707831
319.0 0.2
319.5 2.4402109313995957
320.0 1.5032254257678639
320.5 2.1336843521113846
321.0 2.7209599622559564
321.5 0.931124653287186
322.0 2.7119705735701745
322.5 1.970357010935667
323.0 2.1762159221705955
323.5 2.599873104775391
324.0 2.9532483696481515
324.5 2.565212825198644
325.0 2.613036529768634
325.5 3.096115260971395
326.0 3.068089557463793
326.5 3.8573565052004115
327.0 3.308306294444682
327.5 0.2
328.0 1.7426263709679062
328.5 3.4861338102581705
329.0 1.2758041269827398
329.5 1.7457218729888995
330.0 1.705370648161725
330.5 1.5126459149686544
331.0 0.9420486750332036
331.5 2.269674254259364
332.0 1.4779407997130174
332.5 1.2705165855059066
333.0 2.426193388092278
333.5 3.7989353982992244
334.0 1.785012096382037
334.5 1.8968895975692837
335.0 4.156566264046363
335.5 3.037059546035942
336.0 2.9906568393015993
336.5 1.7676460295079366
337.0 1.8309603587949135
337.5 0.7198414372377322
338.0 2.648886851093179
338.5 0.2
339.0 2.256726155786319
339.5 1.7987462127634621
340.0 2.9261168830968813
340.5 0.9205490823378504
341.0 1.7256418159341762
341.5 1.0903659885156654
342.0 3.1667663995454225
342.5 2.9075080343978783
343.0 1.9540063285078295
343.5 1.252464864906273
344.0 1.338620521417298
344.5 1.4008985250481596
345.0 1.04371797074207
345.5 0.8264872253484917
346.0 1.6024313145389284
346.5 0.5701253514369369
347.0 0.8814105288452414
347.5 1.2250371621033247
348.0 0.6815982203263633
348.5 0.80364833640717
349.0 2.1637292585411334
349.5 0.5841007581919611
350.0 1.0100644452278784
350.5 0.9271082375278324
351.0 0.8290746152399758
351.5 1.0568927101753407
352.0 1.026801804138662
352.5 0.7871246086830859
353.0 0.9173622527343755
353.5 1.438309488632354
354.0 0.746925262483215
354.5 1.677918493468617
355.0 0.9335749264766124
355.5 1.383563615203647
356.0 1.7778415212521272
356.5 1.1796350586987532
357.0 1.090199517171324
357.5 1.7600542329539144
358.0 1.9130421015162073
358.5 1.9712759436446237
359.0 0.8613010503516432
359.5 2.0767913191348217
360.0 1.5836288075176832
360.5 1.3087392385476249
361.0 0.9188305004689433
361.5 1.7181370944354162
362.0 1.1183561892289222
362.5 2.489275483178987
363.0 1.6384960734117693
363.5 1.1592445418516713
364.0 2.161862644631399
364.5 1.063549795630108
365.0 2.7910080544289153
365.5 2.0203654554253774
366.0 1.6409169318485977
366.5 1.3800263885038424
367.0 0.9991249908303141
367.5 2.7756041102464892
368.0 1.8335722716482885
368.5 1.075547377485147
369.0 1.0350367794402127
369.5 1.5332179376259396
370.0 1.3151949480237994
370.5 1.2030025432740055
371.0 1.1487702772607342
371.5 0.7272836426817032
372.0 0.8181943553791563
372.5 1.1060824683617168
373.0 1.5343103874704127
373.5 1.5788044039784608
374.0 0.9537913440432563
374.5 1.5248505363156308
375.0 0.8867403197552028
375.5 1.0518265431274212
376.0 2.3452186147366043
376.5 1.7626725238898546
377.0 1.3846655214025363
377.5 2.085487390072891
378.0 2.336799194569968
378.5 2.22384364647262
379.0 1.7989163983114647
379.5 0.5160746144165982
380.0 0.5795110843162461
380.5 0.847309810997229
381.0 0.6647850521358857
381.5 0.4967441624446087
382.0 0.7262230408639938
382.5 3.200274235501962
383.0 1.9154286038999455
383.5 0.3934125359960805
384.0 2.1340544870717917
384.5 1.4715207682451945
385.0 1.160081127594578
385.5 3.145828032845306
386.0 2.2860031266244114
386.5 3.7641876148350946
387.0 2.6879621676562673
387.5 3.172999153255522
388.0 2.6619718076487295
388.5 3.424732677682277
389.0 3.3571711538321507
389.5 1.4595961000519413
390.0 1.2387127226529102
390.5 0.9460201696551447
391.0 1.082445980478296
391.5 1.5814356059799874
392.0 1.3692236383940752
392.5 0.9122022937805153
393.0 1.0656492734935576
393.5 1.1752043786051625
394.0 1.0807123391282247
394.5 0.7699914810199184
395.0 1.0281634276470435
395.5 0.8175701407478471
396.0 2.103580473373049
396.5 1.380270413081086
397.0 2.79081607332187
397.5 2.295722061065513
398.0 1.2046512695010043
398.5 1.0626915555810363
399.0 1.6887713142336778
399.5 1.231299014018548
400.0 0.8929288183889599
400.5 2.438699942496363
401.0 1.3212991351945433
401.5 2.7944691118435347
402.0 2.8692797497431775
402.5 3.2279076603418444
403.0 2.8554136897125124
403.5 1.2698537250602209
404.0 0.4740140989235979
404.5 1.4467089795463117
405.0 2.990012739047746
405.5 1.8684678360747282
406.0 2.723900468825846
406.5 0.9518433291639614
407.0 3.001978674357205
407.5 1.2290401192092657
408.0 2.573235312674247
408.5 0.7381194422559361
409.0 2.2369779691838616
409.5 2.53631245051408
410.0 1.8518379978158783
410.5 2.685207184540414
411.0 0.8625184168088227
411.5 2.5883351659610927
412.0 1.5589749214005615
412.5 1.071216033121717
413.0 2.581091125696525
413.5 2.217795137264648
414.0 1.1769235216903295
414.5 0.8984243411080721
415.0 1.5866667019241032
415.5 1.7145869820687076
416.0 1.0244215973471111
416.5 0.7713831184147694
417.0 1.0546965407087798
417.5 1.2466539912538241
418.0 0.9294083086234064
418.5 0.9988613847746065
419.0 3.7129669231523694
419.5 4.323873529517318
420.0 3.6516072032240174
420.5 1.9893777953721414
421.0 1.1320908356417587
421.5 1.965903823403501
422.0 2.9348542468167826
422.5 2.042081012601151
423.0 1.580866987304074
423.5 3.8121678882314396
424.0 2.4019341905747784
424.5 0.8957734483588738
425.0 0.8136050465418576
425.5 1.0507314692418164
426.0 1.3996346200843042
426.5 1.0369081262210722
427.0 1.1026479872429547
427.5 1.1632171278329886
428.0 1.2616320117128792
428.5 1.2783240035010084
429.0 2.038670792400781
429.5 1.9320811174080523
430.0 1.1424866854615097
430.5 0.9939039755753052
431.0 1.0795342061854216
431.5 1.3107300490662737
432.0 0.850702229864283
432.5 1.2927139127941896
433.0 1.4880804121758768
433.5 0.9544292274292856
434.0 4.182954713713782
434.5 2.6550883737936397
435.0 1.8974763105945
435.5 2.633699077979564
436.0 1.2070117902354496
436.5 1.6686098930258988
437.0 1.6325026128622353
437.5 1.8193963260605504
438.0 1.6755125399406265
438.5 1.1524663248131044
439.0 1.5983756899591806
439.5 2.1991927304978915
440.0 1.04260290017405
440.5 2.2205978980411105
441.0 1.7811233516278657
441.5 1.254842324560557
442.0 1.6599103135911943
442.5 1.5841036697733049
443.0 2.091405416784064
443.5 2.0141294036021993
444.0 0.8813690029352506
444.5 1.7140022266278176
445.0 2.8691261543380016
445.5 1.3155930299042422
446.0 2.4274454096139566
446.5 2.4466479847757023
447.0 0.9931210969181241
447.5 1.262673666269653
448.0 0.7403377996411249
448.5 1.8574760813253905
449.0 3.281309632364371
449.5 3.122046124327567
450.0 3.2495487730485353
450.5 2.040382417291668
451.0 2.0114610320238455
451.5 2.1715616643223714
452.0 0.9228892385715107
452.5 0.2
453.0 1.7614401070801127
453.5 1.167858400281062
454.0 1.7292570140634749
454.5 1.9496674563893674
455.0 2.3369345173724367
455.5 2.183641625834703
456.0 1.7322489787103765
456.5 1.4087207134442223
457.0 1.8125271327695418
457.5 1.2975826178526513
458.0 1.0527517450511925
458.5 2.7277036729242
459.0 1.710459415200828
459.5 1.816201959263479
460.0 1.4365055813848913
460.5 2.1274248888061607
461.0 1.3731449990840938
461.5 1.6916487872385362
462.0 1.1300412716085515
462.5 1.8811037973352838
463.0 1.4556262297983498
463.5 1.8667211317196832
464.0 2.0695507146133365
464.5 1.4689823552282366
465.0 2.0843211496342526
465.5 2.002551700020486
466.0 1.647448766792834
466.5 1.9285961810446655
467.0 1.8488026914406936
467.5 0.7175516553210162
468.0 1.5688029612352832
468.5 1.6275389385218368
469.0 1.487734520665383
469.5 1.855895028073446
470.0 2.7890128371990284
470.5 1.794689188629098
471.0 1.9501117389085054
471.5 3.2219161794115987
472.0 1.9075105227193874
472.5 1.3866472724044547
473.0 1.2209520758667207
473.5 1.6823609123575771
474.0 1.9579293455330011
474.5 0.5619455703539289
475.0 2.522329480382899
475.5 2.572409328862787
476.0 2.2775127178231007
476.5 1.6727649224375631
477.0 1.112213094575885
477.5 1.9929550759513566
478.0 2.2290039550415304
478.5 1.1926594569556275
479.0 0.2
479.5 1.7477822767283446
480.0 1.1489256577526745
480.5 0.5550372380333197
481.0 0.45298875070261446
481.5 1.9679928476671376
482.0 0.4166444849535449
482.5 1.3722344329507081
483.0 1.2721745743650377
483.5 2.527297318852048
484.0 0.854450577309512
484.5 1.7828038361340224
485.0 1.6583733551768893
485.5 1.9138972713686262
486.0 1.3658366981359302
486.5 1.2447286682164815
487.0 1.5333268327896565
487.5 1.605373454962976
488.0 0.8605118430468548
488.5 1.7924423590940655
489.0 1.7110626153485917
489.5 1.6164185379274207
490.0 2.3311956173198345
490.5 1.5014122261332883
491.0 1.0425593547290748
491.5 1.6783990598164569
492.0 0.7058387181823265
492.5 0.7733208546385961
493.0 0.6997004086656515
493.5 0.564138678386809
494.0 0.7471821280025517
494.5 1.7889238982486892
495.0 0.5131230015120807
495.5 1.4826922598046592
496.0 2.8063635333149874
496.5 1.8671296077789652
497.0 0.9188505562766995
497.5 1.3400070629714307
498.0 2.6585723278959303
498.5 1.3742861283079566
499.0 1.879768208287026
499.5 1.456780079000826
500.0 3.132436263104916
500.5 0.34493710822816914
501.0 1.5586686590006513
501.5 1.0624022000221092
502.0 1.5765495979796216
502.5 2.643047884004798
503.0 2.3586221524834103
503.5 1.6246670758021573
504.0 2.3860001102102535
504.5 1.6784607046935105
505.0 2.172216884819008
505.5 1.7540883744826719
506.0 1.4128812323409996
506.5 1.4878036010342213
507.0 1.2941844020080933
507.5 0.7195924409569754
508.0 2.1336847337952016
508.5 1.9100813961208458
509.0 2.2821076445970885
509.5 2.828242841880623
510.0 1.9812416426451414
510.5 2.2965755393711227
511.0 1.8033377533813222
511.5 2.4560211492647506
512.0 1.8008359467943174
512.5 1.2415156646573848
513.0 2.3728925382608796
513.5 2.1021034836146413
514.0 5.025421165660053
514.5 1.778633158881533
515.0 3.3071003590800228
515.5 0.742845360781021
516.0 1.8814196760892157
516.5 0.5208685375231377
517.0 2.7866687289850924
517.5 3.3563147918169447
518.0 1.811745160721081
518.5 3.150732705812163
519.0 1.963369039027095
519.5 2.472235734808997
520.0 2.5987646351571776
520.5 2.3446032834639605
521.0 1.7820442177450433
521.5 3.914599403354634
522.0 3.2701748179191945
522.5 0.3533982888121894
523.0 1.9456008668378222
523.5 0.5665924272930951
524.0 2.319800355968077
524.5 3.8734081590962353
525.0 0.2
525.5 4.101116557157714
526.0 1.7320851913683781
526.5 3.212786950120581
527.0 3.378563269656361
527.5 3.6436300656923777
528.0 2.9810991635701667
528.5 2.9074776081073392
529.0 2.1180436777790996
529.5 2.9108227861836182
530.0 2.1556818739898804
530.5 2.9716380078952964
531.0 3.318069830549522
531.5 0.7834709430013733
532.0 1.1024827111403865
532.5 2.6871213846885684
533.0 3.7707501204609537
533.5 3.8186607244293613
534.0 1.3817142508295297
534.5 1.1676590833205531
535.0 1.566210753706256
535.5 1.8608526142405728
536.0 2.0145038379174793
536.5 0.5548836150875194
537.0 2.1995606872450195
537.5 2.023966096879426
538.0 1.2801294461747261
538.5 2.8580821153413
539.0 3.6528296132704288
539.5 2.2168653590190557
540.0 1.6577916739310865
540.5 1.6965643844899907
541.0 0.8315954133945899
541.5 1.109979762396557
542.0 0.7437881413993084
542.5 0.5475630267960234
543.0 0.8626211484227024
543.5 0.6669611549674586
544.0 2.1010741507424493
544.5 0.7216017299416341
545.0 1.3322382468708405
545.5 1.319349907302401
546.0 1.1498945454830851
546.5 2.791881645200044
547.0 1.5701495288926242
547.5 1.5959842959819146
548.0 1.780869975834432
548.5 2.991440369291664
549.0 1.0281278256054631
549.5 0.805031143959245
550.0 0.8244777927590266
550.5 0.9365043378576854
551.0 0.8930031260586633
551.5 0.8443042985985924
552.0 0.43866094841331965
552.5 0.7817080786131326
553.0 0.8583930486922582
553.5 0.8850563327648998
554.0 1.1408544803181928
554.5 0.936494723575045
555.0 1.3617420829048354
555.5 1.0921549254429568
556.0 1.0185788838238128
556.5 1.0895050423410613
557.0 0.8687049368890483
557.5 0.9408963925486692
558.0 0.8830052201830914
558.5 0.8785605364366347
559.0 0.8211176734408347
559.5 1.2690259115283948
560.0 1.4308265255316117
560.5 1.0813554359933077
561.0 2.1950616338102593
561.5 1.7820428953610687
562.0 1.78602843695766
562.5 2.114151818259979
563.0 3.1719425809152035
563.5 1.786994233199395
564.0 2.950188816252788
564.5 0.8912312411589527
565.0 1.074447530498976
565.5 1.6569024904756056
566.0 1.7559937358073971
566.5 2.5292348099882207
567.0 2.283198479077257
567.5 0.682557266480917
568.0 1.5698148565846832
568.5 1.1512569082770276
569.0 3.462473031568468
569.5 0.9651549001395865
570.0 1.0544193498518444
570.5 1.0952885799162222
571.0 1.9575382221450472
571.5 2.0501439961560814
572.0 1.99284773426992
572.5 1.079461375778517
573.0 0.8616119110420031
573.5 1.3473454455731142
574.0 1.9919581435793885
574.5 2.050357804724831
575.0 3.0947271635771063
575.5 1.1382031614304902
576.0 1.8440998200806615
576.5 2.14583335263457
577.0 2.290862005670844
577.5 1.6007419773466698
578.0 0.8921260814672156
578.5 2.2986000197645247
579.0 1.5251552187530752
579.5 2.1146954833143616
580.0 2.26815524591764
580.5 1.3550029016214835
581.0 1.6328939541047116
581.5 1.8867647287758424
582.0 1.8360845916847968
582.5 2.354429691500959
583.0 2.449659185962294
583.5 2.2150046972075397
584.0 1.5804868073051423
584.5 2.794985365710171
585.0 1.8309556308879915
585.5 0.7932981813198332
586.0 1.6128951262180387
586.5 0.7827346154406303
587.0 0.5654122891220698
587.5 1.2327627580119056
588.0 0.6800111295202809
588.5 0.8496002879278548
589.0 0.7047466442139252
589.5 0.7687042892059082
590.0 0.7024210074636399
590.5 0.7833487129308945
591.0 0.7138701172838737
591.5 0.7904194772066206
592.0 0.7629711192273487
592.5 0.6406290502716983
593.0 0.7610426057740929
593.5 1.6811124065444547
594.0 1.6063302649208424
594.5 1.189226612016748
595.0 1.0248589271623907
595.5 3.1130555890271436
596.0 2.668666606952545
596.5 0.9763924849923276
597.0 3.027870302788502
597.5 2.141928867057563
598.0 1.7663142743771725
598.5 3.1383224082051857
599.0 2.5521765046225675
599.5 2.677884870886442
600.0 0.9242476312280026
600.5 0.5344333216006001
601.0 1.1812733794511046
601.5 2.0460918041398832
602.0 1.4870599578493122
602.5 1.5719828495744985
603.0 0.7738432413234525
603.5 1.6181211424772899
604.0 0.46139514241825863
604.5 1.2867294841243595
605.0 1.0022621493495854
605.5 0.5660274303011992
606.0 0.9751917445697686
606.5 2.228301913874676
607.0 2.097480908168594
607.5 2.362969605079834
608.0 2.5200268342730507
608.5 1.5125772539502944
609.0 2.5171265552907167
609.5 0.6947200490507447
610.0 0.7084799050389183
610.5 0.8459563515740629
611.0 0.9992907838463655
611.5 1.7441692774824502
612.0 1.3650165065010893
612.5 1.9287215234038204
613.0 0.9426513524756087
613.5 0.5910763970315541
614.0 0.9222984494682248
614.5 1.1591291737458391
615.0 0.9844022089492139
615.5 0.8447966960676814
616.0 0.6429586710393486
616.5 1.0807088891006922
617.0 0.8366832748739519
617.5 1.1178516466966415
618.0 0.6517997110881563
618.5 0.8200708879013936
619.0 0.7954503367214022
619.5 1.1956010122254037
620.0 0.3726030338921915
620.5 1.7623295136510584
621.0 1.976545418668377
621.5 1.3843838323338753
622.0 1.48725332872808
622.5 3.0101987876164507
623.0 2.0682009454495898
623.5 2.16746794109422
624.0 1.928917254746869
624.5 1.3607072963065083
625.0 0.8834960175005317
625.5 2.6182634471116852
626.0 1.7779086493454896
626.5 0.5121949632989127
627.0 0.2
627.5 1.280709940458721
628.0 1.7221289078998085
628.5 1.1540598859918132
629.0 0.7921113435154392
629.5 1.2686940755406309
630.0 1.544454271901894
630.5 1.4368800241574124
631.0 1.3269641941458457
631.5 0.4371419032814785
632.0 1.887569322540345
632.5 0.812047405502633
633.0 2.0039881175144836
633.5 0.9855281535731865
634.0 1.5495024921901752
634.5 1.1229175780360277
635.0 1.4342352821319668
635.5 1.57386093995067
636.0 1.3109233379412928
636.5 2.349731484981982
637.0 1.3409062874714537
637.5 3.052077345325553
638.0 2.230984256815013
638.5 1.8288774322438683
639.0 1.63156689164454
639.5 1.5177996828706255
640.0 1.4628037997125702
640.5 1.2613259069327827
641.0 0.9999029516810901
641.5 1.8088149268161948
642.0 2.1556350421257027
642.5 0.6834814956132801
643.0 1.047578299995367
643.5 0.6633722178763675
644.0 2.472197516907897
644.5 0.9374444720053456
645.0 1.6745523600144336
645.5 1.5143191840828598
646.0 1.637855242728778
646.5 0.659049209704352
647.0 1.425335820925055
647.5 1.3204480352887722
648.0 0.9519800888155292
648.5 1.9381045245417459
649.0 0.9872400214655369
649.5 1.960477681295781
650.0 1.6018144027814787
650.5 1.547861158681715
651.0 1.2714783099450258
651.5 0.8370635128437831
652.0 0.9821873361797911
652.5 1.4409444913308014
653.0 0.9307212744749973
653.5 1.291569269475433
654.0 1.6903475805822732
654.5 1.3783061281070264
655.0 0.8393500853067551
655.5 0.7813494107795455
656.0 0.9773372578572425
656.5 1.51980288779332
657.0 1.007227036037618
657.5 1.5152992316436955
658.0 0.72740710892428
658.5 0.6882231842000339
659.0 0.5956728341544342
659.5 0.7471931487743859
660.0 0.6228604272736242
660.5 1.6276444606103775
661.0 1.1329725739695422
661.5 2.1574541157175906
662.0 1.5702801860175428
662.5 1.248819635846942
663.0 1.2448367537113882
663.5 0.9692589905309773
664.0 1.1162276121924395
664.5 1.0120189578161003
665.0 0.38988712848480844
665.5 1.2879423761248008
666.0 2.6357847240704864
666.5 3.0445768807253177
667.0 1.7007149492575562
667.5 0.9447877536899776
668.0 0.8327581868139015
668.5 1.3162364793700745
669.0 0.7765672365640118
669.5 0.9143438781454929
670.0 1.0639180218782542
670.5 1.4989678431704552
671.0 1.231484636761222
671.5 1.1550479400776599
672.0 0.4395024121658644
672.5 0.8577248497656389
673.0 1.2205256074889919
673.5 0.5112762749262126
674.0 1.7422454811212917
674.5 0.9563533922081481
675.0 1.4926785854207187
675.5 1.9310975537251311
676.0 0.5598062252468183
676.5 1.8005671715836808
677.0 1.6176411031179923
677.5 1.4172031554557103
678.0 1.4729412094819767
678.5 0.8903892276292673
679.0 0.7034535825772716
679.5 1.2147384554309433
680.0 0.8621733005382853
680.5 1.8894735894957588
681.0 1.4404410001154204
681.5 1.0653160156638064
682.0 1.2288296888806596
682.5 1.465163566666401
683.0 1.5353776957196525
683.5 1.1299393506780302
684.0 1.1493655196063757
684.5 1.1003946366664192
685.0 1.6450093198158622
685.5 1.3471936965671727
686.0 0.8918961084243533
686.5 0.9291226793271332
687.0 0.7697267532942725
687.5 2.3962711618811072
688.0 1.5744412522217774
688.5 1.0269569138324273
689.0 1.022109149112183
689.5 1.03060775697369
690.0 1.755706425035761
690.5 0.536128324708631
691.0 1.4469858009196017
691.5 0.32988884096723425
692.0 1.2956932861567332
692.5 0.9524580780559779
693.0 1.7666364210761156
693.5 1.7950738679609093
694.0 1.1407126419227371
694.5 0.7392599328360165
695.0 0.5819825470494322
695.5 1.8000937455646715
696.0 1.8988610638136578
696.5 1.924769932869204
697.0 1.0501910711616675
697.5 2.1873027003451284
698.0 0.8378180953734737
698.5 1.4848892230612796
699.0 0.7285563236982953
699.5 0.6327027064981343
700.0 0.7144653466958522
700.5 0.7145732953419726
701.0 0.5244665745509496
701.5 0.7302544440321399
702.0 0.7177374938901875
702.5 1.6974606626278694
703.0 2.9202345237815335
703.5 1.3032505682290134
704.0 1.772284464265649
704.5 1.7482572821114433
705.0 1.7737036920042177
705.5 0.2075328395991689
706.0 2.0771395022663572
706.5 1.5008878807777084
707.0 2.03344111064479
707.5 2.622688961925877
708.0 1.3884756923617858
708.5 2.9490154642366617
709.0 2.936019316650115
709.5 3.7016803835136476
710.0 2.5117078243836155
710.5 1.8442761497301352
711.0 1.4141554166770334
711.5 2.3019995488016676
712.0 2.306848223770304
712.5 2.8495129378082966
713.0 2.793093976105063
713.5 2.2262930979688695
714.0 1.6850492714320855
714.5 2.1368268308118448
715.0 1.7809161894155
715.5 1.344591307147736
716.0 0.8458954689104063
716.5 0.9159516260519346
717.0 1.054096248789485
717.5 0.7872910545698314
718.0 1.4052251778970788
718.5 1.9833803671954486
719.0 2.9842203436465655
719.5 2.2925299131663555
720.0 0.6677387747249153
720.5 2.9727227592387053
721.0 0.8974473486702492
721.5 1.4404177563348934
722.0 1.9291046422486333
722.5 1.2630644420297723
723.0 2.546309946275098
723.5 1.8311919389712505
724.0 2.035146533691111
724.5 0.8230349483647179
725.0 2.777817916131415
725.5 2.143118907967232
726.0 1.0351793932277564
726.5 1.8981282204407508
727.0 2.278353771430529
727.5 0.7340546546474231
728.0 1.3875479008233378
728.5 2.3637178340985727
729.0 2.8724058407791473
729.5 3.43444332273217
730.0 4.7366480000830595
730.5 3.161119662413376
731.0 3.061605359366448
731.5 2.7584236235186195
732.0 3.5840478319327644
732.5 1.0937048619057714
733.0 1.389872326531764
733.5 3.6525114245828076
734.0 3.2125599144933545
734.5 4.152457964378198
735.0 1.3413109204944025
735.5 4.096280060211694
736.0 1.964538785551535
736.5 4.257582346549325
737.0 2.549191945293762
737.5 3.012824626503437
738.0 1.902105042388952
738.5 1.3668746391522517
739.0 2.0116167230134288
739.5 2.386006165502674
740.0 2.364239630385824
740.5 2.0608101167951705
741.0 2.66114379717962
741.5 2.442011871440025
742.0 1.8115812092464092
742.5 1.6098078655633854
743.0 1.1547949777739688
743.5 1.366743691996545
744.0 0.9987056274800025
744.5 1.847856661778075
745.0 1.6957199924245872
745.5 2.010458313254416
746.0 0.4929495038824443
746.5 0.9313836808856513
747.0 1.9424141784541262
747.5 1.5112570959270617
748.0 1.8734019869470695
748.5 1.4742523662223965
749.0 0.7753457418903434
749.5 1.328789911253598
750.0 1.0701088182971987
750.5 1.5665170837146958
751.0 2.4507948628810627
751.5 1.7534437879241473
752.0 1.9490337182960864
752.5 1.070019021825888
753.0 1.6147312193122159
753.5 1.783129922271188
754.0 2.1054774157811247
754.5 1.9918102295070301
755.0 1.9681378780142698
755.5 2.91361070611138
756.0 2.3252763634483316
756.5 1.3934900239097257
757.0 1.669120403984631
757.5 1.6041234598759155
758.0 0.7535413473045838
758.5 0.6346250760201398
759.0 0.7004489685175435
759.5 0.5721749291962663
760.0 1.9289157452418033
760.5 0.7361262831492015
761.0 1.4697216405449987
761.5 3.105583036092889
762.0 2.2138437115481877
762.5 1.4564004377449193
763.0 3.9570070735544696
763.5 0.2
764.0 3.9346608114531856
764.5 2.0929226315708354
765.0 2.3763916638662614
765.5 2.3926530092810188
766.0 0.7636452109057832
766.5 2.044727661972226
767.0 0.7156608376797857
767.5 2.740834862757901
768.0 1.3157664603192971
768.5 2.8232382069454727
769.0 3.316108140775107
769.5 3.273950289699028
770.0 1.4725508818508743
770.5 2.3381400074045806
771.0 2.051523708079634
771.5 3.231211502480559
772.0 3.529617490114558
772.5 1.0276857136906505
773.0 1.4776411699519028
773.5 1.6844774481008495
774.0 2.9241687526755786
774.5 2.247623424092853
775.0 1.7824843152949434
775.5 0.7752511278429783
776.0 1.8332427656391013
776.5 1.261652804787786
777.0 2.457756391866342
777.5 1.47347636604478
778.0 1.870902566272791
778.5 2.449670598965949
779.0 2.6849709877068837
779.5 2.055140999283112
780.0 1.591037891496899
780.5 2.710919517308855
781.0 1.5814317158058668
781.5 2.3239498360788344
782.0 2.7611999116412926
782.5 2.2297706246264473
783.0 0.7545109368933298
783.5 2.925115157053467
784.0 1.9670362971619506
784.5 1.9963811585031455
785.0 1.347713136615205
785.5 1.017508408340801
786.0 2.944221445848349
786.5 2.6180187444120495
787.0 2.342055075385818
787.5 1.7273642181418256
788.0 2.2579766084410164
788.5 1.4101887538513989
789.0 1.9171396852907618
789.5 2.2966814575332335
790.0 0.9942398173927594
790.5 0.9505861450481912
791.0 1.3848084255516833
791.5 2.5529481959513847
792.0 2.691064035802416
792.5 0.8624845621115098
793.0 1.2034647562903529
793.5 2.759250221013926
794.0 1.5873609444505288
794.5 1.6617286946874459
795.0 2.085597596171221
795.5 2.6677188377967282
796.0 2.4347989193907678
796.5 1.5004592083434687
797.0 1.887832650203918
797.5 1.7484612937884685
798.0 2.1583886075694814
798.5 1.2368126112500177
799.0 0.7481441822766616
799.5 1.6081531077773048
800.0 1.110525773512974
800.5 1.1750981382049872
801.0 1.672631267398862
801.5 1.8247731429747935
802.0 3.0097761691844536
802.5 3.0015177364250394
803.0 2.5731978975242424
803.5 2.072078555695997
804.0 2.094419877206919
804.5 2.529841764560699
805.0 2.922757498894807
805.5 4.142598721319738
806.0 1.6055504803912202
806.5 3.189216748706176
807.0 1.6870202238992384
807.5 1.9327242467569545
808.0 1.5237021238307253
808.5 0.9590781344753763
809.0 2.7925920614318245
809.5 3.021494136726254
810.0 2.4361902503369377
810.5 0.8213535178497757
811.0 2.4440246484281962
811.5 1.4075408749363305
812.0 1.878806658784153
812.5 1.8290489226942874
813.0 1.978818327610468
813.5 2.1694167607575707
814.0 2.0897066960408215
814.5 2.5023923468006077
815.0 3.063761446061843
815.5 2.432322126126522
816.0 1.9705274975545644
816.5 0.9016100671839955
817.0 0.7229715264154624
817.5 1.0713326619897456
818.0 0.9202656448217706
818.5 0.805407259331328
819.0 0.8105277485578648
819.5 1.0412902225049125
820.0 1.2991075719704164
820.5 1.6272769945679255
821.0 1.5587968005508126
821.5 0.9931156787940552
822.0 1.5064613979505892
822.5 1.4340723046838753
823.0 1.1585629078006394
823.5 2.6060163799311757
824.0 2.797700613289617
824.5 2.5008638949237345
825.0 1.3933315785879579
825.5 2.9150448764480554
826.0 3.832814918335889
826.5 1.8518755106212106
827.0 2.9083430140977944
827.5 2.0588789600320028
828.0 3.2609330455049683
828.5 1.6416087928545289
829.0 1.9980497684938192
829.5 1.3795890827884068
830.0 0.7688962803234477
830.5 0.8679785914169911
831.0 1.3765184792963125
831.5 2.0451611747289267
832.0 1.3590724738543032
832.5 2.2574009911163273
833.0 4.403057569419033
833.5 1.5007437379966277
834.0 0.2
834.5 1.4114740059768947
835.0 1.4674064737962946
835.5 2.4402045609019236
836.0 0.30794531817437587
836.5 2.2749583797809936
837.0 1.9813394293027824
837.5 2.0041068122522354
838.0 2.517153355622378
838.5 2.9418525409050664
839.0 2.2644596869189844
839.5 2.2074558573953995
840.0 2.673656845084726
840.5 2.1796000945518252
841.0 2.0354005824117194
841.5 1.2951395239935335
842.0 1.9883345988779608
842.5 3.2823017494621594
843.0 2.6815605401730798
843.5 0.7800581752111806
844.0 2.766169089876504
844.5 1.7753529615832835
845.0 3.7894807419311443
845.5 3.5724364068485466
846.0 2.9440928998157987
846.5 2.6470689264147067
847.0 1.6554317935298832
847.5 3.869279846596573
848.0 2.958858021548212
848.5 2.8418721096720616
849.0 2.59693673250224
849.5 4.819673582269419
850.0 1.3544580176129979
850.5 1.389798551286635
851.0 3.215986633593152
851.5 2.5458001260776344
852.0 2.351487190664278
852.5 0.2
853.0 1.9973839791503678
853.5 0.994306966469518
854.0 1.3920896645964398
854.5 0.5653884727528079
855.0 0.8977544319403643
855.5 1.1677572132703837
856.0 1.3540039876437344
856.5 1.1597829264867887
857.0 1.552014446040963
857.5 1.3110003137218573
858.0 1.8214966534362493
858.5 1.4712298613369863
859.0 0.9474382107211099
859.5 2.848009830798486
860.0 2.4475044555603898
860.5 1.720264507845181
861.0 3.017345000574883
861.5 1.6464849249416744
862.0 1.8986716280745288
862.5 2.2129630166593213
863.0 1.0964504395529049
863.5 2.6473980581971954
864.0 2.7129992870253545
864.5 0.8822931403056677
865.0 2.531115057773573
865.5 1.2558839435214488
866.0 3.141888110108141
866.5 1.366119402858224
867.0 1.7830246071517226
867.5 1.9536295347349526
868.0 2.522061954194551
868.5 1.102072194552575
869.0 0.2
869.5 3.1087288603516665
870.0 2.401780245796198
870.5 3.149798774930478
871.0 2.6660341838380344
871.5 2.292256560088171
872.0 2.3581781041912384
872.5 3.2144363136021408
873.0 1.6647095221897459
873.5 1.1881493501478873
874.0 1.3279969597080896
874.5 0.9115615952008488
875.0 1.2725040855230825
875.5 0.7436364696409843
876.0 1.074679925269158
876.5 0.99485112823027
877.0 0.9132906536367208
877.5 1.2924615313868577
878.0 1.0147874148269302
878.5 0.7266314006402153
879.0 0.9332286807311848
879.5 0.9784840915081282
880.0 0.8982534457454315
880.5 0.9767538437814461
881.0 0.637312979242641
881.5 2.5385390646870256
882.0 0.4308062253394913
882.5 1.6648268967891562
883.0 2.961276804968885
883.5 1.5175093832878916
884.0 1.7351347841300475
884.5 3.4648273792628927
885.0 3.881730788949845
885.5 1.116179779127789
886.0 1.6140608551426527
886.5 3.2449306973390786
887.0 1.7802512569622448
887.5 2.253152776492283
888.0 1.324649937022001
888.5 0.8534831093662978
889.0 1.1272037622368887
889.5 0.2
890.0 3.2884219556862457
890.5 1.3596925362768313
891.0 2.917218722717162
891.5 2.8915313133305554
892.0 1.9492579369428156
892.5 2.008101483485426
893.0 2.485120172770107
893.5 0.7943352368492694
894.0 1.2293334954632358
894.5 0.6357703221486696
895.0 0.8425831478223149
895.5 1.4785586665456338
896.0 0.5612900449811612
896.5 0.9849239957457673
897.0 0.8989579921685213
897.5 0.7225824520121826
898.0 0.8077371484312057
898.5 0.515671761365704
899.0 0.8251373481271276
899.5 1.3144086075821146
900.0 1.5885085946625606
900.5 0.6004336619582582
901.0 2.0300089651379776
901.5 1.5312702995367182
902.0 1.407895623370375
902.5 1.9525857110734117
903.0 1.5581351658707434
903.5 1.52210300135363
904.0 2.2114857861372084
904.5 2.7356261518688214
905.0 1.653584340334655
905.5 2.058527747813431
906.0 0.8409027405425762
906.5 2.431703530782089
907.0 1.865330016321961
907.5 1.8781491607004845
908.0 1.6245526463249824
908.5 2.7084683769787823
909.0 2.2711360938393517
909.5 1.851550858744404
910.0 0.9883664166360507
910.5 1.880012125284872
911.0 2.8134584428407123
911.5 0.8530719639500689
912.0 0.8918498269780964
912.5 0.919779627498129
913.0 0.9720372345911478
913.5 1.0577038928131244
914.0 0.807310232217327
914.5 0.6029283277762546
915.0 0.7761728340253887
915.5 0.7160120166514774
916.0 0.4843956186347091
916.5 0.8002136506761152
917.0 0.6985979698315763
917.5 1.2651218803749362
918.0 1.151433542891482
918.5 1.0228901143087192
919.0 1.3066649302412756
919.5 0.9738363456984745
920.0 1.597420778615691
920.5 3.009465226681474
921.0 1.8158901655537947
921.5 1.0198878184959261
922.0 1.244680917004871
922.5 1.7967812593783097
923.0 1.3005245548348674
923.5 0.9923157198725034
924.0 1.0981445071723164
924.5 1.3266473828782415
925.0 1.4735510852565983
925.5 1.7198224117974423
926.0 0.9124761869984552
926.5 0.7958888499738045
927.0 1.7729375305090687
927.5 1.2744078789791535
928.0 0.7192333982813096
928.5 1.0033383188556593
929.0 1.0140225164215249
929.5 0.7321702257483715
930.0 1.0016507186032608
930.5 0.6536294803078196
931.0 0.6189007796614472
931.5 0.6809146156704488
932.0 0.840465553510499
932.5 0.6710105639893224
933.0 0.8613179329642846
933.5 0.8475620540256508
934.0 1.0097836159813522
934.5 0.9597784639989563
935.0 1.2027039233567596
935.5 0.90449582418786
936.0 0.5553734928860562
936.5 1.0347363329139216
937.0 1.0149461231912817
937.5 0.680262978871573
938.0 1.0808282985202733
938.5 1.196598563513162
939.0 0.6205691740309204
939.5 2.1463738516038173
940.0 1.3101879997677899
940.5 2.606859101857866
941.0 2.940861884322814
941.5 2.422905292721288
942.0 1.7101510977101653
942.5 0.9166191358278841
943.0 1.3622592805123053
943.5 2.6795874055279096
944.0 1.6676689045306916
944.5 0.957838819597016
945.0 2.0002805091150995
945.5 0.9871972252704898
946.0 1.0041187393755102
946.5 0.863524269282328
947.0 1.0886877811779572
947.5 0.8387050733699878
948.0 0.800902653684189
948.5 1.0608540821607388
949.0 1.2288252974150335
949.5 1.0886451108294404
950.0 1.3175150559777302
950.5 0.9040308732635371
951.0 1.4839154198098425
951.5 0.42022838137603447
952.0 1.2510064649496568
952.5 0.8375302929700159
953.0 1.1532141589729643
953.5 1.5133000112798336
954.0 1.181206350012879
954.5 1.1277761819474394
955.0 1.2731137136281037
955.5 1.0406543721139285
956.0 1.5944133443189832
956.5 0.8380605048952259
957.0 1.3846518039530686
957.5 2.0522688916668987
958.0 1.0204551801134925
958.5 0.5349405371625859
959.0 0.8152383833510821
959.5 2.70449277376687
960.0 2.5094085640077206
960.5 2.548606810735633
961.0 1.4577143109100945
961.5 1.3462698946443061
962.0 1.6873881233653996
962.5 0.2
963.0 2.0073378230291326
963.5 0.528670479730643
964.0 1.840848956696972
964.5 2.1338761681713816
965.0 1.1856074393462301
965.5 1.175040718995217
966.0 2.1897446937615186
966.5 1.0481375072097487
967.0 0.829027530460224
967.5 0.8533435912754636
968.0 1.4367153130189467
968.5 2.117489585934274
969.0 1.7137433384101506
969.5 1.7210182027426069
970.0 1.9003971422365111
970.5 1.0057150789296072
971.0 1.6184011462646162
971.5 1.5081103433671994
972.0 1.7250355487691293
972.5 1.4121033210338079
973.0 1.3337398914510046
973.5 0.30258447883808337
974.0 1.5750694350912746
974.5 2.0872948423024216
975.0 1.4580966454724318
975.5 1.2599421168957479
976.0 1.4310733968002336
976.5 1.4263670085740623
977.0 0.7555180120391634
977.5 1.4355822201004125
978.0 0.8980970934891332
978.5 1.401585781983592
979.0 1.6705650168832995
979.5 1.529523298840636
980.0 0.43569930749867924
980.5 1.2252697811282869
981.0 0.684162430342474
981.5 0.8507575900570727
982.0 1.6406361676120678
982.5 1.8107242239943317
983.0 1.146940703382175
983.5 1.8486930668857462
984.0 0.2
984.5 1.6472442806110539
985.0 2.148216091126378
985.5 1.862484220132363
986.0 1.0129807835886258
986.5 0.9955254173256645
987.0 1.6434164027207894
987.5 0.7226321237589071
988.0 1.620343907923945
988.5 0.973665009497634
989.0 0.971327251245352
989.5 2.2810411205153365
990.0 1.316970450728447
990.5 1.6260107897616076
991.0 1.4047573970979406
991.5 0.8877337781252581
992.0 1.844960502367137
992.5 0.9209917112731674
993.0 1.484884121833664
993.5 0.6718813606269085
994.0 1.1868665755595929
994.5 1.337777021305856
995.0 3.1857598463308587
995.5 2.3467094652057034
996.0 2.2633543535168497
996.5 1.7396431241267554
997.0 4.685130302112188
997.5 3.2594864426294796
998.0 2.0311388960977026
998.5 1.088951874056019
999.0 1.8282666361476236
999.5 2.286899278099658
1000.0 1.1069238833369577
1000.5 2.449783035652887
1001.0 1.8777383468308777
1001.5 1.9493392184669598
1002.0 1.8037819601046006
1002.5 1.098426161213788
1003.0 1.3467405082985713
1003.5 0.453566259334681
1004.0 1.1399026121568583
1004.5 0.5826402841688141
1005.0 0.7678514698290135
1005.5 1.3644438951923645
1006.0 1.3464389228338025
1006.5 1.1831831305682614
1007.0 0.9153670455297654
1007.5 1.3972993438384556
1008.0 0.9114230064560489
1008.5 1.276891934430712
1009.0 1.901659279508757
1009.5 2.177508301904354
1010.0 1.9382485759754577
1010.5 0.8561209892513909
1011.0 1.3996455164301338
1011.5 1.3410117859902506
1012.0 1.3662077919945088
1012.5 1.1479961119370687
1013.0 0.8998407782470859
1013.5 1.3412973647683364
1014.0 1.1863020219882348
1014.5 0.6615429488924461
1015.0 1.6171168990969778
1015.5 2.134910018824631
1016.0 1.7927953233834002
1016.5 2.0292496039618424
1017.0 2.436677227684725
1017.5 2.383695324893904
1018.0 1.227107196967929
1018.5 2.3859873009602817
1019.0 0.8864802266626927
1019.5 0.9275162547586266
1020.0 2.3480797515977625
1020.5 2.3704805251398433
1021.0 1.405592363243691
1021.5 2.560357211581376
1022.0 1.936429401241242
1022.5 2.8069690859427032
1023.0 1.547057539338196
1023.5 1.1703823400808313
1024.0 1.309995119630641
1024.5 0.2539221327864877
1025.0 0.943162043082577
1025.5 1.3167657852985386
1026.0 0.9022373577304246
1026.5 1.505740667811362
1027.0 0.8304948525406274
1027.5 1.9683494929829262
1028.0 1.381925063638978
1028.5 1.695582294523616
1029.0 2.194430933313158
1029.5 2.0406382078585485
1030.0 1.5004800740533861
1030.5 2.884959142686844
1031.0 1.0964983155785926
1031.5 1.5795924955462821
1032.0 1.6802694663929651
1032.5 1.1258872369294264
1033.0 2.1946740233562654
1033.5 1.0526480364158424
1034.0 2.835975216855001
1034.5 1.4487974986137935
1035.0 1.8727387870720658
1035.5 1.500448400897282
1036.0 1.0839019289244298
1036.5 1.1024556013385611
1037.0 1.0568403337332368
1037.5 1.4522329879544846
1038.0 1.5234853088862437
1038.5 1.9895320829256464
1039.0 1.929222237461039
1039.5 2.328139440288684
1040.0 1.7837367658439938
1040.5 1.9541334302580695
1041.0 0.9964957465636282
1041.5 2.179032377795235
1042.0 3.1353325916854646
1042.5 2.9992283427254707
1043.0 1.5305976615714019
1043.5 3.554140408885062
1044.0 1.9669155135257879
1044.5 1.5710978597781413
1045.0 2.115837843951881
1045.5 2.6244938390699764
1046.0 2.9641201632755734
1046.5 2.0206159727626454
1047.0 2.114764475479933
1047.5 3.4146558690200575
1048.0 3.1884831365253516
1048.5 4.165456769834062
1049.0 2.3593372151968355
1049.5 3.603341158820367
1050.0 1.392839766157246
1050.5 1.0955937760338426
1051.0 1.2430730035161743
1051.5 2.660112538748211
1052.0 2.862370264810894
1052.5 2.2812993151790426
1053.0 3.569833546851277
1053.5 2.044359738370818
1054.0 1.2759291720231445
1054.5 2.5202071281161125
1055.0 3.1657544286098003
1055.5 2.3036489046871163
1056.0 1.7731817975043933
1056.5 2.8953036489348754
1057.0 2.039793360962059
1057.5 1.543046653544761
1058.0 1.0021327970072837
1058.5 1.8277884025044653
1059.0 1.7095671262645742
1059.5 3.122716144539848
1060.0 1.2453759306723362
1060.5 2.7540468206108946
1061.0 0.23549815771829108
1061.5 2.129707846004623
1062.0 2.7321130066533224
1062.5 2.349477440773478
1063.0 0.2
1063.5 2.969404525372835
1064.0 1.4090143886528792
1064.5 3.1167895123384763
1065.0 2.9740635956983805
1065.5 1.8095552920902904
1066.0 1.4261477443344184
1066.5 2.459041299425981
1067.0 2.9865455598341804
1067.5 2.257427663149012
1068.0 2.388700279200507
1068.5 1.7470347329830622
1069.0 2.8319519445220207
1069.5 2.1777982414755104
1070.0 1.4162718093488338
1070.5 1.9033192594520738
1071.0 2.2745013736858435
1071.5 2.2460483854323634
1072.0 2.651559819916373
1072.5 0.9752768209333378
1073.0 2.140299631839182
1073.5 2.5888090363857774
1074.0 1.7793433975247952
1074.5 2.4136014961969647
1075.0 1.9038112617363208
1075.5 1.704810900284663
1076.0 2.132374538594693
1076.5 3.5828280851873355
1077.0 2.925902688604147
1077.5 1.5857201052959387
1078.0 3.1439467002011092
1078.5 2.2319371809625426
1079.0 0.6363206237146879
1079.5 0.6004593206616761
1080.0 0.9222384891713233
1080.5 1.2882529977076504
1081.0 1.7692348727406095
1081.5 1.44505826391125
1082.0 1.3732197976850697
1082.5 1.378258647505719
1083.0 1.5880090998602816
1083.5 1.695701772321577
1084.0 1.6177439312678819
1084.5 1.4836940641451581
1085.0 1.952808232674981
1085.5 2.338349200027776
1086.0 1.3205559894149064
1086.5 0.637568816189424
1087.0 1.1623448671294825
1087.5 1.713712289965445
1088.0 1.073767416464951
1088.5 1.3317079690329048
1089.0 1.9834116701318878
1089.5 0.872085152424456
1090.0 1.011233649199987
1090.5 1.5746855256031855
1091.0 0.2799500720013932
1091.5 1.4696595969847017
1092.0 0.4026337329070582
1092.5 1.2176956179665608
1093.0 1.1670625075090275
1093.5 1.3544489274837956
1094.0 1.6205440921202037
1094.5 0.2
1095.0 1.0467990367739697
1095.5 1.2874516676899221
1096.0 2.0582981563307943
1096.5 0.8393253180067435
1097.0 1.3046771552608547
1097.5 1.3792662739419648
1098.0 0.2715371131634079
1098.5 0.996118771247038
1099.0 1.6810036892234472
1099.5 0.9187048925278849
1100.0 1.7325227077442142
1100.5 1.5277437747390636
1101.0 0.7239341068749254
1101.5 1.0993700920470633
1102.0 1.5911170394894907
1102.5 1.5417362878229566
1103.0 1.757438657180197
1103.5 0.6858967051680424
1104.0 1.67180958287856
1104.5 1.086520355177953
1105.0 1.7951501613875929
1105.5 2.4030279006230635
1106.0 3.5128856624104676
1106.5 0.9094062243287708
1107.0 1.4512999554863328
1107.5 2.6603138827492394
1108.0 2.2621361778768243
1108.5 2.069196115652155
1109.0 2.041786343726939
1109.5 2.641271000849363
1110.0 3.7532458140887677
1110.5 1.6392786508982877
1111.0 1.8172615219688404
1111.5 1.2466518404491145
1112.0 2.402194184370143
1112.5 3.505201719164223
1113.0 2.512086726152413
1113.5 1.329691453832175
1114.0 4.104496612419976
1114.5 2.305898597638954
1115.0 1.7980150627052705
1115.5 0.868760457283398
1116.0 2.7179747970173036
1116.5 0.8923596536522647
1117.0 1.1001885708963162
1117.5 0.3790490791234007
1118.0 0.883191156951485
1118.5 1.023126182242879
1119.0 0.8078609971430705
1119.5 2.6277987214703984
1120.0 1.6233283589647405
1120.5 1.402443952149055
1121.0 2.772474696036507
1121.5 2.6818445645437414
1122.0 2.6693985193082064
1122.5 0.2
1123.0 2.400185298973688
1123.5 1.9948526634294081
1124.0 3.082283273934852
1124.5 1.0976263411100893
1125.0 0.6773702961263812
1125.5 1.2259494020750599
1126.0 1.8550221369225666
1126.5 2.6153322853195213
1127.0 1.3164794679222263
1127.5 1.8005483707594991
1128.0 1.5321671746310122
1128.5 1.6437451249565955
1129.0 0.4269057250980348
1129.5 1.9781901816714174
1130.0 1.4008653926768466
1130.5 1.847282970819803
1131.0 1.8085464220737415
1131.5 1.767644145149808
1132.0 1.9557756788388125
1132.5 3.370731605437601
1133.0 2.100030064180298
1133.5 1.9366738630213887
1134.0 1.6569159358203012
1134.5 1.3460279508721653
1135.0 0.8166225738254527
1135.5 1.4203266832831924
1136.0 1.3173218991000262
1136.5 1.5853450769688824
1137.0 0.25376532245371175
1137.5 2.140361712392205
1138.0 1.4121090775268996
1138.5 1.155743505362076
1139.0 1.4067412856773822
1139.5 1.6182578731235373
1140.0 0.8766490259723632
1140.5 1.5037158685199774
1141.0 0.8739267813021556
1141.5 1.4795322646171902
1142.0 1.558408099290072
1142.5 1.7952138910153788
1143.0 2.7717007015774375
1143.5 4.331836386972786
1144.0 2.013906224161717
1144.5 1.2549512080621457
1145.0 1.6045149238652208
1145.5 2.5665288532091477
1146.0 4.417653541074025
1146.5 0.2520391095478083
1147.0 0.2
1147.5 1.6229958090765244
1148.0 1.037625985647952
1148.5 0.8154515268916174
1149.0 2.883477981393747
1149.5 1.3116852010386162
1150.0 1.6815176540988732
1150.5 2.004903955675932
1151.0 2.9719362536000693
1151.5 2.0037358667740217
1152.0 3.075315385514202
1152.5 2.527150425990913
1153.0 2.314577002065639
1153.5 3.587612168202692
1154.0 2.3559703962574963
1154.5 3.488473094596852
1155.0 3.3361214726482027
1155.5 1.7455335981633977
1156.0 2.6977083275342846
1156.5 1.1052393393508018
1157.0 2.629510374073834
1157.5 1.3636149296914062
1158.0 5.055858607594726
1158.5 0.3428237177168867
1159.0 0.3725717641363213
1159.5 1.8666190134254985
1160.0 0.41757950092195173
1160.5 1.538916772585043
1161.0 1.612269223340627
1161.5 1.1425572250328033
1162.0 1.240993044252515
1162.5 1.4577745147052128
1163.0 1.108428315853509
1163.5 1.5215206251065307
1164.0 1.135007953906241
1164.5 1.2814240577687412
1165.0 0.7229891343017049
1165.5 1.6322052553669257
1166.0 1.2965879493208727
1166.5 1.8160574833229794
1167.0 1.5473333366692497
1167.5 0.5157956311388789
1168.0 3.4750764802810408
1168.5 2.360055086124155
1169.0 1.4093785161067602
1169.5 3.9578794279018674
1170.0 1.8046638062494482
1170.5 3.58298861652081
1171.0 1.8798164173959546
1171.5 3.6319322697269265
1172.0 2.944873032334976
1172.5 4.01959180029844
1173.0 2.2043241848858854
1173.5 1.2525339134621063
1174.0 2.2816797197684275
1174.5 3.693324081476615
1175.0 4.859497290572645
1175.5 0.2717757249163737
1176.0 3.3137397185657793
1176.5 3.1115011360010785
1177.0 2.7243139586181373
1177.5 3.5101115729487526
1178.0 2.0010618638412434
1178.5 2.7279042237485407
1179.0 3.7848746702914733
1179.5 3.511733980181435
1180.0 3.5641504018343175
1180.5 2.8919344381879295
1181.0 1.5965505066463357
1181.5 4.165415220881845
1182.0 3.1016488529930824
1182.5 2.302867596359499
1183.0 1.881237057238037
1183.5 1.5282602556623586
1184.0 2.1227961165731113
1184.5 3.314428922665887
1185.0 2.540817523629042
1185.5 2.8695942659178293
1186.0 1.505595434764213
1186.5 1.7605534575589388
1187.0 1.728355840232072
1187.5 1.38067463312164
1188.0 0.745507059563328
1188.5 2.6838083485530597
1189.0 1.6294901498296848
1189.5 2.1607908956749053
1190.0 1.231847836771653
1190.5 1.8688151026386735
1191.0 2.6971812614623403
1191.5 2.759211043443986
1192.0 3.9952143879571254
1192.5 1.743176303307732
1193.0 1.4211202631925408
1193.5 1.7880952713190346
1194.0 2.0287362070276
1194.5 2.653612697711285
1195.0 1.6573005093083237
1195.5 1.1690088599149424
1196.0 0.9996950377911535
1196.5 2.0422091137613854
1197.0 1.7113299142966838
1197.5 2.4610080261570726
1198.0 3.7155934778530177
1198.5 2.3338017460837177
1199.0 1.7636919230320818
1199.5 1.4236283749038716
1200.0 2.308528734453354
1200.5 0.8490307054830342
1201.0 2.436446170827576
1201.5 2.6646169357174347
1202.0 1.020134084812972
1202.5 1.347778544651955
1203.0 0.321306725202831
1203.5 2.6692001243378787
1204.0 3.183470715971917
1204.5 2.2318164334802284
1205.0 1.5579885092187897
1205.5 1.9324755793248976
1206.0 2.253587808054935
1206.5 3.451682872015918
1207.0 3.589124442718549
1207.5 3.133006523615079
1208.0 4.09328957291706
1208.5 2.067662517573237
1209.0 2.489496312800394
1209.5 2.5526700580609902
1210.0 1.4311873170328173
1210.5 1.80492057296773
1211.0 3.6363409045271293
1211.5 1.9386539266004192
1212.0 1.4845007973517426
1212.5 3.3747674616510914
1213.0 3.501769615110276
1213.5 1.5516835914998632
1214.0 3.7760504461087008
1214.5 1.2407645032372367
1215.0 1.5139003944635625
1215.5 1.0056858548887495
1216.0 1.0484984519543041
1216.5 1.6291880572167972
1217.0 0.8734655837661209
1217.5 1.686597207517947
1218.0 2.0435960910478874
1218.5 2.075731527665413
1219.0 2.247030257047587
1219.5 1.8363147156258504
1220.0 2.7970756562426073
1220.5 0.3813308163722644
1221.0 1.1012007320486208
1221.5 0.82202071916382
1222.0 1.0722373059108525
1222.5 0.8843098281541606
1223.0 1.1513356918974686
1223.5 0.7629322144292737
1224.0 1.03749203528327
1224.5 0.7602751545659062
1225.0 0.9426512956413323
1225.5 1.1747017862670202
1226.0 1.3468354744975972
1226.5 0.6449382563905852
1227.0 0.8126973621414821
1227.5 1.3601870086416379
1228.0 1.2899547746644862
1228.5 0.9161856676368981
1229.0 0.5161827259850417
1229.5 0.8195565671332308
1230.0 1.1692394652753562
1230.5 1.122467743768694
1231.0 0.7645048437383317
1231.5 1.3376710351408985
1232.0 2.513648584669625
1232.5 1.716398835475614
1233.0 2.6410977554168387
1233.5 1.833882936214529
1234.0 2.9968466376315313
1234.5 2.1071679526419036
1235.0 0.9220261720185132
1235.5 0.6959129324784397
1236.0 0.8421653763704038
1236.5 0.28523207832678776
1237.0 0.6864116303741437
1237.5 0.992113254378952
1238.0 0.7119629219360747
1238.5 1.6691096359655153
1239.0 2.380751737564613
1239.5 1.7934855216395782
1240.0 1.04917341780919
1240.5 2.365473101247794
1241.0 2.4586093358842263
1241.5 2.345645076881872
1242.0 2.4474488863930115
1242.5 1.6799897136307282
1243.0 2.209596135762347
1243.5 3.05125093145138
1244.0 2.340587891554877
1244.5 2.5613665042116454
1245.0 2.933225600772534
1245.5 3.180499291483043
1246.0 3.0607099695765694
1246.5 3.596271346358146
1247.0 2.295359350034812
1247.5 1.1348346496573027
1248.0 1.5575773764862495
1248.5 0.46287710651981184
1249.0 1.701123201299033
1249.5 1.2931969596605173
1250.0 0.8753332731904779
1250.5 1.3032025362926403
1251.0 1.6155703383602336
1251.5 1.3211105286710771
1252.0 1.2390471171807198
1252.5 1.1047317187067063
1253.0 1.435360203847688
1253.5 0.7373679097420132
1254.0 0.967095579680116
1254.5 0.7360759932892474
1255.0 1.4465588881605302
1255.5 1.6767714450737012
1256.0 0.978606990700899
1256.5 1.8891580812254742
1257.0 1.859310620026614
1257.5 1.477357335688595
1258.0 2.617003146834338
1258.5 2.5692472197695375
1259.0 1.6794510295343963
1259.5 1.3777833419999161
1260.0 2.2118087869739367
1260.5 2.5016097172403295
1261.0 3.436158632947675
1261.5 1.7867931367776282
1262.0 0.8679124667161078
1262.5 3.1152038407802642
1263.0 2.179603448439913
1263.5 3.733874019883122
1264.0 0.6496565288970837
1264.5 1.3922731154550463
1265.0 1.0648911936432772
1265.5 1.2763288151025214
1266.0 1.4380547397242918
1266.5 3.3747927234595734
1267.0 1.5313124507589213
1267.5 2.6787337684406785
1268.0 2.2610532503669547
1268.5 2.976097158097777
1269.0 1.4098490113563849
1269.5 1.6526562087029077
1270.0 0.989507198394375
1270.5 1.8318601911438834
1271.0 2.1001935178986395
1271.5 1.7114357171884458
1272.0 2.823851287439952
1272.5 1.546167718598076
1273.0 3.3374195368762036
1273.5 1.68678230256588
1274.0 0.8980237800751476
1274.5 2.6146055235343253
1275.0 2.988060402936129
1275.5 1.4142624484701387
1276.0 1.4024565810443217
1276.5 2.1935352477398866
1277.0 2.053556250615965
1277.5 2.4322233086507525
1278.0 2.6226913588180603
1278.5 0.2
1279.0 2.2218597434857768
1279.5 1.5668928354889515
1280.0 2.0653435163408425
1280.5 2.657422069825417
1281.0 1.761534430800348
1281.5 1.5392588280597483
1282.0 3.0221438303297026
1282.5 2.5665124944063167
1283.0 2.820758624341882
1283.5 0.9962957661628473
1284.0 1.7452896625278884
1284.5 3.668982667214209
1285.0 1.8510345242122157
1285.5 0.8256636347236419
1286.0 2.0003830672642944
1286.5 2.2267242564695917
1287.0 2.5721518288420087
1287.5 3.132961428365057
1288.0 0.5891527326049342
1288.5 2.6556832029083672
1289.0 1.6414780976485748
1289.5 1.8453693706295218
1290.0 0.9156449479347555
1290.5 4.8222920668246285
1291.0 2.3010306765920627
1291.5 2.8918864924016514
1292.0 2.369675923600343
1292.5 0.7144147563186812
1293.0 0.9746537916244027
1293.5 1.0852778611797147
1294.0 1.709118442943999
1294.5 1.7733692130847385
1295.0 1.6868501720265927
1295.5 0.6828547869007485
1296.0 0.9222245437343718
1296.5 1.5483430641734355
1297.0 1.4812861252783536
1297.5 1.6813248134508743
1298.0 0.726009074300449
1298.5 1.839541008876452
1299.0 1.4919463589029271
1299.5 1.407722953143684
1300.0 1.3735918482411842
1300.5 1.9619414057340443
1301.0 1.7679582816590893
1301.5 1.8269687249482285
1302.0 2.8573302267598777
1302.5 2.3271398893545867
1303.0 1.7658140416770691
1303.5 2.311091250411208
1304.0 3.4087045835415815
1304.5 3.5538452674345975
1305.0 2.270283873013537
1305.5 2.4199289786682634
1306.0 1.1612672427485058
1306.5 1.6792124618055553
1307.0 3.3655387715647382
1307.5 1.6106628444611428
1308.0 0.21471863849952744
1308.5 3.2662295923675595
1309.0 2.7385512682312187
1309.5 1.9409584502426034
1310.0 1.6790438086264485
1310.5 1.7539812068343505
1311.0 2.71865263669338
1311.5 2.654189788578811
1312.0 0.5633679295987575
1312.5 1.0499325096268393
1313.0 1.320955848607843
1313.5 1.674633639970489
1314.0 1.5178667885489507
1314.5 1.3733897316996084
1315.0 1.0053004065220996
1315.5 1.6598781105647205
1316.0 1.7166937599844538
1316.5 1.7913308810564361
1317.0 1.1937274531739799
1317.5 1.5550474630026527
1318.0 1.8526988742236032
1318.5 1.5097877149503733
1319.0 0.8284162712588929
1319.5 1.1191713266311774
1320.0 3.300538044538584
1320.5 1.4733387448439181
1321.0 2.7303628650180913
1321.5 2.2189537226301645
1322.0 3.2456835707842333
1322.5 3.1544693251335696
1323.0 2.3454498988397425
1323.5 1.6429834574797146
1324.0 2.4151058331874946
1324.5 1.2638889185181748
1325.0 3.8959989628306246
1325.5 0.8496881871421196
1326.0 2.5960660228184027
1326.5 1.8775792788475456
1327.0 2.7014452353330767
1327.5 2.9476292169208556
1328.0 1.221458365066423
1328.5 3.6030352237525936
1329.0 0.5681444478658437
1329.5 1.535987274410124
1330.0 2.356354931162073
1330.5 2.0056167516066
1331.0 1.9752263595699096
1331.5 0.2
1332.0 0.43388126217813183
1332.5 1.4847972169596515
1333.0 1.7034263236306808
1333.5 3.069217894945667
1334.0 1.0206989605189434
1334.5 2.349689111583006
1335.0 1.3221220538561098
1335.5 0.7484530430381411
1336.0 1.764177491678211
1336.5 2.287300785173673
1337.0 4.0123195991856315
1337.5 1.4519711864200557
1338.0 1.4157854367496614
1338.5 2.5759047657651353
1339.0 2.2271984034364163
1339.5 0.4536880020267253
1340.0 2.6400169040828843
1340.5 1.8542418563417562
1341.0 1.8569192023842074
1341.5 2.814541037410788
1342.0 0.2
1342.5 1.3562607348946043
1343.0 1.6287213857270644
1343.5 2.5125124070122364
1344.0 3.0266884332469455
1344.5 2.854063637037728
1345.0 1.9017259237314066
1345.5 0.5806737612131436
1346.0 1.258738749165188
1346.5 1.3874425848512564
1347.0 0.9678384229150996
1347.5 1.6715940778913092
1348.0 1.3102156843925588
1348.5 1.699083394737209
1349.0 1.2308084439313232
1349.5 1.283381092662012
1350.0 1.4549405804559497
1350.5 2.065947838513722
1351.0 0.375594508221616
1351.5 1.3583848363658755
1352.0 1.23653570727275
1352.5 1.6035565615210334
1353.0 1.4882137895261836
1353.5 0.9441759573008406
1354.0 1.606428022162591
1354.5 0.5542234794103259
1355.0 1.2685508899331688
1355.5 1.3333996147082787
1356.0 1.2944540818518828
1356.5 1.9376416464963127
1357.0 1.0052794434373697
1357.5 1.6714624024344893
1358.0 1.5545190000016715
1358.5 1.6720335755442823
1359.0 0.948960163466458
1359.5 2.202836530813082
1360.0 1.1972870451266642
1360.5 1.054242910477989
1361.0 1.295423623575819
1361.5 1.3370807875983337
1362.0 1.726183569372646
1362.5 1.5184907631072457
1363.0 0.8157922259277948
1363.5 1.1789373029141315
1364.0 1.3375150651025114
1364.5 3.179705288136047
1365.0 2.691048529167497
1365.5 2.194693882188608
1366.0 2.9214745538065863
1366.5 2.229786579158249
1367.0 1.4105329298637574
1367.5 1.5158133535419684
1368.0 2.078559188572212
1368.5 1.2353077858050945
1369.0 2.844243104242891
1369.5 3.330314851563158
1370.0 1.800404080455796
1370.5 1.4020652370110467
1371.0 1.4792124539225409
1371.5 1.0851013638795373
1372.0 1.2396624991897403
1372.5 0.8580150154162417
1373.0 0.5447477891918603
1373.5 1.6796951502512876
1374.0 1.403898900935687
1374.5 0.789845452901239
1375.0 0.4675580336582824
1375.5 0.654530785265248
1376.0 1.1117299745817184
1376.5 1.2481863853336896
1377.0 1.2746572253029282
1377.5 0.8399933941174746
1378.0 1.2163080337163632
1378.5 0.704385660422735
1379.0 0.7243421013403071
1379.5 0.898548035809973
1380.0 0.4088182840536927
1380.5 1.0231912932492007
1381.0 0.5216659189900326
1381.5 0.9661021692338178
1382.0 2.2799169003299515
1382.5 2.371392081157593
1383.0 2.0299078784147397
1383.5 1.9286105705306116
1384.0 1.4152370616712395
1384.5 2.6923703416582234
1385.0 0.5673401069407806
1385.5 3.3761633062627405
1386.0 1.703831446696984
1386.5 1.4175115564219969
1387.0 2.4356042981860186
1387.5 0.6968074606360795
1388.0 0.6062955573745545
1388.5 2.1195591068605433
1389.0 1.0208755377407992
1389.5 1.4510313013141458
1390.0 0.8544107627454948
1390.5 2.0937843849554403
1391.0 2.62494447054804
1391.5 1.3966907859727054
1392.0 1.3550872291896845
1392.5 1.774956332924682
1393.0 2.407026757790888
1393.5 2.14619912839965
1394.0 3.008845677027357
1394.5 3.565767860404332
1395.0 2.070404084358322
1395.5 1.9326334404398233
1396.0 2.133046494832172
1396.5 2.729832831076533
1397.0 1.1569822130123277
1397.5 0.7802627252141792
1398.0 2.2072471030466314
1398.5 1.9965374204770803
1399.0 1.2837375588578452
1399.5 1.7204182640982273
1400.0 1.4274593349456373
1400.5 2.3155053540940527
1401.0 2.555510631280283
1401.5 2.0083074317875216
1402.0 0.9644410604290657
1402.5 0.7615025899337746
1403.0 1.664464700582848
1403.5 2.242071861901449
1404.0 1.3115452317649783
1404.5 2.1734585447865373
1405.0 2.492280351192253
1405.5 1.6530532456680935
1406.0 1.5231700744611998
1406.5 1.8244359527920522
1407.0 1.6432642403066702
1407.5 1.936335992358378
1408.0 0.9745121975618217
1408.5 0.7608066006709902
1409.0 1.9814595954883503
1409.5 2.4850580536798272
1410.0 1.4026846143227765
1410.5 1.0611690032678438
1411.0 2.3164670566313497
1411.5 1.1293309647192995
1412.0 2.169845837056812
1412.5 2.0262265026768356
1413.0 1.8531692912442463
1413.5 1.919137779919272
1414.0 1.6306647915151693
1414.5 0.6932119817344935
1415.0 1.5189803595117501
1415.5 2.0028690623711025
1416.0 2.004874822998622
1416.5 0.8155111025488251
1417.0 1.8997123479210423
1417.5 2.1959836761278746
1418.0 1.7413863297794587
1418.5 1.3220078305372536
1419.0 2.3001424275976188
1419.5 0.9216375912834771
1420.0 1.5377766380939577
1420.5 0.4189315876999631
1421.0 1.4688201283740063
1421.5 1.7192056413216141
1422.0 2.0502026792562953
1422.5 1.730384237070083
1423.0 1.6825743373486863
1423.5 2.796989636396974
1424.0 2.900549830837564
1424.5 2.1407679077189226
1425.0 1.682311271609453
1425.5 2.9649057383482376
1426.0 2.387749705824336
1426.5 1.3753931310487153
1427.0 1.9137891620419853
1427.5 1.2569358929121046
1428.0 1.0783641220828137
1428.5 1.8412252836113256
1429.0 2.1026512627410603
1429.5 0.8482198236924595
1430.0 2.1770280169960445
1430.5 2.1629256324297814
1431.0 1.8054500370041613
1431.5 1.637830078836156
1432.0 2.627750127987187
1432.5 1.508183058181455
1433.0 0.3100601887115413
1433.5 2.046859629651162
1434.0 1.9633484362912583
1434.5 2.375101110882718
1435.0 2.9474010163660913
1435.5 0.48598573481436325
1436.0 0.2
1436.5 2.4747128425597698
1437.0 2.3517083112222403
1437.5 1.9843075517656863
1438.0 1.9708042278819486
1438.5 1.6292397436682071
1439.0 1.636901639859766
