0 1.0683838158495205
0.5 1.4555749884239724
1.0 1.3214829212352117
1.5 1.1522102874874571
2.0 0.8798757231793173
2.5 0.8068180939903208
3.0 1.080839798880521
3.5 1.2256552757018917
4.0 0.8126474306945082
4.5 1.1528564550119413
5.0 1.143488545142136
5.5 1.032274052162183
6.0 0.8881818876517369
6.5 1.175355474860308
7.0 1.557593326073667
7.5 0.6942836651163227
8.0 1.4774238049957578
8.5 0.7746821983880896
9.0 1.4917981416893735
9.5 0.967943720321085
10.0 1.2733685718682737
10.5 0.9993121954345525
11.0 1.3199262710040038
11.5 0.6273658039597114
12.0 1.250356090408352
12.5 1.4029959651453483
13.0 0.5191260031784398
13.5 1.2783075512194075
14.0 1.252430331569863
14.5 0.7541899983436264
15.0 1.0671035256157757
15.5 0.8968051266772813
16.0 1.370808218485906
16.5 1.383209530007589
17.0 1.400373354245292
17.5 1.0600461478861334
18.0 1.6928073816865643
18.5 0.8534468892805699
19.0 0.9851939503571148
19.5 0.8106623241719086
20.0 0.7925396407033005
20.5 0.7638087394404549
21.0 0.9435913995585483
21.5 0.8893574460153431
22.0 1.2133119925620393
22.5 0.7242499462888237
23.0 1.1802690951874157
23.5 0.7319763121098455
24.0 0.6363094728788079
24.5 0.6828272315211826
25.0 0.5403228833841572
25.5 0.6598164874451712
26.0 0.8220002792116665
26.5 0.8727101580346215
27.0 0.651185685025182
27.5 0.7666830857194842
28.0 0.631785785908154
28.5 0.6248405714875219
29.0 0.933916095477718
29.5 0.2
30.0 1.252353130617355
30.5 1.1379832772057792
31.0 2.314655148225842
31.5 1.7144703956350194
32.0 3.338447066458592
32.5 4.1355113807664585
33.0 1.3673624188854723
33.5 1.7941395623924001
34.0 2.0925293272993883
34.5 1.6579235684205051
35.0 3.7765123253697617
35.5 1.035778152105198
36.0 0.32639854983745265
36.5 2.6194095997995213
37.0 3.461458838494155
37.5 2.3212026182387673
38.0 1.064199768825579
38.5 2.59467604359227
39.0 2.2103314175250905
39.5 1.6763707001748718
40.0 2.842900383509079
40.5 1.1238557157280755
41.0 3.0241699068469203
41.5 2.0481344378390967
42.0 2.4052052139544324
42.5 1.3673346937329152
43.0 1.6778553849507272
43.5 3.278254932235674
44.0 2.6632005219208263
44.5 3.105993597770237
45.0 1.6261192332659493
45.5 2.3859237184180015
46.0 2.0784302875286524
46.5 0.9515900926285852
47.0 1.3033520157831606
47.5 2.2805983345141136
48.0 1.145765892168058
48.5 1.2107515132213773
49.0 0.9305767461868943
49.5 0.9369444135847055
50.0 3.9698522992372576
50.5 3.1403553407538585
51.0 1.567595847724105
51.5 1.3582070282881349
52.0 0.4351079904057388
52.5 1.694295225397583
53.0 1.4388421879241071
53.5 1.2512707502785976
54.0 1.2892472928436591
54.5 1.0138178735022016
55.0 1.0162401926275675
55.5 0.6750687561857647
56.0 0.7645024228752808
56.5 1.0316811708924005
57.0 0.9870934044993322
57.5 1.3016876157613098
58.0 1.2629423936956146
58.5 0.9616973236985802
59.0 1.186396198111463
59.5 0.9031303302669219
60.0 1.44408882120442
60.5 1.3212821242046087
61.0 0.9114019238954856
61.5 0.6737447446632727
62.0 1.2577926491323383
62.5 1.546686064230831
63.0 0.893038150097945
63.5 0.9925484870218205
64.0 1.092945066927246
64.5 1.2698017052930406
65.0 1.186477827226086
65.5 1.239663677468322
66.0 0.8042037934386912
66.5 0.987275030090277
67.0 1.3869373332216035
67.5 1.2332487747655168
68.0 2.025760971973535
68.5 2.2728524316697105
69.0 1.4643284171644178
69.5 1.8526319236961935
70.0 2.0370472446618715
70.5 1.9054187777885578
71.0 2.9232272524783385
71.5 0.6540919288078773
72.0 1.1094445724698523
72.5 0.5936716221612377
73.0 2.0359201698385228
73.5 1.3021750302335193
74.0 1.6034585535281631
74.5 1.205844928899968
75.0 3.816269011105846
75.5 1.5749467885901023
76.0 1.1762488631930108
76.5 3.706123445539131
77.0 4.587928218689329
77.5 2.433357518193297
78.0 2.1418603819363624
78.5 3.4165988580156075
79.0 1.5308571414086272
79.5 1.8789167396112028
80.0 2.835973612812177
80.5 2.4303926347307327
81.0 1.358382574987517
81.5 2.918736365261034
82.0 1.9240357545575748
82.5 2.6958460848481156
83.0 1.8277601824349663
83.5 2.8232456698460835
84.0 2.3512291084316077
84.5 2.9264654626618576
85.0 1.489910706302787
85.5 1.6619240002824793
86.0 1.2344512456165173
86.5 0.7258308062902719
87.0 1.197215648587743
87.5 0.7760299105882013
88.0 0.8891746861489666
88.5 0.3631315842680447
89.0 0.9198673944289362
89.5 1.3031457747552446
90.0 1.286526244183373
90.5 1.2862189186964639
91.0 1.5964579991480754
91.5 1.35004084563343
92.0 1.1997576276454938
92.5 1.5252865760090897
93.0 1.1025354710496487
93.5 0.9964344314831339
94.0 1.479993528205227
94.5 1.0112331547010691
95.0 1.5841189000974367
95.5 0.9119488278314519
96.0 0.9669654944366601
96.5 1.1688528745308542
97.0 1.0696864213716184
97.5 1.2990138151594777
98.0 1.159543829378515
98.5 0.7352551778683389
99.0 1.448942989090075
99.5 0.8490638001523146
100.0 1.340596778586031
100.5 0.9115614704828657
101.0 1.6999836272137623
101.5 1.385619123413728
102.0 0.6260431937260651
102.5 1.2376352149208774
103.0 0.7827912544750374
103.5 1.1603402184988936
104.0 1.0670073919143432
104.5 1.0861650508996938
105.0 1.2991856849203414
105.5 1.2323627071792203
106.0 1.453450688167098
106.5 1.695414527307588
107.0 0.4456720532031757
107.5 1.4211095922196246
108.0 1.1361048657697963
108.5 1.255187251392003
109.0 1.0975011979338893
109.5 1.2854515532698383
110.0 0.9097752410646913
110.5 0.7543371261841311
111.0 1.120556696777702
111.5 1.7090659695789627
112.0 1.0360375774359234
112.5 1.6306738591469254
113.0 0.755455350926431
113.5 1.186079031020224
114.0 1.0863154334035379
114.5 1.0561282807376322
115.0 0.9744541198899319
115.5 0.30369801347128345
116.0 2.5030303352817382
116.5 2.4944890972427665
117.0 2.396179466745095
117.5 2.1272266325158595
118.0 1.0312368666114207
118.5 1.4055017023650422
119.0 1.7755535601745585
119.5 1.8467047628558932
120.0 2.6611651061630144
120.5 2.594602226211268
121.0 1.5907417042470904
121.5 3.4211876903800484
122.0 1.8709683607790963
122.5 2.4050454255395155
123.0 2.843937112747016
123.5 2.3186122474112425
124.0 2.4075067077464603
124.5 1.8055586305676443
125.0 1.7849431148930865
125.5 1.6544339155670167
126.0 1.1178893826034075
126.5 1.2735464615020047
127.0 0.2234436323052469
127.5 2.521263074241876
128.0 2.986772822080635
128.5 1.269461903277838
129.0 2.1768526960000436
129.5 2.47471586393888
130.0 1.7773941216485312
130.5 2.4799034700200173
131.0 1.5858144295446186
131.5 1.456049177376093
132.0 2.0975958838860334
132.5 1.0722109270954454
133.0 2.181378144752412
133.5 1.9577915747891437
134.0 0.8938902721910249
134.5 0.8335461126404626
135.0 0.697157074649829
135.5 0.44364885322449676
136.0 1.250420674938205
136.5 0.5290872562718485
137.0 1.0930871374173474
137.5 0.8205219914804252
138.0 0.9846223486845094
138.5 1.0184305135373655
139.0 1.1287637087239712
139.5 1.3473154575596866
140.0 1.2923664810211068
140.5 0.7667679421840873
141.0 0.9909437019273711
141.5 1.358350089112149
142.0 1.660400060895625
142.5 1.2281323101705341
143.0 0.757153392279776
143.5 1.145640660118227
144.0 1.1243461827868066
144.5 1.3142783175861688
145.0 1.1209622494267357
145.5 1.058417534628822
146.0 1.009416015237397
146.5 0.4537381613210454
147.0 0.4995202378688768
147.5 1.5902128814511824
148.0 1.352227297346153
148.5 1.1562809601231177
149.0 1.5273179923564228
149.5 1.264377523499147
150.0 1.5423529338831607
150.5 0.9026339334660993
151.0 1.1845233460494555
151.5 0.8430232410956394
152.0 0.8855090261766005
152.5 1.1387978569599473
153.0 1.0674165553086388
153.5 1.1643561493941927
154.0 1.441569261208618
154.5 1.006909445568812
155.0 1.3933931188010176
155.5 1.2224806165778683
156.0 0.7630107924652008
156.5 1.554276135059345
157.0 1.3327223892183753
157.5 1.7067357031186714
158.0 2.293404318746
158.5 3.5244277245353643
159.0 3.068825154120203
159.5 2.9645550039087105
160.0 1.9297367725223866
160.5 1.7168126414369271
161.0 1.346724028643831
161.5 3.0623081545766624
162.0 2.212028638534812
162.5 2.781265939044196
163.0 4.2826029069107046
163.5 2.1868459905088327
164.0 1.219564673183803
164.5 1.4909187655913028
165.0 3.0920869620904305
165.5 2.116960463317314
166.0 4.0055980346912765
166.5 0.9566385152975747
167.0 3.069654311466115
167.5 0.2003728634398858
168.0 2.1148304561738476
168.5 2.216793614132924
169.0 0.9956349067213204
169.5 0.9045673159945096
170.0 1.5415849222492253
170.5 0.7255073245259693
171.0 2.210147140903386
171.5 1.3277402289579645
172.0 1.2768473990455704
172.5 1.4001475179836138
173.0 1.3764772117106854
173.5 1.1372742567393073
174.0 1.0416804221305171
174.5 0.8581638923015542
175.0 1.0314465050059836
175.5 1.1554442550036799
176.0 0.7269811542760498
176.5 2.651705872825053
177.0 2.8929833370764886
177.5 2.4837239073626725
178.0 3.6730486456408054
178.5 1.166287208228687
179.0 1.6065574189628595
179.5 0.5618025350165058
180.0 1.190895839288352
180.5 0.6310686983952574
181.0 0.5848385584115563
181.5 0.6206594503041591
182.0 0.590173897361376
182.5 1.8951425273728397
183.0 2.301547076702282
183.5 1.17595658617548
184.0 1.8405535925703391
184.5 2.9997536437417613
185.0 0.7725532561534594
185.5 2.973714380761315
186.0 1.8072360630651116
186.5 2.964092835065385
187.0 1.9247654755983108
187.5 2.8534831978007675
188.0 3.0033387764053083
188.5 0.9929809532670968
189.0 1.4724898739631447
189.5 0.7700773536043044
190.0 3.4642985030098665
190.5 2.609029493309986
191.0 2.0289259346378543
191.5 1.9831079526612598
192.0 2.3328799175671295
192.5 3.148783984045979
193.0 2.1719987065621265
193.5 2.379272015898281
194.0 2.021349144710292
194.5 1.820387147012855
195.0 1.2319092433796826
195.5 1.8570019328760956
196.0 2.8374006156930616
196.5 3.969429863810095
197.0 1.8007339289127442
197.5 0.6175707189162163
198.0 2.5591522923885255
198.5 1.6043510749894474
199.0 3.2785525350571936
199.5 2.6271143974621576
200.0 1.9216319621166746
200.5 1.6672393287457008
201.0 1.5957372882996916
201.5 1.8079943874913174
202.0 2.2683466627583613
202.5 2.566513870700586
203.0 3.2057025552009097
203.5 1.8511299297522505
204.0 2.3104052677956286
204.5 1.1903165207156967
205.0 1.7628868987752346
205.5 2.7036589735121748
206.0 2.6508798390161954
206.5 2.9711240357027684
207.0 3.395411986583074
207.5 2.1076199471276635
208.0 1.7938360142145595
208.5 2.22802091806885
209.0 1.8531255933397621
209.5 2.776764027930675
210.0 2.7226803070156675
210.5 1.6109364355301528
211.0 2.040484604946766
211.5 1.1989033439104833
212.0 1.1331902887554828
212.5 1.3682677696614574
213.0 1.9546137055250283
213.5 2.572067599315106
214.0 2.008108914719378
214.5 1.8013412730049958
215.0 1.371801641152854
215.5 1.1494477924605402
216.0 1.6720369968585909
216.5 1.1450563462147918
217.0 1.651540034571243
217.5 1.2824034513328277
218.0 1.9110187658053372
218.5 1.3715829101313635
219.0 2.0026759179789355
219.5 0.7445572908390903
220.0 2.1010842018089955
220.5 1.9169791894406552
221.0 2.0485138926977533
221.5 1.398761649786128
222.0 1.9009407910948346
222.5 1.7954412261755865
223.0 1.0475797225957741
223.5 1.4402136649229913
224.0 1.4920040516819792
224.5 1.933169242598636
225.0 1.9348202505276342
225.5 1.3324855521014782
226.0 1.3942513352358537
226.5 0.5306120300441015
227.0 1.278940170122572
227.5 1.6034022942042083
228.0 1.8366213277250862
228.5 1.0049035403214988
229.0 1.2214974953880764
229.5 1.0955341628066793
230.0 2.088191054672696
230.5 1.810260879755277
231.0 1.0011174646866166
231.5 0.8588851475412119
232.0 1.2952738473127683
232.5 1.190912449628363
233.0 1.2000548149600845
233.5 1.165957552908747
234.0 0.5983166715922007
234.5 0.9052558088693955
235.0 0.8284995867643755
235.5 0.5582103633902941
236.0 1.0573273576689761
236.5 0.9020151137010093
237.0 0.6250451402790974
237.5 0.42616727326266446
238.0 1.002010364372468
238.5 0.7376740853951075
239.0 1.1488654391342883
239.5 1.06387906217968
240.0 0.9917912504403996
240.5 0.9959950534701749
241.0 0.8665189538219473
241.5 1.2592033068692752
242.0 0.7741525378891693
242.5 0.7848291385558952
243.0 2.7005875232129934
243.5 2.7996735456169324
244.0 1.7714949006161118
244.5 2.2443300353784257
245.0 3.962714349879012
245.5 2.4989941910921942
246.0 0.6742414362247948
246.5 2.1194501978897047
247.0 2.4861680931192156
247.5 2.0841610865436166
248.0 3.1193177947889623
248.5 2.1831184299018433
249.0 2.401999131977411
249.5 1.6581760109207428
250.0 1.4328432461425447
250.5 1.9210281639987008
251.0 1.7642968319957826
251.5 1.504506410602005
252.0 3.1701721756152645
252.5 2.6153555311821135
253.0 0.29605794854646605
253.5 3.086894641298844
254.0 3.099628578281026
254.5 1.5831757933338293
255.0 1.1075405966199918
255.5 0.8720056688391908
256.0 0.9166744467876949
256.5 1.1388808657650853
257.0 0.2
257.5 0.5801600756634819
258.0 0.7710444351555215
258.5 1.364906605882075
259.0 0.6678268183931585
259.5 1.0296357014656534
260.0 0.8951031715191353
260.5 0.5795725343043914
261.0 0.8110734647522341
261.5 0.7929615332372735
262.0 0.9495371280848924
262.5 0.6456356810727508
263.0 1.460714259392925
263.5 1.3705093433507696
264.0 0.8196616779395978
264.5 1.0868955806516918
265.0 1.3300385035302207
265.5 1.3149968622790293
266.0 0.9679960859146728
266.5 1.5705497981432006
267.0 0.7842006162114147
267.5 1.1623507388406469
268.0 1.0299424475688739
268.5 1.2566176422298028
269.0 0.8655248762339234
269.5 0.9921075284675335
270.0 0.39409650173265154
270.5 1.6621273343916931
271.0 1.2488126921435245
271.5 1.1624809243034515
272.0 0.954405580652411
272.5 0.8394999694475418
273.0 0.9906787996687656
273.5 0.9106351820694556
274.0 0.677389884852874
274.5 1.2458924734775045
275.0 1.671954030509805
275.5 1.2544943052541302
276.0 0.2
276.5 0.48718763049789604
277.0 1.7841435155435428
277.5 1.3075220942782022
278.0 1.3120659829424965
278.5 1.5440760689836197
279.0 1.4520276030087047
279.5 1.2064456565997321
280.0 1.7341133394831683
280.5 1.9937711524246682
281.0 3.1225610490386795
281.5 0.5571468088428864
282.0 1.762880235850186
282.5 1.2876593144632513
283.0 1.6983569166373838
283.5 2.1611162606350356
284.0 1.4770222623015297
284.5 1.689679303076297
285.0 1.279873898080627
285.5 0.7786713886888785
286.0 1.5280147837504723
286.5 1.0575789919681096
287.0 1.404129248149485
287.5 1.964135770792346
288.0 0.8156159156898669
288.5 1.771049615384447
289.0 2.0144832706873546
289.5 2.483382929674145
290.0 1.3601788712178657
290.5 1.627136064400903
291.0 1.85227787495845
291.5 2.0311873201774295
292.0 0.9540528230348088
292.5 1.7796428814964398
293.0 1.6000417129131785
293.5 1.7265544690701569
294.0 1.2516762005148836
294.5 1.8473685743124952
295.0 1.8479128725519076
295.5 1.725638450745738
296.0 0.32917992804846885
296.5 2.36938709011548
297.0 0.6565014557751628
297.5 1.6010512641568933
298.0 1.7406590474602395
298.5 2.080782378657041
299.0 1.9138692606839696
299.5 1.5556596570521166
300.0 2.7855444268693255
300.5 0.9420873854475819
301.0 1.0180684427789273
301.5 1.3110292224580047
302.0 1.5502736068020744
302.5 1.6033690463366252
303.0 1.7155773550011726
303.5 1.047259940790308
304.0 0.8919296740213557
304.5 0.8310945184684492
305.0 1.323542584498902
305.5 0.7350586266026238
306.0 1.1817311059135287
306.5 0.9653888657816161
307.0 1.1838698498319224
307.5 0.6605121353165017
308.0 1.009714271376131
308.5 1.3653513616707855
309.0 1.7098958862096347
309.5 1.1671466382026738
310.0 2.3150264449406754
310.5 2.8884619379725565
311.0 2.9838846564060386
311.5 1.2189679671108529
312.0 1.082961890723602
312.5 1.5031233900126946
313.0 1.5011068786905424
313.5 0.9247370300476007
314.0 1.6576487880798343
314.5 1.959284130921441
315.0 1.578446197340286
315.5 2.6627957029607034
316.0 2.0136792445651053
316.5 2.135739634276586
317.0 1.2970581123088576
317.5 1.8267350106066949
318.0 2.2917335400615926
318.5 1.8684464318977918
319.0 1.6597068182333012
319.5 1.0485220222886078
320.0 0.977372767558902
320.5 2.194231024032276
321.0 2.6070387428432733
321.5 1.4221142665549
322.0 0.9822601393121169
322.5 1.122420335320883
323.0 0.9610273447692775
323.5 0.7857889706861623
324.0 0.9374274398056313
324.5 0.8135981391467191
325.0 0.5049166937492979
325.5 1.013153678532802
326.0 0.8234833892954605
326.5 0.9093000788634054
327.0 0.7867932168149254
327.5 0.49225068580316317
328.0 0.9462659314099656
328.5 0.6901203576411181
329.0 0.7406531640459292
329.5 1.0209088377912363
330.0 0.8825357231172939
330.5 1.0115750396560275
331.0 0.6513858252715224
331.5 1.165887649727126
332.0 0.7646018983741756
332.5 1.459058985857879
333.0 0.5520919567421633
333.5 1.2136813801827584
334.0 0.2646455030887378
334.5 0.7526577770242006
335.0 0.9937646134409398
335.5 1.2741328552814846
336.0 0.8993514270812977
336.5 0.9646169774523097
337.0 1.0764427421705711
337.5 1.2347008990186805
338.0 0.8741034982106345
338.5 0.769935344501865
339.0 0.6005801229656821
339.5 0.8311785606726998
340.0 0.6021276389943178
340.5 0.7961375237343395
341.0 0.7740188616102751
341.5 0.9057621164975881
342.0 1.1087416024332164
342.5 1.0643997040851771
343.0 1.048568996165715
343.5 0.9416331320761843
344.0 0.9030316775602659
344.5 0.9582109675939225
345.0 1.243743177446714
345.5 0.9129095753227559
346.0 0.6838039643683895
346.5 0.8380491693198953
347.0 0.8449824123786531
347.5 1.3710052432849054
348.0 1.7293894553547875
348.5 2.253739532845256
349.0 1.3923507216967006
349.5 1.4221416844340533
350.0 1.0373811894626508
350.5 2.3331225989260256
351.0 1.3645460691255995
351.5 1.4046002555333772
352.0 1.6004583869913684
352.5 2.2138878319398247
353.0 1.180273749214897
353.5 1.0557089926909127
354.0 1.6085860980649622
354.5 2.095718354904061
355.0 1.7602578223932923
355.5 0.4428785278605345
356.0 2.7306248750073348
356.5 1.925231210684999
357.0 2.148746356096185
357.5 2.301625054569999
358.0 3.163920716648898
358.5 2.0522535661368
359.0 1.9609754051134078
359.5 1.6604404058508595
360.0 1.0110573639493812
360.5 1.8418431804311526
361.0 1.447677820233249
361.5 1.9837825764284234
362.0 1.1736712850533726
362.5 1.5078798392509953
363.0 1.4128091880323925
363.5 1.0293467710795892
364.0 2.1247524661575232
364.5 1.3544712018714564
365.0 1.6771716484478345
365.5 1.2987765528861883
366.0 1.7312790077614726
366.5 1.118305683427947
367.0 1.6739490733032556
367.5 2.0768557937141345
368.0 1.0589946461612125
368.5 1.0019908193994866
369.0 0.6544028635685046
369.5 0.902824000802302
370.0 0.9927024410139486
370.5 0.9495903917508722
371.0 0.7201458120987119
371.5 0.5166952214276093
372.0 0.7908389422919406
372.5 0.7504145903578379
373.0 0.8166277316466821
373.5 0.9048778603291101
374.0 0.6750925668964596
374.5 0.5620982068843732
375.0 0.7336519336845742
375.5 0.636063553322145
376.0 0.5590517433690605
376.5 0.6563698382994297
377.0 0.7243651548375618
377.5 0.6737220594768031
378.0 1.2615933289978147
378.5 2.5635993814444156
379.0 1.5728783204431611
379.5 1.7550784237954216
380.0 2.017414566504895
380.5 1.7429131463267649
381.0 2.24024100186266
381.5 1.5338013063600109
382.0 1.51697214156705
382.5 1.569915382566884
383.0 2.4140143008747104
383.5 0.6592346836987795
384.0 2.573593152871197
384.5 1.9140523688237912
385.0 2.1711297919561705
385.5 2.7293563709650064
386.0 2.014961475110155
386.5 2.661448321948707
387.0 0.4958201578900061
387.5 0.9775266896468827
388.0 1.774024406276585
388.5 0.8767750636325069
389.0 0.718832936571818
389.5 0.6871303643760908
390.0 0.7942120144872771
390.5 0.8300515668683521
391.0 0.6738529654093436
391.5 1.180407371607303
392.0 2.079062270635382
392.5 1.6167838263958494
393.0 1.842767480736075
393.5 1.0469973754575785
394.0 0.5993720058315832
394.5 1.3755875469244732
395.0 1.8989533627922912
395.5 1.4895866332555934
396.0 1.812271853476625
396.5 1.4807996532239915
397.0 1.228009027134978
397.5 0.9740500973008603
398.0 0.9475507977083517
398.5 1.0441063189944537
399.0 2.072419830219344
399.5 1.038864108970138
400.0 1.109840005425725
400.5 0.7109908048626323
401.0 1.058960798677834
401.5 0.8357392687824461
402.0 0.8569007660294815
402.5 0.6155356440898274
403.0 0.5921435752364891
403.5 1.658426898654293
404.0 1.8145138478771956
404.5 0.8430122149328003
405.0 0.8681993869960271
405.5 1.4715267419659561
406.0 0.8799460510085009
406.5 0.5757393608767674
407.0 0.8524015112504538
407.5 0.825379877442588
408.0 1.2423900730657549
408.5 1.2746255160601647
409.0 1.1957770511867105
409.5 1.1397249478088498
410.0 0.9602404319320872
410.5 0.8428594687142624
411.0 1.2012198762609256
411.5 1.057999721651493
412.0 0.9912136466675029
412.5 0.9460943901732509
413.0 0.7255976426186941
413.5 0.8341005031084328
414.0 2.6830663752739827
414.5 1.5852846857595309
415.0 1.8000299217406104
415.5 4.000846587379549
416.0 1.9522998846924275
416.5 0.6898808740650075
417.0 1.8782244723161892
417.5 1.6274473551155435
418.0 1.5661631072720104
418.5 2.4651201906252114
419.0 1.4184131672513187
419.5 2.094826499082544
420.0 2.458150998119487
420.5 1.8079488333775093
421.0 1.2651072857292105
421.5 1.6820022971467485
422.0 1.6466273238913585
422.5 2.2115341857825017
423.0 0.6525313405958246
423.5 1.7207063060720436
424.0 1.2614410480809477
424.5 1.5037640935074
425.0 1.725448353998567
425.5 0.5200530417426148
426.0 0.8924771691896902
426.5 1.2383752848936318
427.0 0.8724153374941995
427.5 0.7150621198201295
428.0 0.7053694222323539
428.5 0.9013483498923626
429.0 0.864966925263833
429.5 0.8307355536843128
430.0 1.0178923158214392
430.5 1.8475875609304009
431.0 1.8848092225895692
431.5 1.166594034494827
432.0 1.282313721158714
432.5 1.6302922266377446
433.0 0.8028335165902901
433.5 3.0394483822311753
434.0 0.8271953158593959
434.5 0.7269361808629168
435.0 2.1527979293145325
435.5 1.2734422773236054
436.0 0.7418178680734298
436.5 0.7233528121210773
437.0 0.7794619552161888
437.5 0.5194326757039993
438.0 0.7383407661662877
438.5 0.7632629262799551
439.0 0.6182033318469375
439.5 1.1002322269481355
440.0 3.341113592201692
440.5 2.3664617954046303
441.0 2.0115857889822317
441.5 2.3479268486379934
442.0 2.460722171788928
442.5 2.7729419229522487
443.0 3.6266363297394513
443.5 1.5573128923693136
444.0 3.0052005584585038
444.5 3.7373616013503277
445.0 1.6527873760554819
445.5 1.348488194510267
446.0 2.8150929222528194
446.5 3.016315759101798
447.0 2.3800069151786785
447.5 3.617503798282821
448.0 3.310363184942914
448.5 2.7468535825798055
449.0 3.433985442493829
449.5 2.3059827429984656
450.0 3.0470804891494
450.5 3.3945210555291236
451.0 3.168875023533694
451.5 2.565393293213562
452.0 1.1436206947835683
452.5 2.6023054551113507
453.0 3.696569418694015
453.5 2.397561225396297
454.0 0.4917005384031117
454.5 2.8952835827843755
455.0 2.150020180321577
455.5 1.2476047092243698
456.0 2.6349500121750897
456.5 4.076477875863023
457.0 2.330237052306275
457.5 2.9120885952589646
458.0 2.608909018340785
458.5 1.7471679720641191
459.0 1.581381149919454
459.5 3.13952412618858
460.0 1.6399547535665362
460.5 0.8378907921804728
461.0 1.5496301043378788
461.5 1.9634272178997927
462.0 2.004406238784801
462.5 1.6063973364371988
463.0 1.1816644939028436
463.5 0.849603690039392
464.0 2.411153693216725
464.5 2.7833779266115424
465.0 1.7726444382336433
465.5 2.0650365890760396
466.0 2.7679362664617733
466.5 1.440927825698239
467.0 2.6669104775949153
467.5 1.529523747459209
468.0 2.4407304982697617
468.5 3.0676981769759104
469.0 2.070900292078475
469.5 2.8907690508591344
470.0 2.4302896541500263
470.5 1.9459035186274507
471.0 0.7229259508369341
471.5 2.0456039240256403
472.0 1.1132251509561726
472.5 1.2014734304182677
473.0 1.5030318105449143
473.5 0.2675198696867982
474.0 2.2492923535821188
474.5 2.1147854671210977
475.0 2.181384184699257
475.5 2.2579541274831385
476.0 2.540811045346506
476.5 2.314972669390103
477.0 1.505250648497082
477.5 0.8354280679761441
478.0 2.73404060634112
478.5 1.8601200030331762
479.0 2.9593842501240166
479.5 2.3070644337098325
480.0 2.215334387950442
480.5 1.9128734107050933
481.0 1.6885599763483854
481.5 2.5760636888914172
482.0 2.2210664966153164
482.5 3.505867740721611
483.0 1.3198574428743264
483.5 2.2069511098374024
484.0 1.7160649723277435
484.5 2.999477056653874
485.0 1.020215706157321
485.5 1.203294672648174
486.0 1.1323734100374758
486.5 3.1384763377438887
487.0 2.558467907551961
487.5 2.996424963482158
488.0 2.1316173708127293
488.5 2.076126510493032
489.0 1.1435127148657374
489.5 0.8094204524778915
490.0 1.231178048581529
490.5 0.8887961171303889
491.0 1.3559446596589813
491.5 0.9662467328809514
492.0 0.8509062386151918
492.5 1.8458634908585645
493.0 1.1618310070407607
493.5 2.3023534346150907
494.0 1.8805300033312082
494.5 1.1065987833120983
495.0 2.5071655439262823
495.5 1.2746742759082905
496.0 0.7020306068630507
496.5 0.6489114730915831
497.0 0.8819222047349369
497.5 1.9274598924089832
498.0 1.2815098688278685
498.5 0.7412347433171613
499.0 1.1648280932191089
499.5 1.4875133945608092
500.0 1.8029859734306408
500.5 1.484645088762181
501.0 1.1921874627839573
501.5 1.2108075372461409
502.0 1.3148130760979062
502.5 1.246360948412107
503.0 1.340396333508866
503.5 2.5454608794416806
504.0 1.4966107775604152
504.5 0.9065227030632714
505.0 2.4870477237523385
505.5 2.542854246628006
506.0 1.781496891884977
506.5 2.486107689265277
507.0 1.9857466884955768
507.5 2.5260495880379192
508.0 1.8154669354076043
508.5 0.46588347967341825
509.0 1.0207068093854526
509.5 0.7412027318097079
510.0 0.6245254620006403
510.5 0.7224698795833797
511.0 0.7706480808952254
511.5 0.8839812443612237
512.0 0.836497045967468
512.5 0.9090299677199231
513.0 1.0026173621606502
513.5 0.9050908426534416
514.0 1.0697447119582475
514.5 0.8353555998212545
515.0 1.2101855948745497
515.5 0.7451914068635046
516.0 0.7157835905177911
516.5 0.8263346169382124
517.0 1.1462262530987464
517.5 1.125203300178402
518.0 1.1463900629697157
518.5 1.1419522988046815
519.0 1.0825618296927364
519.5 0.915287799510109
520.0 0.8418537460179913
520.5 0.8951358758489696
521.0 0.9029157640371562
521.5 1.2227794329810089
522.0 0.49129801074750323
522.5 0.8661528758638449
523.0 0.663119081376241
523.5 1.0049969963710224
524.0 1.2151195048149463
524.5 0.47880315114771577
525.0 0.8511325570082794
525.5 0.824175218387662
526.0 1.0711439984235098
526.5 0.8263395374626129
527.0 0.754261276213291
527.5 0.7537070670691457
528.0 1.0627491917663936
528.5 0.985843385053805
529.0 1.0203979412364657
529.5 0.9383004338419357
530.0 0.8132622819735972
530.5 0.7000910509885203
531.0 1.0626686554934344
531.5 0.7361899074668186
532.0 1.07489269887648
532.5 0.9118592958941016
533.0 1.4708655907537507
533.5 1.697006127971701
534.0 1.437274401242191
534.5 0.7358749020731983
535.0 1.0562879741779994
535.5 0.8510233203165456
536.0 0.7086130637547484
536.5 2.0077287177653904
537.0 2.4286636654810865
537.5 2.256586551886419
538.0 3.035568688691163
538.5 1.2658285405912917
539.0 2.9001115059636557
539.5 2.6165093828768624
540.0 3.199925559303229
540.5 2.745541965122805
541.0 3.8130962766803584
541.5 4.152041519738298
542.0 1.6615620454166247
542.5 2.726349983689902
543.0 2.9478205199629848
543.5 2.481458159725782
544.0 3.3953573764269014
544.5 1.1067950041031467
545.0 0.2
545.5 2.759872674424521
546.0 0.7911654327853526
546.5 2.8821808832264297
547.0 2.162791769952778
547.5 2.189281897395688
548.0 1.206569781970666
548.5 1.0593968961190257
549.0 1.86987023060423
549.5 1.9280850799216775
550.0 1.5323933518111659
550.5 1.5772100467909875
551.0 1.1510812155920407
551.5 2.1109250207029717
552.0 0.6482314574078136
552.5 1.4948083761600988
553.0 1.9904053499237386
553.5 1.5464230375294523
554.0 1.4272325444548544
554.5 1.6890240803500296
555.0 1.7138660021306067
555.5 1.3735162724762535
556.0 1.9575550649045805
556.5 1.8819202153707302
557.0 1.264849613929505
557.5 0.991842673169754
558.0 2.0502856777276164
558.5 1.808888751327662
559.0 1.3280891849181382
559.5 1.5829456400870734
560.0 1.607609794109178
560.5 1.2998428060284521
561.0 1.361268980552264
561.5 1.88465483240703
562.0 1.7427854826741012
562.5 0.895497601456505
563.0 0.7991496903223871
563.5 3.1863960771928523
564.0 1.7660947348374678
564.5 2.048932397842853
565.0 1.3137444952826904
565.5 1.4403972480030525
566.0 1.260132509932352
566.5 1.4369309603013918
567.0 1.5452038277162403
567.5 1.9091262529824065
568.0 1.779080267865006
568.5 1.2705102779412651
569.0 2.095027075525892
569.5 2.002223456320044
570.0 2.2385957640558396
570.5 1.031335630060291
571.0 2.498357824805355
571.5 0.9317834535374859
572.0 0.8869278418638695
572.5 0.9137767148656597
573.0 0.8726833895134254
573.5 0.5680024282207597
574.0 1.0558513607410163
574.5 0.6361429601307884
575.0 1.097671507477388
575.5 0.8301910046937315
576.0 0.8701508156787018
576.5 0.9733442548583079
577.0 0.9046978349776327
577.5 0.798966589995856
578.0 0.8122715518143334
578.5 0.5157404797545171
579.0 1.1878000791355507
579.5 0.8681876904378706
580.0 0.7673230457489679
580.5 1.0139742719383287
581.0 0.9600921015921986
581.5 0.9307525215845466
582.0 0.8364208485782605
582.5 0.7796328640857968
583.0 1.0087720085055571
583.5 1.190420346082714
584.0 0.9120100791982355
584.5 1.0194171401248324
585.0 0.3020825262190242
585.5 1.3409846551323037
586.0 0.9367340552165213
586.5 0.6053648052730485
587.0 0.5724865738640247
587.5 0.8022973083129745
588.0 0.6570011442087688
588.5 1.1071446956635196
589.0 0.7851345940344644
589.5 0.9862839239893558
590.0 0.9250150720883172
590.5 0.9783183814791067
591.0 0.9900363977807052
591.5 0.9309541850693899
592.0 1.8458401680906455
592.5 1.930257173839749
593.0 1.177878710682704
593.5 1.3114611687243076
594.0 1.2038210190505485
594.5 2.0547513200859724
595.0 2.049002968847118
595.5 1.617124555159149
596.0 1.296056931878622
596.5 1.162595539079919
597.0 2.370869630322372
597.5 1.723870280170271
598.0 1.0838121205411022
598.5 1.16828847606272
599.0 1.523087604538942
599.5 1.1617315988521342
600.0 1.2681243121628571
600.5 1.858772434221859
601.0 1.1259601546928102
601.5 1.1484589310403872
602.0 2.6492722964890607
602.5 1.6591225573198978
603.0 1.8368177676466368
603.5 0.9782335247624395
604.0 2.0662693407937205
604.5 3.63219010798494
605.0 1.1131852814457621
605.5 0.8879259303759957
606.0 0.9569095603480436
606.5 0.8229774978249215
607.0 0.904013194639488
607.5 1.267866111261449
608.0 1.092653743620517
608.5 0.8448481230251174
609.0 0.6865786368057504
609.5 0.6692048680202375
610.0 1.1240164119587845
610.5 3.2770412418760824
611.0 1.870197395837938
611.5 3.119496198165882
612.0 3.039760531569625
612.5 1.7810117304398236
613.0 4.38687727488857
613.5 2.2854977847155906
614.0 1.512773138926171
614.5 2.14223626406637
615.0 1.3933843086009277
615.5 0.2
616.0 2.816095846972197
616.5 1.4494771855949389
617.0 1.852757311626183
617.5 2.865625157959439
618.0 2.055440751537887
618.5 2.1287307851807697
619.0 4.107679378419398
619.5 1.1312507021105263
620.0 2.0729002761815525
620.5 1.6978450547312103
621.0 1.5495238785588334
621.5 2.1479262961931482
622.0 0.8520064698027209
622.5 2.078187585409032
623.0 0.8877829623188546
623.5 1.7399568537917818
624.0 2.473631783014647
624.5 1.772002486848664
625.0 2.0984552691492073
625.5 1.96926456590569
626.0 1.6124097413051035
626.5 2.741234683187515
627.0 1.8472909524514332
627.5 1.27646592668888
628.0 2.3973501457603152
628.5 1.642539710308283
629.0 1.4749654440317217
629.5 1.555612052243231
630.0 2.8024452150922783
630.5 0.46814819075694025
631.0 0.8646134212383567
631.5 1.934870856514049
632.0 0.2
632.5 1.4738785567697699
633.0 1.4280216270610915
633.5 1.507136255816248
634.0 2.4864949528486764
634.5 1.7231488947876579
635.0 0.9422070288996598
635.5 1.782551730571762
636.0 1.9768819292446387
636.5 1.408772970404478
637.0 1.3983850445816994
637.5 1.7671858520598056
638.0 1.9063709478763504
638.5 1.8423191213475691
639.0 0.7230666677662094
639.5 0.7034811982701439
640.0 0.7528914225850336
640.5 0.6542373919813738
641.0 0.7006954868029649
641.5 0.7821265006809262
642.0 0.4247536220588232
642.5 0.5711343045872033
643.0 0.7357407292693354
643.5 0.72547363970454
644.0 0.5863222628528624
644.5 0.7200459034161277
645.0 0.6622568602691953
645.5 1.5223626992475126
646.0 0.9496284415032107
646.5 0.9366881313263853
647.0 0.5696582917918986
647.5 1.0311253174973962
648.0 0.7536089185163144
648.5 0.7338380951449835
649.0 0.6771127047534478
649.5 1.0520489582894137
650.0 0.643819461809497
650.5 1.1992741333748345
651.0 1.212911658417148
651.5 0.8110360565026055
652.0 0.9056665611660648
652.5 0.9024527679922891
653.0 1.5970313944705192
653.5 0.9414519516987037
654.0 2.484525704945639
654.5 1.6898974176489583
655.0 2.0095567979700455
655.5 1.0795401899441233
656.0 1.2863267897531192
656.5 0.5886789460491832
657.0 1.319928133172177
657.5 2.011544393442
658.0 2.386897926602845
658.5 1.882157613178737
659.0 1.3316749434785415
659.5 1.7283933954688147
660.0 2.710024423514053
660.5 2.1384749518202986
661.0 0.23609800274691772
661.5 1.6781191499704153
662.0 1.051747952038745
662.5 2.4732799536758288
663.0 1.910303021576794
663.5 2.3675888348440717
664.0 1.788816817999456
664.5 1.3694943793107381
665.0 1.6189009190515122
665.5 1.0512634697993255
666.0 0.6269006875225729
666.5 1.1698111171275642
667.0 2.8076881583460374
667.5 1.4060785438676147
668.0 2.5755257753761303
668.5 1.3625209357813572
669.0 1.5729011783180196
669.5 2.086410170274764
670.0 1.0784473124350795
670.5 2.1437467888541297
671.0 1.6687653896300647
671.5 1.9520068628899456
672.0 1.9370103980579656
672.5 1.5604872216840877
673.0 0.9625234518707889
673.5 1.6708257971219105
674.0 2.3185358116721364
674.5 2.4308817581411413
675.0 2.6250756401502358
675.5 1.624295842409078
676.0 1.8745459260250272
676.5 1.6640559347033548
677.0 2.8301427212749815
677.5 1.2873653497835216
678.0 0.6014043971083174
678.5 1.0939715438267854
679.0 1.215621791168811
679.5 1.233204740232153
680.0 1.750078214848299
680.5 2.0599677861530052
681.0 2.060301494625598
681.5 1.4748984539797063
682.0 1.5659532619184278
682.5 2.225360054318644
683.0 0.7270099911225942
683.5 2.6327575713721645
684.0 2.3029764253676612
684.5 1.427677597086139
685.0 2.727296612341734
685.5 0.5032095187315471
686.0 2.295517944695196
686.5 0.9319787912805277
687.0 1.4292770055395954
687.5 0.8068247020985038
688.0 2.657416462851873
688.5 2.572664685974525
689.0 1.466717226242865
689.5 0.7206051444411776
690.0 1.35771367383227
690.5 2.304839404132509
691.0 1.16059760578744
691.5 1.6641327046766168
692.0 1.2955920249994048
692.5 1.7942864821310927
693.0 0.8815361129703309
693.5 2.2787656619727166
694.0 1.468019814384229
694.5 2.304082435365972
695.0 1.2424132689210992
695.5 0.9201564421208289
696.0 2.1963439864749077
696.5 1.520495877792342
697.0 1.4997904342675494
697.5 1.8383410079754576
698.0 1.6263144259559754
698.5 1.566772751080318
699.0 1.376382610343041
699.5 1.7764156325405653
700.0 1.2825272568898411
700.5 0.8629678866236549
701.0 2.131660291290271
701.5 1.1932390616246222
702.0 1.2445177727009684
702.5 1.1142868765555458
703.0 0.8651605539691546
703.5 1.0736330246638417
704.0 1.2141681995353184
704.5 1.300506966964346
705.0 0.8000529585371458
705.5 1.0582835331771874
706.0 1.2379034129799504
706.5 1.7479424756873905
707.0 3.0074715460907946
707.5 1.9907293184866122
708.0 1.734231861228191
708.5 0.7971006721830719
709.0 1.2785926660485556
709.5 1.1509643623897472
710.0 0.841456045911597
710.5 1.6641628213204989
711.0 1.5924849958526561
711.5 1.3597237161576436
712.0 1.5648569652783686
712.5 2.1606625639545323
713.0 0.8460100153858712
713.5 1.2422250663316712
714.0 1.1284022776521896
714.5 1.845837820094259
715.0 0.6523925440273158
715.5 0.6882763323937222
716.0 0.7845910207016077
716.5 1.4947451135146943
717.0 1.770255403591473
717.5 1.504973705055409
718.0 2.0143272566174115
718.5 2.0724488664583216
719.0 2.126941287869131
719.5 1.734241515931912
720.0 2.450485224613165
720.5 2.8009917883133957
721.0 2.441933863044442
721.5 0.4832595802278876
722.0 2.509121386271359
722.5 0.8715210813833296
723.0 3.4005621799001253
723.5 2.7053718194015524
724.0 1.3442889296401677
724.5 3.0433177672643277
725.0 1.0375696820699818
725.5 1.6840033102478282
726.0 2.607152542639092
726.5 2.221516027606358
727.0 2.086616074704235
727.5 2.10973336265129
728.0 1.8763313355204017
728.5 1.6440174052411018
729.0 3.228750906029025
729.5 2.3518805911404086
730.0 3.0211752879982274
730.5 2.367587941060849
731.0 2.0588048155089127
731.5 2.6720331488361175
732.0 3.1729252688718756
732.5 2.2411145309399165
733.0 1.0441210557526697
733.5 2.9982174086516697
734.0 0.5846256686100544
734.5 1.6561056905454985
735.0 2.006454437856919
735.5 1.8875182892851181
736.0 2.580310724711281
736.5 2.2168882043368443
737.0 1.882872056303642
737.5 3.4270154345968926
738.0 2.6580271518362677
738.5 1.1543645058565746
739.0 1.4514665500292248
739.5 2.2754342582643154
740.0 1.1388411358719766
740.5 1.0886857348461014
741.0 2.139265666512433
741.5 0.9178853164584325
742.0 2.206480566995374
742.5 1.5405482828102377
743.0 1.8145041003443976
743.5 2.6248073555307787
744.0 1.5908206019363527
744.5 3.1827513687559996
745.0 1.814708213888942
745.5 0.2
746.0 1.5937469371391404
746.5 2.3575441315445467
747.0 1.1655905664038217
747.5 1.4905992875222642
748.0 1.862170584570665
748.5 1.2577892521011158
749.0 1.5875168549728083
749.5 1.7258055941356902
750.0 1.3407889961832133
750.5 1.8743860645831378
751.0 0.8446315407520696
751.5 2.1315104058804595
752.0 2.2233543766450605
752.5 1.6394962542669866
753.0 1.3783336944564337
753.5 1.6095564115132415
754.0 1.1793910488221955
754.5 1.9782817991148924
755.0 1.483278994447639
755.5 1.2378458513635757
756.0 1.7963649574025367
756.5 3.168118805011871
757.0 0.4717283764779796
757.5 0.6130749478266533
758.0 1.8570369246829157
758.5 2.266968798038951
759.0 1.626188948391503
759.5 1.3721673877368186
760.0 0.607248312456474
760.5 2.091577294015546
761.0 1.8240317438874176
761.5 1.522374680937204
762.0 0.9850895903459541
762.5 2.4390586181646388
763.0 0.8593421396044683
763.5 3.4469746762325446
764.0 1.330048654134489
764.5 0.9633079935413524
765.0 1.1201557254896604
765.5 1.6662306834125182
766.0 1.239503181111692
766.5 0.8099391086886968
767.0 1.3544774356181493
767.5 1.3032515672167073
768.0 1.580059125147905
768.5 2.247210889755434
769.0 1.8292647980093295
769.5 1.232090508316805
770.0 1.2411115081195572
770.5 1.815960080078516
771.0 0.3528459657465015
771.5 1.3113914778638494
772.0 0.7516514789899791
772.5 0.5063809714269241
773.0 1.1684762547811829
773.5 1.4660314125745408
774.0 1.5392746558372017
774.5 0.2
775.0 2.0129781241136007
775.5 0.678032539501928
776.0 1.0370248384584486
776.5 0.832353781902803
777.0 1.0725365608077349
777.5 1.197480790378033
778.0 0.8873639425964754
778.5 0.9507192685119917
779.0 0.7355143890733867
779.5 1.0920082842886039
780.0 0.9422081425027945
780.5 1.0794753827555317
781.0 0.8666569463051275
781.5 0.998807689218674
782.0 1.0220556118677577
782.5 0.9109152473423592
783.0 0.9019600824164188
783.5 0.788641760899483
784.0 1.0190803291068327
784.5 0.710141717104229
785.0 0.8266516434374311
785.5 0.6040568739385102
786.0 0.6778435161135451
786.5 0.6078300745285015
787.0 0.720163651484089
787.5 2.3681516850478355
788.0 1.5479780125805318
788.5 0.7560342393764391
789.0 2.090267539040328
789.5 1.7482259407799923
790.0 2.2962602835590196
790.5 1.6818532483950086
791.0 2.2924017798350094
791.5 1.490916299313476
792.0 1.8533883309525336
792.5 1.7876554256238757
793.0 3.122311440375464
793.5 1.4082965248046047
794.0 3.0287967360192147
794.5 1.9681184358458164
795.0 2.343748317568492
795.5 2.944810837396833
796.0 1.9794477213566815
796.5 0.8594649405178283
797.0 1.7301825776768605
797.5 1.0277925885533221
798.0 0.26720529075553134
798.5 0.4602805518477381
799.0 0.9609592819663432
799.5 0.7287316205527617
800.0 0.6093655463250813
800.5 0.7415712435266171
801.0 0.9561872386525402
801.5 0.8800489074392218
802.0 0.9597283555580859
802.5 1.01627319988621
803.0 0.8532877077730379
803.5 0.7967291066205541
804.0 0.9260971111044803
804.5 0.6285871887855929
805.0 0.8815495084925842
805.5 0.5944875532881474
806.0 0.8885124341106247
806.5 1.0708805154155638
807.0 1.0107269432882766
807.5 0.6829153710184179
808.0 1.7873788342466472
808.5 1.214363517935968
809.0 1.9974948553851168
809.5 1.1138504167269703
810.0 1.4602522702829148
810.5 1.6487776158706353
811.0 1.1690962679860304
811.5 0.7542489724288756
812.0 1.5609439696043101
812.5 1.4305727860074051
813.0 0.7161450983224757
813.5 0.6211109670476903
814.0 0.7386553577043489
814.5 1.0774620119759681
815.0 1.263161800431547
815.5 1.4158342198408613
816.0 1.623166856927209
816.5 1.5480154444979026
817.0 1.8781897488376322
817.5 1.1579017409532584
818.0 1.70688012148298
818.5 1.8383734580013817
819.0 1.5364372796093941
819.5 2.8884829895578585
820.0 2.3207492725288237
820.5 1.518788637108909
821.0 0.2
821.5 2.833618561805006
822.0 1.865416744606099
822.5 2.7326349704067354
823.0 1.4506927261952551
823.5 2.8891406340804413
824.0 0.9639234520591994
824.5 0.7731354530177122
825.0 0.9184332042770497
825.5 1.0764772496180128
826.0 0.8359829443533842
826.5 0.875580450489192
827.0 0.803494149343591
827.5 0.7993342080186738
828.0 0.7182883627522298
828.5 0.8423873113075542
829.0 0.6665319703964152
829.5 0.7755163494066177
830.0 0.6710491665318652
830.5 0.7312435802815418
831.0 0.7244938833459835
831.5 0.6949536359273527
832.0 0.676423737542627
832.5 0.5760928554640616
833.0 0.5962924200332724
833.5 0.47759984725810056
834.0 0.6461436661564148
834.5 0.9141487254383195
835.0 1.2462551724171484
835.5 3.7798429990166227
836.0 0.9319153178878354
836.5 2.9749869609650927
837.0 2.8725113873252734
837.5 3.0164570622166695
838.0 3.1904094294657077
838.5 3.5315101963162556
839.0 3.6371423748705567
839.5 1.6952012877749412
840.0 1.1647932878845908
840.5 1.288440444538817
841.0 1.6466475748494431
841.5 1.5997070735824002
842.0 1.2463808345336238
842.5 1.407226200140664
843.0 0.6020228671626241
843.5 1.9958527730217235
844.0 1.344448501559964
844.5 1.0386335535238942
845.0 1.9694347658307252
845.5 1.673934180924431
846.0 1.0866502454277136
846.5 1.7053574001848266
847.0 1.1665403730343908
847.5 1.7861164659139241
848.0 1.9019858088988157
848.5 1.3850026832988827
849.0 1.5101503221075476
849.5 1.9679508462642286
850.0 1.2177153349549839
850.5 1.554844087928911
851.0 2.689396527087964
851.5 0.7249255575071957
852.0 2.269396841646547
852.5 2.3132470162290675
853.0 2.0529590994919595
853.5 1.2312079084379894
854.0 1.0433733137328653
854.5 2.1649569722279858
855.0 2.0770548089516043
855.5 1.9417933919870518
856.0 1.7146655776623114
856.5 1.3419756996343128
857.0 2.3539656340164257
857.5 2.3859723875229575
858.0 1.3504592266426494
858.5 1.1114882827941632
859.0 1.7116828631990462
859.5 2.470639124366853
860.0 2.08115253196776
860.5 1.631772101350899
861.0 2.72690465368238
861.5 1.1361906041388425
862.0 2.2510037323387984
862.5 1.5542842986038552
863.0 1.4230319185884641
863.5 0.4626470336317743
864.0 2.0801704304327453
864.5 0.2
865.0 1.3975430561661193
865.5 1.9574108538293105
866.0 2.947214728837311
866.5 1.703797942599317
867.0 0.920317974814149
867.5 1.283972415796723
868.0 1.3875853286654976
868.5 1.4557546800830599
869.0 1.3670716073787692
869.5 1.9992927571031984
870.0 2.5144481160536887
870.5 1.5170386369100883
871.0 1.5861792296495407
871.5 0.9805158230351626
872.0 1.3261502601034856
872.5 1.5528489226727562
873.0 2.4133838617702534
873.5 1.7479081491331878
874.0 1.4987216408129718
874.5 1.6939399571184408
875.0 2.5797793813989554
875.5 2.2522931816640597
876.0 2.5038423016365305
876.5 2.6628246831568205
877.0 3.1178360277622614
877.5 0.7872896048618403
878.0 1.925164297846341
878.5 0.48890214165225765
879.0 1.1278261667990108
879.5 1.6358140395471112
880.0 2.565966812475607
880.5 1.6837053372528825
881.0 1.5334408049275157
881.5 2.6497952790187935
882.0 2.288342220733677
882.5 2.267596685527683
883.0 3.322636065643924
883.5 2.2029333964033038
884.0 1.0924567105359713
884.5 2.6342292225944632
885.0 1.691787110221198
885.5 3.148593883599703
886.0 2.436302535203147
886.5 1.7100366951836758
887.0 2.1799029048670726
887.5 0.7052302416124538
888.0 1.0052549817821175
888.5 0.81360314650748
889.0 0.8392663528568377
889.5 0.9763809922947967
890.0 1.1658185706220978
890.5 1.903487796312642
891.0 2.0417792171881066
891.5 1.920562323005843
892.0 1.5143181064101432
892.5 2.43123244947889
893.0 2.0596314154616464
893.5 2.847256892523051
894.0 1.863824424031058
894.5 1.6755043395077216
895.0 1.1310055199371325
895.5 0.5569715668076503
896.0 1.2312228465565425
896.5 1.725227373895968
897.0 1.4307945650502891
897.5 1.275578677939156
898.0 1.7875671458489395
898.5 0.8287678293240899
899.0 1.529038430069707
899.5 1.3515982183173374
900.0 0.9633599591881556
900.5 1.0379823279513924
901.0 1.7601290111751042
901.5 2.13042674822006
902.0 1.4505151245969519
902.5 1.4783584947005246
903.0 0.8881982861684632
903.5 1.0695225076891215
904.0 0.8292110071172152
904.5 0.8265157497705182
905.0 0.7157299774611456
905.5 0.9173204745426052
906.0 1.1183987183132542
906.5 1.00802569157316
907.0 0.8866996434356673
907.5 2.1097055340999873
908.0 1.0034863102985092
908.5 1.047979359353496
909.0 1.2283073750565874
909.5 1.7511620503804692
910.0 1.6912305850121732
910.5 2.1893582387788926
911.0 2.0755379563497347
911.5 2.4835074906469616
912.0 1.4010662638407658
912.5 2.583886017699756
913.0 2.34459646657673
913.5 0.3001826608313436
914.0 1.6630682264794352
914.5 1.1047797060330005
915.0 1.9721307653718467
915.5 0.7588819834161292
916.0 1.2566427160440696
916.5 1.624736593585676
917.0 1.7298586206414954
917.5 1.2130071257002677
918.0 2.00744343900219
918.5 1.545807804185097
919.0 0.22228596608725293
919.5 2.098860414133979
920.0 3.851508341500698
920.5 3.0975214289946864
921.0 2.539779707435631
921.5 1.825605687357319
922.0 1.0353872582527093
922.5 3.59050155261758
923.0 1.496473139245332
923.5 3.0209059670726788
924.0 2.817180014131081
924.5 3.7360782490336994
925.0 1.5190380215853567
925.5 3.3077388228724747
926.0 2.5398684181932207
926.5 2.071264478704147
927.0 0.9635381962145398
927.5 0.9143352319303526
928.0 1.914470361681081
928.5 1.8724504455705238
929.0 1.422968627206072
929.5 3.91022829704435
930.0 2.463124426230492
930.5 3.457189728721824
931.0 2.7667269800424457
931.5 2.720229006318962
932.0 4.26264298014001
932.5 2.0029088246571227
933.0 3.628821740890811
933.5 0.8106968493738396
934.0 3.4492844951765855
934.5 3.7149819185706026
935.0 1.794998915516757
935.5 3.8643172542017017
936.0 2.3151158363382267
936.5 1.2136667500827107
937.0 1.6264868521792852
937.5 1.6141744804711675
938.0 2.763746594568943
938.5 3.1534888285179523
939.0 2.4491426305137085
939.5 2.168423427321667
940.0 2.4185564997713653
940.5 2.184150098382795
941.0 2.5099665639908486
941.5 1.9092820496028424
942.0 1.3507644855792988
942.5 0.8960073310911711
943.0 1.2296348898254972
943.5 1.1505882670591965
944.0 1.4618371720120573
944.5 1.9223943874942226
945.0 0.2
945.5 2.442300760307891
946.0 3.0531737631907063
946.5 1.280220939267181
947.0 2.5003773722010703
947.5 3.7113959704693795
948.0 2.442987738146546
948.5 1.9198514596011365
949.0 2.066553291709026
949.5 2.8932064452744637
950.0 2.2212176482573964
950.5 1.1651246820228323
951.0 1.002657718911487
951.5 0.5747617690307496
952.0 2.7678307486952836
952.5 1.7535658770161668
953.0 3.233892284125216
953.5 2.4689714545449766
954.0 2.3619406190752517
954.5 1.83962138503894
955.0 0.9762185660285161
955.5 2.235088806375666
956.0 2.9800107833915943
956.5 1.7845462902950058
957.0 2.8539436147581227
957.5 2.333104719792381
958.0 1.0967832180648005
958.5 1.565059815260409
959.0 2.775909650172304
959.5 1.0630630429806511
960.0 2.860489187504428
960.5 2.656343083959566
961.0 0.6208039021049356
961.5 0.899813542932127
962.0 1.0441949718984422
962.5 1.3160768209288938
963.0 0.7769680260738334
963.5 1.070482978878661
964.0 0.5834091548313662
964.5 0.8057442436813406
965.0 0.7079124319450997
965.5 1.0519180621314188
966.0 0.9793033274944112
966.5 0.5966002098817655
967.0 0.9444560147984422
967.5 2.077500700113971
968.0 1.0870120436021902
968.5 2.1764701616148487
969.0 3.0669392443519183
969.5 1.5532384339667284
970.0 2.492977787280334
970.5 1.8188883223575458
971.0 1.375041537683861
971.5 2.1975560325774097
972.0 2.486019253849716
972.5 1.363134222730271
973.0 1.5223928948518761
973.5 2.2185312494188816
974.0 2.1105142330571236
974.5 1.6034133470845284
975.0 2.1481797128042612
975.5 1.537830485999962
976.0 1.94138618955811
976.5 2.8418517695634646
977.0 1.8768547610542317
977.5 1.761337747845413
978.0 2.050100310087959
978.5 1.7737030680298558
979.0 2.0922464096196003
979.5 2.3048124517933624
980.0 1.729116421885733
980.5 1.0508345865507023
981.0 1.4828807103062
981.5 1.4290751998881674
982.0 1.4041929666662314
982.5 2.056402539012101
983.0 0.3894317138462402
983.5 2.836074377773339
984.0 1.8391931192572173
984.5 2.8075368237984284
985.0 1.4052314258601333
985.5 1.4716006755175264
986.0 1.6006306371145889
986.5 1.8989500560524442
987.0 2.127822756024188
987.5 2.3055401205397947
988.0 0.7958813071554787
988.5 1.0766958601844716
989.0 1.340915381830008
989.5 1.3272479876693646
990.0 0.9621693456727486
990.5 1.8720523744229192
991.0 1.9190874769915396
991.5 2.790241601359206
992.0 2.0369896086594466
992.5 1.7125968253658868
993.0 1.3324966573175736
993.5 1.066435383673698
994.0 1.9450748962719413
994.5 1.5138515835507398
995.0 2.8618621782685656
995.5 2.139700532517705
996.0 1.340371099305601
996.5 1.9380062870331258
997.0 1.5466674894136134
997.5 1.7573064958220133
998.0 2.0354654116441386
998.5 1.3718702374175225
999.0 1.7999559172666035
999.5 1.2466251543671552
1000.0 1.4739958106474984
1000.5 1.2254891739308214
1001.0 1.30322645020476
1001.5 1.5463533898088677
1002.0 2.1555437048926063
1002.5 2.147899066390754
1003.0 2.5900200507962605
1003.5 1.020506638781737
1004.0 2.4964026102003323
1004.5 1.21278027014357
1005.0 1.6869779724232439
1005.5 1.2752571895797422
1006.0 0.40266305374209166
1006.5 1.199053424426517
1007.0 2.0391517668559844
1007.5 1.3359042022906404
1008.0 1.6478151772565486
1008.5 1.8743916507397986
1009.0 0.8111681230603035
1009.5 0.9118804662251642
1010.0 1.5661679978251304
1010.5 2.047337996495784
1011.0 1.991468385518604
1011.5 1.8076482900938078
1012.0 1.044152764500717
1012.5 1.5352559876685254
1013.0 2.0569990184267173
1013.5 1.0529499690883843
1014.0 1.1820730238448356
1014.5 1.5179642892792027
1015.0 1.5460051283141252
1015.5 1.5099350364096094
1016.0 1.2287289577380514
1016.5 1.4463115480109985
1017.0 1.4750639416234193
1017.5 2.1513347950034687
1018.0 0.8377434193676941
1018.5 1.2040592461737016
1019.0 1.8234302164815448
1019.5 0.9949747127800009
1020.0 1.0470532318555605
1020.5 0.5988664692121666
1021.0 1.1148031673879872
1021.5 0.6786551441157834
1022.0 0.675120854917356
1022.5 0.6976373095375932
1023.0 0.9433341560682083
1023.5 0.4913729984453911
1024.0 0.6847897665754584
1024.5 0.895353249438785
1025.0 0.9818748600786353
1025.5 2.3904405180700055
1026.0 1.299204314372178
1026.5 1.8693957601416418
1027.0 1.3219837776999208
1027.5 0.8824974979499906
1028.0 1.886872923628264
1028.5 3.1896630315084833
1029.0 3.1464429344304676
1029.5 2.4357187500977964
1030.0 0.2565771197611497
1030.5 1.797966867290917
1031.0 0.6453186995532987
1031.5 1.9232150586923091
1032.0 1.0384070909363214
1032.5 2.0020270876105095
1033.0 2.1586252898038776
1033.5 1.8837944938458415
1034.0 1.7631013277382337
1034.5 2.0761195093964013
1035.0 1.5645067140753521
1035.5 2.5026514101925663
1036.0 1.3855610381590209
1036.5 2.245114663817646
1037.0 1.45470942973131
1037.5 3.23509003676384
1038.0 0.549637319336383
1038.5 2.333730274981288
1039.0 1.5585030055179185
1039.5 1.8604068753407057
1040.0 1.3997896139138584
1040.5 0.7757914916969506
1041.0 3.404263603041386
1041.5 2.9634257313161383
1042.0 2.493080597923247
1042.5 0.998600135995406
1043.0 1.4893792356268414
1043.5 1.322633421621478
1044.0 2.8688353985131556
1044.5 2.4535866343472468
1045.0 2.4552455241574584
1045.5 1.4804309782883651
1046.0 1.3163113791011285
1046.5 1.5154962187483978
1047.0 1.4397818307389834
1047.5 1.9091102104672306
1048.0 0.9447643396058469
1048.5 3.419706623272887
1049.0 0.2949369762136138
1049.5 2.173230210777165
1050.0 3.457489447190185
1050.5 1.1708169538292414
1051.0 1.1903312752935538
1051.5 1.547256880096115
1052.0 1.6209515959021523
1052.5 1.8883818661275757
1053.0 1.8481873374446403
1053.5 2.8992123106988683
1054.0 1.182632918750195
1054.5 2.3497703692037395
1055.0 2.7404756210479446
1055.5 1.3914305856257854
1056.0 0.7259005347522749
1056.5 3.17905516732499
1057.0 1.9482084183196995
1057.5 1.8262861113519575
1058.0 2.09221830964134
1058.5 2.2709844772216243
1059.0 2.873315746556223
1059.5 1.9836318682329
1060.0 1.2946936549711257
1060.5 1.3986580715904535
1061.0 1.5566074231054179
1061.5 3.1557987991705625
1062.0 1.2592478762709267
1062.5 1.9427558764346102
1063.0 1.6399377419853796
1063.5 0.581233168506704
1064.0 1.4424161499858346
1064.5 3.145037071296755
1065.0 1.7856317671019402
1065.5 1.6910956006289561
1066.0 1.772908824792389
1066.5 1.262379833477609
1067.0 1.4785733929272502
1067.5 1.7467454789893058
1068.0 2.6988961009512087
1068.5 1.1791797512493172
1069.0 2.4742731667258386
1069.5 1.0063194168582632
1070.0 1.9649796949266345
1070.5 1.1308342247706948
1071.0 0.8753794914134856
1071.5 1.3528976264351207
1072.0 0.8634843326306022
1072.5 0.5755577561696097
1073.0 1.212320622789566
1073.5 2.153204556199114
1074.0 1.553709964625749
1074.5 1.5703765603555602
1075.0 2.7855494785204855
1075.5 3.1848354777966215
1076.0 2.4493267597074997
1076.5 0.9156527427208203
1077.0 2.4617187439717503
1077.5 1.4038764253862743
1078.0 2.930050959317115
1078.5 2.4155879694808147
1079.0 3.743101544089085
1079.5 2.202222160606158
1080.0 1.6125306766088228
1080.5 2.860708155810103
1081.0 1.1793249820291687
1081.5 2.7353286492984292
1082.0 1.8991490400479285
1082.5 1.7390450298231994
1083.0 2.980319963810276
1083.5 2.539066897865198
1084.0 3.0138527623941362
1084.5 2.2248822435055557
1085.0 1.8495353887689896
1085.5 2.0042660839157493
1086.0 1.7479387983902104
1086.5 1.7325671784178556
1087.0 1.8959548821604395
1087.5 2.2632053058949864
1088.0 2.677410260380358
1088.5 2.305866976499022
1089.0 1.7099646588146842
1089.5 3.5605402926811736
1090.0 2.9840870212326256
1090.5 2.2055029968960715
1091.0 2.279314161997479
1091.5 2.859443862816599
1092.0 0.5411773758918821
1092.5 0.8697935992825542
1093.0 1.2877272746912882
1093.5 1.694870494549617
1094.0 1.5327677514347253
1094.5 1.3921273944725705
1095.0 1.1733807035430992
1095.5 2.3104857112558808
1096.0 0.7665852839539196
1096.5 1.8852236939438582
1097.0 2.025482539022553
1097.5 2.2251721688215174
1098.0 2.670903186253356
1098.5 3.1087366792945854
1099.0 1.0348106482902621
1099.5 1.3015459187149458
1100.0 2.225445642621747
1100.5 0.5379239594331203
1101.0 1.178259329370916
1101.5 1.6262516942979088
1102.0 3.0394765734119273
1102.5 1.6812750992712955
1103.0 2.662506985886088
1103.5 1.1104651619488117
1104.0 3.001577264276401
1104.5 1.0025467570746438
1105.0 2.8679037480108738
1105.5 2.9873836849366047
1106.0 1.8819995536578338
1106.5 1.9419133811622276
1107.0 1.952205805683235
1107.5 1.9103298444199357
1108.0 1.8648240396267133
1108.5 0.9203135984673654
1109.0 1.9377852326593972
1109.5 1.4003593532179142
1110.0 0.9820812818898647
1110.5 1.769805359885677
1111.0 1.3781154936223756
1111.5 1.6414999971643942
1112.0 0.21170686974065855
1112.5 1.4048939873940292
1113.0 1.91951353141572
1113.5 1.4829146777721491
1114.0 1.2319216951842709
1114.5 0.9063210070858981
1115.0 1.155046258082703
1115.5 0.9847404779382426
1116.0 1.8152923403655088
1116.5 1.4886356887645762
1117.0 0.716929859067887
1117.5 1.1268350977460688
1118.0 1.0953296947784583
1118.5 1.04023598447594
1119.0 1.1422970661915033
1119.5 0.4701533060852894
1120.0 0.6826952695444869
1120.5 0.591136981803007
1121.0 1.0360533181725737
1121.5 0.7387504236337078
1122.0 1.1215739896615542
1122.5 0.8942674566984254
1123.0 3.0241544657023915
1123.5 1.4974011019392925
1124.0 3.566388335178539
1124.5 3.3106430908438433
1125.0 2.2252211371862876
1125.5 0.9459947793443166
1126.0 3.1982104056598897
1126.5 4.75770615687501
1127.0 3.856511233287015
1127.5 2.8730986513967673
1128.0 2.5216844373500926
1128.5 4.152039067540247
1129.0 3.1551670096605196
1129.5 1.3026750642926914
1130.0 1.4726811777905011
1130.5 2.368958440100386
1131.0 1.8031483518221059
1131.5 1.7543087920307059
1132.0 1.4132423991212013
1132.5 1.1244638847684785
1133.0 1.5653400574614986
1133.5 1.1124944635979146
1134.0 1.7783937326683452
1134.5 1.0244807604211381
1135.0 1.4778558624390106
1135.5 1.7657983821695167
1136.0 1.155716308235546
1136.5 0.7740876229463836
1137.0 0.750337586217634
1137.5 0.665975378950965
1138.0 0.7512843681986514
1138.5 0.6752076112113905
1139.0 0.716778494176554
1139.5 0.6436966813677453
1140.0 0.7823162205628631
1140.5 2.1802625032357383
1141.0 1.3694679143907358
1141.5 0.6719118386451501
1142.0 1.307926422923558
1142.5 2.615874555700918
1143.0 0.6709327283107502
1143.5 1.4615770347012171
1144.0 2.6688440249151464
1144.5 1.6754051223325626
1145.0 1.9414007959064996
1145.5 0.35275036131341686
1146.0 1.0798138201840422
1146.5 1.4888079660201583
1147.0 1.8273122005726372
1147.5 2.037310147903171
1148.0 1.9553651441248705
1148.5 2.0178464970922354
1149.0 2.038643496161196
1149.5 1.353841877399264
1150.0 1.9420963284213446
1150.5 0.9621437133273975
1151.0 1.4918645372181518
1151.5 2.385173305873273
1152.0 1.3982011597931545
1152.5 2.3979393632114334
1153.0 2.077418716021642
1153.5 2.020689489123832
1154.0 1.395205591092112
1154.5 1.7050060793650026
1155.0 1.7445200857774221
1155.5 1.0741506741373228
1156.0 0.9501909050863814
1156.5 1.1835056539917181
1157.0 1.1300198629782645
1157.5 1.1887188798202861
1158.0 1.3652589676705373
1158.5 1.4222867834365387
1159.0 0.6214447569705022
1159.5 1.5721764256849273
1160.0 1.6645148827767187
1160.5 1.2939205607955673
1161.0 1.3415269507762009
1161.5 1.5206523038096518
1162.0 0.6177497914037093
1162.5 1.7558907210848163
1163.0 1.8095999465915347
1163.5 2.1586559216592116
1164.0 1.2788009004822989
1164.5 1.924972313158669
1165.0 1.7103761539282778
1165.5 0.6413721429878598
1166.0 0.9148706497535374
1166.5 2.2570029770696394
1167.0 1.465880411753708
1167.5 2.0390469931022954
1168.0 1.6008824881231218
1168.5 1.1877631267508932
1169.0 1.4958367053572665
1169.5 2.9148894499183697
1170.0 2.1263314093894037
1170.5 2.7705781049109204
1171.0 1.9699525601406707
1171.5 2.0414504344918285
1172.0 1.8634731205468191
1172.5 1.062097857288038
1173.0 1.9985802697020771
1173.5 1.8881343356704645
1174.0 0.3279226563233295
1174.5 0.6176573236792963
1175.0 1.54203193386945
1175.5 0.9779245762698163
1176.0 1.1751620231065543
1176.5 1.1629039195707191
1177.0 1.4552770174315306
1177.5 1.1414460276433243
1178.0 0.8939547625244191
1178.5 0.949455203926927
1179.0 1.430758230858926
1179.5 1.2740519146240563
1180.0 2.6133102217673465
1180.5 1.8750176668510663
1181.0 1.2577289872293609
1181.5 1.9383090901416677
1182.0 1.662875095065381
1182.5 1.0406987623567288
1183.0 1.9699257266429986
1183.5 1.430421862028822
1184.0 2.100490210992762
1184.5 1.7332670301509574
1185.0 1.689762883032909
1185.5 1.885974459761676
1186.0 2.265502953182998
1186.5 1.6302739753903723
1187.0 2.229416641139517
1187.5 1.3067732241415864
1188.0 1.0830659708992987
1188.5 1.40865287371093
1189.0 1.3756517083242095
1189.5 1.1135368231819684
1190.0 1.1995013161730848
1190.5 0.6847007644057503
1191.0 1.0309979540145393
1191.5 1.4726216252839777
1192.0 0.9870829051357688
1192.5 0.9351693030100767
1193.0 1.251701227436988
1193.5 0.5351853790331683
1194.0 1.0941062168236428
1194.5 1.6303488980232934
1195.0 1.5461346851405826
1195.5 1.0807673112999812
1196.0 1.026651958517851
1196.5 0.987219181980099
1197.0 0.7410308816319724
1197.5 1.128618767343812
1198.0 0.973252131014726
1198.5 0.9692958007072512
1199.0 1.247770644916764
1199.5 0.6530897016620537
1200.0 0.5018630399620039
1200.5 1.18060764724637
1201.0 0.9505577623064815
1201.5 0.7317507578361389
1202.0 0.8378431755223246
1202.5 0.6320149823711634
1203.0 0.9342163162382333
1203.5 0.7065405044363106
1204.0 0.9569537005923072
1204.5 0.7880349772075863
1205.0 0.9778417680512411
1205.5 0.4641665679583637
1206.0 0.8096953112150101
1206.5 2.6371839240063286
1207.0 1.7024523716937765
1207.5 1.8542892268137714
1208.0 1.2623090388861957
1208.5 1.4608234228272456
1209.0 1.5284428699356685
1209.5 1.2362861810924721
1210.0 1.2643760722332917
1210.5 2.005155543246717
1211.0 1.199582015865485
1211.5 2.2063421249250723
1212.0 0.9022381744769501
1212.5 0.6190360532453085
1213.0 1.5533597455882935
1213.5 1.6600290055031823
1214.0 1.6267711435723275
1214.5 1.9778711867775838
1215.0 2.315824869997246
1215.5 1.2483517118628067
1216.0 1.7426460686037148
1216.5 0.8814998503709597
1217.0 1.171460796255252
1217.5 0.9738062876714282
1218.0 1.2417697475356544
1218.5 1.30942873460015
1219.0 1.3047195284348476
1219.5 1.2171680811948544
1220.0 1.9453188464107578
1220.5 1.850194910208124
1221.0 2.1295968847068716
1221.5 0.7610853613623595
1222.0 2.23838576392805
1222.5 1.9135260790218027
1223.0 0.8595582553733894
1223.5 1.4068908766084065
1224.0 1.7271770452322859
1224.5 1.1939357390466872
1225.0 0.9451090845036442
1225.5 1.5620623156810693
1226.0 1.4667045625386335
1226.5 1.867399198131573
1227.0 1.8308838197337525
1227.5 1.4129459439139822
1228.0 1.9184830658517666
1228.5 1.9011938648879423
1229.0 1.9617683242595017
1229.5 1.6802714601138597
1230.0 1.6560701156904867
1230.5 1.5069798496966036
1231.0 1.6659194029401412
1231.5 1.1650888165140816
1232.0 2.2036657285478336
1232.5 2.7962066680286997
1233.0 0.9837920260040888
1233.5 2.2759124073952024
1234.0 2.360057200391866
1234.5 0.34171029527637087
1235.0 2.7804187629394637
1235.5 2.0177922073799293
1236.0 2.0481963153821923
1236.5 1.8522940635837633
1237.0 2.364763527420655
1237.5 2.642960549535924
1238.0 2.3383586463058235
1238.5 1.0658829411341935
1239.0 2.2865002599025868
1239.5 2.9869544432869413
1240.0 2.7775477214487942
1240.5 2.1563409552691892
1241.0 4.069681571919207
1241.5 0.4646563890201514
1242.0 1.2847794766658545
1242.5 1.7790798990030092
1243.0 1.6696419811451086
1243.5 0.6172561858755683
1244.0 1.4841159599084197
1244.5 2.658543108475093
1245.0 2.0701325325096205
1245.5 1.8936052980245224
1246.0 0.7461518510862482
1246.5 1.517966252201914
1247.0 1.6463342737200652
1247.5 2.756949899666342
1248.0 1.7355108055632453
1248.5 1.4870758251148193
1249.0 1.5708852623072833
1249.5 0.2
1250.0 4.457856295350838
1250.5 3.51400969472137
1251.0 1.243266035952011
1251.5 3.550532023147792
1252.0 1.3319188896618948
1252.5 2.658646821206725
1253.0 3.5761201763761354
1253.5 0.42951463204086293
1254.0 3.260664351317903
1254.5 0.9252193994059896
1255.0 2.029221647653525
1255.5 2.0696368057433494
1256.0 3.1280085390014296
1256.5 2.2397906670750087
1257.0 2.38726579919003
1257.5 1.1386872142913473
1258.0 3.5557627907911975
1258.5 1.9211163268574274
1259.0 1.551331626651849
1259.5 3.247287303364881
1260.0 1.1060454335049879
1260.5 1.5344315124397183
1261.0 2.840640337090405
1261.5 2.987115771407087
1262.0 2.695700020038532
1262.5 3.66570314862748
1263.0 0.8515054676325033
1263.5 3.0493640917333535
1264.0 3.8907408517559494
1264.5 0.9736398953143517
1265.0 3.2367422209060632
1265.5 1.7592288783707863
1266.0 2.9927341576409496
1266.5 1.2557392247758539
1267.0 1.2298950912839575
1267.5 0.5546153515959844
1268.0 0.978830502786137
1268.5 1.6952441040326014
1269.0 1.6183626636319248
1269.5 1.5583019454404003
1270.0 1.430850343280372
1270.5 2.0904549250327054
1271.0 1.9087738944556634
1271.5 2.202065903672854
1272.0 1.7200955606439332
1272.5 1.9285540412802413
1273.0 1.3180309132475034
1273.5 1.5871573090102715
1274.0 1.3402201919606906
1274.5 1.249478596409383
1275.0 0.6864592228816317
1275.5 0.9820116237538058
1276.0 1.030425450619553
1276.5 0.9295443426500978
1277.0 0.5970972956224102
1277.5 1.010977571735382
1278.0 0.9279477489116464
1278.5 1.1578498295315236
1279.0 0.737230922113469
1279.5 0.577027298943581
1280.0 0.804575167067412
1280.5 1.7238262531627737
1281.0 1.7069008660248004
1281.5 1.7880732959850816
1282.0 1.3014465125386199
1282.5 0.8065683915817625
1283.0 1.538032130743622
1283.5 2.3145628862167795
1284.0 1.7516296721985354
1284.5 1.2705612419705057
1285.0 0.9323226407794379
1285.5 1.1156260110130838
1286.0 0.8974936979230524
1286.5 0.6928609514793491
1287.0 1.5282892620641135
1287.5 0.6500869692728577
1288.0 1.1644054216446955
1288.5 1.6723346391233815
1289.0 1.0737776876697689
1289.5 1.128334856188288
1290.0 1.6819036357637165
1290.5 0.9249746517608964
1291.0 0.8821851735469759
1291.5 1.1008817176483925
1292.0 0.9727917163379235
1292.5 0.8245349726193103
1293.0 1.3932448537028734
1293.5 1.1332619675256685
1294.0 0.6746266752104582
1294.5 0.4693095314148438
1295.0 1.0160119672591859
1295.5 0.6529186239280584
1296.0 0.6583447837822973
1296.5 0.6426677832822614
1297.0 0.6966315176049269
1297.5 0.7269042936982246
1298.0 0.6879846974922839
1298.5 2.9145701020851327
1299.0 3.2690244269878725
1299.5 1.9598807444829267
1300.0 2.187577294314734
1300.5 2.5875906716481945
1301.0 3.1271982097152264
1301.5 2.153898558680279
1302.0 2.015382988285085
1302.5 3.3269663285415563
1303.0 2.595682235531633
1303.5 2.5315745374704575
1304.0 1.2589548703085098
1304.5 2.35505374369766
1305.0 2.2987329292896628
1305.5 1.001087777767708
1306.0 1.1525120347228333
1306.5 0.875166490222065
1307.0 0.3533192142346382
1307.5 1.1610683034321998
1308.0 0.7761409523134573
1308.5 0.8947747727178059
1309.0 0.948370493344302
1309.5 0.8140297944442778
1310.0 0.5603162377656548
1310.5 0.9092811305418765
1311.0 0.8456933610460039
1311.5 1.3047857612575955
1312.0 0.42132430421311073
1312.5 1.0562903252254816
1313.0 0.9509793440221177
1313.5 1.531072262525472
1314.0 2.0046871021316504
1314.5 1.6599532704816071
1315.0 1.6774943247789365
1315.5 0.9514957920433297
1316.0 1.0936423674051603
1316.5 1.1229476084991328
1317.0 0.667816968916922
1317.5 1.0627656054847132
1318.0 0.8010703966216868
1318.5 0.797463715641693
1319.0 0.9693766505631992
1319.5 1.0473883828713428
1320.0 0.39879808194907673
1320.5 1.1862359942187126
1321.0 1.2985065440969543
1321.5 0.7490785606301916
1322.0 0.907862350919857
1322.5 1.1828480805921355
1323.0 0.7146004320661526
1323.5 1.6608648370695513
1324.0 1.1201831001063558
1324.5 1.0473774865397991
1325.0 0.6961907590439633
1325.5 0.8359943128770686
1326.0 0.6954501333031053
1326.5 0.6586560608646429
1327.0 1.0217994619086332
1327.5 0.9140584771691214
1328.0 0.7403078028341654
1328.5 1.1680738711069476
1329.0 0.8446148928687702
1329.5 0.9440177194875884
1330.0 0.8408255425079207
1330.5 1.7954793185249278
1331.0 0.8923075233492739
1331.5 0.9681607076616846
1332.0 0.9040926887960211
1332.5 1.6988615458963963
1333.0 1.2143543670397192
1333.5 2.3625213807772143
1334.0 0.2
1334.5 1.0130273286480689
1335.0 1.6447970645531356
1335.5 1.566844592039314
1336.0 2.0521424914992137
1336.5 1.9403316615837984
1337.0 1.9845174945780366
1337.5 1.8689637071043748
1338.0 3.4090040795983807
1338.5 0.6025001794601164
1339.0 1.6235754996272467
1339.5 2.4512333510058193
1340.0 2.204210587436756
1340.5 1.5430265528218292
1341.0 1.5209314729354508
1341.5 2.5949196857423376
1342.0 1.3905271662625895
1342.5 1.4203889016683386
1343.0 1.2601567971180874
1343.5 2.1341726898900446
1344.0 3.4850653523936757
1344.5 2.518760508081244
1345.0 1.5628681759582683
1345.5 0.2
1346.0 2.038489639865704
1346.5 2.137519091317685
1347.0 2.4680551048518553
1347.5 1.1784084968213586
1348.0 3.2545635824421657
1348.5 1.865876652731191
1349.0 1.7942751533332748
1349.5 1.1066591101783323
1350.0 2.7822371030079616
1350.5 3.316425390685385
1351.0 2.5024370945609644
1351.5 2.103725814488927
1352.0 3.0067694524885242
1352.5 2.5084785158617926
1353.0 3.3414334221917636
1353.5 0.6015293505233399
1354.0 2.429800817000756
1354.5 3.028545378673328
1355.0 2.3049117957120373
1355.5 3.069236403256758
1356.0 3.2883880808784047
1356.5 3.043027469718432
1357.0 2.4024944681462403
1357.5 1.4849306378536347
1358.0 1.862511497325581
1358.5 2.626839574490953
1359.0 1.1373430562005606
1359.5 2.474536507628319
1360.0 1.3165360675514675
1360.5 2.206809899925031
1361.0 1.6746773681570128
1361.5 1.9061539652244848
1362.0 0.8524928080336786
1362.5 1.2389801888680692
1363.0 2.019943274503694
1363.5 1.7102217304910234
1364.0 2.1620133181153416
1364.5 1.5774752610828788
1365.0 1.3667868057271328
1365.5 1.9181340990911437
1366.0 1.3277663665806694
1366.5 1.2735046491461801
1367.0 1.0298411575599944
1367.5 1.3462058180374088
1368.0 1.3250724185461313
1368.5 1.3284575956045395
1369.0 1.89509921927204
1369.5 1.5186761207767248
1370.0 1.252047571159262
1370.5 1.71212431020163
1371.0 1.7667444563783745
1371.5 1.4307848438891653
1372.0 1.3245600444538956
1372.5 1.4981056294571709
1373.0 1.1468986855282404
1373.5 3.9402916256855365
1374.0 3.2781386512860444
1374.5 2.8978530819570003
1375.0 2.576408819532599
1375.5 1.6217244603237195
1376.0 2.243313010057365
1376.5 1.8345980873678416
1377.0 2.383647332020134
1377.5 1.397189548131449
1378.0 1.8914696131159505
1378.5 2.403087292113571
1379.0 2.159308479728207
1379.5 2.2093013430234127
1380.0 2.3461788463582685
1380.5 2.258119603914996
1381.0 0.9775250587070954
1381.5 1.8611122740050372
1382.0 1.898265001609055
1382.5 2.5195057042690863
1383.0 2.527873591581158
1383.5 1.5314565767948427
1384.0 2.7694528787852675
1384.5 0.6805371586547784
1385.0 1.5109875188449864
1385.5 1.8661074839140128
1386.0 0.8011469742949716
1386.5 0.6893556230354492
1387.0 2.334814991965599
1387.5 0.9185590644908953
1388.0 1.2564444973495983
1388.5 1.433386459718553
1389.0 0.9297550156667671
1389.5 2.2168206008585107
1390.0 0.6975281875935582
1390.5 1.36756537780184
1391.0 2.8864814450114555
1391.5 2.049906045527112
1392.0 1.8000780320504655
1392.5 1.7984748019655514
1393.0 2.8274371300083097
1393.5 2.04830591233031
1394.0 1.5010653676174757
1394.5 2.1331113567145117
1395.0 1.6127680836037932
1395.5 2.1479048445297577
1396.0 2.1619928975206166
1396.5 1.9190393040819866
1397.0 0.7872717431750733
1397.5 2.9905053951608953
1398.0 2.4330872717075476
1398.5 1.6584753449478091
1399.0 0.9673199451253491
1399.5 1.473810393792777
1400.0 1.084981799380195
1400.5 1.2287980368929814
1401.0 1.238232557178612
1401.5 0.7984245974790896
1402.0 1.6628168114172261
1402.5 1.4764143981050177
1403.0 1.5376455350000908
1403.5 1.7378372002784008
1404.0 1.438750897418504
1404.5 0.9150396956616249
1405.0 1.0655532307854159
1405.5 1.5515799458006039
1406.0 1.5728623954129182
1406.5 1.320161832928554
1407.0 1.043022848934432
1407.5 1.0743485168320324
1408.0 1.4322685880706065
1408.5 1.1105489964085704
1409.0 1.3121658632340507
1409.5 1.3456383206699787
1410.0 1.632990411981733
1410.5 1.4155931192894078
1411.0 0.6303164706290555
1411.5 1.1218789129715987
1412.0 1.2845327380283533
1412.5 1.2178806862537601
1413.0 1.5314449047852943
1413.5 1.2741365690704225
1414.0 0.7716395355782077
1414.5 1.210371694174671
1415.0 0.8456277690351592
1415.5 1.8601786787024124
1416.0 2.0664971457552612
1416.5 1.3986736906978852
1417.0 1.4722674128280775
1417.5 1.1110445227067327
1418.0 2.089603980263683
1418.5 1.4547913333876958
1419.0 1.5214303610744528
1419.5 1.0744547417242543
1420.0 0.999951768914366
1420.5 0.8690410036764638
1421.0 1.041656845411659
1421.5 1.6284296830089857
1422.0 1.1474744824671945
1422.5 0.803272276116481
1423.0 0.5003963999164909
1423.5 0.7665382361066988
1424.0 0.691486834753561
1424.5 0.7419266470194223
1425.0 0.67086625542778
1425.5 0.5881224139518977
1426.0 0.8153628951586693
1426.5 0.6345639149150667
1427.0 0.7752454448678994
1427.5 0.7815796550046537
1428.0 0.8484204316720301
1428.5 1.052790909815156
1429.0 1.3081815621787505
1429.5 0.7631504672363464
1430.0 1.2135693668131537
1430.5 1.9043743877750405
1431.0 1.1026532672604001
1431.5 1.2381712284430426
1432.0 1.2387946176605515
1432.5 1.7828765739614165
1433.0 2.485162598732205
1433.5 3.058113887409613
1434.0 1.810135853921551
1434.5 1.349016413171428
1435.0 1.043753400946958
1435.5 3.230340378016634
1436.0 2.2713616448880956
1436.5 1.911206714353109
1437.0 2.8829824861469415
1437.5 1.4434526060165649
1438.0 3.2715160229165887
1438.5 3.563707261663271
1439.0 3.2518303977680594
