0 3.1432690832000416
0.5 3.2440418819116976
1.0 2.2193867463296653
1.5 2.606645588716619
2.0 2.6606209126993514
2.5 2.4123236045933574
3.0 3.176533144212093
3.5 2.1160482264588643
4.0 2.8597526514589626
4.5 0.2
5.0 1.2420912959760775
5.5 4.752641723715705
6.0 0.687844943697546
6.5 3.998486961911163
7.0 3.537110849575303
7.5 1.2337774005843694
8.0 2.457156907222516
8.5 1.3180268125810586
9.0 1.9622373531501918
9.5 2.5659944800601506
10.0 2.0982565091295253
10.5 2.208656347129722
11.0 2.601170305437958
11.5 4.503959551111673
12.0 1.2127865988819728
12.5 1.2607328413912153
13.0 1.65348492965858
13.5 0.2
14.0 0.5463343198859062
14.5 0.8233997755445044
15.0 0.6281399544345634
15.5 0.953125380864686
16.0 0.7212470999948073
16.5 1.491246502546883
17.0 1.1724623709262247
17.5 1.4273275641387166
18.0 1.5126192020683473
18.5 1.784632375864848
19.0 1.7486589100071845
19.5 1.0355125598441905
20.0 1.0611694513997545
20.5 1.3832182913051874
21.0 1.5367818699788756
21.5 2.017356100050642
22.0 2.2170655228145115
22.5 1.5397472061748703
23.0 0.7269738515276462
23.5 0.2
24.0 1.5704748887073894
24.5 2.203634010532157
25.0 0.9309193925191157
25.5 1.260164488789154
26.0 1.6099401801730067
26.5 1.8081528880749724
27.0 0.6392717835702735
27.5 0.5079262041946566
28.0 1.9154289939718512
28.5 2.093984255895374
29.0 3.634393816045072
29.5 2.143065514410545
30.0 1.9201088915166793
30.5 2.9228683002721403
31.0 2.039219389958771
31.5 1.3092703445015768
32.0 2.053603994860432
32.5 2.886058643932565
33.0 2.3863205972978627
33.5 2.2550951008413933
34.0 3.3411498847079137
34.5 3.4824954201300793
35.0 2.7478366512373595
35.5 0.5052416973080318
36.0 0.9354704699836188
36.5 2.3803859642808427
37.0 1.426519599165226
37.5 2.8274612039370535
38.0 1.5596360907227798
38.5 3.502554466114216
39.0 2.517908860376811
39.5 1.960853197336358
40.0 1.6879451997673118
40.5 2.2607684616975634
41.0 1.265712437456025
41.5 2.4393681476235125
42.0 2.8080215491762344
42.5 0.985886276169928
43.0 2.168155848069108
43.5 1.8784892708309746
44.0 1.915202548459637
44.5 2.2922368387051515
45.0 1.7844929705051207
45.5 3.022117519508357
46.0 1.1918793524426818
46.5 2.17464302279272
47.0 1.7638416006311135
47.5 2.0758621559978767
48.0 2.629349401119443
48.5 2.5089668549866966
49.0 1.457058407214164
49.5 1.4719109032977646
50.0 1.3701867839706305
50.5 1.6513796292997225
51.0 2.93054173398834
51.5 2.4846974010272755
52.0 2.9574530725744195
52.5 1.9639413387235671
53.0 1.106791076874472
53.5 0.9211292805667964
54.0 1.7669337045413769
54.5 1.8135734673420254
55.0 0.4804042780355021
55.5 0.8794063409953937
56.0 0.77277073806045
56.5 0.7006017526997986
57.0 1.0425135344193208
57.5 0.7033268819114642
58.0 1.0606704735148968
58.5 0.8146398135480258
59.0 1.6490123402317414
59.5 1.962110762565366
60.0 1.2080852663340833
60.5 0.6587508571299399
61.0 1.093131639021971
61.5 1.042292004605717
62.0 2.888191357418037
62.5 1.858973800904841
63.0 3.0693872299692835
63.5 1.873585650465783
64.0 1.4990750393867969
64.5 2.4144528108432652
65.0 1.007296910762562
65.5 1.399413837372189
66.0 1.2728221782518467
66.5 2.156498140923227
67.0 2.4650725809489438
67.5 0.971262943956937
68.0 2.369203691003987
68.5 2.7650886954900655
69.0 1.0166926434907213
69.5 1.150363538931815
70.0 3.0882766684453458
70.5 0.7611326970507653
71.0 1.4144368495902637
71.5 1.5962681951872453
72.0 2.24983904227162
72.5 1.6470929723835628
73.0 1.3444483212602816
73.5 1.642355170157881
74.0 1.9763836444620648
74.5 2.4640735935268507
75.0 0.9227508070637311
75.5 2.4998976541488984
76.0 2.2550946101524163
76.5 1.3296715238433845
77.0 3.466712417743471
77.5 2.032895862052026
78.0 1.7683974422512994
78.5 0.27247306525440473
79.0 2.1545591005252955
79.5 1.8675616197971736
80.0 1.931894606706828
80.5 2.074985714743176
81.0 0.9715049812626084
81.5 1.2269586396438594
82.0 1.5919196821499666
82.5 2.085428246100942
83.0 2.205295561526029
83.5 1.8052747241780174
84.0 2.0162647267554874
84.5 0.2
85.0 2.7483810436021536
85.5 2.5956163015096263
86.0 0.5912030275466535
86.5 1.6391620215447371
87.0 2.2274093341235215
87.5 0.8255496007083956
88.0 2.9528213349686534
88.5 1.6199441880951155
89.0 0.6497438677201295
89.5 1.2395783710974198
90.0 2.2740157360373807
90.5 2.570176898918294
91.0 1.1330382685689158
91.5 0.2
92.0 1.9301356552989621
92.5 1.979065000146868
93.0 0.8388502848508881
93.5 2.0329462575883657
94.0 1.7534460929895055
94.5 1.2446109409929609
95.0 2.3207370298355396
95.5 0.7719557761950989
96.0 1.3670097399155574
96.5 1.9456953808672777
97.0 1.1420453954239278
97.5 2.646624394520772
98.0 1.8984785412462182
98.5 2.4064493133646736
99.0 1.1993153597177533
99.5 0.9101320575665008
100.0 2.4844497135945782
100.5 1.6111816354963482
101.0 2.089732943262099
101.5 1.7357513049216728
102.0 0.8774245344546351
102.5 1.707605287431645
103.0 1.3665983120503205
103.5 2.122413654260395
104.0 1.440081228194533
104.5 0.7809758543837528
105.0 1.1581546139164378
105.5 0.514297074347289
106.0 0.48284822884581285
106.5 0.7810812819575019
107.0 1.2611437292586833
107.5 1.7597999153473112
108.0 1.4753038845709388
108.5 2.4666860216354145
109.0 1.9963218343439852
109.5 0.7635470650942212
110.0 0.7545317048045548
110.5 0.8066392002404563
111.0 0.5760307407772203
111.5 0.5582320291204408
112.0 0.6965007464725397
112.5 0.6684428767910309
113.0 0.7475893079747951
113.5 0.6883054184936716
114.0 0.7375206506342014
114.5 0.6171878538652649
115.0 0.6239606885294255
115.5 0.6735324054395614
116.0 0.7137909344638413
116.5 0.6332475158933445
117.0 0.5404272848454701
117.5 0.5159441118759842
118.0 0.6476801259896463
118.5 0.7296986259050118
119.0 0.720101228465363
119.5 0.6428853250318156
120.0 0.9079983336976816
120.5 0.5454047601988272
121.0 0.8056695505942923
121.5 0.7429170775889651
122.0 1.1157540419489476
122.5 2.8777856576726135
123.0 2.2597252755561303
123.5 0.8622388160786518
124.0 0.7404510796983814
124.5 3.0064846188840857
125.0 2.919259393879173
125.5 3.235040279814551
126.0 2.238402437445261
126.5 2.0558700926044233
127.0 1.0708025286915825
127.5 1.3419730547713309
128.0 0.4505300044527698
128.5 3.0858782157349856
129.0 2.0504317691183758
129.5 1.0355417946533705
130.0 1.1318030588323924
130.5 2.9638116008683344
131.0 1.944495433297202
131.5 1.5220027087982024
132.0 3.0637149790884033
132.5 3.2226870148447535
133.0 1.9014726023808892
133.5 0.8215957683524402
134.0 1.5602069832826182
134.5 1.539705481671851
135.0 1.7921629235177419
135.5 2.7339159482535322
136.0 1.84756177555108
136.5 1.0934207590118636
137.0 0.9591099664309155
137.5 0.6507970255259887
138.0 3.972729995130777
138.5 2.9619347495316504
139.0 0.9580645507749752
139.5 2.6830816675588913
140.0 3.482147990081695
140.5 2.3341726962715477
141.0 2.121015886222226
141.5 0.2
142.0 3.549407987742825
142.5 1.3540603589100908
143.0 0.7777797768207622
143.5 1.9668560344410473
144.0 1.0974629665445375
144.5 2.0582246359262695
145.0 0.2
145.5 3.7859808668887522
146.0 2.879824014609108
146.5 1.7452588385912071
147.0 1.4173959420853528
147.5 0.7657962667222784
148.0 1.94099006357972
148.5 3.74003002368394
149.0 0.577864607043042
149.5 1.8657999368742169
150.0 1.3253870565141295
150.5 0.2
151.0 1.9635399113412215
151.5 0.844447914938327
152.0 3.080526439955232
152.5 2.1168439166691315
153.0 1.275556188444761
153.5 2.2030805978695103
154.0 1.6807946017531206
154.5 1.449845905313266
155.0 2.294126055714808
155.5 1.2289608204232367
156.0 3.5446257641126273
156.5 2.9017731461642606
157.0 2.0161254519546548
157.5 2.102853324502071
158.0 1.2528838292449038
158.5 1.732150841645139
159.0 1.1911387861195868
159.5 1.5353609607240886
160.0 1.9276351429331027
160.5 0.32763610361500906
161.0 1.571501925029717
161.5 1.037067362889906
162.0 1.5815943332715912
162.5 0.4631098725122418
163.0 1.5119420667870753
163.5 2.323518473727315
164.0 1.5110826803107162
164.5 1.9886493005233765
165.0 2.6864186222097297
165.5 1.7223127473549407
166.0 1.8705720430203792
166.5 0.7259019912144304
167.0 0.9475708289110959
167.5 1.268370906773257
168.0 0.8145937324027696
168.5 0.9288588747257753
169.0 1.8369173030576609
169.5 1.818508646522253
170.0 2.2910161589774223
170.5 0.8694547414611395
171.0 2.2954237733072884
171.5 1.0310184426994313
172.0 0.7683199134023064
172.5 0.776541026967469
173.0 0.737949039373363
173.5 0.8592209535474769
174.0 0.5155371578772203
174.5 1.7990554907447276
175.0 1.9134995949511024
175.5 2.5659886834141297
176.0 1.2323601217361149
176.5 1.6606917407317738
177.0 0.5681424745856458
177.5 0.9233347874674669
178.0 1.6271027562206988
178.5 1.573506130417063
179.0 1.1934141251662336
179.5 1.2617832122221353
180.0 1.4608440642929827
180.5 1.0255120644958116
181.0 0.7861454234026983
181.5 1.4570604867924954
182.0 1.3911428928727028
182.5 1.9113009710248305
183.0 1.4301178646033816
183.5 1.5530971193201557
184.0 1.8540560517196094
184.5 2.4666811203898
185.0 2.0018173523192355
185.5 1.2716285714890883
186.0 1.0416614763468315
186.5 0.5437267743137738
187.0 0.6591679531563074
187.5 1.063707432679341
188.0 0.33762302743718453
188.5 0.9710705643654874
189.0 2.249855685669625
189.5 1.3917741927404204
190.0 1.7484164609749606
190.5 0.8011766410577805
191.0 2.261078582399681
191.5 0.8200039418455847
192.0 0.2
192.5 2.274468664176577
193.0 1.711695441323657
193.5 1.367515953650844
194.0 1.3297360962237568
194.5 2.389121170160567
195.0 1.7140304390406338
195.5 1.571788616513443
196.0 1.8633036267236323
196.5 1.499238673064744
197.0 1.1656586488076184
197.5 2.1394385831342024
198.0 1.296554283819626
198.5 0.6129555946270485
199.0 0.9978200132284369
199.5 0.35792179933647295
200.0 1.6265153216457573
200.5 1.813142045533885
201.0 0.8542048540514918
201.5 0.8724104164767368
202.0 1.0142915485629942
202.5 0.8866613236003098
203.0 0.9392574253940021
203.5 0.808023105094778
204.0 0.7649040265688817
204.5 0.6836287389683129
205.0 0.8167334378840325
205.5 1.0770079029729578
206.0 0.9606806455899521
206.5 0.841237671031534
207.0 0.8986548155114518
207.5 1.2425741930446739
208.0 0.7785693372896059
208.5 1.1056498222398456
209.0 0.9143747339713623
209.5 0.9221569114758026
210.0 0.9487445727885147
210.5 0.8278456668373217
211.0 0.87115426750787
211.5 1.6213158865613035
212.0 0.8061189627984504
212.5 0.6015842070797557
213.0 0.9088429041285068
213.5 0.8935952864524462
214.0 1.2822131185465193
214.5 0.7174579781192767
215.0 0.5500799867373403
215.5 1.058134908765074
216.0 1.0042532796611616
216.5 0.7365847051099728
217.0 0.887613642618239
217.5 0.7618539234092796
218.0 0.6285551960748335
218.5 0.5232665513147182
219.0 0.6178188859101967
219.5 1.0112133333308728
220.0 0.9585753479611978
220.5 0.9430832998767711
221.0 1.124839734352817
221.5 1.2277579811165582
222.0 0.8422126656545825
222.5 1.2015369830472433
223.0 0.8879028342059544
223.5 1.102336875031202
224.0 0.8141534341686547
224.5 1.0894604100690688
225.0 1.131120412264639
225.5 0.5209645618801237
226.0 0.39144199902898413
226.5 1.153479399370462
227.0 0.4242574263979648
227.5 0.7599418367331119
228.0 0.6147397282593914
228.5 0.4496470754674438
229.0 0.9256701914720361
229.5 1.1897271053611638
230.0 0.7555594098545784
230.5 0.8583011283999424
231.0 0.9371717416011835
231.5 0.6990645776328245
232.0 1.0947095174733557
232.5 1.0436498602809094
233.0 0.673948816099608
233.5 1.0854719801866894
234.0 0.5787171470595809
234.5 0.7082350643262937
235.0 0.9802914973841081
235.5 0.816502676439038
236.0 0.8182183450338872
236.5 1.1188954863754854
237.0 1.1427770155342611
237.5 1.2498191256882865
238.0 1.1388369336910509
238.5 0.3723176984645945
239.0 0.8543822133501391
239.5 1.2853945003144112
240.0 1.5187454321166287
240.5 1.4321128207064926
241.0 2.2247300480326366
241.5 1.607098830223321
242.0 1.0215154269900613
242.5 0.7507483773283878
243.0 0.6561714151878756
243.5 0.5526922885893508
244.0 0.9252240834787919
244.5 0.5495502589100161
245.0 0.7050951954385214
245.5 0.48240288280208937
246.0 0.6892593588648425
246.5 1.0866263089473596
247.0 1.282393342039247
247.5 1.9137217817005787
248.0 0.6680880657770847
248.5 0.4970020851724951
249.0 0.35867875510007385
249.5 1.1773809756207017
250.0 1.1957978453931046
250.5 1.1610839168940554
251.0 0.7730291159036029
251.5 1.2905215711424725
252.0 1.2351624950536326
252.5 1.6796399449316102
253.0 1.1575821447158818
253.5 1.2291483206763698
254.0 0.6921534798892712
254.5 0.5001830169594073
255.0 1.3211488055558434
255.5 0.683237920525863
256.0 0.8092686155845485
256.5 0.7086160749719465
257.0 0.6500986544167718
257.5 1.0927899799392038
258.0 0.8405293095496604
258.5 0.2517939119818128
259.0 1.4424396058477769
259.5 1.0159626587740758
260.0 1.5136947823831264
260.5 1.3348335779717093
261.0 1.91659669706208
261.5 0.5244184958174515
262.0 1.2682641057887993
262.5 1.8398029635736266
263.0 2.2019298476477527
263.5 1.7082701798894062
264.0 1.0841480402023198
264.5 1.4488821006956152
265.0 1.866367386413646
265.5 1.5619428893057066
266.0 1.0854931977915032
266.5 0.3978362741870721
267.0 0.382176199032239
267.5 0.9486068249700195
268.0 1.7977727428368033
268.5 1.4934384940173633
269.0 1.2564015168643528
269.5 1.2098042771073896
270.0 1.199600392385884
270.5 2.072871173031996
271.0 1.626320507512377
271.5 2.034518076437477
272.0 1.457041487764954
272.5 0.4257392206710483
273.0 1.7049104389871834
273.5 0.637930544391208
274.0 1.946283385299838
274.5 1.5474376416746163
275.0 0.3638968220480455
275.5 1.0585313110643901
276.0 0.8999926908428264
276.5 1.4064689420575158
277.0 0.9987678427146904
277.5 0.8932064072237583
278.0 1.0432187942615005
278.5 1.2675977336729594
279.0 0.9094335046183657
279.5 0.8271278279808928
280.0 1.3576298521453403
280.5 1.000571431208682
281.0 1.1736961030460322
281.5 1.2296204181942412
282.0 0.7341526003381263
282.5 0.9753729944616536
283.0 1.1166347028042534
283.5 0.7993445079687149
284.0 1.079589552083144
284.5 0.6163530048892383
285.0 1.2101438954268322
285.5 0.7729921445338387
286.0 0.9285916579155359
286.5 0.8531795892355243
287.0 1.1018078818138006
287.5 0.5512145238185502
288.0 1.2001234097727562
288.5 0.827807476926907
289.0 0.936344495676804
289.5 1.031205734843216
290.0 0.880534982790864
290.5 0.8101387930977733
291.0 0.564850262215772
291.5 0.9303434795041214
292.0 0.9647686391385304
292.5 0.28924961827872675
293.0 0.9479482970692844
293.5 1.2682843188776816
294.0 0.6521246621165625
294.5 0.9308643864769447
295.0 1.018310836771015
295.5 0.34158767939676404
296.0 1.314014599684353
296.5 0.5207130166029439
297.0 1.5710160049349808
297.5 1.3459133475813019
298.0 2.1771634010766805
298.5 1.3885981350144132
299.0 0.8658538421391558
299.5 1.1980825570094995
300.0 0.9360011994112529
300.5 1.221854717448576
301.0 0.8162113875121639
301.5 0.9720609258805721
302.0 2.212352134323284
302.5 1.7864291800901901
303.0 1.0028709657725818
303.5 1.485981958933097
304.0 1.750986908377274
304.5 0.3361528240330509
305.0 0.8699942384988806
305.5 1.460635390793445
306.0 1.8573803173890548
306.5 1.2407547079555716
307.0 1.077378903799068
307.5 1.9969017988775868
308.0 1.8947078318598867
308.5 1.469133540186252
309.0 1.7450420770136628
309.5 1.5054526729771367
310.0 1.546866984722993
310.5 1.317429016692345
311.0 1.013245032549512
311.5 0.6046301108928929
312.0 1.6037989679612166
312.5 2.198462166091506
313.0 2.4472094043047674
313.5 3.596595064343753
314.0 1.9683946463625857
314.5 2.114245037911026
315.0 1.8572941937042253
315.5 4.055261568179887
316.0 0.2
316.5 2.6027967204336164
317.0 3.669337968150292
317.5 0.9278726421057171
318.0 4.054523031198074
318.5 2.096463370420175
319.0 1.902054397280496
319.5 0.8707531204697098
320.0 1.1474461397357996
320.5 1.2985271562855611
321.0 1.14289508126376
321.5 1.1336522428260685
322.0 1.1907124457436593
322.5 0.7947345857751384
323.0 0.7513404862883214
323.5 0.8098638025597265
324.0 0.5738791926329452
324.5 0.9411549744579689
325.0 0.8977290435564439
325.5 1.0873852444684164
326.0 0.7024524300119861
326.5 0.9289291277690525
327.0 0.779662030730192
327.5 1.0784028297638129
328.0 1.266046762769462
328.5 0.7692685831557275
329.0 0.9433120942693759
329.5 0.7511884633736426
330.0 1.0114019569042003
330.5 0.9173098597632079
331.0 1.2774424933988442
331.5 0.47386984716342645
332.0 1.074267952431133
332.5 0.8161756133846212
333.0 1.2042703190138044
333.5 0.8971108062118782
334.0 0.6446041300161106
334.5 0.8028753443769715
335.0 0.9982079596655242
335.5 0.8188010038364162
336.0 0.8855391767477504
336.5 0.7793247132557775
337.0 0.5334938116083857
337.5 0.6953994396930708
338.0 0.8591967253935304
338.5 1.1239095319167078
339.0 0.4650116389156243
339.5 1.016817776611406
340.0 0.3405638564146092
340.5 0.7510387146523209
341.0 0.7582804241172031
341.5 1.0917358992125745
342.0 2.123249949984747
342.5 3.16640528331542
343.0 1.5865360100036725
343.5 1.777365883911097
344.0 2.0458658409468216
344.5 0.38430814829168636
345.0 1.4095163525490375
345.5 1.6279378358978018
346.0 2.1214059115009793
346.5 1.3031591056107104
347.0 1.385941056636753
347.5 0.8435689604050667
348.0 1.6713151715108985
348.5 1.1083275211783783
349.0 1.9551716456786121
349.5 0.7369480744858976
350.0 0.9635957541113493
350.5 2.0481052513234665
351.0 0.7511372414846318
351.5 0.7497482162996925
352.0 0.9196791724419249
352.5 1.331631052449307
353.0 1.0552604118611
353.5 1.1529830510872823
354.0 1.7343900376419015
354.5 1.023555753598791
355.0 0.24730289013835205
355.5 1.6166506679679036
356.0 1.7657396881309486
356.5 1.9057568307923394
357.0 0.7099775072785391
357.5 1.28131485550267
358.0 0.6374124219523578
358.5 2.888603125031915
359.0 1.8632495617412024
359.5 3.274332686845093
360.0 1.976768645569354
360.5 0.9070083097957355
361.0 1.6921051443894628
361.5 2.760023005153708
362.0 3.169227941845536
362.5 1.409362987928922
363.0 0.8542349902288215
363.5 3.057758793969348
364.0 4.621164527467108
364.5 2.8541679423339543
365.0 2.781821067406594
365.5 2.019130656997021
366.0 3.238453561058936
366.5 2.3746266998268775
367.0 0.9469519602777821
367.5 0.7814911329316123
368.0 0.22453784866925286
368.5 0.7759753547268773
369.0 1.0592100064161243
369.5 0.6468411316237098
370.0 1.5920710941913163
370.5 0.5339606069315834
371.0 1.153330007104211
371.5 1.2473912009160806
372.0 0.974262812416502
372.5 0.4759158982246561
373.0 1.7354195930342509
373.5 2.6704734417146563
374.0 1.7498238818269813
374.5 1.6186652685483187
375.0 1.6842334005544048
375.5 1.7800209165454532
376.0 1.4309917827939689
376.5 1.9872794028384138
377.0 0.8068448077821562
377.5 0.5234032677114757
378.0 0.5902130130578611
378.5 0.8241603450816821
379.0 0.8046776595451073
379.5 0.991467813731784
380.0 1.0418888061109928
380.5 1.1563826786807165
381.0 1.4308774366325825
381.5 2.1601762212805085
382.0 2.19387810996842
382.5 1.0629171466381957
383.0 1.8158978091130886
383.5 1.1676965187258073
384.0 1.0317469615184014
384.5 1.6324956650082572
385.0 0.6926489711620505
385.5 1.2151496223013136
386.0 0.5679837014384663
386.5 1.6850710999788836
387.0 0.6310669009940564
387.5 0.8980555623701015
388.0 1.0834072965723234
388.5 0.8563777340532992
389.0 2.8623540170344612
389.5 1.3627301280230801
390.0 1.0649598051948153
390.5 2.164734077973598
391.0 0.38083923446755885
391.5 1.1288011234595312
392.0 2.010762764884407
392.5 1.6827357689570774
393.0 0.851893781671517
393.5 2.603729062785805
394.0 1.8282696552431688
394.5 0.9785454464009876
395.0 0.749573794390102
395.5 1.5447511484166334
396.0 1.5171301941623807
396.5 2.5612000334780225
397.0 1.482630976202693
397.5 1.5441450905488783
398.0 2.115135615644782
398.5 1.0182820651844313
399.0 1.323825738924657
399.5 2.2196090375973845
400.0 1.4230200607210846
400.5 0.6892185674879646
401.0 1.1150505601951122
401.5 1.3484656079203376
402.0 2.535829147975676
402.5 1.2742878915225981
403.0 1.363750393318232
403.5 2.1717570527662984
404.0 0.9263956851982864
404.5 2.4524926407763856
405.0 2.041468367907105
405.5 1.5897585555585187
406.0 1.6876373377161273
406.5 1.9710168551413805
407.0 0.9780725420901835
407.5 2.259859114440377
408.0 1.6510318862066402
408.5 1.3790555967806186
409.0 0.8301147006644414
409.5 0.9244810934241536
410.0 1.3913835306060087
410.5 1.9727214104709239
411.0 1.1016877458676624
411.5 0.2
412.0 0.983382095249809
412.5 1.5277202508448178
413.0 1.0856255948075075
413.5 2.5051593433965067
414.0 1.523904308969608
414.5 1.3349566938407698
415.0 2.740087183403294
415.5 1.5570678345838997
416.0 0.8747307736489035
416.5 1.0526889732589089
417.0 0.7804904797764819
417.5 1.9205957011953227
418.0 1.474781111135774
418.5 1.5328892856295817
419.0 0.88049005869367
419.5 1.5682398363975216
420.0 2.039303562483406
420.5 2.3921126917321454
421.0 0.6118988659633453
421.5 1.4249117673989409
422.0 2.2034627284216635
422.5 1.8965559752559873
423.0 1.8381602485050603
423.5 0.6600127084948771
424.0 1.5195226944620863
424.5 0.3022289445143622
425.0 1.930474021195959
425.5 1.760789025191811
426.0 1.6872968698808073
426.5 1.6405807534896995
427.0 0.6538996587856806
427.5 1.1967539257487705
428.0 2.22185675683056
428.5 1.2372140473259794
429.0 1.5356909209731
429.5 1.6917956438322654
430.0 1.5186612251325742
430.5 1.4741092192761391
431.0 1.9546243652220097
431.5 1.9613992801874307
432.0 2.078417608400521
432.5 1.5351613119712113
433.0 1.308028081458264
433.5 0.8897329154712705
434.0 0.2
434.5 1.904347982861915
435.0 1.5494736876315516
435.5 1.6596843562730053
436.0 1.7864762594784367
436.5 1.7281533227302337
437.0 2.0193968641883617
437.5 1.3491392466300374
438.0 1.3363310335147633
438.5 1.9030446077922982
439.0 1.2913272757868213
439.5 1.3322905602158823
440.0 0.8278823136467243
440.5 0.7356264649211511
441.0 0.5517324577347851
441.5 0.627637483019061
442.0 0.6134393955245505
442.5 0.8865700787317687
443.0 1.087671104665958
443.5 1.064272352474894
444.0 0.9236232647327737
444.5 1.2676154363473726
445.0 0.7283185890456967
445.5 1.2069183765411338
446.0 0.9969674316935944
446.5 0.929776053687053
447.0 0.7724003629560585
447.5 0.6378549917743966
448.0 1.050863202247267
448.5 0.8505194964593201
449.0 1.3660667799997768
449.5 1.052986064875399
450.0 1.0160114982617765
450.5 0.6116161702474229
451.0 0.8198474768569334
451.5 0.8060504304927536
452.0 1.1662564958354258
452.5 0.6991363947544631
453.0 1.0146248329517564
453.5 0.8703669027248526
454.0 1.008784378099532
454.5 1.1471094114398355
455.0 0.8877800534818154
455.5 0.6820030650039665
456.0 0.8510690333527713
456.5 0.5146337946063922
457.0 1.0453641093042623
457.5 0.9784621618485122
458.0 0.9560232423399726
458.5 0.520517666674295
459.0 0.9786967831748498
459.5 0.7614922536024722
460.0 1.0138415123799565
460.5 0.7224194181811157
461.0 0.7878298167880461
461.5 1.0558809197534105
462.0 1.1919509298871223
462.5 0.7125189333271977
463.0 0.8862901042517599
463.5 0.7662489018477803
464.0 1.5053435268510045
464.5 1.097683906848183
465.0 0.9863221527749751
465.5 0.910506187348901
466.0 0.8284907075772101
466.5 1.1496499740714583
467.0 0.7267381965901469
467.5 1.1019956697326778
468.0 0.8658641469587209
468.5 0.8051431333335772
469.0 1.0497289824711742
469.5 1.2405282960307895
470.0 0.7075013545318564
470.5 0.7828747719993088
471.0 0.811864423204947
471.5 1.22595993654769
472.0 1.2808471792495202
472.5 1.1990606634938874
473.0 0.857701247729004
473.5 0.7441977799030444
474.0 0.6257051449958989
474.5 0.9154324696203042
475.0 1.111463300521947
475.5 0.6471353694306428
476.0 0.44251513913324064
476.5 0.7666596851740035
477.0 0.9106242739918881
477.5 0.6718046098607032
478.0 0.706036466413881
478.5 0.8601732964357367
479.0 1.3166949112964588
479.5 1.1272041662879815
480.0 0.7071417675982861
480.5 1.116623669041374
481.0 0.5812305545826757
481.5 0.8212097884394154
482.0 0.8293900532566494
482.5 0.6619069965215328
483.0 1.2022277526765954
483.5 0.9624858843762886
484.0 0.6976410054467839
484.5 2.552644240720554
485.0 3.1839049806835282
485.5 2.3603576010209455
486.0 1.4173355064477802
486.5 1.7846839972897501
487.0 2.1733819027730066
487.5 0.2
488.0 2.2009491766826055
488.5 1.492742780000932
489.0 3.0353904550962394
489.5 1.9430493032514549
490.0 2.1214379141171706
490.5 2.1353265339307073
491.0 2.289000800111741
491.5 2.6570738109218333
492.0 3.148573849346781
492.5 1.813970067172872
493.0 1.737021949335421
493.5 1.4175915278934752
494.0 1.5528287299143204
494.5 2.2577448095050103
495.0 0.971873456410254
495.5 1.4797516145355887
496.0 1.7591277615731455
496.5 2.1481163416747253
497.0 0.6383927566336096
497.5 0.8784462648206626
498.0 1.8089769681827865
498.5 2.8797724015958224
499.0 1.8636432626678534
499.5 0.644988435817214
500.0 0.6841175438835858
500.5 0.46026130311734936
501.0 0.8195219521669694
501.5 1.4275074775239913
502.0 0.8499119281963261
502.5 0.7946906712923135
503.0 0.8276571363050573
503.5 0.8237437903970466
504.0 1.164786338740119
504.5 0.514875733842889
505.0 1.0615832299546621
505.5 0.8375136978033861
506.0 1.032272988960918
506.5 0.7581229299874179
507.0 0.7382319284680637
507.5 0.7809416205849212
508.0 0.8337351023585189
508.5 0.905700949360546
509.0 0.9575690915997475
509.5 0.7897641111405793
510.0 1.2851169021690612
510.5 1.071767872091784
511.0 0.8841074776657876
511.5 0.4629179207685471
512.0 1.047969831953499
512.5 1.0519334207789461
513.0 0.5773967531073789
513.5 0.9106552893756493
514.0 1.2968839387158657
514.5 0.9572258233373919
515.0 0.8934022094849012
515.5 0.6940984816466191
516.0 1.0254715232543838
516.5 0.6793327353146332
517.0 1.062849746751839
517.5 0.7638591918207664
518.0 0.9415230435307952
518.5 0.9851341021333606
519.0 1.149514662535525
519.5 0.7949738259864247
520.0 0.9510979267494555
520.5 1.8894205133744562
521.0 3.1844527746566595
521.5 3.7482896216501995
522.0 3.922608032298413
522.5 1.5865641151157468
523.0 1.9185693905497918
523.5 3.1071338324612805
524.0 2.558723545130688
524.5 2.057995653063415
525.0 1.694942254594028
525.5 2.255512098713021
526.0 2.0040721913652915
526.5 2.0917685323286332
527.0 1.6563208199475112
527.5 3.0059174948921417
528.0 3.026841342351934
528.5 3.016847125573123
529.0 2.528705495779903
529.5 1.955187904571925
530.0 1.533649019596258
530.5 1.2583239623007318
531.0 2.6802776352238613
531.5 2.4244760216598022
532.0 2.343746194430452
532.5 1.1910059756171272
533.0 1.3876633007691461
533.5 1.0661609913661232
534.0 1.9787967604342458
534.5 1.302884154174571
535.0 1.3000728037394578
535.5 1.6980994976267008
536.0 2.057748347862143
536.5 2.331775645422222
537.0 1.1409157995496968
537.5 2.1700528464306883
538.0 0.48548369711640005
538.5 2.314595672165452
539.0 0.45091897278730686
539.5 0.8433879957151269
540.0 1.5209887197796719
540.5 0.634364975153484
541.0 1.104087428890511
541.5 1.3292023234001613
542.0 2.030390486151507
542.5 1.1517462713248128
543.0 1.1781734784147064
543.5 2.0344235836978495
544.0 3.2453856186751233
544.5 1.7970508447051368
545.0 1.1188301571814017
545.5 1.4823879882263449
546.0 1.5955040748904739
546.5 1.6938518660939663
547.0 1.2026643243859947
547.5 1.0494938815445432
548.0 1.2667978124442576
548.5 2.669489517492199
549.0 0.9649237147261175
549.5 0.714130194704165
550.0 0.7444134270021134
550.5 0.6354995615014394
551.0 0.71095504706932
551.5 0.7128076485277322
552.0 0.7388277062227118
552.5 0.6046920501022501
553.0 0.5329160578436016
553.5 0.7221396227677181
554.0 0.8562855155312432
554.5 0.7428647628494622
555.0 0.8372613781480338
555.5 1.8895326553045506
556.0 0.9979922994692848
556.5 0.6052824996178627
557.0 0.6273943130552924
557.5 1.4774487632937363
558.0 1.2123918913507765
558.5 0.6768848164660691
559.0 0.5988491769525006
559.5 1.7445478518164732
560.0 1.6271808906315597
560.5 0.9693472146037869
561.0 0.614529509416633
561.5 1.1620407452997763
562.0 1.1537559228454217
562.5 1.1161545922758997
563.0 1.318684769551602
563.5 1.391600124557318
564.0 1.053431824949663
564.5 1.4862853574504569
565.0 0.9045675604905115
565.5 0.8544514590725858
566.0 1.1931513922485673
566.5 1.0449701528998365
567.0 1.1593340189500823
567.5 0.6719141269460016
568.0 1.4887048895709611
568.5 0.8328120968638469
569.0 1.0498581461829022
569.5 0.6797099720621049
570.0 1.0591914136165728
570.5 1.4557240009869488
571.0 1.1115311237241863
571.5 0.6411064780291178
572.0 0.9766756669427662
572.5 0.9058863493051847
573.0 0.9704080240274716
573.5 1.5632270676657813
574.0 0.5094819278489633
574.5 0.9546823152370628
575.0 1.293929417343942
575.5 1.2157243428671407
576.0 1.0690529126103114
576.5 1.3009195174318973
577.0 0.9686546278713153
577.5 0.9864385877301509
578.0 1.3535555215498036
578.5 1.0840264747613557
579.0 1.102706034031161
579.5 1.6348955580981277
580.0 0.2
580.5 1.8679239997786437
581.0 1.6107152554936652
581.5 1.2115191199047242
582.0 0.2
582.5 1.9362679647615364
583.0 2.9761149253558505
583.5 2.8350043595596794
584.0 0.2
584.5 3.183328969284682
585.0 2.0586223406413833
585.5 2.3632005632114153
586.0 1.2992849585128001
586.5 1.6204599922260678
587.0 1.8988317166727935
587.5 0.43927711188306606
588.0 1.301331602159076
588.5 1.6073480745261646
589.0 1.214785647791909
589.5 0.2
590.0 1.1125534489242974
590.5 2.4269418150606343
591.0 0.28426906118746764
591.5 1.709536803481004
592.0 1.5646074385629758
592.5 1.9558916467416978
593.0 1.4955161129171755
593.5 1.435691359352726
594.0 1.3765707423513969
594.5 2.2610659501070534
595.0 1.7098080380828993
595.5 0.9174821960161567
596.0 0.8984469898272088
596.5 1.1437603691251128
597.0 2.7445905541384503
597.5 1.9955059437691078
598.0 2.12784861127846
598.5 1.090604264833024
599.0 1.8139939469295967
599.5 1.052655485958186
600.0 1.7059768024901545
600.5 2.6709399166600543
601.0 1.2415416349869808
601.5 0.935947639862823
602.0 2.4618691835394158
602.5 1.364052621558747
603.0 0.4965215663392071
603.5 2.400002502497599
604.0 2.474878087236906
604.5 0.5543452270852067
605.0 2.1639820888780275
605.5 1.2953916330911615
606.0 1.2402817803103243
606.5 1.0154543328988583
607.0 2.609078192804687
607.5 1.44998072511219
608.0 1.8634040676175996
608.5 1.0764153312779783
609.0 1.7135785768739136
609.5 2.390974834712642
610.0 1.152983345519802
610.5 2.2740634671692144
611.0 1.0870019344688577
611.5 1.86958693694646
612.0 1.8828211047228045
612.5 2.687659963771133
613.0 1.905676814962836
613.5 1.6437536553180747
614.0 2.085291901501515
614.5 1.1488598368886749
615.0 2.400592024106242
615.5 1.7457585131348912
616.0 2.0656656162514975
616.5 1.288066779568656
617.0 2.0041711550229344
617.5 1.3079289804695369
618.0 1.7488467869949134
618.5 2.8238512892601033
619.0 3.3712002875499616
619.5 1.1574516324348485
620.0 2.619533596974617
620.5 1.1308697161658543
621.0 0.8168987602609046
621.5 0.9576662452772934
622.0 1.6542164996397393
622.5 1.3482307462941132
623.0 0.5762582115509256
623.5 2.030893996601055
624.0 1.66654474786418
624.5 1.594889543526707
625.0 1.6791994177376923
625.5 1.6959265830026078
626.0 2.1190669442734267
626.5 1.3948668644979687
627.0 1.7198324988784428
627.5 1.3253472766813443
628.0 0.9340452006786716
628.5 1.338286722335209
629.0 1.3768962450184505
629.5 2.236758923893186
630.0 0.2
630.5 2.1797931740986707
631.0 2.379073962529799
631.5 2.922122821223385
632.0 0.3350886898928811
632.5 1.5943810621621197
633.0 1.5639215762945953
633.5 3.1144164608342795
634.0 3.6785218694929416
634.5 1.5400087711469364
635.0 0.5243360966585238
635.5 1.4200515674316752
636.0 2.8448293150509105
636.5 1.5877672462770933
637.0 1.0690149651725946
637.5 3.0879768291708265
638.0 2.0091946993961343
638.5 2.255005502671614
639.0 2.9961702403100867
639.5 1.2921362620588623
640.0 1.453839940717855
640.5 1.106723919982894
641.0 0.7529991058342698
641.5 0.8586637500790727
642.0 0.5187699273022395
642.5 0.7919623705959264
643.0 1.20336554176169
643.5 1.1598379042440672
644.0 0.9953463581093185
644.5 0.7782512855104795
645.0 0.6983019385337228
645.5 0.9342107781224458
646.0 0.260889764220959
646.5 0.6465602687241538
647.0 1.0478417436176846
647.5 0.9854387644742556
648.0 1.2028950305171429
648.5 0.7685646170427543
649.0 0.683711334591888
649.5 1.0778684363564448
650.0 1.2930983738809672
650.5 0.9510679030973161
651.0 0.9633226654530563
651.5 0.6556288915943583
652.0 1.266096729864309
652.5 0.8332579720365432
653.0 0.7253253908560559
653.5 1.0658293563641865
654.0 0.9342476644834949
654.5 0.5552169832941325
655.0 0.9306392368092481
655.5 0.7139614330882432
656.0 0.478501175637414
656.5 0.6401750257259379
657.0 0.6926057114551616
657.5 0.8381096056175754
658.0 0.9931924691665833
658.5 0.6910439175871383
659.0 0.9793094896572673
659.5 0.8299426983974865
660.0 0.8256094057660457
660.5 1.1641272069874704
661.0 0.7300068860520292
661.5 0.5537898387697506
662.0 0.75486146102443
662.5 0.9332119015230942
663.0 0.6861422592958968
663.5 0.7938865016114229
664.0 1.1667156273652641
664.5 0.97414278747013
665.0 0.7178897545904726
665.5 0.9154674516243178
666.0 0.9737643270449023
666.5 0.6712279109566452
667.0 0.6968119826636545
667.5 0.8349101928903409
668.0 0.7606615858564219
668.5 0.8843003665128241
669.0 1.0082805180283838
669.5 0.7922936995478613
670.0 0.6257717308286281
670.5 1.1167835944263276
671.0 0.9732240468977189
671.5 0.89382460474747
672.0 0.7826436704910184
672.5 0.8244425277973014
673.0 0.8123145786597052
673.5 1.1137546925569908
674.0 0.370655703982841
674.5 0.9358470210890062
675.0 1.0275176276970945
675.5 1.2717019653968826
676.0 0.7105270859748314
676.5 1.2709625179473476
677.0 0.7369114868928055
677.5 1.0075589470987936
678.0 0.6650309888565749
678.5 1.0173120382721303
679.0 0.5202589017451866
679.5 1.1944203448973116
680.0 0.8267328619939736
680.5 0.9396965492647906
681.0 1.7313444259166215
681.5 0.5438008663799746
682.0 0.8456692176653948
682.5 0.9459341830480296
683.0 0.6345284628897851
683.5 0.7235823827067931
684.0 0.9892087519239804
684.5 0.9407306743214474
685.0 1.1897705524053426
685.5 0.9781288783975378
686.0 1.220457581077655
686.5 0.7927263094673018
687.0 0.2742477575007476
687.5 2.201992236879501
688.0 2.0622787481781604
688.5 2.0004847908199297
689.0 2.529378226984667
689.5 0.9151447166010757
690.0 1.093550890125147
690.5 2.1143789858348323
691.0 1.6029706385968576
691.5 1.197912166623814
692.0 1.9395139920921778
692.5 0.8464890653690923
693.0 1.6061501254243535
693.5 1.7723550238204546
694.0 1.4393706331981089
694.5 2.4647113475597417
695.0 1.3118931942800462
695.5 2.227332100857006
696.0 2.1464737690346576
696.5 1.5522804728010382
697.0 0.9632264623836045
697.5 1.3765464440616582
698.0 2.0061672028431636
698.5 1.5790310121569098
699.0 2.5800155265831606
699.5 1.337026481715655
700.0 0.5389506790406037
700.5 1.2553185542367777
701.0 1.5135364571966463
701.5 1.3353138783487273
702.0 1.196522318285321
702.5 2.0511600608597336
703.0 1.9032760426094684
703.5 2.120786434406925
704.0 1.8590249743821734
704.5 1.7700278497710493
705.0 1.9874753417564779
705.5 1.0598453640855587
706.0 1.7854029659729176
706.5 1.9704475839216598
707.0 1.3542677793410085
707.5 1.1573867959340245
708.0 2.459468545733917
708.5 1.3824001835137576
709.0 2.075728917587759
709.5 1.0786095008868133
710.0 0.8097691469487269
710.5 0.8326055293675423
711.0 0.6541992610893975
711.5 0.7493871665356953
712.0 0.444575403305575
712.5 0.7021518937780755
713.0 0.6690392009968107
713.5 0.8346382405448134
714.0 0.6900675881591635
714.5 0.5650075878284886
715.0 0.781638454021188
715.5 0.7773716420779273
716.0 0.80028739585283
716.5 0.7074894657829087
717.0 0.6499925705274776
717.5 0.7114868173661337
718.0 0.9253742356137363
718.5 0.6867552258688883
719.0 0.8170410881901714
719.5 0.3854376536260976
720.0 0.9310599646451415
720.5 0.7825176539855236
721.0 1.270429333355918
721.5 0.8470168102826274
722.0 0.9304785524136818
722.5 1.6230217806887313
723.0 1.678793256041795
723.5 2.5755671503659165
724.0 1.5723929173450337
724.5 1.9640507653755748
725.0 3.410119488390407
725.5 2.415778271604328
726.0 0.857896419979606
726.5 0.770404130248215
727.0 2.8352959581838086
727.5 2.1369335451606988
728.0 1.2956700672242112
728.5 1.6696182607932974
729.0 1.0487590938750282
729.5 1.3444831379644797
730.0 3.32811416676158
730.5 1.4563185347193233
731.0 2.2265457969950733
731.5 1.8160432735188212
732.0 1.400708142042157
732.5 1.5037489899031908
733.0 2.3755624641224706
733.5 0.9787147732896732
734.0 1.59459295311918
734.5 2.84012491592526
735.0 2.1462828645582013
735.5 1.2077022706057745
736.0 1.814667429262058
736.5 1.3102562616814848
737.0 1.6901448197603388
737.5 2.4833841694431245
738.0 2.8813902529595863
738.5 2.1806353678069685
739.0 0.3062172575593971
739.5 2.7098950231240444
740.0 3.133682069780252
740.5 0.8923285555853382
741.0 3.3846402440027
741.5 2.3359103238294296
742.0 1.9031620001704685
742.5 2.0542311162826317
743.0 2.60036814666231
743.5 2.52521838342424
744.0 0.748247338545061
744.5 1.2547579538272546
745.0 2.343161718133849
745.5 1.851637966573469
746.0 0.36262086692020934
746.5 3.7112382629301
747.0 2.855533648259166
747.5 2.6022721409626346
748.0 0.6486012258730542
748.5 2.566422648424177
749.0 1.3433521283919183
749.5 2.6697066216759087
750.0 2.330651431511503
750.5 0.6976430135215934
751.0 3.4558044149561855
751.5 3.0394072489907837
752.0 3.375840416087435
752.5 1.87586652998265
753.0 2.2901225061187342
753.5 0.9962177170911702
754.0 1.428817827996351
754.5 1.8716147330618742
755.0 0.7876171671362326
755.5 1.8568207956418976
756.0 1.4095986184895946
756.5 0.8835930241837611
757.0 1.6837680303476472
757.5 2.8986942757571725
758.0 1.044754409067711
758.5 3.245109272022021
759.0 2.2913865196255285
759.5 1.938969503721116
760.0 1.5861969349108076
760.5 0.6936409840549251
761.0 3.6783698258159734
761.5 2.3181818922077584
762.0 2.0523347956596925
762.5 0.9978246753225434
763.0 1.5476120421019783
763.5 0.5140891704123538
764.0 0.44331788571100206
764.5 1.8592849385383423
765.0 1.7249336499001449
765.5 1.4659380046939088
766.0 2.678526861193509
766.5 2.068069977195131
767.0 1.519514495526561
767.5 1.8538299138652734
768.0 2.604231750369726
768.5 1.7707135732111288
769.0 1.8076741473796734
769.5 3.022226378296443
770.0 2.27506541763418
770.5 2.8033199357587475
771.0 1.3846224506729525
771.5 1.2410283235516506
772.0 1.260121828322158
772.5 1.4239267689331672
773.0 3.4832784736499502
773.5 2.7960101757320905
774.0 1.6366926692084796
774.5 2.275014677093128
775.0 3.4072964767187384
775.5 3.6556025456656536
776.0 1.6441559040735036
776.5 1.2729635307443523
777.0 0.8408123517171902
777.5 1.122513464636596
778.0 0.5810670502002797
778.5 1.261848622642931
779.0 1.069738101334708
779.5 1.8825933233300085
780.0 1.0014920225292934
780.5 1.4810182225437405
781.0 0.6535974986553037
781.5 3.61965148481164
782.0 1.2630418012906044
782.5 1.9384058142298408
783.0 0.93468604284853
783.5 2.496438904150775
784.0 2.031107435039976
784.5 2.1953958456650398
785.0 2.5210210023831534
785.5 1.3885047191596613
786.0 1.6122818095088847
786.5 1.0067449469670653
787.0 1.7617801438165286
787.5 2.3589563725294513
788.0 1.6173887714080801
788.5 0.5585881536313866
789.0 0.8063431537915091
789.5 1.2480375317199353
790.0 1.046749090616336
790.5 1.3098960126715333
791.0 0.48728176369993637
791.5 1.6137672377749763
792.0 1.0597638960930855
792.5 1.0993556730065892
793.0 0.9579111424762905
793.5 0.8745298932258873
794.0 1.2774797202275683
794.5 1.4528169904245274
795.0 1.231655887984394
795.5 1.602919099976963
796.0 1.695846530153076
796.5 1.2050725685308443
797.0 1.06936219418615
797.5 1.174750740316153
798.0 0.7702050999724599
798.5 2.1063523596369294
799.0 1.2762106581827617
799.5 1.6747449777998198
800.0 1.0100816293965456
800.5 0.9877700823113297
801.0 0.2
801.5 0.7459754164618018
802.0 1.28440720685551
802.5 1.4624652459769227
803.0 0.6398290063307248
803.5 1.4010827082799318
804.0 0.6165471794890467
804.5 1.1418490234399599
805.0 0.7098547394229606
805.5 0.7976054789582345
806.0 1.2444172183146158
806.5 0.5492791146864195
807.0 1.1096895109770388
807.5 0.3748014265781082
808.0 1.3913142665178528
808.5 1.2361251601805359
809.0 1.0366634650193598
809.5 1.4178394063245308
810.0 0.43604212079519244
810.5 1.6472476385987
811.0 0.9905530145759347
811.5 0.7293720744359069
812.0 1.9600970950836127
812.5 0.2329257172653172
813.0 0.4459430821844942
813.5 1.17113605048288
814.0 1.8630118234407518
814.5 1.731624748227745
815.0 0.789094725314932
815.5 2.535598826136013
816.0 1.8702737982027615
816.5 2.0135394588104343
817.0 0.36249136062833
817.5 1.7448235266211594
818.0 1.2071884799552601
818.5 1.9529875977561988
819.0 1.00774011886663
819.5 1.878931729365764
820.0 2.2452649505581723
820.5 1.1822863631936196
821.0 2.1522084289967514
821.5 1.9037326232434508
822.0 0.5941870310073454
822.5 1.3093122886752353
823.0 1.5694417779069338
823.5 1.7934971588013724
824.0 2.4007263120250553
824.5 0.437391666354197
825.0 2.4725123516484415
825.5 1.6460391982710094
826.0 1.6722217748092612
826.5 1.5516652402863835
827.0 1.0993698539887038
827.5 0.38951363833258323
828.0 2.0795405747801423
828.5 0.7435924626667728
829.0 1.0983076514599868
829.5 1.0561605148546458
830.0 1.999612916710181
830.5 1.7162069003174887
831.0 0.818918153115377
831.5 2.3426125606662427
832.0 1.0273429053405818
832.5 1.5532758780195048
833.0 1.131588678386106
833.5 1.9523340652004728
834.0 1.395286048249465
834.5 2.020523210316951
835.0 1.7519053507140399
835.5 1.4900202211302092
836.0 2.0084618073057756
836.5 1.2578644179780638
837.0 2.0888931326781957
837.5 1.2954897202660385
838.0 1.860646409605109
838.5 1.8986827580681278
839.0 2.415344496238369
839.5 0.34566408949621064
840.0 1.9048900917394418
840.5 2.418227146161068
841.0 2.154245732163409
841.5 2.3980312317467294
842.0 1.306517610797747
842.5 1.4235870235133596
843.0 1.6682757802756936
843.5 2.2603549654113886
844.0 3.484088724142625
844.5 1.9038217205570658
845.0 1.2721217083630574
845.5 1.7456578606345516
846.0 1.4747329521295667
846.5 2.3318246696858727
847.0 2.4917580769082677
847.5 1.282213385885465
848.0 1.0050352154379263
848.5 1.3366175265959082
849.0 1.6045049729906815
849.5 1.3714507015146717
850.0 1.821357805259857
850.5 0.5907310573538459
851.0 1.3219122902480487
851.5 1.6896412513032208
852.0 1.1079691750533067
852.5 1.559567605320474
853.0 0.7978783943548814
853.5 1.6451692585389384
854.0 4.110019252554983
854.5 2.7261866025817594
855.0 5.419596906078952
855.5 3.0473895165484395
856.0 1.9837529601606612
856.5 2.3101149596048685
857.0 2.390553672037612
857.5 2.8265699305360306
858.0 2.498144535321544
858.5 3.1422480620594655
859.0 2.6454891903363738
859.5 2.6823602471010597
860.0 4.092174395973505
860.5 1.465287758357386
861.0 2.317149652358423
861.5 0.3431435905323601
862.0 1.7014917714366873
862.5 1.3363690922995652
863.0 1.4201570238050998
863.5 0.48209048634512564
864.0 2.6832482386997594
864.5 2.0419029181600052
865.0 1.7353093209665285
865.5 2.0220684851123307
866.0 1.9994155358645918
866.5 1.6107337395741552
867.0 1.7040291644794832
867.5 1.7740555849305233
868.0 2.132061761867124
868.5 2.2244529762053866
869.0 1.3965051009519318
869.5 1.7463635786880296
870.0 0.41440567472323386
870.5 2.187541016689584
871.0 1.0171546362673958
871.5 2.5779274761147786
872.0 1.2659365314236368
872.5 2.9307637904998223
873.0 1.9575848380683762
873.5 2.19697773898784
874.0 3.385080085255097
874.5 0.9761258594175497
875.0 1.8705506026800656
875.5 1.7530686057773748
876.0 2.097691907127701
876.5 3.1376218779986615
877.0 0.6968939707240447
877.5 4.2801743046138645
878.0 2.4884904974688196
878.5 1.7868379051556085
879.0 1.578648648799327
879.5 1.3657106700547184
880.0 1.3456402607657176
880.5 0.7174693257262081
881.0 1.1250957338591276
881.5 0.7552485098832219
882.0 1.473148671716399
882.5 1.1520045384140953
883.0 0.4721072073911521
883.5 1.7556957545523968
884.0 1.089010861068548
884.5 1.788438940176201
885.0 1.7121617061928782
885.5 1.7822061672127345
886.0 1.5306171410596403
886.5 0.98506163419177
887.0 1.8353502234949006
887.5 1.490569882150407
888.0 1.093384879694202
888.5 2.229065464030297
889.0 3.8667960625245774
889.5 3.2651749739086346
890.0 3.581143517994426
890.5 3.4018122363017493
891.0 3.294216767416911
891.5 3.6673135365546976
892.0 0.3258001245511839
892.5 4.039482357360208
893.0 2.3477514802347494
893.5 2.697664127560298
894.0 2.9829892331904375
894.5 2.2862422945835648
895.0 2.2227764162462273
895.5 0.8303994204967087
896.0 1.0356880952660692
896.5 0.8203288198432717
897.0 0.8972298973196662
897.5 1.5700495175735014
898.0 0.9538193624008864
898.5 0.9972842496841576
899.0 0.6844350565769676
899.5 0.6979921256446328
900.0 0.9346778015632573
900.5 0.9454388806048627
901.0 0.6187073377057526
901.5 0.6884736678844765
902.0 0.8776108187191164
902.5 0.6271164830242367
903.0 0.7415171863658844
903.5 0.99056659721599
904.0 1.2995309338704266
904.5 1.3245333960060255
905.0 1.770121838838992
905.5 1.4538250212074322
906.0 0.5425955831664725
906.5 1.1200386586330218
907.0 1.5335079807908598
907.5 1.3039574882832559
908.0 1.4666621552146784
908.5 1.3257768690137661
909.0 1.3109269028545754
909.5 1.2027455769060265
910.0 1.4792066550233327
910.5 1.1588205920427268
911.0 0.739203638132836
911.5 1.0762050052172456
912.0 1.3516870169881339
912.5 0.7197605282121173
913.0 1.691722802566018
913.5 1.0181133065316326
914.0 1.424527352869664
914.5 2.0383906677356354
915.0 2.1600096628191707
915.5 0.7851602121537224
916.0 1.2626836861979782
916.5 2.024666931254905
917.0 1.1008560743893236
917.5 0.9442064245874268
918.0 1.733366333125804
918.5 1.1606562078532927
919.0 1.3154563193985922
919.5 0.673319557524929
920.0 0.6241481213353526
920.5 0.6360471119490633
921.0 0.5084605145363256
921.5 0.8363193141484662
922.0 0.7897295066606431
922.5 0.9019914786896583
923.0 0.681184759916728
923.5 0.6836648234293363
924.0 0.8817198175735976
924.5 0.8497114730001998
925.0 0.4990110078565637
925.5 0.8020239497952348
926.0 0.6639020699620914
926.5 0.8329068874025045
927.0 1.4653331772883988
927.5 1.0868405656767455
928.0 4.247130497259795
928.5 1.4444247844007556
929.0 0.2
929.5 4.1078802887499455
930.0 1.7838069618088037
930.5 3.590297330593228
931.0 0.4521003304996001
931.5 0.6600526776368791
932.0 2.4216713955455647
932.5 3.4877777254447784
933.0 1.1340699341088998
933.5 1.560374674561762
934.0 4.478334492725981
934.5 4.136861383330546
935.0 2.7068336997335303
935.5 2.600018950786128
936.0 2.4020735109264533
936.5 5.4095853948995165
937.0 2.378851100395858
937.5 0.2643424769452849
938.0 0.2
938.5 2.3259848400049234
939.0 2.494852649221201
939.5 3.150602134745855
940.0 2.4984355281753494
940.5 2.065883937292674
941.0 3.172024912875778
941.5 1.9825487731410099
942.0 0.5590851506992338
942.5 3.842387835725602
943.0 3.4936674312633516
943.5 3.091851921001531
944.0 0.790208036291528
944.5 2.9773385411620317
945.0 1.3504158983222174
945.5 2.203689824868575
946.0 2.1058250556238156
946.5 1.472246771132474
947.0 2.558065547238656
947.5 0.6113071547629887
948.0 3.3187482640575814
948.5 1.0542187301064732
949.0 1.9278161615320348
949.5 1.5966082808112203
950.0 1.479444479478616
950.5 1.6109149564077139
951.0 1.4609885906475724
951.5 0.6084162739467793
952.0 1.9689855110048842
952.5 2.852619687871652
953.0 0.2
953.5 1.344661274327072
954.0 2.9744775629045908
954.5 2.310699519174246
955.0 2.6619517130770967
955.5 2.383970210842293
956.0 3.4766842640316713
956.5 0.9610407997373929
957.0 2.1142225135170687
957.5 2.6587514215099772
958.0 4.117648291497339
958.5 2.616351805292041
959.0 1.4995401613445802
959.5 2.0195444647076357
960.0 1.3287798163236102
960.5 2.403945337070507
961.0 1.9116550945400634
961.5 2.816130511119203
962.0 2.3065378836766657
962.5 1.842269187245071
963.0 0.924037465332935
963.5 2.2600035809000056
964.0 2.3096589300503574
964.5 1.3517890046757772
965.0 1.3441132343118243
965.5 1.5309014398885155
966.0 1.2485207105762592
966.5 3.2671105905308915
967.0 3.4272172049752765
967.5 3.1713921239418097
968.0 1.4367470614611892
968.5 3.6353608597902376
969.0 3.5422976584428625
969.5 3.734540887738783
970.0 2.680171299525529
970.5 2.7594499735616305
971.0 2.1927490198527195
971.5 1.5538165302064924
972.0 1.0593909349765642
972.5 0.2
973.0 2.1832166765412353
973.5 2.079530397139237
974.0 1.708902548620099
974.5 2.9325189531105726
975.0 1.7673404670619388
975.5 1.5989681705196117
976.0 0.6089501464582723
976.5 3.4957039220677286
977.0 3.759691934706486
977.5 2.3585504506416637
978.0 1.7561460180195994
978.5 1.574538665893894
979.0 0.978231765189115
979.5 1.7437725366392733
980.0 1.4033099319386542
980.5 2.447357847310998
981.0 2.514015010250282
981.5 1.6968474648347045
982.0 1.4141368308675952
982.5 2.4096921392098523
983.0 2.0797025421152617
983.5 2.6093301323838234
984.0 2.311982433878711
984.5 1.4805828867242212
985.0 2.428173263689345
985.5 2.266252337098507
986.0 1.4350212586080344
986.5 3.6415635402448547
987.0 2.283221988427864
987.5 1.6253275927352717
988.0 2.46065474419278
988.5 1.8493544617741084
989.0 1.6164957524493855
989.5 1.1958835845440765
990.0 1.5446845863410679
990.5 1.3680554304696315
991.0 0.7400330538538005
991.5 0.7682660635496626
992.0 0.44223906774154687
992.5 1.1317751135019405
993.0 0.9621322616060509
993.5 1.221373921308718
994.0 0.7846320815555979
994.5 1.2948073202430823
995.0 0.6598053263671371
995.5 0.9473886044193183
996.0 1.3068585158102146
996.5 1.1070183732259768
997.0 0.6798119844030417
997.5 1.1672320443386806
998.0 2.0351367448552846
998.5 1.4265386122196513
999.0 1.4419388666093667
999.5 0.7315143088804352
1000.0 1.1262651899460936
1000.5 2.148152215618569
1001.0 1.3883832190534606
1001.5 1.9584352762009767
1002.0 2.9846225271784848
1002.5 1.4874040378708622
1003.0 2.2248483167605153
1003.5 3.062159584457449
1004.0 0.6421319421832143
1004.5 2.4044333836997414
1005.0 1.98237458591761
1005.5 2.8781784081730737
1006.0 2.2389781883973496
1006.5 2.448538411837129
1007.0 2.1218955341218413
1007.5 0.31827239345925973
1008.0 1.0301839637809391
1008.5 2.2393211062820435
1009.0 1.8620232070040035
1009.5 1.1094534637367752
1010.0 0.7124621369810789
1010.5 1.5300475449883277
1011.0 2.6957758250915393
1011.5 2.3601823224295866
1012.0 0.6072845626564431
1012.5 2.454614767127485
1013.0 1.795633720631801
1013.5 1.2682745092931653
1014.0 2.582847242251847
1014.5 2.7655199388953218
1015.0 2.3613342177808176
1015.5 1.977620337207198
1016.0 0.5353616150684755
1016.5 1.92096812360556
1017.0 1.2608133379144366
1017.5 3.296433315629824
1018.0 1.8955440961262835
1018.5 1.1212286313073938
1019.0 3.3459995309416506
1019.5 3.144579408720687
1020.0 0.2
1020.5 1.0299081014711968
1021.0 3.1065219972440077
1021.5 1.0459411457249748
1022.0 1.4958290903928946
1022.5 2.6971219487752984
1023.0 3.0484660528307455
1023.5 2.490099978363406
1024.0 2.5148692464962186
1024.5 1.5969947724491145
1025.0 0.6900623949716171
1025.5 2.5076132550995274
1026.0 2.311031390914276
1026.5 2.007738670028771
1027.0 0.939356522692227
1027.5 1.4023946204720457
1028.0 2.229218427453268
1028.5 1.4037634618836599
1029.0 1.8855589700390134
1029.5 1.8744794028882943
1030.0 0.8353258454575918
1030.5 1.3242748390662504
1031.0 0.5451001570496525
1031.5 4.0765417671494175
1032.0 2.5672237038825303
1032.5 1.0132123943249902
1033.0 0.3271907244867276
1033.5 0.8672339747505826
1034.0 1.686946884800887
1034.5 2.5892603946678365
1035.0 2.6384412862088023
1035.5 2.655189598892213
1036.0 2.625138059019837
1036.5 4.8597411430136725
1037.0 0.6951320302581017
1037.5 3.7058720626882025
1038.0 2.9834794116751953
1038.5 3.0419291394995884
1039.0 2.9124247880859033
1039.5 1.8656518444527246
1040.0 1.9808733407150805
1040.5 2.2040063471421028
1041.0 2.259129611111224
1041.5 2.5516989591541073
1042.0 1.611534716229792
1042.5 1.5444418333762922
1043.0 0.8050424215024053
1043.5 1.1518106805842085
1044.0 0.6801216974364465
1044.5 1.006865405715627
1045.0 1.6887792074279868
1045.5 2.304768190690743
1046.0 2.1470852622411627
1046.5 2.08445114130107
1047.0 1.4886229102872035
1047.5 0.2
1048.0 2.57606006057212
1048.5 1.3323875182633682
1049.0 1.1129669540724554
1049.5 1.8562210845004754
1050.0 2.016101196717088
1050.5 1.5805216590361981
1051.0 1.3360050508917842
1051.5 1.8403196049129769
1052.0 1.8325926737866907
1052.5 2.02930758165687
1053.0 1.1070658733389456
1053.5 0.6839098674437881
1054.0 1.7308912499025086
1054.5 1.7980605336592248
1055.0 1.1260266716082479
1055.5 0.9798767413503524
1056.0 0.7365901877820843
1056.5 0.9912015225006388
1057.0 1.4098417701029202
1057.5 0.7681819226428767
1058.0 1.4515544583965807
1058.5 0.7704596811691437
1059.0 0.43688326616490514
1059.5 1.271960227418956
1060.0 1.7699583496268785
1060.5 1.1601040842873966
1061.0 1.448531818785351
1061.5 1.685570650813213
1062.0 2.0523540229809925
1062.5 1.0236981426424085
1063.0 2.674873262022588
1063.5 1.871866840118018
1064.0 1.475298446962412
1064.5 1.4524601838682494
1065.0 0.9778274385267234
1065.5 0.2
1066.0 1.7481660834431219
1066.5 1.3870216048416408
1067.0 1.3480253437859142
1067.5 1.2920197999072738
1068.0 2.077690727082256
1068.5 0.2
1069.0 0.23272045916174178
1069.5 0.9779662418651401
1070.0 1.0472681780329909
1070.5 1.3054797796610906
1071.0 1.5861366772358045
1071.5 1.3711725353884954
1072.0 1.0325178205128058
1072.5 1.6879851001092985
1073.0 1.9008114806648364
1073.5 3.2760754916917745
1074.0 2.5506246306055367
1074.5 1.8725247734866997
1075.0 2.619468872844066
1075.5 3.201916226330864
1076.0 1.5769170574347473
1076.5 2.1348581304085914
1077.0 0.7630272601098069
1077.5 1.1268991846770937
1078.0 1.0071846363012948
1078.5 0.8088918945040997
1079.0 0.6609663348480342
1079.5 0.9635997052220779
1080.0 0.8458158834843578
1080.5 1.0974742137948623
1081.0 0.8901226955487275
1081.5 1.2609326225681645
1082.0 0.4309932869425307
1082.5 0.6709279903739909
1083.0 0.5010214280730778
1083.5 1.2105487750860222
1084.0 1.161836349773218
1084.5 1.5885377680340942
1085.0 1.4893785460706699
1085.5 0.6914811976700519
1086.0 0.9049040884669864
1086.5 2.703850699998716
1087.0 1.8440276648434668
1087.5 0.9210282639103239
1088.0 1.8683145308460873
1088.5 1.3519123786158964
1089.0 1.903336456348092
1089.5 2.8726895221124105
1090.0 3.726347227327094
1090.5 1.9631987634757393
1091.0 1.750076880476473
1091.5 3.8144083047560446
1092.0 2.4343626230594326
1092.5 2.510884190797103
1093.0 3.1339176158629214
1093.5 1.8564720738492841
1094.0 0.2
1094.5 1.4022251854011558
1095.0 3.2119482391125507
1095.5 3.1354701363285957
1096.0 1.2505858997967538
1096.5 3.382870467610555
1097.0 0.8941212414479653
1097.5 1.5722335689931142
1098.0 1.3083144260616992
1098.5 2.8608852548207393
1099.0 3.778440390914917
1099.5 0.6262257848231962
1100.0 1.2494246993054519
1100.5 1.3664574547457502
1101.0 1.8828793986929115
1101.5 0.6235469757027686
1102.0 0.7835658325886881
1102.5 1.2672235467647226
1103.0 1.035218837204272
1103.5 1.07684802168295
1104.0 0.7706633177846465
1104.5 0.8352086381084111
1105.0 1.5975748913522767
1105.5 0.2
1106.0 1.8937003101446779
1106.5 0.4809343610520591
1107.0 2.2901710873938788
1107.5 3.8979463668522336
1108.0 1.356593754960881
1108.5 0.8677534839488577
1109.0 1.5412900324540557
1109.5 2.0813522181507778
1110.0 2.36733893795856
1110.5 2.1150882244587814
1111.0 1.5764550162870443
1111.5 1.0097730497807151
1112.0 0.2
1112.5 2.554190044541374
1113.0 2.65807884265948
1113.5 1.4821475320203898
1114.0 3.2699377489548147
1114.5 2.941405596693606
1115.0 4.224948451452935
1115.5 2.604071840103487
1116.0 1.5461753619772578
1116.5 1.2935329110755327
1117.0 0.8046538884539337
1117.5 1.225354590403221
1118.0 0.9224562571269704
1118.5 1.0241009250384099
1119.0 1.4861506738290018
1119.5 0.7789852813853768
1120.0 0.566420260695816
1120.5 0.5249276600158668
1121.0 0.6772023872067768
1121.5 0.7552262089712738
1122.0 0.7567347160750562
1122.5 0.5910147074388958
1123.0 0.7006488476766841
1123.5 0.662688229587884
1124.0 0.7481803600045958
1124.5 0.8640590738128273
1125.0 0.6135598474958845
1125.5 0.7405718819601919
1126.0 0.7402601483966356
1126.5 1.917689374809375
1127.0 1.1092525934352282
1127.5 1.598297412331472
1128.0 0.5801661066307161
1128.5 2.1384171768523283
1129.0 0.8282927399270811
1129.5 1.4282008669496378
1130.0 0.9750765154029205
1130.5 1.813436417930834
1131.0 0.6020789421022331
1131.5 1.3910184606741443
1132.0 0.7573552554429701
1132.5 0.921920852249715
1133.0 1.8722511092916079
1133.5 1.3933553773480392
1134.0 1.3414308177015797
1134.5 1.2541179186098543
1135.0 1.8292681528496797
1135.5 0.9546376814456954
1136.0 2.500571524892286
1136.5 2.378575513901836
1137.0 2.0615839778963037
1137.5 1.9198428345037988
1138.0 2.040664524278179
1138.5 2.4137413947069084
1139.0 1.9749145827941117
1139.5 0.9461851337148167
1140.0 1.8121777596177813
1140.5 2.005533357650166
1141.0 1.643944072662069
1141.5 2.9693601282777173
1142.0 2.546143525095908
1142.5 4.252617643981609
1143.0 3.3981151330803123
1143.5 2.106090306855038
1144.0 2.066450208072658
1144.5 0.7288180040570804
1145.0 3.2272736815263157
1145.5 2.3486111740513573
1146.0 2.9432584966599142
1146.5 2.510176598829566
1147.0 1.846298423831372
1147.5 3.6342625745253683
1148.0 2.596583436118282
1148.5 1.9607806731699284
1149.0 0.48285665428549485
1149.5 2.050735976415633
1150.0 3.769179370848602
1150.5 2.2302153217090046
1151.0 1.4497971617249479
1151.5 2.4917533387970447
1152.0 2.6789360956666552
1152.5 2.2818317685975478
1153.0 3.122734230018172
1153.5 3.09263185488527
1154.0 2.8346153141731296
1154.5 1.930038758728545
1155.0 3.2999258981433375
1155.5 1.995305747646544
1156.0 2.2506917217865237
1156.5 2.871643507361514
1157.0 3.059814949843872
1157.5 2.7629116249549535
1158.0 2.30360184214895
1158.5 1.574017470347969
1159.0 4.043650260564484
1159.5 1.9164098739066684
1160.0 0.9753057053493037
1160.5 1.1265470350648485
1161.0 0.3154045443640201
1161.5 2.5538844611976605
1162.0 2.6917265543964346
1162.5 4.4053681320068545
1163.0 3.826748530174923
1163.5 1.3563212345944051
1164.0 2.581076836122141
1164.5 3.2107799878745378
1165.0 1.8725259471381608
1165.5 2.8314083094966267
1166.0 1.9461016514210863
1166.5 1.8291192089123123
1167.0 1.8001428589904895
1167.5 2.993747811876785
1168.0 2.2385018038440396
1168.5 3.609193997080107
1169.0 0.8639596078127301
1169.5 2.3568210604541053
1170.0 1.417987414117365
1170.5 1.5952612572884373
1171.0 1.321097720241556
1171.5 2.2744299689814893
1172.0 1.151761635762889
1172.5 0.42871852078323225
1173.0 1.8311506290615442
1173.5 2.368858585349115
1174.0 2.170350258835932
1174.5 1.0401978033174484
1175.0 1.8931627966232858
1175.5 2.2289541493813734
1176.0 1.1123477348457105
1176.5 2.4326736675992033
1177.0 2.4182109164032433
1177.5 1.7446253433039622
1178.0 1.8535363667984055
1178.5 1.5324451562142158
1179.0 0.8622722951524222
1179.5 0.9691079624793757
1180.0 1.470583929033082
1180.5 0.2
1181.0 1.5953918777969454
1181.5 1.6641780975922131
1182.0 2.102139223110038
1182.5 0.9913600756448737
1183.0 2.0582378380273885
1183.5 1.8457335802984325
1184.0 0.8671150210325741
1184.5 1.0134452487754273
1185.0 0.7825791173166086
1185.5 1.920484109242988
1186.0 1.5023438778189804
1186.5 0.2
1187.0 1.9737805478872246
1187.5 2.403303153714423
1188.0 0.7567607619381503
1188.5 0.666042020230492
1189.0 1.0695780755372886
1189.5 1.634416818247229
1190.0 2.3854857106823704
1190.5 1.0225421432503574
1191.0 0.8330762508577241
1191.5 2.313565024578285
1192.0 4.141360490820479
1192.5 2.7547550077246044
1193.0 1.4731263862939745
1193.5 1.4972317492676908
1194.0 1.8008046109524602
1194.5 0.8376592344672565
1195.0 1.1682145583454573
1195.5 1.5225002072961908
1196.0 1.2264536969014466
1196.5 1.1906942552401159
1197.0 2.73683685850209
1197.5 2.30781139959295
1198.0 1.5975750078147088
1198.5 3.363080933816673
1199.0 1.6520955486615787
1199.5 2.9363226846134074
1200.0 2.3905879908628243
1200.5 1.961905047534483
1201.0 2.760536871176739
1201.5 1.28585342823866
1202.0 2.2967787387975225
1202.5 2.091621318126556
1203.0 0.33046537278399124
1203.5 3.2674694005356466
1204.0 1.177761518846416
1204.5 1.500238963702521
1205.0 1.9218973980849232
1205.5 1.303259947353541
1206.0 0.59193198183082
1206.5 2.06739771272861
1207.0 2.5748181777174586
1207.5 1.946223676672289
1208.0 0.9422751493730867
1208.5 2.2995852410551363
1209.0 1.573779391968345
1209.5 1.590059911737756
1210.0 2.45273218152414
1210.5 0.9664917531911223
1211.0 2.1244823395865273
1211.5 2.848933988947656
1212.0 1.8542983838562814
1212.5 1.7168641162256018
1213.0 2.452879065358653
1213.5 1.7132402771691395
1214.0 0.8673252297600992
1214.5 0.2
1215.0 0.332574712390616
1215.5 2.7756190303644286
1216.0 1.7746472332016148
1216.5 1.8773657121556306
1217.0 0.2
1217.5 2.1607666686109415
1218.0 2.4148880610436882
1218.5 1.911672399494897
1219.0 2.9726300868601117
1219.5 2.545909062366974
1220.0 3.235045738529565
1220.5 3.432131826600201
1221.0 0.2
1221.5 3.357192906350461
1222.0 1.6302916116847372
1222.5 1.3328122760734729
1223.0 1.1102403654526203
1223.5 1.8280355264983226
1224.0 0.4622302960377871
1224.5 2.096294586857703
1225.0 1.4303050591441389
1225.5 1.0600290114514772
1226.0 3.1607519893032987
1226.5 0.8475969671760721
1227.0 2.7055064548233707
1227.5 1.9846752580932399
1228.0 1.9627742660203373
1228.5 2.1564577779980962
1229.0 2.492248516359392
1229.5 2.8582375306617656
1230.0 2.4586784629316716
1230.5 1.1207184389276499
1231.0 4.393637730617501
1231.5 1.394536149130091
1232.0 2.278276131292134
1232.5 1.9981907145343631
1233.0 2.741937784458833
1233.5 2.1643970760268596
1234.0 1.105857102459256
1234.5 2.388932107971907
1235.0 2.1025937819830904
1235.5 0.2
1236.0 3.483181373658743
1236.5 2.091977593065429
1237.0 0.5534289112932285
1237.5 2.2190160964501064
1238.0 3.413779133271018
1238.5 3.392640731099707
1239.0 2.2096607297125566
1239.5 2.2559216155727535
1240.0 2.9470501587972455
1240.5 0.49364778077965643
1241.0 1.3497322784469636
1241.5 2.0875717132122933
1242.0 1.1855069644171985
1242.5 0.29718817781104034
1243.0 2.7390019900034335
1243.5 1.752981019733229
1244.0 2.912945759759517
1244.5 1.2790105277294
1245.0 1.5197783451418787
1245.5 0.842706350110513
1246.0 1.3271415329836298
1246.5 1.1264680078190443
1247.0 0.6328941884549525
1247.5 1.4226633773826611
1248.0 0.5904386976894617
1248.5 1.100275573878819
1249.0 1.2275020805448498
1249.5 1.2865141143855259
1250.0 0.8900630548008469
1250.5 1.028101302010445
1251.0 1.325225792343054
1251.5 1.0051060248364039
1252.0 3.1582141002437796
1252.5 1.6397817956708378
1253.0 3.397840688111654
1253.5 2.5929043873356306
1254.0 1.1286106602766681
1254.5 1.8777029004196775
1255.0 1.3573936118424221
1255.5 1.307468688635022
1256.0 1.3019669539754446
1256.5 2.110007912940291
1257.0 1.570318345584587
1257.5 2.8461299985014836
1258.0 1.612896927022683
1258.5 1.7645004344275814
1259.0 1.7694318677350145
1259.5 2.3966447491068896
1260.0 0.8654558947950767
1260.5 1.5690493938734889
1261.0 1.236198184998534
1261.5 1.0431078236732256
1262.0 2.0232189363713426
1262.5 1.4149899518411218
1263.0 1.9158785113081378
1263.5 2.255010471031407
1264.0 0.7351533500665579
1264.5 1.3780058238188324
1265.0 1.4766069101609471
1265.5 1.8500078663013804
1266.0 1.8421426472424232
1266.5 1.5953077015653006
1267.0 1.780313259731183
1267.5 1.7133024391787481
1268.0 2.802163295008758
1268.5 0.9383028143309489
1269.0 0.8575853561714285
1269.5 2.410729769552636
1270.0 2.5115753042084714
1270.5 2.1698658904416193
1271.0 1.1057318374347909
1271.5 1.7420859843120207
1272.0 1.468791594867151
1272.5 1.8615143263627865
1273.0 1.665381123455402
1273.5 1.1684281506722405
1274.0 1.0837390336431418
1274.5 1.6807995407404577
1275.0 1.2686466188542358
1275.5 2.3612849259585853
1276.0 1.9187609619073989
1276.5 1.1589297077743326
1277.0 1.2395775844424215
1277.5 0.9684452420391482
1278.0 2.7214729713071066
1278.5 0.5644013990950747
1279.0 2.290448831335168
1279.5 0.7419627547851385
1280.0 2.49624762400047
1280.5 1.3238121458426488
1281.0 1.7640361120914028
1281.5 0.6377837493602366
1282.0 2.144459345889717
1282.5 1.6125694051282928
1283.0 1.6061223046970663
1283.5 4.1214314978692705
1284.0 0.2
1284.5 1.1074485413132094
1285.0 2.5230597446285277
1285.5 2.925923620154954
1286.0 3.621823790849497
1286.5 0.7540215695949655
1287.0 1.743724527538432
1287.5 3.4228336846434395
1288.0 0.7153833377965042
1288.5 2.5156141835043218
1289.0 3.9330085738361618
1289.5 2.2499233994938566
1290.0 1.8957225280582326
1290.5 1.6133338367074601
1291.0 0.9436728242931984
1291.5 2.1373183896700603
1292.0 2.179094443429143
1292.5 0.6478944294229447
1293.0 0.3702389011196332
1293.5 2.451349753025743
1294.0 1.05109347818572
1294.5 2.954280460116333
1295.0 2.320119168760341
1295.5 0.8023048020169063
1296.0 1.8042613047110583
1296.5 2.3960989180446894
1297.0 3.3150199032642593
1297.5 2.3787373130493834
1298.0 1.5486537656247943
1298.5 3.5097455848056742
1299.0 3.76343500209183
1299.5 1.2775454085122553
1300.0 2.0203687892909215
1300.5 0.7103636816733621
1301.0 3.6042494250512744
1301.5 3.353162976534154
1302.0 4.077035036188728
1302.5 1.4319854675528187
1303.0 2.487397610524598
1303.5 1.1252531110027515
1304.0 2.9314684315605035
1304.5 2.6110016568699708
1305.0 1.6819160206137744
1305.5 2.7787867336595413
1306.0 1.3282401340235621
1306.5 2.3393914951048256
1307.0 1.3545006878352028
1307.5 3.354746470477912
1308.0 0.49877357535519207
1308.5 2.2966785913416947
1309.0 3.667498074159469
1309.5 1.7716642576570039
1310.0 4.5407721698848835
1310.5 0.8790179246942893
1311.0 0.7041603386930131
1311.5 0.8831300983698007
1312.0 0.71485056266252
1312.5 1.0035356529883832
1313.0 0.5685792575541351
1313.5 0.9254246073274287
1314.0 1.0890386959322405
1314.5 0.8606654060272845
1315.0 1.0948685240288158
1315.5 0.9229519705532335
1316.0 0.6242029389126192
1316.5 0.860257024431701
1317.0 0.9190937742482121
1317.5 1.0508193590959094
1318.0 0.36539449189842843
1318.5 1.0865621488663306
1319.0 1.2365505075603398
1319.5 0.8888294942477186
1320.0 1.2130504831878706
1320.5 0.817639514322414
1321.0 1.3325807179005764
1321.5 1.0036289768193316
1322.0 1.131358327723058
1322.5 0.9851988593667822
1323.0 0.6921505967116849
1323.5 1.1959402971159712
1324.0 0.8884695587331091
1324.5 0.8755672403557972
1325.0 0.3929797382554727
1325.5 0.7682825426478079
1326.0 1.1820670944503444
1326.5 0.8212526638769874
1327.0 0.9804594443077963
1327.5 0.9764204265403467
1328.0 1.9152304517266452
1328.5 1.2718057980750244
1329.0 2.8968990450947683
1329.5 1.2704048399203232
1330.0 3.1969501859902976
1330.5 1.4247336796027599
1331.0 0.7681287465635362
1331.5 2.063841803883541
1332.0 1.3959934685184088
1332.5 1.7817137571020043
1333.0 1.3716488803928848
1333.5 0.9778619880778219
1334.0 1.0553823366372292
1334.5 2.1526278488624144
1335.0 1.9851032128828958
1335.5 3.1244167425624596
1336.0 0.386620938978383
1336.5 1.255776076737836
1337.0 1.7741278218213852
1337.5 1.0349986514441603
1338.0 2.568808950594252
1338.5 0.9739939622139695
1339.0 1.029234923035399
1339.5 0.6576731469987639
1340.0 0.7338906258378518
1340.5 0.7448800788037057
1341.0 1.167175084201383
1341.5 0.6971843000500186
1342.0 0.5387045555939467
1342.5 0.685419204666437
1343.0 1.097692731882855
1343.5 0.8132843736742178
1344.0 1.332099251277929
1344.5 0.6131285056352083
1345.0 1.2790141585631707
1345.5 0.5421231684762735
1346.0 0.7469399023159707
1346.5 1.9985819951201225
1347.0 1.6903997005166584
1347.5 1.9823397732851085
1348.0 1.2157030352805014
1348.5 1.1387998198895828
1349.0 1.7696423266877703
1349.5 1.1744399891090302
1350.0 1.3676332298159064
1350.5 0.5121612064384048
1351.0 0.25280577923235925
1351.5 1.5596770252689862
1352.0 1.858598903908741
1352.5 1.6909578760002957
1353.0 1.684797497188971
1353.5 1.7000345470580367
1354.0 0.9910244554176051
1354.5 2.406764804926601
1355.0 1.1568808087055622
1355.5 0.9936304531738182
1356.0 1.811919230922018
1356.5 0.969862865906589
1357.0 0.3076058827838293
1357.5 0.2
1358.0 1.7542700727188174
1358.5 1.4659494653868
1359.0 1.4635793365316194
1359.5 1.0775828086402564
1360.0 1.405214339620857
1360.5 0.7954617846661094
1361.0 2.460170806903102
1361.5 1.4531747519948328
1362.0 2.3352000335050382
1362.5 1.9533756906678248
1363.0 0.8596166848255465
1363.5 0.9764793724918408
1364.0 1.628699239506519
1364.5 2.338194244924556
1365.0 2.3567644247737847
1365.5 1.5804934699517943
1366.0 2.380614846357687
1366.5 0.8247761750938404
1367.0 1.6485780082695711
1367.5 1.1408450046431897
1368.0 1.6384733313747877
1368.5 1.583222477388036
1369.0 1.1677876023027611
1369.5 1.070520689213761
1370.0 0.7218100607714046
1370.5 0.6899948329346024
1371.0 0.8062492210292567
1371.5 0.5653802633878446
1372.0 0.7572216912896921
1372.5 0.7322917721322373
1373.0 0.6675573920602174
1373.5 0.7429816166139567
1374.0 0.6979034673208271
1374.5 1.7059297989951623
1375.0 1.5250034448486978
1375.5 0.7278494141863395
1376.0 1.5568212805907016
1376.5 1.987355876801731
1377.0 0.607343150813067
1377.5 0.7075488949124766
1378.0 1.2960829826987368
1378.5 0.9954341803306719
1379.0 1.0808397436644284
1379.5 0.8710589077475224
1380.0 1.0720253481287663
1380.5 1.6935522354114623
1381.0 0.940659264012045
1381.5 1.0494634217594072
1382.0 0.9053696163304323
1382.5 1.4301353664245444
1383.0 1.1963756726221821
1383.5 0.9682159541871019
1384.0 2.2983526883218444
1384.5 1.6792189367792467
1385.0 1.317802835958664
1385.5 1.1639105297387082
1386.0 1.3318850145683818
1386.5 0.7382030332788495
1387.0 0.5029678924895901
1387.5 2.024124141755454
1388.0 1.476738947326659
1388.5 1.4827919222305863
1389.0 1.656706826914017
1389.5 1.0508755452830578
1390.0 1.877465866364937
1390.5 2.466371362129296
1391.0 0.4196643243671718
1391.5 1.9575029382190035
1392.0 1.140198506786715
1392.5 1.9007033450998303
1393.0 1.540965194334044
1393.5 1.162325652744911
1394.0 1.3187293590463964
1394.5 1.319193536893878
1395.0 0.8947225222995072
1395.5 0.5398226213708868
1396.0 1.2456012937734209
1396.5 1.3627662473331819
1397.0 0.679434884236467
1397.5 1.6191327035868566
1398.0 1.0586976743451657
1398.5 1.3048014236707428
1399.0 1.3004688583289763
1399.5 1.8017296856097746
1400.0 1.0598475260720124
1400.5 1.9146298812577487
1401.0 1.0733402480821614
1401.5 1.458540547450713
1402.0 1.5069862365656077
1402.5 0.22508145996788964
1403.0 0.7797067601434603
1403.5 1.5433872228356544
1404.0 1.900445614259808
1404.5 1.473582104873352
1405.0 1.50513717307774
1405.5 1.9162738002843616
1406.0 1.1441948549555445
1406.5 1.4754908505383932
1407.0 1.0618002504161632
1407.5 1.2965554558942365
1408.0 1.4044579050587527
1408.5 1.484144741136575
1409.0 1.663718712390687
1409.5 1.823141438296325
1410.0 2.0260245046473386
1410.5 0.25473410744485325
1411.0 1.5655948760021539
1411.5 1.9395506971622114
1412.0 0.9725156619210362
1412.5 1.6696853153608116
1413.0 1.852586047751121
1413.5 0.6346937325106314
1414.0 1.3903426622413342
1414.5 1.3325727031337213
1415.0 0.762586486328963
1415.5 1.6633167920033036
1416.0 1.6428010432066444
1416.5 1.9304098036354267
1417.0 1.2951656020859894
1417.5 1.4362787108158699
1418.0 1.8182869078448591
1418.5 1.9204009990440147
1419.0 1.8044816469781633
1419.5 1.3010511860399836
1420.0 1.2468589799493182
1420.5 1.367110436428189
1421.0 0.6745758083955947
1421.5 1.508618173215401
1422.0 1.3628956236057848
1422.5 2.596119369151529
1423.0 1.4252461419277602
1423.5 1.6235379283299711
1424.0 1.3811511243928511
1424.5 1.2463101611479022
1425.0 1.9596325932230776
1425.5 1.0287753294189264
1426.0 1.0190628374098476
1426.5 1.4208284068016868
1427.0 0.7926974381123467
1427.5 1.0239696009307315
1428.0 1.6453469423571676
1428.5 1.333680327572762
1429.0 1.7817727215804064
1429.5 0.8916954101024273
1430.0 0.2893842611312145
1430.5 0.8183618352926865
1431.0 0.6422161110878717
1431.5 1.5845001314909217
1432.0 0.2871358819599672
1432.5 1.4382400148625523
1433.0 1.9342826109622908
1433.5 2.3262636988189787
1434.0 0.9263526891121239
1434.5 1.2545234793110454
1435.0 1.1205934216828088
1435.5 1.2275827602016036
1436.0 0.9442148783451112
1436.5 1.4639184065841386
1437.0 1.549433838872514
1437.5 1.411071939033142
1438.0 0.9006254397336177
1438.5 1.210186623193247
1439.0 2.0734029853843268
