0 1.6402909803502546
0.5 1.0869009553479487
1.0 1.0795058005808431
1.5 0.7751003425545726
2.0 0.9835702873044373
2.5 0.8048744963824706
3.0 1.1934814820603146
3.5 1.3597979262199011
4.0 1.4605801663638862
4.5 1.0955276255007789
5.0 1.0122130634718398
5.5 1.6581466426117888
6.0 0.6990793440763042
6.5 0.7198903723221788
7.0 0.7256417412209413
7.5 0.7804066693708456
8.0 0.8067555792858041
8.5 0.5019653650922258
9.0 1.1653456446182346
9.5 1.074010625301518
10.0 1.096288809172979
10.5 1.6993514821785958
11.0 1.1358859562975736
11.5 1.4101050091508684
12.0 0.6703332721627049
12.5 1.5322762356543147
13.0 0.5173385305649789
13.5 1.1046074214639143
14.0 1.1148145251777937
14.5 0.6642096005407852
15.0 2.0321814540030516
15.5 1.1125854099449666
16.0 1.0197078486938838
16.5 4.6133314298378405
17.0 2.7018330571725917
17.5 1.447606175995269
18.0 3.443786730131707
18.5 2.951708637526301
19.0 3.1952299520402936
19.5 0.7623434151587536
20.0 2.023411715419093
20.5 3.1706927737262767
21.0 2.326967267527127
21.5 0.2
22.0 2.2884706639421237
22.5 1.7040383632882796
23.0 2.7137759267145283
23.5 2.3194472626659337
24.0 1.5464110864448424
24.5 2.610209018882756
25.0 2.112533605615826
25.5 1.876131269027637
26.0 2.6575917536119107
26.5 1.0321969256064873
27.0 1.6701319878992686
27.5 3.155498142025706
28.0 1.096400765250687
28.5 1.0596687028451868
29.0 1.2666180118477284
29.5 1.7942191848425124
30.0 2.077397762110022
30.5 1.8061142950730085
31.0 1.6987174395655802
31.5 0.7460059059990948
32.0 1.4251641154165915
32.5 1.940534887327029
33.0 0.8509299534918124
33.5 2.011573702383833
34.0 1.3518106810611086
34.5 1.0463940237544365
35.0 1.3124803878629618
35.5 0.9182483314446304
36.0 1.8584661967391933
36.5 1.2979404009073925
37.0 1.9479228024208313
37.5 1.8432982090769048
38.0 1.6106069503999563
38.5 3.658080732108159
39.0 3.5194242128803896
39.5 1.4771618316298134
40.0 0.7044974911007811
40.5 1.2436688347501061
41.0 0.8278240910059436
41.5 1.085431287847558
42.0 1.018362494519252
42.5 1.6924344233514885
43.0 1.5584341480879802
43.5 1.0812992313286625
44.0 2.3037771501461544
44.5 2.532955799015216
45.0 1.3815580760440613
45.5 2.8418110037672046
46.0 1.1439371717118207
46.5 1.1699430646756799
47.0 1.3673860748466837
47.5 0.7463000177059109
48.0 0.795260026023542
48.5 0.807897094547294
49.0 1.542156575045711
49.5 1.405147902807554
50.0 1.591675295215274
50.5 1.7004635437058517
51.0 1.1763376568046646
51.5 1.2592522146679626
52.0 1.9002977430763002
52.5 1.4523440065323072
53.0 1.2233911236681567
53.5 0.9926427538205582
54.0 1.7595528773047375
54.5 1.1450047714719567
55.0 1.4280495081510338
55.5 0.6347274738090524
56.0 2.491322686885392
56.5 0.629348441350019
57.0 1.42142231717013
57.5 1.416149583378459
58.0 2.3129661896477454
58.5 0.7687403811473731
59.0 1.5334621946385423
59.5 0.8664089519308827
60.0 1.21609343281407
60.5 2.8602593315245968
61.0 1.3528366212160423
61.5 1.4332333771597026
62.0 1.708136352330532
62.5 1.5890936093443933
63.0 2.2735650868121984
63.5 0.5270589836041557
64.0 0.7142365197193178
64.5 0.7957871549454979
65.0 0.30107637402439624
65.5 1.824605627719944
66.0 1.8543063452235433
66.5 0.9198540209608079
67.0 1.0481554653894185
67.5 1.4435536788256504
68.0 1.442611044152048
68.5 1.797247050407576
69.0 1.5885754770251834
69.5 0.9573720430824879
70.0 1.485420269740506
70.5 0.8123806892963807
71.0 2.0323836568047806
71.5 4.037295492426912
72.0 1.4883177646528922
72.5 2.830066647310801
73.0 5.092925065059543
73.5 2.116320823245156
74.0 2.532750816851869
74.5 2.347692239700273
75.0 4.066316599670035
75.5 0.9791101411950429
76.0 2.4290921078545757
76.5 3.4339081352977496
77.0 4.471199358986782
77.5 1.993582941075351
78.0 3.0757348297196003
78.5 3.224133454613068
79.0 3.6983241757397276
79.5 2.4019620261341723
80.0 1.0625645128247496
80.5 1.823974569086909
81.0 0.2
81.5 3.0283733303324554
82.0 1.8532492547758703
82.5 1.893966456706923
83.0 3.9531898011429476
83.5 3.857843215437681
84.0 1.803565135280657
84.5 2.9613944692247576
85.0 3.7963635949364725
85.5 3.079243415069392
86.0 2.1253216947985694
86.5 1.3588248307424031
87.0 1.6325623514014391
87.5 1.1091331020365058
88.0 1.0918635499218117
88.5 2.54867676034387
89.0 2.4539988497517884
89.5 1.157543084846814
90.0 3.0382356806115864
90.5 1.4156809848081078
91.0 2.6401183874719205
91.5 2.379499115846712
92.0 0.2965133981116368
92.5 1.2720452968575673
93.0 2.3178298182408397
93.5 0.8131917255663523
94.0 0.9559334834058147
94.5 1.4290077846899305
95.0 2.3420942994632714
95.5 1.5213876394807286
96.0 0.975480734519206
96.5 0.6352546587891181
97.0 1.3296036909639497
97.5 1.4428050408970563
98.0 1.8093237032365563
98.5 3.503281507405355
99.0 3.0531462375107488
99.5 2.196967365400328
100.0 1.5085328831353157
100.5 2.7136372916067257
101.0 0.8398268357448064
101.5 2.0928008514740073
102.0 1.131972283339341
102.5 0.34709121656816677
103.0 1.0300896445287164
103.5 2.6321338244215204
104.0 0.40524872378711874
104.5 0.2
105.0 1.4730838470146392
105.5 1.3666728365720402
106.0 1.0119270508579423
106.5 1.9890280363751347
107.0 3.0447627749894757
107.5 1.956624135287729
108.0 2.5185579747162996
108.5 4.610593798669339
109.0 2.022076046552152
109.5 1.8152207501242337
110.0 1.596287078807217
110.5 2.502059112682822
111.0 3.195724127461002
111.5 1.9657331627356898
112.0 2.7844475432135263
112.5 3.246018697954072
113.0 1.9179039724230544
113.5 1.974844449172954
114.0 3.7597158197973783
114.5 1.8462152614730745
115.0 2.972331841971723
115.5 1.6373527750637076
116.0 0.5316029149520471
116.5 0.843309414795208
117.0 2.023852880995755
117.5 1.1564454765935812
118.0 3.551099201037002
118.5 1.462347067557157
119.0 2.4671746039837057
119.5 2.8979300098875136
120.0 1.8883189861728686
120.5 2.8317402899321253
121.0 0.5048742120140126
121.5 3.991810871705118
122.0 3.1249261022511825
122.5 2.8502926706709037
123.0 1.3421067416851322
123.5 1.9301223451711915
124.0 2.7367309843306
124.5 1.9749380600708444
125.0 2.6679720017845456
125.5 2.4266596702024814
126.0 1.5100818376118563
126.5 2.5499024216173414
127.0 4.005738266630968
127.5 1.1587331211800833
128.0 2.6501541388293957
128.5 1.9243260521651817
129.0 1.6337079752365813
129.5 0.6611742511088785
130.0 2.3616144513779673
130.5 1.7000624606712873
131.0 3.364870211320688
131.5 0.7875167414941697
132.0 0.969582564778297
132.5 2.159278796106918
133.0 2.007804341117148
133.5 1.9859473599531832
134.0 3.194535814820573
134.5 0.7572562123988049
135.0 1.5433374027120466
135.5 0.8659375483507885
136.0 0.46964570329766275
136.5 1.2903237099888338
137.0 1.6470212202095575
137.5 1.070346453823664
138.0 1.6395263034142449
138.5 1.1223817624131298
139.0 1.0802994921483993
139.5 0.8197225620303533
140.0 0.30522299779849815
140.5 1.1139747897857368
141.0 0.7180916338518066
141.5 1.2172959218137482
142.0 1.4053582073351492
142.5 1.2173857640277366
143.0 0.891444908713867
143.5 1.2715249379676252
144.0 1.2121552105828177
144.5 0.47031435431620794
145.0 0.9179349664682235
145.5 0.9704680033828752
146.0 1.2989835120890387
146.5 0.5975798533654308
147.0 0.8469774584846483
147.5 0.7140946281665942
148.0 1.0802621467771538
148.5 1.065641586751398
149.0 0.8243051111834981
149.5 1.2615955888337378
150.0 1.0401877417408
150.5 0.8831216591160538
151.0 1.7224040598091537
151.5 1.260319597235482
152.0 0.8592543436402452
152.5 1.3063283284713751
153.0 1.2615070671553172
153.5 0.25040083952887315
154.0 1.2960676382606322
154.5 0.7529085117120053
155.0 1.073955800547366
155.5 1.2319208239312662
156.0 1.5830681291805564
156.5 1.3267762836415455
157.0 0.7267702791238678
157.5 0.9028474621900326
158.0 0.9953111668465551
158.5 1.1723851831245675
159.0 0.7651058198907719
159.5 2.433360535046144
160.0 1.1047475065353332
160.5 0.2
161.0 2.5607913461007694
161.5 3.0090091937829238
162.0 2.3424881125567207
162.5 3.396350209399221
163.0 1.2748168551334325
163.5 1.9434664173125757
164.0 1.5710058883485982
164.5 1.0546517956217203
165.0 3.211832285902572
165.5 2.1636491356676846
166.0 2.889850372480052
166.5 3.29866700908408
167.0 4.118179286663633
167.5 2.9304584750306484
168.0 2.0238263268435817
168.5 3.4806835843775144
169.0 0.3694341235494729
169.5 1.504380599169064
170.0 0.8269070264334704
170.5 1.679294567474805
171.0 3.919329355629998
171.5 2.0722756149237265
172.0 1.626170821293683
172.5 3.4903434755370433
173.0 2.4051390566196296
173.5 1.9389098791765744
174.0 0.2
174.5 0.8259229325534823
175.0 1.6796593492247172
175.5 1.4690178591078769
176.0 2.1258097045146296
176.5 0.5609568355007613
177.0 3.1972867160944936
177.5 3.3801989067572764
178.0 3.3643453487810957
178.5 1.477225109659165
179.0 1.550258945231009
179.5 0.2
180.0 3.325510102200818
180.5 1.4415353100084796
181.0 1.7220902390898405
181.5 2.360233405602609
182.0 0.964614954210837
182.5 2.07547199556931
183.0 1.9507874330423043
183.5 0.7157162913901534
184.0 1.899824357168296
184.5 1.0579647656729
185.0 1.1365805580577626
185.5 1.477417183695409
186.0 2.407653751104974
186.5 1.6100083954824456
187.0 2.4795162913105884
187.5 2.5955033355677095
188.0 2.0351171803007193
188.5 1.5087757626291127
189.0 1.998994364520509
189.5 0.8658141628914362
190.0 2.1621902149983994
190.5 1.0321160537699094
191.0 1.6302430406612447
191.5 1.7501664513563842
192.0 1.2204148159911998
192.5 0.9491349664145553
193.0 1.7755794767741728
193.5 1.7725540850052668
194.0 1.9644467362547549
194.5 1.3052076619017443
195.0 2.1574059419276583
195.5 2.354207323828312
196.0 2.4138684329616655
196.5 2.1151082780954114
197.0 1.3734098425563768
197.5 1.605342852894824
198.0 0.2117001107105816
198.5 2.21300214094493
199.0 1.341042892282733
199.5 2.163685166875596
200.0 1.7181763335919693
200.5 1.5936172691481922
201.0 1.3319779741058526
201.5 0.36878960735478694
202.0 1.789473296087761
202.5 1.071761857680598
203.0 1.2560400166550496
203.5 0.9422895496411329
204.0 1.8497367665958897
204.5 1.685136034843632
205.0 2.412110005625511
205.5 1.1314260661124367
206.0 1.2921219259261294
206.5 2.1447019489145
207.0 1.2730543668846073
207.5 0.93701360379324
208.0 2.3737566216299957
208.5 1.4657170086872984
209.0 1.3326062435394022
209.5 0.2
210.0 1.1647905061829078
210.5 0.7597989872502646
211.0 1.3421592987829825
211.5 1.5971439610420324
212.0 0.6049249296331849
212.5 0.6986066645874058
213.0 0.5283796380975583
213.5 1.3521100315038557
214.0 0.8099104828631158
214.5 0.8020933136972495
215.0 1.1374181465951563
215.5 0.9163311883507791
216.0 1.0965873537234159
216.5 1.3442685463111537
217.0 1.534565588629957
217.5 0.9844302269773779
218.0 1.154000596484825
218.5 0.9565349229871543
219.0 0.8484241814180135
219.5 0.7891009411154615
220.0 0.8654003875326078
220.5 0.7839560827937677
221.0 1.3177627463331718
221.5 0.5240143894881276
222.0 1.1294295207207474
222.5 1.2186770741349116
223.0 0.6385885318415749
223.5 0.870522590499565
224.0 1.1910306342269101
224.5 0.7012504674890854
225.0 1.6347833301050163
225.5 0.8898782544554948
226.0 0.967509180866121
226.5 0.8102754047190487
227.0 0.7578860771259937
227.5 1.1137209578146345
228.0 1.195859547203146
228.5 1.1955688667188789
229.0 0.7685052648166558
229.5 0.827347086981826
230.0 1.3787099634191133
230.5 1.430701824257704
231.0 1.0914290626205652
231.5 1.0802114564999488
232.0 0.5130456658029875
232.5 0.7999409893667884
233.0 1.1557340433108916
233.5 1.0151894044502154
234.0 0.8571172873562901
234.5 0.6280545942267604
235.0 1.264956990292141
235.5 1.5038538315832795
236.0 0.6752420311848316
236.5 0.8590780852427681
237.0 1.1404877524254253
237.5 0.9546341892373562
238.0 0.5532231828335921
238.5 1.2160970164709362
239.0 0.8622661334153036
239.5 0.4053883406012052
240.0 0.8001235012075762
240.5 0.9480767893777883
241.0 0.3142843272754915
241.5 1.1834596760668663
242.0 1.3369994918812262
242.5 1.2417575401325232
243.0 0.7024664037473585
243.5 0.9154305134441023
244.0 1.3020412691074517
244.5 1.31956313856055
245.0 1.6391694403420536
245.5 3.2198556143176233
246.0 4.250585488115531
246.5 0.8698524661021378
247.0 1.8141651523771878
247.5 3.3998411013840792
248.0 1.012852851125152
248.5 1.3681723315628163
249.0 2.3906995081493014
249.5 1.0674469752668545
250.0 2.0373208036158674
250.5 0.8638450468312133
251.0 1.3478323885458954
251.5 0.2531031122542122
252.0 0.9388480869695157
252.5 1.7159933929136741
253.0 1.2690967451595396
253.5 2.075524180031236
254.0 1.527127109510105
254.5 1.8858106894069169
255.0 0.3280027915895576
255.5 1.4181265083877808
256.0 2.075530437244619
256.5 1.4143862447637872
257.0 1.5109130638556614
257.5 1.2889855405356894
258.0 1.476011418619604
258.5 0.7901075544696353
259.0 2.400442759162395
259.5 1.1774026583421664
260.0 1.4668014869357953
260.5 0.8091792003660133
261.0 0.665016347457098
261.5 0.7920730283685393
262.0 1.3005288235823786
262.5 0.5719574351320971
263.0 0.6445157733321378
263.5 0.605368843998836
264.0 0.6283044087437062
264.5 0.6956415072526206
265.0 1.3037365550879016
265.5 1.0735502372952386
266.0 0.8716709591779407
266.5 1.4066336358364282
267.0 0.866034357759593
267.5 0.8788520951424017
268.0 0.9582441147882539
268.5 0.9755046831672258
269.0 1.2886285146436225
269.5 1.053050726938658
270.0 0.6390571010359094
270.5 0.2
271.0 4.285306612344488
271.5 1.6948109258185977
272.0 0.2143656324921488
272.5 2.6915138504594314
273.0 1.9032422513097729
273.5 2.7242158449974188
274.0 3.0825342917372676
274.5 1.2648766538964167
275.0 1.6539132149284383
275.5 0.5780337467363383
276.0 1.1368410459141294
276.5 1.9343222632138977
277.0 2.117488896585704
277.5 2.195105799506228
278.0 2.1652766467395974
278.5 2.4823607111116255
279.0 0.2
279.5 0.5541519969833402
280.0 1.4514217269176535
280.5 0.9944697450666748
281.0 1.530286146541904
281.5 0.8979644449469697
282.0 0.5467170181313501
282.5 3.7143095361949894
283.0 2.2087199167423694
283.5 2.9904649429631514
284.0 2.2144322772867593
284.5 2.3020931523570747
285.0 2.298356558988605
285.5 2.2724183537426126
286.0 1.666458568715741
286.5 0.7145344976491826
287.0 1.538081447784038
287.5 2.0754659911711166
288.0 1.9406798907055571
288.5 1.721777909029933
289.0 1.1024539803263318
289.5 1.082366375543724
290.0 2.095881860330736
290.5 0.6512491583906296
291.0 0.2
291.5 1.1872792623449528
292.0 1.790168868554173
292.5 2.2765231128607035
293.0 1.8655380197064788
293.5 2.184388628412259
294.0 2.0816508294162284
294.5 0.9189647880098688
295.0 1.411521074698789
295.5 1.0498303083332239
296.0 0.6001360105536401
296.5 0.8350767170684384
297.0 1.479144705096457
297.5 2.3946567714474094
298.0 0.6205628164270355
298.5 1.3830775033186127
299.0 1.1926983963278097
299.5 0.2
300.0 1.4989253454284988
300.5 1.9733219468771108
301.0 1.42536969614374
301.5 0.9254960822277285
302.0 1.1252729173798461
302.5 2.2555667755394015
303.0 2.692457601612939
303.5 1.5424915138857933
304.0 2.259080467692236
304.5 2.0257531411955747
305.0 1.755442116387472
305.5 1.8558411669457462
306.0 1.2655155069576502
306.5 0.32618400925965174
307.0 1.0445951987683666
307.5 1.295806583139902
308.0 1.2664560452616767
308.5 0.5678220028377626
309.0 3.0788692718896886
309.5 3.0977704284736793
310.0 0.7107913014745935
310.5 1.804202133130258
311.0 1.7506539903089955
311.5 3.376681692058556
312.0 4.202420644844387
312.5 1.562226389786522
313.0 2.3818891845170973
313.5 0.2
314.0 1.2580301325603642
314.5 0.7094735785985427
315.0 1.205117574544931
315.5 3.211538446016541
316.0 2.476196212434056
316.5 1.6291810878759496
317.0 2.8452540805526407
317.5 2.2094780374676475
318.0 3.864139214388148
318.5 0.9971121039052117
319.0 2.085702340648688
319.5 1.654588577230513
320.0 1.6544477179045196
320.5 1.306353424724518
321.0 1.9624534596556162
321.5 1.2585729569246165
322.0 1.659379984902874
322.5 0.8519796530359874
323.0 1.838585435110146
323.5 1.7521912217901123
324.0 1.6919230497219961
324.5 0.2
325.0 4.060975812989811
325.5 2.3043334693116257
326.0 1.3276400175769418
326.5 1.7930498273366742
327.0 0.4298490551415086
327.5 2.157339357198223
328.0 0.679830880728381
328.5 1.728039074260831
329.0 0.2
329.5 2.37594851306426
330.0 2.3208511933333296
330.5 1.2468527406787313
331.0 3.029252227613579
331.5 2.873116252319149
332.0 2.1468581088065157
332.5 3.2558160507766587
333.0 2.2704696607275263
333.5 1.484273910462126
334.0 0.7055390960672505
334.5 1.567092433236167
335.0 1.3432354610754083
335.5 1.61888449411232
336.0 2.0860335708117033
336.5 1.1765496833839637
337.0 1.8376306750799036
337.5 0.9850942822701372
338.0 1.450267347028566
338.5 1.4713108213627821
339.0 1.2888831936816214
339.5 0.8227482996246311
340.0 1.3968299404425883
340.5 2.2753359135314426
341.0 1.9072477219617692
341.5 0.3578928755797737
342.0 1.2651042493979157
342.5 1.0038222171370281
343.0 1.160077075326241
343.5 1.168377263618623
344.0 1.212820691904807
344.5 0.38746360481184405
345.0 1.0431982019066883
345.5 0.5577158358162666
346.0 0.8490793148364855
346.5 0.6445059161268487
347.0 1.0856966456304487
347.5 0.8935095555045454
348.0 0.6420682740527603
348.5 1.050081319652025
349.0 1.574173903816823
349.5 1.6002896269755982
350.0 1.4190395275805896
350.5 1.0222253351598707
351.0 2.356071034650598
351.5 2.1013987312861175
352.0 1.9466133414329634
352.5 0.2
353.0 1.6248151270525983
353.5 0.9609393536453658
354.0 0.8021019328125676
354.5 0.5071175057201984
355.0 0.984207292167167
355.5 0.8331736631908161
356.0 1.1297065221916247
356.5 0.7638119335778375
357.0 1.5779624510987298
357.5 0.8027891268115699
358.0 1.3135667327980363
358.5 1.2480182882431499
359.0 0.7179399950904135
359.5 0.5209394074248661
360.0 1.2255192466375555
360.5 0.9844615998129778
361.0 0.8085041811099629
361.5 1.205568098929931
362.0 1.1390160253661787
362.5 0.6814004368590781
363.0 1.024735321036502
363.5 0.5413127709955707
364.0 0.7024587427317948
364.5 0.9614645706670847
365.0 0.6707437476310347
365.5 0.41925434147394747
366.0 0.9810675028669007
366.5 0.7479406591761601
367.0 1.1911082384869145
367.5 3.1032878739617002
368.0 0.7778927099967541
368.5 0.7708863316312828
369.0 1.5895481437580468
369.5 2.5819234123811308
370.0 1.2745104910454776
370.5 1.1944118477850139
371.0 1.2839719855999714
371.5 2.191479731147103
372.0 1.6211354682495691
372.5 1.0337398752556932
373.0 3.3563693240541914
373.5 0.4887065110584823
374.0 2.181432855077497
374.5 1.7016063814712101
375.0 1.688550426531193
375.5 1.2759150770790095
376.0 1.059161717869379
376.5 1.6568970200031006
377.0 1.238997008342363
377.5 1.7518879716988969
378.0 2.069939204648877
378.5 2.1208813073359787
379.0 2.720945396191448
379.5 1.1802604370895593
380.0 2.919659750502758
380.5 2.209089408806743
381.0 1.0852780941110298
381.5 1.2811686793231118
382.0 1.8911326887694373
382.5 1.1299450731926743
383.0 2.565032931295867
383.5 1.6706970510766515
384.0 1.4715169677013402
384.5 1.4994567532504692
385.0 1.3944518225226983
385.5 3.0576283013479344
386.0 2.4205404876520404
386.5 1.6159363216897482
387.0 1.2669670391519137
387.5 1.7740890949928652
388.0 1.6475250284471696
388.5 2.10634198832173
389.0 2.097226485868879
389.5 1.1217923588053087
390.0 1.5091336655270802
390.5 0.8950915013514126
391.0 1.9265146654615277
391.5 1.6676079253541745
392.0 2.6608318065834258
392.5 0.7720378694416544
393.0 1.9168921815402873
393.5 1.2634040968021945
394.0 2.235426737676366
394.5 1.431682158946799
395.0 2.094045437892074
395.5 2.4156705535223084
396.0 2.8726465496643385
396.5 1.3282122852031724
397.0 0.7489153069030087
397.5 1.4650107105713799
398.0 2.721637690608759
398.5 3.4106636946227553
399.0 1.7742350156927698
399.5 1.353161962907156
400.0 1.6731317621723625
400.5 1.0335798001560752
401.0 0.2
401.5 1.320241240808292
402.0 1.1822198505660217
402.5 1.0902355577638663
403.0 2.1808232025343326
403.5 1.8490344604229445
404.0 0.9899065716082798
404.5 1.662915817687557
405.0 0.9566546977552857
405.5 2.0842086942642637
406.0 1.025838610259731
406.5 1.9960642346166841
407.0 0.5285745745619226
407.5 1.5336216834482055
408.0 0.9587993716867051
408.5 1.9565320727168067
409.0 1.6403916991815704
409.5 0.46817975695324565
410.0 3.6533158955119482
410.5 2.4385290900996575
411.0 0.8532522832533364
411.5 1.8643708117611824
412.0 0.6388065029826195
412.5 1.8891528798502832
413.0 2.183375260974777
413.5 1.0996086974586645
414.0 0.44292171930227586
414.5 0.6425737148224029
415.0 1.5838258221951993
415.5 1.5299445609607711
416.0 3.337875034894383
416.5 1.4868878784521473
417.0 0.4607136098924509
417.5 2.498465043300439
418.0 1.9032335511724914
418.5 2.1839090634668974
419.0 2.938262455929781
419.5 1.7323192385001311
420.0 2.2728652495862693
420.5 2.7213801640172086
421.0 2.118878386830251
421.5 1.657297364153815
422.0 1.6885048485507557
422.5 1.9497163332846688
423.0 2.389946372322183
423.5 1.2439351127732947
424.0 1.650080510177448
424.5 0.8423244635998459
425.0 1.5669027815083196
425.5 1.3869635387278239
426.0 2.1398640759380423
426.5 1.3960689076189212
427.0 1.370893564227666
427.5 0.4491131099825021
428.0 1.1948669665540792
428.5 1.838723442899017
429.0 1.454578872738242
429.5 2.6518884714624296
430.0 0.3553299849509428
430.5 0.6206976131236122
431.0 2.147002483934118
431.5 1.944044367005584
432.0 1.5769166640525878
432.5 1.5791877665708567
433.0 1.9462871888321611
433.5 1.891974189422343
434.0 1.9619782152517888
434.5 1.6727511637025112
435.0 1.8059672910232356
435.5 3.0879143941993297
436.0 0.5672703239070018
436.5 3.292253509254559
437.0 0.24580182663563876
437.5 1.8053951180621008
438.0 2.371039199584194
438.5 1.7324153303115502
439.0 1.502284372939696
439.5 0.70549830025869
440.0 1.3916128739301095
440.5 1.276926057999015
441.0 1.2621747710792608
441.5 0.44993135332340484
442.0 0.49342592490353576
442.5 1.0315865670476436
443.0 0.8190055461714343
443.5 2.9284641720961697
444.0 1.8184815461373267
444.5 3.2055367836168465
445.0 2.1048778054797213
445.5 0.363948405823993
446.0 1.8798314071301925
446.5 2.2241269715045817
447.0 1.7461223421214505
447.5 2.831319136859494
448.0 0.8424049929215903
448.5 0.9966267351792909
449.0 1.2781033379424493
449.5 1.739288553937411
450.0 0.30993848413663505
450.5 0.9589403710948041
451.0 1.2602487403182279
451.5 1.7184753536361992
452.0 1.8685685863882644
452.5 2.0253892910718685
453.0 1.3850122901521822
453.5 1.6740442611699118
454.0 1.9495408997082546
454.5 1.0728350541623723
455.0 1.2970712292657403
455.5 1.0396667890428084
456.0 1.9456210779090959
456.5 1.8882379944279326
457.0 2.1060219351485987
457.5 1.7248283765832122
458.0 2.403435945126951
458.5 1.409740083113305
459.0 2.963990538324929
459.5 2.344398743164575
460.0 1.9732268086347944
460.5 1.1191886538491516
461.0 1.7541530800934142
461.5 1.6570625920073816
462.0 1.794470328990669
462.5 2.673132874835389
463.0 2.2744243392875956
463.5 2.197368272899018
464.0 2.850376420483131
464.5 1.8805856178502987
465.0 1.5506240946842864
465.5 2.8083228395291444
466.0 2.4882939594118585
466.5 1.469731243655904
467.0 2.002919186817717
467.5 1.560745432399251
468.0 3.8499916758291315
468.5 1.962649932205418
469.0 2.139243020911962
469.5 1.0407959525632857
470.0 1.317827596296643
470.5 1.7839989187675385
471.0 1.1418154631477764
471.5 0.6962221895761689
472.0 2.21254704635834
472.5 3.14402638076927
473.0 2.6399447908334253
473.5 1.5695108190452607
474.0 1.3330667611325369
474.5 1.2191280039887846
475.0 2.643062597653721
475.5 1.6411410592865594
476.0 1.622160866341458
476.5 0.3256172500758656
477.0 1.7514932179084348
477.5 2.026433748376408
478.0 2.297019843110938
478.5 0.3861561868893255
479.0 1.9433844051120157
479.5 0.9159699894570398
480.0 2.259993867123554
480.5 1.1008739243222951
481.0 0.5737151374652683
481.5 2.3589397758523356
482.0 0.2
482.5 1.5498197505715163
483.0 2.6069568366526434
483.5 1.0960890137218358
484.0 0.35083823406011194
484.5 2.5329073070889327
485.0 1.3484750422816603
485.5 1.0735088599963278
486.0 0.2
486.5 0.9879701880203524
487.0 1.0378682286939496
487.5 1.2415557339705685
488.0 1.3242037382987495
488.5 1.2906927061128957
489.0 1.6446049548874797
489.5 2.4320621997208103
490.0 2.2756465786464553
490.5 1.8989102821450214
491.0 0.8392765493356551
491.5 1.011785605913989
492.0 1.375493207458644
492.5 2.28809606163916
493.0 2.648671292163483
493.5 1.776871241947726
494.0 2.8895100433099117
494.5 2.1531368719695427
495.0 1.6759139813924813
495.5 1.5656644576932934
496.0 0.6527257588000082
496.5 1.822244830999842
497.0 2.549133960327608
497.5 2.308271048977188
498.0 2.532021172869368
498.5 2.5725615402283992
499.0 1.9555897219044724
499.5 3.393855370849572
500.0 2.3642986133473984
500.5 1.7264829032466913
501.0 0.6235446115052818
501.5 2.0980882580891187
502.0 2.134198327816922
502.5 1.6448946177430046
503.0 2.4320101736155904
503.5 1.429942822630802
504.0 0.9229055519245218
504.5 2.6520904201352824
505.0 2.115364541541064
505.5 1.4032154452403398
506.0 2.435011806248922
506.5 2.2218331834278686
507.0 2.0877714016792326
507.5 0.8015806531303572
508.0 1.666470126040167
508.5 1.1320489084099434
509.0 0.9906522519328047
509.5 0.5574744783709543
510.0 1.311499072075926
510.5 1.0941891940873265
511.0 1.9132838305118882
511.5 0.9748697341486869
512.0 1.105174426086705
512.5 0.7093672258174728
513.0 1.336173669265888
513.5 0.7272521357499291
514.0 1.4832910437024378
514.5 1.0940787204393994
515.0 1.0303167140697351
515.5 0.5831537196178174
516.0 1.1444489023247955
516.5 0.42817284379841836
517.0 0.8436655350316039
517.5 1.5021926856409111
518.0 1.3878183190898394
518.5 0.9802742332796959
519.0 0.8270166124078
519.5 1.4978285265637874
520.0 0.9087095723903584
520.5 0.7241156754543836
521.0 1.1704306579101795
521.5 2.4342355186725086
522.0 0.632963532324226
522.5 0.2
523.0 2.0980291681838366
523.5 2.265362876432289
524.0 2.738943722173129
524.5 1.5368074043951336
525.0 1.920917915897313
525.5 4.023280924540721
526.0 2.512139443249839
526.5 0.2
527.0 1.311675789399203
527.5 2.5042331828038265
528.0 1.1275425424866725
528.5 2.0898274499096585
529.0 2.555510088430811
529.5 1.5446108581620512
530.0 0.9538226834433149
530.5 1.8670982229043367
531.0 1.1890791244062449
531.5 1.7326954882508874
532.0 1.8990848375416514
532.5 2.4079347519677556
533.0 2.0698242569140715
533.5 1.6660745100540146
534.0 2.63820109973286
534.5 2.8351084634673587
535.0 1.8096314925694
535.5 1.5819067448239117
536.0 1.470357930438105
536.5 1.55411622027156
537.0 1.735616894297177
537.5 2.380080982669101
538.0 1.347308926402667
538.5 0.2
539.0 1.4427571178192138
539.5 1.1607963729469257
540.0 0.9559185804765488
540.5 2.2222254401587263
541.0 1.490528466119349
541.5 1.594899319098067
542.0 2.981793124698103
542.5 2.854342377796619
543.0 1.0434379614124536
543.5 0.8748854249176827
544.0 2.846276478019684
544.5 1.5234452168195562
545.0 2.4289009812661577
545.5 1.4562232457290127
546.0 2.1621230449001416
546.5 1.5940432483717102
547.0 2.6237670265458686
547.5 1.7755329496838106
548.0 1.6109235054617665
548.5 2.0655579093591774
549.0 0.4144965008778272
549.5 1.3867352084296056
550.0 0.7576646844252737
550.5 0.4745489569920079
551.0 0.5249630731465091
551.5 0.6088974617562645
552.0 0.5796677884943442
552.5 0.6110787053590152
553.0 1.0949663186393963
553.5 0.7380021079149406
554.0 0.7879466572081162
554.5 0.8180806834749574
555.0 0.40577746482274524
555.5 0.8021209876383484
556.0 0.7558176418067544
556.5 0.6591935383476568
557.0 0.6412245446982385
557.5 0.7427448599927033
558.0 0.8387341744489691
558.5 0.7792543550433335
559.0 0.6969119616779216
559.5 0.8274950645907744
560.0 0.8988858765331622
560.5 0.6577479206992858
561.0 0.5745324815026862
561.5 0.7482112430002859
562.0 0.7015874629542722
562.5 0.6643402120767998
563.0 0.6664735441385824
563.5 0.5848000534714392
564.0 0.48336838444895097
564.5 0.7153912297799154
565.0 0.7972369031700199
565.5 0.6485446088861571
566.0 0.7692262878103215
566.5 0.5265726004729119
567.0 0.7121977376124762
567.5 0.8171434330592122
568.0 0.6699745692737054
568.5 0.7975542285586554
569.0 0.46105441808767655
569.5 0.6230724552477601
570.0 0.6706943692888289
570.5 1.358217081378546
571.0 2.238385714678888
571.5 2.58542640882438
572.0 1.7818619375268585
572.5 2.4317703159360207
573.0 1.987461356438529
573.5 1.5484474700240958
574.0 2.3778056232429154
574.5 2.2429095296747272
575.0 1.318705699740157
575.5 3.055345756674603
576.0 1.3702874658423276
576.5 1.533230172472016
577.0 0.2
577.5 1.5347748379898318
578.0 1.081588153114062
578.5 1.1634831982987703
579.0 1.7591430095189238
579.5 2.0051530151990686
580.0 1.257937525950952
580.5 2.295304513794334
581.0 1.7551073044558896
581.5 1.3634559539937787
582.0 2.4070867747148084
582.5 2.4314743191126804
583.0 1.3441797664030495
583.5 1.9973580890034173
584.0 0.8811505836968904
584.5 2.4274457029059646
585.0 1.7528977399377728
585.5 1.7702131274849116
586.0 1.4421110075790398
586.5 1.31852239474858
587.0 1.996152983556493
587.5 2.27111771893615
588.0 2.389125339041748
588.5 1.6478049846999647
589.0 1.1017057214267894
589.5 0.6233074861483341
590.0 0.8606283848964056
590.5 0.5892205053557522
591.0 0.7203599500168967
591.5 0.4833166240964168
592.0 0.8241713725964364
592.5 0.6410375512634582
593.0 0.594851436850256
593.5 0.44241758584638935
594.0 0.7519952846356681
594.5 0.5925215681795237
595.0 1.722503353827232
595.5 0.8725133340430563
596.0 1.56392591336014
596.5 0.9479996753144174
597.0 0.3079038110587985
597.5 1.1627301506877912
598.0 1.2085649864919616
598.5 1.4356022449181594
599.0 0.7327292493468966
599.5 1.4934477168433964
600.0 1.1912635854926816
600.5 1.2692531738040747
601.0 1.8227590365438928
601.5 1.810321603315254
602.0 0.6983276455041079
602.5 1.5642382516933675
603.0 1.5965208076068207
603.5 2.188809377691305
604.0 1.9100600731399222
604.5 1.5662004200844775
605.0 0.2
605.5 1.6846912479467377
606.0 1.5525188637064082
606.5 0.2
607.0 2.148220963960841
607.5 2.183223470240927
608.0 2.1217101034388968
608.5 1.3452281536328055
609.0 0.9270200225650684
609.5 1.635568004869498
610.0 2.4725369632999836
610.5 1.4934178813531909
611.0 2.0162731632562654
611.5 2.68975071435478
612.0 1.4032423926705249
612.5 1.2981021882167885
613.0 1.1570532222875314
613.5 2.903457160554397
614.0 3.0737239494069915
614.5 2.486415515483794
615.0 2.0375672693350326
615.5 1.7430630445362976
616.0 0.6171113315035026
616.5 1.5114847264314575
617.0 1.1519418913863544
617.5 2.910606128271642
618.0 0.8527818141202483
618.5 2.8601706510356153
619.0 2.641086629646547
619.5 3.1387986353020962
620.0 1.164279616454433
620.5 1.5416794870981136
621.0 2.553547948163232
621.5 3.279809069115593
622.0 1.6434023212749063
622.5 1.9579994141584374
623.0 1.25025116291165
623.5 0.2
624.0 1.070380107872599
624.5 1.8732414899417675
625.0 2.9393179512276086
625.5 3.274723552478986
626.0 3.0090600690945846
626.5 2.626349119761669
627.0 3.7142916745010703
627.5 3.146219572211949
628.0 2.510523911884987
628.5 2.1328954722801186
629.0 3.2532403745279628
629.5 2.050417957321479
630.0 1.7517389309858746
630.5 4.21507575507451
631.0 1.429720336385601
631.5 2.1914856068949473
632.0 0.2
632.5 2.3720951063084033
633.0 4.49346221287911
633.5 1.9468840609652909
634.0 3.203495845169603
634.5 1.982582966465967
635.0 2.0874323919709834
635.5 3.1833345641321316
636.0 0.8550962775447524
636.5 3.1892006186260335
637.0 4.932069818662149
637.5 2.302373749193752
638.0 3.687722367301348
638.5 3.906068189594585
639.0 1.7265063119739184
639.5 0.6848660592195872
640.0 2.0597531018554527
640.5 2.088664454101121
641.0 3.8279159374126266
641.5 2.5385116520959286
642.0 1.6795306907875256
642.5 0.5947789045406296
643.0 1.5804321573622842
643.5 1.2163205810624786
644.0 1.7134861774346588
644.5 1.1908832694269056
645.0 1.3456493675704584
645.5 0.9572688505533412
646.0 1.030119272788173
646.5 1.8398745641951129
647.0 0.899996234653373
647.5 0.8849669532467503
648.0 2.328734443841653
648.5 0.3770253837374342
649.0 1.709677422771738
649.5 1.5240667691901326
650.0 2.055251889435266
650.5 0.2
651.0 1.3779171496369065
651.5 3.0431964866978185
652.0 1.1046734826415334
652.5 0.9702369167625042
653.0 0.467031433558706
653.5 1.1841118537372828
654.0 1.5365528660794316
654.5 0.6889407619698835
655.0 0.5801381254907121
655.5 1.1295185863733028
656.0 0.744354007842765
656.5 1.110973016748122
657.0 0.597309784073544
657.5 1.0417400525619722
658.0 0.685418683882397
658.5 0.4527093269562663
659.0 1.0594909963763453
659.5 0.9643379831533182
660.0 0.993169615607446
660.5 0.9142091817716931
661.0 0.6409592228178611
661.5 0.9658943391403652
662.0 0.776897121350578
662.5 1.0211254888630403
663.0 0.2717201017797267
663.5 0.9761138188031578
664.0 0.599890245472551
664.5 0.9074997547586839
665.0 0.9553309493071169
665.5 0.5600152242834602
666.0 0.9644351132398702
666.5 0.9004444956432998
667.0 0.8956060572841098
667.5 1.3168266692236907
668.0 0.7678018964086976
668.5 0.674918706823873
669.0 1.2031588241556004
669.5 0.7824044755485314
670.0 0.8030915814349221
670.5 1.1314035208674507
671.0 0.7846090340099336
671.5 2.041430495925219
672.0 1.1165617581477836
672.5 0.4447897935073989
673.0 1.48963498875238
673.5 1.6388615849540633
674.0 2.170316958840907
674.5 1.5984040728124211
675.0 1.4922652170549089
675.5 1.9997948229544467
676.0 0.9789516800222549
676.5 1.4614219758640836
677.0 1.8046498041123278
677.5 0.7409312817288496
678.0 1.088009228303147
678.5 1.7576705667587835
679.0 1.6773980812407188
679.5 2.3631939174303622
680.0 1.8627143753901216
680.5 1.21990750885115
681.0 2.281043332048621
681.5 0.2188716409245126
682.0 1.7602768754127114
682.5 2.3281866391738433
683.0 0.7680335453387881
683.5 0.5001004271554879
684.0 2.36957912303104
684.5 1.7465145664132242
685.0 1.6463358807110298
685.5 1.6243672408808116
686.0 2.4770209392764344
686.5 2.0070903547516026
687.0 1.1601531442253896
687.5 0.4563485513420322
688.0 1.0850444674174367
688.5 0.893180767666381
689.0 0.44311913708162937
689.5 0.9906859516894868
690.0 1.1911368578335086
690.5 0.7805992020072021
691.0 1.1843510688535814
691.5 1.0951594567863918
692.0 0.9049450733216747
692.5 1.1157238354320507
693.0 1.2083075419546587
693.5 1.1080291007351448
694.0 1.0890421510820603
694.5 0.9019576796558356
695.0 0.8973578654522905
695.5 0.5787369249637748
696.0 0.8685229950873141
696.5 0.828816427526512
697.0 1.02106591016241
697.5 1.0230646565636943
698.0 3.2759492076651258
698.5 0.46257088240368716
699.0 2.758907061536923
699.5 1.4229213180305573
700.0 1.1624572414245697
700.5 1.4596924751699785
701.0 1.860912032331231
701.5 2.7319652366858964
702.0 1.545102384193481
702.5 2.8992408707753006
703.0 2.216676673577828
703.5 2.2573546620538023
704.0 1.1935797073961103
704.5 2.097282558362808
705.0 2.1540258747634486
705.5 1.5271517357283
706.0 2.531040380880932
706.5 1.834991621221179
707.0 1.5942125115918615
707.5 1.1840660597616974
708.0 0.9977890252290582
708.5 2.112417768099224
709.0 1.3809948028420478
709.5 0.939878558255369
710.0 0.4447383596023077
710.5 1.1916161634941234
711.0 2.5276834029240334
711.5 1.378190508157568
712.0 1.5077723585056464
712.5 1.0269777585721542
713.0 1.2146216503696525
713.5 1.326164038157684
714.0 1.0293210787409992
714.5 1.4155929908205884
715.0 2.7461521684461
715.5 2.4777838767729525
716.0 2.4382612494247438
716.5 3.679810157521894
717.0 2.1996695179921844
717.5 2.4690450529930823
718.0 1.107300975210556
718.5 1.261669224800329
719.0 0.8453486920051101
719.5 1.354798413300005
720.0 0.854132703045289
720.5 1.3723357803416734
721.0 0.44291530777329446
721.5 1.2752919060254335
722.0 1.0489947249152685
722.5 0.2
723.0 1.272800730551846
723.5 1.4964993681536964
724.0 1.1955188087379698
724.5 1.5747153053595984
725.0 1.1378449556724342
725.5 0.20356389782334028
726.0 2.248798168497486
726.5 1.1647462641967965
727.0 2.5716394695528733
727.5 2.4975021022394714
728.0 1.911870657099644
728.5 0.8110623625176316
729.0 0.5715863919449056
729.5 0.26590919493531273
730.0 2.896259878143706
730.5 1.4217256230134279
731.0 2.6272224852689554
731.5 2.129885557129369
732.0 1.4094940311333175
732.5 3.6482798614561367
733.0 2.0072295744511077
733.5 1.7767971844724069
734.0 1.830213423779247
734.5 1.940053479123378
735.0 1.3564124126208204
735.5 1.3260351613793735
736.0 3.0283039890322287
736.5 0.9816273802968062
737.0 1.191237492763936
737.5 1.47687700712268
738.0 0.2
738.5 3.1136234101666287
739.0 1.6732745498970567
739.5 2.8992524571768064
740.0 2.6281249751816316
740.5 2.2279164331546855
741.0 2.1422514513734243
741.5 0.7400210561188025
742.0 1.0869557095026756
742.5 2.869061648499083
743.0 2.8877206872886605
743.5 1.8226540433803238
744.0 2.4392067994636446
744.5 0.9727228935711713
745.0 1.7341926962669203
745.5 1.5836739868086935
746.0 1.964087178775776
746.5 1.6953923162868458
747.0 1.3374013712010955
747.5 2.499269605732155
748.0 1.305982337440206
748.5 1.8300104048276056
749.0 3.3053300404095305
749.5 1.424765622882378
750.0 3.2759292697798186
750.5 1.3204345607462202
751.0 2.014514818008655
751.5 1.5201848523568708
752.0 0.8023536300056644
752.5 1.0768673809291005
753.0 1.9764808941380854
753.5 0.49147688297550385
754.0 1.099701707353121
754.5 2.7219932080631435
755.0 0.37871321977101613
755.5 1.3935777362841215
756.0 1.4998956631456242
756.5 1.7726507959245494
757.0 1.8252888388386292
757.5 1.776317550464995
758.0 1.3936953636736118
758.5 1.4315749888304246
759.0 1.3256608432426822
759.5 2.268909166811295
760.0 1.7118668152810328
760.5 3.0000590282325375
761.0 2.4644023994176405
761.5 1.7237304653629266
762.0 2.6676023524011003
762.5 2.344007107589957
763.0 2.667561029841968
763.5 1.6444779829856633
764.0 1.714535859801093
764.5 2.4754269216397438
765.0 1.9499819892376187
765.5 0.9364882896482676
766.0 1.147231788217048
766.5 2.001648713954632
767.0 1.434382701919533
767.5 1.7069738610898546
768.0 1.6591933494214381
768.5 1.6637944615521045
769.0 3.079007278249299
769.5 2.4840507573647437
770.0 3.8040371313864307
770.5 1.7462174478338042
771.0 1.6664298793991894
771.5 1.4978462473351415
772.0 0.8453099547531531
772.5 0.895465810887154
773.0 0.8403885371648365
773.5 0.7361081824201876
774.0 0.793908588464938
774.5 1.0069691813071384
775.0 1.3768468742461457
775.5 1.6276868236744702
776.0 1.5504800392696119
776.5 0.9359686401155047
777.0 1.3372495492853518
777.5 1.110684543153342
778.0 1.4486501318440101
778.5 0.9081496900244861
779.0 1.0843192517086528
779.5 1.5670466040863578
780.0 1.2641202739479267
780.5 1.34748376517971
781.0 1.4506268113297605
781.5 1.005563852366652
782.0 3.2673995697546094
782.5 2.445861933996846
783.0 1.6862691582405942
783.5 0.30297729071125423
784.0 2.153747169588846
784.5 1.7249360775567761
785.0 1.5229044566383427
785.5 1.0901820798221968
786.0 1.6467974082632448
786.5 1.5334239866216477
787.0 2.5105146959922235
787.5 2.2044991859026597
788.0 2.0257657972622374
788.5 1.8610153563468308
789.0 0.8494980490298929
789.5 1.6671419300788863
790.0 0.7557836702049028
790.5 3.8736491581643624
791.0 2.029535579774769
791.5 2.8478737489751125
792.0 0.43050812528673643
792.5 0.6828185098385309
793.0 1.6283873961038842
793.5 1.870881976466037
794.0 1.154404459498701
794.5 4.166393300758452
795.0 1.8866257457510551
795.5 1.0213539401225238
796.0 2.528364293679284
796.5 0.5766928401416804
797.0 2.9457328667604896
797.5 2.6789210498165708
798.0 1.914470028975298
798.5 1.2105923076904062
799.0 2.7265380358984843
799.5 2.469549396824891
800.0 0.9785168980859557
800.5 1.9159608470212834
801.0 0.6429326870258014
801.5 1.1544729898506358
802.0 1.0841997211801044
802.5 0.5767356728275965
803.0 1.1957520069131906
803.5 1.1129223130547103
804.0 0.6783950102552745
804.5 0.5903260699457838
805.0 0.6969864110605768
805.5 0.8332400988297095
806.0 0.8009612488927005
806.5 0.6591824851390797
807.0 0.5510705718827031
807.5 0.8158706459999463
808.0 1.0210172445848442
808.5 1.1376031331134646
809.0 0.6428134294566388
809.5 1.0919816593942824
810.0 0.6142115114589168
810.5 1.0672107033496352
811.0 0.7369575572618864
811.5 0.8200789694571189
812.0 0.8228153796952745
812.5 0.9774140480575487
813.0 1.288327890932142
813.5 1.1041473133820936
814.0 1.4605327920799756
814.5 1.7292718758094683
815.0 0.2
815.5 1.8747851444099752
816.0 0.31192809691194356
816.5 0.9879069667453473
817.0 0.6220280748667018
817.5 1.3545149019810225
818.0 2.6235479153895556
818.5 0.8668544052955296
819.0 2.027204952967259
819.5 1.0107117335711024
820.0 0.7933162036507089
820.5 2.82145921244639
821.0 1.5551721785972243
821.5 1.0361808288197862
822.0 0.9796996126214
822.5 0.6940379583068095
823.0 1.124351299571982
823.5 1.6114936626111827
824.0 1.323517384418957
824.5 1.6443947523173381
825.0 1.2755329155967565
825.5 1.5196939133197738
826.0 1.7020492628253994
826.5 1.0751331274529687
827.0 2.3319615787442753
827.5 1.4129785701193818
828.0 1.0199619270977183
828.5 1.5937675269060063
829.0 1.6244580759239824
829.5 1.174865529590274
830.0 2.1999905022808908
830.5 1.2578394424541284
831.0 1.6487089415302183
831.5 0.8705423935159735
832.0 1.889498508869314
832.5 1.5784527419285919
833.0 2.4127492331672737
833.5 1.6345725606139208
834.0 1.2943668766627794
834.5 1.5411898555472479
835.0 1.2619564146286473
835.5 1.2214104433671351
836.0 0.9347620244569399
836.5 1.190529431168172
837.0 2.038819285972645
837.5 1.6333016645877105
838.0 1.0307747121049493
838.5 1.2089378417146326
839.0 1.1974809506056898
839.5 0.9780415105546363
840.0 0.9543492235911372
840.5 0.6744156705290689
841.0 1.3111709337720647
841.5 1.3295269692487488
842.0 1.3204156341748874
842.5 1.1225487009116053
843.0 0.8657240864005308
843.5 1.5276057681478377
844.0 1.0387729675402881
844.5 1.2919789708338763
845.0 1.0590568973841643
845.5 0.7771711855926469
846.0 1.051850499145039
846.5 0.5802993016913808
847.0 1.0252091539731147
847.5 2.8737631290748453
848.0 1.8528473319403007
848.5 1.9895401627966298
849.0 1.5753582652169398
849.5 2.402423976304875
850.0 1.4623855547684008
850.5 0.6603560995830893
851.0 2.9535595560701027
851.5 0.8236337090511707
852.0 1.2730299069976438
852.5 2.555326749277421
853.0 1.2104519661548534
853.5 2.0551710176064835
854.0 0.7602982440900956
854.5 2.0245664405411974
855.0 1.4470799911770145
855.5 1.908860972481929
856.0 1.9224220214970227
856.5 2.472417811047179
857.0 1.3384069549321227
857.5 1.1010395061532199
858.0 0.2
858.5 1.347798569565826
859.0 0.7682789451359918
859.5 1.1009132595071027
860.0 0.9761494443602662
860.5 0.52951459005691
861.0 1.0697029407300496
861.5 1.0467111314700372
862.0 0.7868082807692138
862.5 0.795699675889043
863.0 2.1504636560088017
863.5 0.8821660205409521
864.0 1.5301498506627274
864.5 0.8058273174169384
865.0 1.8311814751848399
865.5 2.2809405356289956
866.0 2.108484177063107
866.5 0.2
867.0 1.8950352778338346
867.5 2.460750573128351
868.0 1.7463722620290716
868.5 3.1760756102965906
869.0 0.39303215837096506
869.5 1.7049995395479052
870.0 1.9228096753466848
870.5 2.4579723539286196
871.0 1.6596557144740194
871.5 3.0519627973186605
872.0 0.9481339308336041
872.5 1.3970101377847497
873.0 2.3331600766606284
873.5 1.6785727936229187
874.0 3.294996478266895
874.5 2.331356195678199
875.0 2.8184413319440207
875.5 3.2879529386668978
876.0 1.863142156194618
876.5 1.2113020147850204
877.0 2.1821519315113296
877.5 2.9445105008245465
878.0 0.2
878.5 0.9084622281542538
879.0 2.303274526318232
879.5 3.6267876068929263
880.0 2.1525480356803572
880.5 3.811840019234037
881.0 0.23088667176556288
881.5 3.3197924762322266
882.0 1.41482520027329
882.5 1.703344017564171
883.0 1.8610757415239632
883.5 0.2
884.0 1.4075765579421544
884.5 2.64388632840153
885.0 1.9441170633011442
885.5 2.5183675676128896
886.0 0.7863128806099617
886.5 1.9515934952481189
887.0 2.0368591046537032
887.5 1.480632179161905
888.0 2.2331918402911337
888.5 2.5037976089453853
889.0 2.1850286650481507
889.5 1.6157411557176213
890.0 2.141540546714457
890.5 2.0000621530142113
891.0 4.133084364273071
891.5 2.7343264494370287
892.0 1.3052229185401023
892.5 1.3680011911589138
893.0 3.0949565863556643
893.5 2.2367967345676245
894.0 2.33343097432169
894.5 2.110960181160733
895.0 2.444201514416226
895.5 0.651056928124575
896.0 1.4924447714074265
896.5 2.2866476580829973
897.0 2.2033078675542224
897.5 2.0643279432604786
898.0 1.0038940086718644
898.5 0.9767639483408785
899.0 2.383487824090583
899.5 1.1171755640743757
900.0 3.501328367315092
900.5 0.7330020759459657
901.0 0.8692683304999791
901.5 0.8949237761824669
902.0 0.8777949301193412
902.5 0.7550781487566744
903.0 0.9299392464472579
903.5 0.6769670705129602
904.0 1.0444774607225047
904.5 0.7750853498482597
905.0 0.988989345648984
905.5 1.4655760131710136
906.0 0.9431700977989783
906.5 0.6109486653627023
907.0 1.1831554076872206
907.5 0.7120572161506089
908.0 0.980005372427302
908.5 0.8575035091843023
909.0 0.3806734455833436
909.5 1.0897601996710353
910.0 0.7627905309144811
910.5 0.997693531955946
911.0 0.3374527752774663
911.5 0.9467013048030187
912.0 1.1894477185406451
912.5 1.3352126132479887
913.0 1.346344294313364
913.5 0.6485710283049251
914.0 1.397539989898843
914.5 1.0391881569557775
915.0 0.9042816093415339
915.5 1.1801757549076886
916.0 0.7693893744275103
916.5 0.7292744503973809
917.0 0.8669664795747625
917.5 1.099693993633439
918.0 1.0963928075079485
918.5 1.3048939719045851
919.0 0.9879629178154133
919.5 0.8796100798456559
920.0 0.979039149162276
920.5 0.7586766438701619
921.0 1.1230048057304645
921.5 0.9452197230383029
922.0 1.4491939211127525
922.5 0.9218108950499463
923.0 0.310976271390317
923.5 0.8196778508271346
924.0 0.7485422968209394
924.5 0.7587600195722576
925.0 0.8536856244775632
925.5 1.2589517148231435
926.0 1.435613875057883
926.5 0.9012075547704639
927.0 1.4275885543199704
927.5 0.6250740154394381
928.0 2.353570509837869
928.5 1.8990673065967831
929.0 1.862442003754277
929.5 1.8619776410215048
930.0 1.7303577352008699
930.5 1.0868623470199554
931.0 2.4107858965533184
931.5 2.1331557708983664
932.0 2.3013741206742724
932.5 0.8124306428401512
933.0 1.6362128386975017
933.5 0.2305760598210822
934.0 0.8375411886220598
934.5 1.013638490609532
935.0 2.408707998120109
935.5 2.0039626027444712
936.0 1.4777687640921067
936.5 1.7060681716836164
937.0 0.3802957566321189
937.5 1.743579556414783
938.0 1.0880069794252978
938.5 1.2767586551210777
939.0 0.8714961074586938
939.5 1.2120390646771324
940.0 1.199916034341819
940.5 2.192670481081631
941.0 0.8888152978191426
941.5 1.5919480626760851
942.0 2.1659237017463706
942.5 1.7291879293442198
943.0 0.4508973554324234
943.5 1.0635615693808882
944.0 2.0014067205023185
944.5 1.7439077839365336
945.0 1.114891404364985
945.5 0.5677542080712565
946.0 1.4961616777917959
946.5 0.7759616857367482
947.0 1.2836712639525247
947.5 1.1260621822599888
948.0 0.8436215420094348
948.5 1.0559563428951875
949.0 2.1502692320582337
949.5 1.4127440590105476
950.0 1.3295400464231464
950.5 1.9964891247800882
951.0 1.2348636596254552
951.5 1.0338196567171796
952.0 1.6779049269143171
952.5 0.6312357859660247
953.0 1.1306345033595298
953.5 1.0019665981868735
954.0 1.4464386272176586
954.5 1.4274885534191164
955.0 0.8593275024108098
955.5 2.456686660616496
956.0 2.1372715349873666
956.5 2.2166944376820914
957.0 2.7683870213193664
957.5 2.9151645293532584
958.0 0.28459729967812875
958.5 3.392727144714117
959.0 1.6938374943516523
959.5 1.1674456168380138
960.0 1.3920960858024858
960.5 0.2
961.0 0.9318228162563145
961.5 0.5715457561335897
962.0 0.8256398794338047
962.5 0.7613045192162341
963.0 0.5007465781849296
963.5 1.3291613737040526
964.0 0.7515443762507745
964.5 1.2380066812709076
965.0 0.7333424001906255
965.5 0.9934442310980277
966.0 0.8122851265557782
966.5 1.3480851643500378
967.0 1.3131771403416201
967.5 1.054849712820888
968.0 0.8670646122775221
968.5 1.2420945287016796
969.0 0.572978440682895
969.5 1.2086027347499013
970.0 0.8945698601640586
970.5 0.9562892509461146
971.0 0.7975991709535173
971.5 0.6616911567161392
972.0 0.8853862542691173
972.5 0.9044582426059962
973.0 1.2281215334009254
973.5 0.7183047865480822
974.0 2.017737125714323
974.5 2.321646480311885
975.0 2.2719540179594686
975.5 2.7438548104894114
976.0 3.4563116544015573
976.5 2.135966094429856
977.0 3.4268809153182214
977.5 2.682368375191538
978.0 0.44575249295692476
978.5 1.3932955953677255
979.0 3.7043383646361407
979.5 2.0556953532573066
980.0 2.5228004293487976
980.5 2.4772828944467986
981.0 1.2320334825860473
981.5 1.7289638263239624
982.0 1.2288657357022987
982.5 1.0570759560915053
983.0 0.9020720443038244
983.5 1.4058373429175082
984.0 0.9084209016251068
984.5 1.1093164049776962
985.0 0.6912201829177138
985.5 1.2277336545803086
986.0 1.150901589661016
986.5 1.256160446025656
987.0 1.5015050930724538
987.5 1.3709446201536633
988.0 1.9935893185537672
988.5 0.7803438529588833
989.0 1.0089133455947081
989.5 1.1088924109759077
990.0 0.7160037996164756
990.5 0.7452271825722963
991.0 1.8333680831568802
991.5 1.259022587384487
992.0 1.3688833614635685
992.5 0.7697928407068433
993.0 1.6984206709037641
993.5 1.7001562054752066
994.0 1.8075267331083895
994.5 1.7326856440404057
995.0 1.1671953321126614
995.5 0.992632170747376
996.0 0.43535043840811893
996.5 1.1207967428381995
997.0 0.4943691251730301
997.5 2.161538040909946
998.0 2.282264662884704
998.5 0.9807531550297726
999.0 1.104875363795021
999.5 1.154041587190783
1000.0 1.4587633876540003
1000.5 1.554659082664646
1001.0 0.2256135181725043
1001.5 1.591059581960212
1002.0 1.4623744096529683
1002.5 1.1656862826979033
1003.0 0.8420401327900844
1003.5 1.6965866971813437
1004.0 1.3346634443958978
1004.5 1.3778261966376673
1005.0 0.9176045467938052
1005.5 1.107466110626949
1006.0 1.3759567585178245
1006.5 0.5607291582514572
1007.0 0.31453511029524506
1007.5 0.8267779771501629
1008.0 0.9937480188353713
1008.5 0.8292217634476823
1009.0 0.3879302033146448
1009.5 1.381078052291274
1010.0 1.7466069552639145
1010.5 0.9048183204706852
1011.0 1.6783720596730325
1011.5 1.1733658186613563
1012.0 0.3745345687103977
1012.5 2.0134312329985606
1013.0 1.3415671433914604
1013.5 0.36581796457957705
1014.0 1.2972674851784278
1014.5 0.9823869758092283
1015.0 1.8652444263230035
1015.5 0.8317446415294917
1016.0 0.2
1016.5 0.7792165937953835
1017.0 1.5878266042098512
1017.5 1.1804287732961645
1018.0 0.2
1018.5 1.3807069907862348
1019.0 1.0701515179554582
1019.5 0.7326851737149337
1020.0 0.7991194927613444
1020.5 0.2351229765980427
1021.0 1.0183696857674238
1021.5 1.6679104476652185
1022.0 1.0881240548062627
1022.5 1.8949242428688038
1023.0 0.3071892879376217
1023.5 3.469240500135575
1024.0 3.854082345616436
1024.5 3.3898988262527716
1025.0 0.2
1025.5 2.161816845574057
1026.0 1.930091657846702
1026.5 3.0322716230312947
1027.0 3.303621088298611
1027.5 1.2332077093677887
1028.0 3.458124480610935
1028.5 2.597724031982561
1029.0 2.9340204076446037
1029.5 2.3418658808074158
1030.0 3.9445145243979227
1030.5 1.5387152291396649
1031.0 2.155679451215038
1031.5 1.1671744552006245
1032.0 5.585851244726253
1032.5 2.5937218978364998
1033.0 1.4039400543008438
1033.5 3.2373512028834
1034.0 3.189354563202374
1034.5 3.232877211721564
1035.0 1.6407665847952129
1035.5 0.2
1036.0 1.0420653693554047
1036.5 0.7667444016452167
1037.0 3.0142188084283763
1037.5 3.1013642592188475
1038.0 2.3415688504624517
1038.5 1.8385188123598495
1039.0 3.8185543944492233
1039.5 0.5347121107933073
1040.0 2.2131502875586158
1040.5 2.1288629814162605
1041.0 2.5193828639772997
1041.5 1.675328732220863
1042.0 2.253930956637471
1042.5 1.9954043605934633
1043.0 5.7491354747988614
1043.5 1.1581562450296206
1044.0 3.830037543325492
1044.5 3.158603215114516
1045.0 3.4728191327700584
1045.5 0.8572426236452093
1046.0 3.5959753021254897
1046.5 2.0318794195939396
1047.0 2.692121918170651
1047.5 2.5980615261469397
1048.0 4.64877861839174
1048.5 3.7604307023676125
1049.0 1.6087732286011398
1049.5 0.8655223613248684
1050.0 1.1856950711914145
1050.5 1.350351982115108
1051.0 2.149851679775696
1051.5 0.8895537107668214
1052.0 1.4844713400879594
1052.5 1.672371166509547
1053.0 0.5081649295486065
1053.5 0.7164106418273336
1054.0 0.25248528118640645
1054.5 0.8579345205849507
1055.0 2.060804841188657
1055.5 1.7608462670567442
1056.0 3.0211884038504286
1056.5 1.8780974219758744
1057.0 2.9123739029025653
1057.5 3.567024248534233
1058.0 0.46731348515665716
1058.5 1.516919595700121
1059.0 1.107197515839538
1059.5 0.7973688858002871
1060.0 0.9786695340450102
1060.5 1.1340497981395141
1061.0 1.5553100620611788
1061.5 1.282290730859537
1062.0 1.2781531564756516
1062.5 0.9234637014060602
1063.0 1.1640265200349726
1063.5 0.9877670244480311
1064.0 1.2046706550122628
1064.5 0.7317671175821515
1065.0 0.7537042814580521
1065.5 1.8033440634052678
1066.0 1.4937501987705089
1066.5 1.008593686540857
1067.0 1.3461017261365886
1067.5 1.4681114476190693
1068.0 1.0737506654627313
1068.5 2.362332390601471
1069.0 1.270330308744501
1069.5 1.7579038590583322
1070.0 1.9854080117134276
1070.5 1.9444881252756783
1071.0 0.976950626821652
1071.5 1.8405675082705044
1072.0 0.29412650219145764
1072.5 1.3453786290552676
1073.0 1.4761368863448467
1073.5 0.8006182267183637
1074.0 0.2
1074.5 1.497979980720915
1075.0 0.6310336773951907
1075.5 1.8580589958881408
1076.0 1.4869238377312186
1076.5 1.3764770542734754
1077.0 0.89550036402822
1077.5 0.3736691856520623
1078.0 0.6255074082819813
1078.5 0.8410693658045207
1079.0 1.4061865799839786
1079.5 1.3740858607063702
1080.0 2.083199673829174
1080.5 2.281594927438971
1081.0 1.5544394294684367
1081.5 0.4506862292131302
1082.0 1.953229074688444
1082.5 0.5295871688034567
1083.0 0.4345191894341004
1083.5 1.0161494768098616
1084.0 1.4628809635361602
1084.5 1.5415137114740451
1085.0 0.572107690691449
1085.5 1.9723397559433042
1086.0 1.5784146399286354
1086.5 1.2852698112025633
1087.0 1.3118169382342795
1087.5 1.3345075282485097
1088.0 2.142833594765093
1088.5 1.8065927401886839
1089.0 1.6626782432622274
1089.5 1.3293169033590175
1090.0 1.259267572473282
1090.5 0.7069114226093253
1091.0 1.4180214126977346
1091.5 1.928034178195882
1092.0 1.017908859954468
1092.5 1.2208390946197016
1093.0 0.7759268862156578
1093.5 1.2919550580389105
1094.0 0.9540421557879477
1094.5 0.965514483345627
1095.0 1.4334973587111155
1095.5 1.0959788170270264
1096.0 0.29672115134170163
1096.5 0.7144733731153242
1097.0 1.6747586031946375
1097.5 1.350934685748447
1098.0 1.474861106432201
1098.5 1.8800122340753826
1099.0 0.617445002783958
1099.5 1.295069576948273
1100.0 0.7497059620158957
1100.5 0.9252545704396933
1101.0 2.0255703875297826
1101.5 2.3307202448586604
1102.0 1.1976679325582054
1102.5 1.7387063998556713
1103.0 1.099779844020698
1103.5 1.1065780192394776
1104.0 1.67888248773031
1104.5 1.2470243326354202
1105.0 1.657759950502521
1105.5 0.6253048473834916
1106.0 1.6309827753906823
1106.5 1.1381063376196905
1107.0 1.0868592422476298
1107.5 1.2896204569259395
1108.0 1.1042877402642937
1108.5 1.564844015331947
1109.0 2.609433644280993
1109.5 0.6508604307046341
1110.0 1.5861833952602642
1110.5 1.3300871865174742
1111.0 0.2
1111.5 1.6751151389822494
1112.0 1.1448587573608742
1112.5 1.256068411353692
1113.0 0.5901325742319405
1113.5 1.6596689519635575
1114.0 1.5853265922802324
1114.5 1.12429937703323
1115.0 0.9939803015828759
1115.5 1.4722483461745046
1116.0 2.762088712573236
1116.5 1.657207175027477
1117.0 1.6660802231398084
1117.5 3.1928864300914217
1118.0 1.5279412399496966
1118.5 1.3381164101948146
1119.0 1.74023625798448
1119.5 1.9681361669584936
1120.0 2.366804678606611
1120.5 1.6379232614011845
1121.0 0.9311454610577762
1121.5 1.8587069079838712
1122.0 0.5272310429578482
1122.5 1.2845840481214967
1123.0 0.8558407249003088
1123.5 1.8239615387541905
1124.0 2.5586309859407383
1124.5 3.206878667127372
1125.0 1.6343281537618117
1125.5 0.5978149606859915
1126.0 1.233852417895867
1126.5 0.8415249018328264
1127.0 1.8818408828979694
1127.5 2.034827331908133
1128.0 1.05006186060627
1128.5 1.3807218071686966
1129.0 2.810926899039095
1129.5 1.655285289526498
1130.0 2.3171650373162076
1130.5 3.2346847956827554
1131.0 2.455448731592566
1131.5 2.387760213327332
1132.0 2.352649074450592
1132.5 1.9862171348219873
1133.0 2.4478358709340875
1133.5 0.8223495713967512
1134.0 2.2699319139787333
1134.5 0.5455685815773523
1135.0 1.4086394023167845
1135.5 1.9127893970955672
1136.0 1.6526325695177015
1136.5 2.472964969571712
1137.0 1.378799654180248
1137.5 0.8716304749658366
1138.0 1.4420880902875646
1138.5 2.4693533906712544
1139.0 2.065806183158908
1139.5 2.9337853765226463
1140.0 0.8700508214975533
1140.5 0.7683704109752684
1141.0 1.1128122129762166
1141.5 0.8566889194831215
1142.0 0.6697944029465126
1142.5 0.6239366581957329
1143.0 0.7955262612102152
1143.5 1.0060662382346195
1144.0 0.9501697328098172
1144.5 0.897781685528004
1145.0 0.33161877137566864
1145.5 1.202338668913175
1146.0 0.6056864045457654
1146.5 0.7667334169134797
1147.0 0.8100389593278927
1147.5 1.8899753157833945
1148.0 1.423227360993155
1148.5 1.6119753687529248
1149.0 1.2133852498231663
1149.5 1.8954976359254616
1150.0 2.0004191414945476
1150.5 1.6594687846763532
1151.0 1.0889992096243484
1151.5 1.5081348477711827
1152.0 1.7230216932867743
1152.5 2.866694507565369
1153.0 2.1282461694144876
1153.5 3.1285907104819053
1154.0 3.236701522068182
1154.5 2.7077174813581326
1155.0 3.9346067253810357
1155.5 3.3595519909318226
1156.0 3.150212804180401
1156.5 0.7060517116319858
1157.0 1.4849396818661336
1157.5 2.181702216462063
1158.0 2.2277336481238175
1158.5 1.0614220047417278
1159.0 1.036481835065978
1159.5 2.1687192720694854
1160.0 2.9105745821024467
1160.5 1.0849636033440002
1161.0 0.9555137281002639
1161.5 2.120256655130749
1162.0 0.4607547428132326
1162.5 1.4017756422110725
1163.0 0.6182216400030429
1163.5 4.058015188025244
1164.0 2.542937536331144
1164.5 2.2226403233769627
1165.0 3.194048584874137
1165.5 0.20248900314994422
1166.0 1.4094678845301878
1166.5 3.343993684799897
1167.0 0.2
1167.5 1.9372825935731668
1168.0 0.8202959908156437
1168.5 2.1448332245912596
1169.0 1.5632062201221841
1169.5 2.5963210992988546
1170.0 0.8705991756251188
1170.5 1.4002425398062357
1171.0 1.4160252021969078
1171.5 1.8162975260379195
1172.0 1.7459800287368883
1172.5 0.8000225433260537
1173.0 2.1477578224038107
1173.5 2.28542793658327
1174.0 2.0693805228349604
1174.5 0.4526632530262218
1175.0 1.7266886862704438
1175.5 1.5170632249866602
1176.0 1.3495223133657763
1176.5 1.8470643258198163
1177.0 1.4454935056290492
1177.5 2.3537547096594365
1178.0 2.0955111674801903
1178.5 1.5712960923375485
1179.0 1.1080929900076295
1179.5 2.336177530550679
1180.0 1.175729901166034
1180.5 1.6424056272479646
1181.0 2.091126991056594
1181.5 0.9637178283690334
1182.0 1.299262183644252
1182.5 1.6320698714851383
1183.0 1.2928855904756265
1183.5 2.221597568179985
1184.0 1.0145666254978392
1184.5 1.6030982879130318
1185.0 3.140540414500534
1185.5 1.9525822173413363
1186.0 1.6066710773696258
1186.5 1.9402722729875692
1187.0 1.1401362506171004
1187.5 1.0320042198976314
1188.0 1.7065375215624703
1188.5 0.5850274320468538
1189.0 1.3679590045416055
1189.5 1.7319085033675494
1190.0 1.9439721479031788
1190.5 1.585681019867014
1191.0 1.2112284396652302
1191.5 2.0997769358383125
1192.0 2.016715805981226
1192.5 0.6444581235307362
1193.0 1.6444775213004637
1193.5 0.5144481289390084
1194.0 0.6806563868297896
1194.5 1.9962564614683058
1195.0 1.942840199567273
1195.5 2.2910000831210775
1196.0 1.4385347924776672
1196.5 1.0677522787090754
1197.0 1.8175752446479714
1197.5 1.9950302162123137
1198.0 1.3912497454846053
1198.5 1.7117425040634275
1199.0 1.2843664390398413
1199.5 0.8766866319804262
1200.0 1.7411304749095196
1200.5 2.0502067991810673
1201.0 1.7159042525129173
1201.5 1.0330819191808704
1202.0 0.47697315159330067
1202.5 0.8350998037077272
1203.0 0.9487373694941945
1203.5 1.103476694981774
1204.0 0.8892500357359109
1204.5 1.1733556756096197
1205.0 1.9055661289064343
1205.5 3.0111958409271833
1206.0 1.0784255340473585
1206.5 1.1414337468524454
1207.0 1.77533210559348
1207.5 0.9490905181503353
1208.0 1.4528617446226093
1208.5 0.2
1209.0 1.2081925563509244
1209.5 0.8170745096462042
1210.0 1.02778362264891
1210.5 1.456011005721858
1211.0 1.2682235285440502
1211.5 1.969021689429594
1212.0 1.8940491881514026
1212.5 1.2761696792759771
1213.0 0.5644521886403984
1213.5 0.2
1214.0 4.705376064245728
1214.5 3.386309243008654
1215.0 1.3686962778562761
1215.5 1.6995588903015313
1216.0 1.4198075471812013
1216.5 3.291524624167371
1217.0 3.7544799257059864
1217.5 4.188952982150782
1218.0 0.4960631470324792
1218.5 2.3242029828572326
1219.0 3.872367323393566
1219.5 0.9771868131122146
1220.0 2.222750168675119
1220.5 3.3342878522835893
1221.0 2.9656301491401003
1221.5 2.321619580969491
1222.0 3.7089669011156743
1222.5 2.59694007511599
1223.0 1.5295848826876761
1223.5 3.36717940502487
1224.0 3.203532296815592
1224.5 3.647894012939978
1225.0 0.35873616533970076
1225.5 1.837690652737681
1226.0 1.0417910932197927
1226.5 3.260006985370158
1227.0 1.6587677895719017
1227.5 3.477617178442528
1228.0 1.4581193877774878
1228.5 0.8386021828532118
1229.0 2.2178138329227552
1229.5 1.2960323989643512
1230.0 1.9094779449409263
1230.5 2.1590719976469215
1231.0 4.894399415834246
1231.5 3.102642561091459
1232.0 3.1508251754645995
1232.5 1.7689007941699386
1233.0 2.9101210859067947
1233.5 2.675924010958171
1234.0 2.477593770583381
1234.5 3.57936611688252
1235.0 0.7724133015969534
1235.5 1.581079778696782
1236.0 0.5677749812464574
1236.5 0.6490044595765048
1237.0 1.1787098425074882
1237.5 0.9175309654452842
1238.0 0.768969591901326
1238.5 0.8508670899498625
1239.0 1.219508903192315
1239.5 1.2365216321240833
1240.0 0.6988392650601081
1240.5 0.989460568325072
1241.0 0.972413498504608
1241.5 1.0355171760788622
1242.0 0.7412287106364631
1242.5 0.9567413891731583
1243.0 1.07319365709141
1243.5 0.6882860629316156
1244.0 0.41039212824220406
1244.5 0.9277786572383293
1245.0 1.1096620682352771
1245.5 0.5644893481637103
1246.0 0.7644048538870135
1246.5 0.9454805489556041
1247.0 1.0131000688653384
1247.5 1.114178312139063
1248.0 1.0938807979003542
1248.5 0.3672468774034514
1249.0 0.20592546397287925
1249.5 0.9283346366993162
1250.0 0.8708476689584072
1250.5 1.0331600689441482
1251.0 0.9328134695340299
1251.5 0.8396209379879287
1252.0 0.8612507463243821
1252.5 0.6743932686760655
1253.0 0.7772188116812629
1253.5 0.6305439011951046
1254.0 0.8743264685129587
1254.5 1.1420677822795793
1255.0 0.8944851883686856
1255.5 1.2094675326735171
1256.0 1.8029520824828695
1256.5 1.7936964266154614
1257.0 1.8186258020908288
1257.5 1.5716254855078735
1258.0 1.862168609854205
1258.5 2.403321058084895
1259.0 1.8108083940820656
1259.5 1.430002751268742
1260.0 1.4850331561189627
1260.5 3.44918398529786
1261.0 3.281433738398905
1261.5 3.353965715619201
1262.0 2.2585964212905005
1262.5 2.5315136725471237
1263.0 4.911152537214846
1263.5 4.4092966165335765
1264.0 1.6128669043199748
1264.5 2.0878168320392296
1265.0 1.2211040135990443
1265.5 0.9613324240415305
1266.0 0.27149020351422326
1266.5 1.0337691280107855
1267.0 1.1282049204107887
1267.5 1.2966332654210353
1268.0 0.9199180375399145
1268.5 1.17068927315729
1269.0 1.2682534746821292
1269.5 0.9884415956514156
1270.0 0.6838856667257388
1270.5 1.0270410749909806
1271.0 0.3652058147589803
1271.5 1.3132345354561588
1272.0 0.6984133963256136
1272.5 0.84092757650422
1273.0 1.2779912641935434
1273.5 0.9615013955673584
1274.0 0.6908025840364815
1274.5 0.9587190369296171
1275.0 1.7725462151926599
1275.5 0.8660576983789217
1276.0 0.7205124542741184
1276.5 0.7028022679267573
1277.0 1.452931875036558
1277.5 1.4668878965951537
1278.0 1.254673839536804
1278.5 1.1860248415343533
1279.0 1.073464241172751
1279.5 1.2807535950322164
1280.0 1.0373122522067941
1280.5 1.1898502550405814
1281.0 1.228941522949571
1281.5 1.214753274143161
1282.0 0.8400749745405018
1282.5 0.8424324918329642
1283.0 1.13606341606708
1283.5 0.2446848627553
1284.0 1.1077703892802344
1284.5 1.0430843326454151
1285.0 0.8499211012056358
1285.5 1.424049876799219
1286.0 1.0765253430892414
1286.5 0.6952537894994
1287.0 1.0296173363127576
1287.5 1.2823774702993245
1288.0 1.3453686998671397
1288.5 1.1477686700415581
1289.0 1.3854822771441282
1289.5 1.2999366425539147
1290.0 1.363701774401803
1290.5 1.1970740344475344
1291.0 1.2078645742487744
1291.5 0.8528253154416687
1292.0 1.2508168393645103
1292.5 0.4716885906813273
1293.0 1.0684720903155176
1293.5 1.049510632588676
1294.0 1.3219166367799817
1294.5 0.559127457045337
1295.0 0.7983498615996398
1295.5 1.2474288438007057
1296.0 1.135559428661189
1296.5 1.2792664764467663
1297.0 0.9964321132725997
1297.5 0.7151810335406884
1298.0 1.0740390869608738
1298.5 1.3842793855841011
1299.0 0.7907887402450168
1299.5 0.948633846698131
1300.0 1.319109978437703
1300.5 0.7702243564743824
1301.0 1.428819166572681
1301.5 1.1888856302622064
1302.0 0.8919856660497475
1302.5 0.463902632250483
1303.0 0.8393945516191887
1303.5 1.3454313402688776
1304.0 1.3102159801342825
1304.5 0.5791197990992758
1305.0 1.2633319103786906
1305.5 0.9324103751391372
1306.0 1.8739775034684827
1306.5 1.374701528571935
1307.0 0.8356387839719674
1307.5 1.3339264855971553
1308.0 1.411674756747061
1308.5 1.3129618123721545
1309.0 0.9602336705172336
1309.5 0.8021564407995507
1310.0 1.4548992920123955
1310.5 1.4703854650759984
1311.0 0.900158159538186
1311.5 1.9156327605381671
1312.0 1.047760036465728
1312.5 0.6888116501763188
1313.0 1.124413736479755
1313.5 0.6562084907159802
1314.0 1.0788143084174222
1314.5 0.43383030306108605
1315.0 1.244171002543853
1315.5 1.0555548788182478
1316.0 0.9805277330631275
1316.5 1.075464365339099
1317.0 0.7200422199998182
1317.5 1.3071402918020627
1318.0 1.132781324124874
1318.5 0.9214005813467688
1319.0 1.3366588393430168
1319.5 1.2894472651544675
1320.0 0.8728576557277172
1320.5 0.7411688880828219
1321.0 0.8178486383921162
1321.5 1.1333060940305155
1322.0 1.1146216290250202
1322.5 0.9236957435080597
1323.0 1.0149816781148981
1323.5 1.2271652823202268
1324.0 1.224710441039797
1324.5 0.5505772296218296
1325.0 1.3642007312001974
1325.5 1.7930470035191386
1326.0 0.4930764093000224
1326.5 1.4871589441333462
1327.0 0.5838528551413378
1327.5 1.3264351203019225
1328.0 1.141812531276563
1328.5 1.1029110944890166
1329.0 1.1404005857776376
1329.5 1.5404834703824157
1330.0 1.2294856891761503
1330.5 1.4825608229483522
1331.0 0.9508798998847213
1331.5 0.5914521742159922
1332.0 1.654841226504503
1332.5 1.2998621134519803
1333.0 1.2936565012946581
1333.5 0.5651162840790974
1334.0 1.738939286651068
1334.5 0.7304022004280433
1335.0 1.3167940641346068
1335.5 1.6255159766771494
1336.0 2.0108669757652855
1336.5 2.9630513593821006
1337.0 2.2260347700303322
1337.5 2.158060729406702
1338.0 1.317879280531119
1338.5 2.5824282963941214
1339.0 1.1964346928764038
1339.5 1.4304454989840667
1340.0 0.9763449498161626
1340.5 0.7251724483461516
1341.0 0.804954336152385
1341.5 0.838171997631954
1342.0 0.7058713091903659
1342.5 0.921913608005686
1343.0 0.8511247066649972
1343.5 1.325112662969829
1344.0 1.063823452975766
1344.5 0.7144605275302219
1345.0 0.6576144140067712
1345.5 1.173134363987887
1346.0 0.7571098797264681
1346.5 0.9048468900352357
1347.0 1.1162093740787058
1347.5 2.258981219838336
1348.0 1.4054397664470506
1348.5 2.6630711458203327
1349.0 1.1421186346909038
1349.5 1.126764733560816
1350.0 3.27971474016413
1350.5 2.902294315628237
1351.0 2.2711266568902873
1351.5 2.6087472390743276
1352.0 1.4153052920336857
1352.5 2.680269433015103
1353.0 4.409815536979836
1353.5 2.1241391279394937
1354.0 0.9045068530357183
1354.5 1.0763772968781917
1355.0 1.5889774799351075
1355.5 1.111520615708249
1356.0 2.7298758956187488
1356.5 1.8802560990612633
1357.0 0.2888619707804039
1357.5 1.4858248598687263
1358.0 1.4149175755820937
1358.5 2.5819099986413443
1359.0 2.442244315328883
1359.5 0.9117965288951444
1360.0 3.7204229213416813
1360.5 4.510044089417196
1361.0 4.338649513369969
1361.5 2.7915106937847627
1362.0 2.3369758503955733
1362.5 0.6608291065393828
1363.0 2.706888838576708
1363.5 2.3142079320199174
1364.0 1.0476696792009828
1364.5 0.2371725668047331
1365.0 2.546304372994273
1365.5 1.2283655713084884
1366.0 1.3140124006214804
1366.5 1.7841471364526018
1367.0 1.5808694079193149
1367.5 1.6180612416346167
1368.0 3.744761185647542
1368.5 1.9987696877349506
1369.0 3.4098718919547935
1369.5 1.4285825235423224
1370.0 1.3374814993049657
1370.5 1.1212474505355823
1371.0 1.1143395179074076
1371.5 0.3465282160811498
1372.0 0.725821120638182
1372.5 0.4692100530007526
1373.0 1.0138717572807903
1373.5 1.547894232877474
1374.0 1.3238145332545284
1374.5 0.5623369088464494
1375.0 1.9804558932139134
1375.5 1.608552792646564
1376.0 0.6449886569741308
1376.5 2.8968694402290778
1377.0 2.646249767690259
1377.5 2.776245979936837
1378.0 0.985945751700428
1378.5 1.9462556767783274
1379.0 1.8570875271754868
1379.5 2.2333727093842564
1380.0 3.503017999810485
1380.5 2.671810144371928
1381.0 0.7347017535971785
1381.5 2.8138608818643895
1382.0 3.6919875587061917
1382.5 2.9971388416909317
1383.0 0.7122735870677028
1383.5 2.019442546250609
1384.0 2.5802121664003175
1384.5 0.8275723071553182
1385.0 0.6676175108328555
1385.5 0.8056793993501272
1386.0 1.170509088825618
1386.5 0.9016612630868115
1387.0 3.1933180995785015
1387.5 2.122094626333431
1388.0 4.114115613713345
1388.5 1.0654207558220985
1389.0 0.7318048472205076
1389.5 2.2568153390031602
1390.0 3.8095195623920803
1390.5 1.7915926931209294
1391.0 3.2601549629709723
1391.5 3.652706903686746
1392.0 1.141288282900535
1392.5 1.5299797603898293
1393.0 1.9875508396144883
1393.5 5.04486040893388
1394.0 2.9635511410088577
1394.5 1.8596824928882103
1395.0 1.631244242150525
1395.5 3.155518685177383
1396.0 2.7163951592399362
1396.5 3.5529982855265967
1397.0 1.3998530047757758
1397.5 2.131601223306836
1398.0 2.404344319644933
1398.5 5.09620262756707
1399.0 1.7992973796803566
1399.5 1.7621816149146563
1400.0 4.674085997238177
1400.5 0.8232880534976432
1401.0 3.938090744453942
1401.5 3.903117013816794
1402.0 2.1511597989559204
1402.5 3.690855435681122
1403.0 2.8100100315889147
1403.5 3.453311980648407
1404.0 3.7698026132003237
1404.5 2.9987421153701868
1405.0 3.7954607582982574
1405.5 2.3720791452491543
1406.0 1.8709745513076759
1406.5 2.531535199080997
1407.0 3.8910239412753613
1407.5 2.587376242505496
1408.0 2.83502380255574
1408.5 3.8625302744216254
1409.0 4.495987409546359
1409.5 2.8372650815476903
1410.0 2.7646492014874418
1410.5 3.5109382531099413
1411.0 3.1592264342674863
1411.5 1.6445465167097957
1412.0 3.468177548993853
1412.5 1.7571391383785637
1413.0 3.3803028452510313
1413.5 0.2
1414.0 0.2
1414.5 3.8792156940890195
1415.0 1.9563918456185532
1415.5 3.8141514898808233
1416.0 1.439195030168155
1416.5 3.0708414182029333
1417.0 1.5584330633052481
1417.5 2.4678588076000794
1418.0 3.4723709237321914
1418.5 1.5265424263257437
1419.0 2.197613537781294
1419.5 3.96176425368066
1420.0 1.9823031613007678
1420.5 4.7432284635056625
1421.0 0.8277254274210333
1421.5 1.091876965272942
1422.0 0.2
1422.5 0.6302960267948914
1423.0 3.2320133817677315
1423.5 2.47757077871492
1424.0 3.1782625786233796
1424.5 2.143024641169175
1425.0 2.3610133206044583
1425.5 3.948378209555101
1426.0 3.434127665127826
1426.5 4.136088333425891
1427.0 3.206409572664022
1427.5 0.4224118158537775
1428.0 4.104986298289993
1428.5 2.128147830752295
1429.0 2.390127762842562
1429.5 1.6165139313102395
1430.0 3.959124972509561
1430.5 2.5234071429193055
1431.0 1.6479601453024024
1431.5 3.1769549561411963
1432.0 1.9600826397133586
1432.5 0.7869773818226464
1433.0 1.4860147817809082
1433.5 0.2
1434.0 1.8617391910740588
1434.5 2.622767204304685
1435.0 2.457500779368093
1435.5 1.5926118144014558
1436.0 3.129317663670527
1436.5 2.2698751821485987
1437.0 1.982208347491667
1437.5 1.6232978931106066
1438.0 0.23025243034392529
1438.5 3.655356127984195
1439.0 0.3486965651520768
