0 0.965237849764367
0.5 1.049897854389857
1.0 0.9212060661656195
1.5 0.9497434055477292
2.0 0.8398779647839277
2.5 0.7095985359648557
3.0 0.8876406947124634
3.5 1.277050195024842
4.0 1.9117495638938524
4.5 1.2192724398018142
5.0 0.5799942944018405
5.5 1.1495941541106398
6.0 0.5126840363776235
6.5 0.7796052482044716
7.0 1.6234211806032135
7.5 1.0621561529027388
8.0 0.6797154414936535
8.5 1.1674778103548071
9.0 1.5836096425084263
9.5 1.2973354438578901
10.0 0.8648130602179926
10.5 0.6785257254537118
11.0 1.0295903655170229
11.5 0.5778708272563866
12.0 1.9767606572193572
12.5 1.3954602816210777
13.0 1.4640888225435047
13.5 1.4704106772287397
14.0 1.2766881378930104
14.5 0.8869661504264048
15.0 1.022960477826111
15.5 0.34235598441625037
16.0 1.1018568627555663
16.5 0.9754316610952724
17.0 1.601935904403716
17.5 0.9802951082917094
18.0 0.7838177482506231
18.5 1.0108602610694795
19.0 1.334462887815589
19.5 0.6713734841218133
20.0 0.9387979152002048
20.5 1.363224070922074
21.0 0.5407290449104744
21.5 1.2587532133488812
22.0 0.906257316175544
22.5 0.7151208273800274
23.0 0.7465801543843786
23.5 1.0308245738572088
24.0 1.578994375852687
24.5 0.571125211292194
25.0 1.4034076172743786
25.5 1.8377777462204665
26.0 1.0065365849641628
26.5 1.3609233385050978
27.0 1.1340644591358544
27.5 1.0551435668241165
28.0 1.055276300586248
28.5 1.1285042067641688
29.0 1.1898362081792615
29.5 1.1071098646664517
30.0 1.2231454065131027
30.5 0.812100885126254
31.0 0.902796321666995
31.5 0.9602808900402036
32.0 0.834051387440498
32.5 1.6538051729880408
33.0 1.070184644830044
33.5 0.3597492289853006
34.0 0.5581591732445265
34.5 1.4066869718613153
35.0 0.935734593112986
35.5 0.7733561744110005
36.0 1.4960006659712775
36.5 1.3919886624261135
37.0 1.0812141673663764
37.5 0.5319982717412238
38.0 1.377055046239529
38.5 1.5249654296631134
39.0 1.236499646693486
39.5 0.7419686507389909
40.0 1.2340228358888474
40.5 1.0040738494283252
41.0 1.3576463728332178
41.5 1.0847869785709205
42.0 1.2123831738568003
42.5 0.8615010829267702
43.0 1.4762704767806236
43.5 1.0762487309993978
44.0 1.7687713960329576
44.5 1.0385185584620658
45.0 1.3622447722960884
45.5 1.5275067953274504
46.0 1.122266440075215
46.5 1.2485581005630555
47.0 1.40121415668896
47.5 0.9295160257010773
48.0 1.1829916032550578
48.5 0.9114124974837965
49.0 1.0455893753989907
49.5 1.327294749981889
50.0 0.9305321337236335
50.5 0.6704146412688263
51.0 1.0095320045739822
51.5 1.1383788607693655
52.0 0.3057663155291739
52.5 4.373500039462407
53.0 2.1171419969067133
53.5 3.4321078683925927
54.0 2.0191438500448915
54.5 1.5871138977935895
55.0 2.4082688166978494
55.5 3.1716550047682857
56.0 3.657759588907927
56.5 2.4900071698520305
57.0 1.5059636632117193
57.5 0.8448335792496146
58.0 0.9763171984070336
58.5 1.2292422275216093
59.0 1.6312329255276652
59.5 1.3274132183661744
60.0 1.0655383524694617
60.5 0.9364617193566817
61.0 2.118169875337889
61.5 1.204631930861129
62.0 2.0694783019064324
62.5 1.7565315278273195
63.0 1.8866425962952007
63.5 1.3085966355091987
64.0 0.9027127167527941
64.5 1.9186109404781748
65.0 1.0972867387831227
65.5 0.8343413368394674
66.0 1.2499143893595925
66.5 1.1042498423991807
67.0 2.1235746097466297
67.5 1.8521812663441655
68.0 0.9714051512399504
68.5 1.4723603872898208
69.0 1.2789720734878653
69.5 2.0269885838610535
70.0 0.7562377232077376
70.5 1.088695398393829
71.0 0.8350952001591909
71.5 1.2804735681829802
72.0 1.1668498622772527
72.5 0.7194929112071478
73.0 1.0878657921155497
73.5 1.054477698673142
74.0 0.7240943596981819
74.5 1.1735860096336226
75.0 0.8829883400216871
75.5 0.6902991505195459
76.0 0.654180339780807
76.5 0.6402778004025289
77.0 1.3104161780408026
77.5 4.789509053916983
78.0 2.914514786034742
78.5 1.9591575982431193
79.0 0.6068306189419155
79.5 2.3662356569447414
80.0 0.578012944122628
80.5 1.0663392221440506
81.0 0.6065615780879359
81.5 2.6117147323656305
82.0 2.3175699762146635
82.5 1.5175795611710998
83.0 4.358416335401586
83.5 3.3103600308402585
84.0 2.1561096048200943
84.5 3.3223733162115883
85.0 2.368993954610748
85.5 1.1945237889272624
86.0 4.0395118305490705
86.5 1.9043904568853005
87.0 2.26147064780295
87.5 2.4239400624250633
88.0 0.5559545079838575
88.5 1.836538648188759
89.0 3.1299187807239823
89.5 2.5745703597183796
90.0 3.574142124415461
90.5 1.6603541222088078
91.0 2.4157355961917437
91.5 1.0931672291877015
92.0 1.7837664175595354
92.5 2.175506669893992
93.0 2.0505235375267032
93.5 2.513705278482819
94.0 2.863286965089471
94.5 1.8678368451877108
95.0 1.404965848418979
95.5 1.7937978302115158
96.0 1.801823042980769
96.5 2.323004911474041
97.0 1.5864513338089745
97.5 1.4312019200151649
98.0 0.6607550719175314
98.5 1.6416935474557826
99.0 0.8715610744585556
99.5 0.2
100.0 1.1731908284161439
100.5 0.2
101.0 1.1444914903338679
101.5 3.4024129020500533
102.0 1.217049283023806
102.5 1.9541498752176731
103.0 2.8355536025444454
103.5 0.2
104.0 0.2
104.5 1.9297893641053812
105.0 1.8813974430298739
105.5 2.226529410379097
106.0 1.4009919586628061
106.5 2.2572102125067697
107.0 2.5209773421978636
107.5 2.99903447341136
108.0 1.6903262302039685
108.5 1.4911342220623536
109.0 0.8148379379242567
109.5 1.0847810017629018
110.0 3.5624650623301832
110.5 3.0927037608276073
111.0 1.9076813487782975
111.5 3.8704074706360174
112.0 1.1419657046619867
112.5 4.12530172545908
113.0 1.9340385018483142
113.5 2.093789591079213
114.0 2.200095160430206
114.5 0.43655116177300957
115.0 2.540824887435553
115.5 2.601992554701278
116.0 1.650031335781972
116.5 2.376007136952716
117.0 2.676866230421365
117.5 3.477808840195824
118.0 1.599373253750925
118.5 1.9162384435820459
119.0 2.5834778803875276
119.5 2.080507882952136
120.0 1.6508401152965604
120.5 2.5500753029886587
121.0 2.391390057607871
121.5 2.1630018079188775
122.0 1.6515343697566802
122.5 0.5156443378800779
123.0 0.996216383968525
123.5 0.7715349810573839
124.0 1.1500857367020223
124.5 1.0376048397929882
125.0 1.375562047180483
125.5 0.5592334828397149
126.0 1.3013236485057615
126.5 0.9827287300892852
127.0 0.9159729268323881
127.5 0.8579880719943331
128.0 1.213371199213088
128.5 1.2145617716896109
129.0 0.6772005583279224
129.5 1.1829725714299995
130.0 1.6800928068705603
130.5 0.6957617440599346
131.0 0.7923090873653514
131.5 1.4006753964589178
132.0 1.2871353347522567
132.5 0.8746930552401138
133.0 0.35998712761995744
133.5 1.439727563353975
134.0 0.9566622509700019
134.5 0.9379720060534442
135.0 1.3833378756351953
135.5 1.0488158263817788
136.0 1.3713092664274975
136.5 0.38206867287562596
137.0 2.0855227121912905
137.5 0.8544380905752438
138.0 3.1626868717606302
138.5 3.426036008475065
139.0 3.946174365884965
139.5 2.9055613761412493
140.0 4.698559024028345
140.5 1.4298332232845237
141.0 4.757806146333733
141.5 1.8558267392966377
142.0 1.9790030297080214
142.5 2.9490320562622454
143.0 2.4011489370882986
143.5 1.9472742260148292
144.0 2.608524233567357
144.5 2.5380077850252563
145.0 2.301810028858248
145.5 1.8199800018013215
146.0 1.9849771056189902
146.5 2.4643251621368174
147.0 2.9071990165630544
147.5 1.5403040589980814
148.0 2.9687487655561275
148.5 3.372505463942603
149.0 1.8239509605201192
149.5 3.309638159857126
150.0 3.165650140100356
150.5 2.2862824085991793
151.0 2.628109325496963
151.5 2.5467660552367213
152.0 1.6830480287587966
152.5 2.489256444434983
153.0 1.8468488626393085
153.5 2.0484187234108076
154.0 2.9071129124008186
154.5 1.1316202531662913
155.0 2.0009811864430143
155.5 3.165515550056858
156.0 0.6497583669533002
156.5 3.9984974822526387
157.0 1.7659449075625502
157.5 3.3698002669856764
158.0 1.5020957712558491
158.5 0.8014091632878637
159.0 1.6258936954408294
159.5 2.21723911268022
160.0 1.5532220786314765
160.5 0.6891334999292149
161.0 1.0416646882534797
161.5 1.3708109368865053
162.0 1.3063752170013976
162.5 0.45911589539411934
163.0 1.7764353995073188
163.5 0.2650483841851614
164.0 1.6363289034370387
164.5 1.1411444028701765
165.0 2.073985367513675
165.5 1.0725148441014323
166.0 1.470919866239392
166.5 0.6137873944871443
167.0 1.6409407401079505
167.5 1.9829145809541509
168.0 1.1245602351346422
168.5 1.2560214333614568
169.0 0.8638277305036802
169.5 1.6779760929658665
170.0 1.3116569337359367
170.5 1.8084310166277762
171.0 1.4770964146187942
171.5 2.25254804347858
172.0 1.698472419869433
172.5 1.989723900953394
173.0 1.2830580546145083
173.5 2.025617298195169
174.0 1.4585577947294694
174.5 1.5233463170514057
175.0 1.7984780514959144
175.5 2.073011759703345
176.0 1.1279722292961551
176.5 2.3253956908951845
177.0 0.695860233750853
177.5 0.2
178.0 1.2594897706776886
178.5 1.5707676504506198
179.0 1.6904600739662707
179.5 1.8773609222451535
180.0 1.9215825027151336
180.5 1.4173418558196167
181.0 2.1792410131251185
181.5 1.3786086351457487
182.0 1.9761519243425134
182.5 2.9456299071335943
183.0 1.706679920025921
183.5 0.27584666799002644
184.0 2.0543935677409624
184.5 2.3318607609081594
185.0 0.5263493329643969
185.5 3.3890538148907634
186.0 1.8477019072082737
186.5 0.8951486781869853
187.0 1.4522548611604975
187.5 2.263635508994075
188.0 2.1564642775848215
188.5 1.6315935163007742
189.0 2.9147033790590604
189.5 3.906605594823705
190.0 3.473321108531206
190.5 2.680918465652289
191.0 1.6692502672678682
191.5 2.0383611122407936
192.0 2.433265483518012
192.5 2.6058030083445702
193.0 1.9821397693708205
193.5 1.930396122503757
194.0 2.5299683260565953
194.5 3.6424525125709124
195.0 3.493586362762272
195.5 2.652130090374094
196.0 3.028246898714187
196.5 1.432449354505593
197.0 0.8508443696822778
197.5 1.0254523179693666
198.0 0.9449393291113001
198.5 1.0891232472823704
199.0 1.3177234609342776
199.5 1.8604023895316124
200.0 1.8302995939643916
200.5 3.125638604652665
201.0 1.5402560634790865
201.5 0.7051933909295183
202.0 1.2386578224843907
202.5 0.5447452018628776
203.0 1.5504115186354261
203.5 0.7744155001304379
204.0 1.3489434649933973
204.5 1.1004446326847501
205.0 0.9456238393363081
205.5 1.2831756385252109
206.0 1.9615380552010007
206.5 0.7860956415516973
207.0 1.2312501679064765
207.5 0.7683925624739729
208.0 0.926299352108947
208.5 1.648667369198797
209.0 1.5112527864761898
209.5 0.9513106817812318
210.0 1.4115644016117028
210.5 1.658061174996626
211.0 0.8640749348325804
211.5 1.3310759042977163
212.0 1.2736449236336473
212.5 1.7465976899975462
213.0 0.9303270448381015
213.5 1.030485902068716
214.0 0.7308529182481557
214.5 1.1680291391043838
215.0 0.9523060165089847
215.5 1.121218386185077
216.0 1.049214041850415
216.5 0.5083775730768464
217.0 0.7479810475736386
217.5 1.1502188052014184
218.0 1.183152656684391
218.5 1.474783644281837
219.0 1.5639510757136104
219.5 1.7650978320303667
220.0 0.37813843745786957
220.5 0.586611401071945
221.0 1.4381992468037221
221.5 0.8810338491016202
222.0 1.739295727514826
222.5 1.1359033875052367
223.0 1.2178784438871855
223.5 1.629208056074857
224.0 1.4144631534878649
224.5 1.4940909033427117
225.0 1.2480928715707271
225.5 0.7522765886763485
226.0 2.040680086385569
226.5 1.978574541342419
227.0 0.707419073323811
227.5 1.8179117627695942
228.0 2.12720063848743
228.5 1.2714495460477366
229.0 0.9505181748820756
229.5 1.1283528490140204
230.0 0.45856312066548544
230.5 2.7594851380060414
231.0 2.46832859477586
231.5 1.4874311174926187
232.0 1.0576294204011654
232.5 2.4168323126568225
233.0 2.9282906592803357
233.5 1.239254336955387
234.0 0.6015855728756421
234.5 1.6943210883368771
235.0 2.064264697599468
235.5 1.6943853074225281
236.0 2.0040119977598922
236.5 0.870095092653224
237.0 3.149589133809483
237.5 2.350374564826629
238.0 0.5888784776786535
238.5 1.9893425902252413
239.0 0.43424234778968174
239.5 1.8340869932806294
240.0 0.23210870220394053
240.5 1.8588624543068033
241.0 1.639422908664388
241.5 0.45720991363649
242.0 1.9572797825334767
242.5 0.5182121215703468
243.0 1.702262133903678
243.5 0.9971603823519679
244.0 2.4347978092098614
244.5 0.5017518931639857
245.0 2.4271189650081606
245.5 0.900210407457134
246.0 2.2307239082532213
246.5 3.3336630940299354
247.0 1.022859492426817
247.5 1.8674649339350207
248.0 2.0576823813750202
248.5 2.1576257357781685
249.0 2.271927024108124
249.5 1.3312712537368014
250.0 1.7877592983960222
250.5 0.5352157760687568
251.0 0.9109084316756141
251.5 2.1961343538128983
252.0 1.4279099099296038
252.5 3.7139435214685643
253.0 3.4381922877974618
253.5 1.7624230238508316
254.0 0.2
254.5 1.035336608250737
255.0 2.034866013839318
255.5 1.5888508959409715
256.0 0.2
256.5 3.142079655639346
257.0 0.7995936944150677
257.5 1.7812825880555776
258.0 2.533184989295348
258.5 1.2974694194695262
259.0 0.5200015642105185
259.5 0.7721038039064401
260.0 2.5058019745823423
260.5 1.656049500328043
261.0 1.8398742619362927
261.5 2.285996840340922
262.0 1.3926208728982141
262.5 1.8148399739287762
263.0 1.601834472066626
263.5 1.2761490457091913
264.0 0.9132424705201371
264.5 1.6224551811186985
265.0 0.9303021654593209
265.5 1.7647276052626266
266.0 0.7061299182000723
266.5 1.2777681695819463
267.0 1.3894228915480793
267.5 1.250974291040123
268.0 1.9773512388637373
268.5 1.3899139553722284
269.0 1.626877053421952
269.5 0.30607123210751774
270.0 1.508721047532842
270.5 1.1034191656421082
271.0 1.800789340779172
271.5 1.1061601243090409
272.0 1.7581498222135672
272.5 0.8769188883012953
273.0 1.483221743344349
273.5 0.8505138132624925
274.0 0.5941974372580762
274.5 1.5672509214340595
275.0 1.1635300107927757
275.5 1.8437887504924686
276.0 1.2726850071202702
276.5 1.9457657316804176
277.0 0.863168440968461
277.5 0.7940383173213367
278.0 1.8400440514884155
278.5 1.4170828916931626
279.0 1.7416891856834957
279.5 1.7842287915022903
280.0 1.0173586392399008
280.5 0.9553295089606668
281.0 1.7514603937060893
281.5 0.6983846816754965
282.0 1.102313548175435
282.5 1.8065655239637592
283.0 0.762679942978884
283.5 1.3614166193697312
284.0 1.6245305226063758
284.5 1.6080914086646634
285.0 1.7604989189027478
285.5 0.7497398038342621
286.0 0.9571886216632004
286.5 1.0177015954685595
287.0 1.3410106832554622
287.5 1.192819178444752
288.0 1.7917616600125292
288.5 1.155025406500112
289.0 1.0822502491893635
289.5 0.7339124457077545
290.0 0.7851755928586643
290.5 0.9018084649913861
291.0 0.720940590979199
291.5 1.8515339537769855
292.0 1.1512718245027969
292.5 1.3060963681357902
293.0 2.04579247097006
293.5 1.7322262379367641
294.0 1.7223918615478295
294.5 1.1063363504215498
295.0 1.0662309385989808
295.5 1.1251420802890286
296.0 0.7488987133711782
296.5 1.5573310358427004
297.0 1.3750950867846496
297.5 1.8312773374946303
298.0 2.0417896584318047
298.5 1.0223271709494859
299.0 2.649400492073991
299.5 1.5718949904785957
300.0 2.444245794135963
300.5 2.0657872074701897
301.0 3.052885262095031
301.5 0.775393594587168
302.0 2.161539383787271
302.5 1.3975231052398065
303.0 3.688047377175557
303.5 4.263971318895295
304.0 2.0133447901531314
304.5 4.328419751338845
305.0 0.365603272672159
305.5 2.882603458559339
306.0 0.2
306.5 0.8816335284767567
307.0 0.8610537035800241
307.5 2.880651982667022
308.0 1.7280824193847555
308.5 2.722099881819987
309.0 2.1119015969022907
309.5 2.6491394998133893
310.0 1.0417133691055698
310.5 4.634007346614839
311.0 1.0705110445516561
311.5 1.0207531692049652
312.0 0.9955561757867017
312.5 1.0314834195287061
313.0 0.45802557886188167
313.5 0.5995585393017115
314.0 0.8331315517043919
314.5 1.059308452673482
315.0 1.1888768301608832
315.5 0.8268362802710321
316.0 1.0941723252106597
316.5 1.1029108537191794
317.0 1.0301742363124644
317.5 0.6855787582037399
318.0 1.4502772588888901
318.5 0.9105770073918402
319.0 1.072426317664803
319.5 0.9473825969547961
320.0 1.062175171296528
320.5 0.8777126887449462
321.0 0.7512007344095877
321.5 1.0868713119231397
322.0 1.1213429666818673
322.5 0.7076080496888444
323.0 1.5304011010970515
323.5 1.7219756560118853
324.0 1.1339555051450367
324.5 2.1819845777491316
325.0 2.685748405431837
325.5 2.766236653706839
326.0 1.9610588366480872
326.5 2.2495042702893864
327.0 1.8127743860756458
327.5 2.4462401885351257
328.0 1.2941481376413937
328.5 0.8587404050292908
329.0 2.8221377898628113
329.5 0.8302953356360561
330.0 1.3810162826429502
330.5 1.5201348705304532
331.0 3.5412210334815257
331.5 1.4242756736299806
332.0 1.4645588256439637
332.5 0.4132391577011949
333.0 1.8969118406005987
333.5 1.9306061264076262
334.0 2.5611457912746745
334.5 2.364307730108572
335.0 2.94909016196434
335.5 2.1692093228487037
336.0 2.4930253169201135
336.5 1.6135615330241557
337.0 2.6061719447604954
337.5 3.0083540257193087
338.0 3.061576622082381
338.5 1.4868725440876702
339.0 1.8138155773455087
339.5 2.0601873031913387
340.0 0.6366116876809393
340.5 1.8086506369350106
341.0 1.6905636926481555
341.5 2.8838117958551113
342.0 1.3491619781962974
342.5 3.0521665250414243
343.0 3.1054563026099498
343.5 3.219387385654845
344.0 2.5028136477560716
344.5 0.645001910204549
345.0 1.7855852676737416
345.5 3.03836937082222
346.0 1.628357226208106
346.5 1.6539185309176516
347.0 0.8068488771228564
347.5 1.4749680591923302
348.0 1.4602576960023947
348.5 1.1852381849228775
349.0 1.5903240623698445
349.5 3.4092135822706573
350.0 1.9038382964009912
350.5 1.430731026012931
351.0 3.5682701846675147
351.5 1.4030370366093219
352.0 1.098355295960352
352.5 2.893492453611068
353.0 0.6417000312511429
353.5 2.1544922588887223
354.0 1.663781999720774
354.5 2.5339954295016014
355.0 2.175706838127314
355.5 1.1916032097445333
356.0 1.1118255706282865
356.5 1.3930438742716127
357.0 0.6678692858733803
357.5 3.040153035387188
358.0 2.894035257636813
358.5 1.429468533143832
359.0 2.04834349179212
359.5 2.8313158753175114
360.0 0.9702603477562121
360.5 2.8967993405093027
361.0 0.3101349558774329
361.5 1.935742364907428
362.0 2.9567880203791486
362.5 3.145098623784955
363.0 2.193135347687867
363.5 1.7060543265601633
364.0 1.2491205875238944
364.5 1.0140691118109468
365.0 1.772247991336842
365.5 2.1149378060601123
366.0 1.0608395623185949
366.5 1.1359573393359867
367.0 1.534020111818317
367.5 1.913496861327009
368.0 4.2927779057385145
368.5 0.2
369.0 3.502978269482845
369.5 1.7398149490405266
370.0 1.3575794887286647
370.5 1.2579181354865012
371.0 1.04365685504569
371.5 0.6398883278419848
372.0 0.2
372.5 1.7546302206060735
373.0 0.7795788316336452
373.5 0.7412489944659933
374.0 1.0141132649226043
374.5 0.944927201207997
375.0 1.2470834542597484
375.5 1.199719752929846
376.0 1.0746772346389075
376.5 1.7219509297432443
377.0 0.40187693007712133
377.5 1.0459787619192529
378.0 1.17990304211247
378.5 0.8106899765325295
379.0 0.9899832861538014
379.5 0.7178962575574882
380.0 0.6466618799431805
380.5 0.8360840211940048
381.0 1.5607690395700529
381.5 0.9239592957074898
382.0 1.8310090111135802
382.5 0.7151672092000014
383.0 1.295310378911593
383.5 1.353396542461676
384.0 1.313559171731716
384.5 0.8692890998096572
385.0 0.8345044023665713
385.5 1.0329489260455569
386.0 1.1903043260684005
386.5 0.7754926340202946
387.0 1.1807137102377285
387.5 0.5598043088283695
388.0 2.062963655090076
388.5 1.0467831180596245
389.0 1.561059007920404
389.5 2.02569538940872
390.0 1.2477073661587272
390.5 2.0464341196221243
391.0 1.0310849145180943
391.5 1.3913014005542432
392.0 1.4172331814823407
392.5 1.7348661114849073
393.0 1.2971110058947686
393.5 3.086344186310827
394.0 2.542507104539994
394.5 2.9544481459089997
395.0 3.627759481128113
395.5 2.5281800387965006
396.0 2.513272238517648
396.5 2.092502474083858
397.0 2.5279390554131753
397.5 3.3891827716837604
398.0 2.1811734402609106
398.5 2.8274195457992937
399.0 1.491894775418088
399.5 4.2166691942197945
400.0 1.7965686109528787
400.5 1.0958445608219307
401.0 2.65695624165029
401.5 1.9638102278775516
402.0 3.075485077477912
402.5 1.9938215318764765
403.0 2.7752701598650154
403.5 1.8656111389982386
404.0 2.850553275324752
404.5 3.2947933030177867
405.0 1.011178471693938
405.5 2.4904328938649503
406.0 3.1653472471546253
406.5 2.9298473066029644
407.0 0.7042513340686989
407.5 2.21889996659868
408.0 4.794494464083057
408.5 1.311070847283843
409.0 0.9680080935997275
409.5 1.471976738289686
410.0 2.8647208732269447
410.5 2.009925074072459
411.0 2.924393775280884
411.5 3.052050322915451
412.0 1.815575086984952
412.5 2.7883676223088774
413.0 2.9025052347086797
413.5 4.41739265751153
414.0 2.219382635115443
414.5 2.5451228599436684
415.0 1.6621930083133745
415.5 1.4930945622882792
416.0 1.2537771466013745
416.5 1.7401223548815978
417.0 2.95494964643969
417.5 3.3281868829538546
418.0 2.1631308129046736
418.5 2.5772030326925477
419.0 1.4097552486531026
419.5 2.9790587213054747
420.0 4.251239615255218
420.5 1.1157952492276604
421.0 1.0508525409453031
421.5 1.6014848165565447
422.0 1.0527935805666164
422.5 1.6461283614947946
423.0 1.5360633091372482
423.5 0.9499935314477149
424.0 1.3267639156553577
424.5 1.6901187376777662
425.0 0.5821357451619971
425.5 1.1495003991000834
426.0 0.47671266163626835
426.5 1.164885668791316
427.0 0.7481487072137192
427.5 1.0234761842101754
428.0 1.1616236588713864
428.5 1.037452171430193
429.0 0.5257669756876109
429.5 1.4102073115641511
430.0 0.8234788248884546
430.5 1.231938289906478
431.0 0.31065171819321513
431.5 0.6857065586260734
432.0 0.8241953117775501
432.5 0.475959334850956
433.0 1.9493439640014674
433.5 1.31974425488623
434.0 1.3774457087258145
434.5 0.940209056890901
435.0 3.131863630823795
435.5 3.8924394008965324
436.0 0.4855370962833432
436.5 2.0739335375832315
437.0 1.7348502320227692
437.5 0.6433650390496708
438.0 1.2803776834981564
438.5 1.2317632421265754
439.0 1.3866673384490773
439.5 1.350539985171813
440.0 1.1398654405088968
440.5 0.3250486397820104
441.0 1.4741935848564407
441.5 1.3857242809614678
442.0 0.9297327356189753
442.5 0.3802161451044304
443.0 0.565711506969228
443.5 0.7686253224176587
444.0 0.5594265588971754
444.5 0.7859249058979341
445.0 0.753621548875482
445.5 0.6930737411340824
446.0 0.5321537885422056
446.5 0.7151583637531
447.0 0.8220665476072442
447.5 0.7011045939424521
448.0 0.6014277929754694
448.5 0.9270191389484406
449.0 0.6915227363055343
449.5 0.9417047175343787
450.0 0.8363408099755225
450.5 0.6236026625720545
451.0 0.7545714606267373
451.5 0.7164515145623584
452.0 0.7142524562615682
452.5 0.8883697002037343
453.0 0.8513292105982433
453.5 0.6889672341310655
454.0 0.572107905282804
454.5 0.7670759371064912
455.0 0.6045625524416474
455.5 0.5255224444013873
456.0 0.6566821605468822
456.5 3.0706806120373984
457.0 1.8661232408927677
457.5 2.505193125855792
458.0 1.9734754130581171
458.5 1.053891328601015
459.0 1.4622313812015793
459.5 2.526884431932945
460.0 0.7187534611333977
460.5 1.1187503390820752
461.0 2.1723356145868027
461.5 1.0329006127379294
462.0 0.6674879313233946
462.5 0.543718316379897
463.0 1.3251407854464905
463.5 1.0453315381689876
464.0 1.002853355293681
464.5 1.0121679747600263
465.0 0.8134586067994798
465.5 0.5328531944824401
466.0 1.061400120647874
466.5 0.5825726996958103
467.0 0.730890845482413
467.5 1.8083752564303124
468.0 2.120009147303444
468.5 1.8131782173562243
469.0 1.2869310809737269
469.5 2.6488466983640575
470.0 1.96068062975135
470.5 0.9324329244315638
471.0 2.8943959438587465
471.5 3.0573011818093265
472.0 1.6040590455607329
472.5 2.831558770429869
473.0 4.304957067719023
473.5 1.673610843689643
474.0 1.5659922209788482
474.5 1.5254310780407192
475.0 2.6757225894286814
475.5 2.351076293775666
476.0 0.8845223965668187
476.5 2.3514829601433997
477.0 3.0427729711139517
477.5 2.287001582185845
478.0 1.7950785376313962
478.5 2.46418789807733
479.0 1.243432733369368
479.5 1.13958716594815
480.0 2.010435356809273
480.5 2.3246975290143657
481.0 0.414535316003237
481.5 2.0379796032731097
482.0 3.6808025065152643
482.5 0.4492349012098067
483.0 3.053766160018406
483.5 2.9261188445369486
484.0 2.3070439617884144
484.5 2.184451200167019
485.0 3.278849779656973
485.5 2.7754321120737293
486.0 2.2552255957909484
486.5 4.924832683946834
487.0 1.8917955805898532
487.5 3.3523301724316417
488.0 0.3634933415208186
488.5 2.730386099596918
489.0 1.5339127374031087
489.5 1.5377315012894552
490.0 1.115390926301028
490.5 0.2
491.0 2.6678688042275183
491.5 2.256094343777463
492.0 2.3423025298371787
492.5 1.733276661374404
493.0 1.897293638407965
493.5 0.5727140371327606
494.0 3.522996324326001
494.5 3.3897391490357807
495.0 2.0103566783493347
495.5 2.6678035464917262
496.0 2.31913611250252
496.5 0.7410904372328926
497.0 4.480394305348276
497.5 2.7100068423575197
498.0 2.6793385144366613
498.5 2.162495201306944
499.0 2.456926966020229
499.5 3.14395297378603
500.0 3.5402744321163695
500.5 0.7861998319556871
501.0 2.640562643281875
501.5 2.6497689719578994
502.0 1.7199904299314799
502.5 3.156519614693673
503.0 0.2
503.5 2.6596785504112006
504.0 4.566900343758888
504.5 2.8153379157426883
505.0 2.0119698152532512
505.5 2.006447942700512
506.0 2.4234465270415413
506.5 1.2463992775952348
507.0 2.0782944644331374
507.5 2.4087184891642304
508.0 3.0271053456544283
508.5 3.8651666286065245
509.0 0.7268006771238087
509.5 3.648108783949265
510.0 4.386007509159362
510.5 3.428094822608144
511.0 1.2902377527437014
511.5 1.386452932739055
512.0 0.6454278019760196
512.5 2.892555743335719
513.0 5.216846731337324
513.5 0.2
514.0 2.770723266716808
514.5 3.4221158613070104
515.0 1.861021413512057
515.5 2.7750459927728626
516.0 2.567168263032614
516.5 2.2560022632766006
517.0 1.9425561465475654
517.5 2.1850065931139984
518.0 2.341306067633165
518.5 1.6683419862832363
519.0 2.9169117202871804
519.5 3.3459835544286456
520.0 4.533157242881027
520.5 2.149264582327683
521.0 0.7448941528479811
521.5 3.9670024670464645
522.0 2.8204411082167544
522.5 2.0339449827097633
523.0 2.3286764689828927
523.5 1.8270384578523808
524.0 4.2552571076479815
524.5 0.6745355885634015
525.0 1.6317703019752714
525.5 1.5059709059428945
526.0 1.8624006785664486
526.5 1.8247831685303686
527.0 0.7355476649064632
527.5 1.406258672648614
528.0 1.2848863412195999
528.5 3.1312690746454024
529.0 1.4526470370144793
529.5 2.1483349837866674
530.0 1.4999598392794071
530.5 3.1936393331709954
531.0 1.9919600971760165
531.5 0.5111617134956599
532.0 2.056247780839597
532.5 1.085265754534741
533.0 0.5622583674329562
533.5 1.189424278659624
534.0 0.2
534.5 2.056833059359923
535.0 2.091429251650162
535.5 1.7787910638199014
536.0 2.028963950071483
536.5 1.608822147311988
537.0 1.3806552930751026
537.5 3.2186028571843917
538.0 1.4784774840906862
538.5 0.9649201927847358
539.0 1.6916365413869758
539.5 2.52875642767256
540.0 1.9241589500392178
540.5 1.2852820894031396
541.0 1.664892053090479
541.5 2.4808687743625644
542.0 1.4696159931482142
542.5 2.1591428311915717
543.0 1.4324085139769112
543.5 1.1766336178661276
544.0 1.9808756936513126
544.5 0.6057700940131161
545.0 2.2819268547028178
545.5 0.2
546.0 1.503781969159464
546.5 1.7007305846842238
547.0 1.6510619146200534
547.5 1.2745836663950025
548.0 2.337886842732413
548.5 1.4046319132817076
549.0 1.435963957056292
549.5 1.8459081184732384
550.0 1.600826404109951
550.5 0.4571343904473064
551.0 0.5867622875319699
551.5 0.9667649706257408
552.0 0.6065634502672098
552.5 1.5655705532160975
553.0 0.7915193342442228
553.5 1.6032216259265806
554.0 1.2513807609230503
554.5 1.310507298820195
555.0 0.5925498619020587
555.5 0.7082065584877695
556.0 1.0177117837625484
556.5 1.1843383974008945
557.0 1.6907045764595106
557.5 2.16313721252071
558.0 1.046646165940786
558.5 1.8241360747626112
559.0 1.9590914807290478
559.5 2.29927586021157
560.0 2.8800805099732676
560.5 1.9850993033298434
561.0 2.395238307409678
561.5 1.6046245552511218
562.0 1.235445496748652
562.5 2.50712977125397
563.0 0.2
563.5 2.3130258836315702
564.0 1.3894375990375643
564.5 1.452128348919977
565.0 3.0181856826891256
565.5 1.8312387580086398
566.0 1.6561115021839088
566.5 1.9746476714073453
567.0 3.1820523322218315
567.5 1.8842514157428947
568.0 2.7978989539099626
568.5 2.5250483152050904
569.0 1.7262989728475318
569.5 1.6137477333464487
570.0 2.5367206891477565
570.5 1.9880239631460102
571.0 2.1131894826613387
571.5 2.330030152898167
572.0 1.069167123907032
572.5 3.1949628708689177
573.0 2.693394222816438
573.5 1.5455340916654816
574.0 3.516725715580422
574.5 0.4832798556832989
575.0 3.076229453711274
575.5 2.043706129087845
576.0 4.121184447737084
576.5 0.2
577.0 3.069265260119038
577.5 1.7361713141037263
578.0 2.7098444152340697
578.5 3.863281523055459
579.0 2.0189190310004586
579.5 3.3467939715184496
580.0 2.789300317945914
580.5 3.0874997874759718
581.0 0.9705969004147927
581.5 1.2485036434869508
582.0 1.6805936482919086
582.5 2.820336852214489
583.0 2.674237016338243
583.5 1.8261751895843605
584.0 2.1276509194933024
584.5 3.452307587649858
585.0 2.310772548104534
585.5 1.0265610811244563
586.0 3.9921064847110506
586.5 2.196529446755676
587.0 2.073139368658395
587.5 1.4018933863231573
588.0 0.2
588.5 1.9907598606508352
589.0 3.110286497631148
589.5 3.543682966031642
590.0 3.317089715709285
590.5 1.2699325982831466
591.0 1.6054525545413505
591.5 3.6687924607211073
592.0 1.8529866619481454
592.5 2.243242900302789
593.0 3.6467708571577955
593.5 1.1434816123312375
594.0 3.476726481757156
594.5 2.523740651269517
595.0 2.1402337138318672
595.5 0.6240037038527171
596.0 1.2879782232611507
596.5 2.7619375439029232
597.0 1.98547837905598
597.5 2.832869363177486
598.0 1.4185540327103765
598.5 3.047580848874293
599.0 2.4901247887201254
599.5 1.1524633201697787
600.0 0.2
600.5 1.8634321209836084
601.0 2.85862242547189
601.5 2.1892159199381784
602.0 2.211656722490362
602.5 1.261482144499717
603.0 3.3467242883784722
603.5 2.235133807570396
604.0 4.539808420734756
604.5 4.57185222730534
605.0 1.6069227482619417
605.5 0.3643684427550187
606.0 2.8111709318700604
606.5 1.2259227773602335
607.0 2.7250760287719737
607.5 0.9624343639959061
608.0 0.9818507731912507
608.5 0.4324018758372926
609.0 0.5819915244448598
609.5 0.8912597843586048
610.0 0.8177952408608409
610.5 1.5563658997914707
611.0 0.7736713654813125
611.5 1.8150291597018002
612.0 1.596200931421488
612.5 1.5558879385052162
613.0 1.0591369052049737
613.5 1.0975223090100623
614.0 1.5729266441327856
614.5 0.9665490121643161
615.0 2.318924561884401
615.5 1.8463080101506968
616.0 1.089438381794086
616.5 1.636608554416668
617.0 2.4250863170683004
617.5 1.1290077669724594
618.0 1.2067201888268575
618.5 1.0229219282623176
619.0 2.182287923099432
619.5 1.0918572237314683
620.0 1.135302612930227
620.5 1.4299696105961406
621.0 1.1857088882916327
621.5 0.9443496984231482
622.0 1.586479482252183
622.5 1.3389941935947294
623.0 2.207808280336902
623.5 1.231205494462457
624.0 1.5107049319891406
624.5 0.6828260463278765
625.0 1.1412209419883221
625.5 1.4694391646975817
626.0 1.1928410028858827
626.5 1.0010392779272002
627.0 0.947648308605832
627.5 1.1466851887010288
628.0 1.2746205120372383
628.5 1.5577493195929124
629.0 0.7150567647702372
629.5 0.9458437261370927
630.0 0.8169138607842503
630.5 1.2118793264099856
631.0 1.1298688921496711
631.5 1.915290425252339
632.0 0.6199904783409984
632.5 1.8007634817826295
633.0 1.798535088738544
633.5 1.0772101479929161
634.0 1.5153614361332433
634.5 0.5535674175990313
635.0 1.195657550658527
635.5 0.7739295171745023
636.0 1.5284814916841423
636.5 1.701423286881758
637.0 1.6835250911503863
637.5 1.0588897547417155
638.0 1.5563741189355464
638.5 1.5634465748034754
639.0 1.0857172345702786
639.5 1.6887873088446475
640.0 1.6736271501064064
640.5 0.8772682693060176
641.0 1.4056113860661164
641.5 1.3140345621387142
642.0 1.8958339212126554
642.5 1.1572422634872515
643.0 1.511250009257325
643.5 1.6559478636982166
644.0 1.890311057923739
644.5 0.784550002082599
645.0 0.9368361690230359
645.5 1.5695534906070785
646.0 0.2128471002070691
646.5 1.525164844151667
647.0 1.6094491266974003
647.5 1.8321875003652555
648.0 0.9646781078500468
648.5 1.3076311768080275
649.0 1.4290599979571257
649.5 1.136818341158297
650.0 0.9860695590595591
650.5 1.1972425357942147
651.0 0.8652683556224352
651.5 2.0984272356582725
652.0 1.7423712094651373
652.5 0.689659414456927
653.0 1.5421810519260388
653.5 0.8074598053928632
654.0 1.901946633558826
654.5 1.0265540812972622
655.0 0.8116776949779678
655.5 0.5559997292967905
656.0 2.041312443741231
656.5 1.6531756568741809
657.0 0.8134460088815245
657.5 1.649734498862382
658.0 1.1407786224691696
658.5 1.749990526679331
659.0 1.3457179195898021
659.5 1.2683168223181742
660.0 1.0357415640135206
660.5 1.0047066342825377
661.0 1.1929556704380597
661.5 1.4027110112482308
662.0 1.0136117634905952
662.5 0.8369122966636842
663.0 1.1476667726590448
663.5 1.3077534810801268
664.0 1.3115058736935108
664.5 0.649820848554668
665.0 1.9012316003159038
665.5 0.8252728098458589
666.0 0.7789019080888067
666.5 0.9158624435379499
667.0 2.004338168749758
667.5 2.0989326345270305
668.0 1.9635368249011969
668.5 1.979299162051659
669.0 0.655617566633344
669.5 1.2160788745123616
670.0 1.32223270221428
670.5 0.9156545008320246
671.0 1.9369769543639306
671.5 2.773200086364846
672.0 0.9281164739702984
672.5 0.9672458020615017
673.0 0.6375165730791872
673.5 0.9523565705391405
674.0 0.5984715908601512
674.5 1.1953911989342423
675.0 1.0379714346893825
675.5 1.0988501815307532
676.0 1.5225130460200234
676.5 0.916976315160504
677.0 0.7876813361787922
677.5 1.0544100607647637
678.0 0.8431026215409148
678.5 0.7524844181059039
679.0 0.9914798436776792
679.5 0.8603586245819965
680.0 0.7647466178457546
680.5 0.673079514077376
681.0 0.757204613060671
681.5 0.7134017224541195
682.0 0.8222573930910693
682.5 0.6754172695723013
683.0 1.0879489994733829
683.5 1.0952794583555514
684.0 1.0320869601299587
684.5 1.1313176941591596
685.0 1.0638685838714759
685.5 0.7622549658371537
686.0 0.8959060080260095
686.5 1.0457525194008317
687.0 0.783302525302121
687.5 0.8575513686907961
688.0 0.5935405899367165
688.5 0.7674041039618017
689.0 1.1639881093215685
689.5 0.8656795403439661
690.0 0.6938524062940095
690.5 0.6489369633895066
691.0 0.8846815465336402
691.5 0.7299290951495845
692.0 1.4976087424443207
692.5 1.2150908012728254
693.0 0.549122434831018
693.5 0.9897717015540889
694.0 1.1610565746792672
694.5 0.4710100548750915
695.0 1.3386984572892677
695.5 0.680326868900398
696.0 0.7005448288209192
696.5 0.9901430410444254
697.0 0.6972575454435299
697.5 1.0845801976569225
698.0 0.933389327256905
698.5 0.8411423671810583
699.0 1.0623429338863364
699.5 0.6932412656545696
700.0 1.1551220632707966
700.5 0.6677875099057077
701.0 1.0557322959641353
701.5 0.6567800744910046
702.0 0.8947468601001033
702.5 0.7973306750000319
703.0 0.8494936679782804
703.5 0.6517773302148449
704.0 1.3106230116142892
704.5 0.9375099830085714
705.0 0.6042834164751489
705.5 0.9766553502948236
706.0 0.6310321222357314
706.5 0.7363688109009412
707.0 1.3431877289404834
707.5 0.9617089014029232
708.0 2.595617427742745
708.5 1.6315023066498766
709.0 1.0556369510717363
709.5 2.2504837972541685
710.0 1.973126504374441
710.5 1.133713450629613
711.0 2.126409845188793
711.5 0.6264911669252329
712.0 3.113010546976929
712.5 2.2640685977028454
713.0 2.613657401768956
713.5 1.7331975893167963
714.0 0.8550724478182807
714.5 2.3028303003298856
715.0 2.1192596603006564
715.5 2.1466993828891163
716.0 2.822919064969994
716.5 1.1891782060154883
717.0 1.2574214342794523
717.5 2.9177564023654066
718.0 1.937454507177654
718.5 2.6089375563330557
719.0 1.1152919503984529
719.5 1.0980620185212295
720.0 2.2922306750633954
720.5 2.5145538828774443
721.0 1.9181074041233264
721.5 1.613706595421967
722.0 2.341535456163769
722.5 1.4132844985360726
723.0 2.711592936237353
723.5 1.9605945577230923
724.0 0.2
724.5 1.2826650079055302
725.0 2.1290128210559436
725.5 1.331106561501966
726.0 1.1590317848524196
726.5 3.081991380724781
727.0 1.8780986477032444
727.5 1.039909350385794
728.0 0.48061271485241885
728.5 2.5298709744028436
729.0 3.1900035935559834
729.5 0.6955865051883263
730.0 2.6866733569216605
730.5 1.417653647851917
731.0 0.2
731.5 1.304692612737696
732.0 1.6817809893122502
732.5 1.1460874644668606
733.0 3.078393553672949
733.5 1.6097671674964287
734.0 3.1554438610306237
734.5 2.522820579999283
735.0 2.0059316328045966
735.5 2.0223296115535687
736.0 2.5331087788253637
736.5 1.2852521839880153
737.0 2.35425408912773
737.5 2.657545549976012
738.0 0.9520475493258307
738.5 1.1302303520632164
739.0 1.9159509662677447
739.5 0.9218354719268456
740.0 0.4545471666833256
740.5 1.9504638502247318
741.0 2.081143524455622
741.5 2.870500538457291
742.0 2.7307354119095155
742.5 1.9922464803856914
743.0 2.1705254149028894
743.5 1.4922857534746063
744.0 1.708746547632609
744.5 1.5752662521167506
745.0 1.6879964722319145
745.5 0.5287203555206665
746.0 2.668011379570757
746.5 2.2040887116893733
747.0 3.6756660119572926
747.5 2.857336533410527
748.0 2.3092994186657534
748.5 1.4241927789546447
749.0 3.2229604592314507
749.5 2.043202940158804
750.0 1.9643059553665758
750.5 2.6527942830223656
751.0 3.1144526715244387
751.5 1.7356200623872287
752.0 2.3745780598435746
752.5 0.2
753.0 2.224428980098768
753.5 2.3741504735229877
754.0 2.3740805491366217
754.5 1.8959834951915713
755.0 0.7255674079420926
755.5 2.26491493911326
756.0 2.5735909618441095
756.5 2.3880069713030503
757.0 2.144532604107477
757.5 1.474216001850672
758.0 1.0786959375530532
758.5 0.9811270954198766
759.0 0.5942934321413385
759.5 0.6709707558835064
760.0 1.5911036341934532
760.5 3.443276623724319
761.0 1.3845013278891
761.5 3.159390839708877
762.0 0.2
762.5 1.578962200608513
763.0 1.4350538860461233
763.5 1.4812437697850243
764.0 2.550832625805595
764.5 0.49133086694460304
765.0 2.7064978101826593
765.5 2.027286340666308
766.0 2.624353484666879
766.5 3.1366092376247634
767.0 1.7837151043066148
767.5 3.2910032737271786
768.0 3.843547519582673
768.5 2.4485473659150023
769.0 4.156974581622094
769.5 1.429351530150523
770.0 0.7497814024112743
770.5 2.4253069375295744
771.0 2.865481166164342
771.5 1.9367573873805892
772.0 1.7087583182438442
772.5 3.4838430820684363
773.0 1.6117691639688605
773.5 2.4379579382003973
774.0 0.46416116933451446
774.5 3.263761685772934
775.0 2.7666951615728115
775.5 1.292655607653263
776.0 2.4370577742095665
776.5 2.4937141210580034
777.0 1.3345568208084884
777.5 4.129127640529296
778.0 2.0003419292490148
778.5 1.8797694059359895
779.0 0.9141131641572269
779.5 2.070993535907942
780.0 0.40402365916593674
780.5 1.680043884228203
781.0 1.3176119296812578
781.5 1.1195137941385864
782.0 2.693118907012807
782.5 3.2269570732372275
783.0 2.4729039294163906
783.5 2.1181121921031503
784.0 1.5155129818789157
784.5 1.6205104504864125
785.0 2.739785553773962
785.5 2.661266112372829
786.0 1.8511875255004362
786.5 1.259625463682234
787.0 1.416906689472376
787.5 2.98410606770681
788.0 0.43322826894237876
788.5 1.1079111457362996
789.0 3.0074825217766006
789.5 3.7694575973551787
790.0 0.5994907606783959
790.5 2.1182553548162475
791.0 3.3468573034524067
791.5 2.534263563656685
792.0 0.5748168824882189
792.5 2.2337901814227994
793.0 4.374626770869815
793.5 2.202104359992243
794.0 1.832879226347725
794.5 1.58143546886338
795.0 3.1214910995305964
795.5 2.41515430586289
796.0 1.636947134191385
796.5 3.7623502509361115
797.0 1.7019897243169655
797.5 0.4175841941324927
798.0 2.298265826981608
798.5 3.06224033557976
799.0 3.0562950223338783
799.5 4.635558949965043
800.0 2.537543393029454
800.5 3.053099765956702
801.0 3.3201063334226166
801.5 4.021847241248545
802.0 2.8210552718095636
802.5 2.3543443443654413
803.0 2.5616389021785384
803.5 2.5546103447630375
804.0 3.5415399424546963
804.5 2.8673633814202923
805.0 2.4383762116186203
805.5 2.139165073862922
806.0 0.906472864181069
806.5 0.8155811116008116
807.0 1.457929516574356
807.5 0.46068299994451234
808.0 1.286733905000214
808.5 1.0877443370496398
809.0 1.047620855583244
809.5 0.7548365021032872
810.0 1.4204838022405692
810.5 1.4404472304523437
811.0 1.4855986727103594
811.5 1.720768619332833
812.0 1.3689991116495503
812.5 0.8048175838073603
813.0 0.7311430662990581
813.5 1.3357927554825881
814.0 1.2105057419607146
814.5 2.0875589560545587
815.0 0.7898316771321764
815.5 0.8474754406953093
816.0 1.123665984096813
816.5 1.3976942954128673
817.0 0.8552800931552115
817.5 0.8595525405411139
818.0 1.235502990369442
818.5 0.6270490209806592
819.0 1.574298305569343
819.5 0.9992225655330949
820.0 2.378944221488857
820.5 3.329955494508974
821.0 0.8461975089618576
821.5 1.7458042528777458
822.0 1.6667228961456204
822.5 0.5260412036057631
823.0 3.15962137026989
823.5 1.042133388624921
824.0 1.8037127572925196
824.5 1.3893537789957366
825.0 2.738453291648539
825.5 1.6694064180100456
826.0 0.45091989794778153
826.5 0.2
827.0 2.546440842177427
827.5 2.3719559820530463
828.0 2.4719323021367554
828.5 3.501972766014097
829.0 3.2450409334190584
829.5 1.3374175676988624
830.0 1.71442636865788
830.5 2.7208180548390533
831.0 0.39485388853064207
831.5 1.5892554314531808
832.0 3.5322145142447443
832.5 1.4397727624179781
833.0 2.22809120557814
833.5 1.6630793662073944
834.0 1.8678041721154957
834.5 1.122582226780635
835.0 3.4109456099822024
835.5 2.0368589677024045
836.0 1.0786107711989668
836.5 0.9777819892518995
837.0 1.3313665437215918
837.5 1.7688232760758167
838.0 2.0848202385967545
838.5 4.787809331055602
839.0 1.172359272386021
839.5 3.6267870977168357
840.0 3.0262681084799943
840.5 0.8996427672238794
841.0 2.2707650314570644
841.5 2.422208363937002
842.0 2.3457304058199693
842.5 0.42903154590542414
843.0 3.744291508333434
843.5 2.3062553964843135
844.0 3.251613697605792
844.5 1.675528233797797
845.0 3.476403518757134
845.5 2.569723942979955
846.0 1.9986073419882513
846.5 1.6908931426518412
847.0 2.3296489317741482
847.5 2.211870005895074
848.0 2.3481499959012546
848.5 3.094045466196298
849.0 0.8302079263364921
849.5 4.120160318963766
850.0 1.7492981203183575
850.5 0.6244196666169037
851.0 1.4319254785424427
851.5 3.7073554625479326
852.0 0.7597647216928715
852.5 2.005145853056393
853.0 1.857643455406597
853.5 1.1288868360942828
854.0 2.0291655755148588
854.5 1.0977880797057915
855.0 1.2627036941981329
855.5 2.7534607789114975
856.0 0.592973986259197
856.5 3.205983700580756
857.0 1.4516841725342806
857.5 1.1492920276886665
858.0 1.7161269669438903
858.5 2.061235819950209
859.0 1.2154176767466573
859.5 2.492774965545477
860.0 2.4760499074695668
860.5 0.8508127736318247
861.0 1.8492406344208945
861.5 3.0816584559942335
862.0 0.7312759564423547
862.5 2.0440539587042093
863.0 1.9672369467561117
863.5 0.2
864.0 0.6803536819663412
864.5 1.2567229554706532
865.0 1.1225321921496976
865.5 1.7710499315761743
866.0 1.3358269766087736
866.5 0.6434619849463108
867.0 1.6062020674326754
867.5 2.4670495087797466
868.0 1.2985030604860197
868.5 1.1771935217472018
869.0 2.3890927698112208
869.5 2.326644724183219
870.0 1.8981752997473889
870.5 2.4663209667071673
871.0 1.2714443807136537
871.5 2.3147599063050466
872.0 1.974080665065006
872.5 1.688831349452658
873.0 3.3559115578187413
873.5 2.2166578650071216
874.0 0.4067701682745528
874.5 1.4072821385641987
875.0 1.19271367907649
875.5 2.041298323022168
876.0 1.9571025874818664
876.5 1.6135835628512663
877.0 0.6083914131416841
877.5 2.1407408534361547
878.0 2.312419559056701
878.5 1.7956912737618742
879.0 2.409577022268201
879.5 2.360719309264036
880.0 0.2
880.5 0.9389541999938217
881.0 2.547514302044471
881.5 2.659170924929991
882.0 2.7823445160950726
882.5 2.1572402864522084
883.0 2.514024507639837
883.5 2.2086405362885166
884.0 1.990401890852759
884.5 1.5309811745498867
885.0 1.9890183820037715
885.5 2.3804331016965206
886.0 1.731312963511725
886.5 1.0255524230628539
887.0 1.3619163003264219
887.5 1.1991494765312471
888.0 2.2953409076873257
888.5 1.524859270132461
889.0 0.8446402756277079
889.5 2.2955990357457114
890.0 2.1456688789297163
890.5 2.1073517489695446
891.0 0.9696041928625522
891.5 2.4873663992495905
892.0 2.525038912732077
892.5 1.2528275074884487
893.0 2.125426426567734
893.5 0.9349850815946343
894.0 0.9715524012588977
894.5 1.4864919509423662
895.0 1.5177069565097012
895.5 0.6969651957639387
896.0 0.2514863762311699
896.5 2.23395027525535
897.0 2.293045810611311
897.5 2.301946997729713
898.0 1.6463960782911675
898.5 1.808686721005302
899.0 1.265291163337079
899.5 2.694077685912295
900.0 0.8457694165830815
900.5 1.2845314486142025
901.0 2.4703238637776126
901.5 1.1549082936642106
902.0 2.116880530207421
902.5 1.9142951343048504
903.0 1.1289842751837926
903.5 2.08800042387088
904.0 2.7120388039713106
904.5 1.3952654297074347
905.0 2.9763696271842592
905.5 1.7808491771723005
906.0 4.520380422627643
906.5 3.245465793725815
907.0 1.7598730485921632
907.5 4.11634968873145
908.0 2.7153735312900933
908.5 3.8721354797398178
909.0 4.2698748291905915
909.5 1.798242694588659
910.0 1.2260323722653927
910.5 1.1913657873745649
911.0 2.798613305482542
911.5 2.176229909766083
912.0 1.9610089568730604
912.5 1.0361936184642853
913.0 1.6198387639604006
913.5 1.1535365259292671
914.0 2.070636656449573
914.5 0.2
915.0 1.2489905890740125
915.5 1.8731433526920405
916.0 3.093589383946423
916.5 4.4202092817671215
917.0 2.7181280626883373
917.5 3.1653999978556007
918.0 2.4124334377491436
918.5 3.848668449914401
919.0 1.7814610333650853
919.5 1.277658249363962
920.0 1.4319215755617614
920.5 1.3674534359007158
921.0 0.9729653776149014
921.5 1.7033573146357148
922.0 0.8427812255071669
922.5 2.120403029113382
923.0 1.7945563208986042
923.5 0.8100193508324882
924.0 1.0982930615160829
924.5 0.7450275340152952
925.0 2.2036370039709516
925.5 0.6560977094735325
926.0 1.4593705902659686
926.5 3.294817747718543
927.0 4.453232111901287
927.5 0.5025345387571474
928.0 1.2917463645757077
928.5 1.2914843953763007
929.0 2.4733224452186287
929.5 2.526815095070035
930.0 1.3341162813263365
930.5 2.2443459146043714
931.0 0.9443278656209924
931.5 2.037650688993305
932.0 1.6816872305898953
932.5 0.2
933.0 2.8747189126995982
933.5 1.7740040819087772
934.0 1.9350870618558123
934.5 2.2909816675880696
935.0 3.472127475635574
935.5 1.6688534712790921
936.0 1.9364564665101014
936.5 1.8531649335771418
937.0 2.067741730830684
937.5 0.9143085236524333
938.0 0.7340498786550812
938.5 1.9438726650417226
939.0 1.9236253391998563
939.5 2.3552190983749837
940.0 1.2521429669376127
940.5 2.3564254168678143
941.0 1.2745530448233913
941.5 1.4441160633636936
942.0 1.063511049273497
942.5 2.0520807755626547
943.0 0.4568154667448039
943.5 1.9460404340322417
944.0 1.013838119572471
944.5 2.297396573811282
945.0 1.0277972141651686
945.5 1.380663219479823
946.0 1.579547355136063
946.5 1.4101523728759309
947.0 1.8583809323290927
947.5 2.16063931785152
948.0 3.118514762876547
948.5 1.4359892309663929
949.0 1.5043090815575852
949.5 1.215760872238576
950.0 0.5341592037871217
950.5 0.7087060516409966
951.0 0.7236905918100494
951.5 0.6269570765010548
952.0 0.8830945831974704
952.5 0.8705409200130163
953.0 0.8277088834843418
953.5 0.3668904413642387
954.0 0.6125131580776584
954.5 0.8881088399861998
955.0 0.6531385330481032
955.5 0.6155453422575361
956.0 0.6954559442451494
956.5 0.4875197879088368
957.0 0.5618848786448161
957.5 0.7331749096717328
958.0 0.9428728664123809
958.5 0.8690495246924825
959.0 0.7658412277062361
959.5 0.6923550284197248
960.0 0.6812585331236809
960.5 0.8340697828964176
961.0 0.767337008269495
961.5 0.7235644370146934
962.0 0.7137397816166366
962.5 0.6701632058861497
963.0 0.7374902170437179
963.5 0.5858017069553
964.0 0.8814504813581909
964.5 0.6430794206472443
965.0 0.8490564897750081
965.5 0.8292119398315947
966.0 0.7966536211937021
966.5 0.6166315768699813
967.0 0.6990066924892715
967.5 0.9338699658674776
968.0 0.7655623565743299
968.5 0.8981645384537269
969.0 0.5197973896884172
969.5 0.6764718009564638
970.0 0.6801252913936512
970.5 0.7665270869857381
971.0 0.6133210033278333
971.5 0.511668651543328
972.0 2.183724149593327
972.5 1.5977062852822996
973.0 1.778712403784358
973.5 2.2002306695103107
974.0 1.5856115838586295
974.5 1.8329389563197442
975.0 2.147343145957276
975.5 1.7841553395998626
976.0 1.5243813695681043
976.5 1.6783607128353333
977.0 1.083657738639936
977.5 1.6300331848485572
978.0 2.1637415255291734
978.5 1.7852254847626043
979.0 2.0693323323110935
979.5 1.9395739653629553
980.0 1.9672317149807512
980.5 1.8704124177482664
981.0 1.3472933621059955
981.5 0.8812086440683186
982.0 1.7943972440009635
982.5 1.4038663128221915
983.0 1.301717660187364
983.5 0.5737203242378097
984.0 3.534968962161912
984.5 1.5910002617732824
985.0 2.243391473770319
985.5 1.292943597788316
986.0 2.5044505743717123
986.5 3.0791630300709434
987.0 2.851111237755725
987.5 0.8130241913794785
988.0 2.6888050831690853
988.5 2.6374695022197843
989.0 1.6979278749695939
989.5 1.4769058693230281
990.0 1.327284670246673
990.5 2.1011450178085758
991.0 0.2
991.5 2.1306028808234037
992.0 3.422214696930202
992.5 1.7551608662874
993.0 3.661141938965949
993.5 2.715683141932601
994.0 1.4479644009694705
994.5 2.3124189759055955
995.0 1.1283868589458785
995.5 1.1532804558723306
996.0 1.4506674570989129
996.5 2.66166628556574
997.0 2.6340137733389133
997.5 2.176446518542207
998.0 2.045466567491458
998.5 3.215071328664611
999.0 4.055912075143533
999.5 2.5921576940871023
1000.0 2.413050048398423
1000.5 1.9970439120617773
1001.0 1.3748922533732013
1001.5 1.3655870706362696
1002.0 2.649126069111197
1002.5 0.849253269628462
1003.0 0.662772112771159
1003.5 0.748414872662515
1004.0 0.6418322916473032
1004.5 0.8443398978414329
1005.0 0.5486322145119273
1005.5 0.6117792518586526
1006.0 0.8850839336432248
1006.5 0.8321206716577667
1007.0 0.622789382897688
1007.5 0.7124582771419421
1008.0 0.7038499762230646
1008.5 0.7343496634027302
1009.0 0.6918833102769195
1009.5 0.6933769385856383
1010.0 0.5589805815240062
1010.5 0.5802761796832636
1011.0 0.8001249470897647
1011.5 0.7930386935948464
1012.0 0.9045870353776029
1012.5 0.707319544913096
1013.0 0.4977421090761785
1013.5 1.1107670462798758
1014.0 0.7701963441060247
1014.5 0.6996000890701972
1015.0 0.6333646435859501
1015.5 0.6072752227167482
1016.0 0.5602379334931963
1016.5 0.635885849571125
1017.0 0.6638511355950313
1017.5 0.5380832377730702
1018.0 0.6683996132467487
1018.5 0.6906845335007457
1019.0 0.7715980906055591
1019.5 0.6969791492564013
1020.0 0.7401564168135084
1020.5 0.6114329167438735
1021.0 0.62645160931346
1021.5 0.7411937251377576
1022.0 0.6540172840591735
1022.5 0.8841581868900545
1023.0 0.8143735307501321
1023.5 0.6746239887241077
1024.0 0.5464284790891903
1024.5 0.6830226875019045
1025.0 1.58206358865195
1025.5 2.0511725204205256
1026.0 1.3998999385815538
1026.5 1.5508662575623473
1027.0 1.7681831470555562
1027.5 1.067466199422685
1028.0 0.8177597525427829
1028.5 2.816379085196239
1029.0 1.4235039535772482
1029.5 1.3336646854581364
1030.0 1.587487330753371
1030.5 1.646219940405854
1031.0 1.8616912777230767
1031.5 1.5979889262316045
1032.0 1.352943778351217
1032.5 1.645298945499686
1033.0 2.0026992929530696
1033.5 0.2
1034.0 1.905625445270322
1034.5 1.119069289428604
1035.0 0.7572599246609392
1035.5 1.1876805101367862
1036.0 1.1512321782803399
1036.5 1.647444571138891
1037.0 1.860419718278213
1037.5 1.350250310335096
1038.0 2.1150198733230376
1038.5 1.136654133272175
1039.0 1.7268208126080686
1039.5 0.9185531732065084
1040.0 2.011336022666937
1040.5 2.3383685718522624
1041.0 1.3698585418145848
1041.5 1.7160651173650425
1042.0 2.1535143891643687
1042.5 0.7114135152892166
1043.0 2.3512001961836098
1043.5 0.6678556353750977
1044.0 1.970137775968914
1044.5 1.4626596899458573
1045.0 2.608075312785025
1045.5 1.777556563345926
1046.0 4.029215356770015
1046.5 1.4953490270974323
1047.0 0.9571386280097209
1047.5 2.8610527677822004
1048.0 1.9358491807052718
1048.5 1.2408854437517638
1049.0 0.9158382496748385
1049.5 1.7283840042235044
1050.0 2.087554344671164
1050.5 1.851959837855566
1051.0 1.952435911862574
1051.5 1.2601296257381545
1052.0 1.4205735212087944
1052.5 1.4291437939442213
1053.0 1.7875768612941358
1053.5 1.7527113816320468
1054.0 2.2096516213932986
1054.5 1.836545322941249
1055.0 0.2
1055.5 2.134161490636723
1056.0 0.9723128262371077
1056.5 1.3486952941404522
1057.0 1.820363609974501
1057.5 1.7131948114980173
1058.0 1.7968673604093373
1058.5 1.354571858797295
1059.0 1.4202016555702692
1059.5 1.494325562729054
1060.0 1.4156120492275928
1060.5 1.8942664701955185
1061.0 2.720051934472695
1061.5 0.5795479472777705
1062.0 2.412725227381436
1062.5 0.29060144597972526
1063.0 3.125147824906146
1063.5 2.263153896402547
1064.0 3.1671593868671555
1064.5 1.5435533846969607
1065.0 1.7646953924914999
1065.5 1.179735440928429
1066.0 1.3852281386577678
1066.5 1.1052436138414814
1067.0 2.889353242120402
1067.5 3.3958903721059235
1068.0 1.562227545122982
1068.5 2.741120854259672
1069.0 3.732456092597218
1069.5 2.6816156971521554
1070.0 3.6669538851402113
1070.5 1.5775876355463245
1071.0 1.7973695463197252
1071.5 1.9779608633338326
1072.0 0.6627172059799409
1072.5 1.434003612453805
1073.0 0.5977927040625889
1073.5 1.2052486667208744
1074.0 1.507077182471173
1074.5 1.0426305633820028
1075.0 1.4669286512877358
1075.5 1.067451967457076
1076.0 1.5872019166550233
1076.5 1.4313320632355584
1077.0 0.6270052010248647
1077.5 1.6285418133528498
1078.0 1.5015325590243425
1078.5 2.444889651889926
1079.0 1.4186802339603575
1079.5 1.894590794777385
1080.0 1.8088033449187886
1080.5 0.7383980126526584
1081.0 0.6905634818694281
1081.5 0.8106745920427518
1082.0 0.8146719119316026
1082.5 0.955145000647051
1083.0 0.7029372431260299
1083.5 0.8272907213625347
1084.0 0.8051451472988522
1084.5 0.7435310181061221
1085.0 0.7778693892931441
1085.5 0.7424894955424914
1086.0 0.8644319929314992
1086.5 0.6278042961605447
1087.0 0.5206545364118718
1087.5 0.5932706769788583
1088.0 0.38762005154429907
1088.5 0.47914751383889304
1089.0 0.792444673775843
1089.5 0.770259808824985
1090.0 0.7594073383161051
1090.5 0.6705594604885637
1091.0 0.7039972146879041
1091.5 0.8080393781567758
1092.0 0.7001888808707379
1092.5 0.7858298043673637
1093.0 0.6887174154044798
1093.5 0.8900170610119675
1094.0 0.7116414876629109
1094.5 0.6836529347952454
1095.0 0.6364236225290367
1095.5 0.6303344997052689
1096.0 0.7469615213121972
1096.5 0.6713820478079335
1097.0 0.7576711933734286
1097.5 0.8381164744763299
1098.0 0.6541016474850201
1098.5 0.7495804894063305
1099.0 0.7441887751777172
1099.5 0.7357482152143158
1100.0 0.7766933925458774
1100.5 0.8090407085583375
1101.0 0.488693531535271
1101.5 0.7973108422184347
1102.0 0.8468840407211693
1102.5 0.9472198299668977
1103.0 0.8398731831491961
1103.5 0.7485071929280414
1104.0 0.5594588004376322
1104.5 0.8165590613749116
1105.0 0.6465718299716182
1105.5 0.5523429737256678
1106.0 0.7547757750246551
1106.5 0.8329276707579409
1107.0 0.5323761289831226
1107.5 0.7260511100782885
1108.0 0.5925003215003176
1108.5 0.42790710263999987
1109.0 0.6303703435782979
1109.5 0.42944396675361723
1110.0 0.8191378942769798
1110.5 1.2318421345332649
1111.0 1.2590032281701231
1111.5 1.6739284791992715
1112.0 1.5486642781406061
1112.5 2.9247022394523103
1113.0 1.245945499965294
1113.5 1.9400255599658354
1114.0 2.086875001544371
1114.5 1.0689416170275838
1115.0 2.5069969593171058
1115.5 1.748515701866982
1116.0 1.1862552955319985
1116.5 1.2270619965055611
1117.0 1.2834798017247018
1117.5 2.9317015756750857
1118.0 1.7257605742437863
1118.5 2.482557889531615
1119.0 2.107935227578387
1119.5 1.3076419612321535
1120.0 1.9241269060330235
1120.5 0.6263806145877548
1121.0 0.5824698346329862
1121.5 1.5706319869126997
1122.0 0.2377194522626378
1122.5 1.8983020923275258
1123.0 1.4173478713650718
1123.5 1.3806706174646994
1124.0 2.169242273322326
1124.5 0.719947913005721
1125.0 1.4734387841327243
1125.5 1.7795656577521473
1126.0 1.859843915249498
1126.5 0.5238066137550932
1127.0 1.9088575782356119
1127.5 1.9341701642259006
1128.0 0.714501210261001
1128.5 1.952921834931077
1129.0 1.7593947587824288
1129.5 1.8105421739083318
1130.0 1.481592511627324
1130.5 1.1170678094826911
1131.0 2.0285785871255837
1131.5 1.089236659191673
1132.0 1.9223904557710172
1132.5 1.118692792246914
1133.0 2.2073854065824716
1133.5 1.148457832647511
1134.0 1.8009166962376921
1134.5 1.4690223313896649
1135.0 1.3919652618852776
1135.5 1.9942513596534832
1136.0 1.3751291206895853
1136.5 2.4671983270563107
1137.0 1.0478603962804551
1137.5 1.6975674328727155
1138.0 0.9785548496833896
1138.5 1.6136788192595075
1139.0 1.6888711263823324
1139.5 0.9386723726214944
1140.0 1.6497879997737488
1140.5 0.2
1141.0 1.5559960168628244
1141.5 2.0833650553538092
1142.0 0.30981517319502094
1142.5 0.7171833932428596
1143.0 2.044737469271526
1143.5 1.2951137702981081
1144.0 1.6173797749989058
1144.5 1.2512649266688085
1145.0 1.9384352760131116
1145.5 1.531811232809103
1146.0 0.9972111426146174
1146.5 0.7218085553257886
1147.0 2.5104183863040035
1147.5 1.6106031210707608
1148.0 0.8480271936303811
1148.5 0.7939556846277714
1149.0 1.0323180492716895
1149.5 2.0484310336579292
1150.0 2.1262783619776817
1150.5 1.0585684820529777
1151.0 1.4647725775166385
1151.5 1.567406005829635
1152.0 1.0747828478674528
1152.5 2.735067544961848
1153.0 0.3824068131818599
1153.5 1.9140505528086225
1154.0 1.9776921070033393
1154.5 1.6080178174018591
1155.0 2.3261635778460135
1155.5 0.9053359912865396
1156.0 1.9949036551225712
1156.5 1.912739761360043
1157.0 1.4011652565573476
1157.5 1.3832986016001552
1158.0 1.477060968476303
1158.5 1.3382777424124752
1159.0 1.382812178602618
1159.5 0.9521430071366751
1160.0 1.7457393208714538
1160.5 0.9801521722939772
1161.0 2.296692875287457
1161.5 2.033620167099591
1162.0 1.2152025437131895
1162.5 1.1185058664670189
1163.0 1.4097254004649207
1163.5 1.7316313112416724
1164.0 0.4588457071974126
1164.5 1.657230995590396
1165.0 1.0164880776351108
1165.5 1.606100755420177
1166.0 1.4835439903188503
1166.5 1.401022738934904
1167.0 0.7883949071052865
1167.5 2.72824158377001
1168.0 2.581047764315504
1168.5 2.587226776527852
1169.0 1.54230849957422
1169.5 1.5113523590268356
1170.0 1.0771512273902928
1170.5 1.9148002359722676
1171.0 1.0495654569845985
1171.5 1.1611654703352852
1172.0 1.3960065264161252
1172.5 1.1868783982899846
1173.0 1.997096374511263
1173.5 1.6331054507685114
1174.0 1.650637654437893
1174.5 0.6713078594041249
1175.0 2.677908325344759
1175.5 1.8845499323994401
1176.0 1.7410271612410635
1176.5 2.5342339324494434
1177.0 0.7242642112953916
1177.5 1.0773108157465188
1178.0 2.499299508267831
1178.5 1.5772516552444904
1179.0 1.7414284992634694
1179.5 2.633587966975032
1180.0 2.2654735925618894
1180.5 1.8489566787696992
1181.0 1.235633412694359
1181.5 1.4265407075455903
1182.0 1.6490969091435133
1182.5 1.9208991544860217
1183.0 1.058035239933347
1183.5 2.5847210808491834
1184.0 1.1070234592027421
1184.5 0.918338350227305
1185.0 0.9679012183404087
1185.5 1.1384947769833604
1186.0 1.2599381295785892
1186.5 0.47062184786227623
1187.0 0.7589397393928714
1187.5 0.746966596122696
1188.0 0.8304692418633977
1188.5 0.7028269916365195
1189.0 0.9546740065093641
1189.5 1.1575042896282284
1190.0 0.8916272636314475
1190.5 1.007088950478219
1191.0 0.5132468483977457
1191.5 0.8841336782751904
1192.0 0.44896129454839423
1192.5 0.8549279412492989
1193.0 0.9829806403516145
1193.5 0.745230908480822
1194.0 1.0808355549763693
1194.5 0.6485178530063914
1195.0 0.8031022324802649
1195.5 1.1136878208105112
1196.0 0.6304311618914675
1196.5 2.390274679465464
1197.0 2.4488425009252723
1197.5 1.2242000517025473
1198.0 1.6678628992655642
1198.5 0.8623285808956582
1199.0 2.975237424982953
1199.5 1.8777029247854762
1200.0 2.196729198134829
1200.5 2.1333414448540804
1201.0 1.0710446823890267
1201.5 0.47749110368849523
1202.0 1.229223478822561
1202.5 2.8830926251716114
1203.0 0.8197077049256192
1203.5 1.4103758615100574
1204.0 1.7156055459110426
1204.5 2.6830803602420787
1205.0 2.5524795985230937
1205.5 2.4536445224217913
1206.0 1.5821273518531171
1206.5 3.22414681757018
1207.0 1.4912208033428733
1207.5 3.329453870390972
1208.0 2.369025442750412
1208.5 0.6255843858130377
1209.0 1.8206647052621288
1209.5 1.2510426552596132
1210.0 0.9217623964944772
1210.5 1.0443586471931896
1211.0 0.4503898588032693
1211.5 0.7676582614428591
1212.0 0.6248815523267037
1212.5 0.515707381805748
1213.0 0.9596530432214334
1213.5 0.7950567695376913
1214.0 0.6734589546875553
1214.5 0.8486526711865185
1215.0 0.6748666488926823
1215.5 0.6106517659145714
1216.0 0.6245697742623281
1216.5 0.8283519920266749
1217.0 0.6135451235747276
1217.5 0.8294725551190762
1218.0 0.45124890460158695
1218.5 0.6716555487113272
1219.0 0.7522744527393161
1219.5 0.715309555125659
1220.0 0.6309429634128642
1220.5 0.6712192485548051
1221.0 0.7104568929566872
1221.5 0.6338263500973502
1222.0 0.6247103908102116
1222.5 0.697225956343206
1223.0 0.7889773441951127
1223.5 0.7081180709058661
1224.0 0.5908453423876101
1224.5 0.6749141197815895
1225.0 0.8089603627868873
1225.5 0.6721412034293466
1226.0 0.6705217189487713
1226.5 0.9050312312181819
1227.0 0.5104626746951939
1227.5 0.7195865721910675
1228.0 0.8323918251718478
1228.5 0.731888009773147
1229.0 0.5896286979877936
1229.5 0.6381540581440621
1230.0 0.6395897166625115
1230.5 0.634926803349551
1231.0 0.7468840039121296
1231.5 0.684941677806056
1232.0 0.772259357791387
1232.5 0.6343878347696978
1233.0 0.8073685903414398
1233.5 0.8019614619931497
1234.0 0.6431230651137902
1234.5 0.7544309720977393
1235.0 0.7042438003467963
1235.5 0.6342631421877429
1236.0 0.6626538193947792
1236.5 0.7409419974552212
1237.0 0.7624830204154684
1237.5 0.8481862557847142
1238.0 1.395308089711993
1238.5 1.824003208633207
1239.0 1.172540167516288
1239.5 1.3152253361497839
1240.0 0.7137810789826818
1240.5 1.007656538497153
1241.0 2.6446685407642505
1241.5 1.8621263735152984
1242.0 1.7061736846119073
1242.5 0.27952593616283883
1243.0 2.0622444887376834
1243.5 2.074885464730757
1244.0 0.43764017825889634
1244.5 2.215821445496907
1245.0 1.5759530613346393
1245.5 0.9383200871912708
1246.0 1.1346537780909693
1246.5 0.8616890500745612
1247.0 1.0897580148454542
1247.5 1.6509694647329862
1248.0 1.3367508438237201
1248.5 0.9825079804839898
1249.0 1.6487085751142498
1249.5 1.373962464229559
1250.0 2.6065515531352466
1250.5 1.508520199176664
1251.0 2.179834469408796
1251.5 1.6499228302928355
1252.0 1.2619383569176128
1252.5 1.3451849145881005
1253.0 1.2978406776513873
1253.5 1.0851472024781215
1254.0 1.090549986482546
1254.5 1.0867917771597353
1255.0 1.4109727683358488
1255.5 1.1838180463439734
1256.0 1.2301224853971688
1256.5 0.7943553256812814
1257.0 1.427978667153761
1257.5 0.8641926926531438
1258.0 0.655144261142041
1258.5 0.8180316904126228
1259.0 0.5962712766918334
1259.5 1.224929069419284
1260.0 0.5419325754213661
1260.5 0.5488038279191942
1261.0 1.384002196617259
1261.5 1.9118651426960693
1262.0 1.8546629981479719
1262.5 1.4693776922252215
1263.0 0.540889087839939
1263.5 1.8827953968181392
1264.0 1.1725144715363789
1264.5 0.40187169827446767
1265.0 0.2
1265.5 1.6825857835877274
1266.0 1.4018441139656126
1266.5 1.4541534073489903
1267.0 1.9880874008719551
1267.5 1.6640676016749707
1268.0 0.5204269931719565
1268.5 1.8982090322882423
1269.0 1.8975372668477364
1269.5 0.935306995394658
1270.0 1.5739555237849867
1270.5 0.48695695186728594
1271.0 1.6033280707592503
1271.5 2.0085941918802668
1272.0 2.290461921906862
1272.5 1.7742082599598255
1273.0 1.8261660419419108
1273.5 0.20505702820971994
1274.0 2.851351188246499
1274.5 3.533763763112678
1275.0 2.3009804229134776
1275.5 0.8092146881892022
1276.0 0.6159385166667035
1276.5 0.7695754615296758
1277.0 1.1966471262993705
1277.5 0.4721870344466367
1278.0 1.359771700144092
1278.5 1.355144896847901
1279.0 0.4976721303020928
1279.5 1.1568115021860503
1280.0 1.9412627920799048
1280.5 1.7451690807538331
1281.0 2.2059561587531604
1281.5 2.3505080210876717
1282.0 3.9702262536531174
1282.5 1.2281197477786634
1283.0 2.0156321599841656
1283.5 2.8072703451363465
1284.0 3.8500256893884393
1284.5 3.1134889364804366
1285.0 2.3368652819465536
1285.5 2.010094080014195
1286.0 1.7032502433688554
1286.5 0.9296871099027841
1287.0 0.8440723942362599
1287.5 0.509134364482064
1288.0 1.0169750868954348
1288.5 1.880355155452196
1289.0 1.3989258092814127
1289.5 0.961455835332923
1290.0 0.9008972046235968
1290.5 1.0252557209412974
1291.0 0.9742399845454011
1291.5 1.0567701990983196
1292.0 0.8230590749252469
1292.5 1.2717591333266964
1293.0 1.3762589193055437
1293.5 1.0160005077250667
1294.0 1.3329923866148166
1294.5 2.253307055551916
1295.0 1.7679226104295893
1295.5 0.8620295685601161
1296.0 2.242918764870269
1296.5 1.4129676733369285
1297.0 1.7947020291451328
1297.5 1.9933678569198179
1298.0 1.3089801112649107
1298.5 2.7291096558846526
1299.0 0.6457990766038849
1299.5 2.1181014637845212
1300.0 1.0421123586943726
1300.5 2.6451987783472473
1301.0 0.9661975340962071
1301.5 1.819427426502606
1302.0 1.2460244748513527
1302.5 2.8443949422384773
1303.0 2.8913179771413002
1303.5 0.9113485274972378
1304.0 1.254751697994788
1304.5 2.0329063338551308
1305.0 0.3833553970652417
1305.5 1.5886117993608277
1306.0 2.1602828171353914
1306.5 1.5693582330924902
1307.0 1.6908842567584101
1307.5 3.2740259332565653
1308.0 3.011298714231811
1308.5 2.2669996738831797
1309.0 1.9143142689386168
1309.5 2.1782084653724514
1310.0 3.0389074365758413
1310.5 2.08496105897129
1311.0 2.591063233217927
1311.5 2.483189591255141
1312.0 0.9329808995428175
1312.5 3.7137274837809207
1313.0 0.3740870687677509
1313.5 2.138517413169118
1314.0 0.6635133042411556
1314.5 0.9830723867256965
1315.0 1.3412977115692504
1315.5 1.9818553224504654
1316.0 0.7810555014382761
1316.5 2.2177200800666435
1317.0 1.9419622308539883
1317.5 1.4050049036078756
1318.0 1.8765035700403987
1318.5 4.324051152751394
1319.0 2.504378875322727
1319.5 1.6604757418503255
1320.0 3.4947387244841135
1320.5 3.917521890665559
1321.0 0.8248526536579623
1321.5 1.8144814050019435
1322.0 3.953118107399506
1322.5 2.731695149380906
1323.0 1.7680659257351545
1323.5 1.1727341052965656
1324.0 2.9625438910943673
1324.5 2.941480580015951
1325.0 0.24774337887281872
1325.5 2.898839152972959
1326.0 2.718563725000646
1326.5 1.8481491804477184
1327.0 1.6701628537611704
1327.5 4.763429124389695
1328.0 1.922756818729678
1328.5 2.9818484413305337
1329.0 3.620229174962857
1329.5 0.6293008549525878
1330.0 1.9255743167895312
1330.5 2.896101144212194
1331.0 2.000446861467926
1331.5 2.6063713953103362
1332.0 3.641826784498683
1332.5 1.935097008297988
1333.0 3.4115164455911913
1333.5 1.6741552279813638
1334.0 1.1118915679983041
1334.5 3.97609634026608
1335.0 1.5624354643435616
1335.5 2.548994337847787
1336.0 1.4806639428458261
1336.5 1.8592996411193559
1337.0 0.7264907903578095
1337.5 2.7299918170196635
1338.0 0.704286132804441
1338.5 1.7827122743056358
1339.0 2.174684859192502
1339.5 2.0849688482333906
1340.0 2.693386249308233
1340.5 2.683572766371947
1341.0 1.5087975652459136
1341.5 2.9214449750850444
1342.0 2.4738881165764197
1342.5 3.2805801649032524
1343.0 1.4977863573053012
1343.5 3.775908441827392
1344.0 2.9887895494862784
1344.5 0.7956546994619942
1345.0 1.6873233907304732
1345.5 2.519529193556243
1346.0 2.5482112552368825
1346.5 3.91361073013415
1347.0 1.8216342457295884
1347.5 1.585419447128247
1348.0 1.1833872959615614
1348.5 3.177445842931238
1349.0 2.2595143325971305
1349.5 3.8376395731968076
1350.0 2.1610762161574195
1350.5 2.96833860940528
1351.0 2.07005864353795
1351.5 0.9965682189154639
1352.0 0.2
1352.5 1.5727696038066363
1353.0 3.955124837694979
1353.5 3.954674650579957
1354.0 4.352306828286381
1354.5 1.904268829570456
1355.0 0.2
1355.5 1.0542321481919081
1356.0 0.6381001137857425
1356.5 2.254808913747355
1357.0 1.7714958924290092
1357.5 2.3860274915028734
1358.0 1.5390018978874305
1358.5 0.2
1359.0 1.4241060202968003
1359.5 2.2185711968350255
1360.0 1.7740151942380105
1360.5 1.532012986212575
1361.0 0.292081008551085
1361.5 2.7206468478662043
1362.0 1.8498646525038658
1362.5 2.7880307328885428
1363.0 3.028798023003418
1363.5 2.2384174085993966
1364.0 1.290668253734292
1364.5 2.3914937474341302
1365.0 1.3109654244978843
1365.5 4.207113327347354
1366.0 0.7942362952030932
1366.5 0.47657658105507744
1367.0 1.018467352547289
1367.5 0.9043016447748226
1368.0 0.7154011523664898
1368.5 0.7667019405297764
1369.0 0.7137501670313762
1369.5 1.0955468334134193
1370.0 0.8184711879776115
1370.5 0.8772899451565699
1371.0 0.8594210230928252
1371.5 0.43795514766471766
1372.0 0.4968498977078751
1372.5 0.967200588796274
1373.0 0.5798041976944593
1373.5 1.0105530649674197
1374.0 1.0393792912760658
1374.5 1.1122831863569311
1375.0 0.8674120551651606
1375.5 0.5664106025133158
1376.0 0.950929214799122
1376.5 0.7658652418684089
1377.0 0.7740490804937448
1377.5 1.171102904327738
1378.0 0.780690508650874
1378.5 0.4193891160145603
1379.0 1.3003442700057293
1379.5 0.6677988635272423
1380.0 0.7891740140790577
1380.5 0.9148663690446837
1381.0 0.7556752131288433
1381.5 0.9743248396444554
1382.0 1.1704225089889264
1382.5 0.6643687572660095
1383.0 0.3947678828792066
1383.5 1.2408497127929738
1384.0 1.1370341443606247
1384.5 0.6495461723544238
1385.0 0.8339344771289583
1385.5 1.3727770078778718
1386.0 0.45875066824194716
1386.5 1.5570311853596874
1387.0 0.8585341343835826
1387.5 1.094883107201933
1388.0 0.88422953658323
1388.5 0.7149655938872466
1389.0 0.3659990031717093
1389.5 0.7758767425975617
1390.0 0.7051018516304883
1390.5 1.2924126342093483
1391.0 0.8785009105765028
1391.5 1.2686617872700432
1392.0 0.8540480269146915
1392.5 1.2405115108593021
1393.0 1.030684972679575
1393.5 0.966867052008267
1394.0 1.2231324386557278
1394.5 1.0258885433970102
1395.0 0.7098150069203785
1395.5 0.9271056252210372
1396.0 0.8985124430974607
1396.5 0.8746026793977335
1397.0 0.866653717249887
1397.5 1.0403766155802068
1398.0 0.9003702475464417
1398.5 0.7968223864049144
1399.0 0.7576470020908439
1399.5 0.48076147655031526
1400.0 1.2092524682189048
1400.5 0.9922884613230469
1401.0 1.1911999046220156
1401.5 0.8956130139225742
1402.0 1.1313367234064922
1402.5 1.0134042560811953
1403.0 0.9371910094036303
1403.5 0.45875329688863337
1404.0 0.9412465583434704
1404.5 1.4186319817249298
1405.0 0.2
1405.5 0.8246803701121599
1406.0 0.9438699748432187
1406.5 1.2386166625306094
1407.0 1.8953159667770085
1407.5 1.5923288140183152
1408.0 1.0923602332334925
1408.5 0.5488972594131476
1409.0 1.4400194607364667
1409.5 0.7025408661174118
1410.0 1.2661153053910823
1410.5 1.6453689817063832
1411.0 0.23084077335365383
1411.5 0.6096190797858012
1412.0 0.8030099998572164
1412.5 0.9941560650600296
1413.0 1.0106756487753306
1413.5 0.9779081939191496
1414.0 0.6600143076999266
1414.5 1.172777562603219
1415.0 1.2143723395371606
1415.5 0.9028558537957626
1416.0 0.7357189017323772
1416.5 0.8247498174239596
1417.0 0.8186417821318281
1417.5 1.2543737198358555
1418.0 1.0308078133106238
1418.5 0.801731935233019
1419.0 1.3072948435405913
1419.5 0.7756652745865891
1420.0 0.9662616901111032
1420.5 1.1708051776791537
1421.0 0.8175453414578013
1421.5 0.7104942449781939
1422.0 1.1930448299162073
1422.5 0.8635056776336206
1423.0 0.6142542119661649
1423.5 0.6774554728057812
1424.0 0.9003284205262411
1424.5 0.9634999060699175
1425.0 1.3458075783834613
1425.5 0.6237432810897383
1426.0 0.745466353421617
1426.5 0.7604765935506325
1427.0 0.6969319525072277
1427.5 0.6873298194306845
1428.0 1.0108697988488986
1428.5 1.0297367583612929
1429.0 1.045507252125426
1429.5 0.5975391875367084
1430.0 3.8041980329162914
1430.5 1.1269441105897762
1431.0 1.9879706215957529
1431.5 2.8065988615844217
1432.0 2.439619953608177
1432.5 2.306976103324126
1433.0 2.8409992116220333
1433.5 2.382741053904419
1434.0 3.3236229173820337
1434.5 1.269512194849843
1435.0 2.9966961373088306
1435.5 0.2
1436.0 2.561992209583794
1436.5 1.5812493163712475
1437.0 2.410583670008873
1437.5 4.378329431842216
1438.0 1.7683270341437258
1438.5 0.7440543364926928
1439.0 1.4361875998526514
