0 1.4447148408746355
0.5 1.0430820660749747
1.0 2.347539793867006
1.5 1.166101820677095
2.0 1.228281510824413
2.5 0.5969656455341849
3.0 0.9494902716581355
3.5 1.3827059645477882
4.0 2.084574905457015
4.5 1.6541157864201597
5.0 1.0296427030209059
5.5 2.7174617036650295
6.0 1.5817113041811697
6.5 2.654201637405574
7.0 1.5369423077544515
7.5 1.3470337924291362
8.0 0.2
8.5 2.4041661892055526
9.0 1.2387578292802381
9.5 1.4629903199022865
10.0 2.1251564515960464
10.5 3.2895856164029595
11.0 2.03171306069381
11.5 0.9541679387895073
12.0 2.029624251440838
12.5 1.639034304856155
13.0 1.2257915895916793
13.5 2.630694790458522
14.0 2.574749263245876
14.5 0.9347646126840732
15.0 2.687734077270993
15.5 2.994498373484542
16.0 2.703268201179558
16.5 1.8104833724722054
17.0 2.6854446037080373
17.5 0.2
18.0 2.539176158226663
18.5 1.256196760410281
19.0 2.6092402664900494
19.5 2.2765014308297533
20.0 1.6494558273486557
20.5 2.465517259629161
21.0 2.367875406350451
21.5 1.9727251880730177
22.0 1.9313142905599285
22.5 1.9866596373239105
23.0 2.196355318612908
23.5 1.391066115987511
24.0 2.06562556479281
24.5 2.5474456862880155
25.0 2.316156840564955
25.5 3.0931883863897385
26.0 1.100392025350977
26.5 0.2
27.0 1.5228489933981577
27.5 1.311290235702764
28.0 1.499436096596863
28.5 1.2891286246890479
29.0 1.2057303729825917
29.5 0.7459604503115966
30.0 0.836562080438628
30.5 0.8477217053330884
31.0 1.1875417056606812
31.5 1.216913569671456
32.0 1.241087405917763
32.5 1.0642198616590024
33.0 1.424516596811561
33.5 1.6996737366414594
34.0 1.5342171549955785
34.5 1.2937505945863883
35.0 1.2447781462413952
35.5 0.9589795317465245
36.0 0.8372022418651814
36.5 1.4041409941551566
37.0 1.4759379070607201
37.5 1.1963194422046666
38.0 1.260451455217154
38.5 0.7460765974174264
39.0 0.9156906850652624
39.5 0.689223453142878
40.0 0.6517079476727219
40.5 0.6203906833056669
41.0 0.7515075863497656
41.5 0.7230834627147209
42.0 0.5957579696347021
42.5 0.5959681826327112
43.0 0.7021911242520846
43.5 0.7738558249787293
44.0 0.7299721303094104
44.5 0.5011918911802968
45.0 0.9293471329248686
45.5 0.6616753650164113
46.0 0.6408048342492303
46.5 1.8719405425637337
47.0 1.601565588631955
47.5 1.0031487074942576
48.0 2.2169612945883017
48.5 2.5942721850467
49.0 2.1104652400360484
49.5 1.9242015752205375
50.0 1.4164410556738485
50.5 1.0502438927809532
51.0 1.9710482096471487
51.5 3.937392315843829
52.0 3.9675285424885254
52.5 1.1039191541735889
53.0 2.085308880916524
53.5 1.9993988204710562
54.0 1.2032021242151554
54.5 2.4594163741097947
55.0 1.4211301186658944
55.5 0.6440780532859581
56.0 0.7653134577483662
56.5 0.69248016463427
57.0 1.1014000440325225
57.5 0.7872700169876576
58.0 0.9091447124843761
58.5 0.8303979325649147
59.0 1.0814137753259427
59.5 2.26324121595339
60.0 0.9326996138980077
60.5 1.753294312736165
61.0 0.7587243548909507
61.5 0.5373120647890834
62.0 1.2362969807691782
62.5 3.5555185684563684
63.0 2.411380351781058
63.5 1.808204408614623
64.0 2.170993437363399
64.5 2.2695251203977653
65.0 0.747688818469034
65.5 0.9915632355450453
66.0 0.8349796973623381
66.5 0.7737447443686495
67.0 0.8047951178076324
67.5 0.4337585710396133
68.0 0.9588353159183143
68.5 1.0955478972425658
69.0 1.0158880228929517
69.5 0.9029027409297683
70.0 0.8553925915251211
70.5 1.2245284089444022
71.0 0.7263712278132441
71.5 0.8601907626248289
72.0 0.8706070165860329
72.5 1.2483615204479581
73.0 0.7580455400432576
73.5 1.1845050075513668
74.0 0.8079070340624781
74.5 0.844292343515096
75.0 2.130111693856655
75.5 2.5247924279800893
76.0 1.861665507777885
76.5 1.8903682651700455
77.0 2.013197824515864
77.5 1.3497930757133927
78.0 1.8258735871273193
78.5 1.3121992711723325
79.0 2.271370109546536
79.5 1.8328517475572395
80.0 1.4399144771896784
80.5 1.9119026286104983
81.0 0.803595050427324
81.5 1.8467648771007115
82.0 1.6701409625728416
82.5 2.272472251512604
83.0 2.45382025644124
83.5 2.516177889106223
84.0 1.5536314891370226
84.5 2.2169993166932676
85.0 0.9046883890695097
85.5 0.5564787161876175
86.0 2.587614225090646
86.5 1.5060361057468943
87.0 2.0925804623650994
87.5 1.971748295390192
88.0 1.9683679263800578
88.5 0.8463305919044787
89.0 1.7201427943300072
89.5 2.876809390974463
90.0 3.026610156243975
90.5 3.5161763730008806
91.0 1.0311874379392794
91.5 2.925050861278894
92.0 1.197520117188828
92.5 1.289909582078803
93.0 1.2599646051355462
93.5 1.7124943416724159
94.0 2.0661275481572132
94.5 1.7136823594004622
95.0 2.488841908984564
95.5 2.2806682898027435
96.0 2.660527885160417
96.5 0.9415580071993036
97.0 2.2532484386711316
97.5 0.2
98.0 0.2667522629476988
98.5 2.105738705277197
99.0 0.6127882720768714
99.5 2.512270774024273
100.0 1.7044986675705203
100.5 2.285000466009166
101.0 1.434709864803442
101.5 1.6598772426253887
102.0 2.8020883546310102
102.5 1.5330620719663757
103.0 2.0897055005007643
103.5 2.5834856715327836
104.0 2.8805196854495696
104.5 1.7868464727320683
105.0 1.1317305924159777
105.5 1.9446714463044752
106.0 1.0397431242784418
106.5 2.14642462678168
107.0 0.9245042144654871
107.5 1.7224851853997274
108.0 1.8170092245801384
108.5 1.6833758325022354
109.0 1.6245799610053002
109.5 0.8359978108710029
110.0 1.3397042611111936
110.5 1.94729963758727
111.0 2.1603954045404965
111.5 1.9825524203956952
112.0 0.2
112.5 1.5631954223398672
113.0 1.9257712037509613
113.5 1.1201015257020361
114.0 1.8769208249259346
114.5 1.1225594671488524
115.0 0.8941435318987218
115.5 1.0298370973353528
116.0 1.3122002664279662
116.5 1.1969279844396912
117.0 1.8272080599417606
117.5 1.0500258982729
118.0 1.1937648898994055
118.5 0.7995198669774326
119.0 1.3020616031382635
119.5 0.9288075603514432
120.0 1.5821996584021634
120.5 1.0089568781499734
121.0 0.9805368992149821
121.5 1.0742517997241303
122.0 1.3224893181029018
122.5 1.0324609214763998
123.0 1.2548336346973483
123.5 1.2961962999369714
124.0 1.2169944083371331
124.5 0.9986096080143316
125.0 1.385729366693904
125.5 2.1999389378139877
126.0 2.9254988951093432
126.5 2.4469836366317295
127.0 3.546272711821853
127.5 0.8794786561438024
128.0 1.6981994196383834
128.5 2.17429058280738
129.0 2.0503861368828025
129.5 2.0931900233606333
130.0 2.2482762517786465
130.5 3.5160395435742853
131.0 3.0710282107561806
131.5 2.9207935204540125
132.0 2.7714405621954805
132.5 2.637215087152791
133.0 3.0666359429706356
133.5 2.605906665385077
134.0 1.9761035194396908
134.5 3.6445847552718105
135.0 1.7678986097401248
135.5 1.6511426828065365
136.0 2.6858680057368574
136.5 2.508403820194645
137.0 3.420657932334483
137.5 1.7756976226961347
138.0 2.9565621928899577
138.5 3.02277198977131
139.0 1.2106061259667396
139.5 1.0914847026457337
140.0 0.963613252598803
140.5 3.0903231482886535
141.0 2.5320286186137557
141.5 2.47486515264348
142.0 2.1226801496596335
142.5 3.5392441570111215
143.0 2.921864566588583
143.5 2.0690489372844088
144.0 1.6941518552247388
144.5 2.7169657967715066
145.0 2.8930430702735146
145.5 3.1795596254685425
146.0 2.45525360791754
146.5 4.082676931683441
147.0 2.6512746890041514
147.5 2.9747434235660535
148.0 2.5919966378209143
148.5 0.8907549244551243
149.0 2.3057113030576097
149.5 2.8476755072484927
150.0 2.9010746405270176
150.5 2.716650766734253
151.0 0.832833968688562
151.5 2.0043459941068122
152.0 1.8298183429322883
152.5 1.994659834509046
153.0 2.756889063062131
153.5 2.2707419896849066
154.0 2.770051202973102
154.5 3.3436596032089625
155.0 2.7412184547688327
155.5 2.8388865348799626
156.0 2.6518955859659403
156.5 1.3617781279818268
157.0 1.6970882320390754
157.5 2.369670925963322
158.0 2.1688556327862134
158.5 1.4577122768916106
159.0 3.696922900806246
159.5 1.7621706337871421
160.0 3.4052518183142118
160.5 2.205721934761598
161.0 1.543655843869355
161.5 1.9679448980586836
162.0 3.4690134947591327
162.5 2.9559377200674795
163.0 0.6062902386127205
163.5 1.7018132751321762
164.0 1.1291078710945683
164.5 2.6008046958059117
165.0 3.67894022844839
165.5 3.6962154056245176
166.0 2.16792666658339
166.5 0.8686353874042447
167.0 2.355833679811467
167.5 1.3275388470935408
168.0 2.102990358747528
168.5 1.1431136673835611
169.0 2.2361422629902648
169.5 2.153924271979021
170.0 2.2076031093720023
170.5 3.1270528610198927
171.0 2.1622882352730075
171.5 0.7487672507165082
172.0 1.7081296274804734
172.5 1.361063850463085
173.0 2.009552585503344
173.5 1.7478458594922546
174.0 1.6147348727534192
174.5 0.928878645255965
175.0 0.9802298311484121
175.5 1.1220787819432454
176.0 2.0549339377738463
176.5 2.2830460213397563
177.0 0.861606269827649
177.5 2.6472152718219863
178.0 1.5276706176142865
178.5 3.05459221555843
179.0 1.3274806103161625
179.5 1.006747508731083
180.0 1.1030325173563924
180.5 1.93933870619994
181.0 1.1504358654999391
181.5 0.7066617786934697
182.0 1.5206908467629656
182.5 2.925826696200168
183.0 1.0915160550054661
183.5 1.157699617232292
184.0 0.6296641147761624
184.5 0.7607276145633243
185.0 1.0958942680050732
185.5 0.8516061025311815
186.0 1.0221239522704262
186.5 1.0343787407017144
187.0 2.1958031990029427
187.5 0.6193003119051367
188.0 0.6943036008703437
188.5 0.7642388719463182
189.0 0.6768469734944575
189.5 1.9704664501478386
190.0 0.6522478323587384
190.5 0.7353610859278858
191.0 1.11246268735999
191.5 1.2252044374134305
192.0 0.9833994710535341
192.5 0.5848620098365304
193.0 1.3327166267381103
193.5 1.1073089302931622
194.0 1.2817771362463153
194.5 2.5271805518295194
195.0 0.8124860277137929
195.5 1.5384569611348569
196.0 2.100288463800668
196.5 2.0540461989388765
197.0 1.7406152737988771
197.5 0.48347630263389996
198.0 1.320816473104788
198.5 2.067240413844947
199.0 0.6900696372544306
199.5 1.38934601191347
200.0 1.7589808799406925
200.5 1.369965536200445
201.0 1.5189452015438238
201.5 1.8640048816939183
202.0 1.454284768508164
202.5 1.2280681751780453
203.0 1.8416788243847626
203.5 1.7817993958942289
204.0 1.2613587986089456
204.5 2.1842275896259298
205.0 1.1067392170179602
205.5 1.5982338161646172
206.0 0.3607718760974479
206.5 2.180674758101599
207.0 1.1907372181538343
207.5 0.8287969196227822
208.0 2.6149482684676375
208.5 2.7261653043448915
209.0 2.6016462091470416
209.5 1.8584332836721087
210.0 2.4313822546149497
210.5 0.8563333548173773
211.0 2.873508048131457
211.5 0.6624736487901473
212.0 1.364144692127598
212.5 1.888575048756949
213.0 2.681604937302583
213.5 1.277066849270114
214.0 2.8854503310543143
214.5 1.4621199499269655
215.0 2.174932703722414
215.5 1.596206119019289
216.0 1.4687824840529167
216.5 2.533396018040695
217.0 3.7497320498607465
217.5 3.5392366943814464
218.0 1.2894649991991418
218.5 1.3589289267217055
219.0 3.2590253004479472
219.5 1.9403751144721002
220.0 2.7882534205784415
220.5 1.6880740940624652
221.0 2.1999892077315835
221.5 3.5304140246304647
222.0 3.199024036193932
222.5 2.3194735460007845
223.0 3.0588980516399187
223.5 0.29880430870575525
224.0 3.209972415804841
224.5 1.8264005764121438
225.0 3.6758832838689237
225.5 2.7167056091148627
226.0 2.0053500702771
226.5 1.87235916239506
227.0 0.4206245896928593
227.5 4.307892597971157
228.0 1.980169000841759
228.5 1.7189573570853662
229.0 0.8964692695671308
229.5 2.898772335114365
230.0 1.155729402203994
230.5 1.2058745679143719
231.0 3.4444984799591563
231.5 2.127457224491814
232.0 0.47088944598172144
232.5 3.0263375999569226
233.0 1.074605720281498
233.5 1.3981419461540732
234.0 1.4813913375467846
234.5 1.2368442955205117
235.0 1.6543669968722374
235.5 0.9164172097635241
236.0 1.0917920537330803
236.5 1.4691445946817336
237.0 1.4181439162667693
237.5 1.2370800175306653
238.0 1.2898923239604483
238.5 1.806072319671845
239.0 0.6451349589593535
239.5 0.6805576571403096
240.0 1.5246203522023865
240.5 1.1390155240230138
241.0 1.0080026387247054
241.5 1.1933486145321277
242.0 1.2689533124771664
242.5 1.3068597523668748
243.0 0.6650614867617252
243.5 2.012176482460692
244.0 1.2938475540766934
244.5 0.9892954026255423
245.0 1.4724901030886743
245.5 0.9186386373849333
246.0 1.8913493896443607
246.5 1.4719005991272518
247.0 1.223610899137714
247.5 1.4107752583934494
248.0 1.9898834680772934
248.5 0.6392422974468908
249.0 1.6834024261760479
249.5 1.9791077070234941
250.0 1.9717726044636479
250.5 1.4441060340451388
251.0 1.5054785922062965
251.5 0.8311513712957743
252.0 1.4545799214603656
252.5 1.156126204128086
253.0 1.0271278305463003
253.5 1.3291618934307827
254.0 2.3758255470411207
254.5 0.2
255.0 2.4525611589145346
255.5 2.677699925478499
256.0 2.5597953922596903
256.5 0.8751376372117112
257.0 2.3928699659102115
257.5 1.021573398563013
258.0 1.135505607874795
258.5 2.9015674049247018
259.0 1.138459259927357
259.5 1.7168646043725253
260.0 2.0708009034046495
260.5 2.514540749461377
261.0 1.90145979123276
261.5 2.1140994417662355
262.0 1.6454140058494429
262.5 1.3676339889059173
263.0 2.278324612506066
263.5 0.39545922084336627
264.0 1.4335076952807084
264.5 1.2985867912049605
265.0 3.0791438693189175
265.5 1.8864998269160949
266.0 2.4309345818535895
266.5 1.007623949994541
267.0 2.3448801802610775
267.5 0.62253695558305
268.0 1.9314031520378516
268.5 1.5898461323863988
269.0 2.3898079494949176
269.5 1.6484348298653466
270.0 2.0987062095293925
270.5 3.24903514921532
271.0 1.7983563025422546
271.5 2.6241150284355355
272.0 3.14312656518693
272.5 3.8794191624722663
273.0 2.578252135647219
273.5 3.4196231208143173
274.0 3.0466828443446916
274.5 1.1426516501963007
275.0 0.9583086178998574
275.5 1.218385528068967
276.0 1.149218694169385
276.5 0.9098424582703725
277.0 0.8165892941410757
277.5 1.1435416913938794
278.0 1.7428092180812054
278.5 1.0411239719474752
279.0 1.8738968897008998
279.5 1.6420372803254242
280.0 1.5300645117934022
280.5 2.0271375757816656
281.0 1.5422864243874561
281.5 1.7696374043968142
282.0 1.3786753550115178
282.5 1.127117162587656
283.0 1.6482725205099937
283.5 0.4036762285173817
284.0 0.8260607420189737
284.5 0.980476605409336
285.0 1.1265425190191798
285.5 0.5636553815044925
286.0 0.7139605288997495
286.5 0.6891318006382604
287.0 0.6138398879548037
287.5 0.6718809376667956
288.0 0.7638445656797714
288.5 0.5121632888786203
289.0 0.5403817885650799
289.5 0.7043863371215426
290.0 0.7503107194105247
290.5 0.4983640931782534
291.0 0.5361102664650808
291.5 0.8591058662651867
292.0 0.7345740794982163
292.5 0.7352635663600062
293.0 0.9061729026296854
293.5 0.5077200967050102
294.0 1.864104900581607
294.5 1.2136547025301643
295.0 2.7089239446464237
295.5 1.9095857819088105
296.0 1.352491326441106
296.5 1.278393038906494
297.0 1.0324269287999988
297.5 1.040808122217424
298.0 0.5450698150463109
298.5 1.1312804595714314
299.0 0.6036694843210688
299.5 1.1282389469444434
300.0 1.0862121241615414
300.5 1.1442566883051049
301.0 1.1818009418755224
301.5 0.9360864643426337
302.0 1.04410030156824
302.5 1.318644995745814
303.0 1.2280756295912894
303.5 0.7924060361424097
304.0 1.3075677158046708
304.5 0.3001909491837381
305.0 0.5062489291082706
305.5 0.7929302890225818
306.0 1.3369322577059664
306.5 1.4080984623706894
307.0 0.9621142869622847
307.5 1.3279765183708592
308.0 1.2064790003996633
308.5 0.7370345140845981
309.0 1.3357573194059937
309.5 1.5183496187776198
310.0 1.1836791176940542
310.5 2.006891130896088
311.0 2.0383009237990173
311.5 2.016070658993226
312.0 1.4366229806886328
312.5 1.6597256501828872
313.0 0.9553821373806979
313.5 1.5168467017600806
314.0 1.5808782127909295
314.5 3.2072896983778314
315.0 0.5338693072022695
315.5 2.266203160577639
316.0 3.800604435044283
316.5 4.227207382198143
317.0 1.0988263143716372
317.5 2.51328461566471
318.0 2.0275867782846415
318.5 3.1085123793841296
319.0 2.5961228597373425
319.5 1.9440652760552424
320.0 2.9525515682339245
320.5 1.3940470853953424
321.0 2.408692708505914
321.5 3.335522188834843
322.0 0.9461745564892543
322.5 0.9183330935218498
323.0 1.6892539410491938
323.5 0.9781039334226189
324.0 0.4401543685016259
324.5 0.9299701622997425
325.0 1.0266605667063178
325.5 0.8833663512002051
326.0 1.3985538665302333
326.5 1.72524556483497
327.0 1.3070212865205155
327.5 0.7834524237178248
328.0 1.5633700759152438
328.5 1.101880140162301
329.0 1.2829490766895773
329.5 1.825894445472861
330.0 1.5637670197158762
330.5 1.0358818640820306
331.0 2.5891719067284136
331.5 1.090153334596326
332.0 1.38962756169555
332.5 2.6764590956765044
333.0 1.7665337683824054
333.5 1.4628074786745777
334.0 2.1486918765758967
334.5 2.2789500348963356
335.0 1.522232935107084
335.5 0.9668323148963802
336.0 0.8504740204662371
336.5 2.3353785691389404
337.0 2.055172427764744
337.5 1.4466437979603766
338.0 2.090488618226861
338.5 1.870292392809548
339.0 1.197348365919587
339.5 1.8816609427853002
340.0 1.4169786151615564
340.5 1.6223447963668731
341.0 0.6723081901597836
341.5 1.5271131631442016
342.0 0.995056279044053
342.5 0.775145434844728
343.0 1.5028630019550757
343.5 2.829831276649534
344.0 1.5225442781944163
344.5 1.6717889726978679
345.0 1.4536090823083756
345.5 1.2613549818266039
346.0 0.6595211005274959
346.5 2.746766898158415
347.0 2.343072443787041
347.5 1.3552932695415953
348.0 1.106593184945777
348.5 1.4383313194184915
349.0 1.8803965364731194
349.5 2.364244814690772
350.0 1.8459693742964023
350.5 1.718830706592568
351.0 1.7146744194515733
351.5 1.3834341775110952
352.0 0.8233314846526758
352.5 1.276550086062823
353.0 0.9891474902586127
353.5 0.9166815412181792
354.0 1.9265045491097228
354.5 1.6144696021888394
355.0 1.4925415704041538
355.5 1.0737123764324892
356.0 1.7424219223044566
356.5 0.40431243895304425
357.0 1.0426300163937858
357.5 1.540053936253451
358.0 0.941293729282384
358.5 1.88990057885251
359.0 1.9532816643006468
359.5 0.5832903422792106
360.0 0.9327166549571166
360.5 1.0821503554586818
361.0 1.7427906165469675
361.5 1.0394369074392262
362.0 1.1125338842183907
362.5 2.3010062406923777
363.0 2.549300006496314
363.5 2.335017706907129
364.0 2.039002947003507
364.5 2.749199607938091
365.0 1.5116409842905631
365.5 1.8763750701970134
366.0 1.5007097020257292
366.5 2.1028128130741552
367.0 2.4184419235614794
367.5 1.5611543510289532
368.0 2.2190907033092495
368.5 2.2466831629606983
369.0 1.533499141055545
369.5 1.737998938674893
370.0 1.112954186919045
370.5 2.0894546175108775
371.0 2.9526674426355104
371.5 1.1971752395142436
372.0 1.7984677364054733
372.5 1.1225920398831528
373.0 2.298974046659573
373.5 1.8500809181241982
374.0 2.4273487186840446
374.5 1.3322623860842975
375.0 1.3950829192908172
375.5 1.517377100086394
376.0 1.9785230894673067
376.5 1.6242058339718932
377.0 1.2638433094412986
377.5 2.4391150236364467
378.0 2.8626017617363533
378.5 2.6089210067944046
379.0 1.2853149957787697
379.5 0.5370402650112032
380.0 2.400104562762509
380.5 1.2218666490950447
381.0 1.9489363320388366
381.5 1.4565713887670888
382.0 2.336005930464191
382.5 1.7895704860670827
383.0 1.7022171376985948
383.5 0.854786522797019
384.0 2.044545861271631
384.5 0.2
385.0 2.372142470706337
385.5 2.6530504949966356
386.0 1.424406939629245
386.5 0.9520188540761296
387.0 0.6715807999055334
387.5 2.1211701083147303
388.0 1.7321643555371016
388.5 2.43044841934236
389.0 1.1721910583739492
389.5 0.8241604696492267
390.0 0.879503679579441
390.5 1.0284781967596
391.0 1.100435299038808
391.5 1.0193006891845489
392.0 0.6830218572883268
392.5 1.0098683868029794
393.0 1.1207757463753292
393.5 1.110092665452766
394.0 1.2422589023213542
394.5 0.6758105020519777
395.0 0.6131593166664576
395.5 0.7575079108058085
396.0 0.6350481677755369
396.5 0.6627019337019988
397.0 0.7525360668897312
397.5 0.8866983125587695
398.0 0.7066680211939647
398.5 0.6406973202250825
399.0 0.8564050627709465
399.5 0.6566434475866103
400.0 0.7991738655951179
400.5 0.6122369177422247
401.0 0.7780997972130048
401.5 0.7563431346238785
402.0 2.299366513691095
402.5 1.9237962913118072
403.0 1.9187951373486047
403.5 1.3646651401991443
404.0 1.3229974203162373
404.5 0.8636899200626365
405.0 1.2948542954668627
405.5 1.4575595775848904
406.0 2.398828833004532
406.5 1.844468383594717
407.0 1.8874701974986405
407.5 1.3873168270160865
408.0 2.541888949407986
408.5 1.4866238574208102
409.0 1.6788452072066025
409.5 1.9178129997737594
410.0 1.949907929873189
410.5 1.738126185310041
411.0 2.6355770227088007
411.5 1.502368653227075
412.0 2.0581856973142925
412.5 1.0327223923428783
413.0 1.292829250639711
413.5 1.7209940043031122
414.0 1.8127944244230088
414.5 0.9930357044361755
415.0 1.8302558060896
415.5 0.8050893972242152
416.0 1.0113012803527968
416.5 1.7909963260927617
417.0 1.3261855906676083
417.5 1.5211796029211162
418.0 1.4078990325307639
418.5 1.725305939688785
419.0 1.095219881607117
419.5 1.133891659791621
420.0 1.2780874397045192
420.5 1.554225131983297
421.0 0.7778592843313928
421.5 1.59686679627065
422.0 1.8753608730518805
422.5 2.5040771481859547
423.0 1.3398066644394704
423.5 0.7544641193374853
424.0 1.6637674983808706
424.5 0.8060963014586209
425.0 0.7901053305206456
425.5 1.0260722361563166
426.0 1.7585233688794593
426.5 0.9822599230062153
427.0 1.0772662267433193
427.5 1.5673989415771024
428.0 0.7274873293491497
428.5 0.735015486391207
429.0 1.551390261784556
429.5 1.530971925584324
430.0 1.070867619374605
430.5 2.7827363484535947
431.0 1.2085229637045032
431.5 2.648090822567225
432.0 1.604154424908777
432.5 2.11301992545523
433.0 2.9454498854177817
433.5 2.201044477689106
434.0 1.9917278215833014
434.5 1.3976918899885475
435.0 3.5905894232877547
435.5 2.2770523341156976
436.0 3.276309010469631
436.5 1.8739247922747375
437.0 0.9037763508405237
437.5 1.1737128357423288
438.0 1.0098851971910703
438.5 0.6799063635625213
439.0 0.9203158172492492
439.5 0.7103053236718125
440.0 1.0056549663241037
440.5 0.5027089611607051
441.0 1.1060964308897414
441.5 0.9457718410044069
442.0 0.6734416785550297
442.5 1.0257501442533346
443.0 1.1298165719357558
443.5 0.8905733840088372
444.0 1.0483021672269173
444.5 0.8196121569250816
445.0 1.1695687248984519
445.5 0.9839396072270851
446.0 0.6469444862340957
446.5 1.2020229064979269
447.0 0.8144269347747648
447.5 0.8637801201183757
448.0 0.9206786901624748
448.5 0.6734224276661248
449.0 0.9316540827709253
449.5 0.8548547426204494
450.0 0.847192235387981
450.5 0.6689718568266261
451.0 0.937118268568839
451.5 0.9969214222495592
452.0 0.8445486703134625
452.5 1.1095937010510992
453.0 0.8641415637722134
453.5 0.873610348944661
454.0 1.1920623950272784
454.5 1.096282742613273
455.0 0.9581078658732246
455.5 1.2144780537199669
456.0 1.0781666235188068
456.5 2.190404312632678
457.0 1.1273928734500296
457.5 1.8683874051491278
458.0 1.6041001878898706
458.5 1.9860527063892106
459.0 1.8710583075942417
459.5 0.5487879163065041
460.0 1.8493034658834526
460.5 1.4389627650593964
461.0 1.270282571939585
461.5 2.274954767027822
462.0 3.01845148567128
462.5 1.7015051752786963
463.0 0.8145341725690626
463.5 1.0706482202891767
464.0 0.9684891756886785
464.5 0.7750019635926824
465.0 0.6609137961232268
465.5 0.8101789963810275
466.0 1.3786949159897077
466.5 1.8234522138470433
467.0 0.7488238304418838
467.5 1.4593001079386854
468.0 0.7492125674712767
468.5 0.7452583628983235
469.0 0.6614106843560875
469.5 0.6834612537255507
470.0 1.2193105067731926
470.5 0.9320042120617177
471.0 1.7906838382456693
471.5 1.4530165103420682
472.0 0.7316946395551825
472.5 1.3474623217508257
473.0 1.3090490274284203
473.5 1.7645490538144497
474.0 1.2634143446255832
474.5 1.79575088251722
475.0 1.532407635293509
475.5 0.9832139564741609
476.0 0.9977347565538599
476.5 0.9087595929522113
477.0 1.314619780215133
477.5 1.1786103202442302
478.0 1.1684379191151917
478.5 1.7052122396450298
479.0 0.6646956382684974
479.5 0.9155291670702007
480.0 0.7091099708928853
480.5 1.8946100252329308
481.0 1.1562294293565025
481.5 1.417763064336218
482.0 1.559710270117308
482.5 1.301680722075797
483.0 1.141585431437977
483.5 1.6085193315090498
484.0 1.0371918442238748
484.5 1.3361612790237696
485.0 1.777582774175706
485.5 1.6579532115893683
486.0 0.2
486.5 1.299901359384383
487.0 1.8662515946233922
487.5 2.07342171374966
488.0 2.3860381127087535
488.5 2.5175914164104336
489.0 1.303516532614204
489.5 1.6284359430713748
490.0 0.5844245346146677
490.5 1.050700232000702
491.0 0.7062423790520085
491.5 0.6920078997333736
492.0 0.5569011312602447
492.5 3.2763318636534833
493.0 1.7440024868249686
493.5 2.0737484774644064
494.0 1.8958520257181581
494.5 2.313699111285164
495.0 2.479141305531837
495.5 2.8837742851803165
496.0 1.8966135182049277
496.5 2.217500950018436
497.0 3.955257911240169
497.5 2.720166767657636
498.0 2.3742745541630716
498.5 1.72763667722965
499.0 2.0101213896866095
499.5 2.731931266021369
500.0 2.7099709168257364
500.5 1.6362778843440653
501.0 2.645482706077325
501.5 2.280915222828148
502.0 0.8848270322248311
502.5 3.283964300346745
503.0 1.2916736304547283
503.5 2.925166355734632
504.0 2.151282632257459
504.5 1.5930806271983764
505.0 3.1751991116708043
505.5 1.7456984329034309
506.0 1.9430671095921805
506.5 1.4875918022018002
507.0 1.3680498816167512
507.5 1.8401762960161645
508.0 1.5216373594832748
508.5 0.6888125876376993
509.0 1.4192229944330284
509.5 1.7997857706898914
510.0 1.1773790202207604
510.5 0.8636178046945802
511.0 0.7352068219884735
511.5 0.7653775560014533
512.0 0.6796034691720878
512.5 0.807561174944569
513.0 0.6981483439951912
513.5 0.7015306852169028
514.0 3.34915779631505
514.5 2.4147564787351805
515.0 1.7522943977120025
515.5 1.7192118652566117
516.0 2.4071165581722935
516.5 2.8980419054735576
517.0 2.209832356198869
517.5 1.460586774392683
518.0 2.0652254608026865
518.5 2.331326006806128
519.0 2.170319551488335
519.5 2.513191416714479
520.0 1.6303074498972119
520.5 2.4351311418555754
521.0 1.389972858772412
521.5 1.3449162027248627
522.0 0.4332768092574979
522.5 1.3050057678321465
523.0 3.6270596638554875
523.5 1.9491241436890079
524.0 3.607440543135332
524.5 3.9476882806532103
525.0 2.0990836837163243
525.5 2.170097635863801
526.0 2.963351256074125
526.5 2.9286386765174144
527.0 2.288094211657035
527.5 2.9059914758892647
528.0 1.8273883825291743
528.5 2.4396013795341953
529.0 2.328945595723081
529.5 2.412012695253612
530.0 0.6643357147755498
530.5 0.6835518511874453
531.0 0.8059235903632367
531.5 1.0902402647617921
532.0 1.1875805752758772
532.5 1.13504318569281
533.0 0.7601846552822904
533.5 1.8765757611712552
534.0 2.6845101590094695
534.5 2.1768967425229313
535.0 1.710079161320504
535.5 1.874914476001094
536.0 1.4279273686444305
536.5 1.8083471336239132
537.0 0.8476375188755984
537.5 1.4433921323911016
538.0 2.114956536674596
538.5 1.9786211941376444
539.0 1.458603771730818
539.5 0.8814785165487161
540.0 0.727890622100708
540.5 1.172283979845993
541.0 2.082225497355151
541.5 2.4862639449425084
542.0 3.315215863989411
542.5 2.754661329403077
543.0 3.19432141398262
543.5 2.2267565048779434
544.0 1.0993607613979173
544.5 1.8804079451433546
545.0 0.8006214112021679
545.5 1.2115824526975827
546.0 2.402791675913712
546.5 2.4117323520873057
547.0 1.6228808898237814
547.5 3.5018558334721255
548.0 3.0424542485408703
548.5 1.674494960917552
549.0 2.777038838421125
549.5 3.5694394922932404
550.0 1.5071066336941783
550.5 2.998582646872777
551.0 1.71266185516709
551.5 1.560186493943381
552.0 1.4406808178235713
552.5 1.9193110562975428
553.0 0.9896003867056847
553.5 0.4036383713723648
554.0 1.471766639273981
554.5 0.6982636667658162
555.0 1.3723230254360024
555.5 1.0946132940339852
556.0 1.3267415475928481
556.5 1.4883442866627266
557.0 1.411687267538475
557.5 0.8274497966787302
558.0 0.8824059070012079
558.5 1.3330552500961554
559.0 0.9119504171016953
559.5 0.8884056427901578
560.0 1.0861544826343708
560.5 1.732096509620538
561.0 2.948144260224095
561.5 1.102400783714086
562.0 1.054266926319999
562.5 1.1580839573057184
563.0 0.46924080045251115
563.5 1.3158201145585873
564.0 0.985662575618253
564.5 0.6772017848954984
565.0 1.2458345242488051
565.5 1.559608792433193
566.0 1.0565739070365285
566.5 0.7247748984979271
567.0 1.8031093743344877
567.5 1.7339980254720968
568.0 1.3535397288895448
568.5 1.2644930657004587
569.0 2.1728093916053735
569.5 2.291159924285215
570.0 1.5955561454207228
570.5 0.8338263406239403
571.0 0.2
571.5 2.015805509381841
572.0 2.240178112914727
572.5 2.2218011297473836
573.0 1.6903927079747247
573.5 2.4332768798778757
574.0 0.762821887571389
574.5 1.0995226345310123
575.0 2.34865452619583
575.5 2.9666332407714737
576.0 3.1492850059618127
576.5 1.7719918307766003
577.0 1.4442348701152938
577.5 2.9504182666282546
578.0 0.7681675239507337
578.5 0.9461071347910052
579.0 0.6667029953283056
579.5 0.8609633586623291
580.0 0.943839613756008
580.5 1.0237920896310866
581.0 0.6114841109564984
581.5 0.5418252022849657
582.0 0.6350378313994836
582.5 0.948898551398397
583.0 0.8256594886599139
583.5 1.8650318742066154
584.0 1.135483274236112
584.5 1.3655531618208627
585.0 0.6324252699427105
585.5 0.794374317372857
586.0 0.561183005471027
586.5 0.8561032817652983
587.0 1.4576326870342213
587.5 1.5749061622311233
588.0 1.7984873494036742
588.5 1.8753337263184242
589.0 1.3793753788504157
589.5 1.470755122811523
590.0 1.1973862786458196
590.5 1.5345125211538249
591.0 2.5856072391521954
591.5 1.826889670911545
592.0 2.5066615466708733
592.5 1.345365599169222
593.0 2.172484212515433
593.5 1.88550841430744
594.0 2.6027212196403435
594.5 2.3757016262945396
595.0 2.1108784614320153
595.5 0.8368283687953142
596.0 1.037575627694661
596.5 1.4636278854920202
597.0 2.0584148737554244
597.5 1.2222411963428588
598.0 1.8837565399721892
598.5 1.596897269368647
599.0 2.477005857173567
599.5 1.6132946503957513
600.0 1.9166991588999944
600.5 1.7448598888778974
601.0 2.2174145175873505
601.5 2.222128129341124
602.0 3.420145314909017
602.5 1.8632072574551812
603.0 1.3308320809853618
603.5 1.6702698188747909
604.0 1.4087515125053796
604.5 0.7542281095180353
605.0 2.2598795718514397
605.5 1.4440141629584564
606.0 0.8159150363358962
606.5 1.345444500325777
607.0 1.096446879228914
607.5 1.1623419612169998
608.0 1.3220453698319838
608.5 1.2648465721169149
609.0 0.9764172418385364
609.5 0.692190693837909
610.0 1.5071839464066747
610.5 1.06632686604753
611.0 1.0474043352761626
611.5 0.8631256249705971
612.0 0.8505416576627353
612.5 1.4205643719430072
613.0 1.5131367121710686
613.5 0.9486809083176688
614.0 1.0571199314747863
614.5 1.317071327167544
615.0 0.8967916193306594
615.5 0.9383324973163057
616.0 0.8023200828925121
616.5 1.370109311793627
617.0 1.8604422756334262
617.5 1.8789168263753648
618.0 1.2299168142287757
618.5 3.205861820399541
619.0 1.9260524469323457
619.5 1.5414798347217713
620.0 0.517248848000891
620.5 0.6340254698314232
621.0 2.4006956791846124
621.5 3.4417952227969724
622.0 2.364064094834274
622.5 1.5454050263047479
623.0 3.5831359789907338
623.5 2.8157195553598346
624.0 1.7394325823304886
624.5 2.685419811601893
625.0 1.9300449884597897
625.5 0.3229327698978701
626.0 1.3615353785172084
626.5 1.4020614801882443
627.0 1.535199628170806
627.5 2.0966886432737963
628.0 2.212977288199678
628.5 2.2414574351214567
629.0 2.520091436776056
629.5 2.1836671983513694
630.0 1.2284935451971641
630.5 2.04400128491902
631.0 2.0119146182732317
631.5 2.3715169813922192
632.0 1.529461399781312
632.5 1.3308821743136434
633.0 2.0595941009257905
633.5 1.209691832130794
634.0 1.6985707956774005
634.5 1.4474358724783947
635.0 1.9115355909965384
635.5 1.126768330247617
636.0 0.22332238903882007
636.5 1.6230347179203468
637.0 1.4880254554249477
637.5 0.4173110727182068
638.0 0.7821396151865673
638.5 2.3132857976793506
639.0 2.046044754420505
639.5 2.038731599731981
640.0 1.2531642055579963
640.5 1.6267617145399624
641.0 2.0867845246452577
641.5 0.2829316088806415
642.0 1.9482783317958043
642.5 1.0512597640235557
643.0 1.2362686286140223
643.5 1.2295881190694924
644.0 1.1821542646433827
644.5 1.4153615674440176
645.0 1.835119735598407
645.5 0.7455903089057976
646.0 0.6233526069160462
646.5 0.6450885664946555
647.0 0.7369500772743987
647.5 0.6514999763901608
648.0 0.6552800734636821
648.5 0.7338153599988364
649.0 0.6949978315994483
649.5 1.1165756089668215
650.0 1.0836244922269658
650.5 1.0101571843141097
651.0 1.2367535809100254
651.5 1.0382218903990608
652.0 1.187936477894146
652.5 1.297668084718938
653.0 0.8808424334328926
653.5 0.9587005042788062
654.0 0.6229001479525148
654.5 1.0576407515565465
655.0 0.943670555742431
655.5 0.7639692455918484
656.0 1.0388359411759318
656.5 0.6510863189412349
657.0 0.9967568493621368
657.5 1.3100736379216258
658.0 0.6975206270486991
658.5 1.0610185461419412
659.0 0.9243349944338973
659.5 1.0187354962756006
660.0 1.338113578617695
660.5 1.031063077260525
661.0 1.1637237786569443
661.5 1.5208210379371865
662.0 1.2708482312524718
662.5 1.6179121970672665
663.0 0.9713453109010909
663.5 0.4988367770165332
664.0 0.8884101145088511
664.5 0.9624702738890267
665.0 0.9504247733949011
665.5 1.1639173487976646
666.0 0.9304751910426053
666.5 1.2679996458286817
667.0 1.071306123710039
667.5 1.503771221258277
668.0 0.739788056853464
668.5 0.7841586816777206
669.0 2.0310878822119913
669.5 2.305088046320032
670.0 1.2935417392194362
670.5 1.39643659445966
671.0 1.3560700625948043
671.5 2.8372475433139153
672.0 3.31607815670903
672.5 1.1864859991686583
673.0 0.9163797344910192
673.5 2.795162355802585
674.0 2.5031196161947618
674.5 1.662790172806367
675.0 1.8568961410167408
675.5 1.9671013089440743
676.0 1.333945979774156
676.5 2.604999714856697
677.0 2.6494079072256174
677.5 1.38104548422661
678.0 2.4169205892409082
678.5 2.3363897955847337
679.0 1.2787135913754701
679.5 1.0534674428586641
680.0 1.9837919474515373
680.5 0.7909936396685089
681.0 1.0839331784030921
681.5 2.444831728038403
682.0 2.145058575078298
682.5 1.633047524432424
683.0 1.960953438433881
683.5 0.7799946400824567
684.0 4.779695308989497
684.5 2.2723683018478296
685.0 2.7229204042746606
685.5 1.276369620472485
686.0 2.345274092410276
686.5 1.1330763653470288
687.0 1.836553209500858
687.5 0.6735524393013941
688.0 2.4849594933738706
688.5 1.7946387337817695
689.0 0.9953482305055013
689.5 0.31131075618651516
690.0 2.847673631936729
690.5 2.200123542063956
691.0 1.3507882843168855
691.5 2.9170674342745295
692.0 2.621006315167288
692.5 2.650306301141624
693.0 3.6413865569604607
693.5 0.8092225993323633
694.0 1.0353018586877072
694.5 1.3056585335138222
695.0 0.8537711565500037
695.5 0.95458591892262
696.0 0.9700646751232688
696.5 0.9422852585137119
697.0 1.2522644054853278
697.5 0.9720926082001562
698.0 0.7213471629123386
698.5 0.8607296747779927
699.0 0.9607504106540135
699.5 0.3926315302467541
700.0 0.926627067310697
700.5 0.7444091681284047
701.0 0.7326233380417964
701.5 0.629295334927151
702.0 0.7835132652555914
702.5 1.2828035580554813
703.0 0.9962875306912564
703.5 0.9960638408489847
704.0 0.8090737331369896
704.5 1.0560720779492812
705.0 0.7832191500150723
705.5 0.9250558036982675
706.0 0.8097952598213911
706.5 0.7010765696675507
707.0 1.0220793807746658
707.5 0.9315885699408982
708.0 0.5347783793417539
708.5 0.5288695273261189
709.0 0.7688015985537211
709.5 1.124074898852279
710.0 1.0052187824219527
710.5 0.7558365733446699
711.0 0.6044827110135466
711.5 1.8376299227832924
712.0 1.3838560605359622
712.5 1.5029773403984987
713.0 1.200815801657336
713.5 1.8598060808488401
714.0 0.825322313712974
714.5 3.5893103233146224
715.0 2.343238880473498
715.5 1.6946160016579046
716.0 1.855019485593167
716.5 1.7873337201099986
717.0 1.7588054764085914
717.5 1.556700092153425
718.0 1.3520913390096023
718.5 0.9182077679022179
719.0 0.5442720158745831
719.5 2.5672310553515834
720.0 3.3501133360526643
720.5 0.6997504201565186
721.0 3.205545766409966
721.5 3.9368772235004386
722.0 2.2271784778937325
722.5 3.672524533471259
723.0 5.999323299703785
723.5 3.33608028211047
724.0 2.262209184254832
724.5 0.6050357162585234
725.0 2.4768163029148997
725.5 1.2930124614112848
726.0 3.5572404111920877
726.5 3.859008613614135
727.0 2.6288456324632574
727.5 1.5402248093550894
728.0 1.4804862728051238
728.5 1.0089843177571596
729.0 0.8141465982859318
729.5 1.0793476792813705
730.0 1.4379254827666923
730.5 0.8014777696774069
731.0 0.6390993585241744
731.5 0.5723712139968035
732.0 1.0846797623787086
732.5 0.7714688043260816
733.0 1.0791856259277581
733.5 1.0185124650070814
734.0 0.853154467058731
734.5 0.852439687442103
735.0 1.2134422246188228
735.5 1.0330713729499055
736.0 1.0095849967837813
736.5 0.8015104380660276
737.0 0.8227732944582539
737.5 1.1338132489555257
738.0 0.8399870218789527
738.5 0.9471853481170096
739.0 1.22825928346036
739.5 1.232962977320868
740.0 1.9017414015815781
740.5 1.4600245733323243
741.0 1.1154787233173526
741.5 1.2020945461540773
742.0 1.1884532426730494
742.5 1.2561406119474148
743.0 1.256180551922593
743.5 0.8350678579398243
744.0 2.1132365827954347
744.5 1.5877917044550525
745.0 1.491147114717264
745.5 1.8682162132420919
746.0 2.083846001367854
746.5 1.3960211466432892
747.0 1.0569365546026643
747.5 1.0923701855467922
748.0 0.7737709770990029
748.5 0.7675327034949309
749.0 1.4558101664234506
749.5 0.7007982555131138
750.0 1.3638833270023087
750.5 0.7858350856046558
751.0 1.345371377444199
751.5 0.4353959709454145
752.0 1.407603478969535
752.5 2.1799222737895807
753.0 2.1331976654766027
753.5 3.584984047476043
754.0 2.5220459411182694
754.5 2.819807915803746
755.0 1.4555144238424909
755.5 4.243399680740554
756.0 2.573856780503828
756.5 2.405114874894821
757.0 2.767412497488799
757.5 2.9652941440471885
758.0 2.5122900533179746
758.5 2.277188732903145
759.0 1.3852373943071155
759.5 1.3840812301119618
760.0 1.8775103178583636
760.5 2.961796231112367
761.0 2.4797437867191956
761.5 2.905183330487307
762.0 3.0486775054600876
762.5 2.625714966353192
763.0 1.1822983387269588
763.5 0.9082822760461762
764.0 2.693177295059847
764.5 1.4748241785147673
765.0 2.1879104062724206
765.5 1.481815919091382
766.0 1.9204927699657377
766.5 1.9724092952276202
767.0 2.2068724254516674
767.5 4.333705864476273
768.0 2.123379277419467
768.5 2.2853923092349713
769.0 3.435571089150133
769.5 2.1465193701098206
770.0 1.9718655155280145
770.5 3.72531861010264
771.0 1.4022296823035993
771.5 3.471994362623904
772.0 2.4836014006267226
772.5 1.746424376475201
773.0 3.2492774342583437
773.5 3.731998606434302
774.0 4.01158911670667
774.5 1.0336629714710146
775.0 3.238996490438666
775.5 1.5273700516780684
776.0 2.8602216377778724
776.5 1.5433671338638837
777.0 3.595760932416263
777.5 2.020113752488785
778.0 1.5320147896991747
778.5 1.5049105728979777
779.0 1.778563913739342
779.5 0.43369611630596183
780.0 1.5316319874530788
780.5 2.7280552031321936
781.0 2.4306247340561757
781.5 0.33259068097955824
782.0 4.363072031986741
782.5 3.6684403575723987
783.0 3.232708653146654
783.5 1.6151059356499904
784.0 1.1346065133776604
784.5 3.5041561391887233
785.0 2.9427089204371364
785.5 2.878537674801123
786.0 2.679982867929623
786.5 2.5953149306836094
787.0 1.660988362340472
787.5 1.3231319941433486
788.0 1.0056927514066694
788.5 1.289169360868764
789.0 2.0265650657085468
789.5 1.1032316927328956
790.0 1.9475313483984162
790.5 1.994075871519227
791.0 1.2229561571705192
791.5 1.3956543879180026
792.0 1.1685987776743325
792.5 3.1621894525233945
793.0 1.5172109844457364
793.5 1.7509144746875087
794.0 1.05619054300498
794.5 1.821633250608159
795.0 4.061600779626353
795.5 1.8245264401648775
796.0 1.694259600799394
796.5 2.0966398103616797
797.0 3.2922006444421186
797.5 0.987746148916526
798.0 1.4207812694232
798.5 1.686760498715913
799.0 1.6505552445408964
799.5 0.8074943562495247
800.0 1.0416409464200211
800.5 1.1504073312694971
801.0 0.3734600161272905
801.5 1.0325896043342566
802.0 1.3338015173167044
802.5 1.2653666342562424
803.0 1.1610268018349825
803.5 0.6698989220890563
804.0 1.716883975285616
804.5 1.9888475265988317
805.0 2.5577318356894745
805.5 3.2055160250601427
806.0 1.3638488992301718
806.5 2.783930270148171
807.0 1.444166202771594
807.5 1.6078105003115142
808.0 2.6060399363278153
808.5 3.9620926600325843
809.0 0.2
809.5 0.33727459889943723
810.0 2.495846466587542
810.5 2.3678733366171305
811.0 1.4401775501594587
811.5 1.1207293799367999
812.0 1.9797693169442119
812.5 2.1400659518619887
813.0 2.1705508994537985
813.5 1.4451316456562342
814.0 1.086184610427257
814.5 2.5749626199361497
815.0 1.359395371156621
815.5 2.833004512773003
816.0 3.26036764402447
816.5 1.4438740772440588
817.0 3.842448192874415
817.5 2.2988434187513977
818.0 1.9277035658151562
818.5 3.796366338347515
819.0 1.6332194484380884
819.5 1.7096519738377416
820.0 2.0320108106885457
820.5 1.9037233854661606
821.0 1.898516335084903
821.5 2.6554989818787567
822.0 0.8148572160137497
822.5 1.345267831769365
823.0 1.594518539112761
823.5 1.17917860936066
824.0 1.5309669234412757
824.5 1.287977567021973
825.0 0.7925547748387467
825.5 0.9551412952257309
826.0 2.324794639656254
826.5 2.3783657284454907
827.0 0.3148640814872987
827.5 2.3048618888003856
828.0 0.71458895079344
828.5 1.7865197393442118
829.0 0.27269066201331116
829.5 2.0938367861251352
830.0 2.6473946452875015
830.5 1.9145326548986297
831.0 2.080938827140961
831.5 2.5583064480703177
832.0 1.7732105980153865
832.5 2.1584010997733487
833.0 3.0152243256849474
833.5 2.6977383805183033
834.0 1.1865391494113124
834.5 3.4640455581910636
835.0 1.3396393609047679
835.5 1.947096752281596
836.0 1.4690570761709805
836.5 0.598905733212098
837.0 1.5510209105002244
837.5 3.1344253505714175
838.0 2.668765274483123
838.5 2.1905866329422934
839.0 3.462952841979516
839.5 2.9497730968680402
840.0 2.1929754154695353
840.5 1.3705264355111928
841.0 3.0732639933107615
841.5 3.0986796786090647
842.0 0.44711034884380774
842.5 2.474693847087416
843.0 2.187359846006726
843.5 1.0457897834067502
844.0 1.487873104096939
844.5 1.9593224940158183
845.0 1.786446911644382
845.5 1.5160697402029868
846.0 2.098521558149005
846.5 1.4289534170741782
847.0 1.3361584519703484
847.5 1.5337959870225584
848.0 2.6555955458496983
848.5 2.4467070823437878
849.0 1.8095820389593822
849.5 1.5671123318391749
850.0 0.7577843563456266
850.5 1.270361649217479
851.0 2.138300396971105
851.5 0.956653311990118
852.0 1.4226168598996094
852.5 1.148023756534003
853.0 1.2224536007426237
853.5 0.6719429968859316
854.0 1.2395439356660969
854.5 1.5710893466852478
855.0 1.1314038897873135
855.5 0.7190076439932767
856.0 1.6007549669775942
856.5 2.7775071624484307
857.0 2.6721862221041377
857.5 2.5582576135531943
858.0 3.497660877871373
858.5 1.8034083979548474
859.0 1.3848970549243842
859.5 1.07825299881624
860.0 1.3549270937815123
860.5 1.3600594084181088
861.0 0.9317951050334146
861.5 0.998793119439882
862.0 1.0403410598529175
862.5 1.2915151236092721
863.0 1.2470736956456272
863.5 1.2670738260896102
864.0 1.1950873165366112
864.5 1.4311760743269706
865.0 0.4242064767195991
865.5 0.8508593419758589
866.0 1.1620572720474986
866.5 1.4118462947477546
867.0 1.6694116146291667
867.5 3.3463202950808615
868.0 3.2072187179223777
868.5 2.413504694895644
869.0 1.1298651431536137
869.5 2.718811613182794
870.0 1.5499905063267794
870.5 1.402877132783169
871.0 1.8971346162114875
871.5 3.985354802976591
872.0 2.2634720120922234
872.5 1.0927316441797028
873.0 1.9158534792122834
873.5 2.120833809207173
874.0 1.3633267764250867
874.5 1.9609238221142475
875.0 2.195985023362189
875.5 1.1223038444309306
876.0 1.3389467786823495
876.5 1.9477413454618637
877.0 3.2261807931697053
877.5 1.3524126354511798
878.0 0.8553889075111726
878.5 1.4815813320983198
879.0 1.4320965924637328
879.5 0.7192042516445096
880.0 0.4913777841770528
880.5 0.7538905552875153
881.0 1.2414851199995383
881.5 0.8778820068789757
882.0 1.3804376670432175
882.5 1.4089907227769605
883.0 1.3869746184288823
883.5 0.7847955524693813
884.0 1.4572909487186563
884.5 0.5240270180233917
885.0 1.1073752162855528
885.5 0.8420052994791998
886.0 1.3091298503346445
886.5 0.9623498019642476
887.0 0.8325805760184727
887.5 1.3422348278828653
888.0 0.9880932737304147
888.5 0.20183757447119555
889.0 1.0618442908663277
889.5 1.0968824694590174
890.0 1.47062895039773
890.5 1.2147568759883867
891.0 0.7963164267182316
891.5 0.7146672727320631
892.0 0.8334911326309766
892.5 0.8399762778365985
893.0 0.6933914304909458
893.5 0.6845852259525389
894.0 0.6785829601412746
894.5 0.6430902883259471
895.0 0.7201440913960406
895.5 0.728296443009427
896.0 0.6317561582625024
896.5 0.6164844230714424
897.0 0.6567155249357564
897.5 0.6619240944781017
898.0 2.5092011540510653
898.5 1.8987449695466405
899.0 0.41320180315745825
899.5 1.8225477136151649
900.0 0.6943431236816797
900.5 0.7669809678431303
901.0 3.0355193795690094
901.5 1.9387355878240256
902.0 2.9887019339038123
902.5 1.6375748298609847
903.0 2.602830177266655
903.5 2.850818045416432
904.0 3.928129497691875
904.5 3.4629776707166733
905.0 1.9731987018329396
905.5 1.0294055590790905
906.0 1.2347473641642668
906.5 1.9755715903418918
907.0 1.2178407163350162
907.5 1.6434288887840414
908.0 2.918753531318201
908.5 0.8207394071921927
909.0 2.479677193165868
909.5 3.6055886803522
910.0 2.7274089221114783
910.5 2.644720186993966
911.0 3.1184349203304436
911.5 3.2573177843606627
912.0 0.7741265238123107
912.5 1.036792249515377
913.0 0.9407922955402976
913.5 1.19484838645506
914.0 1.2775606415937801
914.5 1.2811466121997697
915.0 1.1437947729522409
915.5 1.2547108691984665
916.0 1.1275286575748122
916.5 2.0144039606885187
917.0 1.20335678794177
917.5 0.9378943735364208
918.0 1.9612498626994508
918.5 2.015015131155349
919.0 1.7367240086904563
919.5 1.3067060090779408
920.0 1.310588277633387
920.5 1.0307446609280817
921.0 0.6813808083137448
921.5 0.8331069973950816
922.0 1.4253069126982834
922.5 1.2866994606751418
923.0 2.130663289054839
923.5 1.1043166288393753
924.0 0.7464885052274977
924.5 1.896277973984571
925.0 1.0671113398319227
925.5 2.9710643597469364
926.0 1.318158960655954
926.5 1.8092495899188754
927.0 1.7877975642064101
927.5 0.9233535002453376
928.0 2.319168538988367
928.5 2.1638282289920756
929.0 1.1463627497869187
929.5 2.3682244719023196
930.0 1.7917174197852266
930.5 0.9093214606371095
931.0 2.0196007464047163
931.5 0.8807738055587392
932.0 1.6889434072253204
932.5 2.402384626404661
933.0 1.6880071727493013
933.5 2.047831570004938
934.0 0.2706914640144795
934.5 2.16047017452581
935.0 2.311189387549888
935.5 0.9899452572133292
936.0 1.449725331252743
936.5 0.6746026500403304
937.0 2.203474584915834
937.5 3.106424180683814
938.0 2.185092718780365
938.5 1.5458245271034645
939.0 0.25906580889563324
939.5 0.9245842185766848
940.0 0.7780374359653418
940.5 1.400988600132242
941.0 0.7670090628427984
941.5 1.4570270776501593
942.0 2.2285644834787366
942.5 1.604460146226119
943.0 1.5368431892677596
943.5 0.7824002270679166
944.0 2.41298422513949
944.5 0.9816994534679003
945.0 0.6771175062789588
945.5 2.6461969148294138
946.0 0.6880207741161124
946.5 1.6182883595563906
947.0 1.5148798591273944
947.5 1.420749062043937
948.0 1.093276242495163
948.5 0.7718564321619545
949.0 0.597149407880259
949.5 0.6308072533057985
950.0 0.6836803894450567
950.5 0.5264882544260325
951.0 0.7301380369090611
951.5 0.694892032286602
952.0 0.5914749350915798
952.5 0.6517306178380105
953.0 0.6759556878829391
953.5 0.782146045974113
954.0 0.6330434909434839
954.5 0.8538012633586292
955.0 0.779480812868133
955.5 0.768244867994428
956.0 0.6589109121876293
956.5 1.1407344524890397
957.0 0.8062055567876937
957.5 1.6139653397776097
958.0 1.8874085649283885
958.5 1.2175986346898942
959.0 1.0974282605153975
959.5 0.8626477866734132
960.0 1.450550553972501
960.5 1.9325495447304284
961.0 0.9007399143124752
961.5 1.845913361682605
962.0 0.8200456241295095
962.5 1.9204668776936555
963.0 1.4107896797000217
963.5 1.8078993978239328
964.0 1.9978232026808325
964.5 1.5671167976481832
965.0 1.1129892414975742
965.5 1.3230011749540236
966.0 1.1085252234910867
966.5 1.4907737273935149
967.0 1.6229207103186005
967.5 1.3179868308480718
968.0 1.0005257542618802
968.5 1.6237103662525367
969.0 3.5493245711554837
969.5 0.7505475446607199
970.0 3.4013765131511517
970.5 2.816420637415296
971.0 2.0242478967319135
971.5 2.1945718738419453
972.0 1.5813534061177474
972.5 0.7507704761116767
973.0 2.3790181645258475
973.5 2.9104562252949395
974.0 2.0028456411955657
974.5 1.1378156302010438
975.0 1.3520458568584224
975.5 0.9056718982548183
976.0 2.3702036707997327
976.5 0.5354847485114552
977.0 1.5597885779347362
977.5 2.4545535030141425
978.0 0.701302188135178
978.5 0.8452258700129953
979.0 0.44377737491323094
979.5 0.7984850148759586
980.0 0.584313608687351
980.5 0.7036162320274455
981.0 0.703516057106478
981.5 0.8550043361729807
982.0 0.6268120931060144
982.5 0.6196152072847734
983.0 0.7694086010396606
983.5 0.660404358990637
984.0 0.6426996745768987
984.5 0.6317004721486135
985.0 0.7339927800146882
985.5 0.7565685856756847
986.0 0.6565714516092713
986.5 0.7915056976996726
987.0 0.5812154930253616
987.5 0.716571249974411
988.0 1.0120619155833475
988.5 1.3300490187957048
989.0 0.6715569499364898
989.5 0.8331493268856518
990.0 1.7703400045658853
990.5 2.224829807662773
991.0 2.2059057125988564
991.5 2.2884783704937783
992.0 1.921419337768946
992.5 1.995495936799268
993.0 0.7982397699269554
993.5 2.5022623281980754
994.0 1.4996945115647002
994.5 2.180050452278744
995.0 1.8848863820979143
995.5 2.3208590667129245
996.0 1.0675587498748471
996.5 3.5759600300877774
997.0 1.3480103312070557
997.5 1.5526359743026363
998.0 2.300035778973831
998.5 2.4476804494071573
999.0 2.3171101571340498
999.5 1.9530569544062826
1000.0 2.5153271386091376
1000.5 1.8092595154876923
1001.0 0.8096407846639517
1001.5 2.183114034783306
1002.0 2.565906820733516
1002.5 1.3952674448844768
1003.0 1.4378514870981252
1003.5 1.3741007358398536
1004.0 1.5755068770069491
1004.5 1.5908770976396016
1005.0 1.1860002120484596
1005.5 0.9062078329143867
1006.0 1.659374635672115
1006.5 1.6666946384403258
1007.0 1.2293872956803833
1007.5 1.048086630150909
1008.0 1.2460970038008372
1008.5 0.969404700045444
1009.0 2.0041423227671817
1009.5 1.6047738572492558
1010.0 1.3550639361425587
1010.5 1.0176573262625386
1011.0 2.1954307807857085
1011.5 1.9490761103928829
1012.0 1.0651032605067623
1012.5 0.2
1013.0 0.5538925933147746
1013.5 1.060545646196104
1014.0 2.280769033492901
1014.5 1.445613386679793
1015.0 2.2011352154248423
1015.5 2.1052282360967167
1016.0 1.0712532270211224
1016.5 2.045381727457968
1017.0 2.1734179404990384
1017.5 1.0489777007513683
1018.0 3.0573829741090934
1018.5 1.8833916379536473
1019.0 2.1722098554998173
1019.5 2.2969898421430393
1020.0 1.6492647827859301
1020.5 1.8176702380536431
1021.0 2.2213909462100823
1021.5 1.2046102747326448
1022.0 2.081838837285389
1022.5 1.738300592886905
1023.0 3.094600869820283
1023.5 1.7217400667141778
1024.0 3.440602108985507
1024.5 2.7474783668877736
1025.0 1.1660530707359071
1025.5 1.2468347512160056
1026.0 0.93580503376065
1026.5 1.2778917392665217
1027.0 0.834685003955117
1027.5 2.247790643444716
1028.0 1.4346222572476919
1028.5 1.8409124851743688
1029.0 2.7920308154764824
1029.5 2.2457314380410356
1030.0 2.815738408860799
1030.5 2.670813475980717
1031.0 2.8481555471764812
1031.5 1.3135260476690651
1032.0 1.154138575273452
1032.5 0.6090656176879179
1033.0 1.0394539648191174
1033.5 1.3189270596692761
1034.0 1.4817744010521112
1034.5 1.1900348784076304
1035.0 1.0205834420953175
1035.5 0.9895791252631179
1036.0 1.729443247288838
1036.5 1.084253275443621
1037.0 1.3971040568491573
1037.5 0.9569097304627573
1038.0 0.838175867939937
1038.5 0.6771932644323222
1039.0 0.6051593797368349
1039.5 1.2757321642654946
1040.0 1.0099023684149806
1040.5 2.016923371970658
1041.0 1.5659048102314077
1041.5 0.7758950595135139
1042.0 0.836770605833191
1042.5 1.2222071460327988
1043.0 0.7149254150715199
1043.5 0.9549860215032927
1044.0 0.7073947573406751
1044.5 0.7604568355304692
1045.0 1.0859784813434175
1045.5 0.5787656281159562
1046.0 0.7588505515492007
1046.5 1.092336633991855
1047.0 0.5897256059185234
1047.5 0.9108588056514043
1048.0 0.4691705293079454
1048.5 0.925955626912966
1049.0 0.9233112780831157
1049.5 0.7644382710146288
1050.0 1.1699397621685428
1050.5 0.7584797682001722
1051.0 2.3424535345083246
1051.5 1.932003087452919
1052.0 0.9092747606733342
1052.5 2.0718984121990496
1053.0 2.0895284329640047
1053.5 1.379427691811469
1054.0 2.036556248551907
1054.5 0.5559413157568776
1055.0 1.118252286330112
1055.5 1.326159562865199
1056.0 2.0558385657575164
1056.5 1.6764832663933666
1057.0 3.5733210641224336
1057.5 3.5888695304144145
1058.0 2.1998527789774083
1058.5 2.5502315030285363
1059.0 4.189963167077487
1059.5 3.5331161475879265
1060.0 1.8428943450883533
1060.5 2.5419413001235585
1061.0 1.4493427308656779
1061.5 2.5536512159973337
1062.0 0.37987763569959543
1062.5 2.1824357983883114
1063.0 2.7501375439732256
1063.5 1.70045522771554
1064.0 1.5772939935197887
1064.5 1.400630737169248
1065.0 1.3504172361448954
1065.5 2.34663529670113
1066.0 1.1891881471085624
1066.5 0.9361651768084983
1067.0 1.3304353666614392
1067.5 2.38241712667122
1068.0 0.942664531794754
1068.5 0.9659679883172996
1069.0 0.9202438769443905
1069.5 1.9594870666084037
1070.0 2.7915336466520855
1070.5 1.5737732692678352
1071.0 2.4524113974029813
1071.5 1.1465722523483932
1072.0 1.6654661746486732
1072.5 1.6865569460638485
1073.0 0.9637538150369862
1073.5 1.478096206949289
1074.0 1.768123983816635
1074.5 1.029116388824628
1075.0 1.5283430827612672
1075.5 2.1047826054206125
1076.0 2.7976785379291327
1076.5 3.2193221127332063
1077.0 2.123336920005391
1077.5 1.7852367999422292
1078.0 2.1157379048468843
1078.5 2.9742361864613467
1079.0 1.6381708257463257
1079.5 1.0153765428217425
1080.0 3.5207380587835173
1080.5 2.6192383319400676
1081.0 3.0495655838628903
1081.5 2.3135289359757305
1082.0 1.5636901434322268
1082.5 3.456046783839533
1083.0 1.8327827559158474
1083.5 2.3261643076623315
1084.0 2.7201446949079116
1084.5 2.5006683783097934
1085.0 1.045040000811478
1085.5 2.758872800176893
1086.0 3.8578553699214346
1086.5 3.9820532096348535
1087.0 3.2532722904232276
1087.5 2.5384347383225303
1088.0 1.5827861287217975
1088.5 1.335719781085005
1089.0 1.4684255537058455
1089.5 2.2028902903000764
1090.0 1.2793359042530497
1090.5 1.103351277987685
1091.0 0.800251995305395
1091.5 1.983619705371988
1092.0 2.10356941841765
1092.5 1.4912436227802952
1093.0 1.5677743806256603
1093.5 1.3915648586860914
1094.0 0.7157239814527541
1094.5 0.5614114184727985
1095.0 0.6124998374284321
1095.5 0.776797418263889
1096.0 0.6119943980685575
1096.5 0.6755672588476436
1097.0 0.6428168055005485
1097.5 0.7033611194456284
1098.0 0.7587838443522985
1098.5 0.6647005669007615
1099.0 1.557960606933205
1099.5 1.4564671044495692
1100.0 0.9085918123157737
1100.5 1.3278731005398297
1101.0 1.7907018703390858
1101.5 1.1595270684036332
1102.0 1.2351533176301805
1102.5 0.8367350557350743
1103.0 1.7546956032737138
1103.5 0.8963437038387064
1104.0 1.6449267009419015
1104.5 0.7604955463857719
1105.0 0.47348551071020645
1105.5 0.8883296981350957
1106.0 0.7074308003730534
1106.5 0.6728724254508522
1107.0 0.7410984239014944
1107.5 0.6207345230380189
1108.0 0.5444588697462764
1108.5 0.7241195505024987
1109.0 0.5535722213002596
1109.5 0.8833781820963664
1110.0 0.7813341210345588
1110.5 0.7564075057195998
1111.0 0.5715819884677824
1111.5 0.799676473157825
1112.0 0.681730504687663
1112.5 0.5847157361442548
1113.0 0.7048072077777359
1113.5 0.6936383116561388
1114.0 2.135882089009847
1114.5 2.3347359374624395
1115.0 1.8496383175839348
1115.5 1.1884811770210018
1116.0 0.7088362378941032
1116.5 0.2
1117.0 1.4858687978877314
1117.5 1.593288097737537
1118.0 1.3034834346426574
1118.5 2.0206904490625464
1119.0 1.7281209369304973
1119.5 0.8449919640803543
1120.0 1.0483205311028083
1120.5 0.9743584011342257
1121.0 1.4035493246934392
1121.5 1.415211685992906
1122.0 1.8954824522322482
1122.5 1.9163452468792461
1123.0 3.4853524412597503
1123.5 1.2216576892479911
1124.0 2.3454305259899293
1124.5 0.661682660749525
1125.0 1.505805762616486
1125.5 1.4429008847877078
1126.0 1.191247777124083
1126.5 1.2710833872140737
1127.0 1.306240078298624
1127.5 1.0780780421365002
1128.0 0.9269117600667773
1128.5 1.0559584629078946
1129.0 1.23497407684971
1129.5 0.6659725377636245
1130.0 1.3694845345469662
1130.5 1.8929268690281023
1131.0 1.16572990661675
1131.5 0.9707693979003917
1132.0 0.9607692925453895
1132.5 1.6725107855258117
1133.0 1.1766020611498806
1133.5 0.9959509110476497
1134.0 0.6049747469055309
1134.5 0.7319086730045145
1135.0 1.0910997384176746
1135.5 0.8228655375071221
1136.0 1.7540407480084168
1136.5 0.6964074532062143
1137.0 1.5095777472872425
1137.5 0.5120438004212636
1138.0 3.2232601675817074
1138.5 1.1390288155276522
1139.0 2.8542464171293487
1139.5 1.0071846332213883
1140.0 0.59811449970516
1140.5 1.978454862987423
1141.0 1.2111035599770135
1141.5 2.1564600663682842
1142.0 1.7737681380393724
1142.5 2.0173942267295364
1143.0 1.9636937765511553
1143.5 3.0748267510192138
1144.0 0.834826606889745
1144.5 0.7144671392259465
1145.0 0.7681961072499404
1145.5 1.0658861966458435
1146.0 0.43792899858754525
1146.5 0.7877597201185527
1147.0 0.9261239722957573
1147.5 1.0838198935387104
1148.0 0.8747533764552679
1148.5 0.9168384468604872
1149.0 0.9046576950425573
1149.5 0.8396745047713055
1150.0 0.7368147069477009
1150.5 1.1237921794596373
1151.0 0.839749925811285
1151.5 0.7704956061298056
1152.0 0.7800188864345354
1152.5 1.1099826493183143
1153.0 1.0763560211138365
1153.5 0.9640216012101253
1154.0 0.729786997167142
1154.5 1.0001490354479645
1155.0 0.8831308928480426
1155.5 1.0824726227990855
1156.0 1.0060538780539652
1156.5 1.0341280742024965
1157.0 1.1010230016190032
1157.5 0.5341723089737052
1158.0 0.5426312533919202
1158.5 0.8764508923238545
1159.0 0.5134996395425862
1159.5 0.7781914940696438
1160.0 0.2
1160.5 0.31889450728187985
1161.0 0.5207042907060686
1161.5 2.134410196227127
1162.0 3.0691876039192736
1162.5 4.488230017606049
1163.0 2.3354788260767765
1163.5 2.8075507258881043
1164.0 2.0316073432315926
1164.5 1.948092156990741
1165.0 1.8001214161964734
1165.5 2.3288183075851703
1166.0 3.3294240857372506
1166.5 0.6509601293813443
1167.0 0.2
1167.5 3.389643364358617
1168.0 1.8021761692837621
1168.5 2.156544080511665
1169.0 3.1168877546404894
1169.5 3.449664386609155
1170.0 2.7879626699894544
1170.5 0.7469855097004052
1171.0 1.1944449475101862
1171.5 1.4502680948089934
1172.0 1.417850623268012
1172.5 0.6105387054067226
1173.0 1.45848669898005
1173.5 1.5550739576278851
1174.0 1.980791041850097
1174.5 1.304512135291199
1175.0 1.3944244484593689
1175.5 1.3976197862241024
1176.0 1.8110362358840408
1176.5 1.4932051770520225
1177.0 1.736812240709445
1177.5 2.2972575071346966
1178.0 1.8406026988752544
1178.5 2.3677140346960948
1179.0 2.5827872519246613
1179.5 1.814684253975016
1180.0 1.8475325184583946
1180.5 1.1458766750408542
1181.0 1.556468125941087
1181.5 0.7911025256130844
1182.0 1.9557958768317938
1182.5 1.9546056981861284
1183.0 2.281833632701405
1183.5 2.0026927470760896
1184.0 0.9536989724924195
1184.5 2.736656691981948
1185.0 3.0195684668490492
1185.5 2.4942503678246055
1186.0 2.9744504835128556
1186.5 1.5735144900597882
1187.0 3.285825122310799
1187.5 1.1276501221631774
1188.0 2.7161416379445193
1188.5 2.55431691261571
1189.0 2.4188943362515922
1189.5 1.9759073005770595
1190.0 2.6449644065313014
1190.5 1.15321756564108
1191.0 1.4024774059606222
1191.5 1.1798080500862516
1192.0 2.3287725095399967
1192.5 0.2
1193.0 2.074311081445569
1193.5 1.3430468445119979
1194.0 2.896732567956944
1194.5 1.6459852634524932
1195.0 3.124960730154684
1195.5 1.2041129171397738
1196.0 1.3732364758766442
1196.5 1.3482514222506063
1197.0 3.3305351478135896
1197.5 1.7817308842673285
1198.0 1.2352760336628377
1198.5 2.6696055841919986
1199.0 2.2523261162513215
1199.5 2.6929498483894987
1200.0 2.226652252892505
1200.5 3.155909108793535
1201.0 1.1180704375500072
1201.5 2.6441040666959728
1202.0 2.5921269729404384
1202.5 2.075727686832691
1203.0 1.1942271177042372
1203.5 1.689317729616437
1204.0 1.2373720185352877
1204.5 1.9070131617268937
1205.0 2.462585063545192
1205.5 0.9207889702548098
1206.0 2.964966161128766
1206.5 1.9326810622541621
1207.0 2.612116513364955
1207.5 1.1509827988107586
1208.0 2.644533981449327
1208.5 1.196618785818914
1209.0 1.7108756914807028
1209.5 1.1363248728110973
1210.0 2.439548451324737
1210.5 1.9264510603103906
1211.0 3.0620950313357564
1211.5 2.133501382132657
1212.0 2.965383774068208
1212.5 2.708687282450654
1213.0 2.570000108585574
1213.5 3.9622188469355812
1214.0 2.2416536334448764
1214.5 2.4627030486691757
1215.0 2.0464492880460647
1215.5 3.169339703646406
1216.0 2.2158364469434115
1216.5 1.6277275349008098
1217.0 1.5590017954565547
1217.5 1.350804447519442
1218.0 2.808669769892596
1218.5 2.8702752427518607
1219.0 2.3725374075471413
1219.5 1.3551544015199375
1220.0 3.0938499451893717
1220.5 3.4317686070267674
1221.0 1.7758243972518062
1221.5 2.574844467267354
1222.0 3.2708659548737025
1222.5 3.0707047052653755
1223.0 1.249452976288394
1223.5 1.133658786624673
1224.0 0.7342388202049543
1224.5 1.3011660874806588
1225.0 0.8214117047393723
1225.5 0.7859415550260389
1226.0 2.8218632936109636
1226.5 2.9306469150282375
1227.0 2.0329453134499014
1227.5 3.793389181902813
1228.0 2.456601147264419
1228.5 3.866127403312072
1229.0 1.9981842765941638
1229.5 2.995169186605962
1230.0 1.1795503125979137
1230.5 1.2693550491730463
1231.0 0.8173104756857468
1231.5 0.6100565709197477
1232.0 0.9046632549633794
1232.5 0.9342322617888168
1233.0 0.6476469024944487
1233.5 1.4296108780701475
1234.0 1.1967520086868118
1234.5 1.241310875642906
1235.0 1.1647127597858153
1235.5 1.483495671488087
1236.0 0.9942870280947551
1236.5 1.3172523858318486
1237.0 0.8161826682963658
1237.5 1.2259686620400174
1238.0 1.1070048126700858
1238.5 1.4619202771412623
1239.0 0.589107860414437
1239.5 1.6970270211965923
1240.0 1.2745984214015764
1240.5 2.6819569933013585
1241.0 3.2177365489383747
1241.5 2.5644502704533076
1242.0 3.635039343533732
1242.5 2.500708799019672
1243.0 1.0202473805765808
1243.5 2.1106143284113563
1244.0 2.866639721075752
1244.5 1.7000561791192155
1245.0 1.9411762773791739
1245.5 0.5682994369226166
1246.0 2.5127831637498925
1246.5 1.6632939182888986
1247.0 1.9712163603109834
1247.5 1.748823078879193
1248.0 1.8808529077063834
1248.5 1.5564194827363214
1249.0 1.935147850279214
1249.5 1.953544577719791
1250.0 3.1345549498154037
1250.5 3.0285222287778266
1251.0 1.9092552971287566
1251.5 2.202252068670674
1252.0 1.606972280269298
1252.5 1.2846526492409764
1253.0 2.1042260572090408
1253.5 1.4583113399331729
1254.0 2.4479948700884866
1254.5 1.869431312195323
1255.0 2.7653823371489787
1255.5 1.9415363873999993
1256.0 2.6921183637166886
1256.5 1.8078016854083205
1257.0 2.369775723741915
1257.5 2.508648477867755
1258.0 3.1722195990592343
1258.5 2.7470812440096295
1259.0 2.2223536218501474
1259.5 3.689217514918001
1260.0 1.8245182816933343
1260.5 3.43860899101599
1261.0 2.597140505160049
1261.5 0.279095458245205
1262.0 0.8163454398070391
1262.5 1.8649936521051598
1263.0 1.8218443344611757
1263.5 0.7024458376656806
1264.0 1.7920786656330958
1264.5 1.8134404886528612
1265.0 1.4190317134634638
1265.5 2.0406951956568316
1266.0 2.0322058952340516
1266.5 2.4909763400958216
1267.0 0.9147234915248081
1267.5 1.6492497475756855
1268.0 2.446074222851242
1268.5 3.025519195004432
1269.0 2.6891248441451605
1269.5 2.6207139567368616
1270.0 1.5679311224136048
1270.5 2.2944363725368184
1271.0 1.9114070079331649
1271.5 2.440533427583167
1272.0 1.7727139611807783
1272.5 1.721459513902321
1273.0 2.384128488371808
1273.5 1.6065348300240432
1274.0 2.144197618624007
1274.5 2.587603722121071
1275.0 2.188192965250396
1275.5 1.4197609272491774
1276.0 1.868598706533813
1276.5 2.728890629705502
1277.0 1.6007887732461616
1277.5 1.4571017259212116
1278.0 0.764166024876722
1278.5 1.1103784994069188
1279.0 0.7461605934165484
1279.5 1.0448327540312838
1280.0 1.08629330021422
1280.5 0.4319270897098483
1281.0 0.8115179885917045
1281.5 0.7873795460896323
1282.0 0.7330902867583324
1282.5 1.1197247515894755
1283.0 0.8554635677697724
1283.5 0.5606978123790404
1284.0 0.9995010795356235
1284.5 1.1008509756124858
1285.0 1.0319798013008084
1285.5 0.9696842550333261
1286.0 0.5123279261957924
1286.5 0.8446543423736113
1287.0 0.8591414967157527
1287.5 0.8577860499795511
1288.0 1.1530426631808353
1288.5 0.9951688150706345
1289.0 1.4967238293424914
1289.5 1.2694889196007595
1290.0 1.722170318963859
1290.5 1.4424788774766455
1291.0 4.182201033890645
1291.5 2.3480797107035274
1292.0 2.558821779910713
1292.5 0.7278100834920472
1293.0 0.8211538230876505
1293.5 0.7093843933508714
1294.0 1.3231460700277813
1294.5 0.7715001261944245
1295.0 0.8135021196177947
1295.5 1.0207833847937327
1296.0 0.8540743675454898
1296.5 0.8075661513578359
1297.0 0.8655227196317574
1297.5 1.1394527691009306
1298.0 0.7577003978161406
1298.5 1.0382591285459357
1299.0 0.9832423460472127
1299.5 3.185264519855319
1300.0 2.1644819565478013
1300.5 2.3173186883932293
1301.0 2.360055877561274
1301.5 1.0154664440234606
1302.0 1.7462204078436117
1302.5 1.7904020476773286
1303.0 1.1964474414354314
1303.5 1.0533418989184415
1304.0 1.0110226770063786
1304.5 0.6415194035779441
1305.0 2.643314566659951
1305.5 1.2480909575671884
1306.0 1.8361691992056326
1306.5 1.5060578631026904
1307.0 1.712522651071099
1307.5 3.8987460358409822
1308.0 0.7491844477148295
1308.5 2.6451637167868545
1309.0 1.2948268273542582
1309.5 1.524020513015341
1310.0 2.9942655987254807
1310.5 3.067535728376116
1311.0 2.1778315394060206
1311.5 1.6663913548382254
1312.0 1.163883599974317
1312.5 2.270148176414761
1313.0 1.0308491693655462
1313.5 1.2219211098719898
1314.0 1.235181504393764
1314.5 0.6002578801173962
1315.0 1.740420855156894
1315.5 1.3229832034096551
1316.0 0.378364968800726
1316.5 1.3244851854691249
1317.0 1.7946104228029747
1317.5 1.1554218719318943
1318.0 1.2875404347703108
1318.5 1.3541457562933197
1319.0 0.7770212023579075
1319.5 0.8373960472662736
1320.0 0.8810972154945262
1320.5 1.0105579929385695
1321.0 0.8090065462867162
1321.5 0.6443985943349748
1322.0 1.0764706104711683
1322.5 0.9553587739174508
1323.0 0.9484756991227926
1323.5 0.8401972322372528
1324.0 1.043256589857633
1324.5 0.5377465089768318
1325.0 0.6807193386136332
1325.5 0.8594689690264927
1326.0 0.8273471687268756
1326.5 0.7175961778383291
1327.0 0.6133943407600477
1327.5 1.183463118140686
1328.0 1.6909176962992771
1328.5 1.0568607566706238
1329.0 0.7283793645133096
1329.5 1.3512940892721108
1330.0 1.3005671082824426
1330.5 0.7726027474713515
1331.0 0.9316234983070117
1331.5 0.7283567393299969
1332.0 0.6587774680931509
1332.5 0.8211335226519394
1333.0 1.0506821559909927
1333.5 0.7066897204578015
1334.0 0.8566903846493443
1334.5 0.9704888039441224
1335.0 0.6473335137424094
1335.5 0.9950426216281351
1336.0 0.558248586315442
1336.5 1.0807809517863276
1337.0 0.840561486285492
1337.5 1.2801040395566203
1338.0 0.9060317356153312
1338.5 0.9625688496515487
1339.0 0.8267781331139004
1339.5 1.622793682138246
1340.0 1.9799242309053329
1340.5 3.3375660920821586
1341.0 1.9877652021958492
1341.5 2.3238029384392584
1342.0 5.145362814450098
1342.5 1.7598563649936172
1343.0 1.6719336618022305
1343.5 1.0018335782265817
1344.0 1.0571456286640448
1344.5 2.5238903270551765
1345.0 4.456831419656905
1345.5 1.840074455311015
1346.0 4.2217501567432185
1346.5 1.5302131226280946
1347.0 2.2862537830918197
1347.5 3.338968280403949
1348.0 1.947554732216175
1348.5 2.472535465947862
1349.0 4.847831488839525
1349.5 2.2054533253137145
1350.0 3.4168673517225168
1350.5 2.7343847212336927
1351.0 2.0401263181578253
1351.5 2.9822878454309905
1352.0 2.7239812301233592
1352.5 3.820690681704209
1353.0 2.81964650485096
1353.5 2.505561978461288
1354.0 1.6645131328444296
1354.5 2.2286500695427147
1355.0 2.106062542823519
1355.5 3.3386971877520755
1356.0 3.542937019370219
1356.5 3.4678561584081944
1357.0 2.953137252854468
1357.5 3.76521370158535
1358.0 2.9536057893010055
1358.5 3.0541621993306003
1359.0 3.695948692373057
1359.5 2.9558426856802598
1360.0 3.4601827839261174
1360.5 4.049264221414159
1361.0 1.5489406796186875
1361.5 0.668753827382095
1362.0 1.7858056598644407
1362.5 1.4283531764795039
1363.0 2.0524281018153
1363.5 2.9695061371516176
1364.0 2.06125686041005
1364.5 2.3031739658346093
1365.0 1.7656404949636382
1365.5 2.001377289298415
1366.0 3.1068131787239492
1366.5 3.294307054167998
1367.0 3.441012870852152
1367.5 2.557159854959003
1368.0 2.501018495515888
1368.5 2.115336352670353
1369.0 2.2075085757303072
1369.5 1.5221622684979166
1370.0 1.8612948645983245
1370.5 3.228809010363383
1371.0 2.317569586584002
1371.5 3.0489558505315175
1372.0 2.0407645083660544
1372.5 1.8731598895390076
1373.0 2.4692874859575404
1373.5 0.8587041815295118
1374.0 4.063673715336178
1374.5 0.9683878327456676
1375.0 0.22386117650320125
1375.5 0.9745465847362951
1376.0 1.027603085170526
1376.5 0.9640691432759454
1377.0 1.4489587984585537
1377.5 1.6845693536283148
1378.0 1.00615664653523
1378.5 2.0182661226930056
1379.0 1.9371481984281174
1379.5 1.1077670427503565
1380.0 1.4388441339077476
1380.5 1.6913118660184345
1381.0 1.7765725199223978
1381.5 1.699215681247862
1382.0 0.6807217583227049
1382.5 1.3158927128398616
1383.0 1.1412419735459525
1383.5 1.027070976017906
1384.0 1.6444787848494649
1384.5 1.1818974587113784
1385.0 1.8923908677753862
1385.5 1.3211025580026081
1386.0 1.4855543157780708
1386.5 2.7653428701102842
1387.0 0.6816836339390167
1387.5 1.3585782288412052
1388.0 1.4644433496994378
1388.5 1.4850782371052458
1389.0 1.7357963062304878
1389.5 2.1883221868173806
1390.0 3.537742452079148
1390.5 3.1978393195761257
1391.0 0.8949085735698453
1391.5 1.0642240106542835
1392.0 0.8596136189761059
1392.5 0.787903074590795
1393.0 0.8548578903343849
1393.5 0.7318694121527062
1394.0 1.0432912339885885
1394.5 1.2666376628522715
1395.0 0.42148236995526345
1395.5 0.7769062363854657
1396.0 0.7883666558246955
1396.5 0.9256855035688806
1397.0 0.9201648659517156
1397.5 0.9924285516720398
1398.0 1.5369001046784843
1398.5 1.792598843198816
1399.0 2.0374573333414023
1399.5 0.9403533181350666
1400.0 1.0142968640372003
1400.5 0.8284153764973525
1401.0 1.708728780158313
1401.5 1.21642576019384
1402.0 1.4359982050504658
1402.5 1.2081271092947832
1403.0 1.6151728510780543
1403.5 1.089441897618426
1404.0 1.1023119995326525
1404.5 0.4962749255922503
1405.0 1.7979457072448006
1405.5 0.9671498922090846
1406.0 2.3134968015938577
1406.5 2.438759002723023
1407.0 2.8474587719350453
1407.5 1.0304276213290064
1408.0 2.575296630105819
1408.5 0.5758476264398271
1409.0 1.361989518485264
1409.5 0.8420713647126212
1410.0 1.0305830328715544
1410.5 0.602432930531552
1411.0 0.9555312489226396
1411.5 0.8658835131579905
1412.0 0.8496528655859428
1412.5 0.7200238647068367
1413.0 0.8870076378781895
1413.5 1.0060210091947153
1414.0 0.6477235146809703
1414.5 1.0226232119714704
1415.0 0.9732525059211511
1415.5 0.9621357791836876
1416.0 0.6358781198061678
1416.5 1.280888871364796
1417.0 0.8368797849250891
1417.5 0.9271615619665475
1418.0 1.1170555528354855
1418.5 0.8796526119752203
1419.0 1.0402346276782226
1419.5 1.0337825852838087
1420.0 1.1738133571814187
1420.5 0.4087984400459333
1421.0 0.9663292034202499
1421.5 0.8033462281355054
1422.0 0.7224171061937895
1422.5 1.1350021454009593
1423.0 1.0474840844577464
1423.5 1.1573623236133286
1424.0 1.0644049119349097
1424.5 0.9628580971433669
1425.0 0.7706910384339233
1425.5 0.39518469733845474
1426.0 1.0119648049957797
1426.5 0.6309534466692222
1427.0 1.1484311578045627
1427.5 2.1768720618437154
1428.0 1.7798914888663036
1428.5 1.484019347980937
1429.0 2.453874069793227
1429.5 0.7444723900631375
1430.0 1.5871596679696358
1430.5 1.7992956150979758
1431.0 1.2545366298174248
1431.5 1.7338043877543972
1432.0 1.3036773572886928
1432.5 1.7190569252128896
1433.0 1.3177607369150925
1433.5 1.6144734358258828
1434.0 0.939733259908873
1434.5 1.7307054972752267
1435.0 1.213676553909085
1435.5 0.8243115287186927
1436.0 1.017117999460952
1436.5 0.5468584494059118
1437.0 1.6937775047787904
1437.5 1.033308889877055
1438.0 1.2766383329430455
1438.5 2.0069723270623507
1439.0 0.8041768156100895
