0 1.416352057894575
0.5 3.3896080777006166
1.0 2.3256017178850614
1.5 1.808826477108931
2.0 1.771615569054777
2.5 2.0045408390385133
3.0 1.0668904937759907
3.5 1.3127875153853734
4.0 0.8256994268901401
4.5 1.6002146332552183
5.0 1.3659750991783917
5.5 1.204234350462352
6.0 2.7814146067044048
6.5 2.0890005305617385
7.0 1.6982116600173154
7.5 2.478859884748906
8.0 1.4246750780828328
8.5 2.9035809436666105
9.0 1.6159386660917656
9.5 2.193876165112976
10.0 1.2337848854675424
10.5 0.9249205191555788
11.0 1.5167399313703833
11.5 0.9742785709363627
12.0 0.2
12.5 1.644053317523643
13.0 0.721733933578613
13.5 1.7961059740036944
14.0 0.6655370863070427
14.5 1.1496986243334117
15.0 1.1202339667677688
15.5 3.2852582605494014
16.0 1.6721945490245318
16.5 2.4105715435458928
17.0 1.5586452272272822
17.5 1.615086875248356
18.0 1.2337146076989989
18.5 1.4627377142778943
19.0 1.4691531805068165
19.5 1.839149672922113
20.0 3.429660198469869
20.5 0.7771075532651125
21.0 2.521425750381585
21.5 0.9265741376317429
22.0 3.4241596998301533
22.5 1.6944672223787152
23.0 0.7769545967144897
23.5 1.8912058225395652
24.0 1.4625620298481996
24.5 0.2
25.0 1.929891511316828
25.5 1.2198030101469748
26.0 2.099826845483003
26.5 1.7702051129386505
27.0 3.4065727770760423
27.5 0.8857744609141421
28.0 1.3323214712743625
28.5 1.8517793637152107
29.0 1.6073054375900677
29.5 1.5689293359962528
30.0 3.132085905647923
30.5 3.2716433476689035
31.0 0.700159811068678
31.5 0.20679967365005592
32.0 1.5225739880922589
32.5 2.7750519180989137
33.0 1.0963049283023216
33.5 2.4930892826212863
34.0 1.3433643604743821
34.5 1.8511120305794302
35.0 3.6776828631668703
35.5 0.9731371798143131
36.0 2.296048402306277
36.5 1.4201682495836685
37.0 3.2997795376669457
37.5 3.6000335034184054
38.0 2.0672803232500825
38.5 3.5431038794770355
39.0 1.7417402658666963
39.5 0.6567715954386857
40.0 1.6383850450565585
40.5 3.17302530416314
41.0 1.748314154967257
41.5 3.271983224222577
42.0 2.007975320602562
42.5 2.3393532178454333
43.0 2.893469594245917
43.5 0.5714067295383429
44.0 1.4824576118169528
44.5 4.111127676626621
45.0 1.5638835656683
45.5 2.030484495828087
46.0 2.6145533843580075
46.5 1.1597230100112967
47.0 1.439503384420628
47.5 3.3407615576657004
48.0 1.6205323976770498
48.5 1.550635744970686
49.0 2.0835604418170166
49.5 1.6397359556867395
50.0 2.641669747172358
50.5 2.927771189839775
51.0 1.0977881068228155
51.5 1.4729791779557857
52.0 3.388154242823914
52.5 1.244925422627478
53.0 1.289396891811453
53.5 1.22913630265676
54.0 1.8455272720484848
54.5 0.9025637897207055
55.0 0.6529018884186847
55.5 2.625903050343429
56.0 2.9749733212750504
56.5 0.9629901918849137
57.0 2.9606365906547945
57.5 2.5188943046508863
58.0 1.0326239516946285
58.5 1.0360566275897893
59.0 1.4994792542455304
59.5 1.2021333533742298
60.0 1.7185427426676674
60.5 1.7830139581802567
61.0 1.6089255529220088
61.5 0.6613594466899282
62.0 2.3749388295314597
62.5 0.7945365432401477
63.0 1.7955943060060184
63.5 1.106538261802927
64.0 0.8887057954352336
64.5 1.3380707596387924
65.0 0.9956143602575147
65.5 1.163606338110663
66.0 1.5575057221645991
66.5 1.6074785915798036
67.0 1.3118634883499891
67.5 1.392869248450975
68.0 2.0965260047919965
68.5 1.4335243792806553
69.0 2.023262513208721
69.5 1.6254116037120072
70.0 2.612246558163013
70.5 1.746035660761522
71.0 2.1527481629226437
71.5 1.0890376934909074
72.0 1.831635707311181
72.5 0.9549073546594932
73.0 0.8635433392048212
73.5 1.9041447413508799
74.0 2.551285043854206
74.5 1.6199109753840801
75.0 1.4457581590683983
75.5 1.1500391046890046
76.0 1.6413564997664585
76.5 1.8477047799655784
77.0 1.5046153815674508
77.5 0.6061281348056812
78.0 1.8367026748795057
78.5 1.443200465224906
79.0 1.5385382925435138
79.5 1.1106703993098799
80.0 0.8479969423119982
80.5 1.9949911750966645
81.0 1.2629538933833326
81.5 0.9979502133206656
82.0 0.9120753005235385
82.5 2.564024986989063
83.0 1.0047502560336774
83.5 1.1552011199776582
84.0 1.5657926935454447
84.5 1.9298295735360782
85.0 1.7121368711453426
85.5 1.604640316562898
86.0 2.027085239533692
86.5 1.5605284646408122
87.0 0.4212447272797675
87.5 0.7969702964344726
88.0 2.1333990713668385
88.5 1.3636756622415338
89.0 2.7197272864177373
89.5 1.8874135924619666
90.0 1.2214889340871264
90.5 1.7267423677692855
91.0 2.4179563694440187
91.5 0.7120282155254235
92.0 2.1142526455413453
92.5 2.7586169476820315
93.0 1.5034501127729358
93.5 1.4200149147344163
94.0 0.2752183936003427
94.5 1.881698908399019
95.0 0.9994792922508208
95.5 2.4535421742697334
96.0 1.9325813450451907
96.5 0.6990616902769394
97.0 1.41621720087903
97.5 1.7411468912746608
98.0 2.3959847086295682
98.5 1.6278160352366078
99.0 1.592720806051533
99.5 0.8847227017352298
100.0 2.2608213120024767
100.5 1.3723830471962457
101.0 1.2628601439383853
101.5 1.1445440384813892
102.0 1.274174866170901
102.5 0.6888677911702965
103.0 2.7102911815885413
103.5 1.208942937622188
104.0 1.4523831782205971
104.5 1.4826576579585258
105.0 1.9208451613118782
105.5 1.6934889709913599
106.0 1.8026623933191763
106.5 1.1257755363637472
107.0 1.3679543036448492
107.5 1.685918623656375
108.0 0.8118146276428008
108.5 0.9486983364662639
109.0 1.6200788046795365
109.5 1.1613186289074875
110.0 2.01380106688336
110.5 1.1131258467383056
111.0 1.3958726733885802
111.5 1.397083627597795
112.0 0.9376491118203705
112.5 0.538084919830277
113.0 0.7010614912167494
113.5 0.7034675757792119
114.0 0.49457458740154964
114.5 0.7931714545973978
115.0 0.6575037393572748
115.5 0.8548548443513908
116.0 0.7007566646532226
116.5 0.6435142487337433
117.0 0.5595208116903936
117.5 0.6318238951823867
118.0 0.5486897350023747
118.5 1.9149771093471684
119.0 2.3185737702231624
119.5 1.4650301330774824
120.0 1.9047437206593274
120.5 3.8551580639622136
121.0 3.1191209607778037
121.5 3.925821925039955
122.0 3.4504575595160105
122.5 1.493683842429312
123.0 1.5205787781507292
123.5 2.1665395459828662
124.0 3.77015372546251
124.5 3.212658951676528
125.0 4.002615939524428
125.5 2.6387994896764626
126.0 3.3636057556603705
126.5 2.2706919997978323
127.0 1.1567413047023953
127.5 3.233570057941691
128.0 1.713096493989465
128.5 3.163293868036027
129.0 2.4030634505210102
129.5 2.731510991486041
130.0 2.551831336333372
130.5 2.651398923189105
131.0 1.8803074500995467
131.5 1.052944950919689
132.0 1.203844137775759
132.5 1.279635511948015
133.0 3.013468709863348
133.5 2.8757082569624215
134.0 0.7284672136837402
134.5 0.8359983466525907
135.0 2.98776343078193
135.5 1.813817940353235
136.0 2.000144844319804
136.5 0.9651841226328792
137.0 1.7362027420928094
137.5 2.3320355832328596
138.0 2.308525106920288
138.5 1.8364968249871907
139.0 2.194285158273743
139.5 3.60161054509942
140.0 1.0209349016523213
140.5 2.8096475584871765
141.0 0.5704250172489431
141.5 2.3704269843098222
142.0 1.2682228360207648
142.5 2.1031955312456105
143.0 1.272384585926714
143.5 1.492069590738331
144.0 3.4807262009110946
144.5 1.1891485910383754
145.0 3.8738817528963247
145.5 3.7909191484898095
146.0 1.9222841855868382
146.5 1.1817946732373579
147.0 3.1832062207884393
147.5 1.4408743455816393
148.0 2.534870954410164
148.5 1.5985422821848818
149.0 0.2
149.5 1.6119198660671212
150.0 0.9534858779494321
150.5 0.2
151.0 1.4061781709408185
151.5 0.7634277726216236
152.0 0.6729004005373705
152.5 0.3497880405925491
153.0 1.7996499721750459
153.5 1.4281085337976953
154.0 1.6712307660361287
154.5 0.4543109715377247
155.0 1.150386251061022
155.5 1.4191829639776077
156.0 1.1565843194997956
156.5 1.330214081783793
157.0 1.3893629104518017
157.5 1.3375938608135436
158.0 0.7226098231101272
158.5 1.095506270819138
159.0 0.8488710411009057
159.5 1.5101293004104936
160.0 0.7529034191012276
160.5 1.971667457796397
161.0 1.8597978478872124
161.5 1.4833293824290075
162.0 2.537509526515027
162.5 1.0518974520493052
163.0 1.554023253159427
163.5 1.87983327808104
164.0 1.2248521566750612
164.5 1.314881196982221
165.0 1.590844078999764
165.5 2.471114041337353
166.0 2.0001773678761876
166.5 2.5632013523530146
167.0 1.8635479201744949
167.5 1.8335746186375725
168.0 1.416981973615556
168.5 2.3630811914079226
169.0 1.1895485013170517
169.5 0.8027654330773868
170.0 0.7176382299106422
170.5 0.5708186759793212
171.0 1.076376971643557
171.5 1.3272859268679866
172.0 0.9497145614923692
172.5 0.8755010288272086
173.0 0.7977010354580465
173.5 1.368080133846426
174.0 0.9728971218763119
174.5 1.090072305057145
175.0 0.9407947157735412
175.5 1.5002781074783127
176.0 0.9357899437294177
176.5 0.46930203847941865
177.0 0.9642093815467085
177.5 1.026613230982973
178.0 0.743278045478091
178.5 0.9551206743102976
179.0 1.0239826648712294
179.5 1.0739578510291388
180.0 1.2590039790284395
180.5 0.9399658501782197
181.0 0.8728414546252103
181.5 1.4345742138099788
182.0 1.8603443103613408
182.5 0.33437035509902957
183.0 1.3387664180615904
183.5 1.4167667118702278
184.0 2.3361708468338906
184.5 1.3091708058500193
185.0 1.4839811919543189
185.5 1.0062755374849148
186.0 0.7915317724154971
186.5 2.05164868197384
187.0 1.327993378892483
187.5 1.7486707812284163
188.0 2.0246270166035263
188.5 2.2138944625271515
189.0 2.9843775460143167
189.5 0.8670705214166443
190.0 1.546258515611903
190.5 0.7774686938329876
191.0 1.4107415858529342
191.5 0.4885450377676711
192.0 1.140968759016177
192.5 0.4629068122176142
193.0 1.1796765036889134
193.5 2.130080251681586
194.0 2.631199671997673
194.5 1.9412509043359831
195.0 1.1097036620602947
195.5 2.2206792134736526
196.0 0.49992153360002645
196.5 1.6865299848924664
197.0 2.029167099634938
197.5 0.8154272466844055
198.0 0.8641298635574479
198.5 1.0726454904696783
199.0 0.49191031722513323
199.5 1.146532092341934
200.0 0.8580507311478068
200.5 0.5904180063584801
201.0 1.2167833341937042
201.5 1.0641385553814338
202.0 0.8216737964852346
202.5 1.0776291039556627
203.0 1.3219815294715338
203.5 0.9598155341950899
204.0 2.8500323200539226
204.5 0.9344913574050417
205.0 2.1677353230828778
205.5 1.8526712833573726
206.0 1.8104247228322625
206.5 4.123353873985427
207.0 2.274951762074003
207.5 1.9148128001682285
208.0 3.3612834870487687
208.5 2.0833427511549663
209.0 1.7190894218564114
209.5 0.7811931885157684
210.0 2.240525990605537
210.5 0.7393052006304892
211.0 1.7936484670092214
211.5 1.5943904263055184
212.0 2.1337361314178294
212.5 2.991440989197822
213.0 1.3732298467822384
213.5 2.399508719368913
214.0 0.8884072055301091
214.5 2.4998746388258484
215.0 2.82152089649719
215.5 0.2
216.0 2.85968512220086
216.5 2.044665107182649
217.0 2.202630251692497
217.5 2.298658222070843
218.0 1.624373734860356
218.5 2.423141410991689
219.0 1.0114191845106735
219.5 1.2303988661277747
220.0 1.7402197849564458
220.5 1.0871623065100404
221.0 0.883197752990954
221.5 2.7504866249910416
222.0 2.031766099145938
222.5 0.9064511793004948
223.0 1.0312271071856691
223.5 1.1441756886541103
224.0 0.7531150253374621
224.5 0.9980332141373873
225.0 0.22403715212860909
225.5 0.5823584170287776
226.0 1.120007624135304
226.5 1.1497310164691865
227.0 0.8680953507666042
227.5 1.4325947700113877
228.0 0.31921970936477106
228.5 0.986105500485176
229.0 1.4041653205053948
229.5 1.0503757755121401
230.0 1.43285528305512
230.5 1.0951127196223278
231.0 1.2160061998077083
231.5 0.5464709825141202
232.0 0.39010586302049666
232.5 0.8582605293860622
233.0 0.997596453964307
233.5 0.5780617924750608
234.0 1.2941148538385518
234.5 0.7490167368606304
235.0 1.1449797873738317
235.5 1.3459394998299659
236.0 1.9585896664055311
236.5 1.3855698760692559
237.0 0.2
237.5 0.5981716226402815
238.0 1.007669732365492
238.5 1.1606567625059698
239.0 1.6715822792901764
239.5 1.3040611629731944
240.0 1.298501305920934
240.5 1.3693740199300395
241.0 1.4872296092087853
241.5 1.4057773117194743
242.0 0.6822531108410773
242.5 3.184349442608257
243.0 5.066671006978107
243.5 0.8913955473330804
244.0 3.2607420742849773
244.5 3.7456271084963104
245.0 1.3163830227166597
245.5 3.60264060523457
246.0 1.537146046964247
246.5 1.8134325316621498
247.0 1.7472143409080643
247.5 0.9767266365451697
248.0 2.2241926806535552
248.5 1.259255602331621
249.0 1.1500415107964255
249.5 1.3829689966127041
250.0 0.9832991315082035
250.5 0.9579568540598137
251.0 0.6948941624586723
251.5 0.918241658080415
252.0 0.7519616522334958
252.5 1.295498463521334
253.0 0.7524498362879402
253.5 1.3607819969960913
254.0 0.7105928400859135
254.5 1.42156043753265
255.0 3.2008025534184066
255.5 0.8384011080022403
256.0 1.0445058392814057
256.5 1.1967376772734286
257.0 2.3068979635165032
257.5 1.585218220114543
258.0 0.9532136644173526
258.5 0.4796156401052283
259.0 2.157152983834936
259.5 2.2682239591829285
260.0 2.588638909808937
260.5 1.3845507629478218
261.0 2.9404412612826025
261.5 0.87436422641355
262.0 0.5048891561728464
262.5 2.551623266370197
263.0 2.0186283940709755
263.5 3.0341032081557753
264.0 1.892785446936673
264.5 3.4788993687154974
265.0 3.3329478876982432
265.5 2.7861254050539035
266.0 1.3766621181054612
266.5 0.44508299303693266
267.0 2.4874830208016103
267.5 1.9520390285465958
268.0 1.4199511412107921
268.5 2.010261488134118
269.0 2.3335092173486007
269.5 3.761762715441794
270.0 3.151227077445869
270.5 4.007153697816698
271.0 3.09294729377367
271.5 1.4260218797154076
272.0 3.6221403557823164
272.5 2.24880751015406
273.0 1.7408820837528536
273.5 0.23233669864230744
274.0 1.559947970620786
274.5 1.7775308894323807
275.0 1.848116810889602
275.5 2.606718656591773
276.0 3.858672140893676
276.5 3.1475515176808138
277.0 1.1395556290330833
277.5 1.1645579209308132
278.0 1.041946925912999
278.5 1.437590263907001
279.0 0.5702805816779819
279.5 1.423984654435317
280.0 0.8246515755285402
280.5 0.90551669713792
281.0 0.7995030626044621
281.5 1.3599893096538933
282.0 2.4459695531420653
282.5 2.171021351827658
283.0 1.7905488027172642
283.5 3.669856532649244
284.0 2.761153905441902
284.5 0.5737504800436894
285.0 1.95982573111647
285.5 1.7792126538087865
286.0 1.0905609484091712
286.5 1.9463148020802257
287.0 1.3560831525489667
287.5 1.3056168151871943
288.0 1.203604787309608
288.5 0.9909851913366984
289.0 0.9863124633920161
289.5 0.714760266341293
290.0 0.9024343167232158
290.5 1.1514199923085524
291.0 0.7308920906560042
291.5 1.1949078221498102
292.0 0.8465017316369042
292.5 2.0436797023324136
293.0 1.5555981403622898
293.5 2.11222569315127
294.0 1.4149567285907363
294.5 1.663389353129272
295.0 0.8899334434999787
295.5 2.0030576868395906
296.0 1.9172402583503718
296.5 2.271939522071407
297.0 0.9312631520053054
297.5 1.232277137701317
298.0 1.3327559932355584
298.5 1.5197492953817826
299.0 1.4884838348903089
299.5 0.9911780771354826
300.0 0.5813051558340382
300.5 0.7783960840412876
301.0 0.9808589895154304
301.5 0.7932564473902122
302.0 1.4539954255872958
302.5 2.361627714185051
303.0 0.7045785975889668
303.5 1.5258811294177481
304.0 0.5724186045740504
304.5 1.4490618389123462
305.0 0.5769692738574276
305.5 0.6972843971920454
306.0 1.663971356756397
306.5 1.1693437046404085
307.0 1.0927002011968585
307.5 1.4915091835898018
308.0 1.1201879611020331
308.5 0.9956390612831643
309.0 2.2489139257040387
309.5 1.5067787231249656
310.0 1.6821985849518166
310.5 0.8576588117407404
311.0 1.623802202588211
311.5 1.231433237689139
312.0 1.1704104743797292
312.5 1.2018958716862822
313.0 1.182269470980332
313.5 0.9541226579065247
314.0 0.8856475567436974
314.5 0.7298412977808735
315.0 1.9468439104141624
315.5 1.288935348974126
316.0 1.4499987057585821
316.5 0.9436605819457902
317.0 0.46581393285910033
317.5 1.3650690763192517
318.0 0.5536418247444718
318.5 1.094781928326792
319.0 0.6739755187909163
319.5 2.4255620874593133
320.0 1.9885062034130032
320.5 0.8027278343787276
321.0 1.7679364245088791
321.5 0.3736831992349571
322.0 0.26359331847609657
322.5 1.0896585298198311
323.0 0.9574320819613377
323.5 1.0220126557552836
324.0 0.966024930845697
324.5 0.48984155580354627
325.0 1.6233448091473004
325.5 1.0296865801652282
326.0 1.257886561495478
326.5 0.6292074775617875
327.0 1.5837405665402549
327.5 1.5076270389559423
328.0 1.0915683582550844
328.5 1.8107725233879668
329.0 1.4016620395724195
329.5 1.8129470383696369
330.0 1.0184127709155124
330.5 1.5890975816737094
331.0 1.547378126490995
331.5 1.1591603709409686
332.0 2.0995778749582787
332.5 2.6982500284396655
333.0 0.7879506880638332
333.5 2.4577978426647906
334.0 3.8195084742467356
334.5 4.006353988516229
335.0 1.0388329783948933
335.5 0.44100992389183524
336.0 1.5011472328529942
336.5 2.9813667306348592
337.0 1.964654425848813
337.5 1.2543894857815898
338.0 0.7118996710545162
338.5 1.9972961803914244
339.0 2.5259661607350608
339.5 1.8634656447106506
340.0 1.4186288734459367
340.5 3.3620924620283317
341.0 1.6009227868493987
341.5 4.613142890813299
342.0 1.2643704656510635
342.5 0.3353743683842978
343.0 1.5284670325793202
343.5 1.026791302208313
344.0 2.443575513313262
344.5 2.6229563744762507
345.0 0.9625135807737077
345.5 1.0140443945518185
346.0 2.088739097074226
346.5 3.460643534708101
347.0 3.2216762800743237
347.5 1.1830634012647332
348.0 0.6858912641317576
348.5 0.5424992234663324
349.0 1.7929758915469758
349.5 1.2141603671399162
350.0 1.1827250861930445
350.5 1.3884663564765236
351.0 1.7801118291551028
351.5 0.9562814163529896
352.0 1.239990492277394
352.5 0.8124437076297197
353.0 2.2431010676043
353.5 1.7001409298023578
354.0 0.4286718811180996
354.5 0.9242770072273545
355.0 1.4037030688181489
355.5 0.960613796417938
356.0 1.8986567805247223
356.5 1.5672941820089068
357.0 0.5890513732638222
357.5 1.442145399915322
358.0 0.758695277975433
358.5 0.9939546994483746
359.0 1.4374691325655706
359.5 1.9239310798264724
360.0 1.762361213707896
360.5 1.1421524229855986
361.0 1.1715116670407315
361.5 1.7478641018330558
362.0 0.9213784291180858
362.5 1.8902513635573326
363.0 1.2652365943915878
363.5 1.7702265505532342
364.0 1.1469463593793265
364.5 0.67253991666801
365.0 3.079566444797614
365.5 2.0505860308424806
366.0 1.9234029362472138
366.5 2.1507825936461455
367.0 2.493291629889877
367.5 2.2453671374737905
368.0 1.5748178289035852
368.5 2.4226159116364454
369.0 0.9727861093188125
369.5 2.515437412273582
370.0 1.5300300269751905
370.5 1.8326693285145592
371.0 1.7038748556010739
371.5 1.3619915043548745
372.0 1.4783045822867957
372.5 1.5621442590921182
373.0 2.7806431732750827
373.5 1.2915789978633643
374.0 1.493855511924503
374.5 1.1283576929811137
375.0 2.325286438844095
375.5 4.419069047291114
376.0 1.2644341367377314
376.5 0.917795492555331
377.0 2.4156185015825224
377.5 2.9026581203895265
378.0 2.332394299887542
378.5 0.9274582014289144
379.0 0.7088676625200183
379.5 0.4957015231286158
380.0 1.099797842816499
380.5 0.9289539135110246
381.0 0.8429378951679913
381.5 0.7209124012740065
382.0 1.0072957834131697
382.5 0.8960386648153632
383.0 1.0472395863145518
383.5 0.8709281778877642
384.0 0.8159374500410153
384.5 0.8542850252052152
385.0 1.302686859076576
385.5 1.0484000533346496
386.0 1.3588613506600322
386.5 0.7384738125978221
387.0 0.7956457087289921
387.5 1.1439593366106573
388.0 0.91850654159562
388.5 0.8573966495040963
389.0 1.1515267079575453
389.5 0.5335986081282615
390.0 0.8473554644258835
390.5 0.8541906691694492
391.0 1.0090056774377962
391.5 1.0767378794628026
392.0 0.7994740404067453
392.5 0.8203052556708561
393.0 0.888551597605993
393.5 1.2488896198070547
394.0 0.8977363932092277
394.5 0.4216951003893895
395.0 0.3161412825376563
395.5 0.7819234766243871
396.0 0.9725008656390651
396.5 0.6521160453411995
397.0 1.189354237628637
397.5 0.9894267241931527
398.0 0.2823687960587198
398.5 0.8515783715889986
399.0 0.7628042913444555
399.5 0.9267178731421382
400.0 1.0983592902078727
400.5 1.1173827772252671
401.0 0.6327680898383521
401.5 1.0022776754452316
402.0 0.8543879916078742
402.5 0.6586604516197748
403.0 0.9535910666069952
403.5 1.5132536813418587
404.0 0.6213690362231027
404.5 0.9758873407827312
405.0 0.4267349378430254
405.5 0.9823744053269065
406.0 0.969973182757717
406.5 1.176155896427388
407.0 0.6655080282819111
407.5 0.9344238452016608
408.0 1.0022437038325258
408.5 0.9164363593580271
409.0 1.1213456989082666
409.5 1.31454434328717
410.0 0.6279521976132685
410.5 1.1193236673359777
411.0 0.8872784465290365
411.5 1.1768513888251722
412.0 1.1903818327802516
412.5 0.7871873224296151
413.0 0.9515606617348134
413.5 0.8841632221175528
414.0 1.1997512440787406
414.5 1.4075495041301704
415.0 1.0802834237999974
415.5 0.7062652245886335
416.0 1.2914114627426956
416.5 1.3821851922584945
417.0 0.2
417.5 3.877575092527825
418.0 2.1830434724606294
418.5 2.299566506494689
419.0 3.3145565989119676
419.5 1.7921184954059015
420.0 2.4387701547192586
420.5 2.0915433411983204
421.0 0.618191193944261
421.5 0.6747049702288002
422.0 0.9526624452057187
422.5 0.6116231933989988
423.0 1.1122362004595494
423.5 0.8457549108042837
424.0 1.13463268557319
424.5 0.5052689033084607
425.0 0.9481021017904031
425.5 0.8563267993842782
426.0 0.8222670612359886
426.5 0.8021310766613108
427.0 0.7658177769515728
427.5 2.8606670523194326
428.0 2.3630462689184624
428.5 2.3653604388989278
429.0 1.391784419200801
429.5 1.6480868478219222
430.0 1.406661499796643
430.5 2.0919548432839927
431.0 2.6552076510844502
431.5 0.9644335277856023
432.0 0.7479191777852732
432.5 1.7157800751503358
433.0 1.8999604940853483
433.5 2.3025298515128587
434.0 3.223805622535018
434.5 2.5758655484812714
435.0 2.772210622788699
435.5 1.1041614746675013
436.0 1.8675706364519626
436.5 1.9067452875930346
437.0 1.5433236224889875
437.5 1.5925564912066394
438.0 3.6417806378285893
438.5 1.2154405166333395
439.0 1.4339842107394962
439.5 1.0952037022490364
440.0 2.691361317750328
440.5 2.7708742812839335
441.0 1.8028925990520592
441.5 1.46506612339639
442.0 2.3264575386070625
442.5 2.023580661447033
443.0 1.45437316678558
443.5 1.3732831059779511
444.0 1.833397459573634
444.5 1.6747964686003984
445.0 1.077129080616483
445.5 3.3827416667781804
446.0 0.6766261934347799
446.5 1.7708083223152242
447.0 2.9075620715635466
447.5 2.5857513985419915
448.0 1.2429217763334783
448.5 2.662084080479015
449.0 2.057611227889013
449.5 1.9722467944332664
450.0 0.2
450.5 2.3419974721887367
451.0 1.4612692077210765
451.5 1.8878892248565289
452.0 2.9918830580922933
452.5 0.2
453.0 2.7044263574408762
453.5 3.155834722340857
454.0 1.7384478908816978
454.5 4.453189501909512
455.0 4.3041161849004395
455.5 1.353929111349102
456.0 2.2565601872103427
456.5 1.6389852640668519
457.0 3.5325112570450576
457.5 0.7851271279804743
458.0 3.0876110603239493
458.5 3.908427096097088
459.0 2.7458821808253813
459.5 2.0375302693157744
460.0 1.582168441494848
460.5 3.092129077798935
461.0 2.7837753275970187
461.5 1.7841275030205397
462.0 2.459856247791928
462.5 2.2863493459153483
463.0 1.6657927686820568
463.5 1.2412762322586737
464.0 3.84669475178415
464.5 1.7326267710784196
465.0 1.3101248695398369
465.5 2.5522618454642396
466.0 2.7143339451604422
466.5 3.167312208254975
467.0 0.2
467.5 3.0631906781353546
468.0 2.5494039326002627
468.5 3.2798710019339374
469.0 1.7616699223771901
469.5 3.55535844219008
470.0 2.9030907761105382
470.5 2.24974951691936
471.0 1.0668132995424864
471.5 1.0535071332409711
472.0 1.4262736911631222
472.5 5.688606212726972
473.0 3.1142903747317767
473.5 3.9989304123575105
474.0 3.717811626670449
474.5 2.9612678021407697
475.0 2.488566442756558
475.5 2.8944872560327912
476.0 3.888801313420978
476.5 3.346342503930945
477.0 1.3481806591661027
477.5 1.9892260279897203
478.0 1.1934635071275657
478.5 0.2
479.0 1.1494458305180062
479.5 1.6322680466523662
480.0 2.9849508655076527
480.5 2.658388314742451
481.0 0.33894628570761287
481.5 1.745224844950312
482.0 1.840940110548115
482.5 2.5361365883754274
483.0 1.0628912164105317
483.5 2.4530348040998184
484.0 2.009923295702536
484.5 2.7565533601730983
485.0 3.1934119465852895
485.5 3.3763099333922515
486.0 1.013803173902925
486.5 3.618969281032638
487.0 3.206475542458987
487.5 0.2691400865773754
488.0 4.206442899011886
488.5 2.6520961213478884
489.0 1.6621910372100812
489.5 2.017192852143433
490.0 1.3821796914806075
490.5 2.0363945621226085
491.0 4.035443464545413
491.5 2.016042365983093
492.0 2.6509846477041767
492.5 2.3026805316395142
493.0 1.3783746203402374
493.5 1.653001545711273
494.0 0.7782791345005944
494.5 0.7138174037378417
495.0 1.20334504736837
495.5 1.129277318014247
496.0 0.8587855884807484
496.5 0.5128668069597941
497.0 1.0184443599646578
497.5 0.7489822942926487
498.0 1.4142309671221653
498.5 1.322449856758503
499.0 0.9785819224072133
499.5 1.0902098635753164
500.0 0.9551161140968868
500.5 1.2088441439666595
501.0 0.9377323974743458
501.5 1.0849560622959706
502.0 0.5890742233562235
502.5 1.1961919882240766
503.0 0.6737614665908767
503.5 0.6352360299686619
504.0 1.0300371139543756
504.5 1.1425863544771468
505.0 0.8531008326977632
505.5 0.796152438319534
506.0 0.935018230325581
506.5 1.070210742214866
507.0 2.7926465927323822
507.5 1.9398453732776302
508.0 0.4517845961766984
508.5 1.5459597356106394
509.0 0.8694605502779149
509.5 1.1014851192499182
510.0 0.7034724732179083
510.5 0.2
511.0 1.5098226860988535
511.5 2.170925246918472
512.0 1.9192417856354005
512.5 2.1084334221353696
513.0 3.060698722104325
513.5 2.957109517290873
514.0 1.4012957593648532
514.5 3.5653653320044856
515.0 1.8561561725227795
515.5 2.2830651110204294
516.0 0.8342457810832777
516.5 1.425282822163699
517.0 3.9102409760063175
517.5 1.831306918695406
518.0 1.7482757169645615
518.5 4.505404291959586
519.0 0.2
519.5 2.325907460483587
520.0 1.4265998180976744
520.5 2.177531661819951
521.0 2.310530589675582
521.5 1.2323582385384042
522.0 1.9309875852184484
522.5 2.0414178356314068
523.0 1.0387670142645724
523.5 0.8037895803041419
524.0 2.3123761681157857
524.5 0.6490514517756552
525.0 1.0699458720984707
525.5 2.21646231869873
526.0 1.7016933253094857
526.5 1.1429502753903205
527.0 1.697217119686297
527.5 1.4207110205882023
528.0 0.2756553019362511
528.5 0.5589269012174519
529.0 1.1726290563251616
529.5 1.1164029804070665
530.0 0.8187891714219417
530.5 1.139790968189019
531.0 2.2260607696909602
531.5 1.3957784510750315
532.0 1.819901774978437
532.5 0.4568101864160795
533.0 1.1835680180503885
533.5 1.5347271264428775
534.0 2.26629247919183
534.5 0.9514166875573022
535.0 0.6144667274092703
535.5 0.6802892850596747
536.0 0.6691948513808058
536.5 0.7235204999173828
537.0 0.496560300311006
537.5 0.8506676762252097
538.0 0.6678244935356895
538.5 0.5313178959880411
539.0 0.8706941514464273
539.5 0.8003085129793797
540.0 0.6487275884635026
540.5 0.8291938373081855
541.0 0.538140191043543
541.5 0.7168592922278874
542.0 0.8084702427818424
542.5 0.5171182554880913
543.0 0.6140115596169022
543.5 0.7754403977504645
544.0 0.7061178889909521
544.5 0.7923591189490942
545.0 0.6292993319544218
545.5 0.7668487359148373
546.0 0.7466613291019215
546.5 0.6205636572224721
547.0 0.39929684152080736
547.5 1.6420796462887475
548.0 1.2073676540373262
548.5 1.460933040773499
549.0 1.9838245094245017
549.5 1.9581499769749418
550.0 1.3923672737770687
550.5 1.0536000830048273
551.0 1.1603944284181875
551.5 1.8304437798607462
552.0 1.5967410878518922
552.5 0.843862357513438
553.0 1.7354291048877737
553.5 1.0978526272112008
554.0 1.1482710571868298
554.5 1.3882591568786773
555.0 0.6744306480234993
555.5 1.9037816138515606
556.0 1.4500970185426074
556.5 0.4293364616620542
557.0 1.4140291447334
557.5 1.3799119016528207
558.0 1.53723781383176
558.5 1.691912921700164
559.0 0.684864482256985
559.5 1.6358307489758261
560.0 1.2598851084734293
560.5 0.37416797619028663
561.0 0.9930551885623249
561.5 1.7413281392231807
562.0 1.176341543039698
562.5 1.400551704282075
563.0 1.3118468780282355
563.5 1.0384117834228017
564.0 1.5627598573582482
564.5 2.294705106439512
565.0 1.4094281891293239
565.5 1.6708075714613522
566.0 0.9527390362794144
566.5 1.199311530874834
567.0 2.6478000193393436
567.5 1.127519288426966
568.0 0.4829679072348373
568.5 0.44693881198290164
569.0 1.6955040185986667
569.5 1.2830861805515799
570.0 1.328658188317421
570.5 0.8492150861196361
571.0 1.045749065357457
571.5 0.9162760801966734
572.0 0.8383962318428111
572.5 1.3391371550452598
573.0 1.7524759721800829
573.5 1.3042050972602937
574.0 1.9204791336476592
574.5 1.8393020482255833
575.0 1.2021071647517214
575.5 0.7982364159223013
576.0 1.1203719083030133
576.5 0.9040884483085522
577.0 0.924255646657871
577.5 0.876565303549458
578.0 1.00162690431145
578.5 0.6207067825371212
579.0 0.7451689255767456
579.5 0.8164104700083503
580.0 0.9760931729622114
580.5 0.7466519728373866
581.0 0.4807859576540881
581.5 1.0726029090815632
582.0 0.6963247637243408
582.5 0.9715389566065359
583.0 0.4321342050640785
583.5 0.769664871648698
584.0 0.600341436294821
584.5 0.2
585.0 0.8254367982399733
585.5 1.1523373211514536
586.0 1.0880132409460286
586.5 0.9734002774933818
587.0 0.6324562105047693
587.5 0.9968806827974179
588.0 0.7247692832678783
588.5 1.4660499261228743
589.0 0.7541426456093118
589.5 0.626034865371472
590.0 0.952138435751762
590.5 1.0832169355643049
591.0 0.35892556323254066
591.5 1.283111973960878
592.0 0.9313790937450298
592.5 1.9624497787546562
593.0 1.4832575678343274
593.5 0.9531902702231361
594.0 0.5240421434096867
594.5 1.6767546150926274
595.0 1.264915773792986
595.5 1.8391882371359065
596.0 2.552979391046351
596.5 1.6387819603439833
597.0 0.8056721006217495
597.5 2.204846860406281
598.0 2.1625225944760436
598.5 2.6198497241895433
599.0 1.430222981317026
599.5 2.664777791617686
600.0 2.122189529584329
600.5 1.693497773598458
601.0 2.6087087876591424
601.5 2.027122064017095
602.0 0.5422350434903715
602.5 2.7947143520307836
603.0 1.4762251180911794
603.5 3.4310266431782597
604.0 1.432097042828025
604.5 0.30962200793341443
605.0 2.3210395591546185
605.5 2.7913670474938685
606.0 2.1111494409491374
606.5 1.5313017302319332
607.0 2.7982951488059613
607.5 1.3623542407613662
608.0 2.591232168513413
608.5 2.522273249459862
609.0 1.5081466300584476
609.5 1.9403960520095889
610.0 2.7551546905326427
610.5 2.615442058170858
611.0 1.0845165769814087
611.5 0.8072637220241555
612.0 1.260626587336565
612.5 0.770339866606254
613.0 0.5172623740330873
613.5 1.1580164300235585
614.0 0.8347442501532156
614.5 0.93942737267858
615.0 1.3306007146741763
615.5 0.8864982611822013
616.0 1.2411643317208636
616.5 0.4861101200271575
617.0 1.2965544311174737
617.5 1.325202882301854
618.0 0.5905108221360463
618.5 3.1634165365385014
619.0 0.3673756839924829
619.5 0.4062491962241862
620.0 1.4772350302946444
620.5 1.512183692642944
621.0 1.2457125808235054
621.5 0.6868021685566046
622.0 0.8089965303527155
622.5 0.9374334692705881
623.0 0.7777328151321637
623.5 1.2192138012695979
624.0 2.241747247691084
624.5 0.5657821007796116
625.0 0.8637064192015211
625.5 0.7315122796202371
626.0 1.1858888705549528
626.5 1.1666249350485687
627.0 2.053864395821626
627.5 0.8924863549230981
628.0 1.2868875883434012
628.5 1.774393380320689
629.0 1.4360297312947718
629.5 0.5559289144517897
630.0 0.6423893134897615
630.5 1.1305545797412226
631.0 1.3668153839962338
631.5 2.084882539796773
632.0 1.0694789637305238
632.5 1.0549634215791541
633.0 1.3996169748123988
633.5 1.2603027867967551
634.0 1.7348284919223151
634.5 1.5011626480415807
635.0 1.055619601067611
635.5 1.4812655895455338
636.0 2.065717041762766
636.5 1.727746786077747
637.0 1.1171025413992046
637.5 2.0075001935575116
638.0 0.5068605379349485
638.5 1.174304238835766
639.0 2.0437946219899557
639.5 2.0220161799362826
640.0 1.265412154225345
640.5 0.9858646717345173
641.0 1.8568970986365223
641.5 1.8740683496754995
642.0 1.2136618086291864
642.5 1.581908952108221
643.0 1.3900232123524114
643.5 2.1252770607012983
644.0 1.4891696164407935
644.5 0.6141538448720425
645.0 1.6949572482681767
645.5 2.5434989429062718
646.0 2.1712595531260366
646.5 2.3290977273169435
647.0 1.4069373470289976
647.5 2.956464339238119
648.0 1.3796581797523302
648.5 2.012635335764082
649.0 1.4777152797875175
649.5 2.333270815614785
650.0 1.7816424178656651
650.5 0.24489318262905213
651.0 1.7161926688099083
651.5 0.2
652.0 1.0117848621574737
652.5 2.636112619612926
653.0 0.6947862112209384
653.5 1.4908815469862606
654.0 1.7999772702016665
654.5 3.4896280024222714
655.0 2.346648637548207
655.5 0.6868836157269398
656.0 3.1200132321248097
656.5 0.2
657.0 3.7800853315586345
657.5 1.7285188746141875
658.0 2.7630384308690474
658.5 1.2998709585395456
659.0 1.9613893980821473
659.5 1.1776705536368215
660.0 3.233741102513008
660.5 2.852179406639098
661.0 3.428708117076175
661.5 3.616551933116936
662.0 1.0437596857094462
662.5 4.539840284045625
663.0 3.7440049521289427
663.5 3.187841115135039
664.0 0.9105021600828496
664.5 3.5388018983462595
665.0 1.14684645561333
665.5 2.783024035763417
666.0 4.746833246891261
666.5 2.1687749306751734
667.0 1.3400808066169883
667.5 2.135797182931839
668.0 3.445986318061535
668.5 2.435088587333102
669.0 3.832177302770354
669.5 1.9074069079850775
670.0 1.5657289013383393
670.5 2.5818982570766247
671.0 1.5164545665365528
671.5 1.5675323672243673
672.0 1.486107073012184
672.5 2.2441514006018517
673.0 2.015842628577051
673.5 1.6508937220073605
674.0 2.8792671529448204
674.5 2.100024842251872
675.0 3.5348600193567634
675.5 2.124077808639441
676.0 0.9552176714022848
676.5 1.9858905327291192
677.0 2.4628136833507392
677.5 2.099909122866473
678.0 1.1880606065899757
678.5 1.0933444460609794
679.0 2.708320215525638
679.5 0.942208252125849
680.0 0.8561078079073182
680.5 0.8287101491114137
681.0 0.9933366762015694
681.5 1.8392045814981386
682.0 2.7144363459079623
682.5 1.7196382641279226
683.0 1.7527241729822207
683.5 2.73787854122818
684.0 1.2277743850941798
684.5 4.432171227560518
685.0 3.7177495931732625
685.5 2.4227868740398106
686.0 0.22656167033335284
686.5 1.0557546949038574
687.0 1.6973641734585707
687.5 1.1636290966536973
688.0 1.8705494269655016
688.5 1.7839257689816954
689.0 1.7787593045237005
689.5 0.5191194248128315
690.0 1.346332375387536
690.5 2.480172556811229
691.0 2.9127933480374115
691.5 2.477228983568816
692.0 0.7593297088747364
692.5 1.6667258444041946
693.0 3.0124766769081335
693.5 1.9263710237711704
694.0 2.0889896666258743
694.5 1.7795814526824978
695.0 0.602708670629799
695.5 1.524303833051618
696.0 0.8701989471934941
696.5 1.1345471611371767
697.0 0.6736619803043703
697.5 0.8828658679439789
698.0 1.4547701394638437
698.5 0.5138860414060409
699.0 1.7197657658493262
699.5 1.5375691706531134
700.0 0.3545251276815191
700.5 0.9579995597903971
701.0 1.7378053332374794
701.5 2.496526566259613
702.0 1.6001388195368758
702.5 1.677708755559752
703.0 1.7319442567210601
703.5 1.3148077899357535
704.0 0.560328452767964
704.5 2.1734256574878916
705.0 1.0518964274439933
705.5 0.9177795494296039
706.0 0.5724024530785139
706.5 1.385938971218076
707.0 1.4817633292333006
707.5 1.070129845471049
708.0 1.3673609443976324
708.5 1.3501839188605642
709.0 1.5681537120985303
709.5 1.259109725389053
710.0 1.2263310627081092
710.5 1.0735987555920115
711.0 1.1941903634187128
711.5 0.9164803287783452
712.0 1.3837033509511498
712.5 1.8289635497687455
713.0 0.8628064697381044
713.5 3.8227670670512537
714.0 1.1405515127192443
714.5 0.6020332046812791
715.0 2.586081333604846
715.5 1.8565378103055192
716.0 2.748866755150129
716.5 0.3864225328550659
717.0 1.8144636007672643
717.5 2.800716127746859
718.0 1.3460694402446447
718.5 2.1158130023666955
719.0 2.0170670596616067
719.5 2.83777436496445
720.0 1.1004056205917188
720.5 0.9904811730675843
721.0 1.8835288024746104
721.5 2.576046937576467
722.0 2.4476645089555977
722.5 2.027692869225169
723.0 1.894615944183754
723.5 0.5925594309252256
724.0 2.137779837108058
724.5 1.4493578735344075
725.0 0.522783893544742
725.5 1.8642957544936392
726.0 2.107065766468239
726.5 1.747443984648157
727.0 3.7238031411479526
727.5 1.9582989309181273
728.0 0.2
728.5 2.0161652466332733
729.0 2.6390780548035844
729.5 1.2492911557451438
730.0 1.767083380773732
730.5 3.4313562315168085
731.0 1.7307142791963679
731.5 1.6858348343580352
732.0 2.1103631124190625
732.5 1.9069783285387245
733.0 1.4164217108310917
733.5 1.5895512630326036
734.0 0.9651315291265417
734.5 3.2952637168029764
735.0 1.8870043765823865
735.5 2.6142338982173574
736.0 0.6934872611507636
736.5 1.7466743143358818
737.0 2.140746509285012
737.5 0.9232174471185834
738.0 1.2138501375082589
738.5 0.2
739.0 1.7388842727532081
739.5 2.075631878231108
740.0 1.5839302705066396
740.5 1.841013984027641
741.0 2.049481233444631
741.5 3.0596998881790682
742.0 0.7917054469766027
742.5 0.2
743.0 2.5519910298446926
743.5 1.3907953872534844
744.0 1.9956517104176292
744.5 0.3869680051448716
745.0 2.497971809267245
745.5 2.497023383532234
746.0 1.871679675948985
746.5 2.002920805476574
747.0 1.852989164228779
747.5 2.238011457807727
748.0 1.444452516022199
748.5 0.7741384733582652
749.0 1.861697464470764
749.5 2.2664846747309904
750.0 1.7440812056179844
750.5 2.050050504322061
751.0 1.0875729629739375
751.5 1.514627179928146
752.0 3.7248031749477466
752.5 2.7456347851658887
753.0 0.7413234711769643
753.5 2.8679884791788472
754.0 2.437140080945046
754.5 2.296101909479143
755.0 2.588874779481653
755.5 3.337327591944292
756.0 2.6109259360703985
756.5 2.5283787169425587
757.0 1.5948318106543475
757.5 2.9158249966072383
758.0 1.4421836401185053
758.5 1.3375368139520403
759.0 2.5065746785850775
759.5 2.7082102875629763
760.0 1.8321312166846506
760.5 2.9780514079422793
761.0 1.6805111683491392
761.5 1.4733004268330512
762.0 2.208994961918073
762.5 1.1208227267288673
763.0 2.9009769224440465
763.5 2.4113148703224745
764.0 2.015225028567408
764.5 1.0002989407628877
765.0 0.2
765.5 1.8075589398431489
766.0 2.3957571853670596
766.5 2.9405017875650628
767.0 1.2119075485933934
767.5 0.8323043722175893
768.0 1.6873435078252461
768.5 1.0424328438844672
769.0 1.0660692897030606
769.5 1.9366526177628565
770.0 0.6865609190095243
770.5 0.7886906420767297
771.0 1.1623174335337119
771.5 1.165171873237071
772.0 1.707435302129785
772.5 1.2832828073080613
773.0 0.7082729766133299
773.5 2.022309849637262
774.0 1.6736357626056402
774.5 0.2
775.0 0.9327377213085795
775.5 0.658195259205578
776.0 0.8884720761581404
776.5 0.5516561708154035
777.0 0.48892703591768233
777.5 0.6424418654665814
778.0 0.6740238703961328
778.5 0.4436042475620765
779.0 0.8493787511350852
779.5 0.6289712786426989
780.0 0.4754665713361171
780.5 0.7300574558934587
781.0 0.5979239359949551
781.5 0.697607061101717
782.0 3.1259297598435785
782.5 1.3331035467792063
783.0 2.284197603539357
783.5 2.7556514750176353
784.0 0.9233053823663291
784.5 1.381654706986719
785.0 2.9794589344067104
785.5 3.422052878188836
786.0 2.155769950810553
786.5 1.6704773905505181
787.0 1.8901209031904367
787.5 0.7249682082672848
788.0 0.9754346166941483
788.5 0.4761470852763081
789.0 3.488294534387373
789.5 1.4465117585097773
790.0 3.1518402228117823
790.5 1.7964451480806598
791.0 2.307797171867795
791.5 2.089988334044111
792.0 2.9674118275696006
792.5 1.7485133548412104
793.0 1.5465956988380136
793.5 3.3560236540254595
794.0 0.6714498501503521
794.5 1.406837116253159
795.0 2.5520791619379812
795.5 2.1153693073859032
796.0 1.425455607818459
796.5 1.500352170545873
797.0 0.2
797.5 2.43036112604498
798.0 1.8089626993936754
798.5 1.9830518801970245
799.0 3.4270554071047403
799.5 0.22306869648122718
800.0 0.30374893228737654
800.5 2.9364091405418664
801.0 0.2
801.5 3.4629310539841835
802.0 0.3236857673273539
802.5 1.5136510249974062
803.0 1.0301672093482652
803.5 1.246109443429877
804.0 0.2
804.5 1.8646885138717963
805.0 2.2151853031673916
805.5 0.501783352336717
806.0 1.5475075888359742
806.5 1.3972269721072754
807.0 0.2
807.5 2.513797318094511
808.0 1.4270802919985526
808.5 2.5754464892014024
809.0 3.112760676663257
809.5 2.476558899284045
810.0 2.119137606201143
810.5 1.8889473687021976
811.0 3.6437291804354777
811.5 1.3166250179075303
812.0 1.7889723905624433
812.5 2.6911040652916833
813.0 1.3338480816732137
813.5 1.8772961327565025
814.0 1.4892244681741476
814.5 1.8497559169559152
815.0 1.4458618818686917
815.5 2.460574665390854
816.0 2.113074906069956
816.5 2.9122736088671113
817.0 1.2277023872179436
817.5 1.418476331602076
818.0 1.049777212670455
818.5 0.2
819.0 1.7326448089777766
819.5 2.5268918039880948
820.0 2.177756594151613
820.5 2.1278259744386507
821.0 1.9464531335988493
821.5 1.688413898646016
822.0 2.3387574009303256
822.5 3.638949312006248
823.0 2.411150322190763
823.5 1.3469916450217512
824.0 1.6358371340203013
824.5 3.346691993678954
825.0 2.419448145258311
825.5 0.508267862967501
826.0 1.6055923224447517
826.5 0.8133472342623069
827.0 1.5940510595289887
827.5 1.6597046960246191
828.0 1.9189015472207216
828.5 1.4653630460532394
829.0 2.8055102353904706
829.5 3.2689495561653557
830.0 1.5327203015760298
830.5 1.4920096852020928
831.0 1.9815217213990617
831.5 0.9972954137799651
832.0 1.0871217202469825
832.5 2.523065204582831
833.0 2.2740170310058487
833.5 0.5751316590985707
834.0 2.3524145220081367
834.5 2.499191256474643
835.0 2.595958756818411
835.5 3.566227865659284
836.0 1.0539503488676027
836.5 1.26650775590229
837.0 3.49651610710784
837.5 1.9797193468751062
838.0 2.0346120544008297
838.5 2.080940319540325
839.0 2.050941510158171
839.5 2.979491858303447
840.0 1.2524237239241276
840.5 2.458436107497119
841.0 0.9694253276778412
841.5 0.7216554938741153
842.0 1.0379258861234213
842.5 4.280398625382661
843.0 2.5322858475625316
843.5 2.8247333019262397
844.0 1.502505440731063
844.5 2.276752560236601
845.0 2.0727317365759768
845.5 0.6019979209884136
846.0 0.9488582617334933
846.5 1.9268489079825715
847.0 4.653136754037174
847.5 4.360503861739604
848.0 3.70928181468986
848.5 1.0654427687158838
849.0 2.4345844822457936
849.5 3.9020403274433217
850.0 0.5824544945768411
850.5 1.8400387811502186
851.0 3.297232437113691
851.5 2.8125808357563877
852.0 1.1823329571265506
852.5 2.6629935646306433
853.0 2.188382121118482
853.5 4.013624519588516
854.0 3.1651659044618548
854.5 3.9340432174411815
855.0 2.533632030444566
855.5 3.306050669885143
856.0 0.9352270008599837
856.5 0.37024090370891916
857.0 1.69414363460581
857.5 0.6104405757316426
858.0 1.788862365780072
858.5 1.264143345715344
859.0 1.021735808959161
859.5 1.9604166814192254
860.0 0.2398486464551528
860.5 1.7688158024804141
861.0 1.1550247804672926
861.5 0.5218876170644643
862.0 1.6776183787568761
862.5 1.483487434895653
863.0 1.8031516098760625
863.5 1.154604230132699
864.0 1.768729886746652
864.5 2.2412234780652627
865.0 1.5348476114507128
865.5 1.282853256631925
866.0 1.2200469714175577
866.5 1.175385163177022
867.0 2.416725910155537
867.5 0.9163201620949499
868.0 1.3783362201845564
868.5 1.574893645873814
869.0 1.3902135124853003
869.5 0.7937421868869126
870.0 1.1769917368829605
870.5 0.952173335665325
871.0 1.4125083994889263
871.5 1.3650071163581667
872.0 1.1267787655059276
872.5 0.3512361042027182
873.0 0.9923362343096647
873.5 1.390505058475668
874.0 0.577272425066626
874.5 0.644735107529103
875.0 1.4830759337575934
875.5 0.9478880873317586
876.0 1.0073155085005858
876.5 1.3150292366820135
877.0 0.5250088827244453
877.5 1.7302841933775297
878.0 1.3155133926221065
878.5 1.2673282121555434
879.0 1.2862399011704164
879.5 1.2382691942568367
880.0 2.0617655825665295
880.5 0.6879725739021479
881.0 0.9162133076577061
881.5 0.9016842007952687
882.0 1.7401104727359762
882.5 1.6677972193968356
883.0 2.001630017458724
883.5 0.7259674397732288
884.0 1.3993057734998477
884.5 1.2334763175024097
885.0 2.3449750997188636
885.5 0.5839847909541991
886.0 3.2546907951650765
886.5 3.5300612602316908
887.0 2.0775491357227884
887.5 2.5193748279051524
888.0 1.4976977607987974
888.5 0.2
889.0 3.1761190855469614
889.5 0.5015478987069224
890.0 4.960204133779621
890.5 3.2143586662206065
891.0 0.6248281301152674
891.5 2.7690335014110854
892.0 1.6969220153315012
892.5 4.176239165418104
893.0 2.742962195260288
893.5 3.3878522131323443
894.0 2.938398447486488
894.5 2.7788291754069294
895.0 2.0317865237484254
895.5 1.2994659004253726
896.0 1.8261680701218688
896.5 2.9669656515329508
897.0 2.2963993170975057
897.5 1.967522482857222
898.0 3.4294507458858523
898.5 1.287121109074597
899.0 2.6047655680211577
899.5 2.746770417840416
900.0 0.242526420108248
900.5 3.2245508159037914
901.0 2.9791564358885663
901.5 1.9891290542568756
902.0 1.5264823213836278
902.5 2.8396912927679847
903.0 0.9310187786071583
903.5 1.962571778498389
904.0 1.0558139734796346
904.5 2.050015733920864
905.0 2.107122522039576
905.5 2.9124454039049104
906.0 1.6645288329143773
906.5 1.6764872492143499
907.0 1.54829155991363
907.5 1.6286429559687168
908.0 2.551024894488894
908.5 2.5245968973926867
909.0 3.4020265132913745
909.5 2.9850380890995547
910.0 2.06846757911742
910.5 2.899947595834532
911.0 0.45918172514846334
911.5 2.406764156234557
912.0 2.696667564967485
912.5 2.286210314003562
913.0 0.4244991412572514
913.5 2.1799415847391694
914.0 3.002757606510615
914.5 1.4792876451869263
915.0 1.9854026523620578
915.5 1.8697936904166894
916.0 2.338361150696188
916.5 0.5323737579043264
917.0 1.8992679902708391
917.5 2.6863345368250786
918.0 1.2308154000330704
918.5 1.4817100484959922
919.0 3.0529128002858696
919.5 1.7092507073748362
920.0 1.8557177552157138
920.5 1.4491325668126709
921.0 2.864766500298143
921.5 3.0263471130065156
922.0 3.3160143193018983
922.5 0.8552803676864484
923.0 1.8236524930989308
923.5 2.0268253689791207
924.0 4.226082928292725
924.5 0.9252617516145621
925.0 2.9412939563825424
925.5 0.5534135625276626
926.0 2.6032550512075727
926.5 2.5169065525675163
927.0 1.0346149105438402
927.5 0.8632829770637082
928.0 0.9954119858670027
928.5 0.8717656300748469
929.0 1.214305516962412
929.5 1.1129641174909315
930.0 0.8118478610354164
930.5 0.8576844919992781
931.0 0.5093775930320364
931.5 0.7709606755268164
932.0 1.2097962490563132
932.5 1.0774938807190946
933.0 0.6692789021230258
933.5 1.152710339070833
934.0 0.5878696615883142
934.5 0.9540810412411662
935.0 0.8617408337279415
935.5 1.093936133771104
936.0 1.0682457933183511
936.5 0.40985868082673965
937.0 0.5121211322439727
937.5 0.7385270445924068
938.0 0.8736283101382543
938.5 0.7817964575796952
939.0 1.3434045010929117
939.5 1.0955515760811503
940.0 1.0705190390698078
940.5 1.0059809028220155
941.0 0.5588967978334582
941.5 0.7381034230559057
942.0 0.9148488350889625
942.5 0.7166564171242963
943.0 0.725402421146718
943.5 0.8599751693693249
944.0 1.2311456409740862
944.5 0.6710619799301505
945.0 0.9350347496829237
945.5 1.1538779894249982
946.0 0.9180118370356174
946.5 3.183877602741163
947.0 3.5238370223491455
947.5 0.5748653241433561
948.0 2.5723731363069193
948.5 1.6058573820400315
949.0 1.5389934821472446
949.5 2.352956750602475
950.0 3.204270098998513
950.5 1.0642402577882708
951.0 1.547148578186841
951.5 0.9456386420089473
952.0 2.7245828839938384
952.5 1.505923377744642
953.0 3.264338036762731
953.5 2.8482896473188957
954.0 0.31529608295906586
954.5 2.2201526169370185
955.0 2.165653705507752
955.5 0.2
956.0 2.6831163750310236
956.5 1.4058998766313733
957.0 2.694135805885982
957.5 2.5166973874316954
958.0 1.9636510727210201
958.5 3.8191496423673645
959.0 3.1589296377007097
959.5 2.3789105165796287
960.0 3.1135382286720894
960.5 1.9842459317516794
961.0 1.8677576727492191
961.5 5.232084963104096
962.0 2.552483590304787
962.5 2.4835889783677056
963.0 1.687879832182795
963.5 2.7669909066906007
964.0 1.239918746100107
964.5 2.6826827963337863
965.0 2.40094839283792
965.5 2.456263779635691
966.0 3.7845453158364064
966.5 2.459723946346043
967.0 2.0809895050634015
967.5 2.1982031824219614
968.0 3.034242882143634
968.5 2.8622574637150278
969.0 2.2332418630405266
969.5 1.6546992694524323
970.0 2.9942702337193645
970.5 1.8580264921996772
971.0 2.643300330517117
971.5 1.7095715771907496
972.0 2.240023320378844
972.5 2.880286670852413
973.0 2.0535440142643795
973.5 2.442258914763155
974.0 3.366427498655842
974.5 4.029718349962194
975.0 5.244267459414418
975.5 3.7635285387799127
976.0 2.8225241114398463
976.5 3.623756575581319
977.0 4.244983008224041
977.5 1.478284705414698
978.0 3.95001705476409
978.5 2.324519317290246
979.0 2.142024212918798
979.5 0.876011557800203
980.0 2.4316126568322485
980.5 3.9567410670852725
981.0 3.701563593785126
981.5 1.9258547774766566
982.0 2.6387339871288886
982.5 0.31205796008711695
983.0 2.3352473873615605
983.5 3.236243063895806
984.0 1.5291662420747711
984.5 1.4844528439271838
985.0 2.365363225842297
985.5 1.3090713413492674
986.0 1.5307229434081058
986.5 4.501117978907775
987.0 3.5160154250604876
987.5 2.796265986500711
988.0 0.7423598704707763
988.5 1.2072175119323756
989.0 1.9225199986517887
989.5 1.188059704150191
990.0 2.647646518816121
990.5 1.6788062430379236
991.0 2.0845600773031627
991.5 1.6178960418834727
992.0 1.9071369431461036
992.5 1.616882897684837
993.0 3.854858207089962
993.5 0.40076430847777256
994.0 1.4054403079908824
994.5 1.6848073077224939
995.0 1.9226428073449444
995.5 1.760529667721431
996.0 0.43034760394313126
996.5 0.9690863304718947
997.0 1.2297722230955093
997.5 0.88380974565342
998.0 0.8948776764700925
998.5 0.7986819358933235
999.0 1.0954888826583948
999.5 0.5305582307966715
1000.0 1.1989330999741745
1000.5 1.3655105746313305
1001.0 0.8628441563129987
1001.5 0.7783212289038136
1002.0 1.7560793566410504
1002.5 1.6878534024757803
1003.0 1.9140521900502026
1003.5 0.9948203257789785
1004.0 1.0304056415379277
1004.5 0.6885623233022443
1005.0 1.668993852175915
1005.5 0.6584478470567425
1006.0 0.7845688345814199
1006.5 0.8618021392451632
1007.0 1.9268304393246947
1007.5 0.6247459610707082
1008.0 1.1341590975033866
1008.5 0.32836561900984806
1009.0 1.1176611968815167
1009.5 1.413353307106801
1010.0 1.293920281871249
1010.5 2.1680573827442844
1011.0 2.267720707891952
1011.5 1.1427158511500437
1012.0 1.4046041829903837
1012.5 1.4060780430962663
1013.0 1.0324561505579366
1013.5 0.8928155483554046
1014.0 0.5927293174540733
1014.5 1.9312866188319138
1015.0 2.335332102387579
1015.5 2.4775277432533005
1016.0 0.8323047982928815
1016.5 1.0831757717877966
1017.0 0.5340058302155881
1017.5 2.198069423501428
1018.0 2.3855087584752015
1018.5 1.102610846775666
1019.0 1.955793395984698
1019.5 2.1304571390460696
1020.0 2.640849883676247
1020.5 1.9413185392928773
1021.0 1.0371630943490797
1021.5 0.9841524891326331
1022.0 0.9071516755235053
1022.5 1.0229935006627846
1023.0 0.836261666759355
1023.5 0.8538399800317128
1024.0 1.2053435652633033
1024.5 0.9148748199715349
1025.0 0.6332348811980089
1025.5 0.5546002474634406
1026.0 0.5027305430797686
1026.5 0.7297191459924484
1027.0 0.8991482904875665
1027.5 0.6544635896902908
1028.0 0.6476431517816228
1028.5 0.6842793342786404
1029.0 0.8764776801892906
1029.5 0.5472624781093451
1030.0 0.5872908786103165
1030.5 0.5597128789814776
1031.0 0.6655122018536158
1031.5 0.7795611945268439
1032.0 0.7261587602445794
1032.5 0.7527776998870912
1033.0 0.7568216629533298
1033.5 0.6764510803124162
1034.0 0.9262325083755392
1034.5 0.7007030896177364
1035.0 0.8492604034749991
1035.5 0.836150376710237
1036.0 0.5373977920440356
1036.5 0.744335092342616
1037.0 0.6925515938746734
1037.5 0.674003287565471
1038.0 0.8967644847408234
1038.5 0.7331659709028777
1039.0 0.8709139693788146
1039.5 0.8396545352530673
1040.0 4.048893067503974
1040.5 1.1326735330168465
1041.0 3.1379572759741663
1041.5 2.6070687150729945
1042.0 2.8468859025661177
1042.5 1.6387441094651665
1043.0 1.8810916673821592
1043.5 0.9765756804555858
1044.0 0.2777415991102228
1044.5 2.4239245618435312
1045.0 2.1860573039455975
1045.5 2.181264102828129
1046.0 1.3379920164033479
1046.5 2.2531803382207536
1047.0 1.7513788685204794
1047.5 1.3851787787072654
1048.0 1.6719496698175007
1048.5 2.0090648712262786
1049.0 2.5328636132660365
1049.5 3.1957288481213864
1050.0 3.1511443091658027
1050.5 3.151809853100319
1051.0 1.6740837356106588
1051.5 1.8552139898743498
1052.0 1.9835327692318625
1052.5 1.1146465683898674
1053.0 0.27276900996515696
1053.5 0.8645086039407882
1054.0 0.8645513795339601
1054.5 0.8912678852985174
1055.0 1.5313165507549302
1055.5 1.350362079768907
1056.0 1.577026869429183
1056.5 0.7480298800846131
1057.0 2.4850208930768813
1057.5 1.567143923913171
1058.0 1.8588861188012897
1058.5 0.7919075510670901
1059.0 2.424363913884889
1059.5 0.257539431645317
1060.0 2.1495872528604125
1060.5 0.8792405506959676
1061.0 1.609549310513307
1061.5 0.8976084356121968
1062.0 2.3086087432303635
1062.5 1.7733059720229154
1063.0 2.1555001987045337
1063.5 1.7506484607828776
1064.0 1.314600054280457
1064.5 1.4620622695158436
1065.0 1.6757942230010743
1065.5 0.3441268979486556
1066.0 1.0000244306901096
1066.5 2.476461685107415
1067.0 2.1412377619588367
1067.5 0.8874751020294274
1068.0 0.9373513294668315
1068.5 1.5003907753983787
1069.0 1.2737301618328951
1069.5 1.8478982529356849
1070.0 2.493249220270302
1070.5 2.841640512598708
1071.0 1.3714068978211844
1071.5 3.4406958478810763
1072.0 2.612170109536156
1072.5 3.2923656108901316
1073.0 1.6399010145935018
1073.5 2.586379807982964
1074.0 2.244314027409982
1074.5 1.629261598548361
1075.0 4.173036828726529
1075.5 2.2595618694647452
1076.0 1.6198077792744494
1076.5 0.7660887118575785
1077.0 2.4727477331326737
1077.5 1.3590584708777307
1078.0 0.9911851731850477
1078.5 1.931178870488005
1079.0 3.1274803309400916
1079.5 2.556576615662562
1080.0 1.5279462695978985
1080.5 4.513987937335472
1081.0 0.2
1081.5 1.7996488094467347
1082.0 2.5815705303677348
1082.5 2.314967268626201
1083.0 0.9312327353636851
1083.5 0.8716754823050961
1084.0 4.767634361627079
1084.5 2.198271122544719
1085.0 5.1502662324630295
1085.5 2.8660865996084453
1086.0 1.6230721761953077
1086.5 2.904890194103069
1087.0 4.424087675508495
1087.5 3.1444393979194896
1088.0 2.19773208644534
1088.5 5.312804238886423
1089.0 4.104484251071796
1089.5 4.140888876530167
1090.0 2.093443432934457
1090.5 1.680398410495635
1091.0 0.2
1091.5 0.6663383128706937
1092.0 2.7143497593082486
1092.5 2.931902326575619
1093.0 4.459557292226549
1093.5 3.9219697091421426
1094.0 1.9673310472511365
1094.5 2.4900764869019754
1095.0 2.933717023024478
1095.5 3.9621206320128497
1096.0 2.060669823723343
1096.5 2.7387347332326426
1097.0 2.1041240179539207
1097.5 3.258961335347138
1098.0 2.1714620495022294
1098.5 2.0005415208291635
1099.0 0.5485327530232667
1099.5 1.7206207635124682
1100.0 2.2631335270021333
1100.5 2.5978245344798765
1101.0 1.7691348739972872
1101.5 1.7744638802929413
1102.0 2.6300916077735206
1102.5 1.5381362141830754
1103.0 0.4729936274355431
1103.5 1.2841559134001441
1104.0 1.920645533407011
1104.5 1.129262835566068
1105.0 0.7840093609130633
1105.5 2.604684286386954
1106.0 3.3286393224281277
1106.5 1.8112388315308396
1107.0 0.2
1107.5 0.8084438435261738
1108.0 1.012651802973342
1108.5 1.8931954572858398
1109.0 0.43370824966972243
1109.5 0.8803695212904648
1110.0 2.232159921045381
1110.5 3.3389774703573427
1111.0 1.8144675833668635
1111.5 0.9216964126607115
1112.0 1.5075306162534041
1112.5 1.2411757636534242
1113.0 2.0491457838428873
1113.5 1.0270554000317003
1114.0 0.4546962048162708
1114.5 1.3326406401032216
1115.0 2.195476327625675
1115.5 0.42840602642340375
1116.0 1.7599904000760083
1116.5 0.5599735938583142
1117.0 2.4741532377086415
1117.5 0.7867701599167355
1118.0 0.7832864511986175
1118.5 1.352984850985703
1119.0 2.109700386790357
1119.5 1.831996106278442
1120.0 0.7494033015212829
1120.5 1.0484259480264586
1121.0 0.9967371083452045
1121.5 1.322484987214862
1122.0 2.2251523175436185
1122.5 0.5298015436641468
1123.0 0.8288376887618977
1123.5 1.2115777097701916
1124.0 0.6904420045091367
1124.5 1.9088715839689387
1125.0 2.2359793991670744
1125.5 0.975533487535271
1126.0 1.6384191234394558
1126.5 1.8265778085651732
1127.0 0.8740537419401453
1127.5 0.3479812800601797
1128.0 0.41508843062246803
1128.5 1.0237453947857968
1129.0 0.7708918470402334
1129.5 0.6990299395370658
1130.0 2.050011594139627
1130.5 2.148661176574733
1131.0 1.5586910836986125
1131.5 1.126324544582038
1132.0 1.709694802003661
1132.5 0.8173371972022206
1133.0 0.7982429054763988
1133.5 1.1915372041902863
1134.0 0.8104789548779392
1134.5 0.8662078742710432
1135.0 1.3206107781583
1135.5 3.3586261714559065
1136.0 3.9562013070879978
1136.5 2.2143699152110177
1137.0 1.8747492186995833
1137.5 2.78943664889672
1138.0 2.444915937925443
1138.5 2.835459607568615
1139.0 2.3460767988884728
1139.5 1.700865609903801
1140.0 1.4806564776684379
1140.5 1.5852653056022001
1141.0 1.908302374400671
1141.5 1.5423564012842164
1142.0 2.575410264807255
1142.5 2.446124297769951
1143.0 1.3350896022316938
1143.5 1.6235553705741521
1144.0 2.1286763107630158
1144.5 1.4017779760732427
1145.0 2.632793139075904
1145.5 1.2878170263562898
1146.0 1.4988035507502495
1146.5 2.2263600869553937
1147.0 1.541723866479141
1147.5 1.1121833522347107
1148.0 1.6375024711336592
1148.5 2.0551951437427594
1149.0 0.7156901761581191
1149.5 1.8368919896142941
1150.0 1.1765557558053508
1150.5 1.5544989511725282
1151.0 2.5560028986434
1151.5 2.2182008303682013
1152.0 1.4525498168572275
1152.5 3.0290373985006407
1153.0 0.38131028776608167
1153.5 2.0647699755879767
1154.0 1.0261621723066279
1154.5 0.5650314599507968
1155.0 0.9754728537815759
1155.5 0.7064762102380069
1156.0 0.9403987955752932
1156.5 0.5186296083185782
1157.0 0.9601016891399208
1157.5 1.9064117261049256
1158.0 1.683930125373069
1158.5 1.1544026661763642
1159.0 2.0925006946697504
1159.5 1.469622802702744
1160.0 1.3339032302715808
1160.5 1.1220392001830115
1161.0 1.5705001404426264
1161.5 1.9745772137508675
1162.0 0.7498851906500588
1162.5 0.2
1163.0 0.7773795151383627
1163.5 1.2971098237203142
1164.0 1.0317548020218443
1164.5 2.0866238726370785
1165.0 1.8856596134245829
1165.5 1.5253970302433926
1166.0 1.3399922910080506
1166.5 1.6415990675573704
1167.0 0.6887635728194884
1167.5 0.8843629702245712
1168.0 0.5991064202638999
1168.5 1.8005366765750512
1169.0 1.6657377082781393
1169.5 0.5357807365943033
1170.0 0.5794855955232834
1170.5 0.6585670783981343
1171.0 0.43060351078838266
1171.5 0.6423488371652033
1172.0 0.9548330758314154
1172.5 0.7330492748648094
1173.0 0.6157038987049597
1173.5 0.5722184691570094
1174.0 0.9556621248424138
1174.5 1.4215653206242664
1175.0 0.7913512226399733
1175.5 0.7678084503182593
1176.0 0.9766812126669601
1176.5 0.9366193860447986
1177.0 0.8584761104083014
1177.5 0.9300891099086708
1178.0 0.966078222266324
1178.5 1.6234155385571525
1179.0 0.920362034549798
1179.5 1.793369484588726
1180.0 1.355035931561481
1180.5 1.5834615249101236
1181.0 1.6626920073474132
1181.5 1.0547925990948341
1182.0 1.564524669485242
1182.5 2.2251911098144004
1183.0 1.179157502687618
1183.5 1.7808832327348347
1184.0 1.689682501959429
1184.5 2.374140699231237
1185.0 1.2616593432828622
1185.5 2.2239487926633768
1186.0 1.1710987997001339
1186.5 0.4423235830002459
1187.0 0.9975797673066189
1187.5 2.1947661761710107
1188.0 1.6527027100430929
1188.5 1.419697092137536
1189.0 1.8225758995133519
1189.5 1.7871961844616138
1190.0 1.9210451723765896
1190.5 1.0860996161954841
1191.0 1.9136610930645794
1191.5 1.8777614319391063
1192.0 1.4617285023086404
1192.5 2.175388542145898
1193.0 1.8890326574643754
1193.5 1.044696643244241
1194.0 1.223922868962481
1194.5 2.303371765440381
1195.0 1.3349568071518454
1195.5 2.312451720215307
1196.0 1.926493884982701
1196.5 1.0634545489422045
1197.0 1.8352581115316051
1197.5 1.4772431282116412
1198.0 1.2093520971382128
1198.5 1.334191953835365
1199.0 1.3351020937371452
1199.5 0.9952231344875484
1200.0 0.8232496816482806
1200.5 1.0708728600335269
1201.0 0.5903619993387902
1201.5 0.9394209020943507
1202.0 0.8367316712549913
1202.5 0.973232512703079
1203.0 0.5480238721949717
1203.5 1.0512897597976725
1204.0 2.1119020735746528
1204.5 1.5647039336213477
1205.0 1.3496531006227752
1205.5 0.8514723787897174
1206.0 0.6663248744779622
1206.5 1.5238848856119556
1207.0 0.9543095722050058
1207.5 1.089596986786148
1208.0 1.1251834344121119
1208.5 1.133123997878697
1209.0 1.1488452113193501
1209.5 1.7711081904875194
1210.0 2.880433765485959
1210.5 1.702465283844525
1211.0 1.2527440463060093
1211.5 2.0737816115227847
1212.0 2.2351943681587745
1212.5 1.7802507000680043
1213.0 1.0230001007079048
1213.5 1.4258765218663745
1214.0 1.2698863178756299
1214.5 1.4556269874753847
1215.0 1.0383277811848304
1215.5 1.4670940519457425
1216.0 0.8982735704634177
1216.5 1.1241060371168992
1217.0 1.7390287999238623
1217.5 1.0042547771016743
1218.0 1.3811360334503022
1218.5 0.7991701260442341
1219.0 2.0795157187954825
1219.5 1.3226764451285444
1220.0 1.5585680889156224
1220.5 1.4555608282996793
1221.0 0.9005935555698366
1221.5 1.288011764863854
1222.0 1.4196565288788574
1222.5 2.016743507050479
1223.0 0.4586629336068767
1223.5 1.4412277039678194
1224.0 0.9270026051484787
1224.5 0.8107769669826315
1225.0 1.0049304647673918
1225.5 0.5418196529443716
1226.0 1.1432468924448824
1226.5 1.7213011309925623
1227.0 0.7164486023435725
1227.5 1.183063506283582
1228.0 0.7550334123771084
1228.5 1.316406305478039
1229.0 0.7434484492105983
1229.5 0.9894390251900534
1230.0 1.224894754223339
1230.5 1.7752680135029046
1231.0 0.43647550775147226
1231.5 0.8901433932275418
1232.0 1.1196302548757489
1232.5 0.8851754661964968
1233.0 1.0716778611072586
1233.5 1.3884425903097777
1234.0 1.30261492344958
1234.5 1.113812691747731
1235.0 0.8709117990195695
1235.5 1.4143039641228452
1236.0 1.7155286735063
1236.5 1.2218774950466456
1237.0 0.9714992271808864
1237.5 0.6963129688852443
1238.0 1.2596128140804734
1238.5 1.2924177902834901
1239.0 1.2959792728701707
1239.5 1.0447685156785051
1240.0 1.307348784514374
1240.5 1.5832205314853132
1241.0 0.5509266993765829
1241.5 0.7529708307807678
1242.0 1.07155269835881
1242.5 0.5069197261293327
1243.0 1.0105901106379713
1243.5 1.335609815863935
1244.0 0.9701072493334015
1244.5 0.8083897024425531
1245.0 1.1889571148778955
1245.5 1.1243702503156938
1246.0 1.4512829866810883
1246.5 0.9866847089707744
1247.0 1.0637003991198208
1247.5 1.544301324228593
1248.0 1.1502195225535892
1248.5 1.0436109147491017
1249.0 1.3590541660560977
1249.5 1.2719810821111415
1250.0 0.9393139462290764
1250.5 0.9643734354289756
1251.0 1.194489994269682
1251.5 1.7403539934344217
1252.0 1.190501575563807
1252.5 1.1470344836913255
1253.0 2.0596223743960484
1253.5 2.9225365479121663
1254.0 1.6576376051213655
1254.5 0.8163242112718795
1255.0 2.13936401674087
1255.5 1.2061769170801138
1256.0 1.1523904349816574
1256.5 0.9806226710136052
1257.0 1.9717779807507796
1257.5 1.0670323615066855
1258.0 1.3194564895114094
1258.5 1.103668820296394
1259.0 2.204969627059747
1259.5 2.2155560327513695
1260.0 1.7102112780329461
1260.5 2.0427376972629876
1261.0 2.0851240788554906
1261.5 1.9781181606666545
1262.0 0.2656398262312396
1262.5 1.6402451436712853
1263.0 1.792319112186055
1263.5 1.5028173906811884
1264.0 1.123552425484214
1264.5 0.6686235309947334
1265.0 1.6454860216222031
1265.5 1.2994411159845463
1266.0 1.915246754467908
1266.5 1.632759335664497
1267.0 0.9839056282628058
1267.5 2.37092722177421
1268.0 1.4782914643842682
1268.5 1.8513410552097875
1269.0 1.4338342334934733
1269.5 1.897440696971434
1270.0 2.722758244966508
1270.5 1.7379968929420162
1271.0 1.3880351595452571
1271.5 3.5466960906865834
1272.0 2.7290692850302722
1272.5 1.3101510476577347
1273.0 0.8826280608787194
1273.5 0.8406038083607938
1274.0 0.8452168590588661
1274.5 0.9693665194856933
1275.0 1.0473794957819247
1275.5 0.9841030640817247
1276.0 0.9809333291223142
1276.5 0.5903235003943703
1277.0 1.1764042764293827
1277.5 0.5834989484120408
1278.0 0.732683134255848
1278.5 0.9796846982703655
1279.0 0.8969298522674786
1279.5 1.0711545827150593
1280.0 1.1285565135670805
1280.5 0.9949408841491982
1281.0 1.1787125351826855
1281.5 0.9233589520832077
1282.0 0.7365319156044094
1282.5 1.1489582190995933
1283.0 1.638081132797935
1283.5 1.158438013845132
1284.0 0.27409372699049817
1284.5 1.0411496816174586
1285.0 1.0510582214891953
1285.5 1.0160168306147477
1286.0 1.4630286952755338
1286.5 0.7773078504770092
1287.0 1.1916684899499583
1287.5 1.1274829322441198
1288.0 0.5670978063629494
1288.5 1.3670850940158563
1289.0 1.1544081525727485
1289.5 1.5095199699706285
1290.0 2.489213638188922
1290.5 2.285458688847957
1291.0 1.2600289091169732
1291.5 1.0352416815471626
1292.0 0.48896238287541216
1292.5 3.7333475332963895
1293.0 1.9673016027222616
1293.5 1.5194529942691908
1294.0 1.2132728188390862
1294.5 1.2206397230788173
1295.0 1.2113043917831179
1295.5 1.734233279454869
1296.0 0.853485427051591
1296.5 2.229219834513768
1297.0 1.8193272456227814
1297.5 0.44254372102200756
1298.0 2.845788652176456
1298.5 2.5722643439203745
1299.0 2.220951040506013
1299.5 1.96984573355003
1300.0 1.1181896648257172
1300.5 3.8889535549083565
1301.0 1.6311473968071535
1301.5 0.2
1302.0 1.8480700489056527
1302.5 2.7279249642341163
1303.0 2.6285234156935138
1303.5 1.2000653371723597
1304.0 0.9909980570917184
1304.5 0.6949869984975943
1305.0 0.8920790227778699
1305.5 0.8965542695352529
1306.0 1.1291825487411649
1306.5 0.9454187627928643
1307.0 1.3223531484925788
1307.5 1.6562255464313447
1308.0 1.149369474869638
1308.5 2.0541089418827
1309.0 0.8070933423053794
1309.5 1.1849887771117928
1310.0 1.3069673483354192
1310.5 0.2485951930170034
1311.0 0.8184453067943869
1311.5 1.6427434993507342
1312.0 1.2665911024957823
1312.5 0.5952070144553945
1313.0 1.256262288653164
1313.5 0.8269408263587881
1314.0 0.9401653581571326
1314.5 1.62675581490871
1315.0 1.670967655732655
1315.5 1.9233102843100542
1316.0 0.5292351395292673
1316.5 0.8012327607873848
1317.0 0.7347890200045526
1317.5 1.517288108929634
1318.0 0.916902143676886
1318.5 1.164963034880107
1319.0 0.9654946548456016
1319.5 1.7346636011095318
1320.0 1.164537472517912
1320.5 0.5673933125888004
1321.0 1.639173219313725
1321.5 1.8305210978197624
1322.0 1.5041450124285696
1322.5 1.8370332478359848
1323.0 1.0624427223958421
1323.5 0.9604934247049973
1324.0 1.2633737577719408
1324.5 1.598505559581991
1325.0 0.8321606932603275
1325.5 1.2242380806871913
1326.0 1.2170483885899537
1326.5 0.9168451798197833
1327.0 0.2
1327.5 1.9588570630727766
1328.0 1.5428986136585787
1328.5 0.7015511373109687
1329.0 0.9007680880088309
1329.5 0.9877573269199724
1330.0 1.5879030685968372
1330.5 0.2
1331.0 2.9267422386070465
1331.5 3.385133662394426
1332.0 0.22156722217400215
1332.5 3.4425201179399654
1333.0 4.008304481927971
1333.5 2.648111104151172
1334.0 1.6700192932306668
1334.5 2.827824899588422
1335.0 2.7161607854509473
1335.5 0.8926371308931318
1336.0 1.54459151270959
1336.5 0.8982235463252921
1337.0 0.695886433166336
1337.5 0.6528328753649759
1338.0 1.7310096965165103
1338.5 1.051999292597365
1339.0 1.2766498997992306
1339.5 1.5586581047422143
1340.0 1.3513445211178898
1340.5 0.7786358410916618
1341.0 1.8506049007688756
1341.5 0.2
1342.0 1.1919909930829435
1342.5 1.4437230643799244
1343.0 1.8638710265428953
1343.5 0.721006225284164
1344.0 1.946824304185976
1344.5 1.2760648643853385
1345.0 2.051997714711775
1345.5 2.11466744528994
1346.0 1.4666268803713314
1346.5 0.6284652316801677
1347.0 2.230715620599835
1347.5 2.090208408574691
1348.0 1.7658049983755175
1348.5 1.5538417253116439
1349.0 2.124747942785283
1349.5 1.1101931604252517
1350.0 0.5421923167289473
1350.5 1.3345981643261275
1351.0 1.4059925846572054
1351.5 1.2043434189838849
1352.0 1.1229387155667165
1352.5 1.458376071954619
1353.0 0.2
1353.5 2.485806976105553
1354.0 1.337282342153776
1354.5 1.1198343645362805
1355.0 0.5382343040586223
1355.5 1.6324774673987235
1356.0 0.9011212221489295
1356.5 1.8639197421753726
1357.0 1.7137252535262029
1357.5 1.0995041635980118
1358.0 0.2150173099859698
1358.5 2.256097250942565
1359.0 1.8052580775266769
1359.5 1.7959902630123374
1360.0 1.5999681828728471
1360.5 0.2
1361.0 1.2693386658867785
1361.5 1.3819964271233125
1362.0 1.716489887692708
1362.5 2.086617074014683
1363.0 1.216450696869292
1363.5 1.7766271931781246
1364.0 0.9231778458345649
1364.5 1.0801401535431483
1365.0 2.013654479029894
1365.5 1.08863096921614
1366.0 0.49856471284406156
1366.5 1.4149253166076496
1367.0 1.0623705442699003
1367.5 0.9846581348948545
1368.0 0.6412437326692972
1368.5 2.130211603060763
1369.0 1.8004096707829635
1369.5 1.8898070641118503
1370.0 1.3264694504951948
1370.5 2.1779060032300706
1371.0 1.9799559814286503
1371.5 2.1947064633957014
1372.0 2.8715619882733394
1372.5 3.4002162262762687
1373.0 1.809107263436907
1373.5 2.716189527663878
1374.0 2.0114965669591314
1374.5 2.2999064926447215
1375.0 2.5426907326919097
1375.5 3.3516154929071043
1376.0 1.9117759111433275
1376.5 1.6316382062514978
1377.0 2.9498599916008077
1377.5 1.7209534468434835
1378.0 1.0055676806398766
1378.5 2.345380094405367
1379.0 2.2229080316133905
1379.5 2.9468011376739076
1380.0 1.5682843627533278
1380.5 2.238816183629055
1381.0 4.1174129835553535
1381.5 1.1988990409617055
1382.0 2.5959117018153908
1382.5 2.3387833013307597
1383.0 2.118897612114806
1383.5 1.5013180736981604
1384.0 0.6508495765544733
1384.5 0.9949243517131582
1385.0 2.965106423780262
1385.5 2.591472672534555
1386.0 1.9165576063183205
1386.5 1.4411678509886712
1387.0 0.9948173369629877
1387.5 2.417496572872574
1388.0 2.7380911649824586
1388.5 2.217488974742865
1389.0 2.3030700746219703
1389.5 2.02507466502827
1390.0 0.7072892154391655
1390.5 0.9239437188227229
1391.0 1.94318715442493
1391.5 3.7893993507674657
1392.0 0.8730809199179852
1392.5 2.255002433909786
1393.0 0.8744694523548708
1393.5 1.337777228826003
1394.0 0.983864130641757
1394.5 1.931201641609917
1395.0 1.9184312440371536
1395.5 1.5133571506293315
1396.0 0.7071913311374729
1396.5 0.9169637100698487
1397.0 0.8949309169744868
1397.5 2.2114731599444384
1398.0 1.8117011417095763
1398.5 1.3587271509766974
1399.0 3.155268128711689
1399.5 0.9994530820842049
1400.0 0.9099381633555794
1400.5 1.0806769400011924
1401.0 1.5535882174729283
1401.5 1.2847804999294188
1402.0 0.7139615945919386
1402.5 1.2156297199246646
1403.0 0.8156880298985433
1403.5 1.1299634112455257
1404.0 1.061092376062011
1404.5 1.331068349769898
1405.0 1.4042050957265237
1405.5 1.2417140825457833
1406.0 0.4446899792670198
1406.5 1.871169436198714
1407.0 1.2532050240580364
1407.5 1.4414346235673574
1408.0 0.808118035523396
1408.5 0.9729918461404576
1409.0 1.3631030348886237
1409.5 0.9013396976547967
1410.0 0.4412380897618565
1410.5 1.0586545868390937
1411.0 1.0486972840484834
1411.5 1.0910902556037845
1412.0 1.6631873406607056
1412.5 0.7567890135344213
1413.0 1.6885359956619506
1413.5 2.8740820688771653
1414.0 1.3237573343224873
1414.5 1.8579633758835343
1415.0 1.7578861628241766
1415.5 1.4785809709784619
1416.0 1.9310805049400104
1416.5 2.7798794261768287
1417.0 2.716402950463252
1417.5 2.038352975816094
1418.0 1.031393869821933
1418.5 3.341612123635618
1419.0 2.3732997250927315
1419.5 2.451464478462766
1420.0 2.00748637125208
1420.5 0.8751850890605408
1421.0 2.862529597816433
1421.5 1.3650758605749362
1422.0 1.631751432880343
1422.5 3.105899703524236
1423.0 2.4388544148594957
1423.5 1.2598444633431785
1424.0 1.715174542971128
1424.5 1.8790762393417562
1425.0 2.2361769744107214
1425.5 1.8436399212557362
1426.0 0.39955633445477945
1426.5 4.439768696126037
1427.0 3.065542797201765
1427.5 2.120117140147386
1428.0 0.5814159840130013
1428.5 2.0934964614384635
1429.0 0.8437160980915674
1429.5 1.5519725350818536
1430.0 2.330141654249947
1430.5 2.026068786030637
1431.0 2.466474563811036
1431.5 1.935685628942507
1432.0 1.9558233707818424
1432.5 1.5945543905615993
1433.0 3.7441716081566536
1433.5 1.7298250209555293
1434.0 0.2
1434.5 1.2780855058551972
1435.0 1.133817812083016
1435.5 1.4690027178159082
1436.0 1.1577288437732647
1436.5 1.3247570830420843
1437.0 1.2426935877113412
1437.5 1.0331655560444548
1438.0 2.47077584946058
1438.5 1.8554127687386468
1439.0 2.6021021395508015
