0 2.8525702939857926
0.5 3.5992587750352367
1.0 2.1664634400503364
1.5 1.249070681890279
2.0 1.0459356202430738
2.5 0.9694843834058
3.0 0.7023073713429933
3.5 1.1994164308896087
4.0 1.048354904537848
4.5 0.777646470008172
5.0 1.0122603332144358
5.5 1.0693507022278228
6.0 1.2549793710664243
6.5 1.3766521511541
7.0 2.2728128977105824
7.5 2.3927583899738467
8.0 2.4001863838118664
8.5 2.460673349638629
9.0 2.05586341320705
9.5 1.8327145301307417
10.0 0.8562371789722601
10.5 1.1770901478837263
11.0 3.1496583972665713
11.5 0.5021823526982983
12.0 0.9068665114234759
12.5 0.7982591136279762
13.0 0.3672202907723717
13.5 0.7609547179557608
14.0 0.5403948417680595
14.5 0.858317407643223
15.0 0.9011791205984927
15.5 0.7680055587477997
16.0 1.0111454965390765
16.5 1.24544919069006
17.0 1.0059545969657628
17.5 0.9532348443227395
18.0 0.7828355241594673
18.5 0.8754806077302246
19.0 0.911888508782397
19.5 0.9841593769457255
20.0 0.7464419708802573
20.5 1.3706728625316664
21.0 1.027096330736863
21.5 0.8085397598136635
22.0 0.970802695213963
22.5 1.0366958758480576
23.0 0.8832746702991985
23.5 0.7774967001832404
24.0 1.4022046409442936
24.5 1.0614339919908065
25.0 1.2001854562053271
25.5 1.381959053831832
26.0 0.8583666126036213
26.5 0.730950772734748
27.0 0.8858064105250121
27.5 0.715076773823659
28.0 0.7894152034778321
28.5 0.8355656944443426
29.0 1.1342155688714732
29.5 0.950018342265241
30.0 1.0104732852888896
30.5 0.7364938128939225
31.0 0.613292093037771
31.5 0.9236097343734215
32.0 0.9895019991566889
32.5 2.4182322429562175
33.0 1.5509273424480963
33.5 2.1489457414276067
34.0 1.3966914149927239
34.5 0.6179132756738361
35.0 0.663349403622
35.5 1.58355838726695
36.0 1.7686414813133127
36.5 1.450307123978933
37.0 1.318179034640833
37.5 1.1159968665273952
38.0 1.5947718152823531
38.5 1.3490017002474155
39.0 0.6371090625174661
39.5 0.2
40.0 0.5887394499570451
40.5 1.509763694206427
41.0 1.2276600149542627
41.5 0.7460056910124426
42.0 1.2078225973092063
42.5 1.035089872953246
43.0 1.13284119045518
43.5 0.9835704387688129
44.0 1.0705472317956781
44.5 1.108572949183221
45.0 1.2291641062102894
45.5 0.6477481089937768
46.0 0.8300796592336701
46.5 0.888895322721454
47.0 0.6832160328345545
47.5 0.6182539392529987
48.0 0.6146952150303042
48.5 0.610672393990769
49.0 0.6190014571301474
49.5 0.519236753144348
50.0 2.089231030940674
50.5 1.0734987640552103
51.0 2.7747712091746246
51.5 1.090810429043772
52.0 1.1725381734183329
52.5 2.668931081681472
53.0 2.5424000267692017
53.5 1.7516873226882745
54.0 2.327296179701213
54.5 1.9608720928808276
55.0 1.8478543121724273
55.5 3.7729995392888886
56.0 2.5226219918366004
56.5 2.6010463937269517
57.0 1.7087860116184377
57.5 1.5137951875376703
58.0 1.7968268998290469
58.5 2.251386067320036
59.0 1.5300062840365274
59.5 4.072928641654003
60.0 2.466496712801696
60.5 1.7834621991336075
61.0 2.032076260610579
61.5 2.8580911654555274
62.0 3.7874954485891013
62.5 1.9474806095353805
63.0 1.7646104200767079
63.5 1.7561849112175374
64.0 0.7024354605228459
64.5 2.671852555646832
65.0 1.9544718771591523
65.5 0.820311600135797
66.0 2.7915662694661227
66.5 1.6102146049020991
67.0 3.8609980014836776
67.5 2.1958213561144437
68.0 1.307060471843337
68.5 1.6276217747326274
69.0 2.890056494582647
69.5 3.101141503262756
70.0 2.8647528325910194
70.5 3.3842952030523095
71.0 3.6762924780727455
71.5 2.275132554267077
72.0 4.788878042116389
72.5 2.119026026901717
73.0 1.7274344886540773
73.5 1.45599244297635
74.0 3.0322588104917916
74.5 2.0333324889968933
75.0 0.8190734656507745
75.5 1.3123608281548444
76.0 0.5671151753347303
76.5 1.2338819778906278
77.0 0.4394299834776759
77.5 0.6524005646339653
78.0 1.4753949328053073
78.5 0.8280249524876782
79.0 1.040134906977685
79.5 1.4786979331050727
80.0 0.8402746519745379
80.5 1.4733381236829937
81.0 0.9057686025844494
81.5 1.6984687694567264
82.0 1.4438668830383934
82.5 0.8825299275779841
83.0 1.1225998827956978
83.5 1.2234649803012119
84.0 1.9119877693775522
84.5 2.3194270600977696
85.0 2.3730494446592223
85.5 1.0565335512864125
86.0 2.595802195017413
86.5 1.7471749142557567
87.0 2.0037755949565907
87.5 3.2570622466107837
88.0 1.728077159972126
88.5 3.06129091022251
89.0 2.51242997800615
89.5 0.3494378367201312
90.0 1.3230614173044408
90.5 1.2442452300867508
91.0 1.958685002213264
91.5 1.918964522799179
92.0 1.74433150639384
92.5 1.1408309323287613
93.0 1.3775525517164773
93.5 1.1532955630235828
94.0 2.1203277843717947
94.5 1.337863084049233
95.0 0.6135474559696208
95.5 1.0075946609684023
96.0 2.079402505256199
96.5 0.9149095823066665
97.0 0.3189015969336102
97.5 2.49586775081277
98.0 1.897633955157307
98.5 1.8925078079373652
99.0 1.8935436873674807
99.5 1.0812491516808853
100.0 1.2455343243380237
100.5 1.8751704867892796
101.0 1.9917782893409564
101.5 1.2480349259846573
102.0 1.9555987309420133
102.5 1.78991833282192
103.0 1.446335221406397
103.5 1.3411347319754543
104.0 1.5772676757542357
104.5 2.5375122389421874
105.0 1.750496442970395
105.5 1.359506112619512
106.0 0.9880800914578399
106.5 2.3953121169963896
107.0 1.1276806895693174
107.5 2.3519723020277903
108.0 1.6403408016962229
108.5 1.8521577864511094
109.0 2.2027095947426156
109.5 2.3397293925893137
110.0 1.703816826837718
110.5 1.9481381939511049
111.0 0.36249093114491515
111.5 2.3883335537297468
112.0 1.3470716897960584
112.5 1.9425428489066126
113.0 2.843224883106184
113.5 1.8637011213109562
114.0 2.3442733630605357
114.5 1.7043297749541733
115.0 1.8566561348567894
115.5 2.144087694167598
116.0 2.123070800762677
116.5 2.0427301772527655
117.0 2.6386125225836574
117.5 2.3727077757853676
118.0 1.2431798755127648
118.5 1.6651045478305715
119.0 2.343272103499528
119.5 3.337632883057563
120.0 2.2919525868224984
120.5 3.352602133761038
121.0 1.938079178288684
121.5 2.3398591254131724
122.0 3.494546994883747
122.5 1.381034629273759
123.0 1.5403494783525562
123.5 3.1979127822707722
124.0 1.4927940502105947
124.5 2.3161547037288894
125.0 3.1169222826844973
125.5 0.7694667486175031
126.0 2.325642029225574
126.5 0.23771707014572674
127.0 1.8441725944924512
127.5 1.5705104696612715
128.0 1.4253537976732435
128.5 1.1778559946659013
129.0 2.4275794937056547
129.5 1.7362217126132338
130.0 2.1396138813415444
130.5 1.6094777662328636
131.0 1.2523021398298375
131.5 1.9366204687078488
132.0 2.761559495583125
132.5 2.132510276030895
133.0 2.2707268196064625
133.5 2.134735706803164
134.0 0.979150119615689
134.5 2.188015740233456
135.0 1.1392502325747693
135.5 1.8950686721364196
136.0 1.3213085599598542
136.5 1.5862598404034276
137.0 1.7338471210719844
137.5 2.404790568323526
138.0 1.6804952708597671
138.5 1.501406552690483
139.0 2.316063306856223
139.5 1.115150181810662
140.0 0.8054835789249942
140.5 1.0616474412745394
141.0 1.0206070341639366
141.5 0.8949682391321331
142.0 0.7281959341445714
142.5 1.1682257258827198
143.0 1.0222102358558809
143.5 0.6890034108425315
144.0 0.6230217882019076
144.5 0.7120623123833398
145.0 0.7588158636764482
145.5 0.6283721974543304
146.0 1.0193031925649279
146.5 0.3962791496567928
147.0 0.9791674656555805
147.5 1.3363219802720931
148.0 2.8226889882416373
148.5 2.6366155243452383
149.0 0.9313796156154575
149.5 1.9304392516117317
150.0 2.937156086778584
150.5 1.0521766298473274
151.0 1.2827078857973406
151.5 2.1765115974157943
152.0 2.6170234962720276
152.5 2.105657827171414
153.0 1.5552113396585066
153.5 1.6790861235121257
154.0 1.2435986973120632
154.5 2.532832604817592
155.0 1.0205691978496296
155.5 1.8081393485726414
156.0 2.2853846448630826
156.5 2.145363049907738
157.0 2.0123312441584185
157.5 1.9500166382161428
158.0 1.7324948612682949
158.5 1.282192417749516
159.0 3.022623037232511
159.5 2.279518367261158
160.0 2.638031330329742
160.5 2.368956758762823
161.0 2.1170089937955194
161.5 2.0941016384621634
162.0 1.1004287297907391
162.5 2.223905262169886
163.0 0.7112202915795873
163.5 3.3861373943064246
164.0 2.0627535017494374
164.5 2.0846257932972616
165.0 2.5965926660992587
165.5 1.6853763428634543
166.0 3.767731516323858
166.5 1.7780889980230827
167.0 0.2
167.5 1.3112151027016279
168.0 2.7076454269340258
168.5 2.5984774313503016
169.0 2.519159633792019
169.5 2.97634524910281
170.0 1.2786191107917892
170.5 2.568259543270032
171.0 2.209191293060684
171.5 1.0360856544838422
172.0 1.3230075430153276
172.5 1.817701328358938
173.0 1.4455105869419205
173.5 1.054910845943072
174.0 1.1978918594615395
174.5 1.3461090042785422
175.0 1.5590180616168317
175.5 2.445110434097054
176.0 1.8336016591753177
176.5 1.5729254057958717
177.0 1.5522778262170411
177.5 1.841627142397936
178.0 1.9065513331097792
178.5 2.89350478448888
179.0 0.7276936975558259
179.5 0.23760486097640543
180.0 2.129408663825434
180.5 1.6686202037171882
181.0 1.9336412105301122
181.5 1.5379976960853998
182.0 2.960031762347963
182.5 3.175435039185013
183.0 2.750569022514885
183.5 2.261496507530424
184.0 0.8631521912400034
184.5 0.5437342781076749
185.0 0.964120262076029
185.5 1.2108499521121168
186.0 1.085411923833858
186.5 1.4817825139172867
187.0 0.9122143485902721
187.5 2.264606652946398
188.0 1.8573820982463323
188.5 1.2284134775796722
189.0 2.3714298128075364
189.5 1.8278106010233532
190.0 1.7719296385692624
190.5 2.855663236251419
191.0 1.256810518022105
191.5 0.8231002262217053
192.0 0.4165256377484943
192.5 0.9303000625627622
193.0 0.7491468291606196
193.5 0.8331031341539817
194.0 0.9562982416459987
194.5 0.6820419138151785
195.0 0.8225786056792264
195.5 1.074480444229795
196.0 0.9922500172914539
196.5 1.324121867220271
197.0 0.7859333341837258
197.5 0.6759492225808343
198.0 0.5125230536042609
198.5 0.931027079503527
199.0 0.5261606241170719
199.5 0.8163341913033741
200.0 0.6843693547421401
200.5 1.1991392768454094
201.0 0.9123444849741474
201.5 1.2293453685753482
202.0 0.7162477073420146
202.5 0.7407388832582643
203.0 0.8912363885650719
203.5 0.686573242003391
204.0 0.7057504056312963
204.5 1.383347343102383
205.0 0.936781063895413
205.5 1.0954067369649807
206.0 0.47604787323182063
206.5 0.6752019316438381
207.0 0.9751393096183337
207.5 1.0713173047598703
208.0 0.3524815138976365
208.5 0.8833153030415192
209.0 0.8758918867869628
209.5 0.8259288962622329
210.0 1.2091769839498054
210.5 0.6915901253469957
211.0 1.3128095184701327
211.5 1.2363105814592799
212.0 1.0025999738540086
212.5 0.8327445404914753
213.0 0.7233675213266602
213.5 1.0024909546123641
214.0 0.6232640116613597
214.5 1.1256630549984739
215.0 0.9900497596061507
215.5 0.846290861461569
216.0 1.1892461932587253
216.5 2.9624975102845656
217.0 2.0456889656502666
217.5 1.6246483987580453
218.0 2.09383648518619
218.5 0.9596603247745661
219.0 3.220612440862231
219.5 2.197271235013008
220.0 3.6137358701686013
220.5 2.7805898163850404
221.0 0.394380020781987
221.5 0.9744099799699273
222.0 1.5455377461180946
222.5 0.9827818278385634
223.0 1.7261111947649164
223.5 2.7423401213549274
224.0 1.8476732452608915
224.5 2.589593536378959
225.0 0.28025876733000166
225.5 2.0797390923924097
226.0 1.762235315434358
226.5 0.2
227.0 0.4813217622239665
227.5 1.7360536778309446
228.0 2.4551049056908925
228.5 2.2172138080290775
229.0 2.2990117350326504
229.5 1.1271965108022863
230.0 2.3939271250640335
230.5 1.820525129604629
231.0 1.5402270249297505
231.5 1.1716942848146503
232.0 0.6559440862152781
232.5 1.6259269170946595
233.0 0.3520985837268502
233.5 1.5364842659744467
234.0 1.480612291756888
234.5 2.6062275961462724
235.0 2.417825751618253
235.5 1.1967245982455936
236.0 1.7070071824269872
236.5 1.122992973757156
237.0 1.2308487508522452
237.5 1.246609572570253
238.0 1.479224482481887
238.5 1.4319529861656797
239.0 1.2865579004570762
239.5 1.4120374270240816
240.0 2.4062528354491377
240.5 1.6725337745324578
241.0 1.3786351334231461
241.5 0.5761466863338084
242.0 2.4551656512043456
242.5 0.8833751804992558
243.0 0.6207199648947008
243.5 0.6536821223534751
244.0 3.859062506067315
244.5 2.864249883999452
245.0 1.4701336777072957
245.5 0.7276831986299936
246.0 0.6901240277059111
246.5 0.9840129547817459
247.0 0.9734853222406041
247.5 0.8676834282389079
248.0 1.281060077400563
248.5 0.8476117494725309
249.0 0.9509370890571303
249.5 1.8388032924026132
250.0 1.2973282088240894
250.5 2.401586206053495
251.0 1.5979077126501817
251.5 0.5316741440519708
252.0 2.135473902253168
252.5 1.1687135200920737
253.0 1.6209070657455633
253.5 1.3592313233257876
254.0 0.8436417789091197
254.5 1.3870871053959395
255.0 1.2349592819087278
255.5 1.4835345275267793
256.0 2.390431062515427
256.5 1.5861117444308073
257.0 1.8366965170153022
257.5 1.2980114460725762
258.0 1.474362067545206
258.5 1.0759158192322325
259.0 1.1592833872201562
259.5 2.2287263440719816
260.0 0.9469972432974557
260.5 0.9069286657316745
261.0 3.1327186066254358
261.5 2.268784170660027
262.0 1.657827859642311
262.5 1.4581441440792609
263.0 2.133920533630235
263.5 1.8643946524051311
264.0 1.2818432314225223
264.5 1.7106425008842798
265.0 1.0631092717217396
265.5 0.8118297095243006
266.0 1.8863095704153392
266.5 1.7042570523965377
267.0 1.5491482052754117
267.5 1.9472264182531651
268.0 1.0678493169015715
268.5 0.8638658885514947
269.0 1.7796213738016444
269.5 1.627292103455269
270.0 1.58832171482476
270.5 0.8750511306152555
271.0 1.7126813474485396
271.5 2.0850012322510767
272.0 2.267741119536216
272.5 2.466012122677336
273.0 1.8143250076323736
273.5 1.5515952095649663
274.0 1.0024191103172562
274.5 1.206071333854903
275.0 1.3870953666327273
275.5 1.3234096935327677
276.0 1.5175571482976165
276.5 1.3897990303129304
277.0 1.666494329618048
277.5 0.9824969434432637
278.0 2.124831612434168
278.5 1.9633172380840969
279.0 1.1147740096894452
279.5 1.471178505624011
280.0 1.1544124719936348
280.5 1.6259807733553187
281.0 1.4496701099897016
281.5 1.6535302726283823
282.0 1.3745959354898392
282.5 1.5809133657925942
283.0 1.089681166758342
283.5 1.4342816933383553
284.0 1.0821290765095197
284.5 1.41060086489426
285.0 2.0644734468009043
285.5 1.4661070531574338
286.0 1.1888696404066883
286.5 1.9432842541955566
287.0 1.0736310725226734
287.5 1.2915002005519503
288.0 2.049724615538535
288.5 1.3118745933608453
289.0 1.3142292886632496
289.5 0.9203260459530355
290.0 1.491216008041161
290.5 1.052299171077814
291.0 1.6352071675720392
291.5 1.6275029017086142
292.0 1.9488501028327287
292.5 1.4315382402969279
293.0 1.954628646492744
293.5 0.9508648173800333
294.0 1.2309343080797863
294.5 1.8054919835644203
295.0 0.9374386522545078
295.5 1.4767209802430334
296.0 2.9424079884560186
296.5 1.8861886432447856
297.0 2.1473799858263236
297.5 2.105059650649352
298.0 1.0971457967188472
298.5 1.225713596028212
299.0 1.5546863141726708
299.5 1.507401398688998
300.0 1.319223663580248
300.5 2.258773576868146
301.0 0.7746429492317803
301.5 1.0330129745668295
302.0 0.8356588324455616
302.5 0.6131192556610745
303.0 0.772573243807642
303.5 1.011726628089749
304.0 0.9104772631465436
304.5 0.878141125950515
305.0 1.0233416539831262
305.5 0.6394354393808839
306.0 1.2576698332047853
306.5 0.7772901388867577
307.0 0.7324815014981458
307.5 0.748993421416212
308.0 0.7015927201436208
308.5 0.9190820144995214
309.0 0.8045758692862455
309.5 0.8431810626176628
310.0 0.8118457657052773
310.5 0.8817529268811566
311.0 0.8360235545374746
311.5 0.9206865337548126
312.0 0.8214142398232894
312.5 0.7450680904543742
313.0 3.450233319509087
313.5 1.4777815034863861
314.0 1.7788965218645876
314.5 1.8789546738173333
315.0 1.3290831129906813
315.5 1.3117509325491885
316.0 1.674580190294391
316.5 1.5340040793897884
317.0 1.306925341643712
317.5 2.120259639329738
318.0 1.9103719451068955
318.5 1.6821381314422688
319.0 1.241635735305791
319.5 1.9825403937418613
320.0 0.997812851883057
320.5 2.533631835525413
321.0 2.441927983362815
321.5 1.2297883221556734
322.0 1.5132927282957611
322.5 0.7309176164793665
323.0 1.2935199613792863
323.5 1.0252040140898786
324.0 0.884338502910873
324.5 1.8329561753544426
325.0 1.3121676072232582
325.5 1.2946924060689844
326.0 0.7931437042914904
326.5 2.2413396150802716
327.0 1.3244063526222554
327.5 1.4401657773239545
328.0 1.4198505661561576
328.5 1.6325977366302329
329.0 1.117352647896043
329.5 1.8926304583890539
330.0 1.6951318373552224
330.5 1.970458894411137
331.0 1.7328612980116733
331.5 2.1282532511191334
332.0 1.9541967600467947
332.5 1.9989684840140052
333.0 1.7960068137752938
333.5 1.6758807896511856
334.0 2.0114003638832054
334.5 1.5730606749603833
335.0 1.5557655381708524
335.5 0.2
336.0 1.633989949315183
336.5 0.9810149361178311
337.0 2.237937011441112
337.5 1.8916564960710227
338.0 1.5742423575211042
338.5 1.3118071000248344
339.0 0.7045225566716422
339.5 0.7789180049173943
340.0 1.2747684926643075
340.5 1.2396309171837872
341.0 0.7336349909543362
341.5 1.1225948386535205
342.0 1.9613240764499544
342.5 1.3451113770425094
343.0 0.6151692456937881
343.5 1.0490342674975306
344.0 0.9004532450655294
344.5 0.9309498725687322
345.0 0.9793623680130998
345.5 1.4033706250019202
346.0 1.6838272689187097
346.5 1.6802634786146107
347.0 1.6069191001739365
347.5 1.6972414026423426
348.0 1.4245559929354492
348.5 1.6313300261478798
349.0 0.8262132078321495
349.5 1.6066923796943346
350.0 1.52831840230337
350.5 1.688652119338272
351.0 0.9697278605338764
351.5 1.338351029000048
352.0 1.4746757916729685
352.5 1.8544481899522858
353.0 0.8762077732180567
353.5 1.9297864176642525
354.0 1.160785543259022
354.5 1.0747616814278322
355.0 0.994608657319483
355.5 1.318903813632192
356.0 1.7059165409834214
356.5 1.1207391412783245
357.0 1.170933462902461
357.5 1.4273430292160234
358.0 2.0637808015008874
358.5 0.35632170416694486
359.0 1.9277374916452854
359.5 1.2373137426584573
360.0 1.883084959698678
360.5 1.7204448153065495
361.0 2.3323609253970483
361.5 2.0596331756861623
362.0 0.2
362.5 0.2
363.0 3.044359327092013
363.5 2.8378308020898197
364.0 2.271007346143023
364.5 2.155761913938053
365.0 4.088428834025845
365.5 3.175300216493828
366.0 0.2
366.5 2.454641963917337
367.0 1.94333725489254
367.5 1.1251528302326956
368.0 0.7258991495094094
368.5 0.8212829888506299
369.0 0.6783623115502502
369.5 0.757195746803453
370.0 0.9272064253690157
370.5 2.250392492195917
371.0 3.241003266708577
371.5 2.704335226656628
372.0 1.2587073101725752
372.5 2.239746167805497
373.0 1.7654703925018334
373.5 3.946361793019027
374.0 2.5197467203456867
374.5 2.5544813439856155
375.0 2.8638909313486356
375.5 1.4367341616014726
376.0 0.2
376.5 2.8951461456107714
377.0 1.9974380101515095
377.5 2.9451856262957117
378.0 2.6002058754016053
378.5 2.8470258140051268
379.0 2.710639055788609
379.5 0.8711896043059879
380.0 2.672314697917649
380.5 3.236646492577371
381.0 2.819524975011203
381.5 3.2315472805595538
382.0 1.1964233878131942
382.5 0.7126203359660548
383.0 1.1534420322194208
383.5 0.3026079128785395
384.0 1.3407396617216278
384.5 1.264796699169407
385.0 0.8028570429933947
385.5 1.2095253112719262
386.0 1.1704542033656968
386.5 1.2720453220665293
387.0 0.948271863665459
387.5 0.6127515795673943
388.0 0.9630974555522336
388.5 1.2311846091369931
389.0 1.5626128963792811
389.5 1.163013594705529
390.0 0.9210770770060583
390.5 1.3525579785303166
391.0 1.3310307770327605
391.5 1.0078531604444412
392.0 0.9790058890979407
392.5 0.9962777583250493
393.0 0.9953267468660363
393.5 0.8159587965985492
394.0 1.6126744678640121
394.5 0.9887004914991164
395.0 1.1441290157021173
395.5 1.449928376054756
396.0 1.20559985772324
396.5 1.5291075093360091
397.0 1.1979232754117857
397.5 1.114354292203997
398.0 1.267667863913985
398.5 1.267929681170571
399.0 0.9718276667695143
399.5 1.2762440677048381
400.0 1.2429240728161384
400.5 1.615756898836239
401.0 0.9535823201087703
401.5 1.6202049524920676
402.0 1.278909472120577
402.5 1.0944239034976366
403.0 1.9985127388216286
403.5 2.3931800641228387
404.0 2.388414193954133
404.5 1.5123353901947203
405.0 3.06825052905099
405.5 2.0799156254583377
406.0 1.6466140942368666
406.5 1.0643253671610136
407.0 1.6436230238299316
407.5 1.045544519509239
408.0 3.09773655586699
408.5 1.073362166008331
409.0 2.738933157872126
409.5 2.278819316476465
410.0 2.556202666256695
410.5 2.091638963805357
411.0 0.7551783506137336
411.5 1.6924564529185724
412.0 2.1107275786443154
412.5 1.6383164440077733
413.0 2.3329504724469885
413.5 2.139069863283859
414.0 2.45824668030008
414.5 1.4745463107332413
415.0 1.806130677213334
415.5 1.2588612209109686
416.0 1.1743187803297936
416.5 1.5109573362766482
417.0 1.6612014538016586
417.5 0.7871123024382579
418.0 0.8316539551962318
418.5 1.1315863235971264
419.0 1.3743363769520944
419.5 1.5949763596467137
420.0 1.76208373198259
420.5 1.2530018580485098
421.0 1.130332854401138
421.5 1.8276003779050183
422.0 1.5586878625061338
422.5 1.2961625540587434
423.0 1.7742825998263412
423.5 1.6110081342990592
424.0 1.4292476054008394
424.5 1.3422152155275668
425.0 1.9458057679905072
425.5 1.684021958417518
426.0 1.8087510832278395
426.5 1.5410317547327588
427.0 1.086374510933077
427.5 2.557914940592216
428.0 1.4530744027694116
428.5 0.9724281634672389
429.0 1.6747310899578958
429.5 1.1830748308990977
430.0 1.100136481393677
430.5 0.5380252656423472
431.0 1.6090174278019558
431.5 0.9922884568448079
432.0 0.9481743338359734
432.5 0.7816865631934362
433.0 0.6441075209768948
433.5 0.6713709430662769
434.0 0.5406990822313231
434.5 0.7793695754893062
435.0 0.6904590210829653
435.5 0.6824340886447282
436.0 0.6775581804154713
436.5 0.6731828768627925
437.0 0.802097787996275
437.5 1.7150173981863006
438.0 1.8637118315661123
438.5 2.3997227951653435
439.0 1.2007251270395107
439.5 2.7338566058564187
440.0 1.5706661806229814
440.5 0.7811067315042387
441.0 1.4430577366251667
441.5 1.7208152514632475
442.0 1.2962944988060028
442.5 1.703925628766805
443.0 2.2199623520301106
443.5 1.3348343633637474
444.0 0.8141926980981515
444.5 0.589563861428682
445.0 1.7840355524550677
445.5 2.3584355431005664
446.0 1.7575376649074546
446.5 1.9844317768009352
447.0 1.4293335714373128
447.5 1.1405261250054743
448.0 1.4409342681581525
448.5 1.1516759009384088
449.0 0.8125559996560088
449.5 0.7618714507323694
450.0 1.2513733670764338
450.5 0.9640565396318479
451.0 1.5284269513721156
451.5 1.11495609086248
452.0 1.0473292477385383
452.5 2.39557187785514
453.0 2.062893189450011
453.5 1.2189780268629196
454.0 3.284678867989739
454.5 1.9894861256109877
455.0 2.251689242341744
455.5 3.79360010269266
456.0 3.242823495741245
456.5 0.8121099657828483
457.0 3.023446144450915
457.5 3.399269060541468
458.0 2.15041629223942
458.5 1.042138764322328
459.0 2.1084523397835313
459.5 1.433621133328991
460.0 3.842756020754188
460.5 2.5661588157847177
461.0 3.2604744563310213
461.5 1.4058037010640543
462.0 0.8324259184695906
462.5 0.7419108531745505
463.0 1.8984451469032002
463.5 1.1787103395533953
464.0 1.0182337245355648
464.5 1.4189320237609315
465.0 1.3247971326276435
465.5 1.2979949477029444
466.0 1.576461866522854
466.5 1.3067984003359734
467.0 1.6292121003988156
467.5 1.2773227357623764
468.0 1.8184856741422397
468.5 1.153582729449607
469.0 0.8863329299466485
469.5 0.4393000526045976
470.0 1.3581521298014017
470.5 1.2674898401911556
471.0 1.4095948620409682
471.5 1.0141593418120896
472.0 1.4313729417127745
472.5 1.8440205146232411
473.0 1.737438401873495
473.5 1.6722088074959403
474.0 1.8626785517860236
474.5 2.8562926702484246
475.0 3.076924426758854
475.5 2.8314760793555944
476.0 4.1372433037076055
476.5 2.31635985970496
477.0 4.044413922172683
477.5 1.0332133554925866
478.0 1.7600802177348167
478.5 1.8281757764992643
479.0 1.3502569582466437
479.5 2.726013525995647
480.0 1.5884850715546612
480.5 2.8668823473075773
481.0 2.752591979620492
481.5 1.37798126890551
482.0 0.837979687067332
482.5 1.6023517307737518
483.0 1.7998220817991477
483.5 1.21904115216002
484.0 2.453006018246829
484.5 2.5249615220166635
485.0 1.1060947369552891
485.5 1.8937773265056954
486.0 2.9082704957859944
486.5 1.3211462905129325
487.0 1.2764255295592304
487.5 2.435269695870451
488.0 1.3313268906702604
488.5 0.30764647260312294
489.0 3.7096976853872095
489.5 2.1681648025730085
490.0 2.154499402627655
490.5 1.7964723521804336
491.0 1.3400408359881932
491.5 0.8044967904743385
492.0 1.5017878876383344
492.5 1.5527127239932748
493.0 3.296356979707442
493.5 1.4873270103035712
494.0 0.7447923945071693
494.5 1.5086518357160346
495.0 1.7522133560983904
495.5 2.257878553522921
496.0 1.6876178340094117
496.5 1.853873484398667
497.0 0.4706902557806609
497.5 1.8132701751595997
498.0 1.8818962972656985
498.5 2.00439187064362
499.0 2.1941568427799134
499.5 1.851780347946833
500.0 0.9399941342420701
500.5 1.8246698018188734
501.0 1.8449176963621494
501.5 1.1725905841972266
502.0 1.749909486291817
502.5 1.2379207115563722
503.0 1.49629600581819
503.5 1.2254268205313972
504.0 0.2
504.5 2.863441880917157
505.0 2.13838211819154
505.5 1.0335244076088759
506.0 2.3153011156101084
506.5 1.354932938668902
507.0 2.9885974965936377
507.5 1.6892356404386202
508.0 1.8291826828349897
508.5 1.4463173999042198
509.0 1.5913301899844403
509.5 1.017782917353692
510.0 2.0509598647986813
510.5 1.5889682455663627
511.0 1.3816882611941668
511.5 1.9190265167685667
512.0 1.6128785238611056
512.5 1.3166259285616455
513.0 1.3264708866030248
513.5 1.266807160686653
514.0 1.1680556252620757
514.5 1.2642695581232544
515.0 0.7600883698878332
515.5 2.005542705534177
516.0 2.0626098370982286
516.5 0.8209590255918123
517.0 0.3750278381700396
517.5 1.5359402160260567
518.0 1.4084350488506976
518.5 1.8857988253406845
519.0 0.9411704555932645
519.5 2.0092976099198783
520.0 1.128000222541473
520.5 2.0608120703472035
521.0 0.7006861338251867
521.5 1.053765639027569
522.0 1.616060454739604
522.5 1.4890655793384755
523.0 1.859287238206114
523.5 1.3800990554791515
524.0 0.9193471075901923
524.5 1.9454677350977885
525.0 2.289745329078957
525.5 1.9049885098740948
526.0 1.7699519198012694
526.5 1.552050776799223
527.0 1.0676672583868416
527.5 1.2093000139187788
528.0 2.208762427496344
528.5 1.6385312496717837
529.0 2.873002034103483
529.5 0.8604853176179079
530.0 2.4817192649678317
530.5 2.63003121696528
531.0 2.373325826785114
531.5 2.851310542580717
532.0 1.6302348632072303
532.5 2.9235773382455195
533.0 1.6730519299174214
533.5 2.7912055668150537
534.0 2.7660615704369595
534.5 2.532785831985442
535.0 1.2603656061303812
535.5 3.5325688035333958
536.0 2.4754867466519617
536.5 2.403719450622141
537.0 2.8352372414147333
537.5 3.00368995245545
538.0 1.6356163569474975
538.5 2.6832260934338654
539.0 1.3856500734386334
539.5 3.1497491179318278
540.0 1.8752143830317036
540.5 2.845112220780025
541.0 1.8664741447096715
541.5 2.787895396097225
542.0 1.758595941476842
542.5 1.1293070733040835
543.0 2.0498008542659023
543.5 2.6177941246490155
544.0 3.038140471666411
544.5 2.7364257300965096
545.0 2.1088644556556884
545.5 3.3436866556164606
546.0 1.8320006838481326
546.5 1.7782670612406204
547.0 1.387856364095962
547.5 3.068140991514286
548.0 1.6943710018278426
548.5 1.1539787279609985
549.0 0.8032714478318532
549.5 3.334123158538886
550.0 1.2518249031848003
550.5 1.3225622682886709
551.0 1.7238267192864787
551.5 1.158120473965961
552.0 1.7209006764960346
552.5 1.4139303719958631
553.0 1.3802317082499491
553.5 0.42966281875704115
554.0 0.6628431240684274
554.5 0.5866556474109748
555.0 0.8041613923409254
555.5 0.5741585765078575
556.0 0.6146856182757496
556.5 0.6933387184900445
557.0 1.254023067143378
557.5 1.749106111405966
558.0 2.5150764235516867
558.5 1.4357545639249762
559.0 2.2644850418592615
559.5 1.4686514911085446
560.0 2.4550476543293414
560.5 1.4890378346512156
561.0 0.8352887004726083
561.5 1.5330678821525578
562.0 2.0728612495628735
562.5 1.5513559665458345
563.0 1.9819419744870428
563.5 1.6080386008234302
564.0 1.7563360684590297
564.5 1.4981781825967513
565.0 2.3306976224869813
565.5 1.4209438939353598
566.0 1.6374071535133181
566.5 2.3791640584092626
567.0 3.0371569168589296
567.5 2.063966708210169
568.0 1.6191190189599927
568.5 1.7912415773633963
569.0 0.7661591233469163
569.5 3.023498153335896
570.0 2.738625442093322
570.5 1.4839916674108653
571.0 2.898478886693395
571.5 1.8505326994445874
572.0 1.0865245078385606
572.5 1.656766268007006
573.0 2.7646833655077074
573.5 3.2420456558920607
574.0 2.2639793343843104
574.5 1.5121036688676373
575.0 0.41074180498281665
575.5 1.5452247213114636
576.0 1.047002174933683
576.5 1.7230013879725046
577.0 2.891321830692994
577.5 3.0649903312839983
578.0 2.110701447179438
578.5 2.050087481721566
579.0 2.427433702212398
579.5 1.9293077943265695
580.0 3.7336444774516258
580.5 2.7693645201509804
581.0 3.303067215090854
581.5 1.807818577577418
582.0 2.8964018761493406
582.5 3.042186975205154
583.0 2.3906267802325916
583.5 0.7795893482489553
584.0 1.8153250757954187
584.5 2.551031604764246
585.0 2.0399266088382193
585.5 1.3677317366631097
586.0 2.445276273199857
586.5 2.454516041010031
587.0 2.5514212166072743
587.5 1.8996166029767174
588.0 0.5175503533429415
588.5 2.52888524757776
589.0 0.515212690909977
589.5 1.4173774636286853
590.0 1.168981753567771
590.5 2.4070532077547884
591.0 2.7599147076362867
591.5 0.8799519933947477
592.0 2.142381050530912
592.5 1.33952706881626
593.0 2.2989565953928026
593.5 2.0520987171108396
594.0 2.3553636556329782
594.5 1.530485571440637
595.0 1.8438280936882756
595.5 1.7361579398312166
596.0 3.1177263950955663
596.5 0.8083099963956277
597.0 2.963932688007536
597.5 2.054371743426642
598.0 3.192685554663174
598.5 1.6305334908307576
599.0 2.36647393091553
599.5 1.0971481180860536
600.0 0.9286124002974236
600.5 0.8549681235777117
601.0 0.9127257603631492
601.5 0.8404284600820395
602.0 0.7230999870629918
602.5 1.7127689373140038
603.0 1.4651680686124606
603.5 2.936796519533311
604.0 1.7416833536837153
604.5 1.975248483519092
605.0 1.1868344469889847
605.5 1.4993968396950494
606.0 1.2586700354624814
606.5 1.8504299301721758
607.0 1.2295672956649575
607.5 1.6009211809771684
608.0 0.8950165548074457
608.5 1.5085967777740952
609.0 1.306913146816167
609.5 1.4160407965169444
610.0 1.9855194694983735
610.5 1.0052742215471768
611.0 1.8525582601459045
611.5 1.9452748277215641
612.0 1.1197354791975695
612.5 2.104272123982284
613.0 1.5294830178928893
613.5 1.1976300212775706
614.0 0.7255676662431352
614.5 1.4539816080733965
615.0 1.6681361523025369
615.5 2.0102934376773702
616.0 2.5209002538693412
616.5 1.8760518421481938
617.0 1.2405397614633313
617.5 2.203231730224222
618.0 0.964616686804616
618.5 1.6563499201777814
619.0 2.528801035797624
619.5 1.8364332088553257
620.0 1.582573116151453
620.5 1.4641321618946588
621.0 1.3377555116486195
621.5 0.36742836870510076
622.0 1.480909490387905
622.5 1.354571204775823
623.0 1.3350961503750944
623.5 1.3938588827706906
624.0 1.377854246032073
624.5 1.9065456732383739
625.0 1.0941307902475212
625.5 2.252875355686896
626.0 2.839473282343512
626.5 0.9398230560957681
627.0 2.9349363497805294
627.5 1.8370811404340237
628.0 0.9840346276139298
628.5 2.890682015895517
629.0 3.0250290495567578
629.5 0.8220946904438347
630.0 1.879751591849333
630.5 1.4021503806785567
631.0 2.8109722056914186
631.5 2.110234468299551
632.0 1.7685168191263032
632.5 1.9376414067091798
633.0 4.1392578056971265
633.5 1.5604764564650486
634.0 2.9684729560205962
634.5 2.2964310915184063
635.0 2.1189200709064506
635.5 1.4286024859801048
636.0 2.7503296036404987
636.5 4.236625033410059
637.0 0.7719007746098329
637.5 1.6161048169630237
638.0 0.9629027968302404
638.5 1.4645002115398709
639.0 1.079589765338337
639.5 0.6106320773131334
640.0 1.1688459975812089
640.5 1.9547698953075787
641.0 1.6644699435080446
641.5 1.004628021174704
642.0 0.9981894410588199
642.5 0.9381117429484859
643.0 1.0893138379525868
643.5 0.7211289030139376
644.0 0.960903101008651
644.5 0.7170130206286378
645.0 0.7655682013030252
645.5 1.0252701376088447
646.0 0.7690001290183901
646.5 1.041857756949389
647.0 0.7076210203859767
647.5 0.6114826588277673
648.0 0.828561752765462
648.5 0.5428402774116138
649.0 0.638600097132126
649.5 1.767953101485217
650.0 1.467918834587622
650.5 1.4123178017827411
651.0 1.8279539735855996
651.5 1.566973184728016
652.0 1.2669558064767776
652.5 1.2789180165107434
653.0 2.3073499553356993
653.5 2.205246554843156
654.0 0.5040715499760375
654.5 1.5819268870054384
655.0 1.7900195602015776
655.5 1.3172277268695913
656.0 1.1425365176301647
656.5 1.9160775091006017
657.0 0.9191736877779086
657.5 1.615411986008608
658.0 1.2653757810623685
658.5 1.6400143495469384
659.0 1.2977622668876094
659.5 1.3077339298657973
660.0 1.3418592947954897
660.5 2.043938382342121
661.0 1.203503174606561
661.5 1.6393941232299385
662.0 1.7907088416081485
662.5 0.4889203659563859
663.0 1.6103081245940092
663.5 1.4202692851505758
664.0 2.446824374538607
664.5 1.3855129228268968
665.0 2.4402454636951316
665.5 1.6428222973196387
666.0 1.9964574600462093
666.5 2.002746873708169
667.0 1.046374051338622
667.5 2.2434631368655826
668.0 1.989603262659884
668.5 2.6345508219881237
669.0 1.1204952431971429
669.5 2.0470584649921983
670.0 1.0610954402732844
670.5 0.8715066677213577
671.0 1.0767701915905423
671.5 0.5609845805314913
672.0 0.9911635980433597
672.5 0.7284278552138082
673.0 0.9817770075910026
673.5 0.5424465316622702
674.0 1.6234252287291877
674.5 1.1135529754806948
675.0 2.3462815967121444
675.5 1.1610719255919038
676.0 1.9545115505539479
676.5 1.333197251417571
677.0 2.0875002947339514
677.5 3.1037725360030906
678.0 2.663804999795151
678.5 1.687832014212698
679.0 0.2
679.5 2.7368248314930073
680.0 1.9714996746561049
680.5 1.4187492777906336
681.0 1.7401315730612819
681.5 1.1510084256409274
682.0 2.3883458477673103
682.5 1.400613608943575
683.0 1.557012746760611
683.5 0.4566032881424953
684.0 1.0252086162701217
684.5 2.030821917697997
685.0 1.1771115806083063
685.5 0.5010161840644878
686.0 1.5058705498147957
686.5 1.388215240479509
687.0 1.500219815703606
687.5 1.4662087016585081
688.0 1.4398265564322972
688.5 1.12088094499747
689.0 1.4071128369903818
689.5 1.1044349611618791
690.0 1.2287571765169711
690.5 1.8881524266642515
691.0 2.979800528870185
691.5 1.9814114725376561
692.0 3.5000719116980332
692.5 0.8008810516801306
693.0 2.697562499721779
693.5 2.3369789144649666
694.0 2.2359951963191023
694.5 1.4072800646546246
695.0 1.5784547024151636
695.5 1.1429828396692236
696.0 1.05212842066598
696.5 0.9652618359834564
697.0 0.9268238864384063
697.5 0.6562917577714509
698.0 0.7404177433557055
698.5 0.7716033784109735
699.0 0.7740532041340709
699.5 0.8323331337023281
700.0 0.8194091567176954
700.5 1.120374545339611
701.0 0.9697652348302784
701.5 0.8979535942571518
702.0 1.2138262130865525
702.5 1.3127908431293087
703.0 0.6963077351867817
703.5 1.0430737337617164
704.0 0.9815801326881043
704.5 0.7308879463558128
705.0 0.636896599555935
705.5 1.758914776898611
706.0 1.942951751076474
706.5 1.1734341756151179
707.0 1.8154359759715213
707.5 1.3282083065306882
708.0 1.433095502236748
708.5 1.1632136580273427
709.0 0.48330136095743437
709.5 2.3564653168852967
710.0 2.2512152317638527
710.5 3.0064812393685854
711.0 1.0969330929253367
711.5 4.402202958907225
712.0 1.2468446371904447
712.5 2.8978838039774066
713.0 2.451965719913404
713.5 1.1350162704850155
714.0 3.0100094302433877
714.5 2.1028600899337664
715.0 2.7456300643864857
715.5 2.4763150243415604
716.0 2.4799203237995506
716.5 1.191924490702719
717.0 2.6495760761647187
717.5 1.9510371010880148
718.0 2.6927345587794544
718.5 3.4529427395202785
719.0 0.9499323379579672
719.5 2.834378602540582
720.0 2.571064932158038
720.5 1.243122629280633
721.0 1.7099820289111867
721.5 1.0214587677997378
722.0 0.8187742552781885
722.5 0.9070092757466325
723.0 1.3730683426469774
723.5 1.1766906678101021
724.0 1.0530661177688998
724.5 1.205157235474279
725.0 1.789685389834333
725.5 2.098509397831183
726.0 0.8012131621460679
726.5 2.575228417720223
727.0 2.179988216138479
727.5 1.9960814238784899
728.0 2.3112721508509666
728.5 2.4555441187286515
729.0 2.105334680012246
729.5 2.3030182967834936
730.0 3.8276663103532833
730.5 1.7993734450452088
731.0 1.3816997230299282
731.5 2.1499927814226996
732.0 2.2730144782055626
732.5 3.5079224330683108
733.0 2.486081150933374
733.5 3.090257642864162
734.0 2.2750030941052706
734.5 0.3209636012319057
735.0 2.4375951239008424
735.5 2.8108103875968578
736.0 2.880934107478994
736.5 2.473557746265899
737.0 3.3622946248746333
737.5 1.8585533428645333
738.0 2.3553246413955726
738.5 2.78608867418981
739.0 1.3972021315328464
739.5 1.293979082835448
740.0 1.9589285009735806
740.5 0.7536189239710088
741.0 1.270908618048253
741.5 0.38675668235010274
742.0 1.8202266198947041
742.5 0.9839043626468338
743.0 0.9639199826799814
743.5 0.9990409917469777
744.0 0.7951114461417605
744.5 1.0512959159912811
745.0 2.1320836484980368
745.5 0.5410762922150147
746.0 1.5705528732972587
746.5 1.2885672533748402
747.0 2.1916612257812504
747.5 1.8301271562608326
748.0 0.6237521849967679
748.5 1.1757058384772876
749.0 1.2394447364502508
749.5 3.036876721859521
750.0 2.7781736231620053
750.5 1.4412601842740316
751.0 1.6824327924497346
751.5 0.3133441275683442
752.0 3.0158538184343335
752.5 2.158974618102589
753.0 2.880356402600521
753.5 2.024375385592863
754.0 1.7205949644775544
754.5 1.3237715132135768
755.0 2.8666584779144992
755.5 2.782333793078979
756.0 1.8592175712758108
756.5 2.3085368741468333
757.0 1.720106602627438
757.5 0.2
758.0 2.6120247581996257
758.5 2.535722259952823
759.0 3.0413210505627504
759.5 1.7503216149240823
760.0 1.318778852462029
760.5 0.7951659622138632
761.0 1.5324950178426375
761.5 0.6762042882257524
762.0 1.3055562418558755
762.5 1.4055136725059607
763.0 1.1987967166003672
763.5 0.9998353737001239
764.0 0.79442274171501
764.5 0.9153135351482062
765.0 1.2314378340089593
765.5 1.0061539046735535
766.0 0.8817896888162006
766.5 1.0985185454570274
767.0 1.5536931112180699
767.5 1.0641441870298731
768.0 2.239132429556085
768.5 2.809363338504813
769.0 1.7092640300645452
769.5 3.1233320914786242
770.0 3.3654496310647084
770.5 1.6772821824603716
771.0 2.903791965738146
771.5 2.3132263225385996
772.0 1.644704550441578
772.5 3.0965877336671483
773.0 1.7149176515251192
773.5 0.9118157172994583
774.0 2.993705992439722
774.5 2.147852581442027
775.0 1.8657617798045008
775.5 3.570393917114705
776.0 2.124972969889437
776.5 4.1039341138574965
777.0 4.077586089264376
777.5 4.317046181048356
778.0 1.2602045642168518
778.5 1.9027110204444444
779.0 2.052010136037305
779.5 2.3139793691515376
780.0 2.1206783431953005
780.5 1.454294349272239
781.0 0.6116654448779824
781.5 2.04405680765219
782.0 1.866618069480845
782.5 1.8448594674030696
783.0 1.4386510352982815
783.5 1.0531898685795231
784.0 0.5119804846543866
784.5 0.6086418798514198
785.0 0.9536901879056499
785.5 1.0865320348116883
786.0 0.5222502630127173
786.5 0.8749323054712865
787.0 2.1784571560244474
787.5 0.6078937903914623
788.0 2.825608121870608
788.5 2.380203267572965
789.0 2.23773296922223
789.5 1.1166006577255128
790.0 0.812488022565506
790.5 0.836219006336365
791.0 0.7857064675949217
791.5 0.6145860683570266
792.0 1.049094658981554
792.5 0.8918740478502427
793.0 1.3994289599121568
793.5 3.02920714373582
794.0 1.3622427285707859
794.5 2.1594756678119937
795.0 1.8527560731973205
795.5 0.3699835049324802
796.0 1.0017838048459367
796.5 1.9446338678273394
797.0 1.3096811435817588
797.5 1.959555818782198
798.0 1.5135415267013872
798.5 1.0581335830265532
799.0 1.4887476968839093
799.5 1.5486587090359785
800.0 2.317207917781334
800.5 2.320583804721985
801.0 2.1851249955446934
801.5 2.216696323846726
802.0 1.1422826653725577
802.5 2.3301755525226406
803.0 1.8564025317921125
803.5 1.7048390273221303
804.0 2.245228813280101
804.5 2.9521238756821213
805.0 2.4292264602997546
805.5 2.5619759406648193
806.0 3.154352674874141
806.5 1.928491327638791
807.0 1.6696673640800643
807.5 2.351809896643079
808.0 3.1104457279051965
808.5 0.8147288569781104
809.0 3.5066760059080466
809.5 2.640438669172032
810.0 1.58867617345226
810.5 1.7334517932497608
811.0 2.8622093434926086
811.5 3.8488138131753447
812.0 2.987499561886666
812.5 2.0096754971793995
813.0 2.694647903439086
813.5 3.299547196203908
814.0 2.25747132353762
814.5 1.4157559891305074
815.0 5.099010016270465
815.5 4.277124517869038
816.0 2.854930196043084
816.5 4.363344010277627
817.0 2.9915916141147396
817.5 1.7696899909503188
818.0 3.3068437814719545
818.5 0.9561529627380054
819.0 2.9525984174112563
819.5 2.8236858176337893
820.0 3.2223571200486054
820.5 2.6561588525016298
821.0 1.23984568835811
821.5 4.081233655550466
822.0 2.4650607985967197
822.5 1.9453756035354235
823.0 0.6093604467725715
823.5 2.1710697863752912
824.0 2.0215951505317777
824.5 2.7082350549540326
825.0 1.8786289518374137
825.5 2.655404538405331
826.0 2.2493577217866414
826.5 1.564441372693674
827.0 1.1285962336714621
827.5 2.629575852484747
828.0 1.0747345441467764
828.5 2.501719725453326
829.0 0.826662814833997
829.5 1.8960057951377047
830.0 3.3445695221341434
830.5 1.754911974887659
831.0 1.5520188265366293
831.5 0.3760932232328382
832.0 0.32186756113992376
832.5 1.8949896514427071
833.0 1.555925139240358
833.5 2.26371793812856
834.0 1.895308387119892
834.5 2.2560476323402128
835.0 3.0700818905876925
835.5 2.2931562159171057
836.0 1.199324770186352
836.5 2.132290176971914
837.0 1.459305530936533
837.5 1.4663459048326528
838.0 0.5051402904148817
838.5 1.7507855630967142
839.0 0.9751036654603886
839.5 0.8042037150018762
840.0 1.200368993577695
840.5 1.6560645530699292
841.0 0.8257054940764268
841.5 1.158394071514575
842.0 1.0747244129846756
842.5 0.9554613343950237
843.0 1.7540039228720001
843.5 2.0826746200685218
844.0 1.6760396337616736
844.5 1.1491864908657912
845.0 2.923602833330247
845.5 0.8304867275715602
846.0 1.981262934842922
846.5 0.8942785858780682
847.0 1.3770284358413583
847.5 1.2524607382069162
848.0 1.3907192627033664
848.5 1.338436313694326
849.0 1.7587789936824498
849.5 1.4349119117088538
850.0 1.0074512553431616
850.5 0.7818409636768728
851.0 0.9550512969629676
851.5 1.2157402121280487
852.0 0.8341342461418548
852.5 0.47530511860465224
853.0 0.8049431982103976
853.5 0.5803806287545478
854.0 0.6034505605666938
854.5 0.788980551096935
855.0 0.7819741958858557
855.5 0.859936339715569
856.0 0.7849480407509781
856.5 0.6007720899045357
857.0 0.8785169446139742
857.5 0.5742187926760467
858.0 0.5844302920952721
858.5 0.43621474751787936
859.0 1.3980325860984826
859.5 3.247987903376436
860.0 2.8800934673711156
860.5 0.9615414944338276
861.0 1.5427619395166112
861.5 1.1156202557339676
862.0 1.5076187441393694
862.5 0.7615316088800735
863.0 0.9844058144103984
863.5 0.9718199017489431
864.0 1.46716079206932
864.5 1.4437389673089123
865.0 1.5525284149495722
865.5 1.5565372994902038
866.0 0.6187426119392702
866.5 1.59372893426214
867.0 1.058615333022877
867.5 0.9679671677979895
868.0 1.95057681643875
868.5 1.340614339030167
869.0 0.9899003432344642
869.5 0.866204026112485
870.0 1.42790125128534
870.5 2.5443111289052194
871.0 3.800235350829303
871.5 2.0084097711637496
872.0 2.956565662297777
872.5 1.6080573240403062
873.0 0.720578718695168
873.5 1.6276450878791229
874.0 4.097844673889678
874.5 1.8388006190530695
875.0 2.5450072908285115
875.5 3.0227326547560747
876.0 2.4020838342590243
876.5 0.2
877.0 2.493516822864142
877.5 1.5939298794486818
878.0 1.2228585039619462
878.5 2.75234899525363
879.0 2.106250727900222
879.5 2.3948429416362123
880.0 2.226923692399706
880.5 2.1468394471102275
881.0 2.1728777833039343
881.5 2.1328037358016347
882.0 3.8398408570876406
882.5 1.6983800498216217
883.0 3.6248796938938073
883.5 0.23937803529028523
884.0 2.1984684645954258
884.5 2.270088124578302
885.0 1.8645610776982813
885.5 1.4997860748860639
886.0 0.38953945250804844
886.5 2.4355420540699724
887.0 2.197811238053914
887.5 2.4131867960649895
888.0 3.0138178334209362
888.5 1.488134603682851
889.0 4.54821184200512
889.5 0.7703665886732851
890.0 2.006494666913162
890.5 2.682362672066697
891.0 1.9067385253966667
891.5 2.0390890535823187
892.0 2.3669747868420195
892.5 3.3866962388629633
893.0 0.773036570612917
893.5 1.2945854053400898
894.0 1.6978012556084838
894.5 3.735502375609993
895.0 2.6507109716903745
895.5 2.4688067367504374
896.0 2.258444007222051
896.5 2.3994518547078374
897.0 1.5461549289134746
897.5 2.2231864619542994
898.0 0.8637712185403303
898.5 2.2136834236920535
899.0 2.7493132429637726
899.5 2.5020593479352704
900.0 0.7573107797576701
900.5 3.1640802724614137
901.0 1.3859845801424173
901.5 0.6247297045595535
902.0 1.486126691132563
902.5 2.4378096322312546
903.0 2.071044496258631
903.5 1.8366929048030103
904.0 2.07424066841386
904.5 3.0729086513760913
905.0 2.254588117432858
905.5 0.669758033443318
906.0 2.2194200991693296
906.5 2.5928203848032854
907.0 3.3385967416782174
907.5 2.902348274102616
908.0 2.884070726154482
908.5 0.9081170226661748
909.0 1.2225337355207
909.5 2.2964781403313284
910.0 1.5074323922012445
910.5 1.3470571746277202
911.0 0.6962465809773292
911.5 0.8812173393800816
912.0 2.0300031481343606
912.5 0.7827854179825077
913.0 0.9276248420856762
913.5 0.6964457256855481
914.0 0.7081916448677053
914.5 0.7128886026960126
915.0 0.8624749357273267
915.5 0.7770583867367582
916.0 0.7084470968947436
916.5 0.833792734338638
917.0 0.6590284526539573
917.5 0.8623406176688764
918.0 0.6058798730891892
918.5 2.4422986149521067
919.0 1.7222455526677938
919.5 1.7364176043965784
920.0 1.2822764736236056
920.5 1.179279466382405
921.0 1.5530456291895227
921.5 1.5759737520606316
922.0 1.048765749275327
922.5 1.0359509101558597
923.0 1.521505255411819
923.5 1.1974588356307108
924.0 2.0195965109149823
924.5 1.040190674702918
925.0 1.7876533633832974
925.5 0.2
926.0 1.1113720234151652
926.5 1.3435820009797599
927.0 0.8457169071274301
927.5 1.1504173888917621
928.0 0.7067729190494537
928.5 1.5610131004175365
929.0 3.2416216101822313
929.5 1.663605096872605
930.0 1.962928948861633
930.5 1.4916094044178345
931.0 2.7763668829140764
931.5 1.3516889087556525
932.0 1.0986820155417716
932.5 2.031860533445286
933.0 0.8871539168635934
933.5 3.0472948455084103
934.0 2.0299398116722815
934.5 1.951792184207379
935.0 1.1068172758078
935.5 1.6717183473842718
936.0 0.965778627163759
936.5 2.8563405067664016
937.0 2.2507521318289525
937.5 1.5787927569988085
938.0 1.4173909280098416
938.5 1.8564617567945434
939.0 2.2736789018085304
939.5 2.0602378139902133
940.0 1.0334168398420371
940.5 1.7166614815520334
941.0 1.4391817676002
941.5 2.3960096606766568
942.0 1.8974196947609587
942.5 2.817922109556115
943.0 2.772069097218269
943.5 0.9813637295423768
944.0 1.6376186500866388
944.5 2.242612608060872
945.0 3.310240358982268
945.5 2.284533050732125
946.0 2.641861740769792
946.5 1.7725680136595976
947.0 0.6069262128952404
947.5 1.2430230100422253
948.0 1.920986708280259
948.5 1.05564450590096
949.0 1.6601462208928615
949.5 1.1509206493610453
950.0 1.09822014665018
950.5 0.8916868914671949
951.0 0.8899104701771108
951.5 0.9964237068348946
952.0 1.258068630554277
952.5 0.9296627344199809
953.0 0.819232536189876
953.5 0.6926132985654111
954.0 1.0931033656383562
954.5 1.087410870387338
955.0 1.104649543730511
955.5 1.1117975069082764
956.0 0.6848411944257715
956.5 0.2
957.0 2.7972315455358308
957.5 1.537296155581072
958.0 2.7726848024723862
958.5 2.2644084063982866
959.0 1.5863379960100603
959.5 1.9842853625749035
960.0 1.568857053240088
960.5 1.8199921041519374
961.0 3.352074841220798
961.5 1.5962231490958023
962.0 2.068859935677335
962.5 2.499121344379229
963.0 1.9343231629285103
963.5 2.6054181898401954
964.0 1.1211841929245545
964.5 1.2826458725363423
965.0 2.1816358575432453
965.5 2.5008749532669095
966.0 1.088426638465711
966.5 1.369575999490581
967.0 0.9794435341242707
967.5 2.0585233693786575
968.0 1.529092099659426
968.5 2.0249347846637247
969.0 2.0145710891105324
969.5 1.82793610774304
970.0 1.0761163865769132
970.5 1.0103448204469778
971.0 2.3290699538755524
971.5 1.4188375986929724
972.0 1.881414485545302
972.5 1.1723001971844846
973.0 2.1586542190343945
973.5 1.1234628783385654
974.0 2.104821740814975
974.5 2.712652684317443
975.0 1.0863142125605538
975.5 1.2382490271120479
976.0 2.2505394204079128
976.5 1.4925838808800562
977.0 1.2630341575800734
977.5 1.4480793134864123
978.0 2.1835173439661473
978.5 1.5655974145976488
979.0 2.7051612814573613
979.5 2.5847456266138957
980.0 1.6230099774015831
980.5 0.9220531040323975
981.0 1.5760327964535428
981.5 2.0463959204794633
982.0 1.1943794245004207
982.5 0.41197247440339235
983.0 1.1896180534676306
983.5 1.8461730081526506
984.0 2.3622247442608955
984.5 1.0271691407497996
985.0 2.006643610023993
985.5 1.3864511273628966
986.0 1.2329225427912363
986.5 2.2945446361798085
987.0 0.9679335142029403
987.5 1.5369348425063416
988.0 1.076349589405074
988.5 1.1321809794557742
989.0 0.6012387353561228
989.5 0.6878873622894495
990.0 1.248668266122928
990.5 1.011840404655015
991.0 1.2596476220040898
991.5 0.8834283854522349
992.0 1.1808054666157497
992.5 1.0186765198042171
993.0 0.7867420270419488
993.5 0.785553276993177
994.0 0.988831440974908
994.5 1.0655105013199635
995.0 1.613166615702752
995.5 1.2822819685704754
996.0 1.031082728389384
996.5 1.0423467013473302
997.0 1.106685164314666
997.5 0.8560732973461205
998.0 1.1765336077574462
998.5 1.2637638996183704
999.0 1.1483763692463516
999.5 1.3937558444993992
1000.0 0.8900357656199567
1000.5 1.3003082267185038
1001.0 2.2408055413721177
1001.5 1.542710865968209
1002.0 4.402188796386799
1002.5 4.323518327075023
1003.0 1.317636713001195
1003.5 1.8681439459310527
1004.0 0.8119265705669141
1004.5 2.531587427618078
1005.0 3.285248008262547
1005.5 2.0798433036369017
1006.0 2.8903960575120777
1006.5 1.3680263075262946
1007.0 1.3232402421828815
1007.5 0.9523855468546559
1008.0 0.6080705502588861
1008.5 2.766652049614141
1009.0 2.342007531148038
1009.5 1.315854616620344
1010.0 0.23601551481814353
1010.5 1.3878735581419266
1011.0 2.4644405766332884
1011.5 1.9032099169419543
1012.0 1.793160890851931
1012.5 1.7035571431975112
1013.0 0.9122789870047315
1013.5 1.3594978793102899
1014.0 2.7302386627084227
1014.5 2.0560346050779312
1015.0 0.7064160874401857
1015.5 0.8059547351711773
1016.0 0.6629852232561124
1016.5 2.3234062367154467
1017.0 0.8848287671982265
1017.5 0.7795975582645179
1018.0 0.9447880822456579
1018.5 0.844207342744259
1019.0 0.760276852986678
1019.5 0.7194101944730339
1020.0 0.9764187773260609
1020.5 0.8375152582637984
1021.0 1.4284795393444147
1021.5 0.3353433870497422
1022.0 0.8940707159698498
1022.5 0.9725824768678066
1023.0 0.7599397389257276
1023.5 1.0244515260761786
1024.0 1.1657112243367536
1024.5 0.7117283919579083
1025.0 0.975436879160048
1025.5 1.051340678618334
1026.0 1.0452754481740736
1026.5 1.0947020524439375
1027.0 0.7814510819951406
1027.5 2.4543499191856384
1028.0 1.8998187549900953
1028.5 2.043421037742342
1029.0 1.496141686653324
1029.5 1.7115228416765311
1030.0 0.6781975026480043
1030.5 0.8760983362625634
1031.0 0.8548741549192126
1031.5 1.3682469885196804
1032.0 1.2271573862757221
1032.5 1.120799574499646
1033.0 2.0146790034211204
1033.5 2.3076937168564378
1034.0 0.2827676984255896
1034.5 2.5702197891470973
1035.0 1.6821006262349485
1035.5 3.0423074651718407
1036.0 3.413455413623761
1036.5 0.29370079716649644
1037.0 1.4889765116663114
1037.5 1.2226289647707484
1038.0 3.1888039297361543
1038.5 2.7749639688545304
1039.0 0.8962478290187721
1039.5 3.590865218220228
1040.0 1.1995963065321145
1040.5 2.247242047342482
1041.0 2.8217190004285024
1041.5 1.63181417136307
1042.0 1.765851731560404
1042.5 3.5786976516051308
1043.0 2.5383268497036178
1043.5 1.984683302963062
1044.0 2.0664765395259455
1044.5 2.6393784176476536
1045.0 2.7327493046670397
1045.5 2.463999262369308
1046.0 1.7591274009335351
1046.5 3.68440975854216
1047.0 1.2309285671373893
1047.5 3.1651861548275013
1048.0 2.5685221278950676
1048.5 4.390558240990735
1049.0 3.259223426038793
1049.5 0.2
1050.0 6.073425581188603
1050.5 3.937822203301073
1051.0 3.4184706899580384
1051.5 2.2680998890701503
1052.0 2.9290798617470295
1052.5 2.146305616433623
1053.0 3.0853459677540283
1053.5 1.6347544746088971
1054.0 1.5766924524210606
1054.5 0.6837392768857109
1055.0 2.340419894631765
1055.5 1.296535368973743
1056.0 2.350939124539621
1056.5 2.663207715259187
1057.0 1.0073956152453327
1057.5 1.0843726245277676
1058.0 0.7821056220598617
1058.5 0.8641169991007032
1059.0 0.5894727741187661
1059.5 0.579669147084669
1060.0 1.0012735454250707
1060.5 0.9500071878002111
1061.0 0.620316737316966
1061.5 1.2701258731517462
1062.0 1.1123300634331752
1062.5 0.6956353263814452
1063.0 0.8153972861322096
1063.5 0.8441625948423317
1064.0 0.9600177066077192
1064.5 0.7169779272194091
1065.0 1.1084802553563566
1065.5 0.7556899642931793
1066.0 0.8947619286614653
1066.5 0.9395601652699429
1067.0 2.148128766776883
1067.5 0.8834961726765977
1068.0 3.475286764521088
1068.5 1.335518931673155
1069.0 2.4214648255775595
1069.5 1.787324116886398
1070.0 2.1677157252430987
1070.5 1.0223909708707835
1071.0 0.6342300429615464
1071.5 2.920130418823587
1072.0 1.247005049210104
1072.5 1.5547367934090683
1073.0 1.453395614819382
1073.5 1.6151784862904413
1074.0 0.4819657484690474
1074.5 0.7095241475384755
1075.0 1.4984406342449461
1075.5 1.4701720300321537
1076.0 1.5162630277248037
1076.5 1.19140711190932
1077.0 1.2241218106714016
1077.5 1.4574375833639592
1078.0 1.2916263998050472
1078.5 2.9287723754438626
1079.0 0.824324324926994
1079.5 2.0378758045330283
1080.0 1.1271460090724723
1080.5 1.391736055426846
1081.0 1.455932169500449
1081.5 1.4350882432531702
1082.0 2.1781898298070943
1082.5 1.9707682440500434
1083.0 2.5606251048266615
1083.5 0.8789038737775603
1084.0 2.47847609811118
1084.5 1.5639781781668387
1085.0 0.8405949408941817
1085.5 2.1597319291769503
1086.0 1.9873205113513253
1086.5 2.161358572691153
1087.0 3.139030914659023
1087.5 1.59559429812152
1088.0 1.749008142958002
1088.5 1.9030485478895378
1089.0 1.4157284698084043
1089.5 0.7809238378542196
1090.0 0.5270328462968721
1090.5 1.4599763639833858
1091.0 2.4609796122304424
1091.5 2.572922276657472
1092.0 1.4002535021840972
1092.5 1.5822025302003042
1093.0 1.4896509155066815
1093.5 2.3955088280762826
1094.0 2.20048023711725
1094.5 1.9959779604756287
1095.0 1.807980227879931
1095.5 2.7453316600171767
1096.0 3.0778599831461495
1096.5 2.752981826637259
1097.0 2.8804112023141473
1097.5 2.180062405255684
1098.0 3.0004493717666225
1098.5 2.3116242065732235
1099.0 2.992117275661869
1099.5 2.339912827108395
1100.0 2.049040684175904
1100.5 2.769616593398066
1101.0 2.172345107198985
1101.5 3.0505577810977935
1102.0 2.3203872347165437
1102.5 2.5705428883167594
1103.0 2.9844016821955703
1103.5 2.6265398346357944
1104.0 2.086260629792691
1104.5 1.9299274398538224
1105.0 1.127331278806066
1105.5 2.181671712490329
1106.0 2.150319238199274
1106.5 1.263482441865965
1107.0 3.0867786993782467
1107.5 2.217796140521477
1108.0 2.2539592957533316
1108.5 2.0668462413456505
1109.0 2.856736485524615
1109.5 1.903074120384176
1110.0 0.8659277246556839
1110.5 0.669910264194816
1111.0 2.61039093799718
1111.5 1.4613203593703799
1112.0 2.816987147209859
1112.5 1.822117740762309
1113.0 2.0506392080149016
1113.5 0.6626261647944283
1114.0 3.3979847361667255
1114.5 2.2763183701061296
1115.0 1.2027490684656383
1115.5 1.9147658232076536
1116.0 2.7339359829255026
1116.5 1.9987792589950053
1117.0 1.822401446980049
1117.5 1.3404449295300829
1118.0 1.8054773391193013
1118.5 1.5554475298010841
1119.0 2.7597375421441512
1119.5 1.5668890302620835
1120.0 2.3061707760298926
1120.5 2.4015570174048757
1121.0 3.1734303207638863
1121.5 3.016950988453406
1122.0 0.715720837290174
1122.5 1.7824662115698517
1123.0 2.6061636715626966
1123.5 1.74342458059954
1124.0 2.507295931955016
1124.5 1.092478539590717
1125.0 2.0797265942549537
1125.5 0.8237729001435385
1126.0 2.629371481292605
1126.5 1.078689317988861
1127.0 1.433596336810298
1127.5 2.0704692877465756
1128.0 1.8374388466740232
1128.5 2.801234238910343
1129.0 2.609868186873146
1129.5 2.8954340388166964
1130.0 4.072915271083969
1130.5 0.9535288806552555
1131.0 1.7622496152972227
1131.5 2.3787681750450993
1132.0 2.9425233057453717
1132.5 2.2570972589300977
1133.0 1.8269301617375546
1133.5 1.3716767001215144
1134.0 1.3485267763076978
1134.5 0.29936010029617877
1135.0 1.7515052901695722
1135.5 1.086535605657165
1136.0 1.3441089031277196
1136.5 1.3953474600580718
1137.0 1.5025493671945456
1137.5 1.4796566180445274
1138.0 1.923581758419024
1138.5 1.1925840595538442
1139.0 1.4500399677428881
1139.5 1.5743787845345139
1140.0 2.4414388072023856
1140.5 1.0261104915076795
1141.0 2.22696305749386
1141.5 1.1946233774676456
1142.0 1.5555152957269445
1142.5 2.3386104137302652
1143.0 1.6637930520871436
1143.5 2.8744375369532387
1144.0 1.6341361904748442
1144.5 1.5004171132950124
1145.0 2.3453094438891418
1145.5 0.8644718375098666
1146.0 3.8357320678273155
1146.5 2.3411371628093542
1147.0 0.9035393968437562
1147.5 1.1124159966512392
1148.0 0.411840471452466
1148.5 0.835615211295615
1149.0 0.8644029622588739
1149.5 0.4957167061713739
1150.0 1.0725393475035871
1150.5 0.9970878655627567
1151.0 0.9479917336792621
1151.5 0.7380424740004858
1152.0 0.9067190999382545
1152.5 1.325636260502642
1153.0 0.8534866300921186
1153.5 0.7184227939467479
1154.0 0.8914183492186761
1154.5 0.7015544874454276
1155.0 0.742186188877268
1155.5 0.708039200402562
1156.0 0.8664776647609627
1156.5 0.6680319504268596
1157.0 1.0186677179223325
1157.5 0.9677867810311946
1158.0 1.8154505865500274
1158.5 1.443462398481518
1159.0 1.4606497614197103
1159.5 1.7386667720732623
1160.0 0.5751057666430763
1160.5 1.1802847458692982
1161.0 1.07631692349003
1161.5 0.8627116434460628
1162.0 1.0168708414754588
1162.5 0.8700102598436834
1163.0 1.2916029303499177
1163.5 1.2210989566508146
1164.0 0.7471864601757068
1164.5 0.561202051740398
1165.0 0.9366082029623631
1165.5 1.225815438164358
1166.0 0.7597005585190192
1166.5 0.9575687813057382
1167.0 1.6540465436942728
1167.5 2.3513232276754352
1168.0 1.866669520868034
1168.5 1.4826679257313309
1169.0 2.233153814867215
1169.5 2.54878885911425
1170.0 3.0307649444521347
1170.5 2.624820510334618
1171.0 2.762566397251466
1171.5 1.7953150172680001
1172.0 2.392052434676765
1172.5 1.8010244767822554
1173.0 2.280783866164234
1173.5 1.4059335932943466
1174.0 1.2677486547566295
1174.5 1.42556717222101
1175.0 2.9925002626240946
1175.5 1.7692230642226472
1176.0 3.6899884960411278
1176.5 3.7068633247987712
1177.0 4.360544001590893
1177.5 1.0817741586335545
1178.0 1.3444018351494926
1178.5 1.27229198873061
1179.0 3.3268493299905755
1179.5 2.188428354855265
1180.0 1.6105504195487141
1180.5 2.3394864206105828
1181.0 2.5442292349528417
1181.5 3.215784281052862
1182.0 2.1587630481592983
1182.5 0.9562158003550725
1183.0 2.4307220855931573
1183.5 3.168039270716056
1184.0 2.11871167320592
1184.5 1.623058740027254
1185.0 1.5166238182450194
1185.5 0.7296464468440476
1186.0 2.3173586783373548
1186.5 1.7100080806887095
1187.0 3.7111904609017987
1187.5 2.808675513065846
1188.0 3.315491696415674
1188.5 3.0520244847442983
1189.0 1.9643960434894958
1189.5 3.5451449563827855
1190.0 1.6331259060605285
1190.5 2.3435531455906435
1191.0 1.373783469586008
1191.5 3.232665277409202
1192.0 2.7954670724200534
1192.5 1.9272906215387522
1193.0 3.26032361263351
1193.5 2.3986962133924035
1194.0 1.967325223195566
1194.5 3.8474888455254215
1195.0 2.971718320102818
1195.5 2.2559357866107885
1196.0 2.0322097791590576
1196.5 1.8017149672547221
1197.0 2.975526304694504
1197.5 1.0531910778047022
1198.0 2.2897638725434564
1198.5 2.0567655854226947
1199.0 1.6032038152483294
1199.5 2.182701921089593
1200.0 2.5180579054615975
1200.5 2.1998087834167563
1201.0 1.6941675572343913
1201.5 1.798026909281963
1202.0 1.729473634045076
1202.5 2.685072524787639
1203.0 2.7912819926619687
1203.5 2.291290894323498
1204.0 1.9488539824711673
1204.5 3.1364724804236683
1205.0 0.8819004370330805
1205.5 1.1971792255033464
1206.0 1.6927888763587668
1206.5 1.794841265972165
1207.0 2.363310677659853
1207.5 2.276168753193196
1208.0 2.2540495927327466
1208.5 1.961311360428085
1209.0 3.4761560340239774
1209.5 1.8029152316678405
1210.0 2.3736172093108427
1210.5 2.122751045185445
1211.0 0.7684794271167052
1211.5 1.3801040191035558
1212.0 1.8816459742150538
1212.5 1.471516575351556
1213.0 2.4414297569432937
1213.5 0.907795478051701
1214.0 2.762465962825917
1214.5 1.4907912488161372
1215.0 3.077221929313257
1215.5 2.772946824651256
1216.0 1.1767606740657586
1216.5 2.0409001292667193
1217.0 1.9474285288936786
1217.5 1.776785086571298
1218.0 2.851161789405929
1218.5 2.4119907150041806
1219.0 1.0344135459434927
1219.5 1.341615977212511
1220.0 1.706420513241191
1220.5 1.9772733423261464
1221.0 1.3340763310761035
1221.5 2.343167837739606
1222.0 3.1246875243932637
1222.5 3.2906944215934337
1223.0 2.0973276819501443
1223.5 3.2594118765191484
1224.0 2.128931237622237
1224.5 2.3025388123215498
1225.0 1.700841603039283
1225.5 4.401383247978306
1226.0 1.9506239958424674
1226.5 3.3447675070119374
1227.0 1.7414637303431126
1227.5 2.224354606755374
1228.0 2.5780213637887175
1228.5 3.0949119518341646
1229.0 2.751532988685294
1229.5 0.2
1230.0 2.1778275219886214
1230.5 2.204948898163453
1231.0 1.634772440516343
1231.5 3.110830254073375
1232.0 3.0153340146895067
1232.5 2.9017670486192926
1233.0 1.5607283145219095
1233.5 0.8065438871923363
1234.0 1.772587334774887
1234.5 3.5016397278687657
1235.0 1.487656645939076
1235.5 1.4488333717037374
1236.0 1.9701452176799956
1236.5 1.7329820131353282
1237.0 2.27260070188358
1237.5 2.6169104106531904
1238.0 2.152738053259272
1238.5 1.0936819147937882
1239.0 4.262669132940318
1239.5 2.6073895022740583
1240.0 2.6827843704125884
1240.5 1.5218329164944486
1241.0 1.3496787631701226
1241.5 1.9759324166534156
1242.0 2.172626229393372
1242.5 2.4629830956610625
1243.0 1.7877891445813228
1243.5 2.2558660791873053
1244.0 3.2136929753649417
1244.5 0.44432370918667163
1245.0 1.1562113498321138
1245.5 3.5201877969868063
1246.0 2.961160997465294
1246.5 1.7326019875720262
1247.0 2.3199434553851948
1247.5 1.5822612526032955
1248.0 1.160537834008644
1248.5 1.884889398131159
1249.0 0.7453278583243058
1249.5 0.7583482363797625
1250.0 1.2720046542361325
1250.5 1.1518228739059844
1251.0 1.0376032962802721
1251.5 1.0964939857580052
1252.0 1.0598057052590462
1252.5 0.7911302578048465
1253.0 0.8637804992836136
1253.5 0.876233914062907
1254.0 1.0489018538832564
1254.5 0.7636917955112282
1255.0 1.2992815807502853
1255.5 1.0221365861398135
1256.0 1.0399177324684254
1256.5 1.264051805978668
1257.0 0.805754953298255
1257.5 0.4014381764309534
1258.0 0.7481410620643911
1258.5 0.915108100439937
1259.0 0.8008417784865295
1259.5 0.8195188950450286
1260.0 0.5951066460507148
1260.5 1.1758919448235883
1261.0 0.42875557626298877
1261.5 1.3859055328551555
1262.0 1.2126080542620712
1262.5 0.9903570084805308
1263.0 0.949600849636289
1263.5 0.9262128522324543
1264.0 0.8463902145982549
1264.5 0.9631235467954349
1265.0 3.6066858904657613
1265.5 0.9890033631448942
1266.0 0.7047878939462904
1266.5 4.2320248405078775
1267.0 2.252804881261527
1267.5 1.0715271747226702
1268.0 2.844499286634176
1268.5 1.3805420393032546
1269.0 2.0589051564745304
1269.5 1.6612480911761636
1270.0 1.558097598747081
1270.5 2.070356138594955
1271.0 1.929914072115511
1271.5 1.6348583932581622
1272.0 2.25437881576401
1272.5 2.3226133507048194
1273.0 1.036719365522737
1273.5 2.5506763011910913
1274.0 2.347932584817504
1274.5 0.982608437193984
1275.0 2.252809896102431
1275.5 1.322604456034282
1276.0 0.8536435226381756
1276.5 2.0013441369183362
1277.0 1.590846682093829
1277.5 1.9511583383576565
1278.0 1.4317410160646662
1278.5 1.128948062600346
1279.0 2.0236439630725886
1279.5 1.294154559219173
1280.0 0.2
1280.5 2.2686255961905637
1281.0 1.5931529209806004
1281.5 2.6664173259424815
1282.0 2.548565542931226
1282.5 1.7082664550347877
1283.0 0.8329786640336867
1283.5 2.9733199111174757
1284.0 0.9407523802938991
1284.5 3.382479634675125
1285.0 1.381459658268605
1285.5 0.2
1286.0 2.1543113211601335
1286.5 0.2
1287.0 2.8971145935685856
1287.5 2.2642834364688387
1288.0 2.2511422963853427
1288.5 1.2101712005957317
1289.0 2.9688234714601807
1289.5 1.379127599566937
1290.0 1.435410736498798
1290.5 2.103176557959409
1291.0 2.882902750437531
1291.5 2.778541572491922
1292.0 4.15690701592718
1292.5 2.7795853501482943
1293.0 2.7804194839443017
1293.5 2.3824181038443193
1294.0 1.658716514386175
1294.5 1.4322792617929776
1295.0 1.832581960527151
1295.5 1.2249001317194899
1296.0 1.3750367793994571
1296.5 1.4145059683957244
1297.0 1.4761895209356304
1297.5 1.8958092936106028
1298.0 1.6304171647056784
1298.5 2.7952362326470674
1299.0 0.20345673796127262
1299.5 2.284720754512332
1300.0 2.66322349605569
1300.5 1.8420868482937653
1301.0 1.2060371912603691
1301.5 2.280182901242889
1302.0 2.25351386429593
1302.5 1.8387779262652701
1303.0 2.7702083472591204
1303.5 2.1099582022588286
1304.0 2.1381185623138506
1304.5 2.1422451203444752
1305.0 0.4390533126748166
1305.5 3.6062094216827187
1306.0 2.063819996554126
1306.5 2.7774981249847794
1307.0 3.563131050241302
1307.5 2.405487479084977
1308.0 1.6367694099725227
1308.5 1.2164069711676926
1309.0 3.8461723769560967
1309.5 1.5940563283930347
1310.0 0.8219510473620395
1310.5 2.251645530099386
1311.0 1.9700996429981612
1311.5 1.4604348614779352
1312.0 2.927300881700928
1312.5 1.8112559838734519
1313.0 1.8701365150629627
1313.5 3.77324765518018
1314.0 2.0551161704751153
1314.5 2.2232301478137084
1315.0 2.5326341342791396
1315.5 3.483966184884154
1316.0 1.833526008030712
1316.5 1.3100329203460155
1317.0 2.6704513721015606
1317.5 2.3222291635883057
1318.0 2.716583416366171
1318.5 2.193125191257341
1319.0 2.5510572499704924
1319.5 1.4680707025082795
1320.0 3.738948193454884
1320.5 1.8729204200954224
1321.0 1.6437608011153169
1321.5 1.9529458697116373
1322.0 1.3794747452971792
1322.5 0.7430847090817795
1323.0 2.1218187741653045
1323.5 2.070174851480885
1324.0 1.3972460589437146
1324.5 1.087521891439204
1325.0 1.1315014221305637
1325.5 1.3621274314910439
1326.0 1.6846228497608449
1326.5 1.0697701416607288
1327.0 1.3069330321060904
1327.5 1.5192911322035276
1328.0 1.971172699848082
1328.5 1.4928078126014088
1329.0 1.5339381196812831
1329.5 1.0344029099472367
1330.0 1.2681290710438742
1330.5 0.7040255522895141
1331.0 0.802331671588218
1331.5 0.9040254302594317
1332.0 0.3701256235017625
1332.5 1.514176327002827
1333.0 0.8860233923463248
1333.5 1.6993987137764113
1334.0 2.0111081922234972
1334.5 1.9157543302849152
1335.0 1.7520442393329758
1335.5 1.516033964037197
1336.0 1.1803528438394504
1336.5 1.2779919678760625
1337.0 1.420684701092219
1337.5 1.4005002613528568
1338.0 1.5022604000521633
1338.5 0.9519371830527579
1339.0 1.4368792618351884
1339.5 1.6646270111069885
1340.0 1.396100717251999
1340.5 1.4151392040572133
1341.0 1.617162126807505
1341.5 1.769358318991591
1342.0 1.6238918683266048
1342.5 1.6294720225651478
1343.0 1.3570827584599254
1343.5 2.178540305607925
1344.0 1.731463255921203
1344.5 1.675541026409012
1345.0 0.7726001702316271
1345.5 0.924023089064294
1346.0 1.072940525964557
1346.5 0.8944064441076471
1347.0 1.0538631288123006
1347.5 1.93442414595443
1348.0 1.626061131403993
1348.5 3.247943951523954
1349.0 1.442874109331891
1349.5 1.4259579809919412
1350.0 3.06256892679432
1350.5 0.9941914851089375
1351.0 4.097726510362646
1351.5 0.28327503205587545
1352.0 1.5597282374340795
1352.5 1.6060737545357462
1353.0 2.7083303169052844
1353.5 1.7918201969263232
1354.0 2.803584917349991
1354.5 2.7677641646330646
1355.0 3.4189285403563217
1355.5 2.0559324449116048
1356.0 2.8815972808321835
1356.5 1.0531579860671716
1357.0 1.949707796080749
1357.5 2.1436649649848425
1358.0 1.641782532932241
1358.5 1.2888226543735244
1359.0 0.9638336160414773
1359.5 1.6760914446818478
1360.0 1.2891507534476792
1360.5 1.03726520165304
1361.0 1.6893098147764456
1361.5 0.6829640040951245
1362.0 2.352102083810532
1362.5 1.3137201648688164
1363.0 0.5746233167897802
1363.5 2.3382099782062653
1364.0 3.383245892672697
1364.5 1.0755714861069778
1365.0 1.5153721309509272
1365.5 2.267867482083527
1366.0 2.159860941253581
1366.5 1.8176535114870573
1367.0 1.7014507742676415
1367.5 2.5702687744494837
1368.0 2.537625496874818
1368.5 1.88335163942032
1369.0 0.5535871898186362
1369.5 3.3874318079562187
1370.0 1.3552287016581226
1370.5 2.487182882246999
1371.0 1.5210565235683695
1371.5 1.3899408693490902
1372.0 2.7062929428174725
1372.5 2.72808540304285
1373.0 1.3101675582422994
1373.5 0.6061020454829731
1374.0 2.4756728730016797
1374.5 1.4483411446809538
1375.0 1.2297480491153503
1375.5 2.4704582711396332
1376.0 2.438239140310122
1376.5 1.901301059561346
1377.0 3.1010370803833442
1377.5 2.2038250035117923
1378.0 2.006451084627291
1378.5 3.260217925398837
1379.0 2.097150728177632
1379.5 3.3424019357048818
1380.0 2.0969292041651646
1380.5 1.7461889479506483
1381.0 1.8949618006247737
1381.5 0.8579127945390046
1382.0 2.9296345151388667
1382.5 2.8796836499847185
1383.0 2.539965868498999
1383.5 0.9472904453186688
1384.0 0.7081235480023031
1384.5 1.035209966757247
1385.0 0.6692320734434685
1385.5 0.9801095507077782
1386.0 0.8272145927135566
1386.5 0.8528519415315163
1387.0 0.807194870239629
1387.5 0.8417404241830344
1388.0 0.947316935351459
1388.5 0.7141550646181822
1389.0 1.466095142844404
1389.5 1.3328390371151477
1390.0 0.8522732272635187
1390.5 1.2306912571216637
1391.0 1.4255784747450928
1391.5 1.3692387687198142
1392.0 0.6965752071658295
1392.5 1.0777595321087827
1393.0 1.7186327946548554
1393.5 0.8222734332515005
1394.0 0.6392414294668158
1394.5 1.5736140827203953
1395.0 1.289207976877081
1395.5 0.7638767050133269
1396.0 1.0787762390134814
1396.5 1.6665333806525333
1397.0 3.1614275299759074
1397.5 1.8879674794426975
1398.0 1.2841705964053767
1398.5 1.3926638881538813
1399.0 2.347128358508626
1399.5 1.897914784551035
1400.0 2.45009733688457
1400.5 0.7789113544102575
1401.0 0.8494380118081919
1401.5 1.4639369299919958
1402.0 2.1930680251110504
1402.5 1.627785343222129
1403.0 2.786515569786727
1403.5 1.0309132387251054
1404.0 1.6820317767481505
1404.5 1.5390498048448562
1405.0 1.6236307809175474
1405.5 1.2965735434476136
1406.0 2.1243757942424297
1406.5 1.1079828771204645
1407.0 1.703274501279036
1407.5 1.1383171900272255
1408.0 0.6118736606051033
1408.5 1.2585959815506251
1409.0 0.35100886556041444
1409.5 1.614942149830164
1410.0 1.0465440749823416
1410.5 1.5980037070755455
1411.0 0.8958039700963056
1411.5 1.4319547472036855
1412.0 1.887425897144256
1412.5 1.3747195446387734
1413.0 1.4368865074362749
1413.5 1.7712474762141082
1414.0 1.0900271650127276
1414.5 0.3816706557601892
1415.0 0.8039542713770885
1415.5 0.7831382525266547
1416.0 0.836639974998225
1416.5 1.413375227501877
1417.0 1.6244945540882134
1417.5 1.342514285850077
1418.0 1.7634580413729495
1418.5 1.6166282106851682
1419.0 2.2764934268081207
1419.5 1.9591810477608058
1420.0 0.6008673736815091
1420.5 1.7368950745933267
1421.0 1.871569105317782
1421.5 1.075955685367887
1422.0 0.5572893398208434
1422.5 1.764568696312299
1423.0 1.578301629823184
1423.5 1.560669721294499
1424.0 1.2492039951781004
1424.5 1.3462453938666448
1425.0 1.6001646397660068
1425.5 1.5173281212914802
1426.0 0.9560076069656911
1426.5 1.3513687331631479
1427.0 0.8402011217503382
1427.5 1.4773320200899154
1428.0 1.92344205048961
1428.5 2.0564539019855177
1429.0 1.5388273846282061
1429.5 2.5454149143067033
1430.0 1.333586789120272
1430.5 2.192804037814989
1431.0 3.192367515055142
1431.5 1.123054390061923
1432.0 1.8865121477315134
1432.5 1.7386681032940008
1433.0 1.4439909828665143
1433.5 1.0798424736984926
1434.0 1.8304327599131218
1434.5 2.091533581069614
1435.0 1.965129304324923
1435.5 2.2871721512422587
1436.0 0.8685501107583962
1436.5 1.5055673234317615
1437.0 0.7913767094254811
1437.5 0.5084269173655857
1438.0 0.9683464242633126
1438.5 0.9987813833862236
1439.0 1.1583874260777693
