0 2.4894723709370705
0.5 2.4784111233084527
1.0 1.917170826719245
1.5 1.463819757582
2.0 1.6177766013722468
2.5 0.7308775664758518
3.0 1.2403350280013274
3.5 1.1250944371839244
4.0 1.4788966221721314
4.5 1.3821995663323847
5.0 1.3779626551618658
5.5 0.6178255955369371
6.0 0.6469223354239655
6.5 1.166958409229593
7.0 1.1039455231485082
7.5 1.135152806081493
8.0 1.063240409322689
8.5 0.8711613256073678
9.0 0.7439763704946573
9.5 0.8383474176467032
10.0 0.34580310510268264
10.5 0.9625450466267536
11.0 0.5613458239044062
11.5 1.1773654727005194
12.0 0.45822895423978927
12.5 1.4296276407144994
13.0 1.6174770999405494
13.5 1.2479912986601067
14.0 0.6414392681888933
14.5 0.6590401784659066
15.0 1.2836873984974115
15.5 0.47304621527100255
16.0 0.42205014264704266
16.5 0.9186595884255895
17.0 1.1534392156118445
17.5 1.092425552538773
18.0 0.9143244186567206
18.5 0.9981848251339192
19.0 1.596200330714629
19.5 1.7657772322357668
20.0 2.7459948386467534
20.5 1.7406690357977577
21.0 3.130650212278688
21.5 1.6361198830377026
22.0 1.5153727125407774
22.5 1.8632457364143602
23.0 1.1194643857040498
23.5 0.8233716079317732
24.0 1.9872357241921024
24.5 1.6098765921282863
25.0 1.5788866743626868
25.5 1.2574944494043616
26.0 0.9824691948469472
26.5 1.3675017259171909
27.0 1.4627125864793673
27.5 1.6645905411966062
28.0 1.5638659079232173
28.5 1.5440882306591501
29.0 1.4724696672906004
29.5 0.2
30.0 1.7077455114085942
30.5 1.3961644136628535
31.0 2.010116228416833
31.5 1.7067171584670726
32.0 1.313844370295647
32.5 1.689057979573824
33.0 1.1990079549294004
33.5 1.633916927135546
34.0 1.358665578049236
34.5 0.8639622678692527
35.0 1.6562369111479844
35.5 1.6644582019315817
36.0 1.3067684101459887
36.5 2.2865567911384455
37.0 0.9848690445200463
37.5 2.0036051832392463
38.0 1.909056059922836
38.5 0.9533027139041048
39.0 2.4088072215682494
39.5 2.7932788041331165
40.0 1.823789227159311
40.5 2.4675576850165974
41.0 2.755787584016379
41.5 1.3611640284585205
42.0 3.4940417020335266
42.5 1.6050481196580209
43.0 1.3738259874544978
43.5 1.6782168779981967
44.0 1.186581250794195
44.5 2.2157807795616664
45.0 1.0788138796242064
45.5 1.9796708755067653
46.0 1.4530544172627962
46.5 1.2230361408717625
47.0 0.9030436340653523
47.5 1.10042615834874
48.0 1.488369120148332
48.5 1.4978978881344984
49.0 1.1140929884742907
49.5 1.527446494945215
50.0 1.2068454603659124
50.5 1.8716394614513823
51.0 1.879554074620589
51.5 1.0424237175770679
52.0 0.21892223225484986
52.5 1.0870611583509222
53.0 0.8482348267220936
53.5 1.5035389361881504
54.0 1.6491014675078022
54.5 1.517927180914467
55.0 1.3410575907540323
55.5 1.0408729603894997
56.0 1.2416522567359554
56.5 0.40722409393675374
57.0 2.5861566305466797
57.5 2.4162829003600645
58.0 1.997020003430822
58.5 1.6154592801568328
59.0 2.5338490602778156
59.5 2.62331240055556
60.0 2.1536022362232687
60.5 2.143391120588296
61.0 0.3069388552277288
61.5 3.774554515136682
62.0 1.954419116949572
62.5 2.77582638484355
63.0 1.6089627468440368
63.5 0.7277945271698281
64.0 0.9900109398248663
64.5 1.8069796354655063
65.0 0.8362444921646587
65.5 2.9357889689867056
66.0 1.8273474614791565
66.5 3.076949636528259
67.0 2.776298691692322
67.5 1.4429458600610159
68.0 1.979108909040578
68.5 0.3810701746692837
69.0 1.0484888094207765
69.5 1.2047567268687858
70.0 0.9652999731158997
70.5 0.9351932707786291
71.0 0.9132879368491863
71.5 0.7052166078440851
72.0 0.980791051884001
72.5 0.8579096509726301
73.0 0.7664447252767872
73.5 1.2460401551246703
74.0 0.6499284577313484
74.5 1.2896070448001644
75.0 0.5648564335149756
75.5 0.7643422029207966
76.0 0.7133665417277238
76.5 0.6909884837377809
77.0 0.98048651624765
77.5 1.2570370621544567
78.0 0.5670188607443678
78.5 1.0487045122222471
79.0 1.2160411560965212
79.5 0.7426595595651222
80.0 0.46950770467308145
80.5 1.0865091332284589
81.0 0.6592773942224819
81.5 0.9808548749229441
82.0 0.7848045911161163
82.5 0.6173892182746608
83.0 0.5674886775857795
83.5 1.0370054611676485
84.0 0.8901492001790019
84.5 1.216746034073829
85.0 0.9158214368913615
85.5 1.0085682232585462
86.0 1.9415697422920646
86.5 1.4748780482504302
87.0 1.404590100879896
87.5 0.662234354772202
88.0 1.2256068929367054
88.5 2.114787667960962
89.0 1.5095856795617828
89.5 0.7034348804227252
90.0 1.5939697287525534
90.5 1.488801492906385
91.0 1.5878907826582815
91.5 1.3816067211089749
92.0 1.6252157315112112
92.5 2.3908784064905624
93.0 1.308886682958615
93.5 2.1176991690660723
94.0 1.1482623049983849
94.5 1.335339821827001
95.0 1.5458571789418312
95.5 0.7437445556446679
96.0 1.4528561445424137
96.5 1.5837002037559091
97.0 0.647043930250818
97.5 1.7090337229891401
98.0 1.312333605212276
98.5 1.4489876031981646
99.0 1.6284569536476732
99.5 2.308534885680134
100.0 0.9968856231589994
100.5 1.214126508899652
101.0 1.808062479820064
101.5 1.7127021729762113
102.0 1.2274324521374353
102.5 1.1345646012295183
103.0 1.0423781587842584
103.5 2.743060798218747
104.0 2.021614757632569
104.5 2.091723005130139
105.0 1.6066440856740445
105.5 1.2825116390714006
106.0 1.912690196034357
106.5 2.0329493939610344
107.0 1.7210764440368744
107.5 1.1054090839369897
108.0 1.6121788096273177
108.5 2.8320186792676636
109.0 1.7163549360105363
109.5 1.190660038059446
110.0 0.9323817841167615
110.5 1.584300640684912
111.0 1.4271137686521214
111.5 2.006901347378406
112.0 4.2266989182345185
112.5 3.0928260318105547
113.0 3.942693026425023
113.5 3.008746247355549
114.0 2.560183951869332
114.5 1.0633459987099547
115.0 3.1215073578995174
115.5 3.0844345284961507
116.0 1.120915308006758
116.5 3.9643265036672273
117.0 3.2385608790109455
117.5 1.4138485946718677
118.0 2.542074783970535
118.5 1.8314226471069317
119.0 2.3486417478734554
119.5 1.650572384309163
120.0 1.281023783816266
120.5 0.204914331892589
121.0 0.9619468378763374
121.5 0.8633966929472516
122.0 2.240239569490387
122.5 1.1171417885101291
123.0 3.0365339585290947
123.5 1.9575212586598645
124.0 0.5450241217407812
124.5 1.698438861843449
125.0 0.22078564080843388
125.5 0.3641450407921947
126.0 2.7095513773512048
126.5 0.780696595307578
127.0 2.0303459208012127
127.5 2.59351059993503
128.0 2.5634127785360787
128.5 4.786255753981022
129.0 1.2077750919741967
129.5 2.1435683763840334
130.0 2.849252882821002
130.5 1.1563099033020003
131.0 0.8327815216353872
131.5 0.7182841414777887
132.0 0.8380376478164795
132.5 0.87256041770118
133.0 1.1965980895672388
133.5 0.4817295426473443
134.0 1.1302364225721755
134.5 0.6789379477620905
135.0 1.2356512961061608
135.5 1.9666373893060676
136.0 1.7154364611080681
136.5 2.863621712062912
137.0 1.8286701107458616
137.5 1.685975916362353
138.0 1.7602312625084968
138.5 0.9645716427236228
139.0 3.774862372284516
139.5 1.5270332760946475
140.0 0.3622573091700365
140.5 1.9413002845614127
141.0 2.5747397201973037
141.5 1.2139764026584465
142.0 0.8773980768917518
142.5 1.1684036840380558
143.0 2.461440752649383
143.5 2.207836527720908
144.0 2.328120580631484
144.5 1.3878267069527612
145.0 3.1289747214888513
145.5 1.4689661361700255
146.0 2.717947214843358
146.5 2.2513090708258012
147.0 0.45477057911469493
147.5 0.9929905040803343
148.0 1.0952418955666365
148.5 0.8334611414472642
149.0 0.8667978454296864
149.5 1.1677005200615032
150.0 0.7420890681246867
150.5 1.1270008525487623
151.0 0.8773613765314322
151.5 0.47889419111229464
152.0 0.6624478267650774
152.5 0.9568496537949724
153.0 0.9305119096826592
153.5 1.1204722792044954
154.0 0.7311749301625202
154.5 1.1605857715971064
155.0 0.9288443821673452
155.5 1.0629193112540833
156.0 1.7788234585996707
156.5 0.8971507304339268
157.0 0.8237845927317622
157.5 2.075067976766441
158.0 1.2086496291936277
158.5 2.249224111575871
159.0 1.105046021256836
159.5 1.6633853248022634
160.0 1.619577764552198
160.5 1.1133241914694803
161.0 1.4972009040064913
161.5 1.5179980189765179
162.0 1.887341672351843
162.5 1.183111554606532
163.0 0.8209073335975795
163.5 2.537113932633494
164.0 2.3766345264080417
164.5 1.064646031980054
165.0 0.9602434659454087
165.5 1.1586208048045532
166.0 1.5800839102112718
166.5 0.44883292243262907
167.0 0.7838268763110622
167.5 1.7925840009404972
168.0 1.299861243985821
168.5 1.8678512822362054
169.0 1.5840744361315482
169.5 1.8828096741682054
170.0 1.7279650099337915
170.5 1.2550801795080437
171.0 0.5285603656859164
171.5 1.015994824000154
172.0 1.0555456617726202
172.5 1.2975232245079473
173.0 1.6119101348864597
173.5 1.607572404196994
174.0 1.6115949719398572
174.5 2.3384551135792915
175.0 2.3183114648082075
175.5 2.116947585921393
176.0 0.9818394689718444
176.5 1.5378614353929694
177.0 2.248309656569752
177.5 1.6553298674581993
178.0 1.5704107296666858
178.5 1.4748283046970387
179.0 1.200717672305043
179.5 1.376157808763116
180.0 2.029553943041134
180.5 1.6537259109475952
181.0 1.1143305682147613
181.5 0.5510630796634761
182.0 1.3542900006222152
182.5 1.2068531783539684
183.0 0.9572705349042173
183.5 1.0718047616937691
184.0 1.1824098601141064
184.5 0.8802648710831137
185.0 1.6704250491898989
185.5 1.251507790361777
186.0 1.221253869604839
186.5 1.3563064420194062
187.0 0.8105461230595639
187.5 0.8440719798045628
188.0 0.8899850477934638
188.5 1.2792567520373574
189.0 1.3997120329607426
189.5 1.0682101725121183
190.0 1.4676270874264667
190.5 0.767763557745197
191.0 0.619387829691492
191.5 1.2868087512839361
192.0 0.9472412146929516
192.5 0.9171459761347994
193.0 0.9184768814063742
193.5 1.0830237983510915
194.0 1.4212798169628822
194.5 1.0665633282125466
195.0 1.2468011330096598
195.5 1.6255496560069664
196.0 1.0338227015789088
196.5 1.014558491547724
197.0 0.9097981179113431
197.5 1.4698916627102254
198.0 4.147082669526254
198.5 1.720327746302324
199.0 1.63441582906141
199.5 0.9105651820472871
200.0 1.3082045918421614
200.5 1.619922544611509
201.0 0.8033561345570563
201.5 1.8591016725524951
202.0 1.3163480207360343
202.5 1.266768663326725
203.0 1.2736763278510899
203.5 1.3067349680309182
204.0 1.528989847020406
204.5 1.031379411102866
205.0 1.6406002748717012
205.5 0.834615750453984
206.0 0.7225965057297781
206.5 0.9061033738455926
207.0 0.8200839498431898
207.5 0.7364614795882835
208.0 2.2944387172660843
208.5 1.6448487222630517
209.0 0.989149576117848
209.5 2.212685711516083
210.0 1.3765353933954627
210.5 2.2998027457664616
211.0 1.468173631664366
211.5 1.026599112539489
212.0 0.2
212.5 1.8199130639360461
213.0 0.43748104019029643
213.5 2.547262429442863
214.0 1.8226658015627524
214.5 1.7998148546343034
215.0 1.1145325946410902
215.5 2.7284196031435988
216.0 1.3979062128989828
216.5 1.3332786198675872
217.0 2.1219772573626297
217.5 1.7552365351122325
218.0 1.5870545211087537
218.5 0.9865262956251488
219.0 0.6353618105215101
219.5 1.6048702189964543
220.0 1.740266363587661
220.5 1.423824717509078
221.0 2.131056137024224
221.5 2.2637078589893713
222.0 1.2313371851169845
222.5 1.0733613620401248
223.0 1.8298631746125094
223.5 0.8791623704563016
224.0 2.002168350574399
224.5 1.3722451969401634
225.0 1.72313814496118
225.5 1.3905045343146627
226.0 1.8240988300353793
226.5 1.4353250575749192
227.0 1.746827181558435
227.5 1.5107268491407524
228.0 1.288800351737358
228.5 1.8334805120586393
229.0 1.3606703589891302
229.5 1.2046645759844996
230.0 0.5559687286466937
230.5 2.271962122155915
231.0 1.5033756525287245
231.5 1.2054852440081778
232.0 0.7401104949097506
232.5 0.7634784021953052
233.0 2.4722652052570417
233.5 1.7599216258893167
234.0 1.3546526387554345
234.5 1.5000282054969583
235.0 2.843256954885866
235.5 1.3776509665298606
236.0 0.28313096987917097
236.5 1.0765755838363442
237.0 1.2248265731887569
237.5 1.035371746470414
238.0 1.2148351597576965
238.5 1.1804651936283
239.0 0.2
239.5 0.9991108193405421
240.0 0.749212048819819
240.5 0.9466337979460465
241.0 0.7952439975915406
241.5 0.7383137220372678
242.0 1.0115224049271418
242.5 1.0501247041293964
243.0 1.0712294684209906
243.5 1.015349562564035
244.0 0.9054185173980807
244.5 0.9165837074021157
245.0 0.8982455133697762
245.5 1.0480311795008475
246.0 0.9877731810534273
246.5 0.8711147233773031
247.0 0.6278612432604266
247.5 0.6094118175797445
248.0 0.8917546671576839
248.5 1.159062936830038
249.0 0.8275421114094366
249.5 3.9045150582727057
250.0 1.609514416585597
250.5 1.5220459319121515
251.0 2.4681745261965524
251.5 1.2785291808540749
252.0 1.0527716064585686
252.5 0.6203891452703001
253.0 1.4859478809357718
253.5 2.490797160020976
254.0 1.6347161676686053
254.5 0.8125701215998651
255.0 1.5787766162492602
255.5 2.40068884569098
256.0 1.9318130675012277
256.5 2.6668238707707363
257.0 1.9484244210131325
257.5 2.4613384116022763
258.0 1.0032430434228083
258.5 1.4457586101422666
259.0 1.908607576398107
259.5 1.428885902571593
260.0 0.6178190745817713
260.5 1.3494735095605672
261.0 0.5828969341650442
261.5 1.094982342831304
262.0 1.2578912588215196
262.5 0.9168109051498301
263.0 0.8736909264661804
263.5 0.730344173568803
264.0 1.4363269514514854
264.5 1.1704746777040298
265.0 1.156654153705996
265.5 1.4642856230898535
266.0 0.8023755101396608
266.5 1.5235933742070324
267.0 0.6017609447971586
267.5 0.6789178225493454
268.0 1.8196237974558163
268.5 1.2458406529098354
269.0 1.0334283702776432
269.5 1.130954976533594
270.0 1.027898555257807
270.5 2.00082386691452
271.0 3.1181759824582858
271.5 1.7301395656440013
272.0 2.3633124891869755
272.5 1.640896152618004
273.0 2.6079047940237157
273.5 1.8999741537800037
274.0 2.803788231597103
274.5 1.1871401228614251
275.0 1.9522376746925498
275.5 3.4266396015005123
276.0 1.8130459492266295
276.5 3.692596827211505
277.0 3.659125405198804
277.5 0.8726627059284193
278.0 1.4433731873092357
278.5 1.6464901109384242
279.0 1.9068533366615357
279.5 1.9944961486026642
280.0 2.592057128128599
280.5 1.9609118106541363
281.0 1.2129922732393192
281.5 2.2376844420222017
282.0 1.8336081868744272
282.5 0.648502157596829
283.0 2.1944950215045553
283.5 1.743242751647172
284.0 1.3501663028499622
284.5 1.743134867783789
285.0 1.065580471264925
285.5 0.9966048761992121
286.0 1.0000708413137114
286.5 0.8797604824136078
287.0 1.2061731199586403
287.5 1.4189584775319153
288.0 1.099436089837614
288.5 2.448471163844056
289.0 0.8687175753793753
289.5 1.6079276210726712
290.0 1.6759641523785662
290.5 1.5097376920360017
291.0 0.2477752726790119
291.5 2.7806734327173177
292.0 2.307389101424894
292.5 1.6496905832330344
293.0 1.5871636241747475
293.5 1.8413206120844359
294.0 2.0089648737500756
294.5 0.580880958869374
295.0 2.1694642990452064
295.5 2.5145410726870168
296.0 1.6668191717008072
296.5 2.054744264290888
297.0 1.9101244118957283
297.5 1.7272803433161847
298.0 1.2679817152640345
298.5 2.3208547246591946
299.0 1.2484704064623602
299.5 1.2996083807610983
300.0 1.3375994487573646
300.5 2.3013853793355175
301.0 2.475829230610021
301.5 2.0266386673861043
302.0 1.933035971030956
302.5 2.1530734228505306
303.0 0.8524206115614663
303.5 0.7069673904418159
304.0 1.3132619087986914
304.5 1.4815969643726983
305.0 1.2995896072124362
305.5 1.8322051402528952
306.0 1.3439101893525969
306.5 0.8493506479334164
307.0 1.265106553844812
307.5 1.6034737837785165
308.0 2.0510932733099194
308.5 1.305193156849876
309.0 2.503125194033072
309.5 2.0985652658202785
310.0 1.291459893124068
310.5 1.0115821709040276
311.0 1.6777151938051162
311.5 1.8341612854357832
312.0 2.497995122000635
312.5 0.8080734575482065
313.0 0.5995912133306067
313.5 1.7082393468805779
314.0 1.1398559471510104
314.5 1.5593157463947334
315.0 1.2332035068790597
315.5 1.2641947332606238
316.0 1.010974526566598
316.5 0.6362578922571807
317.0 1.1757972654729252
317.5 0.6854663544821487
318.0 1.6452518027031247
318.5 1.3545955621764811
319.0 0.2
319.5 2.4503691150143907
320.0 0.698892879060655
320.5 1.8836885845669888
321.0 1.6476251191502136
321.5 1.0748939994294724
322.0 2.739686692575117
322.5 1.3193168182948058
323.0 1.7342294860844303
323.5 1.8482778964364805
324.0 1.2466669844227805
324.5 0.9050524186823999
325.0 1.6345930811113925
325.5 1.9544168225395198
326.0 1.6836320885782396
326.5 1.5246933219381351
327.0 0.5214480607645426
327.5 1.548914556931357
328.0 2.2951809389534614
328.5 0.7764670108365797
329.0 2.3655042741977015
329.5 3.156634892640534
330.0 3.8191377441836423
330.5 3.602451724563051
331.0 4.809276141048276
331.5 0.2
332.0 3.457981835861342
332.5 1.629632077932903
333.0 3.2175054073615055
333.5 0.2
334.0 2.982317963422146
334.5 2.001352152725351
335.0 4.075143593694464
335.5 2.0919036366141146
336.0 2.0575418814292794
336.5 4.375300499707218
337.0 2.904375904481993
337.5 2.2660095258821977
338.0 1.2500736381696733
338.5 1.1693731859314054
339.0 1.1599590191132656
339.5 2.818246357709369
340.0 1.5103986343515325
340.5 1.7930382837003678
341.0 0.9041563341464857
341.5 1.9954966358789734
342.0 1.000493745977887
342.5 1.4908113901653344
343.0 1.7804573690748235
343.5 1.1665550410467826
344.0 1.3149541383934855
344.5 1.7700194892368435
345.0 1.0559005106335264
345.5 1.1047830845295272
346.0 1.5103831148549414
346.5 0.8557998135701459
347.0 1.1876079999103042
347.5 0.9413116866612158
348.0 1.9519347041856097
348.5 0.862969392021165
349.0 1.6829582182306375
349.5 0.8085368562801324
350.0 1.5368465045904671
350.5 0.9983142899650166
351.0 1.0363066341458003
351.5 0.9707052538437551
352.0 0.9705988929953844
352.5 2.546316352196798
353.0 3.381063360368746
353.5 1.8914761971431107
354.0 2.2055719593396663
354.5 1.7836510707431668
355.0 3.319399198481188
355.5 1.593142992698093
356.0 1.2258597306685035
356.5 1.7765694295139716
357.0 1.2776126470939615
357.5 2.074503154306289
358.0 1.9672068089771455
358.5 1.3637742252950338
359.0 1.9254631507780848
359.5 2.370778351514066
360.0 2.348229123066641
360.5 0.9119514939269167
361.0 3.139025715179909
361.5 4.447439248320633
362.0 1.3770894471920818
362.5 2.9988492709621504
363.0 2.3455395785063224
363.5 3.00159761459709
364.0 0.6494346525075518
364.5 2.255368314232934
365.0 0.5601229717325997
365.5 2.7051483607215054
366.0 1.3144155021679529
366.5 2.248373017273414
367.0 1.5558655492505782
367.5 3.4296079500271888
368.0 1.6131423343196767
368.5 2.2699035913344496
369.0 3.1877680845348206
369.5 2.290948321969205
370.0 1.92518106089915
370.5 2.970423477635098
371.0 3.6754048425950065
371.5 2.1985199411710434
372.0 3.0048626851657545
372.5 3.329661054143185
373.0 3.1563402072559246
373.5 2.619701485103725
374.0 2.0265577973735396
374.5 2.591032639749044
375.0 2.3613470987311542
375.5 1.3745301611146195
376.0 0.8030536006939556
376.5 0.758155374218118
377.0 1.9783891001720946
377.5 1.056312480259331
378.0 0.2802908586621764
378.5 2.878944549227908
379.0 2.878380016828846
379.5 1.2976322150807076
380.0 1.4432603869382226
380.5 0.30221731495527737
381.0 1.8119781336349643
381.5 1.8955438794321937
382.0 1.4272007837948906
382.5 2.182657711944385
383.0 1.5350439715410649
383.5 2.4264824872488022
384.0 0.28076648301522367
384.5 2.5120259737008683
385.0 2.274397372705072
385.5 3.2338947089048933
386.0 1.7511301823009964
386.5 2.9497608172610383
387.0 2.4280459252538806
387.5 0.9382767879326779
388.0 1.5805302118615392
388.5 1.031396705667096
389.0 2.0176987927453967
389.5 0.5361526741474816
390.0 1.8670929674873122
390.5 1.275321366776625
391.0 1.3856912720221537
391.5 0.3717276698293721
392.0 1.9894939616961624
392.5 1.3175046390483331
393.0 0.8851014450287105
393.5 1.8620353604432618
394.0 1.4822282477908049
394.5 1.5869901732021328
395.0 2.2494702244260996
395.5 1.001061359560771
396.0 0.8684136128496115
396.5 1.1927941499787837
397.0 2.046291900445432
397.5 1.6421141496524194
398.0 1.2485518640537197
398.5 0.5850129087517797
399.0 1.685679865522462
399.5 0.3427717643975192
400.0 2.5593860475930716
400.5 3.3798230373024043
401.0 3.3439357746320058
401.5 2.150371591479873
402.0 3.8687182323686446
402.5 1.8762663449059673
403.0 2.025229020557135
403.5 1.6822959552663446
404.0 0.6520561529787547
404.5 1.6972920508898532
405.0 2.423753202839667
405.5 1.0537386852546964
406.0 1.584274046019765
406.5 1.7282018110346766
407.0 1.1720746719953838
407.5 2.6266143662746595
408.0 1.789754390498572
408.5 1.3504113373532556
409.0 2.2508505224219153
409.5 1.9164145850788994
410.0 1.0097559511204495
410.5 0.702331502030603
411.0 1.8139719609512366
411.5 1.6280692890162967
412.0 1.6404441862153907
412.5 2.2690692291709698
413.0 1.6767563620813308
413.5 0.944109592301306
414.0 1.1410882230409989
414.5 0.9339626179684077
415.0 1.258537259273359
415.5 0.8535687501388398
416.0 0.6455751256978897
416.5 0.7190479386174229
417.0 0.9804792811551153
417.5 1.0722080563821432
418.0 0.8132224660676812
418.5 0.8884939102408074
419.0 0.9784879732317479
419.5 1.2732132094712423
420.0 1.00061019681214
420.5 0.6385261796863697
421.0 1.2196405742190377
421.5 1.341692662179639
422.0 0.9944282670208462
422.5 0.8037224680133266
423.0 0.7337303153657034
423.5 1.1892763548763519
424.0 1.0715345642795744
424.5 0.7380391110582349
425.0 0.8886908585449059
425.5 0.8412098451242338
426.0 0.7772558765502449
426.5 0.6884061342934054
427.0 0.8493334459443094
427.5 0.9555053716020309
428.0 0.9876746239190923
428.5 0.7691597994859609
429.0 2.2490420385165244
429.5 1.9093689208575149
430.0 1.2998177654907774
430.5 1.75886697097592
431.0 1.5267974155902095
431.5 0.5536256456722187
432.0 1.6364622398069304
432.5 2.0331711688064935
433.0 1.7815476785462887
433.5 1.6303091712415332
434.0 2.5554875349137323
434.5 1.3902381306876237
435.0 1.7209332947787472
435.5 1.0550219806617462
436.0 1.431133258765371
436.5 0.6892897054400807
437.0 1.5621877508934139
437.5 0.7475566882274202
438.0 0.6229184127896544
438.5 1.390016011858466
439.0 2.71201177126595
439.5 2.3128449868727574
440.0 3.673899414538883
440.5 2.504060494138524
441.0 1.7339442227281896
441.5 2.3729041224162306
442.0 2.982116750296605
442.5 0.2553861341817716
443.0 0.7848875415598922
443.5 2.231290519049143
444.0 1.0715795458769506
444.5 0.8345897954028729
445.0 0.72598250030911
445.5 1.0500587426628463
446.0 0.908212271096704
446.5 0.780253161525803
447.0 0.8235122798710142
447.5 1.8955265022565195
448.0 1.8170805145063644
448.5 1.3435685361792005
449.0 1.185904101984029
449.5 2.7182295030112598
450.0 1.6505839449155748
450.5 1.5350125755414261
451.0 1.593511057804335
451.5 1.5149801805333676
452.0 1.6200998160470437
452.5 3.4085475462147548
453.0 1.972155489914393
453.5 2.735131616918313
454.0 2.8086621227668225
454.5 2.0666011594605704
455.0 2.502845149779925
455.5 1.8433811668398723
456.0 1.3093248373742539
456.5 0.6282397802120046
457.0 1.5472780935344181
457.5 1.8817871524501872
458.0 3.7923529824617175
458.5 2.8659353354049966
459.0 1.40131365557883
459.5 3.374299097840203
460.0 0.2
460.5 2.0134541498243603
461.0 1.1078487081133683
461.5 3.073914457898783
462.0 2.7975670238866943
462.5 1.811601813769026
463.0 1.949051505979448
463.5 1.2815512899621728
464.0 3.344627785380129
464.5 2.306707187756243
465.0 0.995945461308245
465.5 1.9353133137668563
466.0 1.978022612326804
466.5 2.2604260461289654
467.0 0.45838533810030313
467.5 2.0717832744360187
468.0 2.5805050509104412
468.5 2.4017176010121974
469.0 0.49982400384540315
469.5 2.0773200742510696
470.0 1.2282858898064544
470.5 1.8492267028243599
471.0 0.43928281801326063
471.5 2.965150367875612
472.0 2.8718552041587726
472.5 0.9975378921980333
473.0 0.8869935573163705
473.5 1.2569362370072312
474.0 0.861638409385724
474.5 1.4154197169824378
475.0 0.8545193569679482
475.5 0.8005597104611208
476.0 1.8882382626811451
476.5 1.8965795594780503
477.0 1.9826220138409711
477.5 2.39121364193381
478.0 3.07624357171243
478.5 2.8163604065651606
479.0 2.7330133735583306
479.5 3.8562974134091723
480.0 0.7702377953025409
480.5 2.9198438379731537
481.0 2.1416360901232405
481.5 1.7718486540450304
482.0 3.3866925640427477
482.5 3.156812918131184
483.0 1.5870200802849854
483.5 1.9418778869290205
484.0 2.7418215101377754
484.5 2.6971925245146475
485.0 3.2642468798070388
485.5 3.3033809331970154
486.0 2.6774961182903994
486.5 2.494766403136155
487.0 2.365250789857096
487.5 2.0388432608940414
488.0 2.3059246159076547
488.5 2.330377533368195
489.0 3.1158552688893395
489.5 3.5210489159909075
490.0 2.583263783019092
490.5 2.0963613414009563
491.0 2.8375473991130256
491.5 0.38357446059475064
492.0 5.126996366195994
492.5 3.033513600343327
493.0 2.029861919838286
493.5 3.7173156008493984
494.0 2.3206916741018273
494.5 0.7858700098371183
495.0 1.4238347390171384
495.5 2.9281256374410756
496.0 1.8532594678848548
496.5 2.1727203533175166
497.0 1.9918705166746145
497.5 2.50839942609291
498.0 2.0779703120089765
498.5 2.120634985227994
499.0 2.4134502130347677
499.5 3.166150310942721
500.0 2.649056289623102
500.5 2.7719525095829463
501.0 0.5326895537282399
501.5 2.5664825355761747
502.0 2.5765499134571277
502.5 2.1170138792840048
503.0 2.859586907389655
503.5 3.5078832733840235
504.0 1.8975199442873867
504.5 0.3837370816475828
505.0 0.6539663035503571
505.5 0.5811583451784661
506.0 0.9078184580038046
506.5 1.193341031184042
507.0 2.430865597756794
507.5 0.6471126861637415
508.0 0.7043538223809065
508.5 0.7845872994706364
509.0 0.6825192230387194
509.5 0.5894399857723851
510.0 0.8361359767132686
510.5 0.6753941912111088
511.0 0.5180032427270984
511.5 0.8345217697026965
512.0 0.8807275703666684
512.5 0.3435653353193901
513.0 0.763906372679704
513.5 0.6441424586188171
514.0 0.7441535057640745
514.5 0.6498730990446713
515.0 0.6434044971782698
515.5 0.5816005911694042
516.0 0.6899105780403952
516.5 2.2842045351496525
517.0 2.3466440893498497
517.5 1.9463501922586262
518.0 0.7445659852889923
518.5 2.439318381812613
519.0 3.079088773852938
519.5 2.293224961054289
520.0 1.7948516411766413
520.5 2.2312006282721226
521.0 2.926157324137077
521.5 2.6548997947638826
522.0 2.725193633767401
522.5 1.9042483396032057
523.0 1.6405849744208973
523.5 2.4375341408047655
524.0 1.4823671926899709
524.5 2.0790932989853745
525.0 1.3516022800957708
525.5 0.781154849586665
526.0 1.6025786915072278
526.5 0.26980374536466933
527.0 1.4594998570941544
527.5 1.5102953571046807
528.0 1.310544901644485
528.5 1.9736761128742324
529.0 1.7978636765895835
529.5 1.6639791817485299
530.0 2.43851056717683
530.5 1.6502425984164788
531.0 2.4053575356472057
531.5 1.2295488183897112
532.0 0.9227276909405489
532.5 1.0834102625937996
533.0 2.4304239637181566
533.5 1.7074768433436187
534.0 1.3429528771164567
534.5 0.9050189855179337
535.0 1.6143570429256715
535.5 1.2085887031362936
536.0 0.7022255804324988
536.5 0.8173773811999483
537.0 0.6538755638574025
537.5 0.6243644387717262
538.0 0.6254822848163897
538.5 0.7519011807726679
539.0 0.6619292127616074
539.5 0.9937775572855717
540.0 1.039829042609175
540.5 0.8776395046528153
541.0 0.7373572513644471
541.5 0.9287000515853059
542.0 0.7544828293094866
542.5 1.488132569693053
543.0 2.487498786114217
543.5 1.2034399184245856
544.0 1.646861908737642
544.5 1.6549738261757376
545.0 2.424947203759076
545.5 2.962588940727179
546.0 1.0684325590862096
546.5 0.9759426767513655
547.0 1.0323311079872974
547.5 1.0408310265122225
548.0 0.8165980069872529
548.5 0.9264845723387353
549.0 0.8479140772487298
549.5 0.8915982069921291
550.0 0.9394289121392341
550.5 1.0571229585850554
551.0 0.8707706326084264
551.5 1.1181260375290702
552.0 0.9256232440438564
552.5 1.0192341822434758
553.0 0.91985114637906
553.5 0.6855153381545158
554.0 0.8790159260471664
554.5 1.0150185291703
555.0 0.8372777835609373
555.5 0.9929469487148943
556.0 0.8484374036902471
556.5 0.7511500534651092
557.0 0.8101785421226966
557.5 0.7513572797004044
558.0 0.9572559644012923
558.5 0.8700344362298522
559.0 0.9633373394125929
559.5 1.3999543844044398
560.0 1.4417320180725952
560.5 0.714925329524159
561.0 1.156962862451834
561.5 1.1517926537558865
562.0 1.1446349500390924
562.5 1.1340660594550873
563.0 0.874360955020679
563.5 1.4205698935650015
564.0 1.2070791124584308
564.5 1.111045333291919
565.0 1.4402640215749622
565.5 0.8960275352220584
566.0 1.3198429043326803
566.5 0.9835728371793291
567.0 0.912471746373712
567.5 1.2053378209484005
568.0 1.6612741526229868
568.5 1.5757549511125577
569.0 2.062209884174522
569.5 1.9818516821482222
570.0 0.9272085872651599
570.5 0.4104604991670524
571.0 0.5985301422453433
571.5 0.7858472450013447
572.0 0.6804303093755601
572.5 0.7640851655709473
573.0 2.0889545522599167
573.5 1.3549348820697802
574.0 2.6562702646335548
574.5 1.3119204527280641
575.0 0.9940142527052319
575.5 0.6826440612489746
576.0 1.2897638483376774
576.5 1.64870221906101
577.0 1.0479111891532906
577.5 0.9529481117552058
578.0 0.7296997634281397
578.5 1.6920759047313965
579.0 2.576059610719998
579.5 2.5960574687014333
580.0 1.6326947821012028
580.5 1.9115971168068504
581.0 4.920351718782042
581.5 1.152337966354218
582.0 2.6065072017771946
582.5 1.4096007171206075
583.0 2.5119441521867474
583.5 2.07370013933571
584.0 2.370825396454645
584.5 3.7703386420382716
585.0 2.5964067335363823
585.5 1.616611570714959
586.0 1.9917007122745596
586.5 1.5540236348466152
587.0 1.2676466994860383
587.5 1.4497625514491537
588.0 1.4494725709276324
588.5 2.4834074850839665
589.0 2.3026727083512735
589.5 2.7946293498365824
590.0 2.638017642606134
590.5 1.882570312543435
591.0 1.0542467744221438
591.5 2.575728402662981
592.0 3.5687220189780606
592.5 2.8827020397296166
593.0 1.6606813310312103
593.5 0.843018567964269
594.0 1.564578273580962
594.5 0.9115376484285126
595.0 1.4915423728024677
595.5 0.7205615494096146
596.0 2.604831675829561
596.5 1.6110524460875917
597.0 1.998006052314576
597.5 1.711758061945795
598.0 0.6578631317113385
598.5 1.7580091618867355
599.0 1.7092379796078343
599.5 1.6627378453829371
600.0 1.722354063368079
600.5 0.5090316735443394
601.0 1.0376771324466172
601.5 2.1362035159701684
602.0 1.8862080985724414
602.5 1.8328209644437548
603.0 1.5607655926245272
603.5 1.6796017689892582
604.0 1.0543411678211396
604.5 0.9330572245278175
605.0 0.95732816412704
605.5 0.9751905413935585
606.0 1.2357605735261197
606.5 0.9113992653105562
607.0 0.8614520086090117
607.5 0.8976804712585371
608.0 0.9398833162394374
608.5 0.9800182683617393
609.0 1.22010770330099
609.5 0.9653639216354075
610.0 0.6121401524483698
610.5 0.7887335646478788
611.0 1.2843263769924613
611.5 0.8898776024767286
612.0 1.1757886220126084
612.5 0.9064667001716809
613.0 1.9116184302956722
613.5 2.5801010191944362
614.0 1.3251938736153375
614.5 2.964459354370941
615.0 1.772109091711794
615.5 1.5802938521087269
616.0 1.470773674448314
616.5 2.1833452412962555
617.0 2.4997746761490998
617.5 1.7445408724473515
618.0 1.4697546934912307
618.5 2.1971790415497856
619.0 2.232166135168793
619.5 1.2189082155127298
620.0 1.390761130126907
620.5 2.2043956235545585
621.0 2.968961824366119
621.5 1.8468247252195322
622.0 0.2
622.5 1.7277123202060278
623.0 1.3178277177875026
623.5 1.2548399471079816
624.0 1.267711904985363
624.5 1.4261955605662608
625.0 2.1777092528015745
625.5 1.32717875999674
626.0 1.8091641513261427
626.5 0.9880957657283104
627.0 1.6738683226561704
627.5 1.7241837870036145
628.0 2.318803950146694
628.5 2.1142452702469545
629.0 0.4288921389109275
629.5 1.357804666572093
630.0 1.3887718300882879
630.5 1.5475842786866942
631.0 0.37669457187429334
631.5 2.4991830609896524
632.0 1.802168505836902
632.5 0.5252738370064122
633.0 0.8775810750231757
633.5 0.8144553005683992
634.0 1.2905050166342693
634.5 0.9242582113765596
635.0 3.3470294018997686
635.5 1.3169892961332708
636.0 2.100705296348238
636.5 0.667605606443985
637.0 1.4812816530226662
637.5 2.9822356517063158
638.0 2.19089064443064
638.5 1.190422284533027
639.0 1.7474608482807248
639.5 1.6347540220170185
640.0 2.136842285460699
640.5 1.8339490385155477
641.0 2.8793774427617826
641.5 2.145378634567047
642.0 1.5950933572535826
642.5 0.8784508673011142
643.0 2.6266036215315007
643.5 1.5130642950691908
644.0 1.3324987635307748
644.5 2.5826815980479276
645.0 1.3733812273414108
645.5 3.0106097027239533
646.0 3.3336637540153253
646.5 2.6090466574771765
647.0 4.61193628934463
647.5 1.166304865808677
648.0 1.6793599053705028
648.5 1.8247003731596794
649.0 0.9642827095453032
649.5 1.2727171797208996
650.0 1.0188734033126723
650.5 1.5303745290592259
651.0 3.0009549383438383
651.5 0.9285310248476487
652.0 1.1385519942748554
652.5 1.136856597267015
653.0 0.8991974940490502
653.5 1.5401175505429603
654.0 1.6054373251304646
654.5 1.9337342412723515
655.0 2.724716334979404
655.5 0.6848137289952527
656.0 2.6225035840052326
656.5 2.4877450872138342
657.0 3.8581280792773285
657.5 1.5575901596611887
658.0 1.5454996894039943
658.5 2.753400281824885
659.0 1.6946233154947237
659.5 1.0292962855885412
660.0 1.5785880078077823
660.5 1.3428333909992123
661.0 1.454269206273854
661.5 0.8189610710523126
662.0 2.067864854118652
662.5 1.6628111202625364
663.0 0.554818104234168
663.5 0.549242851623583
664.0 1.1511040833739883
664.5 0.765899715266394
665.0 0.9556110473106463
665.5 0.7609822935282741
666.0 0.7516774751954459
666.5 1.031541007451138
667.0 0.8053468419431686
667.5 0.8764299665426074
668.0 1.1799539695054562
668.5 1.3654475943350315
669.0 1.178451743225295
669.5 0.8993312969223289
670.0 0.9889632403112204
670.5 0.9269402309627983
671.0 2.104960899883923
671.5 2.2528949715021023
672.0 2.9019540732913067
672.5 0.8986458765313838
673.0 1.889265743105553
673.5 3.2839567693588956
674.0 1.1381922732197631
674.5 2.0967803052582807
675.0 1.336107059885526
675.5 3.6077204041659785
676.0 2.4173593332707792
676.5 1.4285069258587648
677.0 2.858143074878453
677.5 1.4094614399061567
678.0 2.7327294962396995
678.5 2.9206231542197854
679.0 1.797411230805463
679.5 3.026980794008608
680.0 3.6539033430560304
680.5 2.925403539002367
681.0 3.030473220132105
681.5 1.4089918712085243
682.0 1.7939432891390887
682.5 2.22026116020612
683.0 0.8924219947474166
683.5 2.475340447889794
684.0 1.2881423478347962
684.5 2.0001320359287966
685.0 1.2945282789016488
685.5 2.2006032198150898
686.0 2.008672098444692
686.5 0.4500029351502275
687.0 0.7120259228337058
687.5 0.900440586223153
688.0 0.9885700553842048
688.5 1.1073181339182807
689.0 0.9900819850083664
689.5 0.8070018056426325
690.0 0.8874793525502475
690.5 0.8109299581929339
691.0 1.1670279254899794
691.5 0.6558794334223412
692.0 0.5736389070835295
692.5 0.8600019327298307
693.0 0.8926270670779959
693.5 2.049765040380004
694.0 2.768730494994962
694.5 0.9225228724615937
695.0 2.0240506215535827
695.5 1.788388784180828
696.0 1.4565339248038307
696.5 1.67296632252184
697.0 2.034700630340333
697.5 1.2936763773078357
698.0 1.6748746693538417
698.5 2.2332939497137994
699.0 2.3026774231527094
699.5 1.731768291677676
700.0 0.2
700.5 1.9606129615874257
701.0 0.6903008708229412
701.5 1.8414839528682907
702.0 0.6694744350136936
702.5 1.5249933428165137
703.0 1.5285394401373642
703.5 2.3282128294163664
704.0 0.7616082007783376
704.5 1.2656780408912767
705.0 1.6205421489531913
705.5 1.490532750361475
706.0 2.724010195348015
706.5 1.3319808101317334
707.0 1.0375926311491868
707.5 0.6113141623955423
708.0 1.6570289176035575
708.5 1.3856362338458457
709.0 2.400896968267645
709.5 1.5575603254738228
710.0 1.384389478341333
710.5 2.499021253487716
711.0 2.0092521108629673
711.5 1.8119981423873226
712.0 0.5844417822871184
712.5 3.0579918313875116
713.0 0.7382429891025942
713.5 0.635653027831115
714.0 1.9796335694410918
714.5 1.5132742939220947
715.0 1.9721752367074958
715.5 0.9632492414633027
716.0 3.1083301871267244
716.5 0.7863131691231768
717.0 0.9063933941974395
717.5 0.6836835992161749
718.0 0.9730587356004721
718.5 0.8601187620064787
719.0 1.5724259110311363
719.5 1.9829954837792205
720.0 1.3879580593712597
720.5 0.8936190334146186
721.0 1.8788708631438549
721.5 0.953904000247338
722.0 1.3003977673679985
722.5 0.3126465835417238
723.0 1.99278913301989
723.5 1.8544707126362292
724.0 1.5399104560413888
724.5 2.021229295344021
725.0 1.1887190297175074
725.5 1.2579932445806166
726.0 1.405770485324651
726.5 0.9765104824969149
727.0 0.98957697207262
727.5 1.2170349555711866
728.0 0.8112844429513361
728.5 0.966835133160404
729.0 1.1894092568095287
729.5 0.8432744396011553
730.0 0.8798958006553396
730.5 1.0791265924828553
731.0 1.1350479585704973
731.5 1.4090913946860637
732.0 1.379892576622769
732.5 1.0428745919912208
733.0 1.1296929037551298
733.5 0.9755971626148845
734.0 0.7411464336388558
734.5 1.3855465156442504
735.0 1.0330788663541002
735.5 1.1349285904192694
736.0 0.8314281405336379
736.5 1.073490123384658
737.0 1.388157645381069
737.5 0.6482987419532158
738.0 1.2031542782632636
738.5 0.6542073621751828
739.0 2.4716433502898356
739.5 1.120787129145723
740.0 1.8518192776766418
740.5 2.8242307246374097
741.0 2.8931252119029947
741.5 1.7414428154542763
742.0 1.234867615181832
742.5 1.770312171777603
743.0 2.132538518216905
743.5 2.302003588661568
744.0 1.370072266841333
744.5 1.8613523785923727
745.0 2.374470572005507
745.5 3.1227114022612867
746.0 2.3523013382608298
746.5 1.1638518886955702
747.0 3.02278579726245
747.5 2.1600739861044715
748.0 0.5681317120765164
748.5 1.1971295146800456
749.0 2.0669946948244147
749.5 0.4019085788733854
750.0 1.092363189160383
750.5 1.3441448228778508
751.0 1.2291050124731142
751.5 1.5815569564265013
752.0 1.173397118058263
752.5 0.6503257063766213
753.0 0.90112517700508
753.5 1.2977162802699462
754.0 1.6748596219357947
754.5 1.31438518968142
755.0 0.6929416943106306
755.5 1.0947496419421059
756.0 1.2671409511020932
756.5 1.2259025454848946
757.0 1.318579926975322
757.5 0.7409256881161609
758.0 1.7406708712343453
758.5 0.9013601826132631
759.0 1.7750752760492057
759.5 0.9011434395493931
760.0 1.690117463039948
760.5 0.5132718534433945
761.0 1.2358242282491236
761.5 1.2019905321946402
762.0 1.005644670604085
762.5 1.2738999863340639
763.0 1.0236947230397
763.5 1.2828162685593165
764.0 1.1073405922801172
764.5 1.11895745042094
765.0 1.1321777514946525
765.5 1.1173506396628141
766.0 1.624957761033742
766.5 1.1194652595211891
767.0 3.058851522176233
767.5 2.5402318526212593
768.0 2.422424368915897
768.5 1.7595827787034133
769.0 1.3773218946572516
769.5 1.7485904022590435
770.0 2.009883241076857
770.5 2.0481474594277134
771.0 2.4351028025406
771.5 2.239130869066153
772.0 2.67197181792075
772.5 3.0492962352004818
773.0 3.305703683439967
773.5 3.6343804227214207
774.0 1.2799997047545066
774.5 3.614225391013038
775.0 0.6849838774900743
775.5 0.8744256508157418
776.0 0.5536299137211994
776.5 0.8676378884779246
777.0 1.0998540423564966
777.5 1.0537083944494396
778.0 0.8827744366319783
778.5 1.0039429379505767
779.0 0.8384743911208468
779.5 0.7639893084289192
780.0 0.777828494049304
780.5 0.9780309963260271
781.0 0.7996524268838323
781.5 0.7706146333839001
782.0 0.6386142463611397
782.5 0.9213433522409488
783.0 0.8551722876585437
783.5 0.9867790725535519
784.0 0.7310416012336132
784.5 0.6205980329547062
785.0 0.602364351758768
785.5 1.0423871371903835
786.0 1.1586754642621457
786.5 2.8172695731806177
787.0 1.9041422394416314
787.5 1.1735366072697435
788.0 1.5285881570899786
788.5 1.6051754763845465
789.0 1.642935766645661
789.5 1.1079651982370966
790.0 1.8882136442658748
790.5 1.512679948458806
791.0 1.4809689197782014
791.5 3.466013834301831
792.0 3.289602249438584
792.5 2.0294204946740306
793.0 2.244426019951926
793.5 1.9125424919251612
794.0 1.104890878849854
794.5 2.5300135642158756
795.0 2.1116643475308274
795.5 1.366131976198735
796.0 1.3251040363474949
796.5 2.1130649149421172
797.0 2.9860086172670552
797.5 1.8594918511392509
798.0 1.9873654716699511
798.5 2.4740196729710897
799.0 2.625579606186742
799.5 2.0207685675533016
800.0 0.7751702030320049
800.5 3.088540321825282
801.0 1.5055371202270205
801.5 1.6756511416112385
802.0 0.6829402684491026
802.5 3.7968533960864024
803.0 2.6366447763183216
803.5 2.649006189511577
804.0 2.3260326224771015
804.5 3.087494535830359
805.0 2.45342999974908
805.5 1.8085019227480001
806.0 2.355636893723988
806.5 2.806997941184675
807.0 1.9229280191466407
807.5 3.043694249482753
808.0 1.7722613947866925
808.5 3.6458382632609663
809.0 0.34134336806322385
809.5 3.592309090081132
810.0 0.8599723229206255
810.5 3.007921037565054
811.0 2.229025152912031
811.5 1.1814290425985885
812.0 1.71230245017524
812.5 2.6864570918238346
813.0 1.8635777653626096
813.5 3.5189381274050193
814.0 0.7433488100642169
814.5 1.9425383530584792
815.0 2.004671899894745
815.5 1.0962171737609996
816.0 0.9767525710104935
816.5 2.104088021545931
817.0 2.0141008086941072
817.5 2.075961152531563
818.0 2.152068040697222
818.5 1.851067105284402
819.0 1.0242551058625198
819.5 1.5708586641514464
820.0 0.6505003396233393
820.5 0.6124953730862153
821.0 0.26092880879961666
821.5 1.3454506567210127
822.0 1.7681422454915423
822.5 1.8575582314490782
823.0 1.9379231374511603
823.5 1.630366433970258
824.0 2.1221480494932763
824.5 1.9070254722335769
825.0 1.0407246780481976
825.5 0.6664929389295748
826.0 0.8111028993953213
826.5 0.7325890843131821
827.0 1.0571556631666228
827.5 0.8118398250240959
828.0 0.847583381688771
828.5 1.133474715309613
829.0 1.1036726780431585
829.5 1.3745209697424832
830.0 0.8126542644999007
830.5 1.581682296062026
831.0 1.353746565351037
831.5 2.773533090745116
832.0 2.43760339516756
832.5 0.7058315289167547
833.0 1.7302951042198242
833.5 2.0331517609755703
834.0 1.557589358081649
834.5 1.7507515905409363
835.0 1.758354723349258
835.5 1.3517149769620451
836.0 1.1168272195546507
836.5 1.5030797253108208
837.0 1.614279062834223
837.5 2.3854906131118323
838.0 1.379581522822944
838.5 0.7061513938211077
839.0 1.4977919487507498
839.5 1.061222031091528
840.0 1.0096826012680442
840.5 3.223896149501034
841.0 1.8392467245865414
841.5 1.3564316979557698
842.0 1.96584019784818
842.5 2.438222829585805
843.0 2.671524340769314
843.5 3.3077766607923955
844.0 0.2
844.5 2.271432455587395
845.0 3.206045530432883
845.5 1.8518665201342803
846.0 0.9500348708103461
846.5 2.56205023105355
847.0 1.3757011688822636
847.5 2.0419690602882787
848.0 2.986573460128608
848.5 0.8428322617680895
849.0 3.1865125797207057
849.5 2.3350789780073153
850.0 3.7647381951140515
850.5 1.3358513922991468
851.0 3.1378121810924844
851.5 2.2157057489848997
852.0 2.751354838707581
852.5 1.9361713016117035
853.0 2.7684434358258967
853.5 1.714234158742177
854.0 1.2436018937534763
854.5 1.440235102568794
855.0 3.3731677985585855
855.5 2.161259944962251
856.0 0.8106975683672857
856.5 3.7154424765848812
857.0 2.754070472060457
857.5 1.9204502742371714
858.0 0.7526018025458163
858.5 0.7234396239763433
859.0 1.0164165816259985
859.5 0.9955374323675504
860.0 1.2394856122818423
860.5 1.2065954834851538
861.0 0.974054759350177
861.5 0.6429761440057461
862.0 0.8448879982716999
862.5 0.4962886338711902
863.0 1.0591323418855114
863.5 0.972204488947585
864.0 0.7751702261448024
864.5 0.8555899657143484
865.0 0.6713339298154366
865.5 0.739828597839087
866.0 0.8651048467721821
866.5 0.8532630269376587
867.0 1.2948824020643568
867.5 0.7464161710003747
868.0 0.8788121468279342
868.5 1.3479631048899814
869.0 2.770341326921793
869.5 3.396134424740497
870.0 1.3776583840133
870.5 1.093873747097799
871.0 0.5273780126037915
871.5 1.7201527514629813
872.0 2.0784999351339506
872.5 2.030152146700692
873.0 2.1916252752724104
873.5 1.5381478080310893
874.0 2.1617860104376665
874.5 1.6279611211110951
875.0 1.3977660038550208
875.5 1.9685300653512814
876.0 1.0852741773464216
876.5 1.5518101369995776
877.0 1.6588587906838297
877.5 1.7714027109471104
878.0 1.8330811271079368
878.5 1.5777574825618856
879.0 2.4408219750329945
879.5 1.1510350456437268
880.0 2.1634358514732996
880.5 0.6284523475299517
881.0 0.83643545414367
881.5 0.6539364400793952
882.0 1.051070234459759
882.5 1.3118138021942898
883.0 2.455628169393397
883.5 2.4515809742405974
884.0 1.4793568354545565
884.5 1.8638910128104356
885.0 0.9550333769573157
885.5 1.7574316332437054
886.0 1.6371965936780941
886.5 1.4523748085047627
887.0 1.625772440607924
887.5 1.8776319116579618
888.0 2.042343537131372
888.5 0.7803369608555499
889.0 2.6424067057499685
889.5 2.0701790623243763
890.0 1.1636896735263307
890.5 2.011742749468016
891.0 2.548666995861901
891.5 0.2
892.0 1.7245065613355763
892.5 2.8169292934842627
893.0 0.9583705153063315
893.5 1.664022746001688
894.0 1.970275673523598
894.5 1.9263177357555146
895.0 2.173358673361404
895.5 1.6693321026580985
896.0 2.5390124605604614
896.5 3.0474288397678606
897.0 1.071545986368989
897.5 1.3308867365642874
898.0 1.8914203414049742
898.5 2.0329031157341544
899.0 1.0936496323573297
899.5 3.7247452916483317
900.0 3.314785255171173
900.5 2.17121450388897
901.0 2.86538137161879
901.5 3.5064545761885424
902.0 2.1744891272434135
902.5 1.426520321681204
903.0 2.9306147518902605
903.5 0.225800173487277
904.0 1.98398310681377
904.5 2.655461958306699
905.0 1.5408182372563388
905.5 2.364540205816773
906.0 2.2422718350033892
906.5 2.698476902348704
907.0 1.266099117824378
907.5 1.4841197940700401
908.0 0.9615189813066596
908.5 2.171335664645527
909.0 0.2
909.5 1.1107212443035654
910.0 1.101686701335981
910.5 0.9376848360050791
911.0 1.5121709048481224
911.5 1.084707157308639
912.0 0.9280374284665415
912.5 1.0447689526252593
913.0 1.0336191082200554
913.5 0.9480863226283976
914.0 1.1753047561196657
914.5 1.3103994620326553
915.0 1.2043293614512391
915.5 0.7696412608135288
916.0 1.073333195484303
916.5 0.7058270783892373
917.0 1.2029882070911724
917.5 1.3590993231218067
918.0 1.1433920118045653
918.5 1.0227889605908849
919.0 1.2126917918449887
919.5 0.8933060839485155
920.0 3.4094769204475672
920.5 2.97323279476258
921.0 0.8673417123392484
921.5 1.7892479460159367
922.0 1.1876959080675817
922.5 0.3730558036989875
923.0 2.756798975153676
923.5 1.2667582970938325
924.0 0.6382038558570966
924.5 0.8633668410492861
925.0 1.1781861269929577
925.5 1.1351071694650852
926.0 0.8237553754288959
926.5 1.0200949982076861
927.0 0.3915056802929663
927.5 0.560117221962313
928.0 0.8403218551418598
928.5 1.1404170800785294
929.0 0.7488352301170321
929.5 0.6405351765908905
930.0 1.0674764214340482
930.5 0.765243206376006
931.0 0.9928626472063353
931.5 1.2298263609661317
932.0 0.9273712186534195
932.5 0.8680392423434429
933.0 0.8104338318105295
933.5 0.795348462954745
934.0 1.0329364879608764
934.5 0.6221596979029859
935.0 1.6828222125571803
935.5 1.114592103647189
936.0 0.701449675046597
936.5 1.0754797200605686
937.0 0.8276908781527966
937.5 0.39462861667194127
938.0 1.1545649523537864
938.5 1.7301934366884653
939.0 0.8193198989145138
939.5 1.3959111956160646
940.0 2.4805625687831734
940.5 2.8050409770523883
941.0 2.736589395654576
941.5 1.722596061819861
942.0 3.7477141671906287
942.5 1.916341714192791
943.0 1.3008671100910327
943.5 1.8033957034359016
944.0 2.945391579296601
944.5 2.7537784464485067
945.0 2.511767543869926
945.5 0.6148888083340001
946.0 3.8030228986088295
946.5 2.72998067513122
947.0 1.9795851843397587
947.5 0.9002260302314176
948.0 2.542435967872292
948.5 0.8732508486076138
949.0 1.743708979596817
949.5 2.588622633354542
950.0 2.599683563382494
950.5 0.2
951.0 2.9868485419456006
951.5 2.9854425407220884
952.0 1.4856065753951928
952.5 0.9478332932690694
953.0 0.7386448511639374
953.5 0.8940226337311553
954.0 1.0313461276502434
954.5 1.8540096392744907
955.0 2.707653615244402
955.5 1.4118769442973824
956.0 1.4574259619303096
956.5 1.9080114458615998
957.0 2.136875906008811
957.5 2.5559801420037065
958.0 2.8835768819673784
958.5 1.9006068739890667
959.0 2.819501236838481
959.5 2.682735269402083
960.0 2.0341959866637547
960.5 1.0494673951537075
961.0 1.6604280797475655
961.5 1.9289915909489204
962.0 0.8710088221451663
962.5 1.4139525913233968
963.0 0.9903924796540201
963.5 1.7454402431277463
964.0 1.1808864449313552
964.5 2.1615282280178683
965.0 1.7231779877726308
965.5 1.3771293510201827
966.0 2.0917357855705596
966.5 0.47693167449114227
967.0 0.6643743488907596
967.5 1.340456081034822
968.0 0.9039317359753698
968.5 1.3815207236084852
969.0 1.408076615632026
969.5 1.2569062570635734
970.0 1.681094854210778
970.5 2.1675350053407607
971.0 1.1580568968131195
971.5 2.1866648403760416
972.0 1.0800688769577127
972.5 1.9959970487279977
973.0 0.8793424159974155
973.5 1.7120905780032836
974.0 1.835574800217758
974.5 1.6473538752616956
975.0 1.80800197294707
975.5 1.4664316197802276
976.0 1.3790658772194613
976.5 1.0845817937699178
977.0 2.9640707080764788
977.5 1.7369393868162275
978.0 1.672346220064781
978.5 0.3189112562761822
979.0 1.554687374826213
979.5 0.7383576795948574
980.0 1.4361923556586353
980.5 2.022255838871462
981.0 1.197170611810439
981.5 1.5239206052033976
982.0 3.181223167113235
982.5 1.5647647615220794
983.0 1.1974090391761611
983.5 0.8626542676393857
984.0 0.7077320998153268
984.5 0.888467268856507
985.0 1.1078662353528528
985.5 0.6839495529753112
986.0 0.29278196778763454
986.5 0.7271507112397679
987.0 0.9873725787267348
987.5 1.168003863902308
988.0 1.306747023956706
988.5 1.6161354569432143
989.0 2.7277279879179215
989.5 2.490611218080324
990.0 2.512541793303125
990.5 3.926646312659293
991.0 2.3688287242115678
991.5 2.5528437797895482
992.0 1.9151074595567197
992.5 0.8614933639901585
993.0 1.5400219457506117
993.5 3.3737850269268925
994.0 2.3977442260918878
994.5 1.54277766485759
995.0 3.591134767193
995.5 2.648129182799165
996.0 2.8397541969699946
996.5 2.106517745340178
997.0 3.05791684316108
997.5 2.109572683342757
998.0 1.1596458831355758
998.5 2.152727050630951
999.0 2.3736236781745683
999.5 3.6163841974942326
1000.0 2.416000852321023
1000.5 3.7165579212739224
1001.0 0.2
1001.5 3.1267823879170917
1002.0 2.1595927248444244
1002.5 1.6758784228228634
1003.0 1.3561067558370135
1003.5 2.2430235785487045
1004.0 2.3420118728740453
1004.5 2.159800517835823
1005.0 3.279777646669549
1005.5 1.2271410925528874
1006.0 2.9613571519234307
1006.5 2.3961024626343574
1007.0 3.048487836919382
1007.5 2.880219690955019
1008.0 2.5710142643242806
1008.5 2.4250256323915025
1009.0 2.712243593863665
1009.5 3.5843515294184174
1010.0 2.9178184482178704
1010.5 1.6821097934428175
1011.0 1.430499661434685
1011.5 1.407544308260333
1012.0 2.138753213555157
1012.5 2.8538846661387773
1013.0 1.92318694741417
1013.5 1.796237428473793
1014.0 0.9492116509525143
1014.5 1.3781331336349458
1015.0 0.91082925398946
1015.5 0.9140434191190566
1016.0 0.5604425666127195
1016.5 0.8543931068037036
1017.0 0.7559936988230814
1017.5 0.7291379523503493
1018.0 0.961265499854321
1018.5 0.6536007974843399
1019.0 1.0387561572923185
1019.5 2.5700595822752255
1020.0 3.989516845101164
1020.5 2.2594994483219493
1021.0 3.0285689690265905
1021.5 3.0800119244947646
1022.0 1.3039533929959448
1022.5 2.9916795753443717
1023.0 2.320082555507523
1023.5 2.257176162611373
1024.0 0.8291864930712796
1024.5 1.5103732800203886
1025.0 1.1545159376777119
1025.5 0.5123758176559183
1026.0 1.2412875297213795
1026.5 1.477412620789108
1027.0 1.4011460367101811
1027.5 0.7340590869096978
1028.0 1.3741209740911444
1028.5 0.9692032242088173
1029.0 1.2752468339830223
1029.5 1.5294265091905563
1030.0 1.3843809766250037
1030.5 1.0010527309219244
1031.0 0.6967789000291476
1031.5 1.5580278144083217
1032.0 1.8139107477982446
1032.5 1.6689656698463702
1033.0 1.4851695968548406
1033.5 2.1085604335836052
1034.0 1.3693762115782255
1034.5 1.1235722441575284
1035.0 0.930831426409451
1035.5 1.0117948435294384
1036.0 1.0677927223212254
1036.5 1.4443210782385223
1037.0 1.1862960835741072
1037.5 1.339967488183961
1038.0 1.6738543706592997
1038.5 1.0325084927670554
1039.0 1.0019646842956835
1039.5 0.9653616385414772
1040.0 1.7692079591937047
1040.5 1.2347933450782314
1041.0 1.6019259813352813
1041.5 1.7237109781457023
1042.0 2.720163986457929
1042.5 1.160700914067601
1043.0 2.118664888584541
1043.5 1.7080342320443114
1044.0 1.9312326120768235
1044.5 1.610050784544033
1045.0 1.3923510727015684
1045.5 1.7732965982311124
1046.0 1.1448575965047274
1046.5 1.2249741599264083
1047.0 0.7556233625014269
1047.5 1.7094520670645434
1048.0 1.8586605136882637
1048.5 0.7693442765596715
1049.0 1.5381334638019442
1049.5 0.7887630986102039
1050.0 1.2810705922256593
1050.5 0.8314653319053171
1051.0 1.0913316204108792
1051.5 1.8614007499149043
1052.0 1.4322704954979206
1052.5 0.9912954108494711
1053.0 0.9844219846569218
1053.5 1.183737078327969
1054.0 0.9767376916409045
1054.5 1.0827647107106397
1055.0 1.7987340099167919
1055.5 0.8509977618145117
1056.0 2.016155382410406
1056.5 1.8164238572962272
1057.0 1.1677191304729893
1057.5 2.333794518312789
1058.0 1.5727306061862119
1058.5 1.4042267263767703
1059.0 2.0835718852918292
1059.5 0.23423764112610046
1060.0 1.6263587774732426
1060.5 1.0608712416826498
1061.0 0.8089503391472472
1061.5 1.6791368531325777
1062.0 0.7575362632881203
1062.5 2.028278676204309
1063.0 1.0612639423263606
1063.5 1.4188086905353825
1064.0 1.677289865324045
1064.5 0.6642809589815448
1065.0 1.235105662040821
1065.5 0.875266726588948
1066.0 1.1088549143171587
1066.5 1.566721208654747
1067.0 0.7946248987416726
1067.5 1.8062813080126363
1068.0 1.3943648270668705
1068.5 3.6384739926079748
1069.0 1.5625754456544874
1069.5 1.6022306156294577
1070.0 3.0879786969441616
1070.5 3.0065758806140384
1071.0 2.0434109502106907
1071.5 2.31306960302753
1072.0 1.5001455949205378
1072.5 0.3315428788011656
1073.0 0.6399467001048431
1073.5 0.7156840360750725
1074.0 1.0480573385315148
1074.5 0.896691032823502
1075.0 1.1169240580153046
1075.5 1.4452648617544777
1076.0 0.979087864838243
1076.5 0.7202929085765521
1077.0 2.103922440340382
1077.5 2.6792259445015487
1078.0 1.483772905011937
1078.5 3.1602315321240133
1079.0 2.4612772451859963
1079.5 1.837934395165714
1080.0 4.287673123961278
1080.5 0.349300935290354
1081.0 3.5511700410093106
1081.5 2.2446821529262664
1082.0 2.1403628611580983
1082.5 0.9139690757314282
1083.0 0.858167642975902
1083.5 1.0860457682961173
1084.0 1.0839670429001154
1084.5 0.8968351866562607
1085.0 1.1280884899731416
1085.5 0.8971897732649475
1086.0 3.4030789127547303
1086.5 2.023249427104068
1087.0 1.6032094495761449
1087.5 1.0606175283952566
1088.0 2.738079611886189
1088.5 2.222747974134012
1089.0 1.4181370090167469
1089.5 0.30132363716698896
1090.0 2.2613010214053406
1090.5 4.400381987937582
1091.0 3.6531727899716175
1091.5 1.7564318171027307
1092.0 2.5905802932861244
1092.5 1.9227796462953837
1093.0 3.214633986361893
1093.5 2.3755470751732966
1094.0 2.1511029287434833
1094.5 3.421773017714353
1095.0 1.2968017128944123
1095.5 2.9747809711358935
1096.0 2.4401498303657427
1096.5 2.1637572148855453
1097.0 2.4765391697633032
1097.5 2.1056426048590966
1098.0 1.4531022314301114
1098.5 0.9157183396194868
1099.0 1.8230485463488328
1099.5 1.9752691105540618
1100.0 1.3890399140834009
1100.5 1.4607639890318946
1101.0 1.2890792321859186
1101.5 2.017829908955843
1102.0 1.5643161431615042
1102.5 0.48978484609460304
1103.0 2.1217602849668418
1103.5 1.5415758358104763
1104.0 1.9119746946436575
1104.5 1.703480549699456
1105.0 0.844142016974317
1105.5 2.309765062552911
1106.0 0.9154077899084643
1106.5 0.866987808671571
1107.0 0.6007759914206853
1107.5 0.9365100388104407
1108.0 0.8382747087642959
1108.5 0.8568204239684759
1109.0 0.6632749918121182
1109.5 1.3998405251538157
1110.0 0.8900123930732137
1110.5 0.5543379026285906
1111.0 0.9607706381096714
1111.5 1.3037567765662086
1112.0 0.8392750522068446
1112.5 0.8091652522406452
1113.0 0.8213235371772485
1113.5 0.8196807441170454
1114.0 0.7672278401504977
1114.5 1.0074825531754898
1115.0 0.9850496405692547
1115.5 1.5161286499663698
1116.0 1.6351371671713457
1116.5 1.9408398971646417
1117.0 0.8372810125103171
1117.5 1.6802878505837426
1118.0 2.2183281169474736
1118.5 1.9903251088270104
1119.0 1.078954072220676
1119.5 2.354155756272255
1120.0 1.8183467422371846
1120.5 1.408696517148748
1121.0 2.3146568441220667
1121.5 1.9611429640951756
1122.0 1.3522401976994
1122.5 0.2
1123.0 1.5248052646475672
1123.5 1.1081725453256812
1124.0 2.0074810532567984
1124.5 3.08196873343101
1125.0 1.743211048668242
1125.5 1.9300632136790195
1126.0 1.566673272251305
1126.5 1.273451351371443
1127.0 1.502087680266352
1127.5 1.6484238478313464
1128.0 2.0433188017194754
1128.5 1.0426837171986176
1129.0 1.1391398404294892
1129.5 1.6818516414534754
1130.0 1.9960615594477433
1130.5 2.7185979231454
1131.0 2.422278909757974
1131.5 0.2
1132.0 1.4048429352136136
1132.5 1.1688872159754324
1133.0 1.3191746856616406
1133.5 1.9667108739576533
1134.0 1.9573130689279827
1134.5 2.0524534382482607
1135.0 2.1845637465859555
1135.5 2.978929989629369
1136.0 2.5069641611121085
1136.5 1.2781657906962172
1137.0 1.718429237339102
1137.5 1.2146093379479685
1138.0 1.883054774324384
1138.5 1.4554549123156857
1139.0 2.502468533739533
1139.5 3.049240013203442
1140.0 1.095967279300743
1140.5 1.0460586413569453
1141.0 1.7371646030228354
1141.5 1.0234261942453566
1142.0 1.5446652663861264
1142.5 2.712226341785925
1143.0 2.491400710173754
1143.5 2.0334457680928577
1144.0 1.7670598414389853
1144.5 1.334047303257964
1145.0 1.5989700598836403
1145.5 2.2452835893065477
1146.0 1.4523817078098729
1146.5 1.251325676809562
1147.0 1.487179219909488
1147.5 1.043335499514796
1148.0 0.5305812333516375
1148.5 1.6906683485298906
1149.0 2.2366648943065135
1149.5 2.640304003998108
1150.0 0.7961386625580259
1150.5 2.48185962079721
1151.0 0.8491519998328348
1151.5 0.8258277510359683
1152.0 0.7585217391165426
1152.5 0.7556837688205382
1153.0 0.8597033951306092
1153.5 0.678735574325509
1154.0 0.8057815042611067
1154.5 0.6486568022539088
1155.0 0.793299362800602
1155.5 0.7378211715522061
1156.0 1.7635832812615397
1156.5 1.851127874500192
1157.0 1.4636713620702149
1157.5 0.7373526699137715
1158.0 1.0171578031711026
1158.5 1.5594919534947862
1159.0 1.2154358342146074
1159.5 1.319783300939136
1160.0 1.7113319756841665
1160.5 1.5313456457454115
1161.0 1.0226393120299373
1161.5 1.0121366139544357
1162.0 1.7259665575771126
1162.5 1.420276652415251
1163.0 1.3417679527476225
1163.5 1.1149853850349705
1164.0 1.5241137848448116
1164.5 1.0195622967461218
1165.0 1.9217316308054893
1165.5 0.7618295527210159
1166.0 1.326031713681906
1166.5 1.6674118841458119
1167.0 1.415188602529492
1167.5 0.9156507186974514
1168.0 2.6145529067239606
1168.5 1.6444151700354832
1169.0 1.732320145501808
1169.5 3.016802343408856
1170.0 2.705964638248906
1170.5 2.8015141186162102
1171.0 0.6829347771374887
1171.5 0.5472263747281407
1172.0 2.0524317681236672
1172.5 0.9805477796771986
1173.0 1.949043606705236
1173.5 2.087290372374992
1174.0 2.1889701312839183
1174.5 2.278198455283989
1175.0 2.2684236111601805
1175.5 0.549500645062132
1176.0 1.9763529617563922
1176.5 1.838637654121947
1177.0 1.699595262952769
1177.5 2.3076722642801917
1178.0 0.5579956791686078
1178.5 2.075483081631439
1179.0 1.486536467447636
1179.5 2.166681569726497
1180.0 1.6156243360344735
1180.5 1.2274348065643148
1181.0 1.2624582566616238
1181.5 2.622108965093613
1182.0 2.4754118510172862
1182.5 1.4960932254057342
1183.0 2.7963760005962595
1183.5 1.3563465368747403
1184.0 1.6707722783587697
1184.5 1.7410239788687782
1185.0 2.2197720613828658
1185.5 1.330655877229842
1186.0 0.8465801531985001
1186.5 2.546371395869464
1187.0 1.2246245732150802
1187.5 1.727466675801658
1188.0 1.2622722446938663
1188.5 1.5756322765697677
1189.0 0.32826640714806854
1189.5 2.675288704181215
1190.0 2.255341089740263
1190.5 2.0395117024357594
1191.0 1.5865696965608456
1191.5 0.9414987846270856
1192.0 0.2
1192.5 2.0514059747101228
1193.0 2.1307331986338314
1193.5 0.9356115058745724
1194.0 1.462970771314849
1194.5 2.188581708987164
1195.0 2.020806266325397
1195.5 1.694959947073527
1196.0 1.8503242404640567
1196.5 1.3795930683676705
1197.0 2.308832788153115
1197.5 1.4156041855942707
1198.0 2.595786544675543
1198.5 1.788707376218673
1199.0 2.7368381013573373
1199.5 3.1427284428663103
1200.0 1.7257414288086517
1200.5 2.7565219960350875
1201.0 2.1415793137217802
1201.5 3.4357269949054463
1202.0 1.7725450289535152
1202.5 2.795626805720844
1203.0 1.8222160854287108
1203.5 2.19663757118787
1204.0 1.6226097019211274
1204.5 2.45705700800497
1205.0 0.7939723345622343
1205.5 2.166357759058596
1206.0 1.783885697844427
1206.5 0.44910964475579523
1207.0 0.8976729203352894
1207.5 0.6764019432275841
1208.0 0.9925316506876669
1208.5 0.9071883063326039
1209.0 0.8492737278806453
1209.5 1.0417439879097556
1210.0 2.386026950010603
1210.5 1.5102845184445834
1211.0 1.2637758673210886
1211.5 2.252334648608793
1212.0 1.6209087230201953
1212.5 2.6916849520829444
1213.0 3.4148965725195626
1213.5 2.0065929347827387
1214.0 2.1149106884189552
1214.5 1.4308020244284445
1215.0 2.1527031700636474
1215.5 1.4411367465629201
1216.0 1.4010732893271136
1216.5 0.8323596196164444
1217.0 2.290598765040396
1217.5 2.5920838317053905
1218.0 1.3891283076371308
1218.5 1.0927239789332213
1219.0 1.8863581712357402
1219.5 2.038106690559569
1220.0 1.217993667597093
1220.5 2.2083568698827123
1221.0 2.088608074702173
1221.5 2.9751868391615623
1222.0 1.0906874258898733
1222.5 2.6311751671224775
1223.0 1.7673819034911975
1223.5 0.9140374686348837
1224.0 1.6695071543042161
1224.5 1.9817788886574088
1225.0 1.8634465693692572
1225.5 3.0660166270525933
1226.0 1.4377550020662264
1226.5 2.613110495058292
1227.0 1.361568017918299
1227.5 0.3537175431799984
1228.0 3.3969185429579736
1228.5 2.4971209105684533
1229.0 2.0406025345425363
1229.5 1.6123994662608918
1230.0 1.6536766730832841
1230.5 2.4486647512146096
1231.0 1.8801053108612538
1231.5 1.0138953377073643
1232.0 3.4066180936766437
1232.5 3.1738745457109956
1233.0 1.8973286105836389
1233.5 0.7783426531205362
1234.0 1.0468871878307116
1234.5 2.1293406020986594
1235.0 0.6776996034103192
1235.5 1.0150221591914712
1236.0 1.532532039628318
1236.5 1.950084963301675
1237.0 0.588683430026524
1237.5 1.9914871944681336
1238.0 1.0977510159112163
1238.5 2.9966784431422124
1239.0 1.420502728947005
1239.5 1.400078958878515
1240.0 1.5827008171147876
1240.5 1.7182206242489446
1241.0 0.7686077212878633
1241.5 2.4535355301252295
1242.0 2.251602058064371
1242.5 2.1973120217043425
1243.0 0.6465685180208827
1243.5 1.3225884310126013
1244.0 1.1969566381760346
1244.5 1.0488078628431312
1245.0 0.46754568651540396
1245.5 0.6745126470094365
1246.0 1.5515832434154109
1246.5 1.137922759542328
1247.0 1.4564713696629483
1247.5 0.758752793033331
1248.0 1.2904609631429076
1248.5 1.3588168825299602
1249.0 1.9634626501261614
1249.5 1.094810175716142
1250.0 1.3089980019092295
1250.5 1.3235253398852098
1251.0 1.3005891500599596
1251.5 1.2962580492380842
1252.0 0.5334265945780603
1252.5 1.6361996891873856
1253.0 1.3978533368558175
1253.5 0.6221630052018581
1254.0 1.6420649745947875
1254.5 1.1428408197226507
1255.0 2.199482640341791
1255.5 1.7666668822727813
1256.0 1.3668749220477063
1256.5 2.0451487938247075
1257.0 0.46059297850547554
1257.5 1.6512258916309461
1258.0 1.4863547324422213
1258.5 1.0379702167851153
1259.0 0.6105198723275052
1259.5 0.796916653385721
1260.0 0.7458000491998285
1260.5 0.5213190135190976
1261.0 0.5662563583738356
1261.5 0.6046616874484365
1262.0 0.7637025066397547
1262.5 0.7943625811860955
1263.0 0.8153045544873505
1263.5 0.6387506806539538
1264.0 0.5923780341198186
1264.5 0.7821006326078792
1265.0 0.48309922325283305
1265.5 0.8725970610177787
1266.0 0.7133473168206705
1266.5 0.7169678525548973
1267.0 0.6599933788155256
1267.5 0.7235047696247656
1268.0 1.1981989518277651
1268.5 0.2
1269.0 1.1013251840328988
1269.5 2.145888940902045
1270.0 1.3094494038890463
1270.5 1.3518793426236062
1271.0 1.8082074496221658
1271.5 1.1627984164310223
1272.0 2.0780206811247295
1272.5 1.051640360987958
1273.0 1.4749064004666113
1273.5 1.2701409231988252
1274.0 1.2597238230552463
1274.5 1.0813067012972593
1275.0 0.7361919508234506
1275.5 1.153410924214997
1276.0 0.8907431355442792
1276.5 1.7470810033147985
1277.0 0.5095302260951788
1277.5 1.8183200318845507
1278.0 1.871042664289821
1278.5 1.4584088578144312
1279.0 1.0868842131005572
1279.5 0.7587974244079517
1280.0 1.6769957878778257
1280.5 2.2530535268313407
1281.0 1.5165288727121213
1281.5 1.1211425204628682
1282.0 1.9051501534866595
1282.5 2.207509107748657
1283.0 2.141255243390773
1283.5 1.5356162356568788
1284.0 1.6156062581123638
1284.5 2.5305706046756553
1285.0 3.2268226183844133
1285.5 1.8796816626540755
1286.0 0.9470577987518102
1286.5 2.3017118088725823
1287.0 1.5979817616355012
1287.5 1.9998672120583387
1288.0 1.6827020356019449
1288.5 1.6762106746161547
1289.0 1.8465339892592754
1289.5 1.042943328339951
1290.0 1.7340002688047476
1290.5 1.5581895472504428
1291.0 2.318918754466046
1291.5 3.404346055925066
1292.0 0.7316226655873955
1292.5 2.070421935850841
1293.0 0.9264921585907443
1293.5 1.607097817346233
1294.0 2.050387627195506
1294.5 0.8603170748673307
1295.0 2.13457420879761
1295.5 2.192783631987929
1296.0 0.4499930294367982
1296.5 1.7264739602915675
1297.0 1.637611661024242
1297.5 1.4643815425888507
1298.0 1.2773191711578273
1298.5 1.12682343520067
1299.0 1.4607528163962895
1299.5 2.254804116046412
1300.0 0.6820770362488331
1300.5 1.798089638779103
1301.0 1.315506300410286
1301.5 1.5834705589547995
1302.0 1.0827671364378681
1302.5 2.0768958041255363
1303.0 1.7049347758823776
1303.5 1.8873452819983976
1304.0 1.7947301216356217
1304.5 1.9551372241329472
1305.0 0.8467678685773659
1305.5 0.7139898717478991
1306.0 1.9197134750459828
1306.5 1.688182358138184
1307.0 0.9360613512314944
1307.5 1.4270239964557834
1308.0 0.9558227086021298
1308.5 1.4787954722196115
1309.0 1.4248598405903015
1309.5 0.9844966315108606
1310.0 1.5365070776695884
1310.5 1.2733913151633818
1311.0 1.6741757863471174
1311.5 1.7872651018727268
1312.0 1.2884497224567655
1312.5 1.4953235263836357
1313.0 1.5816289409191495
1313.5 0.9397604670365004
1314.0 2.01965680057861
1314.5 1.0707904230318377
1315.0 1.6616787508368662
1315.5 1.337141895064288
1316.0 1.685908967877336
1316.5 1.1014054332459406
1317.0 0.5510530929053411
1317.5 1.0550442506733266
1318.0 1.855228351201147
1318.5 1.2792931811286703
1319.0 0.5774618124260137
1319.5 0.7857500052302631
1320.0 1.5504080656802992
1320.5 2.1100701757718836
1321.0 2.566292825215366
1321.5 3.1613680700931672
1322.0 2.275680963991465
1322.5 2.1252882563208626
1323.0 3.155511700584955
1323.5 1.8548635150849666
1324.0 1.6639338495700613
1324.5 1.7749292169094901
1325.0 1.2185573006628532
1325.5 1.0852412953984676
1326.0 3.313768159934118
1326.5 3.923976383744146
1327.0 1.3367648451855194
1327.5 3.063765191782042
1328.0 3.187199611275393
1328.5 1.4023122949692148
1329.0 1.5933498185827928
1329.5 2.5133397593608633
1330.0 1.2816186942155425
1330.5 2.579284494781466
1331.0 3.2231465075916352
1331.5 1.9968573147541204
1332.0 0.7031892659944466
1332.5 2.07790456949523
1333.0 2.1297453147957635
1333.5 1.8119204256554862
1334.0 2.5317199699269377
1334.5 2.4013307946185236
1335.0 1.5240534428959556
1335.5 1.3958576947130632
1336.0 0.4601283419547798
1336.5 1.5160409702722868
1337.0 1.2276480570939086
1337.5 1.6258086613998852
1338.0 1.7175801638465744
1338.5 0.99382735128994
1339.0 1.5560497560702338
1339.5 1.5676041002423702
1340.0 0.9878912326577192
1340.5 2.1040837690200784
1341.0 3.2762707152633803
1341.5 0.7779252445710939
1342.0 0.6465482922109917
1342.5 0.985685822156196
1343.0 0.9798321491475517
1343.5 1.5743741285826607
1344.0 0.8205002824211705
1344.5 1.0660379413736831
1345.0 1.317308932007423
1345.5 1.7857098125626079
1346.0 1.9280995647764183
1346.5 2.0513373503201247
1347.0 1.545832154778421
1347.5 0.7494323420051372
1348.0 1.868067545426556
1348.5 1.9838215332125468
1349.0 2.4935863286928823
1349.5 1.369993819457942
1350.0 3.025604594338967
1350.5 3.669581324213831
1351.0 1.2129508777170577
1351.5 0.2
1352.0 1.6417918267952618
1352.5 2.0075668973277687
1353.0 2.3647150964611194
1353.5 1.6448253947083038
1354.0 2.3278170298948417
1354.5 2.591512906417308
1355.0 1.972781306540879
1355.5 1.32096408860042
1356.0 1.8000210565188366
1356.5 1.5891955709771906
1357.0 0.3692206239509662
1357.5 1.0942741824358584
1358.0 1.5167430379838056
1358.5 1.1405836176943742
1359.0 0.6856675425445914
1359.5 1.345174445526332
1360.0 1.236395040706435
1360.5 0.7112367063934262
1361.0 0.7906170394229357
1361.5 1.193156391626841
1362.0 1.0629175594227824
1362.5 1.0709042701791063
1363.0 0.6109262492512417
1363.5 1.0455357381748085
1364.0 3.012257378402651
1364.5 1.9495922137147468
1365.0 2.86618066786867
1365.5 3.170130695294697
1366.0 1.772273950060367
1366.5 1.9088813330422614
1367.0 3.3201700581918914
1367.5 3.855990870750656
1368.0 2.1876282087634715
1368.5 3.062272572731729
1369.0 1.934019978398215
1369.5 2.3495376086258988
1370.0 3.1279927658091573
1370.5 2.069705389634921
1371.0 1.5688592549539533
1371.5 3.1065680797928414
1372.0 0.5639685051493506
1372.5 0.9080993710042364
1373.0 0.5318462017908052
1373.5 2.3478774479826585
1374.0 3.6294423584100945
1374.5 1.8689287301652155
1375.0 3.667839867245787
1375.5 2.8420413373535416
1376.0 0.5069689093349388
1376.5 1.075536156681319
1377.0 1.2858592812155534
1377.5 1.264094699395391
1378.0 1.38979807126647
1378.5 1.1734473934022114
1379.0 1.0989804997089068
1379.5 1.1577365419841341
1380.0 1.0361856713370596
1380.5 0.9812836393773057
1381.0 0.8063215610827392
1381.5 1.2691635115961868
1382.0 1.352270113538725
1382.5 1.4863238527986526
1383.0 0.8242750602355637
1383.5 1.0536157234521757
1384.0 0.933072733228105
1384.5 1.3579033625070682
1385.0 0.7805023590898387
1385.5 1.6120185921136811
1386.0 1.1130739419781124
1386.5 1.3324588127084727
1387.0 1.0007550956388267
1387.5 0.7655129406828425
1388.0 1.3252653746098595
1388.5 1.0681738729361263
1389.0 1.4600279259417437
1389.5 0.8097686023746549
1390.0 1.307701390263504
1390.5 0.5731503428776891
1391.0 0.8058361568839092
1391.5 1.2521669092136818
1392.0 1.4443476956285393
1392.5 1.3142035453488368
1393.0 0.7467276109744532
1393.5 1.0915729654809487
1394.0 1.2547737391454057
1394.5 1.2936406554730273
1395.0 1.469150326635349
1395.5 0.6714372080326899
1396.0 1.1281421492620662
1396.5 0.8068945879507605
1397.0 1.5463972498630754
1397.5 0.9632661294922904
1398.0 0.7280992071859436
1398.5 1.1761198388324638
1399.0 1.2597619394773358
1399.5 2.308589521054654
1400.0 1.4008900435826295
1400.5 1.5940182024676754
1401.0 1.2127282402139647
1401.5 1.6165073788763693
1402.0 0.93663743447802
1402.5 1.26023319562484
1403.0 1.479542681654687
1403.5 1.410374333559869
1404.0 1.6705744172426342
1404.5 1.3073683975812722
1405.0 1.4491611904824764
1405.5 3.322770732123951
1406.0 4.126518241027411
1406.5 1.1522260449649333
1407.0 1.455351048062272
1407.5 0.8819630941356513
1408.0 0.8964279102840745
1408.5 1.4309349015518291
1409.0 1.7855757975963442
1409.5 1.2662808786636681
1410.0 0.587302371861942
1410.5 0.7186751553163079
1411.0 1.2079794423272892
1411.5 1.3765620543277768
1412.0 1.6657414743010026
1412.5 2.290556942416934
1413.0 2.2607205061675524
1413.5 0.2
1414.0 2.8239887239559938
1414.5 0.902899531935423
1415.0 0.2
1415.5 1.8053605428285846
1416.0 1.5498504138494669
1416.5 2.009314102990497
1417.0 2.31767467607998
1417.5 2.5057115316215928
1418.0 1.6871696555254307
1418.5 1.2376845697622483
1419.0 2.137851802650146
1419.5 2.529058804804935
1420.0 1.1957245223972857
1420.5 1.6043654670360656
1421.0 1.1924210242295517
1421.5 1.3057822843047802
1422.0 2.1645242451461453
1422.5 0.98622076801049
1423.0 1.873219899211349
1423.5 1.7071026388843156
1424.0 1.3429349900184562
1424.5 2.603958050245757
1425.0 3.056510726940293
1425.5 2.846044663858338
1426.0 0.5991940025438853
1426.5 2.605376609254213
1427.0 2.301992507100523
1427.5 2.7346109830234364
1428.0 1.236937049031046
1428.5 2.565555672297153
1429.0 3.1750086169606178
1429.5 1.7983594686361792
1430.0 0.4594063830404731
1430.5 2.422801194764139
1431.0 3.414825155420725
1431.5 1.0650769022855324
1432.0 2.286956578452928
1432.5 1.8781784339961882
1433.0 0.8941766266459206
1433.5 2.1838660052317413
1434.0 1.565847445575949
1434.5 1.592359481265065
1435.0 1.2006457773406942
1435.5 2.585181433046034
1436.0 1.468783394933977
1436.5 0.7785388921315368
1437.0 1.2851117454739218
1437.5 1.1127396921496508
1438.0 0.9906201010337257
1438.5 0.9659897537958686
1439.0 0.6403978465619055
