0 0.8089390942421892
0.5 0.8613619902456451
1.0 0.9953275779541385
1.5 1.1463631209975307
2.0 1.0406448496670397
2.5 1.5296882616135206
3.0 1.440214979136475
3.5 1.4201357410305175
4.0 1.4527787959041514
4.5 1.598376753865828
5.0 1.4719041609012733
5.5 1.144023493123519
6.0 1.128614221308463
6.5 0.9581802852069579
7.0 1.090205448375485
7.5 1.1043621935288075
8.0 0.46454472104874533
8.5 1.370999870664516
9.0 2.036028128150501
9.5 2.7564848450872486
10.0 0.9378729368533056
10.5 2.3739148513944897
11.0 2.9015764928033834
11.5 2.061040280281254
12.0 0.9050676878916599
12.5 1.1234042846128598
13.0 2.73019351720652
13.5 1.7900414421906952
14.0 2.053219977917883
14.5 2.217040435253119
15.0 1.7248888362490589
15.5 1.6741984615844763
16.0 1.505820740166984
16.5 1.5605132110595332
17.0 0.8094024733555016
17.5 2.2712100163908486
18.0 2.3952328708195445
18.5 1.789598932674617
19.0 0.8839260508530201
19.5 1.7458346739537953
20.0 3.2315187930162725
20.5 1.0707373703960494
21.0 0.6674595370733305
21.5 1.587375886234033
22.0 2.039145515566412
22.5 2.1893528895318424
23.0 1.0993644701341578
23.5 1.9045849490492606
24.0 1.8252565196396822
24.5 1.513506232814068
25.0 1.392699463789835
25.5 1.0802312660322273
26.0 1.4840872529272673
26.5 2.3660794362238153
27.0 1.097920461371904
27.5 1.4347386571157166
28.0 1.2389571819163905
28.5 2.6232263956648714
29.0 1.7719107034438324
29.5 1.8356958232272738
30.0 1.4942578365057768
30.5 1.79316801288943
31.0 2.1316280254874647
31.5 1.8097341024908473
32.0 1.880531143421706
32.5 1.193233544574829
33.0 1.688582442284563
33.5 1.575796031241504
34.0 2.1582979686304267
34.5 2.320832929296502
35.0 1.3202327955355206
35.5 1.2220282638356685
36.0 1.092314075636192
36.5 1.6024070594151039
37.0 2.050766940898808
37.5 1.837088873247952
38.0 2.218720535777109
38.5 0.854874944934589
39.0 2.344075805277119
39.5 1.4083983244819418
40.0 2.0924208232821746
40.5 1.9572212661075838
41.0 1.341738162399083
41.5 1.8837604571917144
42.0 2.3899942918947312
42.5 1.2827791869237712
43.0 1.5579595212118398
43.5 2.6203602534308303
44.0 1.4233249439459055
44.5 0.905053734079871
45.0 0.8754499194956775
45.5 2.1985543395773846
46.0 2.4130600589279765
46.5 1.9380771545507294
47.0 2.370186520282119
47.5 2.4411917468289106
48.0 2.027948352659431
48.5 1.8170303365548657
49.0 2.996404036061935
49.5 1.1156811957344654
50.0 2.7747097284882347
50.5 2.426066530562065
51.0 4.028248311041702
51.5 3.60308035193603
52.0 1.7049662462407102
52.5 2.549626250383695
53.0 1.8410023371782178
53.5 1.2244950026665586
54.0 2.0582388112232244
54.5 0.9079533327095128
55.0 0.9660885268120072
55.5 1.2701270480817883
56.0 0.62300991688154
56.5 1.4801757824477808
57.0 1.1498869228006008
57.5 0.7902639145639195
58.0 1.7895415900000469
58.5 2.586132250893003
59.0 1.4266471582434883
59.5 1.5135616847195836
60.0 3.0671663906967197
60.5 2.361213719388469
61.0 1.4750704118287479
61.5 1.8207822241527867
62.0 1.3667972825835966
62.5 2.626828935972849
63.0 1.1720997063872396
63.5 1.2066867907851744
64.0 2.0660111194876722
64.5 1.330142680145192
65.0 1.380994789161568
65.5 1.398355453364347
66.0 1.1372484627591721
66.5 1.126279457638637
67.0 0.8747762076627146
67.5 1.0981540138888206
68.0 0.9631205113878273
68.5 2.1095974570514153
69.0 1.8923330487925625
69.5 1.3749218782427977
70.0 2.0773938437929425
70.5 2.1867912370673173
71.0 2.4558249725010715
71.5 2.406778521237433
72.0 1.7221222743376197
72.5 1.486238325024563
73.0 1.1069093015320837
73.5 1.5372585572214423
74.0 2.0065150158349385
74.5 0.9901600571810955
75.0 0.9595737996883432
75.5 0.9207701876346845
76.0 0.7128227412650758
76.5 1.00636297486296
77.0 0.8413977843894431
77.5 0.9206471319424364
78.0 1.1213514727708715
78.5 1.0411750771386021
79.0 0.7522029519951337
79.5 1.3179548019942764
80.0 0.5125431507692857
80.5 0.7135845363079234
81.0 1.3081458253134217
81.5 0.6406688078006342
82.0 1.2382517647301166
82.5 1.240237802208652
83.0 1.6820016571285834
83.5 1.4066527442072205
84.0 1.3257318974243533
84.5 1.3445292072560062
85.0 1.1931064100121156
85.5 0.9330907924405683
86.0 0.9218598360478918
86.5 0.858826892411301
87.0 1.0846612880349558
87.5 0.9628400471499798
88.0 1.275470839563485
88.5 1.1687911390933476
89.0 0.6009745564608107
89.5 1.3827575460722037
90.0 4.047052300599434
90.5 2.3122159816899304
91.0 3.2215253164647843
91.5 2.957074845370957
92.0 3.032564369533186
92.5 2.1080391331975408
93.0 1.6957109681794056
93.5 2.5920342018453937
94.0 2.84838982335176
94.5 2.5108273069297242
95.0 0.9979411359993313
95.5 1.6159370880399044
96.0 3.111645572822905
96.5 2.8739140245294093
97.0 0.6785691930316502
97.5 0.7024982019001751
98.0 0.9231249993763041
98.5 1.4464979033406484
99.0 1.9571454342176309
99.5 1.6893319233332749
100.0 1.5642488155158136
100.5 2.138856523414241
101.0 1.54345453921743
101.5 1.3633421176962097
102.0 0.8748454375998143
102.5 2.0607713336400035
103.0 0.7473793179586625
103.5 2.015156258364982
104.0 2.1821917508595385
104.5 1.080779708349074
105.0 1.928610237151634
105.5 1.612773319658319
106.0 2.406403360644917
106.5 2.5011353094082276
107.0 0.2
107.5 0.4990639600830719
108.0 0.6815060885885671
108.5 0.6473348756422087
109.0 0.8688199444045506
109.5 0.6833639237039263
110.0 0.6237217664820183
110.5 0.5991042670625144
111.0 0.8062164696045795
111.5 0.8456476645142499
112.0 1.8470959537235223
112.5 1.1422463533140017
113.0 1.5126106879750765
113.5 1.5945714742803496
114.0 1.2039263935219373
114.5 1.4827599919681278
115.0 1.3883085958310648
115.5 2.0298898592635686
116.0 1.1407893130412035
116.5 0.3255435315968558
117.0 0.6369406888294402
117.5 1.8501376019482232
118.0 2.1011771695919115
118.5 2.4028756041349304
119.0 1.9971152160968386
119.5 0.5631997831066433
120.0 1.8190148580149375
120.5 2.116473221182291
121.0 2.4827090443911413
121.5 1.960661296209461
122.0 2.509730203136281
122.5 1.7138663300462769
123.0 1.6494851170170084
123.5 1.5244164613692208
124.0 2.6556263221759906
124.5 1.2190907134115754
125.0 2.1170459897411105
125.5 2.076885756652156
126.0 0.8429073076132114
126.5 0.845950494410816
127.0 0.892190912146587
127.5 0.9448492643902615
128.0 0.6826764922826176
128.5 0.799295824211941
129.0 2.4628410164279746
129.5 2.1397763084832095
130.0 0.585978467743288
130.5 2.634117333121095
131.0 3.2119573105518953
131.5 1.515301436229887
132.0 2.9316552469145556
132.5 1.173199699238754
133.0 1.1692853291760152
133.5 2.8096216386029775
134.0 1.653542958054841
134.5 2.0223409387681865
135.0 2.0326352401906704
135.5 1.1765784098166225
136.0 1.2907169622644092
136.5 2.1332936088698067
137.0 2.8631436228259433
137.5 1.4241061509201167
138.0 1.8735509422625836
138.5 2.1909924600003308
139.0 0.2
139.5 4.064543464870612
140.0 1.9383278919891924
140.5 1.9690671464449636
141.0 1.9407794142875427
141.5 1.2379568932650524
142.0 2.2391186944525265
142.5 3.3573709202095854
143.0 1.9339597689471701
143.5 2.0170253878404267
144.0 1.2255540067441915
144.5 1.5819530883573976
145.0 2.364111711892633
145.5 2.2427923689902065
146.0 1.9248047690701866
146.5 1.516866536625526
147.0 1.5905374681004623
147.5 2.3164492698077304
148.0 1.5892324864970053
148.5 1.6531370099608393
149.0 1.4816774221568063
149.5 2.230658512976639
150.0 0.9204766797346889
150.5 1.7516830771861804
151.0 2.1484617358706224
151.5 2.285549391072106
152.0 1.9230840830990763
152.5 0.866529239365272
153.0 1.4567092257453989
153.5 0.7991274908589837
154.0 3.4083131421601154
154.5 2.2056827103939884
155.0 1.4037529841996035
155.5 4.738502025863269
156.0 1.9027002067764616
156.5 3.496772911815092
157.0 1.4915783657760444
157.5 2.122654627982727
158.0 1.8041451149637033
158.5 2.635018222751982
159.0 2.1189235769315684
159.5 2.113668352948405
160.0 2.5424244693071167
160.5 1.8134844565321744
161.0 1.9926895354229501
161.5 2.5744740144842924
162.0 2.522539337371147
162.5 2.5689618481322736
163.0 1.2254625562278907
163.5 0.9761882341618557
164.0 1.4140921022062876
164.5 1.5369502011992573
165.0 1.0260193613675932
165.5 1.1305604532342177
166.0 1.3013763731440187
166.5 1.0381960285572913
167.0 0.7855333778661645
167.5 1.0598461868211846
168.0 1.549343671080036
168.5 1.5458216889489025
169.0 0.4239269486203371
169.5 0.5258506775397317
170.0 1.518027995702104
170.5 1.199530191299609
171.0 0.7486933470928727
171.5 1.2574133910002099
172.0 1.2689636361778391
172.5 1.2456255767261966
173.0 1.3819106677565678
173.5 0.9709285334116369
174.0 0.7972592045946137
174.5 1.0705270035466874
175.0 0.9013695610399335
175.5 1.6423091263835992
176.0 1.071988929773683
176.5 1.2865784656511712
177.0 0.7873630793952975
177.5 1.2351068257620197
178.0 0.7499858747974455
178.5 3.759590612817693
179.0 2.3990719913900715
179.5 2.8676534569555505
180.0 1.5236732344052426
180.5 1.963621179765652
181.0 3.248812229658837
181.5 2.1804822149000067
182.0 2.042835892356961
182.5 2.0841914792624374
183.0 1.4992345788290011
183.5 2.138499448940162
184.0 2.9845811549332533
184.5 1.9962702511700787
185.0 1.6916677875052528
185.5 2.2920322075196102
186.0 2.6740682900009705
186.5 2.75229242318086
187.0 3.127289854976995
187.5 4.517652051543372
188.0 2.6217823952325476
188.5 2.681153781468386
189.0 2.7457496484783848
189.5 0.3892721792140794
190.0 0.7292559421235829
190.5 0.2
191.0 0.2
191.5 5.022390033889175
192.0 2.3203023502325446
192.5 1.5262895338638636
193.0 0.6964401109334909
193.5 1.1646168758702025
194.0 0.8836820030214376
194.5 0.965476116798657
195.0 1.0340775069207562
195.5 0.8555787850756852
196.0 1.2515440921508563
196.5 0.63048659915026
197.0 1.4438435697252439
197.5 0.9685916185073955
198.0 0.8607933742185
198.5 0.8906307678321652
199.0 1.3391113392916805
199.5 1.296160491625357
200.0 1.5604456700122322
200.5 0.9642782268386821
201.0 0.6847809562787522
201.5 1.085842786748742
202.0 0.8478237707164662
202.5 0.8050637960190864
203.0 0.5670434365141296
203.5 1.1905943993657755
204.0 1.409085833965906
204.5 1.3834689638091922
205.0 0.862023182823558
205.5 1.2201656232071794
206.0 0.9995375210512253
206.5 0.7946013030900048
207.0 0.726481116405949
207.5 1.6335351430186946
208.0 0.9678543611683365
208.5 1.248315334958539
209.0 0.843212202227142
209.5 1.2253931240439042
210.0 1.2323609966093985
210.5 1.1225198932461544
211.0 1.1396406203863285
211.5 1.0156725041369097
212.0 0.9047686202473066
212.5 0.6541587307746358
213.0 1.753411538761102
213.5 2.670903389919241
214.0 2.1931693521510187
214.5 2.3800195665693478
215.0 0.8967590455667651
215.5 1.8367165986070562
216.0 0.5763577121244656
216.5 0.7926910841119224
217.0 1.1538183527510661
217.5 1.6505421177717032
218.0 1.877833481711831
218.5 1.0950442702378869
219.0 1.1714537684494077
219.5 1.0630949847766589
220.0 2.195300637008796
220.5 0.7026511952655805
221.0 3.0345326145584703
221.5 2.40932732877914
222.0 2.3213697078932647
222.5 2.481630392856168
223.0 2.567747042449243
223.5 0.7937860399904269
224.0 1.7913855768952558
224.5 1.5238613683584905
225.0 2.1812732556384784
225.5 2.2866300374958755
226.0 2.5864077117485125
226.5 1.802433800512298
227.0 2.144872851182713
227.5 2.6726808994711146
228.0 2.786111277619463
228.5 1.8907891909447163
229.0 1.9826793712736654
229.5 3.1524503214711803
230.0 2.210684097574779
230.5 1.654259026033991
231.0 1.6861991940793617
231.5 1.7819007178616406
232.0 2.2843707315831066
232.5 2.481947720349183
233.0 1.868594461439169
233.5 1.4176366858420937
234.0 1.2127599198904528
234.5 1.2345377761058938
235.0 1.7793639778389134
235.5 1.848483802797063
236.0 1.5301533418170492
236.5 0.6285276741351284
237.0 0.8169478563390081
237.5 0.9390187180986697
238.0 1.7295502519096404
238.5 1.8674932860236526
239.0 1.4374186019470674
239.5 0.8935808055261315
240.0 0.4742404117397281
240.5 1.6545512274116363
241.0 1.352383375289517
241.5 1.7776601822116536
242.0 3.0125907257134044
242.5 2.4438352663137106
243.0 2.3804830237265158
243.5 2.5342144903592345
244.0 2.102061261710912
244.5 0.6560201462863271
245.0 2.394544542009925
245.5 2.019223242243467
246.0 2.8982060051968563
246.5 1.8088838554580984
247.0 2.056549826953684
247.5 2.3788426258252846
248.0 1.9136984879535526
248.5 1.9534933394881064
249.0 1.620163440022929
249.5 1.7960869314963226
250.0 3.7317767708806766
250.5 2.376939361416837
251.0 3.042565030919543
251.5 2.3772848809223257
252.0 0.802939104450334
252.5 1.0720176298023043
253.0 0.6153444473449787
253.5 1.0204765890498189
254.0 0.569433779844668
254.5 0.9541379249374657
255.0 1.030355509889497
255.5 2.935935941829399
256.0 1.6676989802121982
256.5 2.1213485893890853
257.0 3.4886638643981946
257.5 4.0410598000697915
258.0 3.4788783034496973
258.5 1.3000279154781627
259.0 2.901521395431197
259.5 1.0401814190836978
260.0 1.6019526271435638
260.5 3.480395297376293
261.0 2.414141145451672
261.5 3.3920935876491147
262.0 1.175964006236569
262.5 1.3765784457252883
263.0 1.2689517093474219
263.5 0.9162024679535061
264.0 1.305808939444625
264.5 1.5178662798965372
265.0 0.7738342313923067
265.5 1.4151564868161222
266.0 1.3484838113021311
266.5 1.128919807965501
267.0 1.3725563526175126
267.5 1.3378215502991764
268.0 0.6209469285915892
268.5 1.393271453399742
269.0 1.2847804406610728
269.5 1.439330873125125
270.0 1.1413569395470675
270.5 1.504105630230174
271.0 1.687795406065198
271.5 1.7300463837937925
272.0 1.8499120953221906
272.5 3.470371520984126
273.0 1.9405467752366135
273.5 2.6294000141633713
274.0 1.7935859527048066
274.5 1.8684170722975313
275.0 1.7007577802504326
275.5 1.2560026075659874
276.0 2.6940180646158254
276.5 3.071359847907372
277.0 1.959263602335893
277.5 2.8756025938642114
278.0 2.4168582647250565
278.5 1.7686904281574458
279.0 2.740851944791226
279.5 0.8911212707158004
280.0 0.7149303711001347
280.5 0.720245560144106
281.0 1.2303858544618955
281.5 2.618288729484641
282.0 1.1026010531132915
282.5 1.0818814249606103
283.0 1.0399734120517015
283.5 1.9582983065040396
284.0 1.8866285625328563
284.5 1.4943393771933957
285.0 1.9231705634258534
285.5 1.537018942022973
286.0 1.5061046072561832
286.5 2.4209956568160362
287.0 0.8995271815330839
287.5 0.9505162287340162
288.0 1.6083764448723814
288.5 2.3449024102606755
289.0 0.552453539794815
289.5 1.9338871165765492
290.0 1.1568902061098485
290.5 1.5913025895554505
291.0 2.524076469059687
291.5 0.9461098568789293
292.0 1.6465885761134844
292.5 1.8396706356328045
293.0 1.3538626183032887
293.5 0.6979233431048425
294.0 1.3563921663723437
294.5 1.7092639999548984
295.0 0.8627575518175905
295.5 1.4048435065665328
296.0 1.8034688210237546
296.5 1.8267379852772427
297.0 1.8071521297634343
297.5 2.5332481055793767
298.0 0.987005222493343
298.5 2.7246200286144435
299.0 2.768177059143695
299.5 1.6901224785141764
300.0 2.1475223858704133
300.5 1.6733520924933272
301.0 1.7669875449918173
301.5 3.1835861364061637
302.0 1.2193074929465477
302.5 1.412486604754985
303.0 1.7456087820608017
303.5 2.794975787312113
304.0 3.313250947892091
304.5 0.9379010438906455
305.0 2.396840617667263
305.5 2.175433363625865
306.0 1.0692259611859973
306.5 1.1806913410359767
307.0 1.1003529039810056
307.5 0.7211981410633175
308.0 1.1851874761918262
308.5 1.7080844663236676
309.0 0.9193810624175232
309.5 0.5313496576897677
310.0 1.1595985852504844
310.5 1.5326574537110518
311.0 1.0823636837834363
311.5 0.9223404670668025
312.0 1.1603397275914733
312.5 1.0685644089521729
313.0 1.0994018012659401
313.5 2.31866757539083
314.0 2.4264053275051083
314.5 0.7688275249481006
315.0 1.8961367856483324
315.5 2.3207881138692947
316.0 1.559357732845417
316.5 1.8975780862347724
317.0 2.440367646450899
317.5 1.860632782627539
318.0 1.5848427124935711
318.5 2.2628854145685833
319.0 1.969642329907925
319.5 1.994970399697316
320.0 1.1070029887805428
320.5 0.843719242676767
321.0 1.2919269422923907
321.5 1.556413226841883
322.0 1.9077837224664627
322.5 1.7665655825177258
323.0 1.714704886906909
323.5 0.9097591261276761
324.0 2.0965670268494216
324.5 2.4256003193833617
325.0 0.777014369517171
325.5 1.2118847289044594
326.0 1.9748616671725001
326.5 2.389475923772048
327.0 3.0876889781039356
327.5 2.5863756937711493
328.0 0.7531993367435681
328.5 2.5773253021919995
329.0 1.9425574601252371
329.5 1.2406653460758503
330.0 1.5385424402482843
330.5 3.039971629040272
331.0 1.2346266176447247
331.5 2.5394659548526994
332.0 0.4910729118118844
332.5 2.1487595032297127
333.0 2.322253920785903
333.5 1.7753484369257628
334.0 0.821422612814345
334.5 0.5926686858750332
335.0 1.9382533082362612
335.5 1.8592390291776626
336.0 1.0233680586821476
336.5 1.5391568732575664
337.0 1.2138155170900515
337.5 0.5842975243656331
338.0 1.2147085131054425
338.5 0.47657347478949363
339.0 1.2216808868748603
339.5 1.2415769601464284
340.0 1.018136777106758
340.5 1.3439047917124691
341.0 1.7536320860220853
341.5 2.1355168298809097
342.0 3.1085967494073934
342.5 2.7938320119360682
343.0 2.168357256313503
343.5 2.7206589441804705
344.0 1.9089236654399844
344.5 2.503264030502919
345.0 0.5867379935653247
345.5 1.125334512929422
346.0 1.1236724797621014
346.5 1.156417109935711
347.0 1.4536178445937633
347.5 1.2520860182491265
348.0 3.846125512122798
348.5 0.9722889520419882
349.0 1.5824422108968481
349.5 2.486954307174404
350.0 1.8419624586441312
350.5 3.4558846053989827
351.0 1.9725615314835254
351.5 2.164483890777513
352.0 2.0243514967337015
352.5 2.8841542297479204
353.0 2.5125390949063533
353.5 1.469194034208705
354.0 1.1369927478517938
354.5 1.9194150044990494
355.0 3.228326762770828
355.5 1.4105051934468151
356.0 1.813765020600744
356.5 1.1441115885251454
357.0 1.7880147680583196
357.5 0.8279227677983411
358.0 1.5811700444110133
358.5 1.620602260357127
359.0 1.6277982768784443
359.5 1.9920223177328247
360.0 1.7933953468858201
360.5 0.6188642223921563
361.0 0.9990878182975219
361.5 1.2476236068892024
362.0 0.661163554126825
362.5 0.6909079684275526
363.0 0.7518841338197827
363.5 1.2257695906431518
364.0 0.8004765827231166
364.5 0.9412159000517524
365.0 0.767628852320031
365.5 0.9466230171454934
366.0 1.0052385660844494
366.5 1.4116437601859255
367.0 0.673784925929059
367.5 0.8598193366975935
368.0 0.8762702658618545
368.5 0.6051154271978518
369.0 1.0045029093773734
369.5 0.8982186840344026
370.0 0.9050389225424502
370.5 1.0116458590675144
371.0 0.5804235624776489
371.5 1.0059892339868437
372.0 1.0917047813557628
372.5 1.0216330455728158
373.0 1.2988084671786164
373.5 2.1739384828403763
374.0 2.8451849282942336
374.5 2.4693244370802523
375.0 2.7402654453082813
375.5 1.97267670490174
376.0 1.6900047070126747
376.5 1.286889866231487
377.0 1.603480123300027
377.5 2.0099833970343237
378.0 1.2404521606724785
378.5 1.200761292114274
379.0 1.3563742497823785
379.5 1.2846946665115286
380.0 1.5291346349986545
380.5 2.3415746243567908
381.0 2.6035905771435672
381.5 2.6547962501893148
382.0 1.2806802355507672
382.5 1.2630763009137222
383.0 1.206017250194361
383.5 1.0105554291915362
384.0 1.2843163084430786
384.5 1.79104067248851
385.0 1.2263032608022533
385.5 0.8787475555878186
386.0 1.0036295517891196
386.5 1.3137514224050055
387.0 2.6927576314942754
387.5 2.464962634431624
388.0 1.6709820181055233
388.5 2.016528112541431
389.0 2.470868730239011
389.5 2.6975661334064256
390.0 3.292784257244878
390.5 1.6120640086902576
391.0 3.3471599181886686
391.5 2.449320547990084
392.0 1.8664705373374533
392.5 1.5308982698235702
393.0 2.082343394182212
393.5 2.610060746543134
394.0 2.091051638726702
394.5 1.9815160930292637
395.0 1.7570074348847622
395.5 2.4036732779042143
396.0 2.225330568031763
396.5 1.837104366069182
397.0 1.4693099078482823
397.5 2.3793383253028346
398.0 1.8071770674339596
398.5 3.676680510344586
399.0 1.3264892213652058
399.5 1.7531226742381343
400.0 1.5835315979875568
400.5 2.035519865991997
401.0 0.8992114898851105
401.5 0.74150694182613
402.0 0.8187989238233483
402.5 0.7801380966127189
403.0 1.0701247300649293
403.5 1.073125486679578
404.0 1.2531885630958461
404.5 0.6156031657256276
405.0 0.9058931587947127
405.5 0.778402890749461
406.0 0.9410238558448704
406.5 0.914815900890534
407.0 0.5188887989392288
407.5 0.6410457462960315
408.0 0.8234365205892626
408.5 0.7778122905483564
409.0 0.5642210339817926
409.5 0.680496578537477
410.0 0.6813388354147409
410.5 0.7353373717082374
411.0 0.7103263979166745
411.5 0.5275566514206937
412.0 0.6310968701179833
412.5 0.6914036214592156
413.0 2.7665813265017865
413.5 2.1876645322787205
414.0 2.7590285456692856
414.5 1.4605947800651422
415.0 1.4920946336325067
415.5 2.270638607340863
416.0 2.139960341583086
416.5 3.06604908728567
417.0 2.9216633868289033
417.5 2.2829385391301344
418.0 2.7219644061337225
418.5 3.2389282095716663
419.0 2.2639521340276954
419.5 2.395767226401626
420.0 1.2931795082068889
420.5 2.454010648651103
421.0 1.7595769536370327
421.5 2.231074181105309
422.0 1.9625888016999573
422.5 1.4469035438154922
423.0 2.4292316335485236
423.5 1.6104855884382445
424.0 2.0966396175595676
424.5 1.7129403583326557
425.0 2.0651376210812313
425.5 1.184993186133967
426.0 1.272098837303476
426.5 1.387077489417829
427.0 1.389141661221958
427.5 0.9643393031977587
428.0 1.7699189907126376
428.5 1.6008751609803396
429.0 1.0173999113181345
429.5 1.4346869571437184
430.0 1.90679705851782
430.5 1.305589225811203
431.0 1.9923951983458077
431.5 1.161602544668081
432.0 0.9060767778342855
432.5 1.854948496383424
433.0 0.7515273970549313
433.5 1.9744056857977939
434.0 1.748419761172224
434.5 1.389790179785271
435.0 0.7571627565944925
435.5 1.2252634554777333
436.0 0.6270292511926218
436.5 1.44404228032439
437.0 1.1350222266908974
437.5 0.7748241038501668
438.0 1.3814132680614095
438.5 1.1806241054866335
439.0 1.4344267612662447
439.5 3.0333238724589533
440.0 1.6603980455294554
440.5 1.0473050180976335
441.0 2.0594364437447865
441.5 0.20088462061329304
442.0 1.891153233623073
442.5 3.4158753856964204
443.0 1.1251793109942665
443.5 2.7413560299668216
444.0 2.6376160351187354
444.5 1.7416478361783974
445.0 1.5594973119853675
445.5 1.249804306645292
446.0 2.32404462242028
446.5 1.6619713976247807
447.0 0.3819750832215658
447.5 0.2
448.0 1.5269737122939508
448.5 1.56681685251292
449.0 1.9201183868856684
449.5 1.9310747378863007
450.0 1.7945311870881233
450.5 1.942793942512755
451.0 1.0875400718419894
451.5 0.7825616119435245
452.0 0.8983065937229431
452.5 0.8304497026153425
453.0 1.118951741576874
453.5 0.5789430041414511
454.0 0.6932327149296964
454.5 0.6515067027192496
455.0 0.8983015822278999
455.5 1.1977246876584582
456.0 0.6325893614919226
456.5 0.7805815981618578
457.0 1.1136639920830462
457.5 1.020392479496024
458.0 1.0586133609729096
458.5 0.5059806926674377
459.0 1.0443285840558214
459.5 0.7311429831297397
460.0 0.9228911595206767
460.5 1.0083536542559428
461.0 1.3653281780936746
461.5 1.1508257470786942
462.0 0.7687911875310273
462.5 0.9226693218812756
463.0 0.8838411588873214
463.5 0.8603253814412639
464.0 0.7614722985494262
464.5 0.6308728050141266
465.0 0.5805253208877954
465.5 0.7967832968795057
466.0 0.7084755236899647
466.5 0.6382905331604277
467.0 0.9368017104886723
467.5 0.8801752502213893
468.0 1.057328890637678
468.5 0.6619430927846396
469.0 0.8293626239078862
469.5 1.3092707964839634
470.0 0.8143478068877221
470.5 0.8248368220181064
471.0 1.1979998194957142
471.5 0.7032651309010385
472.0 0.9496522189658861
472.5 0.7467229745120959
473.0 0.8704412250454117
473.5 0.6135137072859158
474.0 1.1242113942985856
474.5 1.1918687271740083
475.0 1.258208307218772
475.5 0.8168693359486199
476.0 1.248771741920533
476.5 1.964628403759725
477.0 1.205512351502235
477.5 0.7954346339661014
478.0 1.0744410934666073
478.5 0.44208669848852167
479.0 1.4895198332193484
479.5 1.3649312983268118
480.0 2.4509135416820316
480.5 1.8828654997059218
481.0 2.1680198881434514
481.5 1.4185701776681765
482.0 2.1153542432077077
482.5 1.5627897898151408
483.0 2.0614659343205397
483.5 1.9843255855946562
484.0 2.3140048224702188
484.5 2.7697077870325315
485.0 2.7727842964854954
485.5 2.2770336803608524
486.0 1.794041414355676
486.5 0.38332893195253326
487.0 0.8730072272616347
487.5 0.8203300668210489
488.0 1.6134274518973717
488.5 1.9256015243017224
489.0 1.5364967048735112
489.5 2.572366013835345
490.0 2.4095428853197918
490.5 2.007352785904973
491.0 2.7440876604966107
491.5 2.115139347767826
492.0 1.3606461944420134
492.5 0.9536417681402503
493.0 0.6494545200308103
493.5 0.7874016356478037
494.0 1.380106283546961
494.5 2.7746160114749703
495.0 2.8697800408009186
495.5 1.6384123709081966
496.0 2.6748164396633713
496.5 2.62441637772396
497.0 1.8342420673836424
497.5 1.743248506742786
498.0 1.2049484694726242
498.5 0.9360299474955447
499.0 1.3201940937233645
499.5 1.2581312446874788
500.0 1.0302066994554686
500.5 1.3827361147006094
501.0 1.076788477186006
501.5 0.6306780826290288
502.0 1.1157588997149284
502.5 0.9583028913357811
503.0 1.0092766299587557
503.5 1.2897573084179073
504.0 0.9934103467324488
504.5 1.0298398008818082
505.0 1.6716987479156302
505.5 0.5908444280872831
506.0 0.6309897198447609
506.5 2.5360527765870087
507.0 1.8085559754637965
507.5 1.751153540139992
508.0 1.3361713179159536
508.5 0.6759697289276924
509.0 1.3459109740901583
509.5 0.5587204752686838
510.0 0.558650234668177
510.5 0.8209368907641947
511.0 1.051022832199763
511.5 0.451062557604606
512.0 0.8527782841947236
512.5 0.3691885955058082
513.0 2.6191693144612063
513.5 1.5758251319195322
514.0 2.2330060355587222
514.5 4.369706917363647
515.0 2.8423601319598943
515.5 3.4655451812177613
516.0 2.2061382771296674
516.5 2.858098554150022
517.0 1.295892758637103
517.5 0.2
518.0 2.4069509681593
518.5 2.664492387573715
519.0 2.787647693219015
519.5 2.2728681327382887
520.0 4.123497248171685
520.5 2.1866343933830428
521.0 3.1518936714469277
521.5 1.549411769991452
522.0 2.1014255726071025
522.5 2.274287792040493
523.0 2.1491197996323415
523.5 3.5538891700195565
524.0 2.8154538163275125
524.5 2.3521641738938577
525.0 3.278157493761337
525.5 1.8093477052568983
526.0 1.9524053160963972
526.5 1.2292974640297756
527.0 2.065052002627654
527.5 0.7157360833029542
528.0 1.670949397301414
528.5 1.267077580417851
529.0 2.5012637032209946
529.5 2.0150809256874704
530.0 1.2402585258865344
530.5 3.7796455717954416
531.0 1.8128844599185363
531.5 2.8637637368174866
532.0 1.9030777670237233
532.5 1.3837940978868672
533.0 0.7179115956155314
533.5 0.7831146918228407
534.0 0.5424164823420125
534.5 0.8516047634432977
535.0 1.1213879447508757
535.5 1.24613681467766
536.0 0.8385220552359072
536.5 1.1121763248226282
537.0 0.6720464648112777
537.5 0.8512489608916181
538.0 1.132396034434357
538.5 1.1259630628357638
539.0 0.7583320609471674
539.5 1.0320838552005027
540.0 1.4907847479627945
540.5 1.1454735514361287
541.0 0.4055373151630832
541.5 1.1213907410192103
542.0 1.1736056973148625
542.5 0.8087734620659437
543.0 1.2165308857942434
543.5 1.0962746831667278
544.0 1.434259270216042
544.5 1.593814025409705
545.0 1.3768843543567875
545.5 1.083850200972767
546.0 0.8956369635315009
546.5 0.7680916780747169
547.0 0.7147608905623433
547.5 0.6758978245315164
548.0 0.6891706365152106
548.5 0.7618678042004723
549.0 0.7936895168222835
549.5 0.8218891694926274
550.0 0.6282213514012246
550.5 0.8076141342680745
551.0 0.8815864400252929
551.5 1.0398735978628433
552.0 1.7504426433565334
552.5 0.9334450495376998
553.0 1.3390620949453864
553.5 0.8893531920763269
554.0 0.7835032828963704
554.5 0.6218610994220285
555.0 0.515317069107446
555.5 0.7088402717674795
556.0 0.6695965319617947
556.5 0.8810720446848337
557.0 0.8937245040196475
557.5 1.7065866912941905
558.0 2.015140488105653
558.5 1.9189376761359567
559.0 1.3876630670277377
559.5 2.1393852237205815
560.0 1.4001473657030568
560.5 2.2506194099002093
561.0 3.4242845631654024
561.5 1.3371511115701407
562.0 1.9491105653721594
562.5 3.5158890314613074
563.0 3.2325009886448948
563.5 1.885872036177044
564.0 1.2830046223069793
564.5 2.1501396837556617
565.0 2.437216646434054
565.5 1.3306959424008855
566.0 0.8620974457850423
566.5 1.3064241444234885
567.0 1.6288441938683555
567.5 1.2668992788351758
568.0 0.7599677190012958
568.5 1.440214378123205
569.0 1.7595915141983773
569.5 1.373178445747621
570.0 1.6999796119868396
570.5 0.2
571.0 0.786859083525321
571.5 1.2246947425687276
572.0 1.6170689560429956
572.5 1.0310165642915723
573.0 1.7762987711394902
573.5 1.1491619761393996
574.0 1.2482635958525128
574.5 2.875141410209526
575.0 1.5185048232441902
575.5 2.154563156598729
576.0 1.5576756414550739
576.5 1.232145560646386
577.0 1.6917229836373853
577.5 1.2857858752021911
578.0 0.8629489298982157
578.5 0.8185114912587563
579.0 1.2496464453227047
579.5 1.9401369056151483
580.0 2.0520176936639163
580.5 0.8460557971790408
581.0 2.140006610786716
581.5 2.161997844270662
582.0 2.391365706664014
582.5 1.7840779937538278
583.0 2.39889394786108
583.5 1.4887357185895191
584.0 1.9076170299356325
584.5 4.241332269656336
585.0 1.9335534765222957
585.5 2.603970835235919
586.0 2.0996946185412098
586.5 1.0523501197116791
587.0 2.474522009512774
587.5 1.8712838024790794
588.0 1.5636650157862348
588.5 3.3071434140379683
589.0 2.1191269615743433
589.5 2.133584229888044
590.0 3.3854970703216702
590.5 2.429462157126081
591.0 2.563928639764147
591.5 1.5193148550915034
592.0 3.153958239849902
592.5 2.212847345083913
593.0 1.373528330614056
593.5 1.8535359719099083
594.0 1.075255240773787
594.5 1.7022945471156303
595.0 0.9495147461870153
595.5 1.5741793030834013
596.0 1.6159178906219227
596.5 1.5398714266133013
597.0 1.343107324509487
597.5 1.1501608468201387
598.0 1.1717907204301234
598.5 0.7497697306757088
599.0 0.6234090940819093
599.5 1.3424000697810219
600.0 0.8621892633190129
600.5 0.8651079276513008
601.0 1.0573535408156167
601.5 1.4888038047588146
602.0 0.7781730770317721
602.5 2.917545706319678
603.0 1.0820839778118347
603.5 2.456795808312876
604.0 1.2481656307546194
604.5 1.7158807060154144
605.0 1.9751151931393678
605.5 1.645219199368675
606.0 2.05233830627654
606.5 2.4504277930992084
607.0 1.8645191632863602
607.5 0.9091434407063387
608.0 2.125245487949705
608.5 1.8339359531176718
609.0 1.6524573355458556
609.5 1.8200000017973694
610.0 3.5792111140146505
610.5 0.8515141835660909
611.0 0.5040586403714726
611.5 0.7722404835617369
612.0 0.7743573994077773
612.5 0.5896337618037168
613.0 0.7288089960859148
613.5 0.6299796867304046
614.0 0.4444308688064843
614.5 0.6796740900110811
615.0 0.7548247661121148
615.5 0.6648823312368207
616.0 0.6778443462179617
616.5 0.8256400496062206
617.0 0.768049450573737
617.5 0.8134820779387282
618.0 0.7518926880712642
618.5 0.6766209158267821
619.0 0.5985522067607185
619.5 1.3558356521560007
620.0 1.367064686041397
620.5 0.9662516097308527
621.0 0.8735921493042262
621.5 1.488987435545669
622.0 0.9266006815125343
622.5 1.704949653259698
623.0 1.1521871968617479
623.5 1.289436232367185
624.0 1.353053107029225
624.5 0.6728287162643056
625.0 1.0668590028138578
625.5 1.4610274905787177
626.0 2.20191575471354
626.5 0.5015103219822349
627.0 0.6712734140489525
627.5 1.561704016276345
628.0 1.568174168067293
628.5 1.8496642734360285
629.0 1.0918035561457236
629.5 1.830168408526089
630.0 0.9307505310414935
630.5 1.6734534907182033
631.0 1.0497656171246041
631.5 0.44946837075583
632.0 0.573634292586812
632.5 0.9309271521725669
633.0 0.8966390023828477
633.5 1.8948850322162747
634.0 1.8211484540317568
634.5 0.6032151257587195
635.0 0.7705567836997642
635.5 2.209124494318336
636.0 1.5563679876045082
636.5 0.7694166128098172
637.0 1.83462288563704
637.5 1.0279962015081376
638.0 0.7886401168437779
638.5 1.3391389269648881
639.0 0.7273519670769353
639.5 1.2126375563463656
640.0 2.206879918812743
640.5 0.9788315002908672
641.0 1.3261789434166336
641.5 0.9908186596910354
642.0 1.0424239250673388
642.5 1.7402070257855207
643.0 1.3506690221101043
643.5 0.8773372230988655
644.0 1.9349296586291402
644.5 1.3984689181149286
645.0 2.509158699398393
645.5 0.7880340208982353
646.0 2.751030381063467
646.5 0.8590292854899189
647.0 1.6802831293257972
647.5 2.298146979653911
648.0 0.7541566938540474
648.5 0.7026626103261375
649.0 0.8772340065036315
649.5 0.699022873953521
650.0 1.2408515695895406
650.5 0.8320389366796141
651.0 4.287738035279711
651.5 1.7400778354561666
652.0 2.6856256464907955
652.5 3.8007248136402163
653.0 2.050734603227216
653.5 3.3262485302277582
654.0 0.45175529184217655
654.5 1.3158444559791997
655.0 2.5610441868376026
655.5 1.5629201536608375
656.0 1.6782615100523648
656.5 2.028678418577995
657.0 2.0031645743902065
657.5 0.6659168058543907
658.0 0.7484713439800659
658.5 1.7528491535534974
659.0 1.9093588106970816
659.5 1.9749585715442783
660.0 0.7231494735955284
660.5 2.8014918400806446
661.0 1.8215087834609358
661.5 0.8021063843372349
662.0 2.0422057170368184
662.5 1.666146697880754
663.0 1.7718418032688188
663.5 1.116014454200901
664.0 1.0663494192711873
664.5 1.7621793832400185
665.0 0.9305233457172468
665.5 1.3467828143287062
666.0 1.220733950365114
666.5 1.9328563832077528
667.0 2.4337791791267915
667.5 1.830108439913901
668.0 2.0072466091304935
668.5 1.3778758106855356
669.0 2.24349193081715
669.5 1.034009061945502
670.0 2.3962082181319815
670.5 0.7769460903846077
671.0 2.826112120747306
671.5 2.480421451217434
672.0 3.2285596235317393
672.5 1.6412729730881959
673.0 1.8686227693621862
673.5 2.3353934927387803
674.0 1.8509417660980214
674.5 1.4234576159850005
675.0 0.828105887424837
675.5 1.8347627706539085
676.0 2.7446463895166167
676.5 1.4776821542511942
677.0 0.69624228694828
677.5 2.288681338221022
678.0 1.8519644326270261
678.5 0.8900902757212059
679.0 2.603832416646283
679.5 1.2976707937433765
680.0 0.9091639354871596
680.5 1.2456093336499499
681.0 1.1603065747326906
681.5 3.4943769027635114
682.0 2.2625077020539983
682.5 2.145593883129253
683.0 1.803524027339394
683.5 0.9996588383541308
684.0 0.7237176550439053
684.5 0.6629714503501287
685.0 0.998712610359957
685.5 0.7442732474982898
686.0 0.9977547218892955
686.5 1.807358324625531
687.0 1.3722086070732584
687.5 1.1670923572977485
688.0 2.0037030846056094
688.5 1.1540662440138614
689.0 1.6071057048100328
689.5 1.3057639534981762
690.0 1.5838453806252222
690.5 1.6311933490849913
691.0 1.8869811899849194
691.5 1.8527582232553836
692.0 3.3541476750705295
692.5 2.2174550705956166
693.0 2.0085215334219257
693.5 2.308384541515931
694.0 2.2975513363336164
694.5 0.7521228821257242
695.0 1.0541866554570252
695.5 1.8109680063396842
696.0 2.281929794989076
696.5 2.9470143726631246
697.0 1.3920541749651636
697.5 1.9377534604849336
698.0 2.2752965556972207
698.5 2.740110947034616
699.0 2.0797271395231705
699.5 1.2456953716889032
700.0 3.2551788081112067
700.5 1.672428002545696
701.0 3.702075027006808
701.5 2.6173425115569375
702.0 0.8762868393107761
702.5 2.3009685825945905
703.0 3.488530276873484
703.5 2.545949753276711
704.0 1.519458929737338
704.5 2.6347061474126603
705.0 2.7818195955081064
705.5 2.78319393747947
706.0 1.8817098985430616
706.5 2.297729002786803
707.0 1.9844498264347696
707.5 1.3380875402822323
708.0 3.885494845544303
708.5 1.6468949876970327
709.0 1.2194153838825197
709.5 1.36437925870888
710.0 1.308244727110772
710.5 1.6984756265802572
711.0 1.4756180585725118
711.5 1.52826315703043
712.0 2.0463534286788274
712.5 1.5281083689174964
713.0 1.7367991121218296
713.5 1.4976052770532995
714.0 2.694690921561007
714.5 1.862578858202192
715.0 1.5545194960620197
715.5 0.7175341815038272
716.0 0.7219815593892099
716.5 0.44634723171517043
717.0 1.3136481878831865
717.5 1.630853976745152
718.0 1.7107588878080482
718.5 1.6586482467519594
719.0 2.167034380449555
719.5 1.5413782552669244
720.0 1.9198552264650715
720.5 1.6558754830241211
721.0 1.8481618531768276
721.5 0.7427197474741163
722.0 0.5892331859484957
722.5 0.7654273448853199
723.0 0.6784560167012794
723.5 0.594725779133406
724.0 0.6485527814243723
724.5 0.7308323115024531
725.0 0.6675779042271499
725.5 0.7111426004745944
726.0 1.8985106237553149
726.5 2.2911226816111068
727.0 1.712944041959111
727.5 1.8386619723055146
728.0 1.4097101022974639
728.5 2.6662134130498703
729.0 0.9134055273280947
729.5 1.126589474509278
730.0 2.1793337278930522
730.5 2.057983685048418
731.0 2.274802555722467
731.5 1.0869910887345466
732.0 1.7090068529303641
732.5 2.2796920127327827
733.0 1.8198246471813526
733.5 1.968204314541939
734.0 1.4760364372741663
734.5 0.9908712516390183
735.0 1.140259741651183
735.5 1.414308300576836
736.0 1.4032317840977169
736.5 1.3868714306346035
737.0 1.1719466005806531
737.5 1.4465179107445598
738.0 1.3550662772101953
738.5 1.211447947810232
739.0 1.5102448376459634
739.5 1.482310822977778
740.0 1.2039460182047883
740.5 0.8280444567672858
741.0 0.9247597523165547
741.5 0.7123233807089238
742.0 0.9536231362878087
742.5 1.6013984178170746
743.0 1.4863533871780412
743.5 1.0507403545836862
744.0 1.1683008959674397
744.5 0.8391303759360712
745.0 1.5379479276524828
745.5 0.7054135309253498
746.0 1.7233813703015795
746.5 1.515349488308453
747.0 1.4919279266175076
747.5 0.5963763994392015
748.0 0.5583847156898016
748.5 0.6002331648351641
749.0 0.979898149177888
749.5 0.5789521272902727
750.0 0.6739529049913625
750.5 1.311558138716255
751.0 1.3920243213174321
751.5 1.7038727988821698
752.0 1.107633690140895
752.5 0.3645182714191505
753.0 1.1571479170507424
753.5 1.6059667342647832
754.0 1.0074630993061877
754.5 1.2228773035172242
755.0 0.6242443947492184
755.5 0.5630943566361997
756.0 0.8268880117956621
756.5 0.6594149963796777
757.0 0.7515696251599846
757.5 0.6787233051908861
758.0 0.5837135755262195
758.5 0.6227839128100288
759.0 0.6493084909742081
759.5 0.5797076301201989
760.0 0.5694591363752177
760.5 1.3689359644146855
761.0 1.9718835768887373
761.5 2.9018708100138326
762.0 1.3135596196554018
762.5 2.047918387794478
763.0 1.0955052552880435
763.5 1.8235408569191476
764.0 2.079653650653151
764.5 1.7718752622458818
765.0 1.4914117884632296
765.5 1.7731310327829866
766.0 1.3997814933888277
766.5 1.5290019157608623
767.0 2.262903207133334
767.5 1.2880708462424355
768.0 0.7208270020914316
768.5 1.1822419761720542
769.0 1.8848911274684457
769.5 2.385200557261253
770.0 1.923198656932112
770.5 1.583031298028354
771.0 1.1584526692175992
771.5 1.1860566167985127
772.0 2.468004546717566
772.5 1.3656069252209582
773.0 0.4080348300121812
773.5 0.7271906308034026
774.0 1.0572934942026315
774.5 0.8808214785920256
775.0 0.8615934136589667
775.5 0.6342926371266576
776.0 0.5240014124938962
776.5 0.6173511427804476
777.0 1.0657555980277964
777.5 1.14734474244122
778.0 0.9622976820967118
778.5 1.2890293594065996
779.0 0.8310923362646296
779.5 1.2619163412683205
780.0 2.9120973772663934
780.5 2.4039897772472036
781.0 2.810488606638377
781.5 3.182837773092961
782.0 1.071551890100024
782.5 1.7075632911402319
783.0 1.7767576717332245
783.5 1.7688914797349657
784.0 1.6907399753622463
784.5 2.9623584519898465
785.0 2.441443499584974
785.5 1.9665529613294197
786.0 2.7045004563882653
786.5 1.6465411071829275
787.0 1.5618464346426888
787.5 0.7420116595927521
788.0 1.5984438858132355
788.5 1.4915175362935007
789.0 0.983220902444348
789.5 1.1217501033101556
790.0 1.786789819131611
790.5 1.5404324924459862
791.0 0.7715486321402006
791.5 1.2447851367295562
792.0 1.1759950744510115
792.5 0.7734563437300331
793.0 0.9967762014531666
793.5 1.2097518312388864
794.0 1.159170721812422
794.5 0.5179549339334183
795.0 1.6519522186070108
795.5 2.6897347942542673
796.0 2.879053027319715
796.5 1.2363513130760384
797.0 3.522539828156754
797.5 0.924810706176902
798.0 2.9550412267585084
798.5 1.3151150177115607
799.0 0.6381801226384831
799.5 1.7107648356567036
800.0 2.7211274529384264
800.5 1.9174277047814565
801.0 2.8018038449900073
801.5 4.425457125070457
802.0 1.3441119932717003
802.5 1.5198810760428212
803.0 3.505016951701311
803.5 1.3668408126506368
804.0 0.234961762666412
804.5 3.163587413432145
805.0 2.3758826957192802
805.5 0.8103305456323939
806.0 1.373637546990302
806.5 0.2
807.0 1.963720505407702
807.5 0.47043604619518814
808.0 0.45792205253912843
808.5 0.7033999643193694
809.0 0.8336665895809485
809.5 1.0520830879171765
810.0 0.8002247691984756
810.5 1.1896461850869522
811.0 0.6493908107861674
811.5 1.1589754832921169
812.0 1.0362879048061688
812.5 1.0741962049222087
813.0 0.829658944438943
813.5 0.998332859595089
814.0 0.7374472410343422
814.5 0.5923212570773895
815.0 2.475572190662758
815.5 2.0825942191381763
816.0 1.0888231596952824
816.5 2.204007877227576
817.0 2.8924456911172225
817.5 1.686298319647454
818.0 1.7021196049041567
818.5 2.2471663356732385
819.0 2.96706733866122
819.5 2.619608997396232
820.0 1.4228331887191101
820.5 2.709320351430458
821.0 2.6601190246608777
821.5 2.7742065573752273
822.0 2.9976862458330773
822.5 0.762641765970717
823.0 0.8719058721949029
823.5 1.8490936855705506
824.0 1.6014711555495866
824.5 1.1746854475656525
825.0 1.4606946692700036
825.5 1.2310108413780534
826.0 2.8637573393951135
826.5 2.7522551721889994
827.0 2.580791826660881
827.5 0.2
828.0 0.2
828.5 1.4891299393469315
829.0 1.8555830787402945
829.5 1.3344200417521608
830.0 2.3276747697431346
830.5 1.5588958178586423
831.0 2.5007955230712717
831.5 1.1659264471216055
832.0 1.826386755251579
832.5 0.6466413671851698
833.0 1.2304026817736007
833.5 1.6424704884201735
834.0 1.089092271114689
834.5 0.9200364143713605
835.0 1.4762994530028428
835.5 1.09340699953778
836.0 0.3865534202654952
836.5 1.3944949656959917
837.0 2.3012742193763414
837.5 0.7424021154942624
838.0 1.4804766924977903
838.5 1.709092345622397
839.0 3.1300746341206045
839.5 2.3350622044220586
840.0 1.8792571747458782
840.5 1.1364964056525875
841.0 1.6900314036767914
841.5 2.713826022543781
842.0 4.680304993009871
842.5 2.185288312941791
843.0 3.321061973683611
843.5 2.731400061768672
844.0 1.870700135565849
844.5 1.9496078710037865
845.0 1.2602328325809937
845.5 2.899065350702663
846.0 2.754378607478583
846.5 2.488417367683773
847.0 1.2393705354938156
847.5 1.7603470123644684
848.0 1.4101035036385166
848.5 1.2274592622534999
849.0 2.1649034161991496
849.5 1.835055647286993
850.0 1.9062264807027443
850.5 1.1578991608073292
851.0 0.800081560799167
851.5 1.8812149255983894
852.0 2.3611554007757034
852.5 1.7473509185908447
853.0 1.3479660785969556
853.5 2.252263664517706
854.0 2.0428594961945006
854.5 2.3975090084323227
855.0 1.2846133463572014
855.5 2.537775464380049
856.0 0.9636342676144876
856.5 0.8023942544032637
857.0 1.3341935782328103
857.5 0.5303170118726038
858.0 0.883826742234343
858.5 1.4488914441609304
859.0 0.853368176431111
859.5 0.8722357674764368
860.0 1.7036237925897906
860.5 3.4155440994380055
861.0 2.8173413778217116
861.5 2.1305366597052693
862.0 0.5937179202117335
862.5 0.6913656405478796
863.0 0.7013756514441021
863.5 1.8978622035988895
864.0 1.0781018641637794
864.5 1.2954460925531164
865.0 0.8753914375439888
865.5 1.9947327108843476
866.0 1.559075820377175
866.5 1.4871318713793937
867.0 0.8026447397243492
867.5 1.7998979892277809
868.0 0.9151910312047216
868.5 0.9857394815883658
869.0 0.6276624329090746
869.5 1.1056316605632555
870.0 1.1167733562389235
870.5 1.4924634734050084
871.0 1.1185614522721123
871.5 1.272294949266683
872.0 1.062293085394037
872.5 1.2609656074895352
873.0 1.4256170700775455
873.5 2.6049251253002494
874.0 2.488908002589521
874.5 2.160785916334473
875.0 2.152555852886636
875.5 2.4125399723895216
876.0 2.6419038940424135
876.5 1.4722412955366755
877.0 1.2028511514430011
877.5 2.6859137688605306
878.0 1.1460123281955208
878.5 0.8841059148123851
879.0 1.1953172667382954
879.5 0.3186835220708648
880.0 2.274749018843593
880.5 2.831435499810712
881.0 2.8074182720424328
881.5 2.536705209697602
882.0 1.3045434510766332
882.5 3.9553672225672907
883.0 1.491323361609957
883.5 1.7897579279956948
884.0 3.0740243017362205
884.5 2.095967207439594
885.0 2.851767747427803
885.5 2.245849898736088
886.0 1.7151161744790726
886.5 2.4907052590307543
887.0 1.5973500149535624
887.5 2.319008653056335
888.0 1.5827732416993217
888.5 2.849213884118279
889.0 1.1707299115630745
889.5 1.8056796716509638
890.0 3.4984394256205626
890.5 0.2
891.0 1.6791163911204288
891.5 1.658665951959333
892.0 1.5611134998364689
892.5 1.7172207300262023
893.0 1.8743932677390724
893.5 0.7956568985374346
894.0 1.8602754017820908
894.5 2.617723458936405
895.0 1.2481356812894129
895.5 2.961685485765748
896.0 1.2133124531923623
896.5 1.8429222030685168
897.0 1.6090256206190932
897.5 0.9882400884247682
898.0 0.8343628153305841
898.5 0.9130479693875804
899.0 0.8255525677393893
899.5 0.7243635322926405
900.0 1.0916873345395828
900.5 0.6665213800661042
901.0 0.9494541150225296
901.5 0.914129038028022
902.0 0.7196802306588903
902.5 0.8042419335473745
903.0 1.3501019723776821
903.5 0.7352642849100476
904.0 1.07146968109401
904.5 0.7443505437842344
905.0 0.7603773566787125
905.5 1.0486568774538587
906.0 2.6624735854629744
906.5 0.9452256526451726
907.0 2.9473110714047346
907.5 1.753997884350558
908.0 2.3767892940102593
908.5 1.8713686171853103
909.0 0.8689254151824513
909.5 3.6224304789359434
910.0 1.6099341635031104
910.5 1.7471478857686464
911.0 2.3279625883662014
911.5 2.931124071653164
912.0 1.5197500649390667
912.5 0.9169544381195105
913.0 0.7334366902611831
913.5 1.7850121163916604
914.0 2.554357645470433
914.5 1.677663779963421
915.0 2.3685053108924383
915.5 2.130212812601977
916.0 1.7735280701577494
916.5 2.2400982059093417
917.0 2.349769104687147
917.5 1.502294137030558
918.0 1.02768789435556
918.5 1.2388298378562652
919.0 2.2054626804021886
919.5 1.9568418223195252
920.0 2.314320193251236
920.5 1.96955755802784
921.0 1.643108966588822
921.5 2.0186862719552376
922.0 1.7777256955241982
922.5 1.3222399734931012
923.0 2.353445946784947
923.5 1.020059904173023
924.0 0.8292812951271247
924.5 1.5260983532434684
925.0 4.383752605352182
925.5 2.151184077055588
926.0 2.6191581609556023
926.5 1.78910883495612
927.0 1.651186627373711
927.5 2.122804109209475
928.0 2.2351747898145202
928.5 2.1679475135678077
929.0 1.7657224352928345
929.5 2.9152294412911175
930.0 1.0508535236298828
930.5 1.6322849631116954
931.0 1.8574734682017566
931.5 2.6940979502170643
932.0 1.4096767951319156
932.5 2.768668019609019
933.0 1.661349187959499
933.5 1.3607349530603707
934.0 0.691153139050517
934.5 0.8922185240758032
935.0 0.7685933824994694
935.5 1.0546579363417936
936.0 0.5810476074639174
936.5 0.7757212413358874
937.0 1.0401444306016399
937.5 1.2772837090557618
938.0 2.23124200196171
938.5 1.378582781645381
939.0 1.5601166948210863
939.5 1.3855874631544958
940.0 1.0670956649024546
940.5 1.5092602550496657
941.0 1.409927518488613
941.5 1.094707877793564
942.0 1.3479865119995265
942.5 1.5454084012097757
943.0 0.8303001158961555
943.5 2.3213952144468752
944.0 1.508896837880047
944.5 2.516185294706337
945.0 1.741418386412751
945.5 1.586680799020111
946.0 0.7016180810307218
946.5 1.065178926799941
947.0 1.026894967843563
947.5 0.986734345310203
948.0 1.209698900511039
948.5 1.3317969829289222
949.0 1.379809221272013
949.5 2.0173757630183484
950.0 1.2322491707600038
950.5 1.5334860340831116
951.0 2.6149657771555708
951.5 0.9777235583932227
952.0 1.4435775867997482
952.5 0.7037899926207214
953.0 1.150793127097581
953.5 1.0961874118157158
954.0 0.7575967529375784
954.5 0.8044576497839271
955.0 1.113375735821521
955.5 1.0231601500788656
956.0 1.276678206098501
956.5 0.8921797544975991
957.0 1.8607815774502499
957.5 1.6801487345491566
958.0 3.958774108345615
958.5 1.0726497723282047
959.0 0.2
959.5 0.3923702699550118
960.0 2.2272142839254387
960.5 2.1618117918622346
961.0 1.8680872874578447
961.5 1.6489604702153773
962.0 0.4487255287665515
962.5 2.5741508587531428
963.0 0.9220986558168756
963.5 1.5389105279028277
964.0 1.6275950389885896
964.5 0.8069406793551446
965.0 0.8029918232128348
965.5 1.6800195679173346
966.0 1.1355295555099092
966.5 1.4322396800285309
967.0 1.0758617884536734
967.5 2.7358434645010306
968.0 3.242813259257237
968.5 1.3068577104075425
969.0 1.6575486433314905
969.5 2.201519178804319
970.0 2.59524411902613
970.5 2.396323121756417
971.0 1.4679527045672964
971.5 2.182056565585789
972.0 0.5401670376001431
972.5 1.2586797758891826
973.0 0.5087344258294295
973.5 2.3101332314097305
974.0 0.6913843419855719
974.5 1.298969485068826
975.0 1.7451196394168043
975.5 1.3793880911211167
976.0 2.1118882918340356
976.5 2.228317825930514
977.0 0.7356952453970129
977.5 1.7151654406357526
978.0 2.078769859545467
978.5 1.0042355060382564
979.0 0.6566190126113595
979.5 1.1475181535173808
980.0 1.7619381738950792
980.5 1.4965973743953278
981.0 1.0435787308584936
981.5 1.031844811124832
982.0 1.913656851131874
982.5 1.4798595579122984
983.0 1.481215779287702
983.5 1.8815383826975267
984.0 1.6604016225933078
984.5 1.3588440944841191
985.0 1.264445882219491
985.5 1.6863917038100191
986.0 0.9710914203469115
986.5 1.0538770395877437
987.0 0.8153523255326086
987.5 1.710818157908776
988.0 1.37737897587417
988.5 1.2279482671784399
989.0 1.4953628564486992
989.5 1.2082067166822459
990.0 2.741473884509584
990.5 1.953715422313327
991.0 1.5057748907687942
991.5 2.3352832249247744
992.0 1.1216916694839147
992.5 1.241692793093025
993.0 2.619009163851735
993.5 1.3300387515830103
994.0 1.8512159399925603
994.5 2.1823583427771123
995.0 2.2863712398295073
995.5 2.331466439000648
996.0 0.8216141179913445
996.5 2.3348279486176575
997.0 1.0303734107059435
997.5 0.9021011470741598
998.0 0.989300257503525
998.5 0.8150931261652593
999.0 1.793001919058693
999.5 1.813666307063838
1000.0 2.6094366189882954
1000.5 1.7525129530142296
1001.0 1.9078412555215933
1001.5 1.9231377981538833
1002.0 3.3806449788184314
1002.5 0.8989437427873346
1003.0 1.0099867299262713
1003.5 0.7851120090863376
1004.0 0.6297331482164863
1004.5 4.648011822689334
1005.0 3.0320297815087347
1005.5 2.063763465785244
1006.0 1.6545954759373556
1006.5 1.5873408417888835
1007.0 4.308716643179507
1007.5 2.8758257241087044
1008.0 2.1840785848506714
1008.5 1.7069455497802521
1009.0 3.8520776124629235
1009.5 2.732069185075714
1010.0 1.784296798640309
1010.5 0.6165472659612716
1011.0 1.0885594107596872
1011.5 0.7824856470616627
1012.0 1.2418210210930614
1012.5 2.2449498146125717
1013.0 1.0056043139347333
1013.5 1.4796344188563941
1014.0 0.8206737173587438
1014.5 0.9578323599046168
1015.0 1.7378233132730667
1015.5 1.8471951120780163
1016.0 2.4926799388421435
1016.5 1.081765963548906
1017.0 0.29810324919285325
1017.5 1.0705310841341047
1018.0 0.7458183628730176
1018.5 1.2812365623083681
1019.0 0.4469540495184636
1019.5 1.636043363678764
1020.0 1.727615090512323
1020.5 0.5189198495995944
1021.0 0.6842022703940557
1021.5 1.8777889270353103
1022.0 1.914940206115498
1022.5 0.7408266566124282
1023.0 1.4218155417257823
1023.5 1.1284833692964664
1024.0 0.33788286523670297
1024.5 0.6800059443179942
1025.0 1.3800734095468492
1025.5 1.9653993908392557
1026.0 1.7122864394053734
1026.5 0.6723850112234198
1027.0 0.6250593798497976
1027.5 0.4234849555934257
1028.0 2.4928990789185486
1028.5 0.7726065023280775
1029.0 1.3663101389399939
1029.5 0.5169237942613635
1030.0 1.2519740666459143
1030.5 0.9033453482430586
1031.0 2.435163578397582
1031.5 1.5948075452891624
1032.0 1.9102574383865036
1032.5 1.6403549311311676
1033.0 1.4087615266683973
1033.5 2.382245452744149
1034.0 0.9958474265169391
1034.5 0.6503926852640094
1035.0 1.3900529658749794
1035.5 2.3313727243742135
1036.0 1.9971324990179518
1036.5 1.5416621261525068
1037.0 2.0109672724382515
1037.5 1.0483385623607748
1038.0 1.5845694096599496
1038.5 2.493764908875854
1039.0 1.6273594777099643
1039.5 2.401119093691914
1040.0 0.5908023138785371
1040.5 1.650730877207394
1041.0 0.8017396512280132
1041.5 1.8966232857145455
1042.0 1.6956103185872027
1042.5 1.4901107996869605
1043.0 1.357030479926269
1043.5 1.5363008133044103
1044.0 1.237070336802034
1044.5 1.3293863282932175
1045.0 1.2991777902706378
1045.5 0.5253201989443628
1046.0 0.6255067808854012
1046.5 0.8633899325387902
1047.0 0.5937420920670389
1047.5 1.3702302363304548
1048.0 0.9240868377111757
1048.5 0.7394616425427667
1049.0 0.8564956571572271
1049.5 0.9190508451459244
1050.0 0.8767388126616813
1050.5 1.446644800209348
1051.0 2.999897942637147
1051.5 2.477951459544278
1052.0 0.8509065842283511
1052.5 0.5485279139392737
1053.0 1.1371945867111055
1053.5 1.4134269901398562
1054.0 0.9734021679330506
1054.5 1.1772710255459486
1055.0 1.400377507659277
1055.5 1.9952574491599753
1056.0 2.307561227338648
1056.5 1.4072300318267248
1057.0 1.089464364642899
1057.5 1.4597447318980235
1058.0 1.0208417088890505
1058.5 1.3674887523217627
1059.0 1.5065665520553666
1059.5 1.8610179133169162
1060.0 2.5058079538873104
1060.5 1.2263743667174511
1061.0 1.7360346966671463
1061.5 1.5173877744553028
1062.0 1.808173403599212
1062.5 2.3334131804069598
1063.0 1.7417097228091092
1063.5 1.7903189081284525
1064.0 1.6669173087484945
1064.5 1.4804093395150875
1065.0 0.9448835588697957
1065.5 0.6755750245750771
1066.0 1.2205466303062602
1066.5 1.1991452030511387
1067.0 1.3323616316772928
1067.5 1.3214474452695484
1068.0 1.286396593281263
1068.5 1.024409784436807
1069.0 0.6826417341155219
1069.5 0.8752985014175854
1070.0 0.8825318843619394
1070.5 0.3132384200733551
1071.0 0.7303210626373617
1071.5 0.7887529018355819
1072.0 1.218501452015909
1072.5 1.1888610850798536
1073.0 0.5326317043241302
1073.5 1.2115092034805897
1074.0 0.892201266376069
1074.5 0.7594189912722473
1075.0 0.7498523422291322
1075.5 1.6921000693918085
1076.0 1.2740599969357702
1076.5 1.4678886126283315
1077.0 4.078046672384495
1077.5 2.5082399783941853
1078.0 2.7604399527405095
1078.5 2.9815360987120156
1079.0 3.477139728651828
1079.5 2.2924316472742796
1080.0 3.2680636835000607
1080.5 1.7755375356686875
1081.0 2.56848961932694
1081.5 2.4260894980723275
1082.0 0.8887487817971269
1082.5 3.0853019529105037
1083.0 3.043000937869217
1083.5 2.212682222097604
1084.0 1.5169493720388658
1084.5 1.0095689427460108
1085.0 1.6946230533195485
1085.5 1.5880715086908357
1086.0 1.0602975890468809
1086.5 1.3779240120502387
1087.0 0.6096966887537743
1087.5 1.3113879320504251
1088.0 0.898900992353816
1088.5 1.0653965374318672
1089.0 0.9367346472808118
1089.5 1.0494355696850217
1090.0 1.2707268490622363
1090.5 0.6724449441041978
1091.0 4.086194656964407
1091.5 2.8930754028704784
1092.0 1.2200723489611562
1092.5 1.4012642550112815
1093.0 2.0359721918910783
1093.5 2.192905609852298
1094.0 2.2177884507419177
1094.5 4.384574194704083
1095.0 2.349278929352052
1095.5 2.3958022722884222
1096.0 1.9669387703494268
1096.5 1.6743525640072054
1097.0 2.443172322599767
1097.5 4.301267393857126
1098.0 2.4727583029459597
1098.5 0.8789397136669548
1099.0 4.34820965233798
1099.5 2.230972586474025
1100.0 1.9192905181920603
1100.5 2.50110301860476
1101.0 2.22175821183546
1101.5 1.8583608788324513
1102.0 2.7457938427881405
1102.5 1.8678684915239803
1103.0 1.853906017779925
1103.5 1.793576029210005
1104.0 0.3198948267234001
1104.5 3.1035719021575026
1105.0 0.9589030094558537
1105.5 1.2846180613710572
1106.0 1.2047961711086221
1106.5 0.9816893087210667
1107.0 0.8342330808085517
1107.5 0.8681940071196452
1108.0 1.534824970590949
1108.5 1.2664289100503394
1109.0 1.4997699516036693
1109.5 1.2745461574619688
1110.0 1.0169152260039604
1110.5 2.7374921390441633
1111.0 0.5071652338941219
1111.5 0.4250796215933921
1112.0 2.3624856708890705
1112.5 2.4755530251197793
1113.0 1.8588398776494566
1113.5 1.6465857827336312
1114.0 3.4612631134848155
1114.5 2.834618226782231
1115.0 1.6378019529150347
1115.5 1.788493402515599
1116.0 0.419887773720508
1116.5 1.6364692385443877
1117.0 1.9466196852859539
1117.5 1.9822776380291
1118.0 3.462773122181635
1118.5 1.7820398856940218
1119.0 1.7376044213498174
1119.5 3.1782895745859623
1120.0 2.0429668397142553
1120.5 3.3607205533744935
1121.0 2.5374982936437145
1121.5 1.8756268840016361
1122.0 2.481504892195881
1122.5 0.8301250983431667
1123.0 0.7583450892784489
1123.5 1.109672216829379
1124.0 1.0900596641549434
1124.5 0.8734972790073752
1125.0 0.7801775097992926
1125.5 1.280450589395937
1126.0 0.6191721942679747
1126.5 0.7557979005892955
1127.0 0.7074411744851563
1127.5 1.0512964805185838
1128.0 1.0014775216101541
1128.5 0.6242803752752022
1129.0 0.7920279528353074
1129.5 0.7665369726420661
1130.0 0.8134715667078605
1130.5 0.6687581387969621
1131.0 1.0348154385384771
1131.5 0.9017976617524436
1132.0 1.0302771350159876
1132.5 1.1152003589100108
1133.0 1.683433385929654
1133.5 1.1196592991343648
1134.0 1.708536713847124
1134.5 0.7105853244610166
1135.0 1.782777845303679
1135.5 0.8724571167411916
1136.0 1.6847483853861915
1136.5 1.2237004626312784
1137.0 1.0010354268808603
1137.5 0.9505133486236872
1138.0 1.400145415276053
1138.5 1.7291008488879567
1139.0 1.6589007252107337
1139.5 1.1989411442220106
1140.0 1.844706609668741
1140.5 1.64858197495167
1141.0 0.2
1141.5 0.7360031116216347
1142.0 1.3120027863739248
1142.5 0.8853719763035428
1143.0 1.599498795047607
1143.5 1.7589023651060844
1144.0 1.8498123196439717
1144.5 1.1194578391277785
1145.0 1.1446619300603071
1145.5 1.8789696667315334
1146.0 1.5610103132267252
1146.5 1.0625118946530512
1147.0 2.599897215096702
1147.5 2.1244605952421303
1148.0 2.294671011019004
1148.5 3.03730745201261
1149.0 0.9357823215224124
1149.5 2.241756350207684
1150.0 1.620051774761239
1150.5 1.8006303050767358
1151.0 2.365454914211191
1151.5 2.5408489112304213
1152.0 2.818077546435756
1152.5 1.5485196605323832
1153.0 2.119812006443857
1153.5 1.716098485475812
1154.0 2.2735197045009574
1154.5 2.3514335383061273
1155.0 2.0967040680387385
1155.5 2.0561394166081968
1156.0 0.30710629147622837
1156.5 2.8257876093180965
1157.0 2.420934267705661
1157.5 2.343348237383839
1158.0 2.6958798222031977
1158.5 2.27800030133827
1159.0 2.0442735810962254
1159.5 3.4168104976191396
1160.0 3.606786103119007
1160.5 1.3525109305924035
1161.0 1.3845374365832228
1161.5 0.6627224970485821
1162.0 0.73029533128927
1162.5 1.136535452552886
1163.0 0.9322900571612251
1163.5 1.0029001114699567
1164.0 1.174068213908388
1164.5 1.398022805007511
1165.0 0.763300357411635
1165.5 1.5865162201887524
1166.0 1.4467717925243702
1166.5 1.158417584602407
1167.0 0.6071683628091367
1167.5 0.8367463407274792
1168.0 0.8771265720194518
1168.5 0.964840940362784
1169.0 0.9402844922127414
1169.5 1.29550387058829
1170.0 0.9764863541902751
1170.5 0.8606888350369482
1171.0 1.0281589450940198
1171.5 1.1039292297636965
1172.0 1.2422834097965154
1172.5 0.9659838770408514
1173.0 1.3209197353600004
1173.5 0.7475744396864155
1174.0 1.3199254763844266
1174.5 0.6682918039871619
1175.0 0.6890815044400918
1175.5 0.6773283180739659
1176.0 1.3622367286970178
1176.5 0.6954211245707546
1177.0 0.7854849944610893
1177.5 1.0608581197461548
1178.0 1.075019342915675
1178.5 1.482007830224103
1179.0 0.8845704251317819
1179.5 1.1043077372123666
1180.0 1.1645514815530396
1180.5 1.056997371547584
1181.0 1.2078961396750065
1181.5 0.7966846317119824
1182.0 0.6611934640930146
1182.5 0.9712807025323038
1183.0 0.827445939436694
1183.5 0.6357468636756141
1184.0 0.9945733474724723
1184.5 1.540687790144089
1185.0 1.428636544904099
1185.5 1.4272743390619662
1186.0 0.8646929593000434
1186.5 1.0159649690595076
1187.0 1.3881023879799566
1187.5 0.8671070538523616
1188.0 1.8620933280464218
1188.5 2.5124848128206407
1189.0 2.018700191266772
1189.5 1.9678815210978315
1190.0 1.108261088708801
1190.5 1.1083865242361441
1191.0 1.1136661689577219
1191.5 1.0710994517733243
1192.0 1.23992051244874
1192.5 1.3717726404631048
1193.0 0.8200373346629128
1193.5 1.9057269559662944
1194.0 1.2839529197650974
1194.5 1.6185352292575008
1195.0 1.2103007875192247
1195.5 1.384501136065168
1196.0 1.2610643901619074
1196.5 2.0028963891187868
1197.0 1.1959512372904537
1197.5 1.3585804581852985
1198.0 0.5043507008425432
1198.5 0.7013978820759692
1199.0 0.7322702939372394
1199.5 0.6897674000407603
1200.0 1.9330602241273627
1200.5 1.5400770823726466
1201.0 1.3283179886575134
1201.5 0.90907036674772
1202.0 2.0995094292339314
1202.5 2.7212872999998075
1203.0 1.6639220272944402
1203.5 1.690897215607151
1204.0 1.5681289563574037
1204.5 1.7263697621107454
1205.0 1.9828143320200016
1205.5 1.2223809437777255
1206.0 2.3058142552125815
1206.5 0.2
1207.0 0.42738666202429787
1207.5 1.2122436175153697
1208.0 2.3168733162054806
1208.5 0.9707914836480475
1209.0 1.1075304083824677
1209.5 1.4621346633549404
1210.0 1.7859725542720684
1210.5 1.471703171507744
1211.0 1.139102799011473
1211.5 1.666666314305393
1212.0 0.9579521114690227
1212.5 1.1170973089611622
1213.0 2.23429862522812
1213.5 1.234648012910096
1214.0 1.425400472458538
1214.5 1.5194625625825575
1215.0 2.3482135391004424
1215.5 1.4386421389588275
1216.0 1.8125785521331128
1216.5 1.5619089134579665
1217.0 1.9859299512167041
1217.5 2.0491938282333018
1218.0 0.4202317895161134
1218.5 1.6533572709251945
1219.0 0.8111049632327443
1219.5 0.7479911606468114
1220.0 0.911130021224667
1220.5 1.0282780247447634
1221.0 1.1544689060767834
1221.5 0.8829774764442322
1222.0 0.9523100987722781
1222.5 0.621009212620488
1223.0 0.6635584827952913
1223.5 1.1835797610883518
1224.0 0.6697605016986969
1224.5 0.8022023999433469
1225.0 0.5252672609956907
1225.5 1.021307131895378
1226.0 0.8863212416098312
1226.5 0.5775186897224225
1227.0 0.9794628882743263
1227.5 1.10426017533104
1228.0 1.1883972730551853
1228.5 0.7260911119870624
1229.0 0.9311243278290506
1229.5 0.8452809351725055
1230.0 1.5862476399064036
1230.5 1.1979659085157748
1231.0 1.3878975317423723
1231.5 0.8150457351861926
1232.0 2.3430540863700173
1232.5 1.1172907316988736
1233.0 1.591958974272309
1233.5 1.4579724008145283
1234.0 2.026479987828673
1234.5 1.3399714348376568
1235.0 1.5821964002820803
1235.5 2.385644795230906
1236.0 1.478821413560505
1236.5 2.589508805090301
1237.0 2.4489098558107
1237.5 1.9181425954872622
1238.0 1.5758090797433462
1238.5 1.91995130840517
1239.0 1.7163032231970135
1239.5 0.9145783710432887
1240.0 0.7898308703833764
1240.5 1.2901214990419934
1241.0 1.704711791451552
1241.5 1.060353059188257
1242.0 2.987150194964138
1242.5 2.24188488567988
1243.0 2.112191328734637
1243.5 0.8398837407415798
1244.0 1.9310325641902881
1244.5 1.2500559002190244
1245.0 1.1873448269469384
1245.5 1.2465797101303093
1246.0 1.1816815638976
1246.5 1.3258268011066536
1247.0 1.1297966146203904
1247.5 1.3993168504047053
1248.0 0.4626641528788795
1248.5 0.7990597059182492
1249.0 1.3421425834976997
1249.5 2.1541213357688886
1250.0 1.150350610169153
1250.5 0.9132067435707604
1251.0 0.7947565799943984
1251.5 0.8843999592626584
1252.0 0.736923463064082
1252.5 0.6463053069660372
1253.0 0.8284521635515696
1253.5 0.6749882239501155
1254.0 0.7041398000900718
1254.5 0.7607147384015389
1255.0 1.2983583976111355
1255.5 0.24517005513530932
1256.0 1.662551439388105
1256.5 2.470762169008915
1257.0 1.9963004807393614
1257.5 1.0666329503739345
1258.0 1.6547197010685757
1258.5 1.4778647519265193
1259.0 1.8700101782761833
1259.5 1.1915367496230451
1260.0 0.6572386357407309
1260.5 0.6858960535998008
1261.0 1.2369858193184498
1261.5 0.7547373559943629
1262.0 0.9994633721717754
1262.5 1.1511773973001427
1263.0 1.3256050559993413
1263.5 0.9492774163705999
1264.0 1.412186089064491
1264.5 1.6454314793083942
1265.0 0.7947861975207916
1265.5 0.8081251436324476
1266.0 0.8461654492993065
1266.5 1.9173227322976671
1267.0 1.2653263112812176
1267.5 2.6122442182217225
1268.0 3.0257036537781588
1268.5 3.0999496054134053
1269.0 1.2839688561972142
1269.5 1.8088204535977037
1270.0 3.0839091328285027
1270.5 2.5934495328611424
1271.0 2.821574434628188
1271.5 3.60812064768709
1272.0 4.068930111083214
1272.5 3.6642959061133453
1273.0 3.033415050723089
1273.5 2.3630207587879744
1274.0 1.5103203113942603
1274.5 0.8231726678925184
1275.0 3.2702023925678825
1275.5 2.7503061953073207
1276.0 1.2033742634793296
1276.5 1.1815876256868731
1277.0 1.3547250302620646
1277.5 1.7798447356602942
1278.0 1.7942037499948718
1278.5 0.9388734108917237
1279.0 1.521416390683636
1279.5 2.044379504465538
1280.0 1.9734275158223324
1280.5 1.2365582999990443
1281.0 1.245647255370423
1281.5 1.3604455957006314
1282.0 1.193861069416134
1282.5 1.3352769935832018
1283.0 1.2717917567765047
1283.5 2.7879169791645446
1284.0 1.4019322168635417
1284.5 2.695199014292246
1285.0 3.5467855134568804
1285.5 2.3973512970113697
1286.0 3.0367638759986377
1286.5 3.8566827140939637
1287.0 1.721934112141538
1287.5 2.8676439945619494
1288.0 0.6921175277284
1288.5 2.697455419559434
1289.0 1.7035715461568972
1289.5 2.3654410724937094
1290.0 2.6389741411096432
1290.5 1.5344636774900065
1291.0 1.1517802754179938
1291.5 1.0457091978012683
1292.0 0.8047040254685147
1292.5 1.4041270947960691
1293.0 2.6390524808965425
1293.5 1.884415408674831
1294.0 0.9885767307188564
1294.5 1.6594765986300681
1295.0 2.682851023142554
1295.5 2.476788904839891
1296.0 2.196668736458415
1296.5 2.790059039809865
1297.0 1.8943641722872275
1297.5 0.8685211712666121
1298.0 1.3510858652352853
1298.5 0.8236964364088161
1299.0 0.8201275590889319
1299.5 0.7669183137746538
1300.0 1.112563561012271
1300.5 0.9689800166944619
1301.0 0.7555435803650397
1301.5 1.073229492618918
1302.0 1.6759868708558534
1302.5 0.9972664180832292
1303.0 1.9387669481436571
1303.5 2.0479745562839815
1304.0 1.6902026962270975
1304.5 1.6137044794692785
1305.0 1.0977540893026678
1305.5 1.5916772183628058
1306.0 0.8909103099451593
1306.5 1.4578735231110462
1307.0 1.0567867609100814
1307.5 1.903028278662964
1308.0 3.096815899606444
1308.5 0.8133439043602056
1309.0 1.4150929916124038
1309.5 0.6662788270025404
1310.0 2.0336609108648833
1310.5 1.367915833056921
1311.0 1.4967546891135246
1311.5 1.1877843842949298
1312.0 1.2658613470200621
1312.5 1.7437915897773848
1313.0 1.5068239991189647
1313.5 0.4401213419076969
1314.0 0.587875516441078
1314.5 1.2495372835758694
1315.0 0.9893323561009475
1315.5 1.172000674942602
1316.0 0.9942176973785556
1316.5 0.8796441948409766
1317.0 1.373468284379907
1317.5 1.2922713523706686
1318.0 0.9441549429065949
1318.5 0.9416304062194933
1319.0 0.9243019062205389
1319.5 2.7905021117976005
1320.0 2.050932935960596
1320.5 2.3337670983167564
1321.0 2.7283448620948105
1321.5 2.698101020475044
1322.0 1.578602966364492
1322.5 1.8672692478633044
1323.0 2.4362176555995494
1323.5 2.153181187733488
1324.0 2.3176942456930165
1324.5 2.0683612022459945
1325.0 1.3045947528230473
1325.5 3.031334249566913
1326.0 2.0466502905441204
1326.5 2.8551666543058527
1327.0 1.1177484850244133
1327.5 1.053558080056464
1328.0 0.6646305947763962
1328.5 0.949772064420083
1329.0 1.9164896181400604
1329.5 0.9176920791644874
1330.0 2.5337916205491187
1330.5 1.6532858355074396
1331.0 1.5970391935794184
1331.5 2.192702025281469
1332.0 2.125007090406675
1332.5 2.674884034109737
1333.0 1.439862634969693
1333.5 1.69071864214815
1334.0 1.8019233444560205
1334.5 1.8768013156424237
1335.0 2.599017699104914
1335.5 0.7867458201262721
1336.0 2.42936577798031
1336.5 2.264767121082545
1337.0 1.1950586189158927
1337.5 1.2353355568151718
1338.0 2.3263511178503773
1338.5 1.295183299986632
1339.0 1.2506756457661634
1339.5 2.4026267697810653
1340.0 1.9048377294259071
1340.5 1.5856871075101768
1341.0 1.7573831902371628
1341.5 1.6315001276523344
1342.0 1.0748781324366448
1342.5 1.1909155247846006
1343.0 1.3679261517969705
1343.5 1.86571218471218
1344.0 1.2059120624293125
1344.5 2.096562694693883
1345.0 1.7250628589287538
1345.5 2.8443521384692527
1346.0 2.2159197084099684
1346.5 0.894038753843329
1347.0 1.132191764839163
1347.5 1.2514659312238463
1348.0 1.8865093328551183
1348.5 0.6814264658652573
1349.0 2.2966900776531327
1349.5 1.5601489480704704
1350.0 0.45949075647706916
1350.5 1.8225240610397258
1351.0 1.818253527768183
1351.5 1.0551163065386568
1352.0 1.0518322847717987
1352.5 2.4851368444951376
1353.0 1.923871825384539
1353.5 1.4668369614670835
1354.0 2.030115217050667
1354.5 1.5941326017107054
1355.0 2.258381324442412
1355.5 1.5253488057568254
1356.0 1.85290811526647
1356.5 1.6763748430111116
1357.0 1.688668770319984
1357.5 2.694462061874958
1358.0 1.033132533621202
1358.5 0.9675243420407109
1359.0 0.8570646107400435
1359.5 1.2441306746615446
1360.0 1.2536207555354935
1360.5 1.16816925058899
1361.0 1.246208456990728
1361.5 1.238609505534412
1362.0 1.8367275459675938
1362.5 0.7633950000871007
1363.0 0.685411206172982
1363.5 1.1405626832964786
1364.0 1.244803562151943
1364.5 1.6801238501971951
1365.0 1.5131603231477628
1365.5 1.3005571915693346
1366.0 1.515292873834626
1366.5 0.959170048156957
1367.0 1.7920966869611918
1367.5 1.5169166465485957
1368.0 0.5081373010973349
1368.5 2.4165800690973085
1369.0 2.014542267506189
1369.5 2.341714811922971
1370.0 2.2688105002314627
1370.5 1.0606026839226923
1371.0 2.1102316384967916
1371.5 3.662777338658685
1372.0 1.2168790624498582
1372.5 3.7966838054469854
1373.0 2.9653471759718846
1373.5 2.31577243418615
1374.0 2.005173195242757
1374.5 2.603194322082627
1375.0 1.7690447788434758
1375.5 2.3049023700774245
1376.0 1.80598286594525
1376.5 1.9286554729284644
1377.0 2.7823185810970372
1377.5 0.8396302186602074
1378.0 1.518293437655577
1378.5 0.3787731252572346
1379.0 0.2
1379.5 0.6420773570893565
1380.0 2.961775198859177
1380.5 2.530202096710628
1381.0 4.6015765866472185
1381.5 2.0592057125679073
1382.0 2.3921601799470698
1382.5 2.685539027806256
1383.0 2.445146313056515
1383.5 2.603500350074215
1384.0 3.644176311120833
1384.5 1.1508369185698564
1385.0 2.531175548092987
1385.5 1.3646823699706616
1386.0 1.553437224957717
1386.5 2.1576815195024883
1387.0 1.5873209519248743
1387.5 2.15665212004218
1388.0 2.149238868359139
1388.5 2.3154196076383906
1389.0 1.1518485727795824
1389.5 1.4334472021928957
1390.0 0.8028275852261193
1390.5 1.222163818027243
1391.0 1.5476200457901852
1391.5 1.2920121742811226
1392.0 1.4547199969854967
1392.5 2.063143926612197
1393.0 1.5570847883695187
1393.5 1.363827277586393
1394.0 2.398013864219168
1394.5 0.7650504401579092
1395.0 2.3986191748013113
1395.5 1.441659422222067
1396.0 1.476082765219291
1396.5 1.0802857626862383
1397.0 1.8418712303219524
1397.5 0.9734444451822984
1398.0 1.1890681192821604
1398.5 2.0799898563211485
1399.0 2.061775716449727
1399.5 1.129915814732667
1400.0 1.2549841398487223
1400.5 0.9601135431665627
1401.0 1.1657192756962744
1401.5 1.758391468465181
1402.0 0.9106024101464708
1402.5 1.778411197774918
1403.0 2.0899162608520507
1403.5 1.6649337019073163
1404.0 1.8118810849039557
1404.5 0.25593938992283705
1405.0 1.130207272414973
1405.5 2.282287503432156
1406.0 1.7093567223483532
1406.5 2.501091081444887
1407.0 1.3629820445835161
1407.5 2.6614483390797252
1408.0 1.9619175859337747
1408.5 1.6519347529089128
1409.0 2.574287040057632
1409.5 2.2881913411340076
1410.0 1.6751113756518925
1410.5 2.0157101028422533
1411.0 0.8617286060707183
1411.5 2.526561824286663
1412.0 1.335309480271286
1412.5 1.337532497659481
1413.0 1.3112557073366415
1413.5 1.2442789436780082
1414.0 1.3431026556117691
1414.5 0.9010505218580149
1415.0 1.2061757030544165
1415.5 1.5023318472851588
1416.0 1.0101229600829775
1416.5 0.7160134668834248
1417.0 0.8340827241986244
1417.5 0.5809855118251224
1418.0 0.8110358818010126
1418.5 0.9389702349077873
1419.0 0.832976295324686
1419.5 0.5838156907527732
1420.0 0.9626140421863311
1420.5 0.9785571091484925
1421.0 0.5325150296884471
1421.5 0.6293624610325261
1422.0 1.0629622783006913
1422.5 0.6003237415053255
1423.0 1.7497200473859045
1423.5 1.3849214670903058
1424.0 0.5833055598810969
1424.5 2.0941440365949466
1425.0 1.3781330998853678
1425.5 1.9266376215153727
1426.0 1.4658373902611535
1426.5 2.1613891570989354
1427.0 0.8692127778565043
1427.5 2.6107942526759107
1428.0 1.4329377468089861
1428.5 1.3516329189595113
1429.0 1.6693748234434727
1429.5 1.423075961152498
1430.0 1.6334860348825564
1430.5 1.5915115524838286
1431.0 1.4187990980127725
1431.5 1.0309407726405713
1432.0 1.6540097442973227
1432.5 0.8717967627502874
1433.0 0.661667791194977
1433.5 0.7638660368568467
1434.0 0.9076826136564683
1434.5 0.6350972326210673
1435.0 0.7465454875765087
1435.5 0.9212333940950101
1436.0 0.6208825551192849
1436.5 1.2453915876034665
1437.0 1.0707818183362052
1437.5 0.5927099830623703
1438.0 0.5641849943720075
1438.5 0.6090412138645869
1439.0 0.8581901180367177
