0.0 1.351424
0.5 0.956472
1.0 0.938768
1.5 1.232464
2.0 1.218032
2.5 1.185784
3.0 1.176656
3.5 0.965008
4.0 0.951072
4.5 1.10936
5.0 1.09456
5.5 1.096504
6.0 1.076208
6.5 1.15616
7.0 1.141776
7.5 1.124376
8.0 1.107264
8.5 1.009888
9.0 1.00528
9.5 1.344048
10.0 1.298504
10.5 1.030456
11.0 1.016256
11.5 1.078312
12.0 1.0576
12.5 0.846896
13.0 0.980064
13.5 0.614336
14.0 1.1712
14.5 0.723064
15.0 1.104
15.5 1.008656
16.0 1.163344
16.5 1.1436
17.0 1.113328
17.5 1.231688
18.0 1.20024
18.5 1.175792
19.0 1.150752
19.5 1.372832
20.0 1.292448
20.5 1.04308
21.0 1.026032
21.5 1.255696
22.0 1.159624
22.5 0.98676
23.0 0.933328
23.5 1.191712
24.0 1.1704
24.5 1.056584
25.0 1.047784
25.5 1.01284
26.0 0.996816
26.5 1.27572
27.0 1.252592
27.5 1.050104
28.0 1.032704
28.5 1.094288
29.0 1.078496
29.5 1.058168
30.0 1.04608
30.5 1.03644
31.0 1.012888
31.5 1.285832
32.0 1.25196
32.5 1.125968
33.0 1.100544
33.5 1.184632
34.0 1.167328
34.5 1.26248
35.0 1.269632
35.5 1.071096
36.0 1.031088
36.5 1.170672
37.0 1.121296
37.5 1.065872
38.0 1.059952
38.5 1.046304
39.0 1.032704
39.5 1.330368
40.0 1.250064
40.5 1.077952
41.0 1.06328
41.5 1.262136
42.0 1.23016
42.5 1.19808
43.0 1.167192
43.5 1.2254
44.0 1.205088
44.5 0.996568
45.0 0.980448
45.5 1.086896
46.0 1.086864
46.5 1.038256
47.0 1.015008
47.5 0.901768
48.0 0.895792
48.5 1.35024
49.0 1.30944
49.5 1.000656
50.0 0.996688
50.5 1.216976
51.0 1.198544
51.5 1.17068
52.0 1.11032
52.5 1.162952
53.0 1.106928
53.5 1.158816
54.0 1.149664
54.5 1.214832
55.0 1.186528
55.5 1.11864
56.0 1.104576
56.5 1.157184
57.0 1.142976
57.5 1.006048
58.0 1.011768
58.5 1.22396
59.0 1.179888
59.5 1.153528
60.0 1.078768
60.5 1.17348
61.0 1.151808
61.5 1.174208
62.0 1.153232
62.5 1.114968
63.0 1.092336
63.5 1.082696
64.0 1.061096
64.5 1.19648
65.0 1.224976
65.5 1.125976
66.0 1.05144
66.5 1.174672
67.0 1.140808
67.5 1.129344
68.0 1.153776
68.5 1.179408
69.0 1.124352
69.5 1.15992
70.0 1.132816
70.5 1.312848
71.0 1.301936
71.5 0.89464
72.0 0.883344
72.5 1.62608
73.0 1.596784
73.5 1.357976
74.0 1.350736
74.5 0.8818
75.0 0.847664
75.5 0.88808
76.0 0.878456
76.5 1.042032
77.0 1.0828
77.5 1.001696
78.0 0.937008
78.5 1.211232
79.0 1.203168
79.5 1.179872
80.0 1.109824
80.5 1.131
81.0 1.115648
81.5 1.192888
82.0 1.172424
82.5 1.291624
83.0 1.149456
83.5 1.12908
84.0 1.111344
84.5 1.13512
85.0 1.094736
85.5 1.138104
86.0 1.102256
86.5 1.087592
87.0 1.062704
87.5 1.101256
88.0 1.111632
88.5 1.256
89.0 1.185584
89.5 1.098848
90.0 1.085664
90.5 1.276112
91.0 1.261064
91.5 0.949672
92.0 0.944176
92.5 1.173888
93.0 1.1648
93.5 1.064672
94.0 1.063344
94.5 1.11296
95.0 1.111216
95.5 1.11416
96.0 1.095216
96.5 1.190512
97.0 1.151848
97.5 1.046304
98.0 1.0292
98.5 1.072328
99.0 1.101584
99.5 1.0764
100.0 0.99536
100.5 1.208544
101.0 1.77016
101.5 1.628992
102.0 1.00368
102.5 0.952992
103.0 0.898304
103.5 1.058976
104.0 1.04744
104.5 1.106368
105.0 1.071632
105.5 0.927632
106.0 0.918016
106.5 1.116272
107.0 1.108752
107.5 1.306912
108.0 1.295744
108.5 1.0226
109.0 1.007928
109.5 1.20928
110.0 1.192
110.5 1.076272
111.0 1.063552
111.5 1.222632
112.0 1.142896
112.5 1.073464
113.0 1.01616
113.5 1.271504
114.0 1.263616
114.5 1.098848
115.0 1.100048
115.5 1.215328
116.0 1.182608
116.5 1.11056
117.0 1.092656
117.5 1.009136
118.0 0.993888
118.5 1.229056
119.0 1.20552
119.5 1.11328
120.0 1.059776
120.5 1.058192
121.0 1.063344
121.5 1.282776
122.0 1.239168
122.5 1.13752
123.0 1.087824
123.5 1.201616
124.0 1.193192
124.5 1.093056
125.0 1.113728
125.5 1.149584
126.0 1.099488
126.5 1.109392
127.0 1.098768
127.5 1.142432
128.0 1.11744
128.5 1.085672
129.0 1.085728
129.5 1.111656
130.0 1.070952
130.5 0.970264
131.0 0.95288
131.5 1.286464
132.0 1.270848
132.5 1.072528
133.0 1.06
133.5 1.145232
134.0 1.132176
134.5 1.097104
135.0 1.07536
135.5 1.124784
136.0 1.105888
136.5 1.064832
137.0 1.070928
137.5 1.064672
138.0 1.031168
138.5 1.232464
139.0 1.22872
139.5 1.23856
140.0 1.175792
140.5 1.124144
141.0 1.113168
141.5 1.110832
142.0 1.053792
142.5 1.095816
143.0 1.065488
143.5 1.190776
144.0 1.13664
144.5 1.172088
145.0 1.161328
145.5 1.161864
146.0 1.148
146.5 1.069504
147.0 1.062304
147.5 1.28308
148.0 1.27344
148.5 1.107264
149.0 1.09864
149.5 1.068408
150.0 1.057856
150.5 0.975568
151.0 1.017104
151.5 1.349752
152.0 1.27776
152.5 1.125296
153.0 1.113072
153.5 1.0708
154.0 1.05664
154.5 1.053024
155.0 1.037088
155.5 1.252528
156.0 1.239328
156.5 1.16896
157.0 1.15364
157.5 1.04248
158.0 1.068064
158.5 1.176936
159.0 1.130512
159.5 1.154464
160.0 1.064384
160.5 1.288672
161.0 1.270608
161.5 0.985264
162.0 0.97752
162.5 1.206936
163.0 1.149112
163.5 1.0924
164.0 1.116496
164.5 1.211136
165.0 1.146656
165.5 1.145552
166.0 1.128144
166.5 1.027456
167.0 1.016256
167.5 1.100352
168.0 1.082
168.5 1.228728
169.0 1.210752
169.5 1.105072
170.0 1.091104
170.5 1.253184
171.0 1.24152
171.5 1.10148
172.0 1.041296
172.5 1.139584
173.0 1.076016
173.5 1.121056
174.0 1.099712
174.5 1.244992
175.0 1.225496
175.5 0.967168
176.0 0.960608
176.5 1.284384
177.0 1.267376
177.5 1.066512
178.0 1.037136
178.5 1.207776
179.0 1.166432
179.5 1.089016
180.0 0.726696
180.5 1.258496
181.0 0.720288
181.5 1.171776
182.0 1.21572
182.5 1.225792
183.0 1.088776
183.5 1.179328
184.0 1.412856
184.5 1.294544
185.0 1.147928
185.5 1.160976
186.0 1.34432
186.5 1.293744
187.0 1.187568
187.5 1.27536
188.0 1.3394
188.5 1.28752
189.0 1.108664
189.5 1.132768
190.0 1.305872
190.5 1.24832
191.0 1.162352
191.5 1.228
192.0 1.33588
192.5 1.258768
193.0 1.136688
193.5 1.122768
194.0 1.29388
194.5 1.23424
195.0 1.118536
195.5 1.146512
196.0 1.340112
196.5 1.339072
197.0 1.144496
197.5 1.145184
198.0 1.302976
198.5 1.334832
199.0 1.170072
199.5 1.098528
200.0 1.312368
200.5 1.31824
201.0 1.13684
201.5 1.132216
202.0 1.3312
202.5 1.355072
203.0 1.10352
203.5 1.102592
204.0 1.309768
204.5 1.269696
205.0 1.061776
205.5 1.132352
206.0 1.335024
206.5 1.246448
207.0 1.12364
207.5 1.24832
208.0 0.93132
208.5 1.324144
209.0 0.698304
209.5 1.123424
210.0 1.078704
210.5 1.214976
211.0 1.26664
211.5 1.225728
212.0 1.342304
212.5 1.31608
213.0 1.15132
213.5 1.200768
214.0 1.249832
214.5 1.210896
215.0 1.1888
215.5 1.179952
216.0 1.368584
216.5 1.333696
217.0 1.159896
217.5 1.16272
218.0 1.320504
218.5 1.355296
219.0 1.191592
219.5 1.12864
220.0 1.297416
220.5 1.264464
221.0 1.130824
221.5 1.186736
222.0 1.299888
222.5 1.217056
223.0 1.136184
223.5 1.178928
224.0 1.249584
224.5 1.251648
225.0 1.167776
225.5 1.16528
226.0 1.350432
226.5 1.285584
227.0 1.105424
227.5 1.125904
228.0 1.411456
228.5 1.461072
229.0 1.143072
229.5 1.12496
230.0 1.257632
230.5 1.23136
231.0 1.187488
231.5 1.179648
232.0 1.23304
232.5 1.254464
233.0 1.172832
233.5 1.164864
234.0 1.327008
234.5 1.293736
235.0 1.218448
235.5 1.22768
236.0 1.290048
236.5 1.275504
237.0 1.19264
237.5 1.114256
238.0 1.303112
238.5 1.286176
239.0 1.127728
239.5 1.13608
240.0 1.383728
240.5 1.385728
241.0 1.111288
241.5 1.120496
242.0 1.336744
242.5 1.34216
243.0 1.182864
243.5 1.190224
244.0 1.274112
244.5 1.239984
245.0 1.138064
245.5 1.096192
246.0 1.223496
246.5 1.329616
247.0 1.196
247.5 1.161808
248.0 1.37328
248.5 1.296528
249.0 1.1714
249.5 1.144928
250.0 1.250304
250.5 1.277072
251.0 1.137704
251.5 1.195168
252.0 1.275736
252.5 1.182144
253.0 1.14188
253.5 1.097648
254.0 1.281272
254.5 1.349504
255.0 1.265448
255.5 1.23736
256.0 1.318696
256.5 1.2844
257.0 1.156448
257.5 1.21664
258.0 1.31988
258.5 1.296768
259.0 1.106368
259.5 1.090416
260.0 1.3302
260.5 1.312896
261.0 1.118512
261.5 1.079232
262.0 1.300224
262.5 1.365328
263.0 1.180408
263.5 1.138368
264.0 1.386688
264.5 1.396384
265.0 1.101872
265.5 1.101584
266.0 1.38476
266.5 1.333936
267.0 1.135928
267.5 1.13164
268.0 1.350984
268.5 1.319888
269.0 1.129664
269.5 1.146656
270.0 1.348288
270.5 1.292736
271.0 1.145056
271.5 1.230112
272.0 1.239168
272.5 1.180272
273.0 1.116656
273.5 1.120448
274.0 1.313504
274.5 1.319856
275.0 1.209904
275.5 1.104496
276.0 1.114096
276.5 1.388272
277.0 1.337536
277.5 1.095424
278.0 1.24824
278.5 1.359984
279.0 1.267584
279.5 1.163072
280.0 1.132192
280.5 1.3004
281.0 1.353136
281.5 1.168224
282.0 1.121392
282.5 1.12256
283.0 1.355184
283.5 1.333536
284.0 1.1642
284.5 1.201072
285.0 1.217672
285.5 1.140368
286.0 1.105496
286.5 1.173984
287.0 1.332688
287.5 1.323488
288.0 1.107264
288.5 1.15856
289.0 0.670352
289.5 1.310736
290.0 0.735472
290.5 1.073776
291.0 1.15848
291.5 1.298736
292.0 1.206016
292.5 1.238512
293.0 1.354832
293.5 1.323152
294.0 1.169984
294.5 1.118992
295.0 1.386384
295.5 1.28672
296.0 1.116864
296.5 1.216432
297.0 1.336328
297.5 1.287904
298.0 1.212088
298.5 1.144192
299.0 1.353176
299.5 1.335008
300.0 1.068896
300.5 1.123384
301.0 1.306
301.5 1.272384
302.0 1.146456
302.5 1.129424
303.0 1.320696
303.5 1.307008
304.0 1.140616
304.5 1.156832
305.0 1.304392
305.5 1.248
306.0 1.15792
306.5 1.195152
307.0 1.314688
307.5 1.329792
308.0 1.169456
308.5 1.063664
309.0 1.390672
309.5 1.434544
310.0 1.0888
310.5 1.159216
311.0 1.37592
311.5 1.347824
312.0 1.131872
312.5 1.149968
313.0 1.30332
313.5 1.289248
314.0 1.167168
314.5 1.102688
315.0 1.36032
315.5 1.329088
316.0 1.101104
316.5 1.13344
317.0 1.296272
317.5 1.215536
318.0 1.154232
318.5 1.182144
319.0 1.248672
319.5 1.30352
320.0 1.17096
320.5 1.163872
321.0 1.319616
321.5 1.340944
322.0 1.192488
322.5 1.126336
323.0 1.274992
323.5 1.296624
324.0 1.132264
324.5 1.097568
325.0 1.271648
325.5 1.292432
326.0 1.105552
326.5 1.121536
327.0 1.398328
327.5 1.284832
328.0 1.19836
328.5 1.185584
329.0 1.345488
329.5 1.403488
330.0 1.129648
330.5 1.055712
331.0 1.310176
331.5 1.34336
332.0 1.137712
332.5 1.115264
333.0 1.323952
333.5 1.277736
334.0 1.108304
334.5 1.151856
335.0 1.47716
335.5 1.409008
336.0 1.090552
336.5 1.10464
337.0 1.306232
337.5 1.293456
338.0 1.133304
338.5 1.148992
339.0 1.282616
339.5 1.295792
340.0 1.106648
340.5 1.068128
341.0 1.282208
341.5 1.28848
342.0 1.10584
342.5 1.054496
343.0 1.351784
343.5 1.382672
344.0 1.113392
344.5 1.187616
345.0 1.354176
345.5 1.286512
346.0 1.12384
346.5 1.16232
347.0 1.351392
347.5 1.32848
348.0 1.090608
348.5 1.150352
349.0 1.323728
349.5 1.231776
350.0 1.051632
350.5 1.083872
351.0 1.393504
351.5 1.351184
352.0 1.157064
352.5 1.20168
353.0 1.319536
353.5 1.36168
354.0 1.173008
354.5 1.133728
355.0 1.438496
355.5 0.669392
356.0 0.651744
356.5 0.538536
357.0 0.595728
357.5 0.790912
358.0 0.753568
358.5 0.62952
359.0 0.658688
359.5 0.808536
360.0 1.209672
360.5 1.186488
361.0 1.092216
361.5 1.0768
362.0 1.32972
362.5 1.307072
363.0 1.128176
363.5 1.105856
364.0 1.093712
364.5 1.070064
365.0 1.350624
365.5 1.326864
366.0 1.11912
366.5 1.09568
367.0 0.948576
367.5 0.940384
368.0 1.161024
368.5 1.134112
369.0 1.050624
369.5 1.035248
370.0 1.23316
370.5 1.195584
371.0 0.963008
371.5 0.952816
372.0 1.322816
372.5 1.30416
373.0 1.036872
373.5 1.024624
374.0 1.0096
374.5 0.998416
375.0 1.081312
375.5 1.067496
376.0 1.148352
376.5 1.067664
377.0 0.919264
377.5 0.91288
378.0 1.492736
378.5 1.421376
379.0 1.234888
379.5 1.170656
380.0 0.9806
380.5 1.002512
381.0 1.16508
381.5 1.114728
382.0 1.302112
382.5 1.27224
383.0 1.048344
383.5 1.032592
384.0 1.156328
384.5 1.13896
385.0 1.024832
385.5 1.032304
386.0 1.045952
386.5 1.034592
387.0 1.112408
387.5 1.092016
388.0 1.269616
388.5 1.221008
389.0 1.014072
389.5 0.996352
390.0 1.226496
390.5 1.201216
391.0 1.103328
391.5 1.086688
392.0 1.049064
392.5 1.030176
393.0 1.13736
393.5 1.11812
394.0 1.09068
394.5 1.079712
395.0 1.269136
395.5 1.242032
396.0 1.2528
396.5 1.175872
397.0 1.067696
397.5 1.047168
398.0 1.240008
398.5 1.21856
399.0 1.029632
399.5 1.016016
400.0 0.99976
400.5 0.981552
401.0 1.567904
401.5 1.531936
402.0 0.98816
402.5 0.980928
403.0 0.910448
403.5 0.897312
404.0 1.166472
404.5 1.143024
405.0 1.146968
405.5 1.122912
406.0 1.193424
406.5 1.177872
407.0 1.08176
407.5 1.070624
408.0 1.15444
408.5 1.085688
409.0 1.208008
409.5 1.11856
410.0 1.087944
410.5 1.110848
411.0 1.05248
411.5 1.032544
412.0 1.282368
412.5 1.236704
413.0 1.237632
413.5 1.205184
414.0 1.09296
414.5 1.127032
415.0 1.139456
415.5 1.089296
416.0 1.424752
416.5 1.351424
417.0 0.956472
417.5 0.938768
418.0 1.232464
418.5 1.218032
419.0 1.185784
419.5 1.176656
420.0 0.965008
420.5 0.951072
421.0 1.10936
421.5 1.09456
422.0 1.096504
422.5 1.076208
423.0 1.15616
423.5 1.141776
424.0 1.124376
424.5 1.107264
425.0 1.009888
425.5 1.00528
426.0 1.344048
426.5 1.298504
427.0 1.030456
427.5 1.016256
428.0 1.078312
428.5 1.0576
429.0 0.846896
429.5 0.980064
430.0 0.614336
430.5 1.1712
431.0 0.723064
431.5 1.104
432.0 1.008656
432.5 1.163344
433.0 1.1436
433.5 1.113328
434.0 1.231688
434.5 1.20024
435.0 1.175792
435.5 1.150752
436.0 1.372832
436.5 1.292448
437.0 1.04308
437.5 1.026032
438.0 1.255696
438.5 1.159624
439.0 0.98676
439.5 0.933328
440.0 1.191712
440.5 1.1704
441.0 1.056584
441.5 1.047784
442.0 1.01284
442.5 0.996816
443.0 1.27572
443.5 1.252592
444.0 1.050104
444.5 1.032704
445.0 1.094288
445.5 1.078496
446.0 1.058168
446.5 1.04608
447.0 1.03644
447.5 1.012888
448.0 1.285832
448.5 1.25196
449.0 1.125968
449.5 1.100544
450.0 1.184632
450.5 1.167328
451.0 1.26248
451.5 1.269632
452.0 1.071096
452.5 1.031088
453.0 1.170672
453.5 1.121296
454.0 1.065872
454.5 1.059952
455.0 1.046304
455.5 1.032704
456.0 1.330368
456.5 1.250064
457.0 1.077952
457.5 1.06328
458.0 1.262136
458.5 1.23016
459.0 1.19808
459.5 1.167192
460.0 1.2254
460.5 1.205088
461.0 0.996568
461.5 0.980448
462.0 1.086896
462.5 1.086864
463.0 1.038256
463.5 1.015008
464.0 0.901768
464.5 0.895792
465.0 1.35024
465.5 1.30944
466.0 1.000656
466.5 0.996688
467.0 1.216976
467.5 1.198544
468.0 1.17068
468.5 1.11032
469.0 1.162952
469.5 1.106928
470.0 1.158816
470.5 1.149664
471.0 1.214832
471.5 1.186528
472.0 1.11864
472.5 1.104576
473.0 1.157184
473.5 1.142976
474.0 1.006048
474.5 1.011768
475.0 1.22396
475.5 1.179888
476.0 1.153528
476.5 1.078768
477.0 1.17348
477.5 1.151808
478.0 1.174208
478.5 1.153232
479.0 1.114968
479.5 1.092336
480.0 1.082696
480.5 1.061096
481.0 1.19648
481.5 1.224976
482.0 1.125976
482.5 1.05144
483.0 1.174672
483.5 1.140808
484.0 1.129344
484.5 1.153776
485.0 1.179408
485.5 1.124352
486.0 1.15992
486.5 1.132816
487.0 1.312848
487.5 1.301936
488.0 0.89464
488.5 0.883344
489.0 1.62608
489.5 1.596784
490.0 1.357976
490.5 1.350736
491.0 0.8818
491.5 0.847664
492.0 0.88808
492.5 0.878456
493.0 1.042032
493.5 1.0828
494.0 1.001696
494.5 0.937008
495.0 1.211232
495.5 1.203168
496.0 1.179872
496.5 1.109824
497.0 1.131
497.5 1.115648
498.0 1.192888
498.5 1.172424
499.0 1.291624
499.5 1.149456
500.0 1.12908
500.5 1.111344
501.0 1.13512
501.5 1.094736
502.0 1.138104
502.5 1.102256
503.0 1.087592
503.5 1.062704
504.0 1.101256
504.5 1.111632
505.0 1.256
505.5 1.185584
506.0 1.098848
506.5 1.085664
507.0 1.276112
507.5 1.261064
508.0 0.949672
508.5 0.944176
509.0 1.173888
509.5 1.1648
510.0 1.064672
510.5 1.063344
511.0 1.11296
511.5 1.111216
512.0 1.11416
512.5 1.095216
513.0 1.190512
513.5 1.151848
514.0 1.046304
514.5 1.0292
515.0 1.072328
515.5 1.101584
516.0 1.0764
516.5 0.99536
517.0 1.208544
517.5 1.77016
518.0 1.628992
518.5 1.00368
519.0 0.952992
519.5 0.898304
520.0 1.058976
520.5 1.04744
521.0 1.106368
521.5 1.071632
522.0 0.927632
522.5 0.918016
523.0 1.116272
523.5 1.108752
524.0 1.306912
524.5 1.295744
525.0 1.0226
525.5 1.007928
526.0 1.20928
526.5 1.192
527.0 1.076272
527.5 1.063552
528.0 1.222632
528.5 1.142896
529.0 1.073464
529.5 1.01616
530.0 1.271504
530.5 1.263616
531.0 1.098848
531.5 1.100048
532.0 1.215328
532.5 1.182608
533.0 1.11056
533.5 1.092656
534.0 1.009136
534.5 0.993888
535.0 1.229056
535.5 1.20552
536.0 1.11328
536.5 1.059776
537.0 1.058192
537.5 1.063344
538.0 1.282776
538.5 1.239168
539.0 1.13752
539.5 1.087824
540.0 1.299008
540.5 1.273888
541.0 1.107328
541.5 1.097344
542.0 1.182928
542.5 1.172664
543.0 1.013808
543.5 1.010944
544.0 1.101792
544.5 1.067136
545.0 1.1128
545.5 1.10264
546.0 1.119968
546.5 1.103056
547.0 1.070224
547.5 1.140624
548.0 1.227808
548.5 1.135312
549.0 1.579936
549.5 1.526736
550.0 0.888144
550.5 0.880368
551.0 1.21572
551.5 1.150704
552.0 1.311768
552.5 1.254592
553.0 1.104288
553.5 1.093472
554.0 1.169424
554.5 1.157992
555.0 1.106992
555.5 1.08568
556.0 1.231008
556.5 1.20608
557.0 1.116504
557.5 1.090032
558.0 1.15092
558.5 1.124976
559.0 1.899456
559.5 1.799552
560.0 0.703392
560.5 0.688256
561.0 0.86004
561.5 0.847456
562.0 1.037952
562.5 1.014128
563.0 1.032648
563.5 1.012432
564.0 1.038168
564.5 1.020768
565.0 0.962368
565.5 0.9536
566.0 1.31844
566.5 1.358912
567.0 1.22772
567.5 1.152016
568.0 1.101232
568.5 1.088896
569.0 1.102128
569.5 1.083128
570.0 0.947512
570.5 0.922016
571.0 1.640224
571.5 1.59976
572.0 0.963512
572.5 0.937184
573.0 0.947976
573.5 0.929888
574.0 1.813992
574.5 1.765312
575.0 0.861464
575.5 0.879288
576.0 1.036776
576.5 0.981712
577.0 0.936008
577.5 0.952208
578.0 1.469312
578.5 1.450208
579.0 0.896136
579.5 0.796112
580.0 1.014624
580.5 1.006048
581.0 1.295808
581.5 1.236896
582.0 1.024672
582.5 0.981168
583.0 1.09804
583.5 1.086
584.0 1.256168
584.5 1.233616
585.0 0.970216
585.5 0.963184
586.0 0.962528
586.5 0.940736
587.0 1.227512
587.5 1.208584
588.0 1.17592
588.5 1.159344
589.0 1.158712
589.5 1.1268
590.0 1.08496
590.5 1.066976
591.0 1.14296
591.5 1.11672
592.0 1.093088
592.5 1.184224
593.0 1.344968
593.5 1.220656
594.0 1.234576
594.5 1.208512
595.0 1.023408
595.5 1.036672
596.0 0.93608
596.5 0.886224
597.0 1.113664
597.5 1.13288
598.0 1.225824
598.5 1.15912
599.0 1.184568
599.5 1.11456
600.0 1.086728
600.5 1.0716
601.0 1.171488
601.5 1.163952
602.0 1.159776
602.5 1.139512
603.0 1.14064
603.5 1.124288
604.0 1.243472
604.5 1.497232
605.0 1.65736
605.5 1.344976
606.0 0.71752
606.5 0.707984
607.0 1.334912
607.5 1.31456
608.0 0.900856
608.5 0.896488
609.0 1.149104
609.5 1.123168
610.0 1.096336
610.5 1.088832
611.0 1.13812
611.5 1.085136
612.0 1.050632
612.5 0.993392
613.0 1.282592
613.5 1.268816
614.0 1.276384
614.5 1.231856
615.0 1.24416
615.5 1.224816
616.0 0.97968
616.5 0.964512
617.0 1.218048
617.5 1.25392
618.0 1.110592
618.5 1.047008
619.0 1.10788
619.5 1.036128
620.0 1.091144
620.5 1.073032
621.0 1.142944
621.5 1.102288
622.0 1.014896
622.5 1.007824
623.0 1.071552
623.5 1.036592
624.0 0.71056
624.5 0.877872
625.0 1.0014
625.5 1.068448
626.0 0.540104
626.5 1.255776
627.0 0.529592
627.5 1.367776
628.0 0.710952
628.5 1.035632
629.0 1.168344
629.5 1.12576
630.0 1.196552
630.5 1.173936
631.0 1.17504
631.5 1.151152
632.0 1.070864
632.5 1.044016
633.0 1.0708
633.5 1.054992
634.0 1.041216
634.5 1.032832
635.0 1.119072
635.5 1.095496
636.0 1.162664
636.5 1.143808
637.0 1.029264
637.5 1.034592
638.0 1.175752
638.5 1.119312
639.0 1.335488
639.5 1.24712
640.0 1.149184
640.5 1.131184
641.0 1.196528
641.5 1.16284
642.0 1.255064
642.5 1.172272
643.0 1.192656
643.5 1.170032
644.0 1.092192
644.5 1.070528
645.0 1.042592
645.5 1.010816
646.0 0.117896
646.5 0.498
647.0 0.12972
647.5 1.033968
648.0 0.163928
648.5 1.08416
649.0 0.223192
649.5 1.06448
650.0 0.245688
650.5 1.113856
651.0 0.31612
651.5 1.105584
652.0 0.238744
652.5 1.097008
653.0 0.240856
653.5 1.095152
654.0 0.243336
654.5 1.107104
655.0 0.28084
655.5 1.095512
656.0 0.264216
656.5 1.100544
657.0 0.248664
657.5 1.0708
658.0 0.174696
658.5 1.003232
659.0 0.13252
659.5 0.801088
660.0 0.173984
660.5 0.879424
661.0 0.192848
661.5 0.947856
662.0 0.143664
662.5 0.97184
663.0 0.181224
663.5 0.955248
664.0 0.134904
664.5 0.967184
665.0 0.237176
665.5 1.09072
666.0 0.191248
666.5 0.975008
667.0 0.230672
667.5 1.100144
668.0 0.153456
668.5 1.005952
669.0 0.217768
669.5 1.096304
670.0 0.133032
670.5 0.972832
671.0 0.295944
671.5 1.10752
672.0 0.15708
672.5 1.037648
673.0 0.232016
673.5 1.09432
674.0 0.287984
674.5 1.109696
675.0 0.230824
675.5 1.0976
676.0 0.20736
676.5 1.101104
677.0 0.228528
677.5 1.092528
678.0 0.309
678.5 1.07856
679.0 0.256424
679.5 1.10472
680.0 0.288416
680.5 1.117536
681.0 0.251464
681.5 1.098016
682.0 0.268928
682.5 1.102712
683.0 0.237904
683.5 1.08836
684.0 0.127088
684.5 0.771472
685.0 0.182328
685.5 0.88064
686.0 0.149064
686.5 0.817408
687.0 0.171432
687.5 1.032928
688.0 0.11996
688.5 0.789952
689.0 0.15604
689.5 1.061904
690.0 0.147312
690.5 0.964976
691.0 0.248096
691.5 1.09584
692.0 0.13992
692.5 0.832496
693.0 0.172408
693.5 1.138704
694.0 0.150104
694.5 0.948832
695.0 0.17004
695.5 1.098816
696.0 0.134584
696.5 1.050528
697.0 0.177936
697.5 1.238688
698.0 0.129688
698.5 0.984496
699.0 0.181376
699.5 1.223984
700.0 0.125816
700.5 1.149088
701.0 0.183816
701.5 1.269696
702.0 0.134624
702.5 1.060128
703.0 0.17808
703.5 1.314896
704.0 0.21912
704.5 1.168096
705.0 0.206768
705.5 1.307248
706.0 0.15956
706.5 1.103744
707.0 0.176672
707.5 1.340432
708.0 0.12992
708.5 1.011552
709.0 0.172152
709.5 1.2992
710.0 0.136744
710.5 1.051104
711.0 0.230648
711.5 1.300608
712.0 0.128976
712.5 1.10712
713.0 0.175248
713.5 1.31792
714.0 0.144856
714.5 1.07888
715.0 0.172168
715.5 1.307264
716.0 0.145624
716.5 1.106952
717.0 0.174808
717.5 1.294432
718.0 0.129032
718.5 1.07104
719.0 0.1672
719.5 1.240432
720.0 1.2176
720.5 1.024896
721.0 1.108112
721.5 1.160768
722.0 1.19584
722.5 1.078112
723.0 1.112992
723.5 1.187488
724.0 1.25144
724.5 1.248208
725.0 1.15588
725.5 1.177296
726.0 1.113248
726.5 1.063856
727.0 1.06744
727.5 0.989744
728.0 1.066032
728.5 1.138312
729.0 1.065752
729.5 1.055888
730.0 1.24356
730.5 1.191232
731.0 1.081152
731.5 0.975024
732.0 1.179768
732.5 1.112816
733.0 0.25872
733.5 0.15928
734.0 0.336072
734.5 0.240272
735.0 0.118936
735.5 0.194384
736.0 0.821
736.5 1.319968
737.0 2.948136
737.5 2.885888
738.0 2.792456
738.5 2.645552
739.0 1.058672
739.5 1.019568
740.0 0.304336
740.5 1.19792
741.0 0.274368
741.5 1.157104
742.0 0.76836
742.5 1.159712
743.0 1.161592
743.5 1.123736
744.0 1.196368
744.5 1.179632
745.0 1.530008
745.5 1.34
746.0 1.111376
746.5 1.047552
747.0 1.190096
747.5 1.140416
748.0 1.145096
748.5 1.104064
749.0 1.151192
749.5 1.124696
750.0 1.522776
750.5 1.4872
751.0 1.152616
751.5 1.112752
752.0 1.200216
752.5 1.137808
753.0 1.066272
753.5 1.035152
754.0 1.007792
754.5 0.982736
755.0 0.320176
755.5 1.018656
756.0 0.145152
756.5 1.190192
757.0 0.140032
757.5 1.024368
758.0 0.179824
758.5 1.01128
759.0 5.12028
759.5 1.29008
760.0 0.635352
760.5 1.121456
761.0 0.561288
761.5 1.072392
762.0 0.462192
762.5 1.268912
763.0 0.448064
763.5 1.094928
764.0 0.559032
764.5 1.218656
765.0 0.593552
765.5 1.092832
766.0 0.553376
766.5 1.192528
767.0 0.525664
767.5 0.989088
768.0 0.521648
768.5 1.19112
769.0 0.450192
769.5 1.038144
770.0 0.54484
770.5 1.324016
771.0 0.67272
771.5 1.126992
772.0 0.62848
772.5 1.082624
773.0 0.69488
773.5 1.01568
774.0 0.737512
774.5 1.27176
775.0 0.594896
775.5 0.977392
776.0 0.708208
776.5 1.112072
777.0 0.635168
777.5 1.0192
778.0 0.75904
778.5 1.310064
779.0 1.244048
779.5 0.948448
780.0 1.250856
780.5 1.239744
781.0 1.131896
781.5 1.046896
782.0 1.327392
782.5 1.294792
783.0 0.941592
783.5 0.929632
784.0 0.951288
784.5 0.947616
785.0 1.692088
785.5 1.750096
786.0 1.281352
786.5 1.161248
787.0 1.133992
787.5 1.110928
788.0 0.66592
788.5 0.655968
789.0 1.768912
789.5 1.740224
790.0 0.68488
790.5 0.684416
791.0 1.2696
791.5 1.26352
792.0 0.87556
792.5 0.847392
793.0 1.250128
793.5 1.264656
794.0 0.99688
794.5 0.958456
795.0 1.501232
795.5 1.450064
796.0 0.854352
796.5 0.84816
797.0 0.961032
797.5 0.938544
798.0 0.992064
798.5 0.9856
799.0 1.125736
799.5 1.115648
800.0 1.101136
800.5 1.039888
801.0 1.290664
801.5 1.222016
802.0 1.156856
802.5 1.147544
803.0 1.07644
803.5 1.017008
804.0 1.16644
804.5 1.132608
805.0 1.20728
805.5 1.178768
806.0 1.222168
806.5 1.203616
807.0 1.122024
807.5 1.103824
808.0 1.088216
808.5 1.06808
809.0 1.205624
809.5 1.187896
810.0 1.11636
810.5 1.09536
811.0 1.137616
811.5 1.123072
812.0 0.829144
812.5 0.856144
813.0 1.327504
813.5 1.268624
814.0 1.106552
814.5 1.088928
815.0 1.10272
815.5 1.133912
816.0 1.160416
816.5 1.108864
817.0 1.206576
817.5 1.198192
818.0 1.017904
818.5 1.047888
819.0 1.180528
819.5 1.129552
820.0 1.047272
820.5 1.037936
821.0 1.232768
821.5 1.192384
822.0 1.199744
822.5 1.165088
823.0 1.192928
823.5 1.184688
824.0 1.089
824.5 1.069872
825.0 1.030512
825.5 0.993088
826.0 1.247928
826.5 1.234912
827.0 1.03136
827.5 1.082136
828.0 1.041088
828.5 0.96024
829.0 1.13872
829.5 1.135056
830.0 1.100224
830.5 1.119728
831.0 1.463664
831.5 1.403376
832.0 1.136128
832.5 1.11544
833.0 1.001176
833.5 0.948928
834.0 0.99172
834.5 0.932352
835.0 1.182512
835.5 1.167296
836.0 1.184096
836.5 1.163568
837.0 1.064656
837.5 1.131248
838.0 1.229312
838.5 1.1436
839.0 1.082536
839.5 1.06664
840.0 0.996352
840.5 0.9992
841.0 1.306368
841.5 1.233664
842.0 1.069928
842.5 1.119512
843.0 1.222816
843.5 1.165024
844.0 1.120464
844.5 1.08528
845.0 1.137808
845.5 1.1248
846.0 1.066032
846.5 1.058336
847.0 1.25396
847.5 1.22048
848.0 1.090544
848.5 1.071704
849.0 1.201832
849.5 1.187344
850.0 1.106136
850.5 1.098
851.0 1.13956
851.5 1.11928
852.0 1.089752
852.5 1.076848
853.0 1.083792
853.5 1.089712
854.0 1.295792
854.5 1.251968
855.0 0.930032
855.5 0.921424
856.0 1.06636
856.5 1.059376
857.0 0.9364
857.5 0.931616
858.0 1.19792
858.5 1.188944
859.0 1.161712
859.5 1.160544
860.0 1.3156
860.5 1.305064
861.0 1.048224
861.5 0.986592
862.0 1.231064
862.5 1.198352
863.0 1.200336
863.5 1.139792
864.0 1.261952
864.5 1.256848
865.0 1.187608
865.5 1.112192
866.0 1.219368
866.5 1.176992
867.0 0.923376
867.5 0.910592
868.0 1.043536
868.5 1.047792
869.0 1.040408
869.5 1.019536
870.0 1.18996
870.5 1.191936
871.0 1.190136
871.5 1.151328
872.0 1.142392
872.5 1.123696
873.0 1.02744
873.5 1.058304
874.0 0.924
874.5 0.91312
875.0 1.19364
875.5 1.145832
876.0 1.095904
876.5 1.074784
877.0 1.152432
877.5 1.172112
878.0 1.199712
878.5 1.148384
879.0 1.122912
879.5 1.111024
880.0 1.352088
880.5 1.3304
881.0 1.065744
881.5 0.9818
882.0 1.209984
882.5 1.202064
883.0 1.134432
883.5 1.09888
884.0 1.146944
884.5 1.128048
885.0 1.002432
885.5 0.9952
886.0 1.162512
886.5 1.156736
887.0 1.08364
887.5 1.047584
888.0 1.206512
888.5 1.187616
889.0 1.096544
889.5 1.092736
890.0 1.113864
890.5 1.108544
891.0 1.191024
891.5 1.175776
892.0 0.9596
892.5 0.943872
893.0 1.299544
893.5 1.241928
894.0 1.114552
894.5 1.057488
895.0 1.247424
895.5 1.2308
896.0 1.05984
896.5 1.111288
897.0 1.19432
897.5 1.115904
898.0 1.11112
898.5 1.096496
899.0 1.27488
899.5 1.171896
900.0 1.327168
900.5 0.967096
901.0 1.169944
901.5 1.491904
902.0 1.373424
902.5 1.73008
903.0 1.441104
903.5 1.299512
904.0 1.230744
904.5 1.090016
905.0 1.008296
905.5 1.515928
906.0 1.458896
906.5 0.977776
907.0 0.974224
907.5 1.207344
908.0 1.085544
908.5 1.1118
909.0 1.15752
909.5 1.009752
910.0 1.108176
910.5 1.484776
911.0 1.28784
911.5 1.226184
912.0 1.241248
912.5 1.120232
913.0 1.084624
913.5 1.260792
914.0 1.24056
914.5 1.033856
915.0 1.099408
915.5 1.477792
916.0 1.41112
916.5 1.259504
917.0 1.211088
917.5 1.278328
918.0 1.314464
918.5 1.38204
919.0 1.253408
919.5 1.042328
920.0 1.253504
920.5 1.795008
921.0 1.49888
921.5 0.805096
922.0 1.558592
922.5 2.017608
923.0 1.044672
923.5 0.865896
924.0 1.14128
924.5 1.721936
925.0 1.267776
925.5 0.838168
926.0 1.002608
926.5 1.334048
927.0 1.12064
927.5 1.19384
928.0 1.383472
928.5 1.404096
929.0 1.15712
929.5 1.01976
930.0 1.15904
930.5 1.468992
931.0 1.278096
931.5 0.980136
932.0 1.089976
932.5 1.807744
933.0 1.591824
933.5 1.030536
934.0 1.098176
934.5 1.090944
935.0 1.001456
935.5 1.346872
936.0 1.398624
936.5 1.410296
937.0 1.28656
937.5 1.112
938.0 1.021312
938.5 1.311072
939.0 1.252912
939.5 1.135664
940.0 1.140624
940.5 1.44068
941.0 1.371904
941.5 1.256192
942.0 1.260256
942.5 1.25984
943.0 1.241368
943.5 0.97992
944.0 0.974856
944.5 1.483848
945.0 1.352664
945.5 1.184776
946.0 1.109024
946.5 1.047536
947.0 1.11264
947.5 0.994016
948.0 1.471752
948.5 1.998064
949.0 1.312016
949.5 0.923016
950.0 0.936816
950.5 1.472272
951.0 1.40872
951.5 1.195648
952.0 1.158928
952.5 1.166792
953.0 1.16968
953.5 1.159472
954.0 1.169248
954.5 1.38196
955.0 1.332112
955.5 1.15388
956.0 1.154352
956.5 1.527952
957.0 1.425904
957.5 1.08444
958.0 1.103328
958.5 1.267544
959.0 1.494944
959.5 1.42808
960.0 1.064136
960.5 1.18164
961.0 1.347992
961.5 1.40992
962.0 1.144288
962.5 1.426456
963.0 1.372128
963.5 1.017752
964.0 0.998288
964.5 1.358896
965.0 1.2518
965.5 1.276224
966.0 1.252656
966.5 1.457336
967.0 1.3892
967.5 0.836752
968.0 1.215424
968.5 2.0584
969.0 1.603072
969.5 1.25756
970.0 1.028192
970.5 1.124864
971.0 1.103536
971.5 1.101624
972.0 1.090896
972.5 0.962672
973.0 0.942496
973.5 1.14288
974.0 1.149936
974.5 1.387064
975.0 1.36104
975.5 1.164352
976.0 1.161344
976.5 1.475016
977.0 1.402928
977.5 1.089944
978.0 1.063376
978.5 0.87396
979.0 1.430992
979.5 1.909384
980.0 1.290288
980.5 1.075336
981.0 1.258928
981.5 1.507144
982.0 1.23288
982.5 0.81236
983.0 1.264864
983.5 2.253432
984.0 1.59848
984.5 1.246912
985.0 1.111376
985.5 0.854672
986.0 1.234896
986.5 1.451528
987.0 1.007824
987.5 0.94316
988.0 0.95112
988.5 1.328456
989.0 1.316144
989.5 0.977912
990.0 0.961552
990.5 1.001232
991.0 1.299648
991.5 1.651584
992.0 1.286848
992.5 1.231456
993.0 1.201136
993.5 1.0844
994.0 1.205536
994.5 1.220904
995.0 1.243296
995.5 1.851168
996.0 1.52768
996.5 1.066184
997.0 1.249888
997.5 1.480968
998.0 1.159848
998.5 1.15732
999.0 1.196864
999.5 1.26684
1000.0 1.2056
1000.5 1.261976
1001.0 1.225472
1001.5 1.004376
1002.0 0.995904
1002.5 1.166808
1003.0 1.178416
1003.5 1.336824
1004.0 1.238064
1004.5 1.259912
1005.0 1.17728
1005.5 1.346296
1006.0 1.294416
1006.5 1.392296
1007.0 1.36936
1007.5 1.005976
1008.0 0.997168
1008.5 1.212696
1009.0 1.206336
1009.5 1.46804
1010.0 1.412616
1010.5 1.190088
1011.0 1.209792
1011.5 1.329896
1012.0 1.269696
1012.5 1.423104
1013.0 1.356064
1013.5 1.12312
1014.0 1.130368
1014.5 1.14336
1015.0 1.120392
1015.5 1.326072
1016.0 1.287344
1016.5 1.278928
1017.0 1.262096
1017.5 1.175768
1018.0 1.170752
1018.5 1.124544
1019.0 1.13932
1019.5 1.22424
1020.0 1.202512
1020.5 1.16112
1021.0 1.151088
1021.5 1.1884
1022.0 1.211104
1022.5 1.194992
1023.0 1.18144
1023.5 1.408536
1024.0 1.343088
1024.5 1.208256
1025.0 1.105232
1025.5 1.505176
1026.0 1.453104
1026.5 0.768936
1027.0 1.263536
1027.5 2.193488
1028.0 1.454512
1028.5 1.212504
1029.0 1.311584
1029.5 1.405232
1030.0 1.235216
1030.5 0.793424
1031.0 0.76788
1031.5 1.397376
1032.0 1.3756
1032.5 1.384904
1033.0 1.329232
1033.5 1.062912
1034.0 1.24984
1034.5 1.593664
1035.0 1.312912
1035.5 1.19056
1036.0 1.163664
1036.5 1.134632
1037.0 1.109616
1037.5 1.316552
1038.0 1.309632
1038.5 0.958968
1039.0 0.864624
1039.5 1.392784
1040.0 1.36064
1040.5 1.181704
1041.0 1.164496
1041.5 0.813352
1042.0 1.281632
1042.5 2.226848
1043.0 1.548192
1043.5 0.83992
1044.0 1.251776
1044.5 1.3212
1045.0 1.191072
1045.5 0.67692
1046.0 1.17696
1046.5 1.599568
1047.0 1.09904
1047.5 0.966872
1048.0 1.300016
1048.5 1.762408
1049.0 1.442976
1049.5 0.773752
1050.0 1.150432
1050.5 0.82116
1051.0 1.083312
1051.5 0.595592
1052.0 1.107872
1052.5 1.507664
1053.0 1.281632
1053.5 0.82236
1054.0 1.187792
1054.5 1.46
1055.0 1.501904
1055.5 1.158352
1056.0 1.065872
1056.5 0.60236
1057.0 0.975392
1057.5 0.568392
1058.0 1.339024
1058.5 0.640192
1059.0 1.22976
1059.5 0.667704
1060.0 1.370672
1060.5 0.95508
1061.0 1.213344
1061.5 0.63536
1062.0 0.995072
1062.5 1.705008
1063.0 1.392816
1063.5 1.162256
1064.0 1.103944
1064.5 0.765704
1065.0 1.007504
1065.5 0.990832
1066.0 1.220752
1066.5 0.965104
1067.0 1.19384
1067.5 0.799312
1068.0 1.183648
1068.5 1.535392
1069.0 1.33928
1069.5 0.762896
1070.0 1.161664
1070.5 1.435136
1071.0 1.351392
1071.5 0.731056
1072.0 1.163968
1072.5 0.71176
1073.0 1.289264
1073.5 0.67772
1074.0 1.177856
1074.5 1.57464
1075.0 1.477344
1075.5 1.02052
1076.0 0.98584
1076.5 1.029272
1077.0 1.197472
1077.5 1.163928
1078.0 1.111568
1078.5 1.516344
1079.0 1.297488
1079.5 0.934296
1080.0 1.394784
1080.5 1.304112
1081.0 1.125264
1081.5 1.129712
1082.0 1.375328
1082.5 1.359936
1083.0 1.1896
1083.5 1.10288
1084.0 1.173888
1084.5 1.393328
1085.0 1.28176
1085.5 1.146096
1086.0 1.217896
1086.5 1.270288
1087.0 1.415688
1087.5 1.184208
1088.0 1.2206
1088.5 1.296832
1089.0 1.219384
1089.5 1.118224
1090.0 1.163528
1090.5 1.361424
1091.0 1.391464
1091.5 1.095072
1092.0 1.199816
1092.5 1.379792
1093.0 1.262952
1093.5 1.071472
1094.0 1.131232
1094.5 1.098704
1095.0 1.296296
1095.5 1.350096
1096.0 1.242352
1096.5 1.18888
1097.0 1.34272
1097.5 1.28444
1098.0 1.11936
1098.5 1.134064
1099.0 1.353728
1099.5 1.330944
1100.0 1.209952
1100.5 1.191536
1101.0 1.319392
1101.5 1.29192
1102.0 1.190112
1102.5 1.134688
1103.0 1.30012
1103.5 1.3568
1104.0 1.163952
1104.5 1.065664
1105.0 1.335416
1105.5 1.31632
1106.0 1.2474
1106.5 1.167888
1107.0 1.334288
1107.5 1.331152
1108.0 1.147536
1108.5 1.13288
1109.0 1.37188
1109.5 1.29072
1110.0 1.199008
1110.5 1.123392
1111.0 1.318672
1111.5 1.369808
1112.0 1.220624
1112.5 1.117872
1113.0 1.254208
1113.5 1.317536
1114.0 1.17868
1114.5 1.134672
1115.0 1.326096
1115.5 1.358656
1116.0 1.153472
1116.5 1.153888
1117.0 1.437424
1117.5 1.261168
1118.0 1.145952
1118.5 1.136
1119.0 1.299744
1119.5 1.319216
1120.0 1.220728
1120.5 1.156752
1121.0 1.282128
1121.5 1.254368
1122.0 1.184056
1122.5 1.191024
1123.0 1.284112
1123.5 1.228816
1124.0 1.12736
1124.5 1.094704
1125.0 1.364952
1125.5 1.428736
1126.0 1.17784
1126.5 1.102048
1127.0 1.377744
1127.5 1.285328
1128.0 1.159296
1128.5 1.162528
1129.0 1.417752
1129.5 1.357504
1130.0 1.176552
1130.5 1.098024
1131.0 1.300624
1131.5 1.363696
1132.0 1.144736
1132.5 1.174496
1133.0 1.360384
1133.5 1.254928
1134.0 1.185984
1134.5 1.096832
1135.0 1.302752
1135.5 1.269056
1136.0 1.130664
1136.5 1.211888
1137.0 1.285896
1137.5 1.286848
1138.0 1.18912
1138.5 1.111488
1139.0 1.371944
1139.5 1.313552
1140.0 1.191208
1140.5 1.125344
1141.0 1.369552
1141.5 1.383312
1142.0 1.150488
1142.5 1.107024
1143.0 1.30652
1143.5 1.315968
1144.0 1.18348
1144.5 1.186832
1145.0 1.314768
1145.5 1.20776
1146.0 1.144624
1146.5 1.183856
1147.0 1.449448
1147.5 1.360208
1148.0 1.168832
1148.5 1.047536
1149.0 1.354528
1149.5 1.333904
1150.0 1.176904
1150.5 1.244192
1151.0 1.361168
1151.5 1.266944
1152.0 1.123952
1152.5 1.160896
1153.0 1.338344
1153.5 1.332752
1154.0 1.14992
1154.5 1.140336
1155.0 1.344688
1155.5 1.256752
1156.0 1.15256
1156.5 1.1712
1157.0 1.331616
1157.5 1.292192
1158.0 1.068448
1158.5 1.041824
1159.0 1.333832
1159.5 1.34336
1160.0 1.195632
1160.5 1.114624
1161.0 1.385536
1161.5 1.4412
1162.0 1.233648
1162.5 1.148736
1163.0 1.298288
1163.5 1.307736
1164.0 1.123456
1164.5 1.111968
1165.0 1.410096
1165.5 1.33464
1166.0 1.124608
1166.5 1.102016
1167.0 1.405936
1167.5 1.31152
1168.0 1.084352
1168.5 1.1388
1169.0 1.427448
1169.5 1.29032
1170.0 1.180664
1170.5 1.22856
1171.0 1.337984
1171.5 1.276384
1172.0 1.172544
1172.5 1.138328
1173.0 1.332064
1173.5 1.310368
1174.0 0.765272
1174.5 1.146944
1175.0 0.693384
1175.5 1.260496
1176.0 0.710096
1176.5 1.136752
1177.0 0.69004
1177.5 1.193968
1178.0 1.412512
1178.5 1.253488
1179.0 1.003776
1179.5 1.249824
1180.0 0.726096
1180.5 1.147616
1181.0 0.72424
1181.5 1.335232
1182.0 1.427216
1182.5 1.123392
1183.0 1.435344
1183.5 1.363184
1184.0 1.059088
1184.5 1.03292
1185.0 1.263984
1185.5 1.321984
1186.0 1.19744
1186.5 1.105696
1187.0 1.459592
1187.5 1.369808
1188.0 1.16676
1188.5 1.182352
1189.0 1.449464
1189.5 1.335824
1190.0 1.1392
1190.5 1.174912
1191.0 1.38812
1191.5 1.337664
1192.0 1.170456
1192.5 1.142864
1193.0 1.38052
1193.5 1.277872
1194.0 1.134656
1194.5 1.165008
1195.0 1.180088
1195.5 1.313232
1196.0 1.285536
1196.5 1.0884
1197.0 1.024448
1197.5 1.413808
1198.0 0.72396
1198.5 1.054368
1199.0 0.763848
1199.5 1.241768
1200.0 1.322352
1200.5 1.18408
1201.0 1.28464
1201.5 1.223232
1202.0 1.335024
1202.5 1.260912
1203.0 1.18528
1203.5 1.314384
1204.0 1.450016
1204.5 1.285344
1205.0 1.113496
1205.5 1.087432
1206.0 1.12112
1206.5 1.151296
1207.0 1.335856
1207.5 1.228848
1208.0 1.241016
1208.5 1.16632
1209.0 1.140616
1209.5 1.187456
1210.0 1.089592
1210.5 0.899888
1211.0 0.714696
1211.5 0.887744
1212.0 1.508368
1212.5 1.416736
1213.0 1.333424
1213.5 1.356944
1214.0 1.48144
1214.5 1.414944
1215.0 1.214336
1215.5 1.177792
1216.0 1.297616
1216.5 1.260576
1217.0 1.234864
1217.5 1.29212
1218.0 1.307216
1218.5 1.237088
1219.0 1.140048
1219.5 1.147936
1220.0 1.424464
1220.5 1.365952
1221.0 1.159472
1221.5 1.133712
1222.0 1.299072
1222.5 1.3272
1223.0 1.150304
1223.5 1.11616
1224.0 1.175064
1224.5 1.099664
1225.0 1.265968
1225.5 1.249888
1226.0 1.389072
1226.5 1.359728
1227.0 0.860784
1227.5 0.772568
1228.0 0.106536
1228.5 0.1
1229.0 0.146744
1229.5 0.1
1230.0 0.147928
1230.5 0.1
1231.0 0.106608
1231.5 0.1
1232.0 0.10764
1232.5 0.101688
1233.0 0.107808
1233.5 0.1
1234.0 0.104744
1234.5 0.1
1235.0 0.106184
1235.5 0.1
1236.0 0.106152
1236.5 0.1
1237.0 0.103544
1237.5 0.1
1238.0 0.10568
1238.5 0.101688
1239.0 0.101856
1239.5 0.1
1240.0 0.102368
1240.5 0.1
1241.0 0.100928
1241.5 0.1
1242.0 0.100928
1242.5 0.1
1243.0 0.107936
1243.5 0.1
1244.0 0.106464
1244.5 0.10176
1245.0 0.101976
1245.5 0.1
1246.0 0.10348
1246.5 0.1
1247.0 0.160096
1247.5 0.1
1248.0 0.106912
1248.5 0.10888
1249.0 0.128368
1249.5 0.123648
1250.0 0.10488
1250.5 0.10268
1251.0 0.330112
1251.5 0.503264
1252.0 1.03752
1252.5 1.052752
1253.0 1.241584
1253.5 1.228
1254.0 1.08472
1254.5 1.055664
1255.0 1.24532
1255.5 1.18576
1256.0 0.985872
1256.5 1.013136
1257.0 1.331728
1257.5 1.241264
1258.0 1.063224
1258.5 1.100928
1259.0 1.232024
1259.5 1.119712
1260.0 1.14928
1260.5 1.118464
1261.0 1.019872
1261.5 1.044232
1262.0 1.31096
1262.5 1.280256
1263.0 1.73116
1263.5 1.63448
1264.0 0.8058
1264.5 0.7872
1265.0 0.986968
1265.5 0.966176
1266.0 0.960912
1266.5 0.96136
1267.0 1.162376
1267.5 1.13404
1268.0 1.157416
1268.5 1.122256
1269.0 1.401664
1269.5 1.427424
1270.0 0.985888
1270.5 0.893824
1271.0 0.988248
1271.5 0.97784
1272.0 1.136392
1272.5 1.111104
1273.0 1.075888
1273.5 1.086672
1274.0 1.050064
1274.5 1.010512
1275.0 1.105536
1275.5 1.209472
1276.0 1.229792
1276.5 1.078224
1277.0 1.143312
1277.5 1.08536
1278.0 1.061472
1278.5 1.053808
1279.0 1.296888
1279.5 1.252744
1280.0 1.282128
1280.5 1.180448
1281.0 1.175776
1281.5 1.15976
1282.0 1.012184
1282.5 0.995472
1283.0 1.311608
1283.5 1.287744
1284.0 1.193304
1284.5 1.170064
1285.0 1.112
1285.5 1.088192
1286.0 1.052136
1286.5 1.040176
1287.0 1.054496
1287.5 1.0532
1288.0 1.243144
1288.5 1.225408
1289.0 0.999392
1289.5 0.983088
1290.0 1.12412
1290.5 1.095376
1291.0 1.239912
1291.5 1.19288
1292.0 1.186144
1292.5 1.171488
1293.0 1.223008
1293.5 1.193328
1294.0 0.997296
1294.5 0.982136
1295.0 1.004
1295.5 1.027952
1296.0 1.197232
1296.5 1.139968
1297.0 1.131128
1297.5 1.06272
1298.0 1.299008
1298.5 1.273888
1299.0 1.107328
1299.5 1.097344
1300.0 1.182928
1300.5 1.172664
1301.0 1.013808
1301.5 1.010944
1302.0 1.101792
1302.5 1.067136
1303.0 1.1128
1303.5 1.10264
1304.0 1.119968
1304.5 1.103056
1305.0 1.070224
1305.5 1.140624
1306.0 1.227808
1306.5 1.135312
1307.0 1.579936
1307.5 1.526736
1308.0 0.888144
1308.5 0.880368
1309.0 1.21572
1309.5 1.150704
1310.0 1.311768
1310.5 1.254592
1311.0 1.104288
1311.5 1.093472
1312.0 1.169424
1312.5 1.157992
1313.0 1.106992
1313.5 1.08568
1314.0 1.231008
1314.5 1.20608
1315.0 1.116504
1315.5 1.090032
1316.0 1.15092
1316.5 1.124976
1317.0 1.899456
1317.5 1.799552
1318.0 0.703392
1318.5 0.688256
1319.0 0.86004
1319.5 0.847456
1320.0 1.037952
1320.5 1.014128
1321.0 1.032648
1321.5 1.012432
1322.0 1.038168
1322.5 1.020768
1323.0 0.962368
1323.5 0.9536
1324.0 1.31844
1324.5 1.358912
1325.0 1.22772
1325.5 1.152016
1326.0 1.101232
1326.5 1.088896
1327.0 1.102128
1327.5 1.083128
1328.0 0.947512
1328.5 0.922016
1329.0 1.640224
1329.5 1.59976
1330.0 0.963512
1330.5 0.937184
1331.0 0.947976
1331.5 0.929888
1332.0 1.813992
1332.5 1.765312
1333.0 0.861464
1333.5 0.879288
1334.0 1.036776
1334.5 0.981712
1335.0 0.936008
1335.5 0.952208
1336.0 1.469312
1336.5 1.450208
1337.0 0.896136
1337.5 0.796112
1338.0 1.014624
1338.5 1.006048
1339.0 1.295808
1339.5 1.236896
1340.0 1.024672
1340.5 0.981168
1341.0 1.09804
1341.5 1.086
1342.0 1.256168
1342.5 1.233616
1343.0 0.970216
1343.5 0.963184
1344.0 0.962528
1344.5 0.940736
1345.0 1.227512
1345.5 1.208584
1346.0 1.17592
1346.5 1.159344
1347.0 1.158712
1347.5 1.1268
1348.0 1.08496
1348.5 1.066976
1349.0 1.14296
1349.5 1.11672
1350.0 1.093088
1350.5 1.184224
1351.0 1.344968
1351.5 1.220656
1352.0 1.234576
1352.5 1.208512
1353.0 1.023408
1353.5 1.036672
1354.0 0.93608
1354.5 0.886224
1355.0 1.113664
1355.5 1.13288
1356.0 1.225824
1356.5 1.15912
1357.0 1.184568
1357.5 1.11456
1358.0 1.086728
1358.5 1.0716
1359.0 1.171488
1359.5 1.163952
1360.0 1.159776
1360.5 1.139512
1361.0 1.14064
1361.5 1.124288
1362.0 1.243472
1362.5 1.497232
1363.0 1.65736
1363.5 1.344976
1364.0 0.71752
1364.5 0.707984
1365.0 1.334912
1365.5 1.31456
1366.0 0.900856
1366.5 0.896488
1367.0 1.149104
1367.5 1.123168
1368.0 1.096336
1368.5 1.088832
1369.0 1.13812
1369.5 1.085136
1370.0 1.050632
1370.5 0.993392
1371.0 1.282592
1371.5 1.268816
1372.0 1.276384
1372.5 1.231856
1373.0 1.24416
1373.5 1.224816
1374.0 0.97968
1374.5 0.964512
1375.0 1.218048
1375.5 1.25392
1376.0 1.110592
1376.5 1.047008
1377.0 1.10788
1377.5 1.036128
1378.0 1.091144
1378.5 1.073032
1379.0 1.142944
1379.5 1.102288
1380.0 1.014896
1380.5 1.007824
1381.0 1.071552
1381.5 1.036592
1382.0 0.71056
1382.5 0.877872
1383.0 1.0014
1383.5 1.068448
1384.0 0.540104
1384.5 1.255776
1385.0 0.529592
1385.5 1.367776
1386.0 0.710952
1386.5 1.035632
1387.0 1.168344
1387.5 1.12576
1388.0 1.196552
1388.5 1.173936
1389.0 1.17504
1389.5 1.151152
1390.0 1.070864
1390.5 1.044016
1391.0 1.0708
1391.5 1.054992
1392.0 1.041216
1392.5 1.032832
1393.0 1.119072
1393.5 1.095496
1394.0 1.162664
1394.5 1.143808
1395.0 1.029264
1395.5 1.034592
1396.0 1.175752
1396.5 1.119312
1397.0 1.335488
1397.5 1.24712
1398.0 1.149184
1398.5 1.131184
1399.0 1.196528
1399.5 1.16284
1400.0 1.255064
1400.5 1.172272
1401.0 1.192656
1401.5 1.170032
1402.0 1.092192
1402.5 1.070528
1403.0 1.042592
1403.5 1.010816
1404.0 0.117896
1404.5 0.498
1405.0 0.12972
1405.5 1.033968
1406.0 0.163928
1406.5 1.08416
1407.0 0.223192
1407.5 1.06448
1408.0 0.245688
1408.5 1.113856
1409.0 0.31612
1409.5 1.105584
1410.0 0.238744
1410.5 1.097008
1411.0 0.240856
1411.5 1.095152
1412.0 0.243336
1412.5 1.107104
1413.0 0.28084
1413.5 1.095512
1414.0 0.264216
1414.5 1.100544
1415.0 0.248664
1415.5 1.0708
1416.0 0.174696
1416.5 1.003232
1417.0 0.13252
1417.5 0.801088
1418.0 0.173984
1418.5 0.879424
1419.0 0.192848
1419.5 0.947856
1420.0 0.143664
1420.5 0.97184
1421.0 0.181224
1421.5 0.955248
1422.0 0.134904
1422.5 0.967184
1423.0 0.237176
1423.5 1.09072
1424.0 0.191248
1424.5 0.975008
1425.0 0.230672
1425.5 1.100144
1426.0 0.153456
1426.5 1.005952
1427.0 0.217768
1427.5 1.096304
1428.0 0.133032
1428.5 0.972832
1429.0 0.295944
1429.5 1.10752
1430.0 0.15708
1430.5 1.037648
1431.0 0.232016
1431.5 1.09432
1432.0 0.287984
1432.5 1.109696
1433.0 0.230824
1433.5 1.0976
1434.0 0.20736
1434.5 1.101104
1435.0 0.228528
1435.5 1.092528
1436.0 0.309
1436.5 1.07856
1437.0 0.256424
1437.5 1.10472
1438.0 0.288416
1438.5 1.117536
1439.0 0.251464
1439.5 1.098016
