0.0 0.10888
0.5 0.128368
1.0 0.123648
1.5 0.10488
2.0 0.10268
2.5 0.330112
3.0 0.503264
3.5 1.03752
4.0 1.052752
4.5 1.241584
5.0 1.228
5.5 1.08472
6.0 1.055664
6.5 1.24532
7.0 1.18576
7.5 0.985872
8.0 1.013136
8.5 1.331728
9.0 1.241264
9.5 1.063224
10.0 1.100928
10.5 1.232024
11.0 1.119712
11.5 1.028856
12.0 0.935728
12.5 1.232352
13.0 1.154064
13.5 1.024056
14.0 1.091056
14.5 1.26688
15.0 1.283984
15.5 0.993264
16.0 0.922272
16.5 1.142752
17.0 1.295624
17.5 1.222304
18.0 1.05448
18.5 1.2308
19.0 1.219216
19.5 1.147872
20.0 1.03056
20.5 1.034768
21.0 1.078704
21.5 1.012448
22.0 0.98168
22.5 1.221456
23.0 1.207528
23.5 1.092656
24.0 1.07056
24.5 1.126016
25.0 1.114864
25.5 1.12248
26.0 1.0312
26.5 1.179016
27.0 1.320208
27.5 1.263032
28.0 1.106208
28.5 1.117336
29.0 1.07952
29.5 1.022968
30.0 1.008048
30.5 1.105856
31.0 1.170592
31.5 1.215616
32.0 1.138336
32.5 1.184928
33.0 1.20416
33.5 1.229344
34.0 1.119344
34.5 1.163136
35.0 1.086216
35.5 1.012496
36.0 1.0764
36.5 1.143088
37.0 1.06008
37.5 1.00368
38.0 1.024352
38.5 1.134664
39.0 1.145696
39.5 1.238128
40.0 1.129648
40.5 1.1438
41.0 0.9276
41.5 1.356072
42.0 1.517376
42.5 1.054528
43.0 0.953728
43.5 1.09636
44.0 1.00592
44.5 1.046592
45.0 1.11744
45.5 1.145216
46.0 1.123424
46.5 1.055768
47.0 1.098128
47.5 1.285088
48.0 1.25336
48.5 1.136952
49.0 1.130672
49.5 1.062336
50.0 1.013224
50.5 1.080624
51.0 1.084992
51.5 1.14616
52.0 1.09344
52.5 0.996368
53.0 0.977392
53.5 1.208048
54.0 1.18024
54.5 1.082896
55.0 1.08128
55.5 1.145728
56.0 1.127192
56.5 1.17504
57.0 1.141952
57.5 1.23808
58.0 1.268496
58.5 1.169728
59.0 1.06696
59.5 1.092224
60.0 1.106448
60.5 1.103824
61.0 1.031472
61.5 1.300784
62.0 1.273968
62.5 1.065376
63.0 1.036912
63.5 1.186656
64.0 1.184944
64.5 1.011872
65.0 1.067888
65.5 1.193152
66.0 1.070912
66.5 1.149968
67.0 1.108112
67.5 1.126152
68.0 1.204984
68.5 1.170112
69.0 1.078512
69.5 1.097776
70.0 1.133344
70.5 1.261664
71.0 1.10448
71.5 1.091608
72.0 0.88392
72.5 1.061408
73.0 1.130304
73.5 1.429008
74.0 1.199856
74.5 0.426928
75.0 0.286912
75.5 0.416768
76.0 0.277616
76.5 0.393304
77.0 0.132736
77.5 0.117656
78.0 0.116208
78.5 0.378048
79.0 0.13312
79.5 0.118368
80.0 0.100784
80.5 0.222776
81.0 0.100784
81.5 0.105704
82.0 0.1
82.5 0.289888
83.0 0.28692
83.5 0.322856
84.0 0.29248
84.5 0.226192
85.0 0.72624
85.5 0.376392
86.0 0.417056
86.5 0.111152
87.0 0.12152
87.5 0.177904
88.0 0.173824
88.5 0.11516
89.0 0.123208
89.5 0.220544
90.0 0.224768
90.5 0.113392
91.0 0.12152
91.5 0.292264
92.0 0.285712
92.5 0.118608
93.0 0.12152
93.5 0.2096
94.0 0.21064
94.5 0.119504
95.0 0.12328
95.5 0.211856
96.0 0.213824
96.5 0.112128
97.0 0.12024
97.5 0.20896
98.0 0.213808
98.5 0.170176
99.0 0.12648
99.5 0.244312
100.0 0.239248
100.5 0.168216
101.0 0.123224
101.5 0.329944
102.0 0.28504
102.5 0.121008
103.0 0.12152
103.5 0.186808
104.0 0.24712
104.5 0.135448
105.0 0.12152
105.5 0.117416
106.0 0.168368
106.5 0.143304
107.0 0.13604
107.5 0.120408
108.0 0.4008
108.5 0.11468
109.0 0.12152
109.5 0.123424
110.0 0.281808
110.5 0.111152
111.0 0.12152
111.5 0.119976
112.0 0.210608
112.5 0.111904
113.0 0.12152
113.5 0.110656
114.0 0.388032
114.5 0.112168
115.0 0.11224
115.5 0.106408
116.0 0.101688
116.5 0.1
117.0 0.1
117.5 0.10204
118.0 0.1
118.5 0.160416
119.0 0.1
119.5 0.104224
120.0 0.1
120.5 0.104456
121.0 0.1
121.5 0.107088
122.0 0.101688
122.5 0.105728
123.0 0.1
123.5 1.14496
124.0 0.147328
124.5 0.125856
125.0 0.143632
125.5 0.104344
126.0 0.110672
126.5 0.106864
127.0 0.281168
127.5 1.014648
128.0 1.036656
128.5 1.071984
129.0 1.05144
129.5 1.093424
130.0 1.10632
130.5 1.157432
131.0 1.102192
131.5 1.29708
132.0 1.125344
132.5 1.063168
133.0 1.130192
133.5 1.33584
134.0 1.24932
134.5 1.01752
135.0 0.997936
135.5 1.127376
136.0 1.077792
136.5 1.198816
137.0 1.183968
137.5 1.179264
138.0 1.176736
138.5 1.125336
139.0 1.091248
139.5 0.743696
140.0 1.057056
140.5 0.717312
141.0 1.21896
141.5 0.891504
142.0 1.057168
142.5 0.831104
143.0 1.144208
143.5 0.944096
144.0 1.03536
144.5 1.091888
145.0 1.047568
145.5 1.041488
146.0 1.003216
146.5 1.201152
147.0 1.28672
147.5 1.167032
148.0 1.161072
148.5 1.227896
149.0 1.115528
149.5 0.95688
150.0 1.007104
150.5 1.146752
151.0 1.051328
151.5 1.147264
152.0 1.159456
152.5 1.285664
153.0 1.117808
153.5 1.28916
154.0 1.289824
154.5 1.080784
155.0 1.166376
155.5 1.100296
156.0 1.08344
156.5 1.014448
157.0 0.97488
157.5 1.38856
158.0 1.477488
158.5 1.292152
159.0 1.150224
159.5 0.966656
160.0 0.926384
160.5 1.023448
161.0 0.97944
161.5 1.194512
162.0 1.14848
162.5 0.989728
163.0 0.986336
163.5 1.465536
164.0 1.475984
164.5 1.137104
165.0 1.15248
165.5 1.295392
166.0 1.303408
166.5 1.025144
167.0 0.973384
167.5 1.261024
168.0 1.186368
168.5 0.993312
169.0 1.015184
169.5 1.27352
170.0 1.214912
170.5 0.951808
171.0 0.76372
171.5 0.56104
172.0 0.68656
172.5 2.198312
173.0 1.908904
173.5 0.952576
174.0 1.129632
174.5 0.966008
175.0 0.99052
175.5 1.181904
176.0 1.157536
176.5 1.135808
177.0 1.1948
177.5 1.116248
178.0 0.978448
178.5 1.213024
179.0 1.196624
179.5 1.074496
180.0 1.117872
180.5 1.254208
181.0 1.317536
181.5 1.17868
182.0 1.134672
182.5 1.326096
183.0 1.358656
183.5 1.153472
184.0 1.153888
184.5 1.437424
185.0 1.261168
185.5 1.145952
186.0 1.136
186.5 1.299744
187.0 1.319216
187.5 1.220728
188.0 1.156752
188.5 1.282128
189.0 1.254368
189.5 1.184056
190.0 1.191024
190.5 1.284112
191.0 1.228816
191.5 1.12736
192.0 1.094704
192.5 1.364952
193.0 1.428736
193.5 1.17784
194.0 1.102048
194.5 1.377744
195.0 1.285328
195.5 1.159296
196.0 1.162528
196.5 1.417752
197.0 1.357504
197.5 1.176552
198.0 1.098024
198.5 1.300624
199.0 1.363696
199.5 1.144736
200.0 1.174496
200.5 1.360384
201.0 1.254928
201.5 1.185984
202.0 1.096832
202.5 1.302752
203.0 1.269056
203.5 1.130664
204.0 1.211888
204.5 1.285896
205.0 1.286848
205.5 1.18912
206.0 1.111488
206.5 1.371944
207.0 1.313552
207.5 1.191208
208.0 1.125344
208.5 1.369552
209.0 1.383312
209.5 1.150488
210.0 1.107024
210.5 1.30652
211.0 1.315968
211.5 1.18348
212.0 1.186832
212.5 1.314768
213.0 1.20776
213.5 1.144624
214.0 1.183856
214.5 1.449448
215.0 1.360208
215.5 1.168832
216.0 1.047536
216.5 1.354528
217.0 1.333904
217.5 1.176904
218.0 1.244192
218.5 1.361168
219.0 1.266944
219.5 1.123952
220.0 1.160896
220.5 1.338344
221.0 1.332752
221.5 1.14992
222.0 1.140336
222.5 1.344688
223.0 1.256752
223.5 1.15256
224.0 1.1712
224.5 1.331616
225.0 1.292192
225.5 1.068448
226.0 1.041824
226.5 1.333832
227.0 1.34336
227.5 1.195632
228.0 1.114624
228.5 1.385536
229.0 1.4412
229.5 1.233648
230.0 1.148736
230.5 1.298288
231.0 1.307736
231.5 1.123456
232.0 1.111968
232.5 1.410096
233.0 1.33464
233.5 1.124608
234.0 1.102016
234.5 1.405936
235.0 1.31152
235.5 1.084352
236.0 1.1388
236.5 1.427448
237.0 1.29032
237.5 1.180664
238.0 1.22856
238.5 1.337984
239.0 1.276384
239.5 1.172544
240.0 1.138328
240.5 1.332064
241.0 1.310368
241.5 0.765272
242.0 1.146944
242.5 0.693384
243.0 1.260496
243.5 0.710096
244.0 1.136752
244.5 0.69004
245.0 1.193968
245.5 1.412512
246.0 1.253488
246.5 1.003776
247.0 1.249824
247.5 0.726096
248.0 1.147616
248.5 0.72424
249.0 1.335232
249.5 1.427216
250.0 1.123392
250.5 1.435344
251.0 1.363184
251.5 1.059088
252.0 1.03292
252.5 1.263984
253.0 1.321984
253.5 1.19744
254.0 1.105696
254.5 1.459592
255.0 1.369808
255.5 1.16676
256.0 1.182352
256.5 1.449464
257.0 1.335824
257.5 1.1392
258.0 1.174912
258.5 1.38812
259.0 1.337664
259.5 1.170456
260.0 1.142864
260.5 1.38052
261.0 1.277872
261.5 1.134656
262.0 1.165008
262.5 1.180088
263.0 1.313232
263.5 1.285536
264.0 1.0884
264.5 1.024448
265.0 1.413808
265.5 0.72396
266.0 1.054368
266.5 0.763848
267.0 1.241768
267.5 1.322352
268.0 1.18408
268.5 1.28464
269.0 1.223232
269.5 1.335024
270.0 1.260912
270.5 1.18528
271.0 1.314384
271.5 1.450016
272.0 1.285344
272.5 1.113496
273.0 1.087432
273.5 1.12112
274.0 1.151296
274.5 1.335856
275.0 1.228848
275.5 1.241016
276.0 1.16632
276.5 1.140616
277.0 1.187456
277.5 1.089592
278.0 0.899888
278.5 0.714696
279.0 0.887744
279.5 1.508368
280.0 1.416736
280.5 1.333424
281.0 1.356944
281.5 1.48144
282.0 1.414944
282.5 1.214336
283.0 1.177792
283.5 1.297616
284.0 1.260576
284.5 1.234864
285.0 1.29212
285.5 1.307216
286.0 1.237088
286.5 1.140048
287.0 1.147936
287.5 1.424464
288.0 1.365952
288.5 1.159472
289.0 1.133712
289.5 1.299072
290.0 1.3272
290.5 1.150304
291.0 1.11616
291.5 1.175064
292.0 1.099664
292.5 1.265968
293.0 1.249888
293.5 1.389072
294.0 1.359728
294.5 0.860784
295.0 0.772568
295.5 0.106536
296.0 0.1
296.5 0.146744
297.0 0.1
297.5 0.147928
298.0 0.1
298.5 0.106608
299.0 0.1
299.5 0.10764
300.0 0.101688
300.5 0.107808
301.0 0.1
301.5 0.104744
302.0 0.1
302.5 0.106184
303.0 0.1
303.5 0.106152
304.0 0.1
304.5 0.103544
305.0 0.1
305.5 0.10568
306.0 0.101688
306.5 0.101856
307.0 0.1
307.5 0.102368
308.0 0.1
308.5 0.100928
309.0 0.1
309.5 0.100928
310.0 0.1
310.5 0.107936
311.0 0.1
311.5 0.106464
312.0 0.10176
312.5 0.101976
313.0 0.1
313.5 0.10348
314.0 0.1
314.5 0.160096
315.0 0.1
315.5 0.106912
316.0 0.10888
316.5 0.128368
317.0 0.123648
317.5 0.10488
318.0 0.10268
318.5 0.330112
319.0 0.503264
319.5 1.03752
320.0 1.052752
320.5 1.241584
321.0 1.228
321.5 1.08472
322.0 1.055664
322.5 1.24532
323.0 1.18576
323.5 0.985872
324.0 1.013136
324.5 1.331728
325.0 1.241264
325.5 1.063224
326.0 1.100928
326.5 1.232024
327.0 1.119712
327.5 1.028856
328.0 0.935728
328.5 1.232352
329.0 1.154064
329.5 1.024056
330.0 1.091056
330.5 1.26688
331.0 1.283984
331.5 0.993264
332.0 0.922272
332.5 1.142752
333.0 1.295624
333.5 1.222304
334.0 1.05448
334.5 1.2308
335.0 1.219216
335.5 1.147872
336.0 1.03056
336.5 1.034768
337.0 1.078704
337.5 1.012448
338.0 0.98168
338.5 1.221456
339.0 1.207528
339.5 1.092656
340.0 1.07056
340.5 1.126016
341.0 1.114864
341.5 1.12248
342.0 1.0312
342.5 1.179016
343.0 1.320208
343.5 1.263032
344.0 1.106208
344.5 1.117336
345.0 1.07952
345.5 1.022968
346.0 1.008048
346.5 1.105856
347.0 1.170592
347.5 1.215616
348.0 1.138336
348.5 1.184928
349.0 1.20416
349.5 1.229344
350.0 1.119344
350.5 1.163136
351.0 1.086216
351.5 1.012496
352.0 1.0764
352.5 1.143088
353.0 1.06008
353.5 1.00368
354.0 1.024352
354.5 1.134664
355.0 1.145696
355.5 1.238128
356.0 1.129648
356.5 1.1438
357.0 0.9276
357.5 1.356072
358.0 1.517376
358.5 1.054528
359.0 0.953728
359.5 1.09636
360.0 1.364952
360.5 1.428736
361.0 1.17784
361.5 1.102048
362.0 1.377744
362.5 1.285328
363.0 1.159296
363.5 1.162528
364.0 1.417752
364.5 1.357504
365.0 1.176552
365.5 1.098024
366.0 1.300624
366.5 1.363696
367.0 1.144736
367.5 1.174496
368.0 1.360384
368.5 1.254928
369.0 1.185984
369.5 1.096832
370.0 1.302752
370.5 1.269056
371.0 1.130664
371.5 1.211888
372.0 1.285896
372.5 1.286848
373.0 1.18912
373.5 1.111488
374.0 1.371944
374.5 1.313552
375.0 1.191208
375.5 1.125344
376.0 1.369552
376.5 1.383312
377.0 1.150488
377.5 1.107024
378.0 1.30652
378.5 1.315968
379.0 1.18348
379.5 1.186832
380.0 1.314768
380.5 1.20776
381.0 1.144624
381.5 1.183856
382.0 1.449448
382.5 1.360208
383.0 1.168832
383.5 1.047536
384.0 1.354528
384.5 1.333904
385.0 1.176904
385.5 1.244192
386.0 1.361168
386.5 1.266944
387.0 1.123952
387.5 1.160896
388.0 1.338344
388.5 1.332752
389.0 1.14992
389.5 1.140336
390.0 1.344688
390.5 1.256752
391.0 1.15256
391.5 1.1712
392.0 1.331616
392.5 1.292192
393.0 1.068448
393.5 1.041824
394.0 1.333832
394.5 1.34336
395.0 1.195632
395.5 1.114624
396.0 1.385536
396.5 1.4412
397.0 1.233648
397.5 1.148736
398.0 1.298288
398.5 1.307736
399.0 1.123456
399.5 1.111968
400.0 1.410096
400.5 1.33464
401.0 1.124608
401.5 1.102016
402.0 1.405936
402.5 1.31152
403.0 1.084352
403.5 1.1388
404.0 1.427448
404.5 1.29032
405.0 1.180664
405.5 1.22856
406.0 1.337984
406.5 1.276384
407.0 1.172544
407.5 1.138328
408.0 1.332064
408.5 1.310368
409.0 0.765272
409.5 1.146944
410.0 0.693384
410.5 1.260496
411.0 0.710096
411.5 1.136752
412.0 0.69004
412.5 1.193968
413.0 1.412512
413.5 1.253488
414.0 1.003776
414.5 1.249824
415.0 0.726096
415.5 1.147616
416.0 0.72424
416.5 1.335232
417.0 1.427216
417.5 1.123392
418.0 1.435344
418.5 1.363184
419.0 1.059088
419.5 1.03292
420.0 1.263984
420.5 1.321984
421.0 1.19744
421.5 1.105696
422.0 1.459592
422.5 1.369808
423.0 1.16676
423.5 1.182352
424.0 1.449464
424.5 1.335824
425.0 1.1392
425.5 1.174912
426.0 1.38812
426.5 1.337664
427.0 1.170456
427.5 1.142864
428.0 1.38052
428.5 1.277872
429.0 1.134656
429.5 1.165008
430.0 1.180088
430.5 1.313232
431.0 1.285536
431.5 1.0884
432.0 1.024448
432.5 1.413808
433.0 0.72396
433.5 1.054368
434.0 0.763848
434.5 1.241768
435.0 1.322352
435.5 1.18408
436.0 1.28464
436.5 1.223232
437.0 1.335024
437.5 1.260912
438.0 1.18528
438.5 1.314384
439.0 1.450016
439.5 1.285344
440.0 1.113496
440.5 1.087432
441.0 1.12112
441.5 1.151296
442.0 1.335856
442.5 1.228848
443.0 1.241016
443.5 1.16632
444.0 1.140616
444.5 1.187456
445.0 1.089592
445.5 0.899888
446.0 0.714696
446.5 0.887744
447.0 1.508368
447.5 1.416736
448.0 1.333424
448.5 1.356944
449.0 1.48144
449.5 1.414944
450.0 1.214336
450.5 1.177792
451.0 1.297616
451.5 1.260576
452.0 1.234864
452.5 1.29212
453.0 1.307216
453.5 1.237088
454.0 1.140048
454.5 1.147936
455.0 1.424464
455.5 1.365952
456.0 1.159472
456.5 1.133712
457.0 1.299072
457.5 1.3272
458.0 1.150304
458.5 1.11616
459.0 1.175064
459.5 1.099664
460.0 1.265968
460.5 1.249888
461.0 1.389072
461.5 1.359728
462.0 0.860784
462.5 0.772568
463.0 0.106536
463.5 0.1
464.0 0.146744
464.5 0.1
465.0 0.147928
465.5 0.1
466.0 0.106608
466.5 0.1
467.0 0.10764
467.5 0.101688
468.0 0.107808
468.5 0.1
469.0 0.104744
469.5 0.1
470.0 0.106184
470.5 0.1
471.0 0.106152
471.5 0.1
472.0 0.103544
472.5 0.1
473.0 0.10568
473.5 0.101688
474.0 0.101856
474.5 0.1
475.0 0.102368
475.5 0.1
476.0 0.100928
476.5 0.1
477.0 0.100928
477.5 0.1
478.0 0.107936
478.5 0.1
479.0 0.106464
479.5 0.10176
480.0 0.101976
480.5 0.1
481.0 0.10348
481.5 0.1
482.0 0.160096
482.5 0.1
483.0 0.106912
483.5 0.10888
484.0 0.128368
484.5 0.123648
485.0 0.10488
485.5 0.10268
486.0 0.330112
486.5 0.503264
487.0 1.03752
487.5 1.052752
488.0 1.241584
488.5 1.228
489.0 1.08472
489.5 1.055664
490.0 1.24532
490.5 1.18576
491.0 0.985872
491.5 1.013136
492.0 1.331728
492.5 1.241264
493.0 1.063224
493.5 1.100928
494.0 1.232024
494.5 1.119712
495.0 1.028856
495.5 0.935728
496.0 1.232352
496.5 1.154064
497.0 1.024056
497.5 1.091056
498.0 1.26688
498.5 1.283984
499.0 0.993264
499.5 0.922272
500.0 1.142752
500.5 1.295624
501.0 1.222304
501.5 1.05448
502.0 1.2308
502.5 1.219216
503.0 1.147872
503.5 1.03056
504.0 1.034768
504.5 1.078704
505.0 1.012448
505.5 0.98168
506.0 1.221456
506.5 1.207528
507.0 1.092656
507.5 1.07056
508.0 1.126016
508.5 1.114864
509.0 1.12248
509.5 1.0312
510.0 1.179016
510.5 1.320208
511.0 1.263032
511.5 1.106208
512.0 1.117336
512.5 1.07952
513.0 1.022968
513.5 1.008048
514.0 1.105856
514.5 1.170592
515.0 1.215616
515.5 1.138336
516.0 1.184928
516.5 1.20416
517.0 1.229344
517.5 1.119344
518.0 1.163136
518.5 1.086216
519.0 1.012496
519.5 1.0764
520.0 1.143088
520.5 1.06008
521.0 1.00368
521.5 1.024352
522.0 1.134664
522.5 1.145696
523.0 1.238128
523.5 1.129648
524.0 1.1438
524.5 0.9276
525.0 1.356072
525.5 1.517376
526.0 1.054528
526.5 0.953728
527.0 1.09636
527.5 1.00592
528.0 1.046592
528.5 1.11744
529.0 1.145216
529.5 1.123424
530.0 1.055768
530.5 1.098128
531.0 1.285088
531.5 1.25336
532.0 1.136952
532.5 1.130672
533.0 1.062336
533.5 1.013224
534.0 1.080624
534.5 1.084992
535.0 1.14616
535.5 1.09344
536.0 0.996368
536.5 0.977392
537.0 1.208048
537.5 1.18024
538.0 1.082896
538.5 1.08128
539.0 1.145728
539.5 1.127192
540.0 1.307088
540.5 1.177848
541.0 1.075392
541.5 1.172296
542.0 1.170096
542.5 1.173168
543.0 1.170272
543.5 1.719248
544.0 1.58432
544.5 1.006608
545.0 0.984496
545.5 1.661688
546.0 1.495808
546.5 0.998664
547.0 0.945488
547.5 1.448712
548.0 1.40576
548.5 1.298472
549.0 1.221808
549.5 0.725648
550.0 1.2844
550.5 1.557112
551.0 1.179616
551.5 1.446184
552.0 1.113952
552.5 0.94636
553.0 0.937296
553.5 1.466608
554.0 1.388392
554.5 1.051424
555.0 1.077248
555.5 1.006256
556.0 1.419616
556.5 1.891768
557.0 1.344768
557.5 1.335296
558.0 1.256704
558.5 1.182536
559.0 1.166656
559.5 1.168856
560.0 1.1684
560.5 1.018488
561.0 0.99512
561.5 1.126536
562.0 1.376832
562.5 1.521632
563.0 1.208224
563.5 1.385592
564.0 1.344208
564.5 1.213064
565.0 1.167024
565.5 1.28512
566.0 1.183248
566.5 1.16032
567.0 1.147728
567.5 1.372656
568.0 1.344032
568.5 1.053472
569.0 1.25912
569.5 1.590152
570.0 1.299184
570.5 1.313784
571.0 1.215744
571.5 1.385584
572.0 1.328112
572.5 1.200784
573.0 1.18664
573.5 1.30872
574.0 1.293568
574.5 1.182256
575.0 1.16056
575.5 0.931536
576.0 1.251568
576.5 1.664016
577.0 1.270432
577.5 0.680216
578.0 1.00528
578.5 1.653976
579.0 1.259696
579.5 0.988184
580.0 1.260624
580.5 1.871352
581.0 1.448704
581.5 1.087664
582.0 1.29784
582.5 0.727072
583.0 1.148688
583.5 0.6264
584.0 0.95216
584.5 1.660688
585.0 1.382608
585.5 1.024272
586.0 1.139472
586.5 1.610448
587.0 1.36516
587.5 1.211416
588.0 1.344944
588.5 1.282552
589.0 1.268992
589.5 1.451872
590.0 0.98768
590.5 0.985256
591.0 0.963712
591.5 0.793728
592.0 0.960128
592.5 1.129664
593.0 1.346928
593.5 0.569208
594.0 1.290688
594.5 0.340432
595.0 1.601536
595.5 2.80468
596.0 1.317296
596.5 1.130032
597.0 1.227872
597.5 0.853968
598.0 1.083856
598.5 1.034912
599.0 1.058112
599.5 1.097176
600.0 1.164744
600.5 0.647512
601.0 1.466512
601.5 0.980248
602.0 1.564
602.5 0.833248
603.0 1.07276
603.5 0.731816
604.0 1.08608
604.5 0.485608
605.0 1.494792
605.5 1.283936
606.0 1.195384
606.5 0.817352
607.0 1.502928
607.5 0.920632
608.0 1.235296
608.5 0.788504
609.0 0.886064
609.5 0.5642
610.0 1.172432
610.5 1.29836
611.0 1.29992
611.5 0.903976
612.0 0.979456
612.5 0.94748
613.0 1.144848
613.5 0.731256
614.0 0.977056
614.5 1.005472
615.0 1.545584
615.5 0.759744
616.0 1.074128
616.5 0.84508
617.0 1.292352
617.5 0.593088
618.0 1.175904
618.5 0.87288
619.0 1.315232
619.5 0.644544
620.0 1.056872
620.5 1.184448
621.0 1.327168
621.5 0.967096
622.0 1.169944
622.5 1.491904
623.0 1.373424
623.5 1.73008
624.0 1.441104
624.5 1.299512
625.0 1.230744
625.5 1.090016
626.0 1.008296
626.5 1.515928
627.0 1.458896
627.5 0.977776
628.0 0.974224
628.5 1.207344
629.0 1.085544
629.5 1.1118
630.0 1.15752
630.5 1.009752
631.0 1.108176
631.5 1.484776
632.0 1.28784
632.5 1.226184
633.0 1.241248
633.5 1.120232
634.0 1.084624
634.5 1.260792
635.0 1.24056
635.5 1.033856
636.0 1.099408
636.5 1.477792
637.0 1.41112
637.5 1.259504
638.0 1.211088
638.5 1.278328
639.0 1.314464
639.5 1.38204
640.0 1.253408
640.5 1.042328
641.0 1.253504
641.5 1.795008
642.0 1.49888
642.5 0.805096
643.0 1.558592
643.5 2.017608
644.0 1.044672
644.5 0.865896
645.0 1.14128
645.5 1.721936
646.0 1.267776
646.5 0.838168
647.0 1.002608
647.5 1.334048
648.0 1.12064
648.5 1.19384
649.0 1.383472
649.5 1.404096
650.0 1.15712
650.5 1.01976
651.0 1.15904
651.5 1.468992
652.0 1.278096
652.5 0.980136
653.0 1.089976
653.5 1.807744
654.0 1.591824
654.5 1.030536
655.0 1.098176
655.5 1.090944
656.0 1.001456
656.5 1.346872
657.0 1.398624
657.5 1.410296
658.0 1.28656
658.5 1.112
659.0 1.021312
659.5 1.311072
660.0 1.252912
660.5 1.135664
661.0 1.140624
661.5 1.44068
662.0 1.371904
662.5 1.256192
663.0 1.260256
663.5 1.25984
664.0 1.241368
664.5 0.97992
665.0 0.974856
665.5 1.483848
666.0 1.352664
666.5 1.184776
667.0 1.109024
667.5 1.047536
668.0 1.11264
668.5 0.994016
669.0 1.471752
669.5 1.998064
670.0 1.312016
670.5 0.923016
671.0 0.936816
671.5 1.472272
672.0 1.40872
672.5 1.195648
673.0 1.158928
673.5 1.166792
674.0 1.16968
674.5 1.159472
675.0 1.169248
675.5 1.38196
676.0 1.332112
676.5 1.15388
677.0 1.154352
677.5 1.527952
678.0 1.425904
678.5 1.08444
679.0 1.103328
679.5 1.267544
680.0 1.494944
680.5 1.42808
681.0 1.064136
681.5 1.18164
682.0 1.347992
682.5 1.40992
683.0 1.144288
683.5 1.426456
684.0 1.372128
684.5 1.017752
685.0 0.998288
685.5 1.358896
686.0 1.2518
686.5 1.276224
687.0 1.252656
687.5 1.457336
688.0 1.3892
688.5 0.836752
689.0 1.215424
689.5 2.0584
690.0 1.603072
690.5 1.25756
691.0 1.028192
691.5 1.124864
692.0 1.103536
692.5 1.101624
693.0 1.090896
693.5 0.962672
694.0 0.942496
694.5 1.14288
695.0 1.149936
695.5 1.387064
696.0 1.36104
696.5 1.164352
697.0 1.161344
697.5 1.475016
698.0 1.402928
698.5 1.089944
699.0 1.063376
699.5 0.87396
700.0 1.430992
700.5 1.909384
701.0 1.290288
701.5 1.075336
702.0 1.258928
702.5 1.507144
703.0 1.23288
703.5 0.81236
704.0 1.264864
704.5 2.253432
705.0 1.59848
705.5 1.246912
706.0 1.111376
706.5 0.854672
707.0 1.234896
707.5 1.451528
708.0 1.007824
708.5 0.94316
709.0 0.95112
709.5 1.328456
710.0 1.316144
710.5 0.977912
711.0 0.961552
711.5 1.001232
712.0 1.299648
712.5 1.651584
713.0 1.286848
713.5 1.231456
714.0 1.201136
714.5 1.0844
715.0 1.205536
715.5 1.220904
716.0 1.243296
716.5 1.851168
717.0 1.52768
717.5 1.066184
718.0 1.249888
718.5 1.480968
719.0 1.159848
719.5 1.15732
720.0 1.218512
720.5 1.311056
721.0 1.132392
721.5 1.148352
722.0 1.339312
722.5 1.324224
723.0 1.134264
723.5 1.193216
724.0 1.335672
724.5 1.25136
725.0 1.158968
725.5 1.187088
726.0 1.3534
726.5 1.287792
727.0 1.111952
727.5 1.129776
728.0 1.306008
728.5 1.28216
729.0 1.143872
729.5 1.116896
730.0 1.269216
730.5 1.296592
731.0 1.20632
731.5 1.174736
732.0 0.920576
732.5 0.919744
733.0 0.800424
733.5 1.351984
734.0 0.73536
734.5 1.135328
735.0 0.688768
735.5 1.271312
736.0 0.814896
736.5 1.131232
737.0 1.151616
737.5 1.271616
738.0 1.056624
738.5 1.182752
739.0 0.794064
739.5 1.332992
740.0 0.689872
740.5 1.07176
741.0 1.263184
741.5 1.394848
742.0 1.086864
742.5 1.176944
743.0 1.377624
743.5 1.2672
744.0 1.160176
744.5 1.039776
745.0 1.38128
745.5 1.368752
746.0 1.1464
746.5 1.177536
747.0 1.265408
747.5 1.292064
748.0 1.212896
748.5 1.16652
749.0 1.360688
749.5 1.309248
750.0 1.161456
750.5 1.115792
751.0 1.33368
751.5 1.321888
752.0 1.170112
752.5 1.165344
753.0 1.30748
753.5 1.288048
754.0 1.213848
754.5 1.172992
755.0 1.354104
755.5 1.264768
756.0 1.170016
756.5 1.206608
757.0 1.30168
757.5 1.242656
758.0 1.123792
758.5 1.140016
759.0 1.297528
759.5 1.22824
760.0 1.200544
760.5 1.253232
761.0 1.326016
761.5 1.30272
762.0 1.177552
762.5 1.117584
763.0 1.379912
763.5 1.382784
764.0 1.186576
764.5 1.129232
765.0 1.339128
765.5 1.251344
766.0 1.247616
766.5 1.145072
767.0 1.329504
767.5 1.347232
768.0 1.180056
768.5 1.121584
769.0 1.32136
769.5 1.302544
770.0 1.112784
770.5 1.10528
771.0 1.362336
771.5 1.401808
772.0 1.19132
772.5 1.161936
773.0 1.33684
773.5 1.27624
774.0 1.080816
774.5 1.079712
775.0 1.339232
775.5 1.326352
776.0 1.152208
776.5 1.112064
777.0 1.355624
777.5 1.305728
778.0 1.127472
778.5 1.239168
779.0 1.327272
779.5 1.261968
780.0 0.71
780.5 1.121152
781.0 0.762816
781.5 1.328104
782.0 0.761008
782.5 1.171728
783.0 0.954056
783.5 1.321696
784.0 1.22112
784.5 1.100112
785.0 1.488512
785.5 1.37648
786.0 1.068032
786.5 1.11696
787.0 1.374024
787.5 1.26648
788.0 1.137792
788.5 1.157232
789.0 1.338544
789.5 1.33044
790.0 1.189904
790.5 1.091952
791.0 1.311632
791.5 1.33632
792.0 1.154784
792.5 1.149968
793.0 1.128328
793.5 1.302528
794.0 1.350304
794.5 1.147072
795.0 1.223744
795.5 1.163872
796.0 1.20744
796.5 1.175808
797.0 1.394784
797.5 1.304112
798.0 1.125264
798.5 1.129712
799.0 1.375328
799.5 1.359936
800.0 1.1896
800.5 1.10288
801.0 1.173888
801.5 1.393328
802.0 1.28176
802.5 1.146096
803.0 1.217896
803.5 1.270288
804.0 1.415688
804.5 1.184208
805.0 1.2206
805.5 1.296832
806.0 1.219384
806.5 1.118224
807.0 1.163528
807.5 1.361424
808.0 1.391464
808.5 1.095072
809.0 1.199816
809.5 1.379792
810.0 1.262952
810.5 1.071472
811.0 1.131232
811.5 1.098704
812.0 1.296296
812.5 1.350096
813.0 1.242352
813.5 1.18888
814.0 1.34272
814.5 1.28444
815.0 1.11936
815.5 1.134064
816.0 1.353728
816.5 1.330944
817.0 1.209952
817.5 1.191536
818.0 1.319392
818.5 1.29192
819.0 1.190112
819.5 1.134688
820.0 1.30012
820.5 1.3568
821.0 1.163952
821.5 1.065664
822.0 1.335416
822.5 1.31632
823.0 1.2474
823.5 1.167888
824.0 1.334288
824.5 1.331152
825.0 1.147536
825.5 1.13288
826.0 1.37188
826.5 1.29072
827.0 1.199008
827.5 1.123392
828.0 1.318672
828.5 1.369808
829.0 1.220624
829.5 1.117872
830.0 1.254208
830.5 1.317536
831.0 1.17868
831.5 1.134672
832.0 1.326096
832.5 1.358656
833.0 1.153472
833.5 1.153888
834.0 1.437424
834.5 1.261168
835.0 1.145952
835.5 1.136
836.0 1.299744
836.5 1.319216
837.0 1.220728
837.5 1.156752
838.0 1.282128
838.5 1.254368
839.0 1.184056
839.5 1.191024
840.0 1.284112
840.5 1.228816
841.0 1.12736
841.5 1.094704
842.0 1.364952
842.5 1.428736
843.0 1.17784
843.5 1.102048
844.0 1.377744
844.5 1.285328
845.0 1.159296
845.5 1.162528
846.0 1.417752
846.5 1.357504
847.0 1.176552
847.5 1.098024
848.0 1.300624
848.5 1.363696
849.0 1.144736
849.5 1.174496
850.0 1.360384
850.5 1.254928
851.0 1.185984
851.5 1.096832
852.0 1.302752
852.5 1.269056
853.0 1.130664
853.5 1.211888
854.0 1.285896
854.5 1.286848
855.0 1.18912
855.5 1.111488
856.0 1.371944
856.5 1.313552
857.0 1.191208
857.5 1.125344
858.0 1.369552
858.5 1.383312
859.0 1.150488
859.5 1.107024
860.0 1.30652
860.5 1.315968
861.0 1.18348
861.5 1.186832
862.0 1.314768
862.5 1.20776
863.0 1.144624
863.5 1.183856
864.0 1.449448
864.5 1.360208
865.0 1.168832
865.5 1.047536
866.0 1.354528
866.5 1.333904
867.0 1.176904
867.5 1.244192
868.0 1.361168
868.5 1.266944
869.0 1.123952
869.5 1.160896
870.0 1.338344
870.5 1.332752
871.0 1.14992
871.5 1.140336
872.0 1.344688
872.5 1.256752
873.0 1.15256
873.5 1.1712
874.0 1.331616
874.5 1.292192
875.0 1.068448
875.5 1.041824
876.0 1.333832
876.5 1.34336
877.0 1.195632
877.5 1.114624
878.0 1.385536
878.5 1.4412
879.0 1.233648
879.5 1.148736
880.0 1.298288
880.5 1.307736
881.0 1.123456
881.5 1.111968
882.0 1.410096
882.5 1.33464
883.0 1.124608
883.5 1.102016
884.0 1.405936
884.5 1.31152
885.0 1.084352
885.5 1.1388
886.0 1.427448
886.5 1.29032
887.0 1.180664
887.5 1.22856
888.0 1.337984
888.5 1.276384
889.0 1.172544
889.5 1.138328
890.0 1.332064
890.5 1.310368
891.0 0.765272
891.5 1.146944
892.0 0.693384
892.5 1.260496
893.0 0.710096
893.5 1.136752
894.0 0.69004
894.5 1.193968
895.0 1.412512
895.5 1.253488
896.0 1.003776
896.5 1.249824
897.0 0.726096
897.5 1.147616
898.0 0.72424
898.5 1.335232
899.0 1.427216
899.5 1.123392
900.0 0.12972
900.5 1.033968
901.0 0.163928
901.5 1.08416
902.0 0.223192
902.5 1.06448
903.0 0.245688
903.5 1.113856
904.0 0.31612
904.5 1.105584
905.0 0.238744
905.5 1.097008
906.0 0.240856
906.5 1.095152
907.0 0.243336
907.5 1.107104
908.0 0.28084
908.5 1.095512
909.0 0.264216
909.5 1.100544
910.0 0.248664
910.5 1.0708
911.0 0.174696
911.5 1.003232
912.0 0.13252
912.5 0.801088
913.0 0.173984
913.5 0.879424
914.0 0.192848
914.5 0.947856
915.0 0.143664
915.5 0.97184
916.0 0.181224
916.5 0.955248
917.0 0.134904
917.5 0.967184
918.0 0.237176
918.5 1.09072
919.0 0.191248
919.5 0.975008
920.0 0.230672
920.5 1.100144
921.0 0.153456
921.5 1.005952
922.0 0.217768
922.5 1.096304
923.0 0.133032
923.5 0.972832
924.0 0.295944
924.5 1.10752
925.0 0.15708
925.5 1.037648
926.0 0.232016
926.5 1.09432
927.0 0.287984
927.5 1.109696
928.0 0.230824
928.5 1.0976
929.0 0.20736
929.5 1.101104
930.0 0.228528
930.5 1.092528
931.0 0.309
931.5 1.07856
932.0 0.256424
932.5 1.10472
933.0 0.288416
933.5 1.117536
934.0 0.251464
934.5 1.098016
935.0 0.268928
935.5 1.102712
936.0 0.237904
936.5 1.08836
937.0 0.127088
937.5 0.771472
938.0 0.182328
938.5 0.88064
939.0 0.149064
939.5 0.817408
940.0 0.171432
940.5 1.032928
941.0 0.11996
941.5 0.789952
942.0 0.15604
942.5 1.061904
943.0 0.147312
943.5 0.964976
944.0 0.248096
944.5 1.09584
945.0 0.13992
945.5 0.832496
946.0 0.172408
946.5 1.138704
947.0 0.150104
947.5 0.948832
948.0 0.17004
948.5 1.098816
949.0 0.134584
949.5 1.050528
950.0 0.177936
950.5 1.238688
951.0 0.129688
951.5 0.984496
952.0 0.181376
952.5 1.223984
953.0 0.125816
953.5 1.149088
954.0 0.183816
954.5 1.269696
955.0 0.134624
955.5 1.060128
956.0 0.17808
956.5 1.314896
957.0 0.21912
957.5 1.168096
958.0 0.206768
958.5 1.307248
959.0 0.15956
959.5 1.103744
960.0 0.176672
960.5 1.340432
961.0 0.12992
961.5 1.011552
962.0 0.172152
962.5 1.2992
963.0 0.136744
963.5 1.051104
964.0 0.230648
964.5 1.300608
965.0 0.128976
965.5 1.10712
966.0 0.175248
966.5 1.31792
967.0 0.144856
967.5 1.07888
968.0 0.172168
968.5 1.307264
969.0 0.145624
969.5 1.106952
970.0 0.174808
970.5 1.294432
971.0 0.129032
971.5 1.07104
972.0 0.1672
972.5 1.240432
973.0 0.135936
973.5 1.176128
974.0 0.194184
974.5 1.276
975.0 0.136704
975.5 1.087344
976.0 0.169352
976.5 1.309728
977.0 0.137712
977.5 1.113376
978.0 0.173864
978.5 1.285776
979.0 0.155056
979.5 1.087888
980.0 0.154632
980.5 1.198352
981.0 0.161664
981.5 1.166176
982.0 0.150984
982.5 1.253488
983.0 0.160168
983.5 1.207536
984.0 0.20556
984.5 1.159808
985.0 0.164424
985.5 1.204464
986.0 0.14164
986.5 1.170352
987.0 0.261056
987.5 1.250992
988.0 0.137464
988.5 1.16864
989.0 0.273104
989.5 1.28976
990.0 0.264424
990.5 1.153952
991.0 0.177016
991.5 1.379792
992.0 0.135568
992.5 1.091488
993.0 0.171
993.5 1.181248
994.0 0.266024
994.5 1.14556
995.0 3.346264
995.5 1.344112
996.0 1.244008
996.5 1.162992
997.0 1.361192
997.5 1.35376
998.0 1.1322
998.5 1.110544
999.0 1.488144
999.5 1.398192
1000.0 1.218568
1000.5 1.216528
1001.0 0.968232
1001.5 1.017136
1002.0 1.225464
1002.5 1.16436
1003.0 1.22408
1003.5 1.232496
1004.0 1.230072
1004.5 1.14016
1005.0 1.158504
1005.5 1.152368
1006.0 1.304216
1006.5 1.30392
1007.0 1.099176
1007.5 1.061072
1008.0 1.335592
1008.5 1.334272
1009.0 1.178432
1009.5 1.1758
1010.0 1.198184
1010.5 1.181872
1011.0 1.10016
1011.5 1.088496
1012.0 1.248944
1012.5 1.246208
1013.0 1.28688
1013.5 1.280128
1014.0 1.184944
1014.5 1.180272
1015.0 1.262008
1015.5 1.263712
1016.0 1.327992
1016.5 1.324224
1017.0 1.2878
1017.5 1.197216
1018.0 1.251112
1018.5 1.222432
1019.0 1.268768
1019.5 1.237616
1020.0 1.323056
1020.5 1.287416
1021.0 1.200088
1021.5 1.214096
1022.0 1.096216
1022.5 1.065744
1023.0 1.281928
1023.5 1.248384
1024.0 1.243896
1024.5 1.171704
1025.0 1.295336
1025.5 1.291952
1026.0 1.254136
1026.5 1.254928
1027.0 1.167864
1027.5 1.283152
1028.0 1.239048
1028.5 1.17376
1029.0 1.258256
1029.5 1.255
1030.0 0.56044
1030.5 0.545776
1031.0 1.536712
1031.5 1.551296
1032.0 1.51108
1032.5 1.57136
1033.0 1.137288
1033.5 1.379456
1034.0 0.829352
1034.5 1.288592
1035.0 0.94768
1035.5 1.215896
1036.0 0.773176
1036.5 1.467488
1037.0 1.225896
1037.5 1.266752
1038.0 1.36272
1038.5 1.156016
1039.0 1.07284
1039.5 1.191456
1040.0 1.5174
1040.5 1.083704
1041.0 0.930784
1041.5 1.103864
1042.0 0.77096
1042.5 1.595232
1043.0 1.546792
1043.5 1.111552
1044.0 1.075016
1044.5 1.17488
1045.0 0.94828
1045.5 1.063104
1046.0 1.471528
1046.5 1.2264
1047.0 1.26928
1047.5 1.199656
1048.0 1.285952
1048.5 1.196816
1049.0 1.321472
1049.5 1.246016
1050.0 1.390272
1050.5 1.257056
1051.0 1.05832
1051.5 1.100208
1052.0 1.400352
1052.5 1.357568
1053.0 1.167744
1053.5 1.104704
1054.0 0.709096
1054.5 1.364896
1055.0 0.580656
1055.5 1.202936
1056.0 1.338056
1056.5 1.440048
1057.0 1.228216
1057.5 1.316304
1058.0 0.819512
1058.5 1.146144
1059.0 0.874176
1059.5 1.14272
1060.0 1.357792
1060.5 1.307104
1061.0 1.139432
1061.5 1.16616
1062.0 0.69244
1062.5 1.249984
1063.0 0.650968
1063.5 1.166416
1064.0 1.458784
1064.5 1.383712
1065.0 1.132896
1065.5 1.15208
1066.0 0.995632
1066.5 1.369088
1067.0 0.88052
1067.5 0.946816
1068.0 0.685176
1068.5 1.319
1069.0 0.73
1069.5 1.278
1070.0 0.925176
1070.5 1.052336
1071.0 0.787376
1071.5 1.261632
1072.0 0.729648
1072.5 1.201328
1073.0 0.701736
1073.5 1.155792
1074.0 0.615944
1074.5 1.37728
1075.0 0.851072
1075.5 1.243568
1076.0 0.811312
1076.5 1.254688
1077.0 0.73804
1077.5 1.132432
1078.0 0.978224
1078.5 1.23704
1079.0 0.906944
1079.5 1.003792
1080.0 1.340112
1080.5 1.339072
1081.0 1.144496
1081.5 1.145184
1082.0 1.302976
1082.5 1.334832
1083.0 1.170072
1083.5 1.098528
1084.0 1.312368
1084.5 1.31824
1085.0 1.13684
1085.5 1.132216
1086.0 1.3312
1086.5 1.355072
1087.0 1.10352
1087.5 1.102592
1088.0 1.309768
1088.5 1.269696
1089.0 1.061776
1089.5 1.132352
1090.0 1.335024
1090.5 1.246448
1091.0 1.12364
1091.5 1.24832
1092.0 0.93132
1092.5 1.324144
1093.0 0.698304
1093.5 1.123424
1094.0 1.078704
1094.5 1.214976
1095.0 1.26664
1095.5 1.225728
1096.0 1.342304
1096.5 1.31608
1097.0 1.15132
1097.5 1.200768
1098.0 1.249832
1098.5 1.210896
1099.0 1.1888
1099.5 1.179952
1100.0 1.368584
1100.5 1.333696
1101.0 1.159896
1101.5 1.16272
1102.0 1.320504
1102.5 1.355296
1103.0 1.191592
1103.5 1.12864
1104.0 1.297416
1104.5 1.264464
1105.0 1.130824
1105.5 1.186736
1106.0 1.299888
1106.5 1.217056
1107.0 1.136184
1107.5 1.178928
1108.0 1.249584
1108.5 1.251648
1109.0 1.167776
1109.5 1.16528
1110.0 1.350432
1110.5 1.285584
1111.0 1.105424
1111.5 1.125904
1112.0 1.411456
1112.5 1.461072
1113.0 1.143072
1113.5 1.12496
1114.0 1.257632
1114.5 1.23136
1115.0 1.187488
1115.5 1.179648
1116.0 1.23304
1116.5 1.254464
1117.0 1.172832
1117.5 1.164864
1118.0 1.327008
1118.5 1.293736
1119.0 1.218448
1119.5 1.22768
1120.0 1.290048
1120.5 1.275504
1121.0 1.19264
1121.5 1.114256
1122.0 1.303112
1122.5 1.286176
1123.0 1.127728
1123.5 1.13608
1124.0 1.383728
1124.5 1.385728
1125.0 1.111288
1125.5 1.120496
1126.0 1.336744
1126.5 1.34216
1127.0 1.182864
1127.5 1.190224
1128.0 1.274112
1128.5 1.239984
1129.0 1.138064
1129.5 1.096192
1130.0 1.223496
1130.5 1.329616
1131.0 1.196
1131.5 1.161808
1132.0 1.37328
1132.5 1.296528
1133.0 1.1714
1133.5 1.144928
1134.0 1.250304
1134.5 1.277072
1135.0 1.137704
1135.5 1.195168
1136.0 1.275736
1136.5 1.182144
1137.0 1.14188
1137.5 1.097648
1138.0 1.281272
1138.5 1.349504
1139.0 1.265448
1139.5 1.23736
1140.0 1.318696
1140.5 1.2844
1141.0 1.156448
1141.5 1.21664
1142.0 1.31988
1142.5 1.296768
1143.0 1.106368
1143.5 1.090416
1144.0 1.3302
1144.5 1.312896
1145.0 1.118512
1145.5 1.079232
1146.0 1.300224
1146.5 1.365328
1147.0 1.180408
1147.5 1.138368
1148.0 1.386688
1148.5 1.396384
1149.0 1.101872
1149.5 1.101584
1150.0 1.38476
1150.5 1.333936
1151.0 1.135928
1151.5 1.13164
1152.0 1.350984
1152.5 1.319888
1153.0 1.129664
1153.5 1.146656
1154.0 1.348288
1154.5 1.292736
1155.0 1.145056
1155.5 1.230112
1156.0 1.239168
1156.5 1.180272
1157.0 1.116656
1157.5 1.120448
1158.0 1.313504
1158.5 1.319856
1159.0 1.209904
1159.5 1.104496
1160.0 1.114096
1160.5 1.388272
1161.0 1.337536
1161.5 1.095424
1162.0 1.24824
1162.5 1.359984
1163.0 1.267584
1163.5 1.163072
1164.0 1.132192
1164.5 1.3004
1165.0 1.353136
1165.5 1.168224
1166.0 1.121392
1166.5 1.12256
1167.0 1.355184
1167.5 1.333536
1168.0 1.1642
1168.5 1.201072
1169.0 1.217672
1169.5 1.140368
1170.0 1.105496
1170.5 1.173984
1171.0 1.332688
1171.5 1.323488
1172.0 1.107264
1172.5 1.15856
1173.0 0.670352
1173.5 1.310736
1174.0 0.735472
1174.5 1.073776
1175.0 1.15848
1175.5 1.298736
1176.0 1.206016
1176.5 1.238512
1177.0 1.354832
1177.5 1.323152
1178.0 1.169984
1178.5 1.118992
1179.0 1.386384
1179.5 1.28672
1180.0 1.116864
1180.5 1.216432
1181.0 1.336328
1181.5 1.287904
1182.0 1.212088
1182.5 1.144192
1183.0 1.353176
1183.5 1.335008
1184.0 1.068896
1184.5 1.123384
1185.0 1.306
1185.5 1.272384
1186.0 1.146456
1186.5 1.129424
1187.0 1.320696
1187.5 1.307008
1188.0 1.140616
1188.5 1.156832
1189.0 1.304392
1189.5 1.248
1190.0 1.15792
1190.5 1.195152
1191.0 1.314688
1191.5 1.329792
1192.0 1.169456
1192.5 1.063664
1193.0 1.390672
1193.5 1.434544
1194.0 1.0888
1194.5 1.159216
1195.0 1.37592
1195.5 1.347824
1196.0 1.131872
1196.5 1.149968
1197.0 1.30332
1197.5 1.289248
1198.0 1.167168
1198.5 1.102688
1199.0 1.36032
1199.5 1.329088
1200.0 1.101104
1200.5 1.13344
1201.0 1.296272
1201.5 1.215536
1202.0 1.154232
1202.5 1.182144
1203.0 1.248672
1203.5 1.30352
1204.0 1.17096
1204.5 1.163872
1205.0 1.319616
1205.5 1.340944
1206.0 1.192488
1206.5 1.126336
1207.0 1.274992
1207.5 1.296624
1208.0 1.132264
1208.5 1.097568
1209.0 1.271648
1209.5 1.292432
1210.0 1.105552
1210.5 1.121536
1211.0 1.398328
1211.5 1.284832
1212.0 1.19836
1212.5 1.185584
1213.0 1.345488
1213.5 1.403488
1214.0 1.129648
1214.5 1.055712
1215.0 1.310176
1215.5 1.34336
1216.0 1.137712
1216.5 1.115264
1217.0 1.323952
1217.5 1.277736
1218.0 1.108304
1218.5 1.151856
1219.0 1.47716
1219.5 1.409008
1220.0 1.090552
1220.5 1.10464
1221.0 1.306232
1221.5 1.293456
1222.0 1.133304
1222.5 1.148992
1223.0 1.282616
1223.5 1.295792
1224.0 1.106648
1224.5 1.068128
1225.0 1.282208
1225.5 1.28848
1226.0 1.10584
1226.5 1.054496
1227.0 1.351784
1227.5 1.382672
1228.0 1.113392
1228.5 1.187616
1229.0 1.354176
1229.5 1.286512
1230.0 1.12384
1230.5 1.16232
1231.0 1.351392
1231.5 1.32848
1232.0 1.090608
1232.5 1.150352
1233.0 1.323728
1233.5 1.231776
1234.0 1.051632
1234.5 1.083872
1235.0 1.393504
1235.5 1.351184
1236.0 1.157064
1236.5 1.20168
1237.0 1.319536
1237.5 1.36168
1238.0 1.173008
1238.5 1.133728
1239.0 1.438496
1239.5 1.369728
1240.0 1.071792
1240.5 1.078352
1241.0 1.411048
1241.5 1.347824
1242.0 1.185256
1242.5 1.147936
1243.0 1.107688
1243.5 1.320928
1244.0 1.297768
1244.5 1.142272
1245.0 1.210376
1245.5 1.352368
1246.0 1.30112
1246.5 1.13728
1247.0 1.089512
1247.5 1.28576
1248.0 1.305408
1248.5 1.075088
1249.0 1.161
1249.5 1.308208
1250.0 1.27776
1250.5 1.208888
1251.0 0.806896
1251.5 1.174368
1252.0 0.701256
1252.5 1.283968
1253.0 0.716592
1253.5 1.096528
1254.0 1.218512
1254.5 1.311056
1255.0 1.132392
1255.5 1.148352
1256.0 1.339312
1256.5 1.324224
1257.0 1.134264
1257.5 1.193216
1258.0 1.335672
1258.5 1.25136
1259.0 1.158968
1259.5 1.187088
1260.0 0.831176
1260.5 0.880528
1261.0 1.57436
1261.5 1.4428
1262.0 1.181224
1262.5 1.140008
1263.0 1.114912
1263.5 1.094576
1264.0 0.935384
1264.5 0.926208
1265.0 0.967688
1265.5 0.953344
1266.0 0.966984
1266.5 0.966216
1267.0 1.800592
1267.5 1.6956
1268.0 0.926064
1268.5 0.90724
1269.0 1.062832
1269.5 1.049024
1270.0 0.952464
1270.5 0.975872
1271.0 1.277192
1271.5 1.225888
1272.0 1.324264
1272.5 1.313056
1273.0 1.015384
1273.5 1.008016
1274.0 1.089712
1274.5 1.05952
1275.0 0.898624
1275.5 0.88984
1276.0 1.201448
1276.5 1.174512
1277.0 1.151984
1277.5 1.124944
1278.0 1.205152
1278.5 1.180832
1279.0 0.93596
1279.5 0.91504
1280.0 1.039648
1280.5 1.035224
1281.0 1.238944
1281.5 1.16928
1282.0 1.238488
1282.5 1.218496
1283.0 1.08784
1283.5 1.031232
1284.0 1.296568
1284.5 1.239072
1285.0 1.90048
1285.5 1.893952
1286.0 0.788184
1286.5 0.7644
1287.0 0.833976
1287.5 0.828176
1288.0 1.173288
1288.5 1.151184
1289.0 1.023384
1289.5 1.011424
1290.0 1.465832
1290.5 1.447616
1291.0 0.938288
1291.5 0.931824
1292.0 1.126096
1292.5 1.117264
1293.0 0.90896
1293.5 0.89376
1294.0 1.041464
1294.5 1.029536
1295.0 1.103456
1295.5 1.092696
1296.0 1.1124
1296.5 1.104368
1297.0 0.751616
1297.5 1.131984
1298.0 0.60992
1298.5 1.093264
1299.0 0.801184
1299.5 1.0724
1300.0 1.203376
1300.5 1.245808
1301.0 0.95892
1301.5 1.10068
1302.0 1.020704
1302.5 1.224
1303.0 0.716176
1303.5 0.96536
1304.0 1.155648
1304.5 1.098288
1305.0 1.196
1305.5 1.17176
1306.0 1.135496
1306.5 1.128128
1307.0 1.06336
1307.5 1.023824
1308.0 1.183224
1308.5 1.163136
1309.0 1.114984
1309.5 1.098784
1310.0 1.171752
1310.5 1.177712
1311.0 1.006784
1311.5 0.972192
1312.0 1.054752
1312.5 1.045408
1313.0 1.307216
1313.5 1.244392
1314.0 1.24984
1314.5 1.180336
1315.0 1.017568
1315.5 1.015264
1316.0 1.160016
1316.5 1.15496
1317.0 1.107584
1317.5 1.093808
1318.0 1.12428
1318.5 1.100624
1319.0 1.059488
1319.5 1.080736
1320.0 1.166512
1320.5 1.11952
1321.0 1.192368
1321.5 1.120016
1322.0 1.168496
1322.5 1.142528
1323.0 1.19776
1323.5 1.188
1324.0 1.14692
1324.5 1.133936
1325.0 1.067344
1325.5 1.061504
1326.0 1.236832
1326.5 1.21832
1327.0 1.23784
1327.5 1.22904
1328.0 1.077008
1328.5 1.06204
1329.0 1.072672
1329.5 1.057936
1330.0 1.145872
1330.5 1.125504
1331.0 1.01104
1331.5 0.995232
1332.0 1.350536
1332.5 1.327296
1333.0 1.071952
1333.5 1.091168
1334.0 1.30728
1334.5 1.26276
1335.0 1.10176
1335.5 1.084208
1336.0 1.137952
1336.5 1.184784
1337.0 1.002672
1337.5 0.9248
1338.0 1.131104
1338.5 1.104624
1339.0 0.982672
1339.5 0.97392
1340.0 1.320512
1340.5 1.292496
1341.0 1.20064
1341.5 1.119856
1342.0 1.118224
1342.5 1.102784
1343.0 1.039232
1343.5 0.980024
1344.0 1.196136
1344.5 1.14832
1345.0 1.25256
1345.5 1.186496
1346.0 1.267184
1346.5 1.250568
1347.0 0.900296
1347.5 0.892048
1348.0 1.094232
1348.5 1.077488
1349.0 1.090184
1349.5 1.06808
1350.0 1.154608
1350.5 1.134208
1351.0 1.282648
1351.5 1.25744
1352.0 1.214304
1352.5 1.1952
1353.0 1.161696
1353.5 1.148336
1354.0 1.249688
1354.5 1.248416
1355.0 1.068104
1355.5 1.017312
1356.0 1.267904
1356.5 1.25456
1357.0 1.071808
1357.5 1.101936
1358.0 1.247536
1358.5 1.187168
1359.0 1.069376
1359.5 1.031936
1360.0 1.204096
1360.5 1.215488
1361.0 1.972056
1361.5 1.819496
1362.0 0.767888
1362.5 0.747776
1363.0 0.823456
1363.5 0.810768
1364.0 1.032352
1364.5 1.001136
1365.0 0.979648
1365.5 0.956944
1366.0 1.109584
1366.5 1.087792
1367.0 0.998032
1367.5 0.993112
1368.0 1.390256
1368.5 1.326576
1369.0 1.005072
1369.5 0.992384
1370.0 1.252448
1370.5 1.223184
1371.0 1.009728
1371.5 0.994864
1372.0 1.063728
1372.5 1.046736
1373.0 1.64156
1373.5 1.558352
1374.0 0.906008
1374.5 0.855312
1375.0 1.054928
1375.5 1.048512
1376.0 1.17696
1376.5 1.165024
1377.0 1.120144
1377.5 1.105664
1378.0 1.27384
1378.5 1.261568
1379.0 0.85136
1379.5 0.843688
1380.0 1.356384
1380.5 1.334816
1381.0 1.010048
1381.5 0.93872
1382.0 1.270384
1382.5 1.267152
1383.0 1.150768
1383.5 1.117424
1384.0 1.194504
1384.5 1.131568
1385.0 0.908504
1385.5 0.89272
1386.0 1.164344
1386.5 1.166304
1387.0 1.24652
1387.5 1.21464
1388.0 1.012504
1388.5 0.988352
1389.0 0.966752
1389.5 0.954944
1390.0 1.194264
1390.5 1.175472
1391.0 0.96716
1391.5 0.960944
1392.0 1.351504
1392.5 1.333248
1393.0 1.111936
1393.5 1.14184
1394.0 1.14856
1394.5 1.103048
1395.0 1.215088
1395.5 1.205952
1396.0 0.984176
1396.5 0.980032
1397.0 1.127168
1397.5 1.111936
1398.0 1.225064
1398.5 1.187424
1399.0 1.132704
1399.5 1.101328
1400.0 1.061272
1400.5 1.04684
1401.0 0.904424
1401.5 0.812768
1402.0 1.020464
1402.5 1.0108
1403.0 1.350032
1403.5 1.28496
1404.0 1.380096
1404.5 1.340552
1405.0 1.185984
1405.5 1.138032
1406.0 1.095088
1406.5 1.076
1407.0 1.104136
1407.5 1.087808
1408.0 1.448312
1408.5 1.428752
1409.0 1.154904
1409.5 1.14568
1410.0 1.035704
1410.5 1.028176
1411.0 0.96672
1411.5 0.952144
1412.0 0.969776
1412.5 0.9502
1413.0 1.2604
1413.5 1.246352
1414.0 0.865496
1414.5 0.853088
1415.0 1.155064
1415.5 1.1388
1416.0 1.264928
1416.5 1.240624
1417.0 1.183728
1417.5 1.165888
1418.0 1.037528
1418.5 1.023632
1419.0 1.301912
1419.5 1.278768
1420.0 1.22816
1420.5 1.213472
1421.0 1.184992
1421.5 1.107328
1422.0 1.016016
1422.5 1.008736
1423.0 1.202016
1423.5 1.177024
1424.0 1.151304
1424.5 1.131056
1425.0 1.06384
1425.5 1.04512
1426.0 1.06976
1426.5 1.052576
1427.0 1.168984
1427.5 1.15412
1428.0 1.06728
1428.5 1.046768
1429.0 1.115344
1429.5 1.09032
1430.0 1.124848
1430.5 1.106592
1431.0 1.153376
1431.5 1.123968
1432.0 1.06768
1432.5 1.045904
1433.0 1.221376
1433.5 1.154808
1434.0 1.186984
1434.5 1.1312
1435.0 1.214176
1435.5 1.197984
1436.0 1.024104
1436.5 1.030144
1437.0 1.341752
1437.5 1.30832
1438.0 1.06736
1438.5 1.049232
1439.0 1.098512
1439.5 1.083872
