0.0 0.951072
0.5 1.10936
1.0 1.09456
1.5 1.096504
2.0 1.076208
2.5 1.15616
3.0 1.141776
3.5 1.124376
4.0 1.107264
4.5 1.009888
5.0 1.00528
5.5 1.344048
6.0 1.298504
6.5 1.030456
7.0 1.016256
7.5 1.078312
8.0 1.0576
8.5 0.846896
9.0 0.980064
9.5 0.614336
10.0 1.1712
10.5 0.723064
11.0 1.104
11.5 1.008656
12.0 1.163344
12.5 1.1436
13.0 1.113328
13.5 1.231688
14.0 1.20024
14.5 1.175792
15.0 1.150752
15.5 1.372832
16.0 1.292448
16.5 1.04308
17.0 1.026032
17.5 1.255696
18.0 1.159624
18.5 0.98676
19.0 0.933328
19.5 1.191712
20.0 1.1704
20.5 1.056584
21.0 1.047784
21.5 1.01284
22.0 0.996816
22.5 1.27572
23.0 1.252592
23.5 1.050104
24.0 1.032704
24.5 1.094288
25.0 1.078496
25.5 1.058168
26.0 1.04608
26.5 1.03644
27.0 1.012888
27.5 1.285832
28.0 1.25196
28.5 1.125968
29.0 1.100544
29.5 1.184632
30.0 1.167328
30.5 1.26248
31.0 1.269632
31.5 1.071096
32.0 1.031088
32.5 1.170672
33.0 1.121296
33.5 1.065872
34.0 1.059952
34.5 1.046304
35.0 1.032704
35.5 1.330368
36.0 1.250064
36.5 1.077952
37.0 1.06328
37.5 1.262136
38.0 1.23016
38.5 1.19808
39.0 1.167192
39.5 1.2254
40.0 1.205088
40.5 0.996568
41.0 0.980448
41.5 1.086896
42.0 1.086864
42.5 1.038256
43.0 1.015008
43.5 0.901768
44.0 0.895792
44.5 1.35024
45.0 1.30944
45.5 1.000656
46.0 0.996688
46.5 1.216976
47.0 1.198544
47.5 1.17068
48.0 1.11032
48.5 1.162952
49.0 1.106928
49.5 1.158816
50.0 1.149664
50.5 1.214832
51.0 1.186528
51.5 1.11864
52.0 1.104576
52.5 1.157184
53.0 1.142976
53.5 1.006048
54.0 1.011768
54.5 1.22396
55.0 1.179888
55.5 1.153528
56.0 1.078768
56.5 1.17348
57.0 1.151808
57.5 1.174208
58.0 1.153232
58.5 1.114968
59.0 1.092336
59.5 1.082696
60.0 1.061096
60.5 1.19648
61.0 1.224976
61.5 1.125976
62.0 1.05144
62.5 1.174672
63.0 1.140808
63.5 1.129344
64.0 1.153776
64.5 1.179408
65.0 1.124352
65.5 1.15992
66.0 1.132816
66.5 1.312848
67.0 1.301936
67.5 0.89464
68.0 0.883344
68.5 1.62608
69.0 1.596784
69.5 1.357976
70.0 1.350736
70.5 0.8818
71.0 0.847664
71.5 0.88808
72.0 0.878456
72.5 1.042032
73.0 1.0828
73.5 1.001696
74.0 0.937008
74.5 1.211232
75.0 1.203168
75.5 1.179872
76.0 1.109824
76.5 1.131
77.0 1.115648
77.5 1.192888
78.0 1.172424
78.5 1.291624
79.0 1.149456
79.5 1.12908
80.0 1.111344
80.5 1.13512
81.0 1.094736
81.5 1.138104
82.0 1.102256
82.5 1.087592
83.0 1.062704
83.5 1.101256
84.0 1.111632
84.5 1.256
85.0 1.185584
85.5 1.098848
86.0 1.085664
86.5 1.276112
87.0 1.261064
87.5 0.949672
88.0 0.944176
88.5 1.173888
89.0 1.1648
89.5 1.064672
90.0 1.063344
90.5 1.11296
91.0 1.111216
91.5 1.11416
92.0 1.095216
92.5 1.190512
93.0 1.151848
93.5 1.046304
94.0 1.0292
94.5 1.072328
95.0 1.101584
95.5 1.0764
96.0 0.99536
96.5 1.208544
97.0 1.77016
97.5 1.628992
98.0 1.00368
98.5 0.952992
99.0 0.898304
99.5 1.058976
100.0 1.04744
100.5 1.106368
101.0 1.071632
101.5 0.927632
102.0 0.918016
102.5 1.116272
103.0 1.108752
103.5 1.306912
104.0 1.295744
104.5 1.0226
105.0 1.007928
105.5 1.20928
106.0 1.192
106.5 1.076272
107.0 1.063552
107.5 1.222632
108.0 1.142896
108.5 1.073464
109.0 1.01616
109.5 1.271504
110.0 1.263616
110.5 1.098848
111.0 1.100048
111.5 1.215328
112.0 1.182608
112.5 1.11056
113.0 1.092656
113.5 1.009136
114.0 0.993888
114.5 1.229056
115.0 1.20552
115.5 1.11328
116.0 1.059776
116.5 1.058192
117.0 1.063344
117.5 1.282776
118.0 1.239168
118.5 1.13752
119.0 1.087824
119.5 1.201616
120.0 1.193192
120.5 1.093056
121.0 1.113728
121.5 1.149584
122.0 1.099488
122.5 1.109392
123.0 1.098768
123.5 1.142432
124.0 1.11744
124.5 1.085672
125.0 1.085728
125.5 1.111656
126.0 1.070952
126.5 0.970264
127.0 0.95288
127.5 1.286464
128.0 1.270848
128.5 1.072528
129.0 1.06
129.5 1.145232
130.0 1.132176
130.5 1.097104
131.0 1.07536
131.5 1.124784
132.0 1.105888
132.5 1.064832
133.0 1.070928
133.5 1.064672
134.0 1.031168
134.5 1.232464
135.0 1.22872
135.5 1.23856
136.0 1.175792
136.5 1.124144
137.0 1.113168
137.5 1.110832
138.0 1.053792
138.5 1.095816
139.0 1.065488
139.5 1.190776
140.0 1.13664
140.5 1.172088
141.0 1.161328
141.5 1.161864
142.0 1.148
142.5 1.069504
143.0 1.062304
143.5 1.28308
144.0 1.27344
144.5 1.107264
145.0 1.09864
145.5 1.068408
146.0 1.057856
146.5 0.975568
147.0 1.017104
147.5 1.349752
148.0 1.27776
148.5 1.125296
149.0 1.113072
149.5 1.0708
150.0 1.05664
150.5 1.053024
151.0 1.037088
151.5 1.252528
152.0 1.239328
152.5 1.16896
153.0 1.15364
153.5 1.04248
154.0 1.068064
154.5 1.176936
155.0 1.130512
155.5 1.154464
156.0 1.064384
156.5 1.288672
157.0 1.270608
157.5 0.985264
158.0 0.97752
158.5 1.206936
159.0 1.149112
159.5 1.0924
160.0 1.116496
160.5 1.211136
161.0 1.146656
161.5 1.145552
162.0 1.128144
162.5 1.027456
163.0 1.016256
163.5 1.100352
164.0 1.082
164.5 1.228728
165.0 1.210752
165.5 1.105072
166.0 1.091104
166.5 1.253184
167.0 1.24152
167.5 1.10148
168.0 1.041296
168.5 1.139584
169.0 1.076016
169.5 1.121056
170.0 1.099712
170.5 1.244992
171.0 1.225496
171.5 0.967168
172.0 0.960608
172.5 1.284384
173.0 1.267376
173.5 1.066512
174.0 1.037136
174.5 1.207776
175.0 1.166432
175.5 1.089016
176.0 1.013968
176.5 1.20052
177.0 1.166864
177.5 1.128112
178.0 1.10608
178.5 1.228472
179.0 1.224
179.5 0.998104
180.0 1.060112
180.5 1.195448
181.0 1.143008
181.5 1.239048
182.0 1.219504
182.5 1.074328
183.0 1.04472
183.5 1.116736
184.0 1.275024
184.5 1.260248
185.0 1.10244
185.5 1.086032
186.0 1.086768
186.5 1.246032
187.0 1.257792
187.5 0.68436
188.0 1.386352
188.5 0.748688
189.0 1.121968
189.5 0.5748
190.0 1.07136
190.5 1.432664
191.0 1.366192
191.5 1.172208
192.0 1.34712
192.5 0.719704
193.0 1.091088
193.5 0.727872
194.0 1.34448
194.5 1.27112
195.0 1.167024
195.5 0.861704
196.0 1.095136
196.5 0.726696
197.0 1.258496
197.5 0.720288
198.0 1.171776
198.5 1.21572
199.0 1.225792
199.5 1.088776
200.0 1.179328
200.5 1.412856
201.0 1.294544
201.5 1.147928
202.0 1.160976
202.5 1.34432
203.0 1.293744
203.5 1.187568
204.0 1.27536
204.5 1.3394
205.0 1.28752
205.5 1.108664
206.0 1.132768
206.5 1.305872
207.0 1.24832
207.5 1.162352
208.0 1.228
208.5 1.33588
209.0 1.258768
209.5 1.136688
210.0 1.122768
210.5 1.29388
211.0 1.23424
211.5 1.118536
212.0 1.146512
212.5 1.340112
213.0 1.339072
213.5 1.144496
214.0 1.145184
214.5 1.302976
215.0 1.334832
215.5 1.170072
216.0 1.098528
216.5 1.312368
217.0 1.31824
217.5 1.13684
218.0 1.132216
218.5 1.3312
219.0 1.355072
219.5 1.10352
220.0 1.102592
220.5 1.309768
221.0 1.269696
221.5 1.061776
222.0 1.132352
222.5 1.335024
223.0 1.246448
223.5 1.12364
224.0 1.24832
224.5 0.93132
225.0 1.324144
225.5 0.698304
226.0 1.123424
226.5 1.078704
227.0 1.214976
227.5 1.26664
228.0 1.225728
228.5 1.342304
229.0 1.31608
229.5 1.15132
230.0 1.200768
230.5 1.249832
231.0 1.210896
231.5 1.1888
232.0 1.179952
232.5 1.368584
233.0 1.333696
233.5 1.159896
234.0 1.16272
234.5 1.320504
235.0 1.355296
235.5 1.191592
236.0 1.12864
236.5 1.297416
237.0 1.264464
237.5 1.130824
238.0 1.186736
238.5 1.299888
239.0 1.217056
239.5 1.136184
240.0 1.178928
240.5 1.249584
241.0 1.251648
241.5 1.167776
242.0 1.16528
242.5 1.350432
243.0 1.285584
243.5 1.105424
244.0 1.125904
244.5 1.411456
245.0 1.461072
245.5 1.143072
246.0 1.12496
246.5 1.257632
247.0 1.23136
247.5 1.187488
248.0 1.179648
248.5 1.23304
249.0 1.254464
249.5 1.172832
250.0 1.164864
250.5 1.327008
251.0 1.293736
251.5 1.218448
252.0 1.22768
252.5 1.290048
253.0 1.275504
253.5 1.19264
254.0 1.114256
254.5 1.303112
255.0 1.286176
255.5 1.127728
256.0 1.13608
256.5 1.383728
257.0 1.385728
257.5 1.111288
258.0 1.120496
258.5 1.336744
259.0 1.34216
259.5 1.182864
260.0 1.190224
260.5 1.274112
261.0 1.239984
261.5 1.138064
262.0 1.096192
262.5 1.223496
263.0 1.329616
263.5 1.196
264.0 1.161808
264.5 1.37328
265.0 1.296528
265.5 1.1714
266.0 1.144928
266.5 1.250304
267.0 1.277072
267.5 1.137704
268.0 1.195168
268.5 1.275736
269.0 1.182144
269.5 1.14188
270.0 1.097648
270.5 1.281272
271.0 1.349504
271.5 1.265448
272.0 1.23736
272.5 1.318696
273.0 1.2844
273.5 1.156448
274.0 1.21664
274.5 1.31988
275.0 1.296768
275.5 1.106368
276.0 1.090416
276.5 1.3302
277.0 1.312896
277.5 1.118512
278.0 1.079232
278.5 1.300224
279.0 1.365328
279.5 1.180408
280.0 1.138368
280.5 1.386688
281.0 1.396384
281.5 1.101872
282.0 1.101584
282.5 1.38476
283.0 1.333936
283.5 1.135928
284.0 1.13164
284.5 1.350984
285.0 1.319888
285.5 1.129664
286.0 1.146656
286.5 1.348288
287.0 1.292736
287.5 1.145056
288.0 1.230112
288.5 1.239168
289.0 1.180272
289.5 1.116656
290.0 1.120448
290.5 1.313504
291.0 1.319856
291.5 1.209904
292.0 1.104496
292.5 1.114096
293.0 1.388272
293.5 1.337536
294.0 1.095424
294.5 1.24824
295.0 1.359984
295.5 1.267584
296.0 1.163072
296.5 1.132192
297.0 1.3004
297.5 1.353136
298.0 1.168224
298.5 1.121392
299.0 1.12256
299.5 1.355184
300.0 1.333536
300.5 1.1642
301.0 1.201072
301.5 1.217672
302.0 1.140368
302.5 1.105496
303.0 1.173984
303.5 1.332688
304.0 1.323488
304.5 1.107264
305.0 1.15856
305.5 0.670352
306.0 1.310736
306.5 0.735472
307.0 1.073776
307.5 1.15848
308.0 1.298736
308.5 1.206016
309.0 1.238512
309.5 1.354832
310.0 1.323152
310.5 1.169984
311.0 1.118992
311.5 1.386384
312.0 1.28672
312.5 1.116864
313.0 1.216432
313.5 1.336328
314.0 1.287904
314.5 1.212088
315.0 1.144192
315.5 1.353176
316.0 1.335008
316.5 1.068896
317.0 1.123384
317.5 1.306
318.0 1.272384
318.5 1.146456
319.0 1.129424
319.5 1.320696
320.0 1.307008
320.5 1.140616
321.0 1.156832
321.5 1.304392
322.0 1.248
322.5 1.15792
323.0 1.195152
323.5 1.314688
324.0 1.329792
324.5 1.169456
325.0 1.063664
325.5 1.390672
326.0 1.434544
326.5 1.0888
327.0 1.159216
327.5 1.37592
328.0 1.347824
328.5 1.131872
329.0 1.149968
329.5 1.30332
330.0 1.289248
330.5 1.167168
331.0 1.102688
331.5 1.36032
332.0 1.329088
332.5 1.101104
333.0 1.13344
333.5 1.296272
334.0 1.215536
334.5 1.154232
335.0 1.182144
335.5 1.248672
336.0 1.30352
336.5 1.17096
337.0 1.163872
337.5 1.319616
338.0 1.340944
338.5 1.192488
339.0 1.126336
339.5 1.274992
340.0 1.296624
340.5 1.132264
341.0 1.097568
341.5 1.271648
342.0 1.292432
342.5 1.105552
343.0 1.121536
343.5 1.398328
344.0 1.284832
344.5 1.19836
345.0 1.185584
345.5 1.345488
346.0 1.403488
346.5 1.129648
347.0 1.055712
347.5 1.310176
348.0 1.34336
348.5 1.137712
349.0 1.115264
349.5 1.323952
350.0 1.277736
350.5 1.108304
351.0 1.151856
351.5 1.47716
352.0 1.409008
352.5 1.090552
353.0 1.10464
353.5 1.306232
354.0 1.293456
354.5 1.133304
355.0 1.148992
355.5 1.282616
356.0 1.295792
356.5 1.106648
357.0 1.068128
357.5 1.282208
358.0 1.28848
358.5 1.10584
359.0 1.054496
359.5 1.351784
360.0 1.244808
360.5 1.218504
361.0 1.031936
361.5 1.018144
362.0 1.211856
362.5 1.209184
363.0 1.119024
363.5 1.094864
364.0 1.151584
364.5 1.143872
365.0 1.055184
365.5 1.038496
366.0 1.081328
366.5 1.064024
367.0 1.145408
367.5 1.063328
368.0 1.21016
368.5 1.187344
369.0 1.080656
369.5 1.022424
370.0 1.169224
370.5 1.109536
371.0 1.086776
371.5 1.084848
372.0 1.276184
372.5 1.236544
373.0 1.076392
373.5 1.062064
374.0 1.1478
374.5 1.112144
375.0 1.125272
375.5 1.10352
376.0 1.332752
376.5 1.319824
377.0 1.159136
377.5 1.14792
378.0 1.279352
378.5 1.224904
379.0 1.103376
379.5 1.089104
380.0 1.239736
380.5 1.221824
381.0 1.107088
381.5 1.088272
382.0 1.233872
382.5 1.208608
383.0 1.018536
383.5 1.01424
384.0 1.25864
384.5 1.226624
385.0 1.712192
385.5 1.669888
386.0 0.747416
386.5 0.723344
387.0 1.163416
387.5 1.083024
388.0 0.881504
388.5 0.826784
389.0 0.968
389.5 0.952336
390.0 1.3222
390.5 1.285296
391.0 1.23048
391.5 1.1924
392.0 1.073792
392.5 1.064864
393.0 0.877336
393.5 0.840488
394.0 1.529216
394.5 1.491712
395.0 0.98368
395.5 0.966688
396.0 1.033032
396.5 1.124128
397.0 1.16408
397.5 1.034144
398.0 1.08536
398.5 1.07376
399.0 1.361568
399.5 1.280264
400.0 1.170344
400.5 1.098368
401.0 1.589328
401.5 1.594496
402.0 0.85568
402.5 0.801904
403.0 1.047576
403.5 1.025072
404.0 0.922512
404.5 0.892624
405.0 1.366944
405.5 1.331872
406.0 0.788968
406.5 0.774224
407.0 1.308488
407.5 1.226064
408.0 1.066568
408.5 1.039728
409.0 1.33236
409.5 1.3068
410.0 0.941176
410.5 0.920176
411.0 1.209672
411.5 1.186488
412.0 1.092216
412.5 1.0768
413.0 1.32972
413.5 1.307072
414.0 1.128176
414.5 1.105856
415.0 1.093712
415.5 1.070064
416.0 1.350624
416.5 1.326864
417.0 1.11912
417.5 1.09568
418.0 0.948576
418.5 0.940384
419.0 1.161024
419.5 1.134112
420.0 1.050624
420.5 1.035248
421.0 1.23316
421.5 1.195584
422.0 0.963008
422.5 0.952816
423.0 1.322816
423.5 1.30416
424.0 1.036872
424.5 1.024624
425.0 1.0096
425.5 0.998416
426.0 1.081312
426.5 1.067496
427.0 1.148352
427.5 1.067664
428.0 0.919264
428.5 0.91288
429.0 1.492736
429.5 1.421376
430.0 1.234888
430.5 1.170656
431.0 0.9806
431.5 1.002512
432.0 1.16508
432.5 1.114728
433.0 1.302112
433.5 1.27224
434.0 1.048344
434.5 1.032592
435.0 1.156328
435.5 1.13896
436.0 1.024832
436.5 1.032304
437.0 1.045952
437.5 1.034592
438.0 1.112408
438.5 1.092016
439.0 1.269616
439.5 1.221008
440.0 1.014072
440.5 0.996352
441.0 1.226496
441.5 1.201216
442.0 1.103328
442.5 1.086688
443.0 1.049064
443.5 1.030176
444.0 1.13736
444.5 1.11812
445.0 1.09068
445.5 1.079712
446.0 1.269136
446.5 1.242032
447.0 1.2528
447.5 1.175872
448.0 1.067696
448.5 1.047168
449.0 1.240008
449.5 1.21856
450.0 1.029632
450.5 1.016016
451.0 0.99976
451.5 0.981552
452.0 1.567904
452.5 1.531936
453.0 0.98816
453.5 0.980928
454.0 0.910448
454.5 0.897312
455.0 1.166472
455.5 1.143024
456.0 1.146968
456.5 1.122912
457.0 1.193424
457.5 1.177872
458.0 1.08176
458.5 1.070624
459.0 1.15444
459.5 1.085688
460.0 1.208008
460.5 1.11856
461.0 1.087944
461.5 1.110848
462.0 1.05248
462.5 1.032544
463.0 1.282368
463.5 1.236704
464.0 1.237632
464.5 1.205184
465.0 1.09296
465.5 1.127032
466.0 1.139456
466.5 1.089296
467.0 1.424752
467.5 1.351424
468.0 0.956472
468.5 0.938768
469.0 1.232464
469.5 1.218032
470.0 1.185784
470.5 1.176656
471.0 0.965008
471.5 0.951072
472.0 1.10936
472.5 1.09456
473.0 1.096504
473.5 1.076208
474.0 1.15616
474.5 1.141776
475.0 1.124376
475.5 1.107264
476.0 1.009888
476.5 1.00528
477.0 1.344048
477.5 1.298504
478.0 1.030456
478.5 1.016256
479.0 1.078312
479.5 1.0576
480.0 0.846896
480.5 0.980064
481.0 0.614336
481.5 1.1712
482.0 0.723064
482.5 1.104
483.0 1.008656
483.5 1.163344
484.0 1.1436
484.5 1.113328
485.0 1.231688
485.5 1.20024
486.0 1.175792
486.5 1.150752
487.0 1.372832
487.5 1.292448
488.0 1.04308
488.5 1.026032
489.0 1.255696
489.5 1.159624
490.0 0.98676
490.5 0.933328
491.0 1.191712
491.5 1.1704
492.0 1.056584
492.5 1.047784
493.0 1.01284
493.5 0.996816
494.0 1.27572
494.5 1.252592
495.0 1.050104
495.5 1.032704
496.0 1.094288
496.5 1.078496
497.0 1.058168
497.5 1.04608
498.0 1.03644
498.5 1.012888
499.0 1.285832
499.5 1.25196
500.0 1.125968
500.5 1.100544
501.0 1.184632
501.5 1.167328
502.0 1.26248
502.5 1.269632
503.0 1.071096
503.5 1.031088
504.0 1.170672
504.5 1.121296
505.0 1.065872
505.5 1.059952
506.0 1.046304
506.5 1.032704
507.0 1.330368
507.5 1.250064
508.0 1.077952
508.5 1.06328
509.0 1.262136
509.5 1.23016
510.0 1.19808
510.5 1.167192
511.0 1.2254
511.5 1.205088
512.0 0.996568
512.5 0.980448
513.0 1.086896
513.5 1.086864
514.0 1.038256
514.5 1.015008
515.0 0.901768
515.5 0.895792
516.0 1.35024
516.5 1.30944
517.0 1.000656
517.5 0.996688
518.0 1.216976
518.5 1.198544
519.0 1.17068
519.5 1.11032
520.0 1.162952
520.5 1.106928
521.0 1.158816
521.5 1.149664
522.0 1.214832
522.5 1.186528
523.0 1.11864
523.5 1.104576
524.0 1.157184
524.5 1.142976
525.0 1.006048
525.5 1.011768
526.0 1.22396
526.5 1.179888
527.0 1.153528
527.5 1.078768
528.0 1.17348
528.5 1.151808
529.0 1.174208
529.5 1.153232
530.0 1.114968
530.5 1.092336
531.0 1.082696
531.5 1.061096
532.0 1.19648
532.5 1.224976
533.0 1.125976
533.5 1.05144
534.0 1.174672
534.5 1.140808
535.0 1.129344
535.5 1.153776
536.0 1.179408
536.5 1.124352
537.0 1.15992
537.5 1.132816
538.0 1.312848
538.5 1.301936
539.0 0.89464
539.5 0.883344
540.0 0.217768
540.5 1.096304
541.0 0.133032
541.5 0.972832
542.0 0.295944
542.5 1.10752
543.0 0.15708
543.5 1.037648
544.0 0.232016
544.5 1.09432
545.0 0.287984
545.5 1.109696
546.0 0.230824
546.5 1.0976
547.0 0.20736
547.5 1.101104
548.0 0.228528
548.5 1.092528
549.0 0.309
549.5 1.07856
550.0 0.256424
550.5 1.10472
551.0 0.288416
551.5 1.117536
552.0 0.251464
552.5 1.098016
553.0 0.268928
553.5 1.102712
554.0 0.237904
554.5 1.08836
555.0 0.127088
555.5 0.771472
556.0 0.182328
556.5 0.88064
557.0 0.149064
557.5 0.817408
558.0 0.171432
558.5 1.032928
559.0 0.11996
559.5 0.789952
560.0 0.15604
560.5 1.061904
561.0 0.147312
561.5 0.964976
562.0 0.248096
562.5 1.09584
563.0 0.13992
563.5 0.832496
564.0 0.172408
564.5 1.138704
565.0 0.150104
565.5 0.948832
566.0 0.17004
566.5 1.098816
567.0 0.134584
567.5 1.050528
568.0 0.177936
568.5 1.238688
569.0 0.129688
569.5 0.984496
570.0 0.181376
570.5 1.223984
571.0 0.125816
571.5 1.149088
572.0 0.183816
572.5 1.269696
573.0 0.134624
573.5 1.060128
574.0 0.17808
574.5 1.314896
575.0 0.21912
575.5 1.168096
576.0 0.206768
576.5 1.307248
577.0 0.15956
577.5 1.103744
578.0 0.176672
578.5 1.340432
579.0 0.12992
579.5 1.011552
580.0 0.172152
580.5 1.2992
581.0 0.136744
581.5 1.051104
582.0 0.230648
582.5 1.300608
583.0 0.128976
583.5 1.10712
584.0 0.175248
584.5 1.31792
585.0 0.144856
585.5 1.07888
586.0 0.172168
586.5 1.307264
587.0 0.145624
587.5 1.106952
588.0 0.174808
588.5 1.294432
589.0 0.129032
589.5 1.07104
590.0 0.1672
590.5 1.240432
591.0 0.135936
591.5 1.176128
592.0 0.194184
592.5 1.276
593.0 0.136704
593.5 1.087344
594.0 0.169352
594.5 1.309728
595.0 0.137712
595.5 1.113376
596.0 0.173864
596.5 1.285776
597.0 0.155056
597.5 1.087888
598.0 0.154632
598.5 1.198352
599.0 0.161664
599.5 1.166176
600.0 0.150984
600.5 1.253488
601.0 0.160168
601.5 1.207536
602.0 0.20556
602.5 1.159808
603.0 0.164424
603.5 1.204464
604.0 0.14164
604.5 1.170352
605.0 0.261056
605.5 1.250992
606.0 0.137464
606.5 1.16864
607.0 0.273104
607.5 1.28976
608.0 0.264424
608.5 1.153952
609.0 0.177016
609.5 1.379792
610.0 0.135568
610.5 1.091488
611.0 0.171
611.5 1.181248
612.0 0.266024
612.5 1.14556
613.0 3.346264
613.5 1.344112
614.0 1.244008
614.5 1.162992
615.0 1.361192
615.5 1.35376
616.0 1.1322
616.5 1.110544
617.0 1.488144
617.5 1.398192
618.0 1.218568
618.5 1.216528
619.0 0.968232
619.5 1.017136
620.0 1.225464
620.5 1.16436
621.0 1.22408
621.5 1.232496
622.0 1.230072
622.5 1.14016
623.0 1.158504
623.5 1.152368
624.0 1.304216
624.5 1.30392
625.0 1.099176
625.5 1.061072
626.0 1.335592
626.5 1.334272
627.0 1.178432
627.5 1.1758
628.0 1.198184
628.5 1.181872
629.0 1.10016
629.5 1.088496
630.0 1.248944
630.5 1.246208
631.0 1.28688
631.5 1.280128
632.0 1.184944
632.5 1.180272
633.0 1.262008
633.5 1.263712
634.0 1.327992
634.5 1.324224
635.0 1.2878
635.5 1.197216
636.0 1.251112
636.5 1.222432
637.0 1.268768
637.5 1.237616
638.0 1.323056
638.5 1.287416
639.0 1.200088
639.5 1.214096
640.0 1.096216
640.5 1.065744
641.0 1.281928
641.5 1.248384
642.0 1.243896
642.5 1.171704
643.0 1.295336
643.5 1.291952
644.0 1.254136
644.5 1.254928
645.0 1.167864
645.5 1.283152
646.0 1.239048
646.5 1.17376
647.0 1.258256
647.5 1.255
648.0 0.56044
648.5 0.545776
649.0 1.536712
649.5 1.551296
650.0 1.51108
650.5 1.57136
651.0 1.137288
651.5 1.379456
652.0 0.829352
652.5 1.288592
653.0 0.94768
653.5 1.215896
654.0 0.773176
654.5 1.467488
655.0 1.225896
655.5 1.266752
656.0 1.36272
656.5 1.156016
657.0 1.07284
657.5 1.191456
658.0 1.5174
658.5 1.083704
659.0 0.930784
659.5 1.103864
660.0 0.77096
660.5 1.595232
661.0 1.546792
661.5 1.111552
662.0 1.075016
662.5 1.17488
663.0 0.94828
663.5 1.063104
664.0 1.471528
664.5 1.2264
665.0 1.26928
665.5 1.199656
666.0 1.285952
666.5 1.196816
667.0 1.321472
667.5 1.246016
668.0 1.390272
668.5 1.257056
669.0 1.05832
669.5 1.100208
670.0 1.400352
670.5 1.357568
671.0 1.167744
671.5 1.104704
672.0 0.709096
672.5 1.364896
673.0 0.580656
673.5 1.202936
674.0 1.338056
674.5 1.440048
675.0 1.228216
675.5 1.316304
676.0 0.819512
676.5 1.146144
677.0 0.874176
677.5 1.14272
678.0 1.357792
678.5 1.307104
679.0 1.139432
679.5 1.16616
680.0 0.69244
680.5 1.249984
681.0 0.650968
681.5 1.166416
682.0 1.458784
682.5 1.383712
683.0 1.132896
683.5 1.15208
684.0 0.995632
684.5 1.369088
685.0 0.88052
685.5 0.946816
686.0 0.685176
686.5 1.319
687.0 0.73
687.5 1.278
688.0 0.925176
688.5 1.052336
689.0 0.787376
689.5 1.261632
690.0 0.729648
690.5 1.201328
691.0 0.701736
691.5 1.155792
692.0 0.615944
692.5 1.37728
693.0 0.851072
693.5 1.243568
694.0 0.811312
694.5 1.254688
695.0 0.73804
695.5 1.132432
696.0 0.978224
696.5 1.23704
697.0 0.906944
697.5 1.003792
698.0 0.70684
698.5 1.408832
699.0 0.701448
699.5 1.284968
700.0 1.034576
700.5 1.278336
701.0 0.904968
701.5 1.188784
702.0 1.086592
702.5 1.165744
703.0 0.754656
703.5 1.191696
704.0 1.178864
704.5 1.252944
705.0 0.952264
705.5 1.142896
706.0 1.077304
706.5 1.327376
707.0 1.449872
707.5 1.291568
708.0 1.152448
708.5 1.16696
709.0 0.710432
709.5 1.088304
710.0 1.444192
710.5 1.348144
711.0 1.796464
711.5 1.311664
712.0 1.173192
712.5 1.128672
713.0 1.089488
713.5 1.091736
714.0 1.328528
714.5 1.309664
715.0 1.169768
715.5 1.198752
716.0 1.211304
716.5 1.14376
717.0 1.114184
717.5 1.044224
718.0 1.059848
718.5 1.330832
719.0 1.8112
719.5 1.43132
720.0 1.261968
720.5 0.71
721.0 1.121152
721.5 0.762816
722.0 1.328104
722.5 0.761008
723.0 1.171728
723.5 0.954056
724.0 1.321696
724.5 1.22112
725.0 1.100112
725.5 1.488512
726.0 1.37648
726.5 1.068032
727.0 1.11696
727.5 1.374024
728.0 1.26648
728.5 1.137792
729.0 1.157232
729.5 1.338544
730.0 1.33044
730.5 1.189904
731.0 1.091952
731.5 1.311632
732.0 1.33632
732.5 1.154784
733.0 1.149968
733.5 1.128328
734.0 1.302528
734.5 1.350304
735.0 1.147072
735.5 1.223744
736.0 1.163872
736.5 1.20744
737.0 1.175808
737.5 1.394784
738.0 1.304112
738.5 1.125264
739.0 1.129712
739.5 1.375328
740.0 1.359936
740.5 1.1896
741.0 1.10288
741.5 1.173888
742.0 1.393328
742.5 1.28176
743.0 1.146096
743.5 1.217896
744.0 1.270288
744.5 1.415688
745.0 1.184208
745.5 1.2206
746.0 1.296832
746.5 1.219384
747.0 1.118224
747.5 1.163528
748.0 1.361424
748.5 1.391464
749.0 1.095072
749.5 1.199816
750.0 1.379792
750.5 1.262952
751.0 1.071472
751.5 1.131232
752.0 1.098704
752.5 1.296296
753.0 1.350096
753.5 1.242352
754.0 1.18888
754.5 1.34272
755.0 1.28444
755.5 1.11936
756.0 1.134064
756.5 1.353728
757.0 1.330944
757.5 1.209952
758.0 1.191536
758.5 1.319392
759.0 1.29192
759.5 1.190112
760.0 1.134688
760.5 1.30012
761.0 1.3568
761.5 1.163952
762.0 1.065664
762.5 1.335416
763.0 1.31632
763.5 1.2474
764.0 1.167888
764.5 1.334288
765.0 1.331152
765.5 1.147536
766.0 1.13288
766.5 1.37188
767.0 1.29072
767.5 1.199008
768.0 1.123392
768.5 1.318672
769.0 1.369808
769.5 1.220624
770.0 1.117872
770.5 1.254208
771.0 1.317536
771.5 1.17868
772.0 1.134672
772.5 1.326096
773.0 1.358656
773.5 1.153472
774.0 1.153888
774.5 1.437424
775.0 1.261168
775.5 1.145952
776.0 1.136
776.5 1.299744
777.0 1.319216
777.5 1.220728
778.0 1.156752
778.5 1.282128
779.0 1.254368
779.5 1.184056
780.0 1.191024
780.5 1.284112
781.0 1.228816
781.5 1.12736
782.0 1.094704
782.5 1.364952
783.0 1.428736
783.5 1.17784
784.0 1.102048
784.5 1.377744
785.0 1.285328
785.5 1.159296
786.0 1.162528
786.5 1.417752
787.0 1.357504
787.5 1.176552
788.0 1.098024
788.5 1.300624
789.0 1.363696
789.5 1.144736
790.0 1.174496
790.5 1.360384
791.0 1.254928
791.5 1.185984
792.0 1.096832
792.5 1.302752
793.0 1.269056
793.5 1.130664
794.0 1.211888
794.5 1.285896
795.0 1.286848
795.5 1.18912
796.0 1.111488
796.5 1.371944
797.0 1.313552
797.5 1.191208
798.0 1.125344
798.5 1.369552
799.0 1.383312
799.5 1.150488
800.0 1.107024
800.5 1.30652
801.0 1.315968
801.5 1.18348
802.0 1.186832
802.5 1.314768
803.0 1.20776
803.5 1.144624
804.0 1.183856
804.5 1.449448
805.0 1.360208
805.5 1.168832
806.0 1.047536
806.5 1.354528
807.0 1.333904
807.5 1.176904
808.0 1.244192
808.5 1.361168
809.0 1.266944
809.5 1.123952
810.0 1.160896
810.5 1.338344
811.0 1.332752
811.5 1.14992
812.0 1.140336
812.5 1.344688
813.0 1.256752
813.5 1.15256
814.0 1.1712
814.5 1.331616
815.0 1.292192
815.5 1.068448
816.0 1.041824
816.5 1.333832
817.0 1.34336
817.5 1.195632
818.0 1.114624
818.5 1.385536
819.0 1.4412
819.5 1.233648
820.0 1.148736
820.5 1.298288
821.0 1.307736
821.5 1.123456
822.0 1.111968
822.5 1.410096
823.0 1.33464
823.5 1.124608
824.0 1.102016
824.5 1.405936
825.0 1.31152
825.5 1.084352
826.0 1.1388
826.5 1.427448
827.0 1.29032
827.5 1.180664
828.0 1.22856
828.5 1.337984
829.0 1.276384
829.5 1.172544
830.0 1.138328
830.5 1.332064
831.0 1.310368
831.5 0.765272
832.0 1.146944
832.5 0.693384
833.0 1.260496
833.5 0.710096
834.0 1.136752
834.5 0.69004
835.0 1.193968
835.5 1.412512
836.0 1.253488
836.5 1.003776
837.0 1.249824
837.5 0.726096
838.0 1.147616
838.5 0.72424
839.0 1.335232
839.5 1.427216
840.0 1.123392
840.5 1.435344
841.0 1.363184
841.5 1.059088
842.0 1.03292
842.5 1.263984
843.0 1.321984
843.5 1.19744
844.0 1.105696
844.5 1.459592
845.0 1.369808
845.5 1.16676
846.0 1.182352
846.5 1.449464
847.0 1.335824
847.5 1.1392
848.0 1.174912
848.5 1.38812
849.0 1.337664
849.5 1.170456
850.0 1.142864
850.5 1.38052
851.0 1.277872
851.5 1.134656
852.0 1.165008
852.5 1.180088
853.0 1.313232
853.5 1.285536
854.0 1.0884
854.5 1.024448
855.0 1.413808
855.5 0.72396
856.0 1.054368
856.5 0.763848
857.0 1.241768
857.5 1.322352
858.0 1.18408
858.5 1.28464
859.0 1.223232
859.5 1.335024
860.0 1.260912
860.5 1.18528
861.0 1.314384
861.5 1.450016
862.0 1.285344
862.5 1.113496
863.0 1.087432
863.5 1.12112
864.0 1.151296
864.5 1.335856
865.0 1.228848
865.5 1.241016
866.0 1.16632
866.5 1.140616
867.0 1.187456
867.5 1.089592
868.0 0.899888
868.5 0.714696
869.0 0.887744
869.5 1.508368
870.0 1.416736
870.5 1.333424
871.0 1.356944
871.5 1.48144
872.0 1.414944
872.5 1.214336
873.0 1.177792
873.5 1.297616
874.0 1.260576
874.5 1.234864
875.0 1.29212
875.5 1.307216
876.0 1.237088
876.5 1.140048
877.0 1.147936
877.5 1.424464
878.0 1.365952
878.5 1.159472
879.0 1.133712
879.5 1.299072
880.0 1.3272
880.5 1.150304
881.0 1.11616
881.5 1.175064
882.0 1.099664
882.5 1.265968
883.0 1.249888
883.5 1.389072
884.0 1.359728
884.5 0.860784
885.0 0.772568
885.5 0.106536
886.0 0.1
886.5 0.146744
887.0 0.1
887.5 0.147928
888.0 0.1
888.5 0.106608
889.0 0.1
889.5 0.10764
890.0 0.101688
890.5 0.107808
891.0 0.1
891.5 0.104744
892.0 0.1
892.5 0.106184
893.0 0.1
893.5 0.106152
894.0 0.1
894.5 0.103544
895.0 0.1
895.5 0.10568
896.0 0.101688
896.5 0.101856
897.0 0.1
897.5 0.102368
898.0 0.1
898.5 0.100928
899.0 0.1
899.5 0.100928
900.0 1.466512
900.5 0.980248
901.0 1.564
901.5 0.833248
902.0 1.07276
902.5 0.731816
903.0 1.08608
903.5 0.485608
904.0 1.494792
904.5 1.283936
905.0 1.195384
905.5 0.817352
906.0 1.502928
906.5 0.920632
907.0 1.235296
907.5 0.788504
908.0 0.886064
908.5 0.5642
909.0 1.172432
909.5 1.29836
910.0 1.29992
910.5 0.903976
911.0 0.979456
911.5 0.94748
912.0 1.144848
912.5 0.731256
913.0 0.977056
913.5 1.005472
914.0 1.545584
914.5 0.759744
915.0 1.074128
915.5 0.84508
916.0 1.292352
916.5 0.593088
917.0 1.175904
917.5 0.87288
918.0 1.315232
918.5 0.644544
919.0 1.056872
919.5 1.184448
920.0 1.327168
920.5 0.967096
921.0 1.169944
921.5 1.491904
922.0 1.373424
922.5 1.73008
923.0 1.441104
923.5 1.299512
924.0 1.230744
924.5 1.090016
925.0 1.008296
925.5 1.515928
926.0 1.458896
926.5 0.977776
927.0 0.974224
927.5 1.207344
928.0 1.085544
928.5 1.1118
929.0 1.15752
929.5 1.009752
930.0 1.108176
930.5 1.484776
931.0 1.28784
931.5 1.226184
932.0 1.241248
932.5 1.120232
933.0 1.084624
933.5 1.260792
934.0 1.24056
934.5 1.033856
935.0 1.099408
935.5 1.477792
936.0 1.41112
936.5 1.259504
937.0 1.211088
937.5 1.278328
938.0 1.314464
938.5 1.38204
939.0 1.253408
939.5 1.042328
940.0 1.253504
940.5 1.795008
941.0 1.49888
941.5 0.805096
942.0 1.558592
942.5 2.017608
943.0 1.044672
943.5 0.865896
944.0 1.14128
944.5 1.721936
945.0 1.267776
945.5 0.838168
946.0 1.002608
946.5 1.334048
947.0 1.12064
947.5 1.19384
948.0 1.383472
948.5 1.404096
949.0 1.15712
949.5 1.01976
950.0 1.15904
950.5 1.468992
951.0 1.278096
951.5 0.980136
952.0 1.089976
952.5 1.807744
953.0 1.591824
953.5 1.030536
954.0 1.098176
954.5 1.090944
955.0 1.001456
955.5 1.346872
956.0 1.398624
956.5 1.410296
957.0 1.28656
957.5 1.112
958.0 1.021312
958.5 1.311072
959.0 1.252912
959.5 1.135664
960.0 1.140624
960.5 1.44068
961.0 1.371904
961.5 1.256192
962.0 1.260256
962.5 1.25984
963.0 1.241368
963.5 0.97992
964.0 0.974856
964.5 1.483848
965.0 1.352664
965.5 1.184776
966.0 1.109024
966.5 1.047536
967.0 1.11264
967.5 0.994016
968.0 1.471752
968.5 1.998064
969.0 1.312016
969.5 0.923016
970.0 0.936816
970.5 1.472272
971.0 1.40872
971.5 1.195648
972.0 1.158928
972.5 1.166792
973.0 1.16968
973.5 1.159472
974.0 1.169248
974.5 1.38196
975.0 1.332112
975.5 1.15388
976.0 1.154352
976.5 1.527952
977.0 1.425904
977.5 1.08444
978.0 1.103328
978.5 1.267544
979.0 1.494944
979.5 1.42808
980.0 1.064136
980.5 1.18164
981.0 1.347992
981.5 1.40992
982.0 1.144288
982.5 1.426456
983.0 1.372128
983.5 1.017752
984.0 0.998288
984.5 1.358896
985.0 1.2518
985.5 1.276224
986.0 1.252656
986.5 1.457336
987.0 1.3892
987.5 0.836752
988.0 1.215424
988.5 2.0584
989.0 1.603072
989.5 1.25756
990.0 1.028192
990.5 1.124864
991.0 1.103536
991.5 1.101624
992.0 1.090896
992.5 0.962672
993.0 0.942496
993.5 1.14288
994.0 1.149936
994.5 1.387064
995.0 1.36104
995.5 1.164352
996.0 1.161344
996.5 1.475016
997.0 1.402928
997.5 1.089944
998.0 1.063376
998.5 0.87396
999.0 1.430992
999.5 1.909384
1000.0 1.290288
1000.5 1.075336
1001.0 1.258928
1001.5 1.507144
1002.0 1.23288
1002.5 0.81236
1003.0 1.264864
1003.5 2.253432
1004.0 1.59848
1004.5 1.246912
1005.0 1.111376
1005.5 0.854672
1006.0 1.234896
1006.5 1.451528
1007.0 1.007824
1007.5 0.94316
1008.0 0.95112
1008.5 1.328456
1009.0 1.316144
1009.5 0.977912
1010.0 0.961552
1010.5 1.001232
1011.0 1.299648
1011.5 1.651584
1012.0 1.286848
1012.5 1.231456
1013.0 1.201136
1013.5 1.0844
1014.0 1.205536
1014.5 1.220904
1015.0 1.243296
1015.5 1.851168
1016.0 1.52768
1016.5 1.066184
1017.0 1.249888
1017.5 1.480968
1018.0 1.159848
1018.5 1.15732
1019.0 1.196864
1019.5 1.26684
1020.0 1.2056
1020.5 1.261976
1021.0 1.225472
1021.5 1.004376
1022.0 0.995904
1022.5 1.166808
1023.0 1.178416
1023.5 1.336824
1024.0 1.238064
1024.5 1.259912
1025.0 1.17728
1025.5 1.346296
1026.0 1.294416
1026.5 1.392296
1027.0 1.36936
1027.5 1.005976
1028.0 0.997168
1028.5 1.212696
1029.0 1.206336
1029.5 1.46804
1030.0 1.412616
1030.5 1.190088
1031.0 1.209792
1031.5 1.329896
1032.0 1.269696
1032.5 1.423104
1033.0 1.356064
1033.5 1.12312
1034.0 1.130368
1034.5 1.14336
1035.0 1.120392
1035.5 1.326072
1036.0 1.287344
1036.5 1.278928
1037.0 1.262096
1037.5 1.175768
1038.0 1.170752
1038.5 1.124544
1039.0 1.13932
1039.5 1.22424
1040.0 1.202512
1040.5 1.16112
1041.0 1.151088
1041.5 1.1884
1042.0 1.211104
1042.5 1.194992
1043.0 1.18144
1043.5 1.408536
1044.0 1.343088
1044.5 1.208256
1045.0 1.105232
1045.5 1.505176
1046.0 1.453104
1046.5 0.768936
1047.0 1.263536
1047.5 2.193488
1048.0 1.454512
1048.5 1.212504
1049.0 1.311584
1049.5 1.405232
1050.0 1.235216
1050.5 0.793424
1051.0 0.76788
1051.5 1.397376
1052.0 1.3756
1052.5 1.384904
1053.0 1.329232
1053.5 1.062912
1054.0 1.24984
1054.5 1.593664
1055.0 1.312912
1055.5 1.19056
1056.0 1.163664
1056.5 1.134632
1057.0 1.109616
1057.5 1.316552
1058.0 1.309632
1058.5 0.958968
1059.0 0.864624
1059.5 1.392784
1060.0 1.36064
1060.5 1.181704
1061.0 1.164496
1061.5 0.813352
1062.0 1.281632
1062.5 2.226848
1063.0 1.548192
1063.5 0.83992
1064.0 1.251776
1064.5 1.3212
1065.0 1.191072
1065.5 0.67692
1066.0 1.17696
1066.5 1.599568
1067.0 1.09904
1067.5 0.966872
1068.0 1.300016
1068.5 1.762408
1069.0 1.442976
1069.5 0.773752
1070.0 1.150432
1070.5 0.82116
1071.0 1.083312
1071.5 0.595592
1072.0 1.107872
1072.5 1.507664
1073.0 1.281632
1073.5 0.82236
1074.0 1.187792
1074.5 1.46
1075.0 1.501904
1075.5 1.158352
1076.0 1.065872
1076.5 0.60236
1077.0 0.975392
1077.5 0.568392
1078.0 1.339024
1078.5 0.640192
1079.0 1.22976
1079.5 0.667704
1080.0 1.161712
1080.5 1.160544
1081.0 1.3156
1081.5 1.305064
1082.0 1.048224
1082.5 0.986592
1083.0 1.231064
1083.5 1.198352
1084.0 1.200336
1084.5 1.139792
1085.0 1.261952
1085.5 1.256848
1086.0 1.187608
1086.5 1.112192
1087.0 1.219368
1087.5 1.176992
1088.0 0.923376
1088.5 0.910592
1089.0 1.043536
1089.5 1.047792
1090.0 1.040408
1090.5 1.019536
1091.0 1.18996
1091.5 1.191936
1092.0 1.190136
1092.5 1.151328
1093.0 1.142392
1093.5 1.123696
1094.0 1.02744
1094.5 1.058304
1095.0 0.924
1095.5 0.91312
1096.0 1.19364
1096.5 1.145832
1097.0 1.095904
1097.5 1.074784
1098.0 1.152432
1098.5 1.172112
1099.0 1.199712
1099.5 1.148384
1100.0 1.122912
1100.5 1.111024
1101.0 1.352088
1101.5 1.3304
1102.0 1.065744
1102.5 0.9818
1103.0 1.209984
1103.5 1.202064
1104.0 1.134432
1104.5 1.09888
1105.0 1.146944
1105.5 1.128048
1106.0 1.002432
1106.5 0.9952
1107.0 1.162512
1107.5 1.156736
1108.0 1.08364
1108.5 1.047584
1109.0 1.206512
1109.5 1.187616
1110.0 1.096544
1110.5 1.092736
1111.0 1.113864
1111.5 1.108544
1112.0 1.191024
1112.5 1.175776
1113.0 0.9596
1113.5 0.943872
1114.0 1.299544
1114.5 1.241928
1115.0 1.114552
1115.5 1.057488
1116.0 1.247424
1116.5 1.2308
1117.0 1.05984
1117.5 1.111288
1118.0 1.19432
1118.5 1.115904
1119.0 1.11112
1119.5 1.096496
1120.0 1.27488
1120.5 1.171896
1121.0 1.133984
1121.5 1.109616
1122.0 1.300824
1122.5 1.195936
1123.0 1.226848
1123.5 1.203456
1124.0 1.047464
1124.5 1.04192
1125.0 1.137376
1125.5 1.137008
1126.0 1.140568
1126.5 1.099872
1127.0 1.026088
1127.5 1.005504
1128.0 1.265192
1128.5 1.24632
1129.0 1.310336
1129.5 1.278296
1130.0 1.043984
1130.5 1.036128
1131.0 1.016808
1131.5 0.996128
1132.0 1.079008
1132.5 1.065936
1133.0 1.01928
1133.5 1.028848
1134.0 1.26148
1134.5 1.22112
1135.0 0.952784
1135.5 1.016648
1136.0 1.358832
1136.5 1.27128
1137.0 1.166592
1137.5 1.146672
1138.0 1.044656
1138.5 1.031632
1139.0 1.045048
1139.5 1.022496
1140.0 1.152048
1140.5 1.140848
1141.0 1.222928
1141.5 1.202304
1142.0 1.285144
1142.5 1.210416
1143.0 1.147616
1143.5 1.10944
1144.0 1.145104
1144.5 1.093168
1145.0 1.131224
1145.5 1.074144
1146.0 0.991856
1146.5 1.003648
1147.0 1.211432
1147.5 1.163976
1148.0 1.168488
1148.5 1.153344
1149.0 1.06812
1149.5 1.04752
1150.0 1.08732
1150.5 1.075088
1151.0 1.16052
1151.5 1.142128
1152.0 1.070064
1152.5 1.057216
1153.0 1.035224
1153.5 1.025184
1154.0 1.176096
1154.5 1.188752
1155.0 1.258648
1155.5 1.2096
1156.0 1.14112
1156.5 1.139112
1157.0 1.169912
1157.5 1.186152
1158.0 1.128784
1158.5 1.13008
1159.0 1.119488
1159.5 1.112912
1160.0 1.196392
1160.5 1.187888
1161.0 1.098024
1161.5 1.080224
1162.0 1.181568
1162.5 1.140728
1163.0 1.012176
1163.5 0.977008
1164.0 1.332944
1164.5 1.320016
1165.0 1.025616
1165.5 1.013536
1166.0 1.21744
1166.5 1.191152
1167.0 1.039088
1167.5 1.023616
1168.0 1.114648
1168.5 1.103032
1169.0 1.03104
1169.5 1.01704
1170.0 1.169208
1170.5 1.148272
1171.0 1.281896
1171.5 1.265456
1172.0 0.992688
1172.5 1.077072
1173.0 1.153968
1173.5 1.047488
1174.0 1.169368
1174.5 1.108304
1175.0 1.215648
1175.5 1.149264
1176.0 1.037568
1176.5 1.021984
1177.0 1.19208
1177.5 1.18248
1178.0 1.130656
1178.5 1.118416
1179.0 1.265504
1179.5 1.248528
1180.0 0.960128
1180.5 0.951768
1181.0 1.206136
1181.5 1.182736
1182.0 1.190704
1182.5 1.11456
1183.0 1.24764
1183.5 1.237232
1184.0 1.132992
1184.5 1.171424
1185.0 1.089016
1185.5 1.048
1186.0 1.036832
1186.5 1.016928
1187.0 1.146208
1187.5 1.118624
1188.0 1.065232
1188.5 1.049776
1189.0 1.273568
1189.5 1.25072
1190.0 1.135816
1190.5 1.129488
1191.0 1.066008
1191.5 1.037056
1192.0 1.213592
1192.5 1.193168
1193.0 1.010664
1193.5 0.992912
1194.0 1.115024
1194.5 1.09528
1195.0 1.244808
1195.5 1.218504
1196.0 1.031936
1196.5 1.018144
1197.0 1.211856
1197.5 1.209184
1198.0 1.119024
1198.5 1.094864
1199.0 1.151584
1199.5 1.143872
1200.0 1.055184
1200.5 1.038496
1201.0 1.081328
1201.5 1.064024
1202.0 1.145408
1202.5 1.063328
1203.0 1.21016
1203.5 1.187344
1204.0 1.080656
1204.5 1.022424
1205.0 1.169224
1205.5 1.109536
1206.0 1.086776
1206.5 1.084848
1207.0 1.276184
1207.5 1.236544
1208.0 1.076392
1208.5 1.062064
1209.0 1.1478
1209.5 1.112144
1210.0 1.125272
1210.5 1.10352
1211.0 1.332752
1211.5 1.319824
1212.0 1.159136
1212.5 1.14792
1213.0 1.279352
1213.5 1.224904
1214.0 1.103376
1214.5 1.089104
1215.0 1.239736
1215.5 1.221824
1216.0 1.107088
1216.5 1.088272
1217.0 1.233872
1217.5 1.208608
1218.0 1.018536
1218.5 1.01424
1219.0 1.25864
1219.5 1.226624
1220.0 1.712192
1220.5 1.669888
1221.0 0.747416
1221.5 0.723344
1222.0 1.163416
1222.5 1.083024
1223.0 0.881504
1223.5 0.826784
1224.0 0.968
1224.5 0.952336
1225.0 1.3222
1225.5 1.285296
1226.0 1.23048
1226.5 1.1924
1227.0 1.073792
1227.5 1.064864
1228.0 0.877336
1228.5 0.840488
1229.0 1.529216
1229.5 1.491712
1230.0 0.98368
1230.5 0.966688
1231.0 1.033032
1231.5 1.124128
1232.0 1.16408
1232.5 1.034144
1233.0 1.08536
1233.5 1.07376
1234.0 1.361568
1234.5 1.280264
1235.0 1.170344
1235.5 1.098368
1236.0 1.589328
1236.5 1.594496
1237.0 0.85568
1237.5 0.801904
1238.0 1.047576
1238.5 1.025072
1239.0 0.922512
1239.5 0.892624
1240.0 1.366944
1240.5 1.331872
1241.0 0.788968
1241.5 0.774224
1242.0 1.308488
1242.5 1.226064
1243.0 1.066568
1243.5 1.039728
1244.0 1.33236
1244.5 1.3068
1245.0 0.941176
1245.5 0.920176
1246.0 1.209672
1246.5 1.186488
1247.0 1.092216
1247.5 1.0768
1248.0 1.32972
1248.5 1.307072
1249.0 1.128176
1249.5 1.105856
1250.0 1.093712
1250.5 1.070064
1251.0 1.350624
1251.5 1.326864
1252.0 1.11912
1252.5 1.09568
1253.0 0.948576
1253.5 0.940384
1254.0 1.161024
1254.5 1.134112
1255.0 1.050624
1255.5 1.035248
1256.0 1.23316
1256.5 1.195584
1257.0 0.963008
1257.5 0.952816
1258.0 1.322816
1258.5 1.30416
1259.0 1.036872
1259.5 1.024624
1260.0 1.054096
1260.5 1.027152
1261.0 1.097704
1261.5 1.07496
1262.0 1.183144
1262.5 1.162864
1263.0 1.315776
1263.5 1.259328
1264.0 1.015072
1264.5 0.992704
1265.0 1.21644
1265.5 1.203616
1266.0 1.190592
1266.5 1.172024
1267.0 1.056224
1267.5 1.04424
1268.0 1.250016
1268.5 1.230576
1269.0 1.373544
1269.5 1.347552
1270.0 0.917648
1270.5 0.918512
1271.0 1.043936
1271.5 1.018432
1272.0 1.006408
1272.5 0.991744
1273.0 1.019184
1273.5 0.99648
1274.0 1.244208
1274.5 1.223728
1275.0 1.110896
1275.5 1.102656
1276.0 1.248352
1276.5 1.169664
1277.0 1.055656
1277.5 1.044144
1278.0 1.140936
1278.5 1.084944
1279.0 1.123296
1279.5 1.101072
1280.0 1.15896
1280.5 1.09336
1281.0 1.106728
1281.5 1.081672
1282.0 1.066616
1282.5 1.021168
1283.0 1.129848
1283.5 1.112528
1284.0 1.187384
1284.5 1.162816
1285.0 1.3414
1285.5 1.316288
1286.0 1.123376
1286.5 1.109632
1287.0 1.054128
1287.5 1.077304
1288.0 1.032464
1288.5 0.983408
1289.0 1.301112
1289.5 1.278496
1290.0 1.19432
1290.5 1.177232
1291.0 1.068496
1291.5 1.060784
1292.0 1.281376
1292.5 1.263664
1293.0 1.047384
1293.5 1.0272
1294.0 0.98104
1294.5 0.967136
1295.0 1.237632
1295.5 1.220976
1296.0 1.162136
1296.5 1.088496
1297.0 1.235568
1297.5 1.214672
1298.0 1.306896
1298.5 1.278944
1299.0 0.967424
1299.5 0.959784
1300.0 0.955056
1300.5 0.961024
1301.0 1.250784
1301.5 1.215056
1302.0 1.001344
1302.5 0.987728
1303.0 1.194312
1303.5 1.177856
1304.0 1.121296
1304.5 1.104368
1305.0 1.414624
1305.5 1.431744
1306.0 1.112784
1306.5 1.099936
1307.0 1.205584
1307.5 1.191504
1308.0 1.111784
1308.5 1.026304
1309.0 1.21836
1309.5 1.155072
1310.0 1.134448
1310.5 1.114208
1311.0 1.266544
1311.5 1.246384
1312.0 0.890928
1312.5 0.880768
1313.0 1.118736
1313.5 1.101152
1314.0 1.00736
1314.5 0.99284
1315.0 1.151808
1315.5 1.139472
1316.0 1.469728
1316.5 1.388928
1317.0 1.14344
1317.5 1.123104
1318.0 1.054336
1318.5 1.045104
1319.0 1.323864
1319.5 1.29712
1320.0 1.113056
1320.5 1.098296
1321.0 1.23448
1321.5 1.215504
1322.0 1.060784
1322.5 1.037808
1323.0 1.252416
1323.5 1.231792
1324.0 1.013128
1324.5 0.9904
1325.0 1.263728
1325.5 1.213232
1326.0 1.204032
1326.5 1.185136
1327.0 1.231096
1327.5 1.214704
1328.0 0.942616
1328.5 0.921568
1329.0 1.091888
1329.5 1.078416
1330.0 0.894608
1330.5 0.886528
1331.0 1.283088
1331.5 1.252944
1332.0 0.831056
1332.5 0.82316
1333.0 1.420304
1333.5 1.39496
1334.0 1.07208
1334.5 1.055808
1335.0 1.22408
1335.5 1.206096
1336.0 1.01528
1336.5 0.946176
1337.0 1.10128
1337.5 1.081552
1338.0 1.267328
1338.5 1.240048
1339.0 1.17932
1339.5 1.04736
1340.0 0.969776
1340.5 0.970656
1341.0 1.36872
1341.5 1.300128
1342.0 1.095712
1342.5 1.067232
1343.0 1.141888
1343.5 1.12376
1344.0 1.089224
1344.5 1.076192
1345.0 1.076096
1345.5 1.075696
1346.0 1.126648
1346.5 1.080496
1347.0 1.151456
1347.5 1.13028
1348.0 1.194576
1348.5 1.169712
1349.0 1.11436
1349.5 1.085968
1350.0 1.157648
1350.5 1.144096
1351.0 1.1392
1351.5 1.125424
1352.0 1.165216
1352.5 1.144304
1353.0 1.05008
1353.5 1.049368
1354.0 1.121104
1354.5 1.0948
1355.0 1.009072
1355.5 0.996272
1356.0 1.293896
1356.5 1.21464
1357.0 1.316208
1357.5 1.29784
1358.0 1.13904
1358.5 1.12056
1359.0 0.985984
1359.5 0.974416
1360.0 1.176672
1360.5 1.161184
1361.0 1.12096
1361.5 1.099456
1362.0 1.122
1362.5 1.107728
1363.0 1.060288
1363.5 1.04576
1364.0 1.117824
1364.5 1.102112
1365.0 1.036952
1365.5 1.029048
1366.0 1.214816
1366.5 1.188992
1367.0 1.078608
1367.5 1.066528
1368.0 1.120024
1368.5 1.093552
1369.0 1.163784
1369.5 1.088288
1370.0 1.137168
1370.5 1.126
1371.0 1.154064
1371.5 1.138128
1372.0 1.090096
1372.5 1.070896
1373.0 1.046736
1373.5 1.031072
1374.0 1.471504
1374.5 1.451616
1375.0 0.961664
1375.5 0.948576
1376.0 1.049568
1376.5 0.994896
1377.0 1.101104
1377.5 1.072
1378.0 1.268736
1378.5 1.248512
1379.0 1.14928
1379.5 1.118464
1380.0 1.019872
1380.5 1.044232
1381.0 1.31096
1381.5 1.280256
1382.0 1.73116
1382.5 1.63448
1383.0 0.8058
1383.5 0.7872
1384.0 0.986968
1384.5 0.966176
1385.0 0.960912
1385.5 0.96136
1386.0 1.162376
1386.5 1.13404
1387.0 1.157416
1387.5 1.122256
1388.0 1.401664
1388.5 1.427424
1389.0 0.985888
1389.5 0.893824
1390.0 0.988248
1390.5 0.97784
1391.0 1.136392
1391.5 1.111104
1392.0 1.075888
1392.5 1.086672
1393.0 1.050064
1393.5 1.010512
1394.0 1.105536
1394.5 1.209472
1395.0 1.229792
1395.5 1.078224
1396.0 1.143312
1396.5 1.08536
1397.0 1.061472
1397.5 1.053808
1398.0 1.296888
1398.5 1.252744
1399.0 1.282128
1399.5 1.180448
1400.0 1.175776
1400.5 1.15976
1401.0 1.012184
1401.5 0.995472
1402.0 1.311608
1402.5 1.287744
1403.0 1.193304
1403.5 1.170064
1404.0 1.112
1404.5 1.088192
1405.0 1.052136
1405.5 1.040176
1406.0 1.054496
1406.5 1.0532
1407.0 1.243144
1407.5 1.225408
1408.0 0.999392
1408.5 0.983088
1409.0 1.12412
1409.5 1.095376
1410.0 1.239912
1410.5 1.19288
1411.0 1.186144
1411.5 1.171488
1412.0 1.223008
1412.5 1.193328
1413.0 0.997296
1413.5 0.982136
1414.0 1.004
1414.5 1.027952
1415.0 1.197232
1415.5 1.139968
1416.0 1.131128
1416.5 1.06272
1417.0 1.299008
1417.5 1.273888
1418.0 1.107328
1418.5 1.097344
1419.0 1.182928
1419.5 1.172664
1420.0 1.013808
1420.5 1.010944
1421.0 1.101792
1421.5 1.067136
1422.0 1.1128
1422.5 1.10264
1423.0 1.119968
1423.5 1.103056
1424.0 1.070224
1424.5 1.140624
1425.0 1.227808
1425.5 1.135312
1426.0 1.579936
1426.5 1.526736
1427.0 0.888144
1427.5 0.880368
1428.0 1.21572
1428.5 1.150704
1429.0 1.311768
1429.5 1.254592
1430.0 1.104288
1430.5 1.093472
1431.0 1.169424
1431.5 1.157992
1432.0 1.106992
1432.5 1.08568
1433.0 1.231008
1433.5 1.20608
1434.0 1.116504
1434.5 1.090032
1435.0 1.15092
1435.5 1.124976
1436.0 1.899456
1436.5 1.799552
1437.0 0.703392
1437.5 0.688256
1438.0 0.86004
1438.5 0.847456
1439.0 1.037952
1439.5 1.014128
