0.0 0.10568
0.5 0.101688
1.0 0.101856
1.5 0.1
2.0 0.102368
2.5 0.1
3.0 0.100928
3.5 0.1
4.0 0.100928
4.5 0.1
5.0 0.107936
5.5 0.1
6.0 0.106464
6.5 0.10176
7.0 0.101976
7.5 0.1
8.0 0.10348
8.5 0.1
9.0 0.160096
9.5 0.1
10.0 0.106912
10.5 0.10888
11.0 0.128368
11.5 0.123648
12.0 0.10488
12.5 0.10268
13.0 0.330112
13.5 0.503264
14.0 1.03752
14.5 1.052752
15.0 1.241584
15.5 1.228
16.0 1.08472
16.5 1.055664
17.0 1.24532
17.5 1.18576
18.0 0.985872
18.5 1.013136
19.0 1.331728
19.5 1.241264
20.0 1.063224
20.5 1.100928
21.0 1.232024
21.5 1.119712
22.0 1.028856
22.5 0.935728
23.0 1.232352
23.5 1.154064
24.0 1.024056
24.5 1.091056
25.0 1.26688
25.5 1.283984
26.0 0.993264
26.5 0.922272
27.0 1.142752
27.5 1.295624
28.0 1.222304
28.5 1.05448
29.0 1.2308
29.5 1.219216
30.0 1.147872
30.5 1.03056
31.0 1.034768
31.5 1.078704
32.0 1.012448
32.5 0.98168
33.0 1.221456
33.5 1.207528
34.0 1.092656
34.5 1.07056
35.0 1.126016
35.5 1.114864
36.0 1.12248
36.5 1.0312
37.0 1.179016
37.5 1.320208
38.0 1.263032
38.5 1.106208
39.0 1.117336
39.5 1.07952
40.0 1.022968
40.5 1.008048
41.0 1.105856
41.5 1.170592
42.0 1.215616
42.5 1.138336
43.0 1.184928
43.5 1.20416
44.0 1.229344
44.5 1.119344
45.0 1.163136
45.5 1.086216
46.0 1.012496
46.5 1.0764
47.0 1.143088
47.5 1.06008
48.0 1.00368
48.5 1.024352
49.0 1.134664
49.5 1.145696
50.0 1.238128
50.5 1.129648
51.0 1.1438
51.5 0.9276
52.0 1.356072
52.5 1.517376
53.0 1.054528
53.5 0.953728
54.0 1.09636
54.5 1.00592
55.0 1.046592
55.5 1.11744
56.0 1.145216
56.5 1.123424
57.0 1.055768
57.5 1.098128
58.0 1.285088
58.5 1.25336
59.0 1.136952
59.5 1.130672
60.0 1.062336
60.5 1.013224
61.0 1.080624
61.5 1.084992
62.0 1.14616
62.5 1.09344
63.0 0.996368
63.5 0.977392
64.0 1.208048
64.5 1.18024
65.0 1.082896
65.5 1.08128
66.0 1.145728
66.5 1.127192
67.0 1.17504
67.5 1.141952
68.0 1.23808
68.5 1.268496
69.0 1.169728
69.5 1.06696
70.0 1.092224
70.5 1.106448
71.0 1.103824
71.5 1.031472
72.0 1.300784
72.5 1.273968
73.0 1.065376
73.5 1.036912
74.0 1.186656
74.5 1.184944
75.0 1.011872
75.5 1.067888
76.0 1.193152
76.5 1.070912
77.0 1.149968
77.5 1.108112
78.0 1.126152
78.5 1.204984
79.0 1.170112
79.5 1.078512
80.0 1.097776
80.5 1.133344
81.0 1.261664
81.5 1.10448
82.0 1.091608
82.5 0.88392
83.0 1.061408
83.5 1.130304
84.0 1.429008
84.5 1.199856
85.0 0.426928
85.5 0.286912
86.0 0.416768
86.5 0.277616
87.0 0.393304
87.5 0.132736
88.0 0.117656
88.5 0.116208
89.0 0.378048
89.5 0.13312
90.0 0.118368
90.5 0.100784
91.0 0.222776
91.5 0.100784
92.0 0.105704
92.5 0.1
93.0 0.289888
93.5 0.28692
94.0 0.322856
94.5 0.29248
95.0 0.226192
95.5 0.72624
96.0 0.376392
96.5 0.417056
97.0 0.111152
97.5 0.12152
98.0 0.177904
98.5 0.173824
99.0 0.11516
99.5 0.123208
100.0 0.220544
100.5 0.224768
101.0 0.113392
101.5 0.12152
102.0 0.292264
102.5 0.285712
103.0 0.118608
103.5 0.12152
104.0 0.2096
104.5 0.21064
105.0 0.119504
105.5 0.12328
106.0 0.211856
106.5 0.213824
107.0 0.112128
107.5 0.12024
108.0 0.20896
108.5 0.213808
109.0 0.170176
109.5 0.12648
110.0 0.244312
110.5 0.239248
111.0 0.168216
111.5 0.123224
112.0 0.329944
112.5 0.28504
113.0 0.121008
113.5 0.12152
114.0 0.186808
114.5 0.24712
115.0 0.135448
115.5 0.12152
116.0 0.117416
116.5 0.168368
117.0 0.143304
117.5 0.13604
118.0 0.120408
118.5 0.4008
119.0 0.11468
119.5 0.12152
120.0 0.123424
120.5 0.281808
121.0 0.111152
121.5 0.12152
122.0 0.119976
122.5 0.210608
123.0 0.111904
123.5 0.12152
124.0 0.110656
124.5 0.388032
125.0 0.112168
125.5 0.11224
126.0 0.106408
126.5 0.101688
127.0 0.1
127.5 0.1
128.0 0.10204
128.5 0.1
129.0 0.160416
129.5 0.1
130.0 0.104224
130.5 0.1
131.0 0.104456
131.5 0.1
132.0 0.107088
132.5 0.101688
133.0 0.105728
133.5 0.1
134.0 1.14496
134.5 0.147328
135.0 0.125856
135.5 0.143632
136.0 0.104344
136.5 0.110672
137.0 0.106864
137.5 0.281168
138.0 1.014648
138.5 1.036656
139.0 1.071984
139.5 1.05144
140.0 1.093424
140.5 1.10632
141.0 1.157432
141.5 1.102192
142.0 1.29708
142.5 1.125344
143.0 1.063168
143.5 1.130192
144.0 1.33584
144.5 1.24932
145.0 1.01752
145.5 0.997936
146.0 1.127376
146.5 1.077792
147.0 1.198816
147.5 1.183968
148.0 1.179264
148.5 1.176736
149.0 1.125336
149.5 1.091248
150.0 0.743696
150.5 1.057056
151.0 0.717312
151.5 1.21896
152.0 0.891504
152.5 1.057168
153.0 0.831104
153.5 1.144208
154.0 0.944096
154.5 1.03536
155.0 1.091888
155.5 1.047568
156.0 1.041488
156.5 1.003216
157.0 1.201152
157.5 1.28672
158.0 1.167032
158.5 1.161072
159.0 1.227896
159.5 1.115528
160.0 0.95688
160.5 1.007104
161.0 1.146752
161.5 1.051328
162.0 1.147264
162.5 1.159456
163.0 1.285664
163.5 1.117808
164.0 1.28916
164.5 1.289824
165.0 1.080784
165.5 1.166376
166.0 1.100296
166.5 1.08344
167.0 1.014448
167.5 0.97488
168.0 1.38856
168.5 1.477488
169.0 1.292152
169.5 1.150224
170.0 0.966656
170.5 0.926384
171.0 1.023448
171.5 0.97944
172.0 1.194512
172.5 1.14848
173.0 0.989728
173.5 0.986336
174.0 1.465536
174.5 1.475984
175.0 1.137104
175.5 1.15248
176.0 1.295392
176.5 1.303408
177.0 1.025144
177.5 0.973384
178.0 1.261024
178.5 1.186368
179.0 0.993312
179.5 1.015184
180.0 1.34448
180.5 1.27112
181.0 1.167024
181.5 0.861704
182.0 1.095136
182.5 0.726696
183.0 1.258496
183.5 0.720288
184.0 1.171776
184.5 1.21572
185.0 1.225792
185.5 1.088776
186.0 1.179328
186.5 1.412856
187.0 1.294544
187.5 1.147928
188.0 1.160976
188.5 1.34432
189.0 1.293744
189.5 1.187568
190.0 1.27536
190.5 1.3394
191.0 1.28752
191.5 1.108664
192.0 1.132768
192.5 1.305872
193.0 1.24832
193.5 1.162352
194.0 1.228
194.5 1.33588
195.0 1.258768
195.5 1.136688
196.0 1.122768
196.5 1.29388
197.0 1.23424
197.5 1.118536
198.0 1.146512
198.5 1.340112
199.0 1.339072
199.5 1.144496
200.0 1.145184
200.5 1.302976
201.0 1.334832
201.5 1.170072
202.0 1.098528
202.5 1.312368
203.0 1.31824
203.5 1.13684
204.0 1.132216
204.5 1.3312
205.0 1.355072
205.5 1.10352
206.0 1.102592
206.5 1.309768
207.0 1.269696
207.5 1.061776
208.0 1.132352
208.5 1.335024
209.0 1.246448
209.5 1.12364
210.0 1.24832
210.5 0.93132
211.0 1.324144
211.5 0.698304
212.0 1.123424
212.5 1.078704
213.0 1.214976
213.5 1.26664
214.0 1.225728
214.5 1.342304
215.0 1.31608
215.5 1.15132
216.0 1.200768
216.5 1.249832
217.0 1.210896
217.5 1.1888
218.0 1.179952
218.5 1.368584
219.0 1.333696
219.5 1.159896
220.0 1.16272
220.5 1.320504
221.0 1.355296
221.5 1.191592
222.0 1.12864
222.5 1.297416
223.0 1.264464
223.5 1.130824
224.0 1.186736
224.5 1.299888
225.0 1.217056
225.5 1.136184
226.0 1.178928
226.5 1.249584
227.0 1.251648
227.5 1.167776
228.0 1.16528
228.5 1.350432
229.0 1.285584
229.5 1.105424
230.0 1.125904
230.5 1.411456
231.0 1.461072
231.5 1.143072
232.0 1.12496
232.5 1.257632
233.0 1.23136
233.5 1.187488
234.0 1.179648
234.5 1.23304
235.0 1.254464
235.5 1.172832
236.0 1.164864
236.5 1.327008
237.0 1.293736
237.5 1.218448
238.0 1.22768
238.5 1.290048
239.0 1.275504
239.5 1.19264
240.0 1.114256
240.5 1.303112
241.0 1.286176
241.5 1.127728
242.0 1.13608
242.5 1.383728
243.0 1.385728
243.5 1.111288
244.0 1.120496
244.5 1.336744
245.0 1.34216
245.5 1.182864
246.0 1.190224
246.5 1.274112
247.0 1.239984
247.5 1.138064
248.0 1.096192
248.5 1.223496
249.0 1.329616
249.5 1.196
250.0 1.161808
250.5 1.37328
251.0 1.296528
251.5 1.1714
252.0 1.144928
252.5 1.250304
253.0 1.277072
253.5 1.137704
254.0 1.195168
254.5 1.275736
255.0 1.182144
255.5 1.14188
256.0 1.097648
256.5 1.281272
257.0 1.349504
257.5 1.265448
258.0 1.23736
258.5 1.318696
259.0 1.2844
259.5 1.156448
260.0 1.21664
260.5 1.31988
261.0 1.296768
261.5 1.106368
262.0 1.090416
262.5 1.3302
263.0 1.312896
263.5 1.118512
264.0 1.079232
264.5 1.300224
265.0 1.365328
265.5 1.180408
266.0 1.138368
266.5 1.386688
267.0 1.396384
267.5 1.101872
268.0 1.101584
268.5 1.38476
269.0 1.333936
269.5 1.135928
270.0 1.13164
270.5 1.350984
271.0 1.319888
271.5 1.129664
272.0 1.146656
272.5 1.348288
273.0 1.292736
273.5 1.145056
274.0 1.230112
274.5 1.239168
275.0 1.180272
275.5 1.116656
276.0 1.120448
276.5 1.313504
277.0 1.319856
277.5 1.209904
278.0 1.104496
278.5 1.114096
279.0 1.388272
279.5 1.337536
280.0 1.095424
280.5 1.24824
281.0 1.359984
281.5 1.267584
282.0 1.163072
282.5 1.132192
283.0 1.3004
283.5 1.353136
284.0 1.168224
284.5 1.121392
285.0 1.12256
285.5 1.355184
286.0 1.333536
286.5 1.1642
287.0 1.201072
287.5 1.217672
288.0 1.140368
288.5 1.105496
289.0 1.173984
289.5 1.332688
290.0 1.323488
290.5 1.107264
291.0 1.15856
291.5 0.670352
292.0 1.310736
292.5 0.735472
293.0 1.073776
293.5 1.15848
294.0 1.298736
294.5 1.206016
295.0 1.238512
295.5 1.354832
296.0 1.323152
296.5 1.169984
297.0 1.118992
297.5 1.386384
298.0 1.28672
298.5 1.116864
299.0 1.216432
299.5 1.336328
300.0 1.287904
300.5 1.212088
301.0 1.144192
301.5 1.353176
302.0 1.335008
302.5 1.068896
303.0 1.123384
303.5 1.306
304.0 1.272384
304.5 1.146456
305.0 1.129424
305.5 1.320696
306.0 1.307008
306.5 1.140616
307.0 1.156832
307.5 1.304392
308.0 1.248
308.5 1.15792
309.0 1.195152
309.5 1.314688
310.0 1.329792
310.5 1.169456
311.0 1.063664
311.5 1.390672
312.0 1.434544
312.5 1.0888
313.0 1.159216
313.5 1.37592
314.0 1.347824
314.5 1.131872
315.0 1.149968
315.5 1.30332
316.0 1.289248
316.5 1.167168
317.0 1.102688
317.5 1.36032
318.0 1.329088
318.5 1.101104
319.0 1.13344
319.5 1.296272
320.0 1.215536
320.5 1.154232
321.0 1.182144
321.5 1.248672
322.0 1.30352
322.5 1.17096
323.0 1.163872
323.5 1.319616
324.0 1.340944
324.5 1.192488
325.0 1.126336
325.5 1.274992
326.0 1.296624
326.5 1.132264
327.0 1.097568
327.5 1.271648
328.0 1.292432
328.5 1.105552
329.0 1.121536
329.5 1.398328
330.0 1.284832
330.5 1.19836
331.0 1.185584
331.5 1.345488
332.0 1.403488
332.5 1.129648
333.0 1.055712
333.5 1.310176
334.0 1.34336
334.5 1.137712
335.0 1.115264
335.5 1.323952
336.0 1.277736
336.5 1.108304
337.0 1.151856
337.5 1.47716
338.0 1.409008
338.5 1.090552
339.0 1.10464
339.5 1.306232
340.0 1.293456
340.5 1.133304
341.0 1.148992
341.5 1.282616
342.0 1.295792
342.5 1.106648
343.0 1.068128
343.5 1.282208
344.0 1.28848
344.5 1.10584
345.0 1.054496
345.5 1.351784
346.0 1.382672
346.5 1.113392
347.0 1.187616
347.5 1.354176
348.0 1.286512
348.5 1.12384
349.0 1.16232
349.5 1.351392
350.0 1.32848
350.5 1.090608
351.0 1.150352
351.5 1.323728
352.0 1.231776
352.5 1.051632
353.0 1.083872
353.5 1.393504
354.0 1.351184
354.5 1.157064
355.0 1.20168
355.5 1.319536
356.0 1.36168
356.5 1.173008
357.0 1.133728
357.5 1.438496
358.0 0.669392
358.5 0.651744
359.0 0.538536
359.5 0.595728
360.0 1.180664
360.5 1.22856
361.0 1.337984
361.5 1.276384
362.0 1.172544
362.5 1.138328
363.0 1.332064
363.5 1.310368
364.0 0.765272
364.5 1.146944
365.0 0.693384
365.5 1.260496
366.0 0.710096
366.5 1.136752
367.0 0.69004
367.5 1.193968
368.0 1.412512
368.5 1.253488
369.0 1.003776
369.5 1.249824
370.0 0.726096
370.5 1.147616
371.0 0.72424
371.5 1.335232
372.0 1.427216
372.5 1.123392
373.0 1.435344
373.5 1.363184
374.0 1.059088
374.5 1.03292
375.0 1.263984
375.5 1.321984
376.0 1.19744
376.5 1.105696
377.0 1.459592
377.5 1.369808
378.0 1.16676
378.5 1.182352
379.0 1.449464
379.5 1.335824
380.0 1.1392
380.5 1.174912
381.0 1.38812
381.5 1.337664
382.0 1.170456
382.5 1.142864
383.0 1.38052
383.5 1.277872
384.0 1.134656
384.5 1.165008
385.0 1.180088
385.5 1.313232
386.0 1.285536
386.5 1.0884
387.0 1.024448
387.5 1.413808
388.0 0.72396
388.5 1.054368
389.0 0.763848
389.5 1.241768
390.0 1.322352
390.5 1.18408
391.0 1.28464
391.5 1.223232
392.0 1.335024
392.5 1.260912
393.0 1.18528
393.5 1.314384
394.0 1.450016
394.5 1.285344
395.0 1.113496
395.5 1.087432
396.0 1.12112
396.5 1.151296
397.0 1.335856
397.5 1.228848
398.0 1.241016
398.5 1.16632
399.0 1.140616
399.5 1.187456
400.0 1.089592
400.5 0.899888
401.0 0.714696
401.5 0.887744
402.0 1.508368
402.5 1.416736
403.0 1.333424
403.5 1.356944
404.0 1.48144
404.5 1.414944
405.0 1.214336
405.5 1.177792
406.0 1.297616
406.5 1.260576
407.0 1.234864
407.5 1.29212
408.0 1.307216
408.5 1.237088
409.0 1.140048
409.5 1.147936
410.0 1.424464
410.5 1.365952
411.0 1.159472
411.5 1.133712
412.0 1.299072
412.5 1.3272
413.0 1.150304
413.5 1.11616
414.0 1.175064
414.5 1.099664
415.0 1.265968
415.5 1.249888
416.0 1.389072
416.5 1.359728
417.0 0.860784
417.5 0.772568
418.0 0.106536
418.5 0.1
419.0 0.146744
419.5 0.1
420.0 0.147928
420.5 0.1
421.0 0.106608
421.5 0.1
422.0 0.10764
422.5 0.101688
423.0 0.107808
423.5 0.1
424.0 0.104744
424.5 0.1
425.0 0.106184
425.5 0.1
426.0 0.106152
426.5 0.1
427.0 0.103544
427.5 0.1
428.0 0.10568
428.5 0.101688
429.0 0.101856
429.5 0.1
430.0 0.102368
430.5 0.1
431.0 0.100928
431.5 0.1
432.0 0.100928
432.5 0.1
433.0 0.107936
433.5 0.1
434.0 0.106464
434.5 0.10176
435.0 0.101976
435.5 0.1
436.0 0.10348
436.5 0.1
437.0 0.160096
437.5 0.1
438.0 0.106912
438.5 0.10888
439.0 0.128368
439.5 0.123648
440.0 0.10488
440.5 0.10268
441.0 0.330112
441.5 0.503264
442.0 1.03752
442.5 1.052752
443.0 1.241584
443.5 1.228
444.0 1.08472
444.5 1.055664
445.0 1.24532
445.5 1.18576
446.0 0.985872
446.5 1.013136
447.0 1.331728
447.5 1.241264
448.0 1.063224
448.5 1.100928
449.0 1.232024
449.5 1.119712
450.0 1.028856
450.5 0.935728
451.0 1.232352
451.5 1.154064
452.0 1.024056
452.5 1.091056
453.0 1.26688
453.5 1.283984
454.0 0.993264
454.5 0.922272
455.0 1.142752
455.5 1.295624
456.0 1.222304
456.5 1.05448
457.0 1.2308
457.5 1.219216
458.0 1.147872
458.5 1.03056
459.0 1.034768
459.5 1.078704
460.0 1.012448
460.5 0.98168
461.0 1.221456
461.5 1.207528
462.0 1.092656
462.5 1.07056
463.0 1.126016
463.5 1.114864
464.0 1.12248
464.5 1.0312
465.0 1.179016
465.5 1.320208
466.0 1.263032
466.5 1.106208
467.0 1.117336
467.5 1.07952
468.0 1.022968
468.5 1.008048
469.0 1.105856
469.5 1.170592
470.0 1.215616
470.5 1.138336
471.0 1.184928
471.5 1.20416
472.0 1.229344
472.5 1.119344
473.0 1.163136
473.5 1.086216
474.0 1.012496
474.5 1.0764
475.0 1.143088
475.5 1.06008
476.0 1.00368
476.5 1.024352
477.0 1.134664
477.5 1.145696
478.0 1.238128
478.5 1.129648
479.0 1.1438
479.5 0.9276
480.0 1.356072
480.5 1.517376
481.0 1.054528
481.5 0.953728
482.0 1.09636
482.5 1.00592
483.0 1.046592
483.5 1.11744
484.0 1.145216
484.5 1.123424
485.0 1.055768
485.5 1.098128
486.0 1.285088
486.5 1.25336
487.0 1.136952
487.5 1.130672
488.0 1.062336
488.5 1.013224
489.0 1.080624
489.5 1.084992
490.0 1.14616
490.5 1.09344
491.0 0.996368
491.5 0.977392
492.0 1.208048
492.5 1.18024
493.0 1.082896
493.5 1.08128
494.0 1.145728
494.5 1.127192
495.0 1.17504
495.5 1.141952
496.0 1.23808
496.5 1.268496
497.0 1.169728
497.5 1.06696
498.0 1.092224
498.5 1.106448
499.0 1.103824
499.5 1.031472
500.0 1.300784
500.5 1.273968
501.0 1.065376
501.5 1.036912
502.0 1.186656
502.5 1.184944
503.0 1.011872
503.5 1.067888
504.0 1.193152
504.5 1.070912
505.0 1.149968
505.5 1.108112
506.0 1.126152
506.5 1.204984
507.0 1.170112
507.5 1.078512
508.0 1.097776
508.5 1.133344
509.0 1.261664
509.5 1.10448
510.0 1.091608
510.5 0.88392
511.0 1.061408
511.5 1.130304
512.0 1.429008
512.5 1.199856
513.0 0.426928
513.5 0.286912
514.0 0.416768
514.5 0.277616
515.0 0.393304
515.5 0.132736
516.0 0.117656
516.5 0.116208
517.0 0.378048
517.5 0.13312
518.0 0.118368
518.5 0.100784
519.0 0.222776
519.5 0.100784
520.0 0.105704
520.5 0.1
521.0 0.289888
521.5 0.28692
522.0 0.322856
522.5 0.29248
523.0 0.226192
523.5 0.72624
524.0 0.376392
524.5 0.417056
525.0 0.111152
525.5 0.12152
526.0 0.177904
526.5 0.173824
527.0 0.11516
527.5 0.123208
528.0 0.220544
528.5 0.224768
529.0 0.113392
529.5 0.12152
530.0 0.292264
530.5 0.285712
531.0 0.118608
531.5 0.12152
532.0 0.2096
532.5 0.21064
533.0 0.119504
533.5 0.12328
534.0 0.211856
534.5 0.213824
535.0 0.112128
535.5 0.12024
536.0 0.20896
536.5 0.213808
537.0 0.170176
537.5 0.12648
538.0 0.244312
538.5 0.239248
539.0 0.168216
539.5 0.123224
540.0 1.075016
540.5 1.17488
541.0 0.94828
541.5 1.063104
542.0 1.471528
542.5 1.2264
543.0 1.26928
543.5 1.199656
544.0 1.285952
544.5 1.196816
545.0 1.321472
545.5 1.246016
546.0 1.390272
546.5 1.257056
547.0 1.05832
547.5 1.100208
548.0 1.400352
548.5 1.357568
549.0 1.167744
549.5 1.104704
550.0 0.709096
550.5 1.364896
551.0 0.580656
551.5 1.202936
552.0 1.338056
552.5 1.440048
553.0 1.228216
553.5 1.316304
554.0 0.819512
554.5 1.146144
555.0 0.874176
555.5 1.14272
556.0 1.357792
556.5 1.307104
557.0 1.139432
557.5 1.16616
558.0 0.69244
558.5 1.249984
559.0 0.650968
559.5 1.166416
560.0 1.458784
560.5 1.383712
561.0 1.132896
561.5 1.15208
562.0 0.995632
562.5 1.369088
563.0 0.88052
563.5 0.946816
564.0 0.685176
564.5 1.319
565.0 0.73
565.5 1.278
566.0 0.925176
566.5 1.052336
567.0 0.787376
567.5 1.261632
568.0 0.729648
568.5 1.201328
569.0 0.701736
569.5 1.155792
570.0 0.615944
570.5 1.37728
571.0 0.851072
571.5 1.243568
572.0 0.811312
572.5 1.254688
573.0 0.73804
573.5 1.132432
574.0 0.978224
574.5 1.23704
575.0 0.906944
575.5 1.003792
576.0 0.70684
576.5 1.408832
577.0 0.701448
577.5 1.284968
578.0 1.034576
578.5 1.278336
579.0 0.904968
579.5 1.188784
580.0 1.086592
580.5 1.165744
581.0 0.754656
581.5 1.191696
582.0 1.178864
582.5 1.252944
583.0 0.952264
583.5 1.142896
584.0 1.077304
584.5 1.327376
585.0 1.449872
585.5 1.291568
586.0 1.152448
586.5 1.16696
587.0 0.710432
587.5 1.088304
588.0 1.444192
588.5 1.348144
589.0 1.796464
589.5 1.311664
590.0 1.173192
590.5 1.128672
591.0 1.089488
591.5 1.091736
592.0 1.328528
592.5 1.309664
593.0 1.169768
593.5 1.198752
594.0 1.211304
594.5 1.14376
595.0 1.114184
595.5 1.044224
596.0 1.059848
596.5 1.330832
597.0 1.8112
597.5 1.43132
598.0 0.983256
598.5 1.278608
599.0 1.927136
599.5 1.505136
600.0 1.082432
600.5 0.990512
601.0 1.026168
601.5 1.043488
602.0 1.311456
602.5 1.28896
603.0 1.283512
603.5 1.141568
604.0 1.219432
604.5 1.235552
605.0 1.127864
605.5 1.112352
606.0 1.308856
606.5 1.273232
607.0 1.232088
607.5 1.233376
608.0 1.231128
608.5 1.1928
609.0 1.15264
609.5 1.167728
610.0 1.266864
610.5 1.237328
611.0 1.237112
611.5 1.237264
612.0 1.165448
612.5 1.108096
613.0 1.25796
613.5 1.248224
614.0 1.344864
614.5 1.323712
615.0 1.798864
615.5 1.600968
616.0 1.085208
616.5 1.125168
617.0 1.172864
617.5 1.14736
618.0 1.110696
618.5 1.041664
619.0 1.281304
619.5 1.311696
620.0 1.140744
620.5 1.021088
621.0 1.639768
621.5 1.572736
622.0 1.162424
622.5 1.154464
623.0 1.267912
623.5 1.28256
624.0 0.991272
624.5 0.965936
625.0 1.402648
625.5 1.413168
626.0 1.219568
626.5 1.13904
627.0 1.216512
627.5 1.167664
628.0 1.335888
628.5 1.332784
629.0 1.415936
629.5 1.324896
630.0 1.180424
630.5 1.168648
631.0 1.062568
631.5 1.057568
632.0 1.382424
632.5 1.364688
633.0 1.14596
633.5 1.082912
634.0 1.311376
634.5 1.285776
635.0 1.385312
635.5 1.296792
636.0 1.095456
636.5 1.07672
637.0 1.147688
637.5 1.18432
638.0 1.202856
638.5 1.156176
639.0 1.401144
639.5 1.402592
640.0 1.1302
640.5 1.048384
641.0 1.431992
641.5 1.445728
642.0 1.172728
642.5 1.149296
643.0 1.322136
643.5 1.3244
644.0 1.279544
644.5 1.220656
645.0 1.267416
645.5 1.221104
646.0 1.219472
646.5 1.205104
647.0 1.262664
647.5 1.24992
648.0 1.184744
648.5 1.186384
649.0 1.432392
649.5 1.378464
650.0 1.240632
650.5 1.19856
651.0 1.221944
651.5 1.239264
652.0 1.175192
652.5 1.13816
653.0 0.782328
653.5 1.257728
654.0 2.061048
654.5 1.44184
655.0 0.8064
655.5 1.229488
656.0 2.023752
656.5 1.388496
657.0 1.040928
657.5 1.19728
658.0 1.321584
658.5 1.094672
659.0 1.168296
659.5 1.296384
660.0 1.402744
660.5 1.189824
661.0 1.184912
661.5 1.162352
662.0 1.07472
662.5 1.132056
663.0 1.313928
663.5 1.151032
664.0 1.12236
664.5 1.203472
665.0 1.348432
665.5 1.3978
666.0 1.553872
666.5 1.219208
667.0 1.003312
667.5 1.210856
668.0 1.510976
668.5 1.259176
669.0 1.053432
669.5 1.231184
670.0 1.49524
670.5 1.26252
671.0 1.080712
671.5 1.167968
672.0 1.494088
672.5 1.357168
673.0 1.126696
673.5 1.184936
674.0 1.58484
674.5 1.383008
675.0 1.125544
675.5 1.1356
676.0 1.40452
676.5 1.271496
677.0 1.112584
677.5 1.129136
678.0 1.306192
678.5 1.243504
679.0 1.40772
679.5 1.372224
680.0 1.283
680.5 1.169264
681.0 1.022256
681.5 1.057952
682.0 1.329816
682.5 1.22112
683.0 0.949608
683.5 1.01136
684.0 1.346072
684.5 1.244992
685.0 1.157704
685.5 1.195824
686.0 1.54892
686.5 1.444624
687.0 0.930544
687.5 0.946352
688.0 1.320504
688.5 1.44248
689.0 1.503096
689.5 1.240128
690.0 1.108864
690.5 1.085936
691.0 1.58308
691.5 1.498256
692.0 1.075144
692.5 1.086528
693.0 1.205912
693.5 1.058224
694.0 0.829656
694.5 1.429568
695.0 2.103176
695.5 1.350016
696.0 1.141128
696.5 1.134136
697.0 1.072072
697.5 1.080048
698.0 1.120656
698.5 1.084896
699.0 1.270736
699.5 1.24104
700.0 1.2522
700.5 1.150304
701.0 1.235856
701.5 1.22872
702.0 1.115016
702.5 1.13168
703.0 1.346424
703.5 1.289776
704.0 1.241608
704.5 1.238912
705.0 1.39936
705.5 1.341936
706.0 1.170568
706.5 1.164592
707.0 1.2104
707.5 1.215104
708.0 1.24956
708.5 1.218032
709.0 1.23444
709.5 1.530592
710.0 1.999472
710.5 1.47208
711.0 1.07544
711.5 1.07352
712.0 1.339032
712.5 1.297536
713.0 1.25364
713.5 1.231184
714.0 1.259024
714.5 1.189824
715.0 1.126856
715.5 1.069904
716.0 0.846232
716.5 1.256704
717.0 1.66768
717.5 1.2278
718.0 1.298392
718.5 1.25272
719.0 1.133032
719.5 1.115536
720.0 1.110848
720.5 1.05248
721.0 1.032544
721.5 1.282368
722.0 1.236704
722.5 1.237632
723.0 1.205184
723.5 1.09296
724.0 1.127032
724.5 1.139456
725.0 1.089296
725.5 1.424752
726.0 1.351424
726.5 0.956472
727.0 0.938768
727.5 1.232464
728.0 1.218032
728.5 1.185784
729.0 1.176656
729.5 0.965008
730.0 0.951072
730.5 1.10936
731.0 1.09456
731.5 1.096504
732.0 1.076208
732.5 1.15616
733.0 1.141776
733.5 1.124376
734.0 1.107264
734.5 1.009888
735.0 1.00528
735.5 1.344048
736.0 1.298504
736.5 1.030456
737.0 1.016256
737.5 1.078312
738.0 1.0576
738.5 0.846896
739.0 0.980064
739.5 0.614336
740.0 1.1712
740.5 0.723064
741.0 1.104
741.5 1.008656
742.0 1.163344
742.5 1.1436
743.0 1.113328
743.5 1.231688
744.0 1.20024
744.5 1.175792
745.0 1.150752
745.5 1.372832
746.0 1.292448
746.5 1.04308
747.0 1.026032
747.5 1.255696
748.0 1.159624
748.5 0.98676
749.0 0.933328
749.5 1.191712
750.0 1.1704
750.5 1.056584
751.0 1.047784
751.5 1.01284
752.0 0.996816
752.5 1.27572
753.0 1.252592
753.5 1.050104
754.0 1.032704
754.5 1.094288
755.0 1.078496
755.5 1.058168
756.0 1.04608
756.5 1.03644
757.0 1.012888
757.5 1.285832
758.0 1.25196
758.5 1.125968
759.0 1.100544
759.5 1.184632
760.0 1.167328
760.5 1.26248
761.0 1.269632
761.5 1.071096
762.0 1.031088
762.5 1.170672
763.0 1.121296
763.5 1.065872
764.0 1.059952
764.5 1.046304
765.0 1.032704
765.5 1.330368
766.0 1.250064
766.5 1.077952
767.0 1.06328
767.5 1.262136
768.0 1.23016
768.5 1.19808
769.0 1.167192
769.5 1.2254
770.0 1.205088
770.5 0.996568
771.0 0.980448
771.5 1.086896
772.0 1.086864
772.5 1.038256
773.0 1.015008
773.5 0.901768
774.0 0.895792
774.5 1.35024
775.0 1.30944
775.5 1.000656
776.0 0.996688
776.5 1.216976
777.0 1.198544
777.5 1.17068
778.0 1.11032
778.5 1.162952
779.0 1.106928
779.5 1.158816
780.0 1.149664
780.5 1.214832
781.0 1.186528
781.5 1.11864
782.0 1.104576
782.5 1.157184
783.0 1.142976
783.5 1.006048
784.0 1.011768
784.5 1.22396
785.0 1.179888
785.5 1.153528
786.0 1.078768
786.5 1.17348
787.0 1.151808
787.5 1.174208
788.0 1.153232
788.5 1.114968
789.0 1.092336
789.5 1.082696
790.0 1.061096
790.5 1.19648
791.0 1.224976
791.5 1.125976
792.0 1.05144
792.5 1.174672
793.0 1.140808
793.5 1.129344
794.0 1.153776
794.5 1.179408
795.0 1.124352
795.5 1.15992
796.0 1.132816
796.5 1.312848
797.0 1.301936
797.5 0.89464
798.0 0.883344
798.5 1.62608
799.0 1.596784
799.5 1.357976
800.0 1.350736
800.5 0.8818
801.0 0.847664
801.5 0.88808
802.0 0.878456
802.5 1.042032
803.0 1.0828
803.5 1.001696
804.0 0.937008
804.5 1.211232
805.0 1.203168
805.5 1.179872
806.0 1.109824
806.5 1.131
807.0 1.115648
807.5 1.192888
808.0 1.172424
808.5 1.291624
809.0 1.149456
809.5 1.12908
810.0 1.111344
810.5 1.13512
811.0 1.094736
811.5 1.138104
812.0 1.102256
812.5 1.087592
813.0 1.062704
813.5 1.101256
814.0 1.111632
814.5 1.256
815.0 1.185584
815.5 1.098848
816.0 1.085664
816.5 1.276112
817.0 1.261064
817.5 0.949672
818.0 0.944176
818.5 1.173888
819.0 1.1648
819.5 1.064672
820.0 1.063344
820.5 1.11296
821.0 1.111216
821.5 1.11416
822.0 1.095216
822.5 1.190512
823.0 1.151848
823.5 1.046304
824.0 1.0292
824.5 1.072328
825.0 1.101584
825.5 1.0764
826.0 0.99536
826.5 1.208544
827.0 1.77016
827.5 1.628992
828.0 1.00368
828.5 0.952992
829.0 0.898304
829.5 1.058976
830.0 1.04744
830.5 1.106368
831.0 1.071632
831.5 0.927632
832.0 0.918016
832.5 1.116272
833.0 1.108752
833.5 1.306912
834.0 1.295744
834.5 1.0226
835.0 1.007928
835.5 1.20928
836.0 1.192
836.5 1.076272
837.0 1.063552
837.5 1.222632
838.0 1.142896
838.5 1.073464
839.0 1.01616
839.5 1.271504
840.0 1.263616
840.5 1.098848
841.0 1.100048
841.5 1.215328
842.0 1.182608
842.5 1.11056
843.0 1.092656
843.5 1.009136
844.0 0.993888
844.5 1.229056
845.0 1.20552
845.5 1.11328
846.0 1.059776
846.5 1.058192
847.0 1.063344
847.5 1.282776
848.0 1.239168
848.5 1.13752
849.0 1.087824
849.5 1.201616
850.0 1.193192
850.5 1.093056
851.0 1.113728
851.5 1.149584
852.0 1.099488
852.5 1.109392
853.0 1.098768
853.5 1.142432
854.0 1.11744
854.5 1.085672
855.0 1.085728
855.5 1.111656
856.0 1.070952
856.5 0.970264
857.0 0.95288
857.5 1.286464
858.0 1.270848
858.5 1.072528
859.0 1.06
859.5 1.145232
860.0 1.132176
860.5 1.097104
861.0 1.07536
861.5 1.124784
862.0 1.105888
862.5 1.064832
863.0 1.070928
863.5 1.064672
864.0 1.031168
864.5 1.232464
865.0 1.22872
865.5 1.23856
866.0 1.175792
866.5 1.124144
867.0 1.113168
867.5 1.110832
868.0 1.053792
868.5 1.095816
869.0 1.065488
869.5 1.190776
870.0 1.13664
870.5 1.172088
871.0 1.161328
871.5 1.161864
872.0 1.148
872.5 1.069504
873.0 1.062304
873.5 1.28308
874.0 1.27344
874.5 1.107264
875.0 1.09864
875.5 1.068408
876.0 1.057856
876.5 0.975568
877.0 1.017104
877.5 1.349752
878.0 1.27776
878.5 1.125296
879.0 1.113072
879.5 1.0708
880.0 1.05664
880.5 1.053024
881.0 1.037088
881.5 1.252528
882.0 1.239328
882.5 1.16896
883.0 1.15364
883.5 1.04248
884.0 1.068064
884.5 1.176936
885.0 1.130512
885.5 1.154464
886.0 1.064384
886.5 1.288672
887.0 1.270608
887.5 0.985264
888.0 0.97752
888.5 1.206936
889.0 1.149112
889.5 1.0924
890.0 1.116496
890.5 1.211136
891.0 1.146656
891.5 1.145552
892.0 1.128144
892.5 1.027456
893.0 1.016256
893.5 1.100352
894.0 1.082
894.5 1.228728
895.0 1.210752
895.5 1.105072
896.0 1.091104
896.5 1.253184
897.0 1.24152
897.5 1.10148
898.0 1.041296
898.5 1.139584
899.0 1.076016
899.5 1.121056
900.0 1.263592
900.5 1.203008
901.0 0.989568
901.5 0.97808
902.0 0.875184
902.5 1.055344
903.0 1.088376
903.5 1.05544
904.0 0.631696
904.5 1.182176
905.0 0.737528
905.5 1.09844
906.0 1.18224
906.5 1.089456
907.0 1.222112
907.5 1.110688
908.0 1.230056
908.5 1.197184
909.0 1.043496
909.5 1.014448
910.0 1.096616
910.5 1.074848
911.0 1.054096
911.5 1.027152
912.0 1.097704
912.5 1.07496
913.0 1.183144
913.5 1.162864
914.0 1.315776
914.5 1.259328
915.0 1.015072
915.5 0.992704
916.0 1.21644
916.5 1.203616
917.0 1.190592
917.5 1.172024
918.0 1.056224
918.5 1.04424
919.0 1.250016
919.5 1.230576
920.0 1.373544
920.5 1.347552
921.0 0.917648
921.5 0.918512
922.0 1.043936
922.5 1.018432
923.0 1.006408
923.5 0.991744
924.0 1.019184
924.5 0.99648
925.0 1.244208
925.5 1.223728
926.0 1.110896
926.5 1.102656
927.0 1.248352
927.5 1.169664
928.0 1.055656
928.5 1.044144
929.0 1.140936
929.5 1.084944
930.0 1.123296
930.5 1.101072
931.0 1.15896
931.5 1.09336
932.0 1.106728
932.5 1.081672
933.0 1.066616
933.5 1.021168
934.0 1.129848
934.5 1.112528
935.0 1.187384
935.5 1.162816
936.0 1.3414
936.5 1.316288
937.0 1.123376
937.5 1.109632
938.0 1.054128
938.5 1.077304
939.0 1.032464
939.5 0.983408
940.0 1.301112
940.5 1.278496
941.0 1.19432
941.5 1.177232
942.0 1.068496
942.5 1.060784
943.0 1.281376
943.5 1.263664
944.0 1.047384
944.5 1.0272
945.0 0.98104
945.5 0.967136
946.0 1.237632
946.5 1.220976
947.0 1.162136
947.5 1.088496
948.0 1.235568
948.5 1.214672
949.0 1.306896
949.5 1.278944
950.0 0.967424
950.5 0.959784
951.0 0.955056
951.5 0.961024
952.0 1.250784
952.5 1.215056
953.0 1.001344
953.5 0.987728
954.0 1.194312
954.5 1.177856
955.0 1.121296
955.5 1.104368
956.0 1.414624
956.5 1.431744
957.0 1.112784
957.5 1.099936
958.0 1.205584
958.5 1.191504
959.0 1.111784
959.5 1.026304
960.0 1.21836
960.5 1.155072
961.0 1.134448
961.5 1.114208
962.0 1.266544
962.5 1.246384
963.0 0.890928
963.5 0.880768
964.0 1.118736
964.5 1.101152
965.0 1.00736
965.5 0.99284
966.0 1.151808
966.5 1.139472
967.0 1.469728
967.5 1.388928
968.0 1.14344
968.5 1.123104
969.0 1.054336
969.5 1.045104
970.0 1.323864
970.5 1.29712
971.0 1.113056
971.5 1.098296
972.0 1.23448
972.5 1.215504
973.0 1.060784
973.5 1.037808
974.0 1.252416
974.5 1.231792
975.0 1.013128
975.5 0.9904
976.0 1.263728
976.5 1.213232
977.0 1.204032
977.5 1.185136
978.0 1.231096
978.5 1.214704
979.0 0.942616
979.5 0.921568
980.0 1.091888
980.5 1.078416
981.0 0.894608
981.5 0.886528
982.0 1.283088
982.5 1.252944
983.0 0.831056
983.5 0.82316
984.0 1.420304
984.5 1.39496
985.0 1.07208
985.5 1.055808
986.0 1.22408
986.5 1.206096
987.0 1.01528
987.5 0.946176
988.0 1.10128
988.5 1.081552
989.0 1.267328
989.5 1.240048
990.0 1.17932
990.5 1.04736
991.0 0.969776
991.5 0.970656
992.0 1.36872
992.5 1.300128
993.0 1.095712
993.5 1.067232
994.0 1.141888
994.5 1.12376
995.0 1.089224
995.5 1.076192
996.0 1.076096
996.5 1.075696
997.0 1.126648
997.5 1.080496
998.0 1.151456
998.5 1.13028
999.0 1.194576
999.5 1.169712
1000.0 1.11436
1000.5 1.085968
1001.0 1.157648
1001.5 1.144096
1002.0 1.1392
1002.5 1.125424
1003.0 1.165216
1003.5 1.144304
1004.0 1.05008
1004.5 1.049368
1005.0 1.121104
1005.5 1.0948
1006.0 1.009072
1006.5 0.996272
1007.0 1.293896
1007.5 1.21464
1008.0 1.316208
1008.5 1.29784
1009.0 1.13904
1009.5 1.12056
1010.0 0.985984
1010.5 0.974416
1011.0 1.176672
1011.5 1.161184
1012.0 1.12096
1012.5 1.099456
1013.0 1.122
1013.5 1.107728
1014.0 1.060288
1014.5 1.04576
1015.0 1.117824
1015.5 1.102112
1016.0 1.036952
1016.5 1.029048
1017.0 1.214816
1017.5 1.188992
1018.0 1.078608
1018.5 1.066528
1019.0 1.120024
1019.5 1.093552
1020.0 1.163784
1020.5 1.088288
1021.0 1.137168
1021.5 1.126
1022.0 1.154064
1022.5 1.138128
1023.0 1.090096
1023.5 1.070896
1024.0 1.046736
1024.5 1.031072
1025.0 1.471504
1025.5 1.451616
1026.0 0.961664
1026.5 0.948576
1027.0 1.049568
1027.5 0.994896
1028.0 1.101104
1028.5 1.072
1029.0 1.268736
1029.5 1.248512
1030.0 1.14928
1030.5 1.118464
1031.0 1.019872
1031.5 1.044232
1032.0 1.31096
1032.5 1.280256
1033.0 1.73116
1033.5 1.63448
1034.0 0.8058
1034.5 0.7872
1035.0 0.986968
1035.5 0.966176
1036.0 0.960912
1036.5 0.96136
1037.0 1.162376
1037.5 1.13404
1038.0 1.157416
1038.5 1.122256
1039.0 1.401664
1039.5 1.427424
1040.0 0.985888
1040.5 0.893824
1041.0 0.988248
1041.5 0.97784
1042.0 1.136392
1042.5 1.111104
1043.0 1.075888
1043.5 1.086672
1044.0 1.050064
1044.5 1.010512
1045.0 1.105536
1045.5 1.209472
1046.0 1.229792
1046.5 1.078224
1047.0 1.143312
1047.5 1.08536
1048.0 1.061472
1048.5 1.053808
1049.0 1.296888
1049.5 1.252744
1050.0 1.282128
1050.5 1.180448
1051.0 1.175776
1051.5 1.15976
1052.0 1.012184
1052.5 0.995472
1053.0 1.311608
1053.5 1.287744
1054.0 1.193304
1054.5 1.170064
1055.0 1.112
1055.5 1.088192
1056.0 1.052136
1056.5 1.040176
1057.0 1.054496
1057.5 1.0532
1058.0 1.243144
1058.5 1.225408
1059.0 0.999392
1059.5 0.983088
1060.0 1.12412
1060.5 1.095376
1061.0 1.239912
1061.5 1.19288
1062.0 1.186144
1062.5 1.171488
1063.0 1.223008
1063.5 1.193328
1064.0 0.997296
1064.5 0.982136
1065.0 1.004
1065.5 1.027952
1066.0 1.197232
1066.5 1.139968
1067.0 1.131128
1067.5 1.06272
1068.0 1.299008
1068.5 1.273888
1069.0 1.107328
1069.5 1.097344
1070.0 1.182928
1070.5 1.172664
1071.0 1.013808
1071.5 1.010944
1072.0 1.101792
1072.5 1.067136
1073.0 1.1128
1073.5 1.10264
1074.0 1.119968
1074.5 1.103056
1075.0 1.070224
1075.5 1.140624
1076.0 1.227808
1076.5 1.135312
1077.0 1.579936
1077.5 1.526736
1078.0 0.888144
1078.5 0.880368
1079.0 1.21572
1079.5 1.150704
1080.0 1.174208
1080.5 1.153232
1081.0 1.114968
1081.5 1.092336
1082.0 1.082696
1082.5 1.061096
1083.0 1.19648
1083.5 1.224976
1084.0 1.125976
1084.5 1.05144
1085.0 1.174672
1085.5 1.140808
1086.0 1.129344
1086.5 1.153776
1087.0 1.179408
1087.5 1.124352
1088.0 1.15992
1088.5 1.132816
1089.0 1.312848
1089.5 1.301936
1090.0 0.89464
1090.5 0.883344
1091.0 1.62608
1091.5 1.596784
1092.0 1.357976
1092.5 1.350736
1093.0 0.8818
1093.5 0.847664
1094.0 0.88808
1094.5 0.878456
1095.0 1.042032
1095.5 1.0828
1096.0 1.001696
1096.5 0.937008
1097.0 1.211232
1097.5 1.203168
1098.0 1.179872
1098.5 1.109824
1099.0 1.131
1099.5 1.115648
1100.0 1.192888
1100.5 1.172424
1101.0 1.291624
1101.5 1.149456
1102.0 1.12908
1102.5 1.111344
1103.0 1.13512
1103.5 1.094736
1104.0 1.138104
1104.5 1.102256
1105.0 1.087592
1105.5 1.062704
1106.0 1.101256
1106.5 1.111632
1107.0 1.256
1107.5 1.185584
1108.0 1.098848
1108.5 1.085664
1109.0 1.276112
1109.5 1.261064
1110.0 0.949672
1110.5 0.944176
1111.0 1.173888
1111.5 1.1648
1112.0 1.064672
1112.5 1.063344
1113.0 1.11296
1113.5 1.111216
1114.0 1.11416
1114.5 1.095216
1115.0 1.190512
1115.5 1.151848
1116.0 1.046304
1116.5 1.0292
1117.0 1.072328
1117.5 1.101584
1118.0 1.0764
1118.5 0.99536
1119.0 1.208544
1119.5 1.77016
1120.0 1.628992
1120.5 1.00368
1121.0 0.952992
1121.5 0.898304
1122.0 1.058976
1122.5 1.04744
1123.0 1.106368
1123.5 1.071632
1124.0 0.927632
1124.5 0.918016
1125.0 1.116272
1125.5 1.108752
1126.0 1.306912
1126.5 1.295744
1127.0 1.0226
1127.5 1.007928
1128.0 1.20928
1128.5 1.192
1129.0 1.076272
1129.5 1.063552
1130.0 1.222632
1130.5 1.142896
1131.0 1.073464
1131.5 1.01616
1132.0 1.271504
1132.5 1.263616
1133.0 1.098848
1133.5 1.100048
1134.0 1.215328
1134.5 1.182608
1135.0 1.11056
1135.5 1.092656
1136.0 1.009136
1136.5 0.993888
1137.0 1.229056
1137.5 1.20552
1138.0 1.11328
1138.5 1.059776
1139.0 1.058192
1139.5 1.063344
1140.0 1.282776
1140.5 1.239168
1141.0 1.13752
1141.5 1.087824
1142.0 1.201616
1142.5 1.193192
1143.0 1.093056
1143.5 1.113728
1144.0 1.149584
1144.5 1.099488
1145.0 1.109392
1145.5 1.098768
1146.0 1.142432
1146.5 1.11744
1147.0 1.085672
1147.5 1.085728
1148.0 1.111656
1148.5 1.070952
1149.0 0.970264
1149.5 0.95288
1150.0 1.286464
1150.5 1.270848
1151.0 1.072528
1151.5 1.06
1152.0 1.145232
1152.5 1.132176
1153.0 1.097104
1153.5 1.07536
1154.0 1.124784
1154.5 1.105888
1155.0 1.064832
1155.5 1.070928
1156.0 1.064672
1156.5 1.031168
1157.0 1.232464
1157.5 1.22872
1158.0 1.23856
1158.5 1.175792
1159.0 1.124144
1159.5 1.113168
1160.0 1.110832
1160.5 1.053792
1161.0 1.095816
1161.5 1.065488
1162.0 1.190776
1162.5 1.13664
1163.0 1.172088
1163.5 1.161328
1164.0 1.161864
1164.5 1.148
1165.0 1.069504
1165.5 1.062304
1166.0 1.28308
1166.5 1.27344
1167.0 1.107264
1167.5 1.09864
1168.0 1.068408
1168.5 1.057856
1169.0 0.975568
1169.5 1.017104
1170.0 1.349752
1170.5 1.27776
1171.0 1.125296
1171.5 1.113072
1172.0 1.0708
1172.5 1.05664
1173.0 1.053024
1173.5 1.037088
1174.0 1.252528
1174.5 1.239328
1175.0 1.16896
1175.5 1.15364
1176.0 1.04248
1176.5 1.068064
1177.0 1.176936
1177.5 1.130512
1178.0 1.154464
1178.5 1.064384
1179.0 1.288672
1179.5 1.270608
1180.0 0.985264
1180.5 0.97752
1181.0 1.206936
1181.5 1.149112
1182.0 1.0924
1182.5 1.116496
1183.0 1.211136
1183.5 1.146656
1184.0 1.145552
1184.5 1.128144
1185.0 1.027456
1185.5 1.016256
1186.0 1.100352
1186.5 1.082
1187.0 1.228728
1187.5 1.210752
1188.0 1.105072
1188.5 1.091104
1189.0 1.253184
1189.5 1.24152
1190.0 1.10148
1190.5 1.041296
1191.0 1.139584
1191.5 1.076016
1192.0 1.121056
1192.5 1.099712
1193.0 1.244992
1193.5 1.225496
1194.0 0.967168
1194.5 0.960608
1195.0 1.284384
1195.5 1.267376
1196.0 1.066512
1196.5 1.037136
1197.0 1.207776
1197.5 1.166432
1198.0 1.089016
1198.5 1.013968
1199.0 1.20052
1199.5 1.166864
1200.0 1.128112
1200.5 1.10608
1201.0 1.228472
1201.5 1.224
1202.0 0.998104
1202.5 0.971984
1203.0 1.219064
1203.5 1.201696
1204.0 0.953368
1204.5 0.940096
1205.0 1.23264
1205.5 1.207456
1206.0 1.123952
1206.5 1.111856
1207.0 1.215408
1207.5 1.242256
1208.0 1.160192
1208.5 1.122104
1209.0 1.280224
1209.5 1.242656
1210.0 1.106992
1210.5 1.095488
1211.0 1.215984
1211.5 1.19824
1212.0 1.047232
1212.5 1.03576
1213.0 1.199088
1213.5 1.16752
1214.0 1.035024
1214.5 1.027912
1215.0 1.169712
1215.5 1.186864
1216.0 1.22312
1216.5 1.34432
1217.0 1.589616
1217.5 1.475904
1218.0 0.873472
1218.5 0.806208
1219.0 1.270512
1219.5 1.245872
1220.0 0.775456
1220.5 0.728456
1221.0 1.397656
1221.5 1.308592
1222.0 1.047168
1222.5 1.154
1223.0 1.31284
1223.5 1.185616
1224.0 0.862872
1224.5 0.820992
1225.0 1.027352
1225.5 0.999504
1226.0 1.321816
1226.5 1.3062
1227.0 1.135464
1227.5 1.166704
1228.0 0.956464
1228.5 0.904096
1229.0 1.48664
1229.5 1.460448
1230.0 0.755336
1230.5 0.736304
1231.0 1.535616
1231.5 1.50576
1232.0 1.225808
1232.5 1.218656
1233.0 0.734312
1233.5 0.712448
1234.0 0.938152
1234.5 0.923328
1235.0 1.145552
1235.5 1.120592
1236.0 1.154272
1236.5 1.182992
1237.0 1.191096
1237.5 1.13024
1238.0 1.257808
1238.5 1.191168
1239.0 1.21856
1239.5 1.187536
1240.0 0.919136
1240.5 0.9188
1241.0 1.164272
1241.5 1.15132
1242.0 1.151728
1242.5 1.107776
1243.0 1.159528
1243.5 1.141984
1244.0 0.831616
1244.5 0.861072
1245.0 1.311272
1245.5 1.241184
1246.0 0.956976
1246.5 0.942448
1247.0 2.127728
1247.5 2.04564
1248.0 0.879888
1248.5 0.867232
1249.0 0.925392
1249.5 0.91216
1250.0 1.341496
1250.5 1.272912
1251.0 1.08612
1251.5 1.031664
1252.0 1.116416
1252.5 1.103072
1253.0 0.864112
1253.5 0.854752
1254.0 1.217808
1254.5 1.227632
1255.0 1.13656
1255.5 1.097584
1256.0 1.043232
1256.5 1.037408
1257.0 1.014832
1257.5 1.006848
1258.0 1.320864
1258.5 1.246784
1259.0 1.076752
1259.5 1.057336
1260.0 1.051424
1260.5 1.077248
1261.0 1.006256
1261.5 1.419616
1262.0 1.891768
1262.5 1.344768
1263.0 1.335296
1263.5 1.256704
1264.0 1.182536
1264.5 1.166656
1265.0 1.168856
1265.5 1.1684
1266.0 1.018488
1266.5 0.99512
1267.0 1.126536
1267.5 1.376832
1268.0 1.521632
1268.5 1.208224
1269.0 1.385592
1269.5 1.344208
1270.0 1.213064
1270.5 1.167024
1271.0 1.28512
1271.5 1.183248
1272.0 1.16032
1272.5 1.147728
1273.0 1.372656
1273.5 1.344032
1274.0 1.053472
1274.5 1.25912
1275.0 1.590152
1275.5 1.299184
1276.0 1.313784
1276.5 1.215744
1277.0 1.385584
1277.5 1.328112
1278.0 1.200784
1278.5 1.18664
1279.0 1.30872
1279.5 1.293568
1280.0 1.182256
1280.5 1.16056
1281.0 0.931536
1281.5 1.251568
1282.0 1.664016
1282.5 1.270432
1283.0 0.680216
1283.5 1.00528
1284.0 1.653976
1284.5 1.259696
1285.0 0.988184
1285.5 1.260624
1286.0 1.871352
1286.5 1.448704
1287.0 1.087664
1287.5 1.29784
1288.0 0.727072
1288.5 1.148688
1289.0 0.6264
1289.5 0.95216
1290.0 1.660688
1290.5 1.382608
1291.0 1.024272
1291.5 1.139472
1292.0 1.610448
1292.5 1.36516
1293.0 1.211416
1293.5 1.344944
1294.0 1.282552
1294.5 1.268992
1295.0 1.451872
1295.5 0.98768
1296.0 0.985256
1296.5 0.963712
1297.0 0.793728
1297.5 0.960128
1298.0 1.129664
1298.5 1.346928
1299.0 0.569208
1299.5 1.290688
1300.0 0.340432
1300.5 1.601536
1301.0 2.80468
1301.5 1.317296
1302.0 1.130032
1302.5 1.227872
1303.0 0.853968
1303.5 1.083856
1304.0 1.034912
1304.5 1.058112
1305.0 1.097176
1305.5 1.164744
1306.0 0.647512
1306.5 1.466512
1307.0 0.980248
1307.5 1.564
1308.0 0.833248
1308.5 1.07276
1309.0 0.731816
1309.5 1.08608
1310.0 0.485608
1310.5 1.494792
1311.0 1.283936
1311.5 1.195384
1312.0 0.817352
1312.5 1.502928
1313.0 0.920632
1313.5 1.235296
1314.0 0.788504
1314.5 0.886064
1315.0 0.5642
1315.5 1.172432
1316.0 1.29836
1316.5 1.29992
1317.0 0.903976
1317.5 0.979456
1318.0 0.94748
1318.5 1.144848
1319.0 0.731256
1319.5 0.977056
1320.0 1.005472
1320.5 1.545584
1321.0 0.759744
1321.5 1.074128
1322.0 0.84508
1322.5 1.292352
1323.0 0.593088
1323.5 1.175904
1324.0 0.87288
1324.5 1.315232
1325.0 0.644544
1325.5 1.056872
1326.0 1.184448
1326.5 1.327168
1327.0 0.967096
1327.5 1.169944
1328.0 1.491904
1328.5 1.373424
1329.0 1.73008
1329.5 1.441104
1330.0 1.299512
1330.5 1.230744
1331.0 1.090016
1331.5 1.008296
1332.0 1.515928
1332.5 1.458896
1333.0 0.977776
1333.5 0.974224
1334.0 1.207344
1334.5 1.085544
1335.0 1.1118
1335.5 1.15752
1336.0 1.009752
1336.5 1.108176
1337.0 1.484776
1337.5 1.28784
1338.0 1.226184
1338.5 1.241248
1339.0 1.120232
1339.5 1.084624
1340.0 1.260792
1340.5 1.24056
1341.0 1.033856
1341.5 1.099408
1342.0 1.477792
1342.5 1.41112
1343.0 1.259504
1343.5 1.211088
1344.0 1.278328
1344.5 1.314464
1345.0 1.38204
1345.5 1.253408
1346.0 1.042328
1346.5 1.253504
1347.0 1.795008
1347.5 1.49888
1348.0 0.805096
1348.5 1.558592
1349.0 2.017608
1349.5 1.044672
1350.0 0.865896
1350.5 1.14128
1351.0 1.721936
1351.5 1.267776
1352.0 0.838168
1352.5 1.002608
1353.0 1.334048
1353.5 1.12064
1354.0 1.19384
1354.5 1.383472
1355.0 1.404096
1355.5 1.15712
1356.0 1.01976
1356.5 1.15904
1357.0 1.468992
1357.5 1.278096
1358.0 0.980136
1358.5 1.089976
1359.0 1.807744
1359.5 1.591824
1360.0 1.030536
1360.5 1.098176
1361.0 1.090944
1361.5 1.001456
1362.0 1.346872
1362.5 1.398624
1363.0 1.410296
1363.5 1.28656
1364.0 1.112
1364.5 1.021312
1365.0 1.311072
1365.5 1.252912
1366.0 1.135664
1366.5 1.140624
1367.0 1.44068
1367.5 1.371904
1368.0 1.256192
1368.5 1.260256
1369.0 1.25984
1369.5 1.241368
1370.0 0.97992
1370.5 0.974856
1371.0 1.483848
1371.5 1.352664
1372.0 1.184776
1372.5 1.109024
1373.0 1.047536
1373.5 1.11264
1374.0 0.994016
1374.5 1.471752
1375.0 1.998064
1375.5 1.312016
1376.0 0.923016
1376.5 0.936816
1377.0 1.472272
1377.5 1.40872
1378.0 1.195648
1378.5 1.158928
1379.0 1.166792
1379.5 1.16968
1380.0 1.159472
1380.5 1.169248
1381.0 1.38196
1381.5 1.332112
1382.0 1.15388
1382.5 1.154352
1383.0 1.527952
1383.5 1.425904
1384.0 1.08444
1384.5 1.103328
1385.0 1.267544
1385.5 1.494944
1386.0 1.42808
1386.5 1.064136
1387.0 1.18164
1387.5 1.347992
1388.0 1.40992
1388.5 1.144288
1389.0 1.426456
1389.5 1.372128
1390.0 1.017752
1390.5 0.998288
1391.0 1.358896
1391.5 1.2518
1392.0 1.276224
1392.5 1.252656
1393.0 1.457336
1393.5 1.3892
1394.0 0.836752
1394.5 1.215424
1395.0 2.0584
1395.5 1.603072
1396.0 1.25756
1396.5 1.028192
1397.0 1.124864
1397.5 1.103536
1398.0 1.101624
1398.5 1.090896
1399.0 0.962672
1399.5 0.942496
1400.0 1.14288
1400.5 1.149936
1401.0 1.387064
1401.5 1.36104
1402.0 1.164352
1402.5 1.161344
1403.0 1.475016
1403.5 1.402928
1404.0 1.089944
1404.5 1.063376
1405.0 0.87396
1405.5 1.430992
1406.0 1.909384
1406.5 1.290288
1407.0 1.075336
1407.5 1.258928
1408.0 1.507144
1408.5 1.23288
1409.0 0.81236
1409.5 1.264864
1410.0 2.253432
1410.5 1.59848
1411.0 1.246912
1411.5 1.111376
1412.0 0.854672
1412.5 1.234896
1413.0 1.451528
1413.5 1.007824
1414.0 0.94316
1414.5 0.95112
1415.0 1.328456
1415.5 1.316144
1416.0 0.977912
1416.5 0.961552
1417.0 1.001232
1417.5 1.299648
1418.0 1.651584
1418.5 1.286848
1419.0 1.231456
1419.5 1.201136
1420.0 1.0844
1420.5 1.205536
1421.0 1.220904
1421.5 1.243296
1422.0 1.851168
1422.5 1.52768
1423.0 1.066184
1423.5 1.249888
1424.0 1.480968
1424.5 1.159848
1425.0 1.15732
1425.5 1.196864
1426.0 1.26684
1426.5 1.2056
1427.0 1.261976
1427.5 1.225472
1428.0 1.004376
1428.5 0.995904
1429.0 1.166808
1429.5 1.178416
1430.0 1.336824
1430.5 1.238064
1431.0 1.259912
1431.5 1.17728
1432.0 1.346296
1432.5 1.294416
1433.0 1.392296
1433.5 1.36936
1434.0 1.005976
1434.5 0.997168
1435.0 1.212696
1435.5 1.206336
1436.0 1.46804
1436.5 1.412616
1437.0 1.190088
1437.5 1.209792
1438.0 1.329896
1438.5 1.269696
1439.0 1.423104
1439.5 1.356064
