0.0 1.117456
0.5 1.188688
1.0 1.21476
1.5 1.17568
2.0 1.084592
2.5 1.138448
3.0 1.222144
3.5 1.214944
4.0 1.1636
4.5 1.115736
5.0 0.99504
5.5 1.024576
6.0 1.035408
6.5 1.117072
7.0 1.07756
7.5 1.167664
8.0 1.072512
8.5 1.04424
9.0 1.103808
9.5 1.082776
10.0 1.154096
10.5 1.2176
11.0 1.024896
11.5 1.108112
12.0 1.160768
12.5 1.19584
13.0 1.078112
13.5 1.112992
14.0 1.187488
14.5 1.25144
15.0 1.248208
15.5 1.15588
16.0 1.177296
16.5 1.113248
17.0 1.063856
17.5 1.06744
18.0 0.989744
18.5 1.066032
19.0 1.138312
19.5 1.065752
20.0 1.055888
20.5 1.24356
21.0 1.191232
21.5 1.081152
22.0 0.975024
22.5 1.179768
23.0 1.112816
23.5 0.25872
24.0 0.15928
24.5 0.336072
25.0 0.240272
25.5 0.118936
26.0 0.194384
26.5 0.821
27.0 1.319968
27.5 2.948136
28.0 2.885888
28.5 2.792456
29.0 2.645552
29.5 1.058672
30.0 1.019568
30.5 0.304336
31.0 1.19792
31.5 0.274368
32.0 1.157104
32.5 0.76836
33.0 1.159712
33.5 1.161592
34.0 1.123736
34.5 1.196368
35.0 1.179632
35.5 1.530008
36.0 1.34
36.5 1.111376
37.0 1.047552
37.5 1.190096
38.0 1.140416
38.5 1.145096
39.0 1.104064
39.5 1.151192
40.0 1.124696
40.5 1.522776
41.0 1.4872
41.5 1.152616
42.0 1.112752
42.5 1.200216
43.0 1.137808
43.5 1.066272
44.0 1.035152
44.5 1.007792
45.0 0.982736
45.5 0.320176
46.0 1.018656
46.5 0.145152
47.0 1.190192
47.5 0.140032
48.0 1.024368
48.5 0.179824
49.0 1.01128
49.5 5.12028
50.0 1.29008
50.5 0.635352
51.0 1.121456
51.5 0.561288
52.0 1.072392
52.5 0.462192
53.0 1.268912
53.5 0.448064
54.0 1.094928
54.5 0.559032
55.0 1.218656
55.5 0.593552
56.0 1.092832
56.5 0.553376
57.0 1.192528
57.5 0.525664
58.0 0.989088
58.5 0.521648
59.0 1.19112
59.5 0.450192
60.0 1.038144
60.5 0.54484
61.0 1.324016
61.5 0.67272
62.0 1.126992
62.5 0.62848
63.0 1.082624
63.5 0.69488
64.0 1.01568
64.5 0.737512
65.0 1.27176
65.5 0.594896
66.0 0.977392
66.5 0.708208
67.0 1.112072
67.5 0.635168
68.0 1.0192
68.5 0.75904
69.0 1.310064
69.5 1.244048
70.0 0.948448
70.5 1.250856
71.0 1.239744
71.5 1.131896
72.0 1.046896
72.5 1.327392
73.0 1.294792
73.5 0.941592
74.0 0.929632
74.5 0.951288
75.0 0.947616
75.5 1.692088
76.0 1.750096
76.5 1.281352
77.0 1.161248
77.5 1.133992
78.0 1.110928
78.5 0.66592
79.0 0.655968
79.5 1.768912
80.0 1.740224
80.5 0.68488
81.0 0.684416
81.5 1.2696
82.0 1.26352
82.5 0.87556
83.0 0.847392
83.5 1.250128
84.0 1.264656
84.5 0.99688
85.0 0.958456
85.5 1.501232
86.0 1.450064
86.5 0.854352
87.0 0.84816
87.5 0.961032
88.0 0.938544
88.5 0.992064
89.0 0.9856
89.5 1.125736
90.0 1.115648
90.5 1.101136
91.0 1.039888
91.5 1.290664
92.0 1.222016
92.5 1.156856
93.0 1.147544
93.5 1.07644
94.0 1.017008
94.5 1.16644
95.0 1.132608
95.5 1.20728
96.0 1.178768
96.5 1.222168
97.0 1.203616
97.5 1.122024
98.0 1.103824
98.5 1.088216
99.0 1.06808
99.5 1.205624
100.0 1.187896
100.5 1.11636
101.0 1.09536
101.5 1.137616
102.0 1.123072
102.5 0.829144
103.0 0.856144
103.5 1.327504
104.0 1.268624
104.5 1.106552
105.0 1.088928
105.5 1.10272
106.0 1.133912
106.5 1.160416
107.0 1.108864
107.5 1.206576
108.0 1.198192
108.5 1.017904
109.0 1.047888
109.5 1.180528
110.0 1.129552
110.5 1.047272
111.0 1.037936
111.5 1.232768
112.0 1.192384
112.5 1.199744
113.0 1.165088
113.5 1.192928
114.0 1.184688
114.5 1.089
115.0 1.069872
115.5 1.030512
116.0 0.993088
116.5 1.247928
117.0 1.234912
117.5 1.03136
118.0 1.082136
118.5 1.041088
119.0 0.96024
119.5 1.13872
120.0 1.135056
120.5 1.100224
121.0 1.119728
121.5 1.463664
122.0 1.403376
122.5 1.136128
123.0 1.11544
123.5 1.001176
124.0 0.948928
124.5 0.99172
125.0 0.932352
125.5 1.182512
126.0 1.167296
126.5 1.184096
127.0 1.163568
127.5 1.064656
128.0 1.131248
128.5 1.229312
129.0 1.1436
129.5 1.082536
130.0 1.06664
130.5 0.996352
131.0 0.9992
131.5 1.306368
132.0 1.233664
132.5 1.069928
133.0 1.119512
133.5 1.222816
134.0 1.165024
134.5 1.120464
135.0 1.08528
135.5 1.137808
136.0 1.1248
136.5 1.066032
137.0 1.058336
137.5 1.25396
138.0 1.22048
138.5 1.090544
139.0 1.071704
139.5 1.201832
140.0 1.187344
140.5 1.106136
141.0 1.098
141.5 1.13956
142.0 1.11928
142.5 1.089752
143.0 1.076848
143.5 1.083792
144.0 1.089712
144.5 1.295792
145.0 1.251968
145.5 0.930032
146.0 0.921424
146.5 1.06636
147.0 1.059376
147.5 0.9364
148.0 0.931616
148.5 1.19792
149.0 1.188944
149.5 1.161712
150.0 1.160544
150.5 1.3156
151.0 1.305064
151.5 1.048224
152.0 0.986592
152.5 1.231064
153.0 1.198352
153.5 1.200336
154.0 1.139792
154.5 1.261952
155.0 1.256848
155.5 1.187608
156.0 1.112192
156.5 1.219368
157.0 1.176992
157.5 0.923376
158.0 0.910592
158.5 1.043536
159.0 1.047792
159.5 1.040408
160.0 1.019536
160.5 1.18996
161.0 1.191936
161.5 1.190136
162.0 1.151328
162.5 1.142392
163.0 1.123696
163.5 1.02744
164.0 1.058304
164.5 0.924
165.0 0.91312
165.5 1.19364
166.0 1.145832
166.5 1.095904
167.0 1.074784
167.5 1.152432
168.0 1.172112
168.5 1.199712
169.0 1.148384
169.5 1.122912
170.0 1.111024
170.5 1.352088
171.0 1.3304
171.5 1.065744
172.0 0.9818
172.5 1.209984
173.0 1.202064
173.5 1.134432
174.0 1.09888
174.5 1.146944
175.0 1.128048
175.5 1.002432
176.0 0.9952
176.5 1.162512
177.0 1.156736
177.5 1.08364
178.0 1.047584
178.5 1.206512
179.0 1.187616
179.5 1.096544
180.0 1.348288
180.5 1.292736
181.0 1.145056
181.5 1.230112
182.0 1.239168
182.5 1.180272
183.0 1.116656
183.5 1.120448
184.0 1.313504
184.5 1.319856
185.0 1.209904
185.5 1.104496
186.0 1.114096
186.5 1.388272
187.0 1.337536
187.5 1.095424
188.0 1.24824
188.5 1.359984
189.0 1.267584
189.5 1.163072
190.0 1.132192
190.5 1.3004
191.0 1.353136
191.5 1.168224
192.0 1.121392
192.5 1.12256
193.0 1.355184
193.5 1.333536
194.0 1.1642
194.5 1.201072
195.0 1.217672
195.5 1.140368
196.0 1.105496
196.5 1.173984
197.0 1.332688
197.5 1.323488
198.0 1.107264
198.5 1.15856
199.0 0.670352
199.5 1.310736
200.0 0.735472
200.5 1.073776
201.0 1.15848
201.5 1.298736
202.0 1.206016
202.5 1.238512
203.0 1.354832
203.5 1.323152
204.0 1.169984
204.5 1.118992
205.0 1.386384
205.5 1.28672
206.0 1.116864
206.5 1.216432
207.0 1.336328
207.5 1.287904
208.0 1.212088
208.5 1.144192
209.0 1.353176
209.5 1.335008
210.0 1.068896
210.5 1.123384
211.0 1.306
211.5 1.272384
212.0 1.146456
212.5 1.129424
213.0 1.320696
213.5 1.307008
214.0 1.140616
214.5 1.156832
215.0 1.304392
215.5 1.248
216.0 1.15792
216.5 1.195152
217.0 1.314688
217.5 1.329792
218.0 1.169456
218.5 1.063664
219.0 1.390672
219.5 1.434544
220.0 1.0888
220.5 1.159216
221.0 1.37592
221.5 1.347824
222.0 1.131872
222.5 1.149968
223.0 1.30332
223.5 1.289248
224.0 1.167168
224.5 1.102688
225.0 1.36032
225.5 1.329088
226.0 1.101104
226.5 1.13344
227.0 1.296272
227.5 1.215536
228.0 1.154232
228.5 1.182144
229.0 1.248672
229.5 1.30352
230.0 1.17096
230.5 1.163872
231.0 1.319616
231.5 1.340944
232.0 1.192488
232.5 1.126336
233.0 1.274992
233.5 1.296624
234.0 1.132264
234.5 1.097568
235.0 1.271648
235.5 1.292432
236.0 1.105552
236.5 1.121536
237.0 1.398328
237.5 1.284832
238.0 1.19836
238.5 1.185584
239.0 1.345488
239.5 1.403488
240.0 1.129648
240.5 1.055712
241.0 1.310176
241.5 1.34336
242.0 1.137712
242.5 1.115264
243.0 1.323952
243.5 1.277736
244.0 1.108304
244.5 1.151856
245.0 1.47716
245.5 1.409008
246.0 1.090552
246.5 1.10464
247.0 1.306232
247.5 1.293456
248.0 1.133304
248.5 1.148992
249.0 1.282616
249.5 1.295792
250.0 1.106648
250.5 1.068128
251.0 1.282208
251.5 1.28848
252.0 1.10584
252.5 1.054496
253.0 1.351784
253.5 1.382672
254.0 1.113392
254.5 1.187616
255.0 1.354176
255.5 1.286512
256.0 1.12384
256.5 1.16232
257.0 1.351392
257.5 1.32848
258.0 1.090608
258.5 1.150352
259.0 1.323728
259.5 1.231776
260.0 1.051632
260.5 1.083872
261.0 1.393504
261.5 1.351184
262.0 1.157064
262.5 1.20168
263.0 1.319536
263.5 1.36168
264.0 1.173008
264.5 1.133728
265.0 1.438496
265.5 1.369728
266.0 1.071792
266.5 1.078352
267.0 1.411048
267.5 1.347824
268.0 1.185256
268.5 1.147936
269.0 1.107688
269.5 1.320928
270.0 1.297768
270.5 1.142272
271.0 1.210376
271.5 1.352368
272.0 1.30112
272.5 1.13728
273.0 1.089512
273.5 1.28576
274.0 1.305408
274.5 1.075088
275.0 1.161
275.5 1.308208
276.0 1.27776
276.5 1.208888
277.0 0.806896
277.5 1.174368
278.0 0.701256
278.5 1.283968
279.0 0.716592
279.5 1.096528
280.0 1.218512
280.5 1.311056
281.0 1.132392
281.5 1.148352
282.0 1.339312
282.5 1.324224
283.0 1.134264
283.5 1.193216
284.0 1.335672
284.5 1.25136
285.0 1.158968
285.5 1.187088
286.0 1.3534
286.5 1.287792
287.0 1.111952
287.5 1.129776
288.0 1.306008
288.5 1.28216
289.0 1.143872
289.5 1.116896
290.0 1.269216
290.5 1.296592
291.0 1.20632
291.5 1.174736
292.0 0.920576
292.5 0.919744
293.0 0.800424
293.5 1.351984
294.0 0.73536
294.5 1.135328
295.0 0.688768
295.5 1.271312
296.0 0.814896
296.5 1.131232
297.0 1.151616
297.5 1.271616
298.0 1.056624
298.5 1.182752
299.0 0.794064
299.5 1.332992
300.0 0.689872
300.5 1.07176
301.0 1.263184
301.5 1.394848
302.0 1.086864
302.5 1.176944
303.0 1.377624
303.5 1.2672
304.0 1.160176
304.5 1.039776
305.0 1.38128
305.5 1.368752
306.0 1.1464
306.5 1.177536
307.0 1.265408
307.5 1.292064
308.0 1.212896
308.5 1.16652
309.0 1.360688
309.5 1.309248
310.0 1.161456
310.5 1.115792
311.0 1.33368
311.5 1.321888
312.0 1.170112
312.5 1.165344
313.0 1.30748
313.5 1.288048
314.0 1.213848
314.5 1.172992
315.0 1.354104
315.5 1.264768
316.0 1.170016
316.5 1.206608
317.0 1.30168
317.5 1.242656
318.0 1.123792
318.5 1.140016
319.0 1.297528
319.5 1.22824
320.0 1.200544
320.5 1.253232
321.0 1.326016
321.5 1.30272
322.0 1.177552
322.5 1.117584
323.0 1.379912
323.5 1.382784
324.0 1.186576
324.5 1.129232
325.0 1.339128
325.5 1.251344
326.0 1.247616
326.5 1.145072
327.0 1.329504
327.5 1.347232
328.0 1.180056
328.5 1.121584
329.0 1.32136
329.5 1.302544
330.0 1.112784
330.5 1.10528
331.0 1.362336
331.5 1.401808
332.0 1.19132
332.5 1.161936
333.0 1.33684
333.5 1.27624
334.0 1.080816
334.5 1.079712
335.0 1.339232
335.5 1.326352
336.0 1.152208
336.5 1.112064
337.0 1.355624
337.5 1.305728
338.0 1.127472
338.5 1.239168
339.0 1.327272
339.5 1.261968
340.0 0.71
340.5 1.121152
341.0 0.762816
341.5 1.328104
342.0 0.761008
342.5 1.171728
343.0 0.954056
343.5 1.321696
344.0 1.22112
344.5 1.100112
345.0 1.488512
345.5 1.37648
346.0 1.068032
346.5 1.11696
347.0 1.374024
347.5 1.26648
348.0 1.137792
348.5 1.157232
349.0 1.338544
349.5 1.33044
350.0 1.189904
350.5 1.091952
351.0 1.311632
351.5 1.33632
352.0 1.154784
352.5 1.149968
353.0 1.128328
353.5 1.302528
354.0 1.350304
354.5 1.147072
355.0 1.223744
355.5 1.163872
356.0 1.20744
356.5 1.175808
357.0 1.394784
357.5 1.304112
358.0 1.125264
358.5 1.129712
359.0 1.375328
359.5 1.359936
360.0 1.036832
360.5 1.016928
361.0 1.146208
361.5 1.118624
362.0 1.065232
362.5 1.049776
363.0 1.273568
363.5 1.25072
364.0 1.135816
364.5 1.129488
365.0 1.066008
365.5 1.037056
366.0 1.213592
366.5 1.193168
367.0 1.010664
367.5 0.992912
368.0 1.115024
368.5 1.09528
369.0 1.244808
369.5 1.218504
370.0 1.031936
370.5 1.018144
371.0 1.211856
371.5 1.209184
372.0 1.119024
372.5 1.094864
373.0 1.151584
373.5 1.143872
374.0 1.055184
374.5 1.038496
375.0 1.081328
375.5 1.064024
376.0 1.145408
376.5 1.063328
377.0 1.21016
377.5 1.187344
378.0 1.080656
378.5 1.022424
379.0 1.169224
379.5 1.109536
380.0 1.086776
380.5 1.084848
381.0 1.276184
381.5 1.236544
382.0 1.076392
382.5 1.062064
383.0 1.1478
383.5 1.112144
384.0 1.125272
384.5 1.10352
385.0 1.332752
385.5 1.319824
386.0 1.159136
386.5 1.14792
387.0 1.279352
387.5 1.224904
388.0 1.103376
388.5 1.089104
389.0 1.239736
389.5 1.221824
390.0 1.107088
390.5 1.088272
391.0 1.233872
391.5 1.208608
392.0 1.018536
392.5 1.01424
393.0 1.25864
393.5 1.226624
394.0 1.712192
394.5 1.669888
395.0 0.747416
395.5 0.723344
396.0 1.163416
396.5 1.083024
397.0 0.881504
397.5 0.826784
398.0 0.968
398.5 0.952336
399.0 1.3222
399.5 1.285296
400.0 1.23048
400.5 1.1924
401.0 1.073792
401.5 1.064864
402.0 0.877336
402.5 0.840488
403.0 1.529216
403.5 1.491712
404.0 0.98368
404.5 0.966688
405.0 1.033032
405.5 1.124128
406.0 1.16408
406.5 1.034144
407.0 1.08536
407.5 1.07376
408.0 1.361568
408.5 1.280264
409.0 1.170344
409.5 1.098368
410.0 1.589328
410.5 1.594496
411.0 0.85568
411.5 0.801904
412.0 1.047576
412.5 1.025072
413.0 0.922512
413.5 0.892624
414.0 1.366944
414.5 1.331872
415.0 0.788968
415.5 0.774224
416.0 1.308488
416.5 1.226064
417.0 1.066568
417.5 1.039728
418.0 1.33236
418.5 1.3068
419.0 0.941176
419.5 0.920176
420.0 1.209672
420.5 1.186488
421.0 1.092216
421.5 1.0768
422.0 1.32972
422.5 1.307072
423.0 1.128176
423.5 1.105856
424.0 1.093712
424.5 1.070064
425.0 1.350624
425.5 1.326864
426.0 1.11912
426.5 1.09568
427.0 0.948576
427.5 0.940384
428.0 1.161024
428.5 1.134112
429.0 1.050624
429.5 1.035248
430.0 1.23316
430.5 1.195584
431.0 0.963008
431.5 0.952816
432.0 1.322816
432.5 1.30416
433.0 1.036872
433.5 1.024624
434.0 1.0096
434.5 0.998416
435.0 1.081312
435.5 1.067496
436.0 1.148352
436.5 1.067664
437.0 0.919264
437.5 0.91288
438.0 1.492736
438.5 1.421376
439.0 1.234888
439.5 1.170656
440.0 0.9806
440.5 1.002512
441.0 1.16508
441.5 1.114728
442.0 1.302112
442.5 1.27224
443.0 1.048344
443.5 1.032592
444.0 1.156328
444.5 1.13896
445.0 1.024832
445.5 1.032304
446.0 1.045952
446.5 1.034592
447.0 1.112408
447.5 1.092016
448.0 1.269616
448.5 1.221008
449.0 1.014072
449.5 0.996352
450.0 1.226496
450.5 1.201216
451.0 1.103328
451.5 1.086688
452.0 1.049064
452.5 1.030176
453.0 1.13736
453.5 1.11812
454.0 1.09068
454.5 1.079712
455.0 1.269136
455.5 1.242032
456.0 1.2528
456.5 1.175872
457.0 1.067696
457.5 1.047168
458.0 1.240008
458.5 1.21856
459.0 1.029632
459.5 1.016016
460.0 0.99976
460.5 0.981552
461.0 1.567904
461.5 1.531936
462.0 0.98816
462.5 0.980928
463.0 0.910448
463.5 0.897312
464.0 1.166472
464.5 1.143024
465.0 1.146968
465.5 1.122912
466.0 1.193424
466.5 1.177872
467.0 1.08176
467.5 1.070624
468.0 1.15444
468.5 1.085688
469.0 1.208008
469.5 1.11856
470.0 1.087944
470.5 1.110848
471.0 1.05248
471.5 1.032544
472.0 1.282368
472.5 1.236704
473.0 1.237632
473.5 1.205184
474.0 1.09296
474.5 1.127032
475.0 1.139456
475.5 1.089296
476.0 1.424752
476.5 1.351424
477.0 0.956472
477.5 0.938768
478.0 1.232464
478.5 1.218032
479.0 1.185784
479.5 1.176656
480.0 0.965008
480.5 0.951072
481.0 1.10936
481.5 1.09456
482.0 1.096504
482.5 1.076208
483.0 1.15616
483.5 1.141776
484.0 1.124376
484.5 1.107264
485.0 1.009888
485.5 1.00528
486.0 1.344048
486.5 1.298504
487.0 1.030456
487.5 1.016256
488.0 1.078312
488.5 1.0576
489.0 0.846896
489.5 0.980064
490.0 0.614336
490.5 1.1712
491.0 0.723064
491.5 1.104
492.0 1.008656
492.5 1.163344
493.0 1.1436
493.5 1.113328
494.0 1.231688
494.5 1.20024
495.0 1.175792
495.5 1.150752
496.0 1.372832
496.5 1.292448
497.0 1.04308
497.5 1.026032
498.0 1.255696
498.5 1.159624
499.0 0.98676
499.5 0.933328
500.0 1.191712
500.5 1.1704
501.0 1.056584
501.5 1.047784
502.0 1.01284
502.5 0.996816
503.0 1.27572
503.5 1.252592
504.0 1.050104
504.5 1.032704
505.0 1.094288
505.5 1.078496
506.0 1.058168
506.5 1.04608
507.0 1.03644
507.5 1.012888
508.0 1.285832
508.5 1.25196
509.0 1.125968
509.5 1.100544
510.0 1.184632
510.5 1.167328
511.0 1.26248
511.5 1.269632
512.0 1.071096
512.5 1.031088
513.0 1.170672
513.5 1.121296
514.0 1.065872
514.5 1.059952
515.0 1.046304
515.5 1.032704
516.0 1.330368
516.5 1.250064
517.0 1.077952
517.5 1.06328
518.0 1.262136
518.5 1.23016
519.0 1.19808
519.5 1.167192
520.0 1.2254
520.5 1.205088
521.0 0.996568
521.5 0.980448
522.0 1.086896
522.5 1.086864
523.0 1.038256
523.5 1.015008
524.0 0.901768
524.5 0.895792
525.0 1.35024
525.5 1.30944
526.0 1.000656
526.5 0.996688
527.0 1.216976
527.5 1.198544
528.0 1.17068
528.5 1.11032
529.0 1.162952
529.5 1.106928
530.0 1.158816
530.5 1.149664
531.0 1.214832
531.5 1.186528
532.0 1.11864
532.5 1.104576
533.0 1.157184
533.5 1.142976
534.0 1.006048
534.5 1.011768
535.0 1.22396
535.5 1.179888
536.0 1.153528
536.5 1.078768
537.0 1.17348
537.5 1.151808
538.0 1.174208
538.5 1.153232
539.0 1.114968
539.5 1.092336
540.0 0.245688
540.5 1.113856
541.0 0.31612
541.5 1.105584
542.0 0.238744
542.5 1.097008
543.0 0.240856
543.5 1.095152
544.0 0.243336
544.5 1.107104
545.0 0.28084
545.5 1.095512
546.0 0.264216
546.5 1.100544
547.0 0.248664
547.5 1.0708
548.0 0.174696
548.5 1.003232
549.0 0.13252
549.5 0.801088
550.0 0.173984
550.5 0.879424
551.0 0.192848
551.5 0.947856
552.0 0.143664
552.5 0.97184
553.0 0.181224
553.5 0.955248
554.0 0.134904
554.5 0.967184
555.0 0.237176
555.5 1.09072
556.0 0.191248
556.5 0.975008
557.0 0.230672
557.5 1.100144
558.0 0.153456
558.5 1.005952
559.0 0.217768
559.5 1.096304
560.0 0.133032
560.5 0.972832
561.0 0.295944
561.5 1.10752
562.0 0.15708
562.5 1.037648
563.0 0.232016
563.5 1.09432
564.0 0.287984
564.5 1.109696
565.0 0.230824
565.5 1.0976
566.0 0.20736
566.5 1.101104
567.0 0.228528
567.5 1.092528
568.0 0.309
568.5 1.07856
569.0 0.256424
569.5 1.10472
570.0 0.288416
570.5 1.117536
571.0 0.251464
571.5 1.098016
572.0 0.268928
572.5 1.102712
573.0 0.237904
573.5 1.08836
574.0 0.127088
574.5 0.771472
575.0 0.182328
575.5 0.88064
576.0 0.149064
576.5 0.817408
577.0 0.171432
577.5 1.032928
578.0 0.11996
578.5 0.789952
579.0 0.15604
579.5 1.061904
580.0 0.147312
580.5 0.964976
581.0 0.248096
581.5 1.09584
582.0 0.13992
582.5 0.832496
583.0 0.172408
583.5 1.138704
584.0 0.150104
584.5 0.948832
585.0 0.17004
585.5 1.098816
586.0 0.134584
586.5 1.050528
587.0 0.177936
587.5 1.238688
588.0 0.129688
588.5 0.984496
589.0 0.181376
589.5 1.223984
590.0 0.125816
590.5 1.149088
591.0 0.183816
591.5 1.269696
592.0 0.134624
592.5 1.060128
593.0 0.17808
593.5 1.314896
594.0 0.21912
594.5 1.168096
595.0 0.206768
595.5 1.307248
596.0 0.15956
596.5 1.103744
597.0 0.176672
597.5 1.340432
598.0 0.12992
598.5 1.011552
599.0 0.172152
599.5 1.2992
600.0 0.136744
600.5 1.051104
601.0 0.230648
601.5 1.300608
602.0 0.128976
602.5 1.10712
603.0 0.175248
603.5 1.31792
604.0 0.144856
604.5 1.07888
605.0 0.172168
605.5 1.307264
606.0 0.145624
606.5 1.106952
607.0 0.174808
607.5 1.294432
608.0 0.129032
608.5 1.07104
609.0 0.1672
609.5 1.240432
610.0 0.135936
610.5 1.176128
611.0 0.194184
611.5 1.276
612.0 0.136704
612.5 1.087344
613.0 0.169352
613.5 1.309728
614.0 0.137712
614.5 1.113376
615.0 0.173864
615.5 1.285776
616.0 0.155056
616.5 1.087888
617.0 0.154632
617.5 1.198352
618.0 0.161664
618.5 1.166176
619.0 0.150984
619.5 1.253488
620.0 0.160168
620.5 1.207536
621.0 0.20556
621.5 1.159808
622.0 0.164424
622.5 1.204464
623.0 0.14164
623.5 1.170352
624.0 0.261056
624.5 1.250992
625.0 0.137464
625.5 1.16864
626.0 0.273104
626.5 1.28976
627.0 0.264424
627.5 1.153952
628.0 0.177016
628.5 1.379792
629.0 0.135568
629.5 1.091488
630.0 0.171
630.5 1.181248
631.0 0.266024
631.5 1.14556
632.0 3.346264
632.5 1.344112
633.0 1.244008
633.5 1.162992
634.0 1.361192
634.5 1.35376
635.0 1.1322
635.5 1.110544
636.0 1.488144
636.5 1.398192
637.0 1.218568
637.5 1.216528
638.0 0.968232
638.5 1.017136
639.0 1.225464
639.5 1.16436
640.0 1.22408
640.5 1.232496
641.0 1.230072
641.5 1.14016
642.0 1.158504
642.5 1.152368
643.0 1.304216
643.5 1.30392
644.0 1.099176
644.5 1.061072
645.0 1.335592
645.5 1.334272
646.0 1.178432
646.5 1.1758
647.0 1.198184
647.5 1.181872
648.0 1.10016
648.5 1.088496
649.0 1.248944
649.5 1.246208
650.0 1.28688
650.5 1.280128
651.0 1.184944
651.5 1.180272
652.0 1.262008
652.5 1.263712
653.0 1.327992
653.5 1.324224
654.0 1.2878
654.5 1.197216
655.0 1.251112
655.5 1.222432
656.0 1.268768
656.5 1.237616
657.0 1.323056
657.5 1.287416
658.0 1.200088
658.5 1.214096
659.0 1.096216
659.5 1.065744
660.0 1.281928
660.5 1.248384
661.0 1.243896
661.5 1.171704
662.0 1.295336
662.5 1.291952
663.0 1.254136
663.5 1.254928
664.0 1.167864
664.5 1.283152
665.0 1.239048
665.5 1.17376
666.0 1.258256
666.5 1.255
667.0 0.56044
667.5 0.545776
668.0 1.536712
668.5 1.551296
669.0 1.51108
669.5 1.57136
670.0 1.137288
670.5 1.379456
671.0 0.829352
671.5 1.288592
672.0 0.94768
672.5 1.215896
673.0 0.773176
673.5 1.467488
674.0 1.225896
674.5 1.266752
675.0 1.36272
675.5 1.156016
676.0 1.07284
676.5 1.191456
677.0 1.5174
677.5 1.083704
678.0 0.930784
678.5 1.103864
679.0 0.77096
679.5 1.595232
680.0 1.546792
680.5 1.111552
681.0 1.075016
681.5 1.17488
682.0 0.94828
682.5 1.063104
683.0 1.471528
683.5 1.2264
684.0 1.26928
684.5 1.199656
685.0 1.285952
685.5 1.196816
686.0 1.321472
686.5 1.246016
687.0 1.390272
687.5 1.257056
688.0 1.05832
688.5 1.100208
689.0 1.400352
689.5 1.357568
690.0 1.167744
690.5 1.104704
691.0 0.709096
691.5 1.364896
692.0 0.580656
692.5 1.202936
693.0 1.338056
693.5 1.440048
694.0 1.228216
694.5 1.316304
695.0 0.819512
695.5 1.146144
696.0 0.874176
696.5 1.14272
697.0 1.357792
697.5 1.307104
698.0 1.139432
698.5 1.16616
699.0 0.69244
699.5 1.249984
700.0 0.650968
700.5 1.166416
701.0 1.458784
701.5 1.383712
702.0 1.132896
702.5 1.15208
703.0 0.995632
703.5 1.369088
704.0 0.88052
704.5 0.946816
705.0 0.685176
705.5 1.319
706.0 0.73
706.5 1.278
707.0 0.925176
707.5 1.052336
708.0 0.787376
708.5 1.261632
709.0 0.729648
709.5 1.201328
710.0 0.701736
710.5 1.155792
711.0 0.615944
711.5 1.37728
712.0 0.851072
712.5 1.243568
713.0 0.811312
713.5 1.254688
714.0 0.73804
714.5 1.132432
715.0 0.978224
715.5 1.23704
716.0 0.906944
716.5 1.003792
717.0 0.70684
717.5 1.408832
718.0 0.701448
718.5 1.284968
719.0 1.034576
719.5 1.278336
720.0 1.261168
720.5 1.145952
721.0 1.136
721.5 1.299744
722.0 1.319216
722.5 1.220728
723.0 1.156752
723.5 1.282128
724.0 1.254368
724.5 1.184056
725.0 1.191024
725.5 1.284112
726.0 1.228816
726.5 1.12736
727.0 1.094704
727.5 1.364952
728.0 1.428736
728.5 1.17784
729.0 1.102048
729.5 1.377744
730.0 1.285328
730.5 1.159296
731.0 1.162528
731.5 1.417752
732.0 1.357504
732.5 1.176552
733.0 1.098024
733.5 1.300624
734.0 1.363696
734.5 1.144736
735.0 1.174496
735.5 1.360384
736.0 1.254928
736.5 1.185984
737.0 1.096832
737.5 1.302752
738.0 1.269056
738.5 1.130664
739.0 1.211888
739.5 1.285896
740.0 1.286848
740.5 1.18912
741.0 1.111488
741.5 1.371944
742.0 1.313552
742.5 1.191208
743.0 1.125344
743.5 1.369552
744.0 1.383312
744.5 1.150488
745.0 1.107024
745.5 1.30652
746.0 1.315968
746.5 1.18348
747.0 1.186832
747.5 1.314768
748.0 1.20776
748.5 1.144624
749.0 1.183856
749.5 1.449448
750.0 1.360208
750.5 1.168832
751.0 1.047536
751.5 1.354528
752.0 1.333904
752.5 1.176904
753.0 1.244192
753.5 1.361168
754.0 1.266944
754.5 1.123952
755.0 1.160896
755.5 1.338344
756.0 1.332752
756.5 1.14992
757.0 1.140336
757.5 1.344688
758.0 1.256752
758.5 1.15256
759.0 1.1712
759.5 1.331616
760.0 1.292192
760.5 1.068448
761.0 1.041824
761.5 1.333832
762.0 1.34336
762.5 1.195632
763.0 1.114624
763.5 1.385536
764.0 1.4412
764.5 1.233648
765.0 1.148736
765.5 1.298288
766.0 1.307736
766.5 1.123456
767.0 1.111968
767.5 1.410096
768.0 1.33464
768.5 1.124608
769.0 1.102016
769.5 1.405936
770.0 1.31152
770.5 1.084352
771.0 1.1388
771.5 1.427448
772.0 1.29032
772.5 1.180664
773.0 1.22856
773.5 1.337984
774.0 1.276384
774.5 1.172544
775.0 1.138328
775.5 1.332064
776.0 1.310368
776.5 0.765272
777.0 1.146944
777.5 0.693384
778.0 1.260496
778.5 0.710096
779.0 1.136752
779.5 0.69004
780.0 1.193968
780.5 1.412512
781.0 1.253488
781.5 1.003776
782.0 1.249824
782.5 0.726096
783.0 1.147616
783.5 0.72424
784.0 1.335232
784.5 1.427216
785.0 1.123392
785.5 1.435344
786.0 1.363184
786.5 1.059088
787.0 1.03292
787.5 1.263984
788.0 1.321984
788.5 1.19744
789.0 1.105696
789.5 1.459592
790.0 1.369808
790.5 1.16676
791.0 1.182352
791.5 1.449464
792.0 1.335824
792.5 1.1392
793.0 1.174912
793.5 1.38812
794.0 1.337664
794.5 1.170456
795.0 1.142864
795.5 1.38052
796.0 1.277872
796.5 1.134656
797.0 1.165008
797.5 1.180088
798.0 1.313232
798.5 1.285536
799.0 1.0884
799.5 1.024448
800.0 1.413808
800.5 0.72396
801.0 1.054368
801.5 0.763848
802.0 1.241768
802.5 1.322352
803.0 1.18408
803.5 1.28464
804.0 1.223232
804.5 1.335024
805.0 1.260912
805.5 1.18528
806.0 1.314384
806.5 1.450016
807.0 1.285344
807.5 1.113496
808.0 1.087432
808.5 1.12112
809.0 1.151296
809.5 1.335856
810.0 1.228848
810.5 1.241016
811.0 1.16632
811.5 1.140616
812.0 1.187456
812.5 1.089592
813.0 0.899888
813.5 0.714696
814.0 0.887744
814.5 1.508368
815.0 1.416736
815.5 1.333424
816.0 1.356944
816.5 1.48144
817.0 1.414944
817.5 1.214336
818.0 1.177792
818.5 1.297616
819.0 1.260576
819.5 1.234864
820.0 1.29212
820.5 1.307216
821.0 1.237088
821.5 1.140048
822.0 1.147936
822.5 1.424464
823.0 1.365952
823.5 1.159472
824.0 1.133712
824.5 1.299072
825.0 1.3272
825.5 1.150304
826.0 1.11616
826.5 1.175064
827.0 1.099664
827.5 1.265968
828.0 1.249888
828.5 1.389072
829.0 1.359728
829.5 0.860784
830.0 0.772568
830.5 0.106536
831.0 0.1
831.5 0.146744
832.0 0.1
832.5 0.147928
833.0 0.1
833.5 0.106608
834.0 0.1
834.5 0.10764
835.0 0.101688
835.5 0.107808
836.0 0.1
836.5 0.104744
837.0 0.1
837.5 0.106184
838.0 0.1
838.5 0.106152
839.0 0.1
839.5 0.103544
840.0 0.1
840.5 0.10568
841.0 0.101688
841.5 0.101856
842.0 0.1
842.5 0.102368
843.0 0.1
843.5 0.100928
844.0 0.1
844.5 0.100928
845.0 0.1
845.5 0.107936
846.0 0.1
846.5 0.106464
847.0 0.10176
847.5 0.101976
848.0 0.1
848.5 0.10348
849.0 0.1
849.5 0.160096
850.0 0.1
850.5 0.106912
851.0 0.10888
851.5 0.128368
852.0 0.123648
852.5 0.10488
853.0 0.10268
853.5 0.330112
854.0 0.503264
854.5 1.03752
855.0 1.052752
855.5 1.241584
856.0 1.228
856.5 1.08472
857.0 1.055664
857.5 1.24532
858.0 1.18576
858.5 0.985872
859.0 1.013136
859.5 1.331728
860.0 1.241264
860.5 1.063224
861.0 1.100928
861.5 1.232024
862.0 1.119712
862.5 1.028856
863.0 0.935728
863.5 1.232352
864.0 1.154064
864.5 1.024056
865.0 1.091056
865.5 1.26688
866.0 1.283984
866.5 0.993264
867.0 0.922272
867.5 1.142752
868.0 1.295624
868.5 1.222304
869.0 1.05448
869.5 1.2308
870.0 1.219216
870.5 1.147872
871.0 1.03056
871.5 1.034768
872.0 1.078704
872.5 1.012448
873.0 0.98168
873.5 1.221456
874.0 1.207528
874.5 1.092656
875.0 1.07056
875.5 1.126016
876.0 1.114864
876.5 1.12248
877.0 1.0312
877.5 1.179016
878.0 1.320208
878.5 1.263032
879.0 1.106208
879.5 1.117336
880.0 1.07952
880.5 1.022968
881.0 1.008048
881.5 1.105856
882.0 1.170592
882.5 1.215616
883.0 1.138336
883.5 1.184928
884.0 1.20416
884.5 1.229344
885.0 1.119344
885.5 1.163136
886.0 1.086216
886.5 1.012496
887.0 1.0764
887.5 1.143088
888.0 1.06008
888.5 1.00368
889.0 1.024352
889.5 1.134664
890.0 1.145696
890.5 1.238128
891.0 1.129648
891.5 1.1438
892.0 0.9276
892.5 1.356072
893.0 1.517376
893.5 1.054528
894.0 0.953728
894.5 1.09636
895.0 1.00592
895.5 1.046592
896.0 1.11744
896.5 1.145216
897.0 1.123424
897.5 1.055768
898.0 1.098128
898.5 1.285088
899.0 1.25336
899.5 1.136952
900.0 1.297536
900.5 1.25364
901.0 1.231184
901.5 1.259024
902.0 1.189824
902.5 1.126856
903.0 1.069904
903.5 0.846232
904.0 1.256704
904.5 1.66768
905.0 1.2278
905.5 1.298392
906.0 1.25272
906.5 1.133032
907.0 1.115536
907.5 1.301248
908.0 1.213616
908.5 1.086072
909.0 1.104144
909.5 0.994784
910.0 1.226032
910.5 1.573336
911.0 1.232448
911.5 1.117856
912.0 1.312
912.5 1.506856
913.0 1.23896
913.5 1.043288
914.0 1.21144
914.5 1.415832
915.0 1.21224
915.5 1.143528
916.0 1.262992
916.5 1.521576
917.0 1.325976
917.5 1.091888
918.0 1.159584
918.5 1.35412
919.0 1.222336
919.5 1.056616
920.0 1.104064
920.5 1.407464
921.0 1.351888
921.5 1.036776
922.0 1.040464
922.5 1.35132
923.0 1.258928
923.5 1.201696
924.0 1.17976
924.5 1.414736
925.0 1.391152
925.5 1.212808
926.0 1.1552
926.5 1.336392
927.0 1.33792
927.5 1.29524
928.0 1.188816
928.5 1.337784
929.0 1.292016
929.5 1.114136
930.0 1.10608
930.5 1.409736
931.0 1.360656
931.5 1.169816
932.0 1.150624
932.5 1.40044
933.0 1.3868
933.5 1.205344
934.0 1.167408
934.5 1.4186
935.0 1.332512
935.5 1.028904
936.0 1.032928
936.5 1.225848
937.0 1.203872
937.5 1.129352
938.0 1.10832
938.5 1.389712
939.0 1.34416
939.5 1.070568
940.0 1.053136
940.5 1.250952
941.0 1.146928
941.5 1.34532
942.0 1.427952
942.5 1.526248
943.0 1.44464
943.5 1.336984
944.0 1.119552
944.5 1.484144
945.0 1.414832
945.5 1.04988
946.0 1.03352
946.5 1.291064
947.0 1.259984
947.5 1.237328
948.0 1.18288
948.5 1.358984
949.0 1.320624
949.5 1.209592
950.0 1.202456
950.5 1.176992
951.0 1.212352
951.5 1.320712
952.0 1.1876
952.5 1.046928
953.0 1.32416
953.5 1.631784
954.0 1.242528
954.5 1.036008
955.0 1.209248
955.5 1.409704
956.0 1.175456
956.5 1.187104
957.0 1.229312
957.5 1.14312
958.0 1.078576
958.5 1.453744
959.0 1.365096
959.5 1.408752
960.0 1.337296
960.5 1.04664
961.0 1.063544
961.5 1.335704
962.0 1.214208
962.5 1.071872
963.0 1.03564
963.5 1.256632
964.0 1.252896
964.5 0.884608
965.0 1.161408
965.5 1.536776
966.0 1.292296
966.5 0.991048
967.0 1.128368
967.5 1.674856
968.0 1.303712
968.5 1.171256
969.0 1.323864
969.5 1.434472
970.0 1.211648
970.5 1.099872
971.0 1.207264
971.5 1.7084
972.0 1.408016
972.5 1.005128
973.0 1.162896
973.5 1.514016
974.0 1.280944
974.5 1.017952
975.0 1.1336
975.5 1.374776
976.0 1.175936
976.5 1.323256
977.0 1.364352
977.5 1.216952
978.0 1.120912
978.5 1.123504
979.0 1.103936
979.5 1.29364
980.0 1.2796
980.5 1.198728
981.0 1.178928
981.5 1.379776
982.0 1.332352
982.5 1.236328
983.0 1.177552
983.5 1.214776
984.0 1.22584
984.5 1.19348
985.0 1.15784
985.5 1.1958
986.0 1.19092
986.5 1.009152
987.0 1.376528
987.5 1.8846
988.0 1.32112
988.5 1.054648
989.0 1.058176
989.5 1.265608
990.0 1.286144
990.5 1.255448
991.0 1.178144
991.5 1.193368
992.0 1.206384
992.5 1.205376
993.0 1.206272
993.5 1.02936
994.0 1.021248
994.5 1.280008
995.0 1.268688
995.5 1.495248
996.0 1.439312
996.5 1.225472
997.0 1.20488
997.5 1.513576
998.0 1.462176
998.5 1.159488
999.0 1.159104
999.5 1.293592
1000.0 1.262688
1000.5 1.206304
1001.0 1.106944
1001.5 1.412768
1002.0 1.307088
1002.5 1.177848
1003.0 1.075392
1003.5 1.172296
1004.0 1.170096
1004.5 1.173168
1005.0 1.170272
1005.5 1.719248
1006.0 1.58432
1006.5 1.006608
1007.0 0.984496
1007.5 1.661688
1008.0 1.495808
1008.5 0.998664
1009.0 0.945488
1009.5 1.448712
1010.0 1.40576
1010.5 1.298472
1011.0 1.221808
1011.5 0.725648
1012.0 1.2844
1012.5 1.557112
1013.0 1.179616
1013.5 1.446184
1014.0 1.113952
1014.5 0.94636
1015.0 0.937296
1015.5 1.466608
1016.0 1.388392
1016.5 1.051424
1017.0 1.077248
1017.5 1.006256
1018.0 1.419616
1018.5 1.891768
1019.0 1.344768
1019.5 1.335296
1020.0 1.256704
1020.5 1.182536
1021.0 1.166656
1021.5 1.168856
1022.0 1.1684
1022.5 1.018488
1023.0 0.99512
1023.5 1.126536
1024.0 1.376832
1024.5 1.521632
1025.0 1.208224
1025.5 1.385592
1026.0 1.344208
1026.5 1.213064
1027.0 1.167024
1027.5 1.28512
1028.0 1.183248
1028.5 1.16032
1029.0 1.147728
1029.5 1.372656
1030.0 1.344032
1030.5 1.053472
1031.0 1.25912
1031.5 1.590152
1032.0 1.299184
1032.5 1.313784
1033.0 1.215744
1033.5 1.385584
1034.0 1.328112
1034.5 1.200784
1035.0 1.18664
1035.5 1.30872
1036.0 1.293568
1036.5 1.182256
1037.0 1.16056
1037.5 0.931536
1038.0 1.251568
1038.5 1.664016
1039.0 1.270432
1039.5 0.680216
1040.0 1.00528
1040.5 1.653976
1041.0 1.259696
1041.5 0.988184
1042.0 1.260624
1042.5 1.871352
1043.0 1.448704
1043.5 1.087664
1044.0 1.29784
1044.5 0.727072
1045.0 1.148688
1045.5 0.6264
1046.0 0.95216
1046.5 1.660688
1047.0 1.382608
1047.5 1.024272
1048.0 1.139472
1048.5 1.610448
1049.0 1.36516
1049.5 1.211416
1050.0 1.344944
1050.5 1.282552
1051.0 1.268992
1051.5 1.451872
1052.0 0.98768
1052.5 0.985256
1053.0 0.963712
1053.5 0.793728
1054.0 0.960128
1054.5 1.129664
1055.0 1.346928
1055.5 0.569208
1056.0 1.290688
1056.5 0.340432
1057.0 1.601536
1057.5 2.80468
1058.0 1.317296
1058.5 1.130032
1059.0 1.227872
1059.5 0.853968
1060.0 1.083856
1060.5 1.034912
1061.0 1.058112
1061.5 1.097176
1062.0 1.164744
1062.5 0.647512
1063.0 1.466512
1063.5 0.980248
1064.0 1.564
1064.5 0.833248
1065.0 1.07276
1065.5 0.731816
1066.0 1.08608
1066.5 0.485608
1067.0 1.494792
1067.5 1.283936
1068.0 1.195384
1068.5 0.817352
1069.0 1.502928
1069.5 0.920632
1070.0 1.235296
1070.5 0.788504
1071.0 0.886064
1071.5 0.5642
1072.0 1.172432
1072.5 1.29836
1073.0 1.29992
1073.5 0.903976
1074.0 0.979456
1074.5 0.94748
1075.0 1.144848
1075.5 0.731256
1076.0 0.977056
1076.5 1.005472
1077.0 1.545584
1077.5 0.759744
1078.0 1.074128
1078.5 0.84508
1079.0 1.292352
1079.5 0.593088
1080.0 1.012496
1080.5 1.0764
1081.0 1.143088
1081.5 1.06008
1082.0 1.00368
1082.5 1.024352
1083.0 1.134664
1083.5 1.145696
1084.0 1.238128
1084.5 1.129648
1085.0 1.1438
1085.5 0.9276
1086.0 1.356072
1086.5 1.517376
1087.0 1.054528
1087.5 0.953728
1088.0 1.09636
1088.5 1.00592
1089.0 1.046592
1089.5 1.11744
1090.0 1.145216
1090.5 1.123424
1091.0 1.055768
1091.5 1.098128
1092.0 1.285088
1092.5 1.25336
1093.0 1.136952
1093.5 1.130672
1094.0 1.062336
1094.5 1.013224
1095.0 1.080624
1095.5 1.084992
1096.0 1.14616
1096.5 1.09344
1097.0 0.996368
1097.5 0.977392
1098.0 1.208048
1098.5 1.18024
1099.0 1.082896
1099.5 1.08128
1100.0 1.145728
1100.5 1.127192
1101.0 1.17504
1101.5 1.141952
1102.0 1.23808
1102.5 1.268496
1103.0 1.169728
1103.5 1.06696
1104.0 1.092224
1104.5 1.106448
1105.0 1.103824
1105.5 1.031472
1106.0 1.300784
1106.5 1.273968
1107.0 1.065376
1107.5 1.036912
1108.0 1.186656
1108.5 1.184944
1109.0 1.011872
1109.5 1.067888
1110.0 1.193152
1110.5 1.070912
1111.0 1.149968
1111.5 1.108112
1112.0 1.126152
1112.5 1.204984
1113.0 1.170112
1113.5 1.078512
1114.0 1.097776
1114.5 1.133344
1115.0 1.261664
1115.5 1.10448
1116.0 1.091608
1116.5 0.88392
1117.0 1.061408
1117.5 1.130304
1118.0 1.429008
1118.5 1.199856
1119.0 0.426928
1119.5 0.286912
1120.0 0.416768
1120.5 0.277616
1121.0 0.393304
1121.5 0.132736
1122.0 0.117656
1122.5 0.116208
1123.0 0.378048
1123.5 0.13312
1124.0 0.118368
1124.5 0.100784
1125.0 0.222776
1125.5 0.100784
1126.0 0.105704
1126.5 0.1
1127.0 0.289888
1127.5 0.28692
1128.0 0.322856
1128.5 0.29248
1129.0 0.226192
1129.5 0.72624
1130.0 0.376392
1130.5 0.417056
1131.0 0.111152
1131.5 0.12152
1132.0 0.177904
1132.5 0.173824
1133.0 0.11516
1133.5 0.123208
1134.0 0.220544
1134.5 0.224768
1135.0 0.113392
1135.5 0.12152
1136.0 0.292264
1136.5 0.285712
1137.0 0.118608
1137.5 0.12152
1138.0 0.2096
1138.5 0.21064
1139.0 0.119504
1139.5 0.12328
1140.0 0.211856
1140.5 0.213824
1141.0 0.112128
1141.5 0.12024
1142.0 0.20896
1142.5 0.213808
1143.0 0.170176
1143.5 0.12648
1144.0 0.244312
1144.5 0.239248
1145.0 0.168216
1145.5 0.123224
1146.0 0.329944
1146.5 0.28504
1147.0 0.121008
1147.5 0.12152
1148.0 0.186808
1148.5 0.24712
1149.0 0.135448
1149.5 0.12152
1150.0 0.117416
1150.5 0.168368
1151.0 0.143304
1151.5 0.13604
1152.0 0.120408
1152.5 0.4008
1153.0 0.11468
1153.5 0.12152
1154.0 0.123424
1154.5 0.281808
1155.0 0.111152
1155.5 0.12152
1156.0 0.119976
1156.5 0.210608
1157.0 0.111904
1157.5 0.12152
1158.0 0.110656
1158.5 0.388032
1159.0 0.112168
1159.5 0.11224
1160.0 0.106408
1160.5 0.101688
1161.0 0.1
1161.5 0.1
1162.0 0.10204
1162.5 0.1
1163.0 0.160416
1163.5 0.1
1164.0 0.104224
1164.5 0.1
1165.0 0.104456
1165.5 0.1
1166.0 0.107088
1166.5 0.101688
1167.0 0.105728
1167.5 0.1
1168.0 1.14496
1168.5 0.147328
1169.0 0.125856
1169.5 0.143632
1170.0 0.104344
1170.5 0.110672
1171.0 0.106864
1171.5 0.281168
1172.0 1.014648
1172.5 1.036656
1173.0 1.071984
1173.5 1.05144
1174.0 1.093424
1174.5 1.10632
1175.0 1.157432
1175.5 1.102192
1176.0 1.29708
1176.5 1.125344
1177.0 1.063168
1177.5 1.130192
1178.0 1.33584
1178.5 1.24932
1179.0 1.01752
1179.5 0.997936
1180.0 1.127376
1180.5 1.077792
1181.0 1.198816
1181.5 1.183968
1182.0 1.179264
1182.5 1.176736
1183.0 1.125336
1183.5 1.091248
1184.0 0.743696
1184.5 1.057056
1185.0 0.717312
1185.5 1.21896
1186.0 0.891504
1186.5 1.057168
1187.0 0.831104
1187.5 1.144208
1188.0 0.944096
1188.5 1.03536
1189.0 1.091888
1189.5 1.047568
1190.0 1.041488
1190.5 1.003216
1191.0 1.201152
1191.5 1.28672
1192.0 1.167032
1192.5 1.161072
1193.0 1.227896
1193.5 1.115528
1194.0 0.95688
1194.5 1.007104
1195.0 1.146752
1195.5 1.051328
1196.0 1.147264
1196.5 1.159456
1197.0 1.285664
1197.5 1.117808
1198.0 1.28916
1198.5 1.289824
1199.0 1.080784
1199.5 1.166376
1200.0 1.100296
1200.5 1.08344
1201.0 1.014448
1201.5 0.97488
1202.0 1.38856
1202.5 1.477488
1203.0 1.292152
1203.5 1.150224
1204.0 0.966656
1204.5 0.926384
1205.0 1.023448
1205.5 0.97944
1206.0 1.194512
1206.5 1.14848
1207.0 0.989728
1207.5 0.986336
1208.0 1.465536
1208.5 1.475984
1209.0 1.137104
1209.5 1.15248
1210.0 1.295392
1210.5 1.303408
1211.0 1.025144
1211.5 0.973384
1212.0 1.261024
1212.5 1.186368
1213.0 0.993312
1213.5 1.015184
1214.0 1.27352
1214.5 1.214912
1215.0 0.951808
1215.5 0.76372
1216.0 0.56104
1216.5 0.68656
1217.0 2.198312
1217.5 1.908904
1218.0 0.952576
1218.5 1.129632
1219.0 0.966008
1219.5 0.99052
1220.0 1.181904
1220.5 1.157536
1221.0 1.135808
1221.5 1.1948
1222.0 1.116248
1222.5 0.978448
1223.0 1.213024
1223.5 1.196624
1224.0 1.074496
1224.5 1.110784
1225.0 1.024464
1225.5 1.016672
1226.0 1.147208
1226.5 1.099848
1227.0 1.222432
1227.5 1.113984
1228.0 1.396544
1228.5 1.370832
1229.0 1.103952
1229.5 1.179568
1230.0 1.467728
1230.5 1.359328
1231.0 0.950768
1231.5 0.93744
1232.0 1.294768
1232.5 1.302296
1233.0 0.931952
1233.5 0.943488
1234.0 1.27528
1234.5 1.183248
1235.0 0.995928
1235.5 1.080864
1236.0 1.34196
1236.5 1.216464
1237.0 1.023776
1237.5 0.996608
1238.0 1.240856
1238.5 1.192352
1239.0 0.981008
1239.5 0.988256
1240.0 1.276376
1240.5 1.358944
1241.0 0.954616
1241.5 0.850288
1242.0 1.169664
1242.5 1.01904
1243.0 0.940096
1243.5 0.949088
1244.0 0.773792
1244.5 1.009976
1245.0 1.113688
1245.5 1.121472
1246.0 1.159272
1246.5 1.117952
1247.0 1.190048
1247.5 1.23424
1248.0 1.182816
1248.5 1.15496
1249.0 1.221848
1249.5 1.165984
1250.0 1.023608
1250.5 0.978432
1251.0 1.031632
1251.5 0.983504
1252.0 1.113008
1252.5 1.18984
1253.0 1.362808
1253.5 1.240736
1254.0 1.037968
1254.5 1.155984
1255.0 1.207576
1255.5 1.127408
1256.0 1.086008
1256.5 1.05568
1257.0 1.141648
1257.5 1.046208
1258.0 1.077536
1258.5 1.1656
1259.0 1.096624
1259.5 1.004952
1260.0 1.22856
1260.5 0.88068
1261.0 1.32832
1261.5 1.440632
1262.0 0.824384
1262.5 1.098064
1263.0 1.082464
1263.5 0.92244
1264.0 0.961776
1264.5 0.751904
1265.0 0.967952
1265.5 0.857168
1266.0 1.467408
1266.5 0.881216
1267.0 1.096384
1267.5 1.091296
1268.0 0.874696
1268.5 1.322688
1269.0 1.299456
1269.5 1.217136
1270.0 1.200432
1270.5 0.982856
1271.0 0.935088
1271.5 1.193104
1272.0 1.15496
1272.5 1.055824
1273.0 1.03016
1273.5 1.044256
1274.0 1.009088
1274.5 1.1732
1275.0 1.162512
1275.5 1.252528
1276.0 1.230432
1276.5 0.978992
1277.0 0.958128
1277.5 0.918976
1278.0 1.029488
1278.5 0.839616
1279.0 1.338
1279.5 0.924312
1280.0 1.061856
1280.5 0.96296
1281.0 1.087904
1281.5 1.186608
1282.0 1.045744
1282.5 1.335064
1283.0 1.258984
1283.5 1.263592
1284.0 1.203008
1284.5 0.989568
1285.0 0.97808
1285.5 0.875184
1286.0 1.055344
1286.5 1.088376
1287.0 1.05544
1287.5 0.631696
1288.0 1.182176
1288.5 0.737528
1289.0 1.09844
1289.5 1.18224
1290.0 1.089456
1290.5 1.222112
1291.0 1.110688
1291.5 1.230056
1292.0 1.197184
1292.5 1.043496
1293.0 1.014448
1293.5 1.096616
1294.0 1.074848
1294.5 1.054096
1295.0 1.027152
1295.5 1.097704
1296.0 1.07496
1296.5 1.183144
1297.0 1.162864
1297.5 1.315776
1298.0 1.259328
1298.5 1.015072
1299.0 0.992704
1299.5 1.21644
1300.0 1.203616
1300.5 1.190592
1301.0 1.172024
1301.5 1.056224
1302.0 1.04424
1302.5 1.250016
1303.0 1.230576
1303.5 1.373544
1304.0 1.347552
1304.5 0.917648
1305.0 0.918512
1305.5 1.043936
1306.0 1.018432
1306.5 1.006408
1307.0 0.991744
1307.5 1.019184
1308.0 0.99648
1308.5 1.244208
1309.0 1.223728
1309.5 1.110896
1310.0 1.102656
1310.5 1.248352
1311.0 1.169664
1311.5 1.055656
1312.0 1.044144
1312.5 1.140936
1313.0 1.084944
1313.5 1.123296
1314.0 1.101072
1314.5 1.15896
1315.0 1.09336
1315.5 1.106728
1316.0 1.081672
1316.5 1.066616
1317.0 1.021168
1317.5 1.129848
1318.0 1.112528
1318.5 1.187384
1319.0 1.162816
1319.5 1.3414
1320.0 1.316288
1320.5 1.123376
1321.0 1.109632
1321.5 1.054128
1322.0 1.077304
1322.5 1.032464
1323.0 0.983408
1323.5 1.301112
1324.0 1.278496
1324.5 1.19432
1325.0 1.177232
1325.5 1.068496
1326.0 1.060784
1326.5 1.281376
1327.0 1.263664
1327.5 1.047384
1328.0 1.0272
1328.5 0.98104
1329.0 0.967136
1329.5 1.237632
1330.0 1.220976
1330.5 1.162136
1331.0 1.088496
1331.5 1.235568
1332.0 1.214672
1332.5 1.306896
1333.0 1.278944
1333.5 0.967424
1334.0 0.959784
1334.5 0.955056
1335.0 0.961024
1335.5 1.250784
1336.0 1.215056
1336.5 1.001344
1337.0 0.987728
1337.5 1.194312
1338.0 1.177856
1338.5 1.121296
1339.0 1.104368
1339.5 1.414624
1340.0 1.431744
1340.5 1.112784
1341.0 1.099936
1341.5 1.205584
1342.0 1.191504
1342.5 1.111784
1343.0 1.026304
1343.5 1.21836
1344.0 1.155072
1344.5 1.134448
1345.0 1.114208
1345.5 1.266544
1346.0 1.246384
1346.5 0.890928
1347.0 0.880768
1347.5 1.118736
1348.0 1.101152
1348.5 1.00736
1349.0 0.99284
1349.5 1.151808
1350.0 1.139472
1350.5 1.469728
1351.0 1.388928
1351.5 1.14344
1352.0 1.123104
1352.5 1.054336
1353.0 1.045104
1353.5 1.323864
1354.0 1.29712
1354.5 1.113056
1355.0 1.098296
1355.5 1.23448
1356.0 1.215504
1356.5 1.060784
1357.0 1.037808
1357.5 1.252416
1358.0 1.231792
1358.5 1.013128
1359.0 0.9904
1359.5 1.263728
1360.0 1.213232
1360.5 1.204032
1361.0 1.185136
1361.5 1.231096
1362.0 1.214704
1362.5 0.942616
1363.0 0.921568
1363.5 1.091888
1364.0 1.078416
1364.5 0.894608
1365.0 0.886528
1365.5 1.283088
1366.0 1.252944
1366.5 0.831056
1367.0 0.82316
1367.5 1.420304
1368.0 1.39496
1368.5 1.07208
1369.0 1.055808
1369.5 1.22408
1370.0 1.206096
1370.5 1.01528
1371.0 0.946176
1371.5 1.10128
1372.0 1.081552
1372.5 1.267328
1373.0 1.240048
1373.5 1.17932
1374.0 1.04736
1374.5 0.969776
1375.0 0.970656
1375.5 1.36872
1376.0 1.300128
1376.5 1.095712
1377.0 1.067232
1377.5 1.141888
1378.0 1.12376
1378.5 1.089224
1379.0 1.076192
1379.5 1.076096
1380.0 1.075696
1380.5 1.126648
1381.0 1.080496
1381.5 1.151456
1382.0 1.13028
1382.5 1.194576
1383.0 1.169712
1383.5 1.11436
1384.0 1.085968
1384.5 1.157648
1385.0 1.144096
1385.5 1.1392
1386.0 1.125424
1386.5 1.165216
1387.0 1.144304
1387.5 1.05008
1388.0 1.049368
1388.5 1.121104
1389.0 1.0948
1389.5 1.009072
1390.0 0.996272
1390.5 1.293896
1391.0 1.21464
1391.5 1.316208
1392.0 1.29784
1392.5 1.13904
1393.0 1.12056
1393.5 0.985984
1394.0 0.974416
1394.5 1.176672
1395.0 1.161184
1395.5 1.12096
1396.0 1.099456
1396.5 1.122
1397.0 1.107728
1397.5 1.060288
1398.0 1.04576
1398.5 1.117824
1399.0 1.102112
1399.5 1.036952
1400.0 1.029048
1400.5 1.214816
1401.0 1.188992
1401.5 1.078608
1402.0 1.066528
1402.5 1.120024
1403.0 1.093552
1403.5 1.163784
1404.0 1.088288
1404.5 1.137168
1405.0 1.126
1405.5 1.154064
1406.0 1.138128
1406.5 1.090096
1407.0 1.070896
1407.5 1.046736
1408.0 1.031072
1408.5 1.471504
1409.0 1.451616
1409.5 0.961664
1410.0 0.948576
1410.5 1.049568
1411.0 0.994896
1411.5 1.101104
1412.0 1.072
1412.5 1.268736
1413.0 1.248512
1413.5 1.14928
1414.0 1.118464
1414.5 1.019872
1415.0 1.044232
1415.5 1.31096
1416.0 1.280256
1416.5 1.73116
1417.0 1.63448
1417.5 0.8058
1418.0 0.7872
1418.5 0.986968
1419.0 0.966176
1419.5 0.960912
1420.0 0.96136
1420.5 1.162376
1421.0 1.13404
1421.5 1.157416
1422.0 1.122256
1422.5 1.401664
1423.0 1.427424
1423.5 0.985888
1424.0 0.893824
1424.5 0.988248
1425.0 0.97784
1425.5 1.136392
1426.0 1.111104
1426.5 1.075888
1427.0 1.086672
1427.5 1.050064
1428.0 1.010512
1428.5 1.105536
1429.0 1.209472
1429.5 1.229792
1430.0 1.078224
1430.5 1.143312
1431.0 1.08536
1431.5 1.061472
1432.0 1.053808
1432.5 1.296888
1433.0 1.252744
1433.5 1.282128
1434.0 1.180448
1434.5 1.175776
1435.0 1.15976
1435.5 1.012184
1436.0 0.995472
1436.5 1.311608
1437.0 1.287744
1437.5 1.193304
1438.0 1.170064
1438.5 1.112
1439.0 1.088192
1439.5 1.052136
