0.0 1.02744
0.5 1.058304
1.0 0.924
1.5 0.91312
2.0 1.19364
2.5 1.145832
3.0 1.095904
3.5 1.074784
4.0 1.152432
4.5 1.172112
5.0 1.199712
5.5 1.148384
6.0 1.122912
6.5 1.111024
7.0 1.352088
7.5 1.3304
8.0 1.065744
8.5 0.9818
9.0 1.209984
9.5 1.202064
10.0 1.134432
10.5 1.09888
11.0 1.146944
11.5 1.128048
12.0 1.002432
12.5 0.9952
13.0 1.162512
13.5 1.156736
14.0 1.08364
14.5 1.047584
15.0 1.206512
15.5 1.187616
16.0 1.096544
16.5 1.092736
17.0 1.113864
17.5 1.108544
18.0 1.191024
18.5 1.175776
19.0 0.9596
19.5 0.943872
20.0 1.299544
20.5 1.241928
21.0 1.114552
21.5 1.057488
22.0 1.247424
22.5 1.2308
23.0 1.05984
23.5 1.111288
24.0 1.19432
24.5 1.115904
25.0 1.11112
25.5 1.096496
26.0 1.27488
26.5 1.171896
27.0 1.133984
27.5 1.109616
28.0 1.300824
28.5 1.195936
29.0 1.226848
29.5 1.203456
30.0 1.047464
30.5 1.04192
31.0 1.137376
31.5 1.137008
32.0 1.140568
32.5 1.099872
33.0 1.026088
33.5 1.005504
34.0 1.265192
34.5 1.24632
35.0 1.310336
35.5 1.278296
36.0 1.043984
36.5 1.036128
37.0 1.016808
37.5 0.996128
38.0 1.079008
38.5 1.065936
39.0 1.01928
39.5 1.028848
40.0 1.26148
40.5 1.22112
41.0 0.952784
41.5 1.016648
42.0 1.358832
42.5 1.27128
43.0 1.166592
43.5 1.146672
44.0 1.044656
44.5 1.031632
45.0 1.045048
45.5 1.022496
46.0 1.152048
46.5 1.140848
47.0 1.222928
47.5 1.202304
48.0 1.285144
48.5 1.210416
49.0 1.147616
49.5 1.10944
50.0 1.145104
50.5 1.093168
51.0 1.131224
51.5 1.074144
52.0 0.991856
52.5 1.003648
53.0 1.211432
53.5 1.163976
54.0 1.168488
54.5 1.153344
55.0 1.06812
55.5 1.04752
56.0 1.08732
56.5 1.075088
57.0 1.16052
57.5 1.142128
58.0 1.070064
58.5 1.057216
59.0 1.035224
59.5 1.025184
60.0 1.176096
60.5 1.188752
61.0 1.258648
61.5 1.2096
62.0 1.14112
62.5 1.139112
63.0 1.169912
63.5 1.186152
64.0 1.128784
64.5 1.13008
65.0 1.119488
65.5 1.112912
66.0 1.196392
66.5 1.187888
67.0 1.098024
67.5 1.080224
68.0 1.181568
68.5 1.140728
69.0 1.012176
69.5 0.977008
70.0 1.332944
70.5 1.320016
71.0 1.025616
71.5 1.013536
72.0 1.21744
72.5 1.191152
73.0 1.039088
73.5 1.023616
74.0 1.114648
74.5 1.103032
75.0 1.03104
75.5 1.01704
76.0 1.169208
76.5 1.148272
77.0 1.281896
77.5 1.265456
78.0 0.992688
78.5 1.077072
79.0 1.153968
79.5 1.047488
80.0 1.169368
80.5 1.108304
81.0 1.215648
81.5 1.149264
82.0 1.037568
82.5 1.021984
83.0 1.19208
83.5 1.18248
84.0 1.130656
84.5 1.118416
85.0 1.265504
85.5 1.248528
86.0 0.960128
86.5 0.951768
87.0 1.206136
87.5 1.182736
88.0 1.190704
88.5 1.11456
89.0 1.24764
89.5 1.237232
90.0 1.132992
90.5 1.171424
91.0 1.089016
91.5 1.048
92.0 1.036832
92.5 1.016928
93.0 1.146208
93.5 1.118624
94.0 1.065232
94.5 1.049776
95.0 1.273568
95.5 1.25072
96.0 1.135816
96.5 1.129488
97.0 1.066008
97.5 1.037056
98.0 1.213592
98.5 1.193168
99.0 1.010664
99.5 0.992912
100.0 1.115024
100.5 1.09528
101.0 1.244808
101.5 1.218504
102.0 1.031936
102.5 1.018144
103.0 1.211856
103.5 1.209184
104.0 1.119024
104.5 1.094864
105.0 1.151584
105.5 1.143872
106.0 1.055184
106.5 1.038496
107.0 1.081328
107.5 1.064024
108.0 1.145408
108.5 1.063328
109.0 1.21016
109.5 1.187344
110.0 1.080656
110.5 1.022424
111.0 1.169224
111.5 1.109536
112.0 1.086776
112.5 1.084848
113.0 1.276184
113.5 1.236544
114.0 1.076392
114.5 1.062064
115.0 1.1478
115.5 1.112144
116.0 1.125272
116.5 1.10352
117.0 1.332752
117.5 1.319824
118.0 1.159136
118.5 1.14792
119.0 1.279352
119.5 1.224904
120.0 1.103376
120.5 1.089104
121.0 1.239736
121.5 1.221824
122.0 1.107088
122.5 1.088272
123.0 1.233872
123.5 1.208608
124.0 1.018536
124.5 1.01424
125.0 1.25864
125.5 1.226624
126.0 1.712192
126.5 1.669888
127.0 0.747416
127.5 0.723344
128.0 1.163416
128.5 1.083024
129.0 0.881504
129.5 0.826784
130.0 0.968
130.5 0.952336
131.0 1.3222
131.5 1.285296
132.0 1.23048
132.5 1.1924
133.0 1.073792
133.5 1.064864
134.0 0.877336
134.5 0.840488
135.0 1.529216
135.5 1.491712
136.0 0.98368
136.5 0.966688
137.0 1.033032
137.5 1.124128
138.0 1.16408
138.5 1.034144
139.0 1.08536
139.5 1.07376
140.0 1.361568
140.5 1.280264
141.0 1.170344
141.5 1.098368
142.0 1.589328
142.5 1.594496
143.0 0.85568
143.5 0.801904
144.0 1.047576
144.5 1.025072
145.0 0.922512
145.5 0.892624
146.0 1.366944
146.5 1.331872
147.0 0.788968
147.5 0.774224
148.0 1.308488
148.5 1.226064
149.0 1.066568
149.5 1.039728
150.0 1.33236
150.5 1.3068
151.0 0.941176
151.5 0.920176
152.0 1.209672
152.5 1.186488
153.0 1.092216
153.5 1.0768
154.0 1.32972
154.5 1.307072
155.0 1.128176
155.5 1.105856
156.0 1.093712
156.5 1.070064
157.0 1.350624
157.5 1.326864
158.0 1.11912
158.5 1.09568
159.0 0.948576
159.5 0.940384
160.0 1.161024
160.5 1.134112
161.0 1.050624
161.5 1.035248
162.0 1.23316
162.5 1.195584
163.0 0.963008
163.5 0.952816
164.0 1.322816
164.5 1.30416
165.0 1.036872
165.5 1.024624
166.0 1.0096
166.5 0.998416
167.0 1.081312
167.5 1.067496
168.0 1.148352
168.5 1.067664
169.0 0.919264
169.5 0.91288
170.0 1.492736
170.5 1.421376
171.0 1.234888
171.5 1.170656
172.0 0.9806
172.5 1.002512
173.0 1.16508
173.5 1.114728
174.0 1.302112
174.5 1.27224
175.0 1.048344
175.5 1.032592
176.0 1.156328
176.5 1.13896
177.0 1.024832
177.5 1.032304
178.0 1.045952
178.5 1.034592
179.0 1.112408
179.5 1.092016
180.0 1.09336
180.5 1.106728
181.0 1.081672
181.5 1.066616
182.0 1.021168
182.5 1.129848
183.0 1.112528
183.5 1.187384
184.0 1.162816
184.5 1.3414
185.0 1.316288
185.5 1.123376
186.0 1.109632
186.5 1.054128
187.0 1.077304
187.5 1.032464
188.0 0.983408
188.5 1.301112
189.0 1.278496
189.5 1.19432
190.0 1.177232
190.5 1.068496
191.0 1.060784
191.5 1.281376
192.0 1.263664
192.5 1.047384
193.0 1.0272
193.5 0.98104
194.0 0.967136
194.5 1.237632
195.0 1.220976
195.5 1.162136
196.0 1.088496
196.5 1.235568
197.0 1.214672
197.5 1.306896
198.0 1.278944
198.5 0.967424
199.0 0.959784
199.5 0.955056
200.0 0.961024
200.5 1.250784
201.0 1.215056
201.5 1.001344
202.0 0.987728
202.5 1.194312
203.0 1.177856
203.5 1.121296
204.0 1.104368
204.5 1.414624
205.0 1.431744
205.5 1.112784
206.0 1.099936
206.5 1.205584
207.0 1.191504
207.5 1.111784
208.0 1.026304
208.5 1.21836
209.0 1.155072
209.5 1.134448
210.0 1.114208
210.5 1.266544
211.0 1.246384
211.5 0.890928
212.0 0.880768
212.5 1.118736
213.0 1.101152
213.5 1.00736
214.0 0.99284
214.5 1.151808
215.0 1.139472
215.5 1.469728
216.0 1.388928
216.5 1.14344
217.0 1.123104
217.5 1.054336
218.0 1.045104
218.5 1.323864
219.0 1.29712
219.5 1.113056
220.0 1.098296
220.5 1.23448
221.0 1.215504
221.5 1.060784
222.0 1.037808
222.5 1.252416
223.0 1.231792
223.5 1.013128
224.0 0.9904
224.5 1.263728
225.0 1.213232
225.5 1.204032
226.0 1.185136
226.5 1.231096
227.0 1.214704
227.5 0.942616
228.0 0.921568
228.5 1.091888
229.0 1.078416
229.5 0.894608
230.0 0.886528
230.5 1.283088
231.0 1.252944
231.5 0.831056
232.0 0.82316
232.5 1.420304
233.0 1.39496
233.5 1.07208
234.0 1.055808
234.5 1.22408
235.0 1.206096
235.5 1.01528
236.0 0.946176
236.5 1.10128
237.0 1.081552
237.5 1.267328
238.0 1.240048
238.5 1.17932
239.0 1.04736
239.5 0.969776
240.0 0.970656
240.5 1.36872
241.0 1.300128
241.5 1.095712
242.0 1.067232
242.5 1.141888
243.0 1.12376
243.5 1.089224
244.0 1.076192
244.5 1.076096
245.0 1.075696
245.5 1.126648
246.0 1.080496
246.5 1.151456
247.0 1.13028
247.5 1.194576
248.0 1.169712
248.5 1.11436
249.0 1.085968
249.5 1.157648
250.0 1.144096
250.5 1.1392
251.0 1.125424
251.5 1.165216
252.0 1.144304
252.5 1.05008
253.0 1.049368
253.5 1.121104
254.0 1.0948
254.5 1.009072
255.0 0.996272
255.5 1.293896
256.0 1.21464
256.5 1.316208
257.0 1.29784
257.5 1.13904
258.0 1.12056
258.5 0.985984
259.0 0.974416
259.5 1.176672
260.0 1.161184
260.5 1.12096
261.0 1.099456
261.5 1.122
262.0 1.107728
262.5 1.060288
263.0 1.04576
263.5 1.117824
264.0 1.102112
264.5 1.036952
265.0 1.029048
265.5 1.214816
266.0 1.188992
266.5 1.078608
267.0 1.066528
267.5 1.120024
268.0 1.093552
268.5 1.163784
269.0 1.088288
269.5 1.137168
270.0 1.126
270.5 1.154064
271.0 1.138128
271.5 1.090096
272.0 1.070896
272.5 1.046736
273.0 1.031072
273.5 1.471504
274.0 1.451616
274.5 0.961664
275.0 0.948576
275.5 1.049568
276.0 0.994896
276.5 1.101104
277.0 1.072
277.5 1.268736
278.0 1.248512
278.5 1.14928
279.0 1.118464
279.5 1.019872
280.0 1.044232
280.5 1.31096
281.0 1.280256
281.5 1.73116
282.0 1.63448
282.5 0.8058
283.0 0.7872
283.5 0.986968
284.0 0.966176
284.5 0.960912
285.0 0.96136
285.5 1.162376
286.0 1.13404
286.5 1.157416
287.0 1.122256
287.5 1.401664
288.0 1.427424
288.5 0.985888
289.0 0.893824
289.5 0.988248
290.0 0.97784
290.5 1.136392
291.0 1.111104
291.5 1.075888
292.0 1.086672
292.5 1.050064
293.0 1.010512
293.5 1.105536
294.0 1.209472
294.5 1.229792
295.0 1.078224
295.5 1.143312
296.0 1.08536
296.5 1.061472
297.0 1.053808
297.5 1.296888
298.0 1.252744
298.5 1.282128
299.0 1.180448
299.5 1.175776
300.0 1.15976
300.5 1.012184
301.0 0.995472
301.5 1.311608
302.0 1.287744
302.5 1.193304
303.0 1.170064
303.5 1.112
304.0 1.088192
304.5 1.052136
305.0 1.040176
305.5 1.054496
306.0 1.0532
306.5 1.243144
307.0 1.225408
307.5 0.999392
308.0 0.983088
308.5 1.12412
309.0 1.095376
309.5 1.239912
310.0 1.19288
310.5 1.186144
311.0 1.171488
311.5 1.223008
312.0 1.193328
312.5 0.997296
313.0 0.982136
313.5 1.004
314.0 1.027952
314.5 1.197232
315.0 1.139968
315.5 1.131128
316.0 1.06272
316.5 1.299008
317.0 1.273888
317.5 1.107328
318.0 1.097344
318.5 1.182928
319.0 1.172664
319.5 1.013808
320.0 1.010944
320.5 1.101792
321.0 1.067136
321.5 1.1128
322.0 1.10264
322.5 1.119968
323.0 1.103056
323.5 1.070224
324.0 1.140624
324.5 1.227808
325.0 1.135312
325.5 1.579936
326.0 1.526736
326.5 0.888144
327.0 0.880368
327.5 1.21572
328.0 1.150704
328.5 1.311768
329.0 1.254592
329.5 1.104288
330.0 1.093472
330.5 1.169424
331.0 1.157992
331.5 1.106992
332.0 1.08568
332.5 1.231008
333.0 1.20608
333.5 1.116504
334.0 1.090032
334.5 1.15092
335.0 1.124976
335.5 1.899456
336.0 1.799552
336.5 0.703392
337.0 0.688256
337.5 0.86004
338.0 0.847456
338.5 1.037952
339.0 1.014128
339.5 1.032648
340.0 1.012432
340.5 1.038168
341.0 1.020768
341.5 0.962368
342.0 0.9536
342.5 1.31844
343.0 1.358912
343.5 1.22772
344.0 1.152016
344.5 1.101232
345.0 1.088896
345.5 1.102128
346.0 1.083128
346.5 0.947512
347.0 0.922016
347.5 1.640224
348.0 1.59976
348.5 0.963512
349.0 0.937184
349.5 0.947976
350.0 0.929888
350.5 1.813992
351.0 1.765312
351.5 0.861464
352.0 0.879288
352.5 1.036776
353.0 0.981712
353.5 0.936008
354.0 0.952208
354.5 1.469312
355.0 1.450208
355.5 0.896136
356.0 0.796112
356.5 1.014624
357.0 1.006048
357.5 1.295808
358.0 1.236896
358.5 1.024672
359.0 0.981168
359.5 1.09804
360.0 0.895792
360.5 1.35024
361.0 1.30944
361.5 1.000656
362.0 0.996688
362.5 1.216976
363.0 1.198544
363.5 1.17068
364.0 1.11032
364.5 1.162952
365.0 1.106928
365.5 1.158816
366.0 1.149664
366.5 1.214832
367.0 1.186528
367.5 1.11864
368.0 1.104576
368.5 1.157184
369.0 1.142976
369.5 1.006048
370.0 1.011768
370.5 1.22396
371.0 1.179888
371.5 1.153528
372.0 1.078768
372.5 1.17348
373.0 1.151808
373.5 1.174208
374.0 1.153232
374.5 1.114968
375.0 1.092336
375.5 1.082696
376.0 1.061096
376.5 1.19648
377.0 1.224976
377.5 1.125976
378.0 1.05144
378.5 1.174672
379.0 1.140808
379.5 1.129344
380.0 1.153776
380.5 1.179408
381.0 1.124352
381.5 1.15992
382.0 1.132816
382.5 1.312848
383.0 1.301936
383.5 0.89464
384.0 0.883344
384.5 1.62608
385.0 1.596784
385.5 1.357976
386.0 1.350736
386.5 0.8818
387.0 0.847664
387.5 0.88808
388.0 0.878456
388.5 1.042032
389.0 1.0828
389.5 1.001696
390.0 0.937008
390.5 1.211232
391.0 1.203168
391.5 1.179872
392.0 1.109824
392.5 1.131
393.0 1.115648
393.5 1.192888
394.0 1.172424
394.5 1.291624
395.0 1.149456
395.5 1.12908
396.0 1.111344
396.5 1.13512
397.0 1.094736
397.5 1.138104
398.0 1.102256
398.5 1.087592
399.0 1.062704
399.5 1.101256
400.0 1.111632
400.5 1.256
401.0 1.185584
401.5 1.098848
402.0 1.085664
402.5 1.276112
403.0 1.261064
403.5 0.949672
404.0 0.944176
404.5 1.173888
405.0 1.1648
405.5 1.064672
406.0 1.063344
406.5 1.11296
407.0 1.111216
407.5 1.11416
408.0 1.095216
408.5 1.190512
409.0 1.151848
409.5 1.046304
410.0 1.0292
410.5 1.072328
411.0 1.101584
411.5 1.0764
412.0 0.99536
412.5 1.208544
413.0 1.77016
413.5 1.628992
414.0 1.00368
414.5 0.952992
415.0 0.898304
415.5 1.058976
416.0 1.04744
416.5 1.106368
417.0 1.071632
417.5 0.927632
418.0 0.918016
418.5 1.116272
419.0 1.108752
419.5 1.306912
420.0 1.295744
420.5 1.0226
421.0 1.007928
421.5 1.20928
422.0 1.192
422.5 1.076272
423.0 1.063552
423.5 1.222632
424.0 1.142896
424.5 1.073464
425.0 1.01616
425.5 1.271504
426.0 1.263616
426.5 1.098848
427.0 1.100048
427.5 1.215328
428.0 1.182608
428.5 1.11056
429.0 1.092656
429.5 1.009136
430.0 0.993888
430.5 1.229056
431.0 1.20552
431.5 1.11328
432.0 1.059776
432.5 1.058192
433.0 1.063344
433.5 1.282776
434.0 1.239168
434.5 1.13752
435.0 1.087824
435.5 1.201616
436.0 1.193192
436.5 1.093056
437.0 1.113728
437.5 1.149584
438.0 1.099488
438.5 1.109392
439.0 1.098768
439.5 1.142432
440.0 1.11744
440.5 1.085672
441.0 1.085728
441.5 1.111656
442.0 1.070952
442.5 0.970264
443.0 0.95288
443.5 1.286464
444.0 1.270848
444.5 1.072528
445.0 1.06
445.5 1.145232
446.0 1.132176
446.5 1.097104
447.0 1.07536
447.5 1.124784
448.0 1.105888
448.5 1.064832
449.0 1.070928
449.5 1.064672
450.0 1.031168
450.5 1.232464
451.0 1.22872
451.5 1.23856
452.0 1.175792
452.5 1.124144
453.0 1.113168
453.5 1.110832
454.0 1.053792
454.5 1.095816
455.0 1.065488
455.5 1.190776
456.0 1.13664
456.5 1.172088
457.0 1.161328
457.5 1.161864
458.0 1.148
458.5 1.069504
459.0 1.062304
459.5 1.28308
460.0 1.27344
460.5 1.107264
461.0 1.09864
461.5 1.068408
462.0 1.057856
462.5 0.975568
463.0 1.017104
463.5 1.349752
464.0 1.27776
464.5 1.125296
465.0 1.113072
465.5 1.0708
466.0 1.05664
466.5 1.053024
467.0 1.037088
467.5 1.252528
468.0 1.239328
468.5 1.16896
469.0 1.15364
469.5 1.04248
470.0 1.068064
470.5 1.176936
471.0 1.130512
471.5 1.154464
472.0 1.064384
472.5 1.288672
473.0 1.270608
473.5 0.985264
474.0 0.97752
474.5 1.206936
475.0 1.149112
475.5 1.0924
476.0 1.116496
476.5 1.211136
477.0 1.146656
477.5 1.145552
478.0 1.128144
478.5 1.027456
479.0 1.016256
479.5 1.100352
480.0 1.082
480.5 1.228728
481.0 1.210752
481.5 1.105072
482.0 1.091104
482.5 1.253184
483.0 1.24152
483.5 1.10148
484.0 1.041296
484.5 1.139584
485.0 1.076016
485.5 1.121056
486.0 1.099712
486.5 1.244992
487.0 1.225496
487.5 0.967168
488.0 0.960608
488.5 1.284384
489.0 1.267376
489.5 1.066512
490.0 1.037136
490.5 1.207776
491.0 1.166432
491.5 1.089016
492.0 1.013968
492.5 1.20052
493.0 1.166864
493.5 1.128112
494.0 1.10608
494.5 1.228472
495.0 1.224
495.5 0.998104
496.0 0.971984
496.5 1.219064
497.0 1.201696
497.5 0.953368
498.0 0.940096
498.5 1.23264
499.0 1.207456
499.5 1.123952
500.0 1.111856
500.5 1.215408
501.0 1.242256
501.5 1.160192
502.0 1.122104
502.5 1.280224
503.0 1.242656
503.5 1.106992
504.0 1.095488
504.5 1.215984
505.0 1.19824
505.5 1.047232
506.0 1.03576
506.5 1.199088
507.0 1.16752
507.5 1.035024
508.0 1.027912
508.5 1.169712
509.0 1.186864
509.5 1.22312
510.0 1.34432
510.5 1.589616
511.0 1.475904
511.5 0.873472
512.0 0.806208
512.5 1.270512
513.0 1.245872
513.5 0.775456
514.0 0.728456
514.5 1.397656
515.0 1.308592
515.5 1.047168
516.0 1.154
516.5 1.31284
517.0 1.185616
517.5 0.862872
518.0 0.820992
518.5 1.027352
519.0 0.999504
519.5 1.321816
520.0 1.3062
520.5 1.135464
521.0 1.166704
521.5 0.956464
522.0 0.904096
522.5 1.48664
523.0 1.460448
523.5 0.755336
524.0 0.736304
524.5 1.535616
525.0 1.50576
525.5 1.225808
526.0 1.218656
526.5 0.734312
527.0 0.712448
527.5 0.938152
528.0 0.923328
528.5 1.145552
529.0 1.120592
529.5 1.154272
530.0 1.182992
530.5 1.191096
531.0 1.13024
531.5 1.257808
532.0 1.191168
532.5 1.21856
533.0 1.187536
533.5 0.919136
534.0 0.9188
534.5 1.164272
535.0 1.15132
535.5 1.151728
536.0 1.107776
536.5 1.159528
537.0 1.141984
537.5 0.831616
538.0 0.861072
538.5 1.311272
539.0 1.241184
539.5 0.956976
540.0 1.159848
540.5 1.15732
541.0 1.196864
541.5 1.26684
542.0 1.2056
542.5 1.261976
543.0 1.225472
543.5 1.004376
544.0 0.995904
544.5 1.166808
545.0 1.178416
545.5 1.336824
546.0 1.238064
546.5 1.259912
547.0 1.17728
547.5 1.346296
548.0 1.294416
548.5 1.392296
549.0 1.36936
549.5 1.005976
550.0 0.997168
550.5 1.212696
551.0 1.206336
551.5 1.46804
552.0 1.412616
552.5 1.190088
553.0 1.209792
553.5 1.329896
554.0 1.269696
554.5 1.423104
555.0 1.356064
555.5 1.12312
556.0 1.130368
556.5 1.14336
557.0 1.120392
557.5 1.326072
558.0 1.287344
558.5 1.278928
559.0 1.262096
559.5 1.175768
560.0 1.170752
560.5 1.124544
561.0 1.13932
561.5 1.22424
562.0 1.202512
562.5 1.16112
563.0 1.151088
563.5 1.1884
564.0 1.211104
564.5 1.194992
565.0 1.18144
565.5 1.408536
566.0 1.343088
566.5 1.208256
567.0 1.105232
567.5 1.505176
568.0 1.453104
568.5 0.768936
569.0 1.263536
569.5 2.193488
570.0 1.454512
570.5 1.212504
571.0 1.311584
571.5 1.405232
572.0 1.235216
572.5 0.793424
573.0 0.76788
573.5 1.397376
574.0 1.3756
574.5 1.384904
575.0 1.329232
575.5 1.062912
576.0 1.24984
576.5 1.593664
577.0 1.312912
577.5 1.19056
578.0 1.163664
578.5 1.134632
579.0 1.109616
579.5 1.316552
580.0 1.309632
580.5 0.958968
581.0 0.864624
581.5 1.392784
582.0 1.36064
582.5 1.181704
583.0 1.164496
583.5 0.813352
584.0 1.281632
584.5 2.226848
585.0 1.548192
585.5 0.83992
586.0 1.251776
586.5 1.3212
587.0 1.191072
587.5 0.67692
588.0 1.17696
588.5 1.599568
589.0 1.09904
589.5 0.966872
590.0 1.300016
590.5 1.762408
591.0 1.442976
591.5 0.773752
592.0 1.150432
592.5 0.82116
593.0 1.083312
593.5 0.595592
594.0 1.107872
594.5 1.507664
595.0 1.281632
595.5 0.82236
596.0 1.187792
596.5 1.46
597.0 1.501904
597.5 1.158352
598.0 1.065872
598.5 0.60236
599.0 0.975392
599.5 0.568392
600.0 1.339024
600.5 0.640192
601.0 1.22976
601.5 0.667704
602.0 1.370672
602.5 0.95508
603.0 1.213344
603.5 0.63536
604.0 0.995072
604.5 1.705008
605.0 1.392816
605.5 1.162256
606.0 1.103944
606.5 0.765704
607.0 1.007504
607.5 0.990832
608.0 1.220752
608.5 0.965104
609.0 1.19384
609.5 0.799312
610.0 1.183648
610.5 1.535392
611.0 1.33928
611.5 0.762896
612.0 1.161664
612.5 1.435136
613.0 1.351392
613.5 0.731056
614.0 1.163968
614.5 0.71176
615.0 1.289264
615.5 0.67772
616.0 1.177856
616.5 1.57464
617.0 1.477344
617.5 1.02052
618.0 0.98584
618.5 1.029272
619.0 1.197472
619.5 1.163928
620.0 1.111568
620.5 1.516344
621.0 1.297488
621.5 0.934296
622.0 1.128256
622.5 1.1876
623.0 1.412272
623.5 0.931576
624.0 1.17776
624.5 1.2336
625.0 1.3516
625.5 1.117752
626.0 1.113856
626.5 1.549128
627.0 1.342864
627.5 0.734648
628.0 1.234672
628.5 0.657752
629.0 1.27032
629.5 0.692472
630.0 1.14888
630.5 1.234728
631.0 1.193376
631.5 0.619144
632.0 1.14056
632.5 1.143648
633.0 1.437392
633.5 1.195328
634.0 1.035936
634.5 0.94136
635.0 1.122352
635.5 0.617792
636.0 1.197056
636.5 1.21308
637.0 1.421216
637.5 1.44432
638.0 1.358192
638.5 0.757688
639.0 1.03204
639.5 0.73132
640.0 1.35824
640.5 0.438184
641.0 1.321696
641.5 0.626632
642.0 1.189152
642.5 0.444856
643.0 1.329376
643.5 0.867336
644.0 1.323728
644.5 0.575752
645.0 1.01864
645.5 0.7916
646.0 1.148528
646.5 1.055136
647.0 1.315904
647.5 0.73912
648.0 0.922432
648.5 0.492096
649.0 1.228144
649.5 0.692568
650.0 1.235648
650.5 0.495928
651.0 1.237328
651.5 0.746352
652.0 1.222016
652.5 0.468384
653.0 1.268368
653.5 0.686416
654.0 1.121856
654.5 0.39232
655.0 1.379984
655.5 0.886304
656.0 1.5536
656.5 1.556248
657.0 1.290224
657.5 0.48772
658.0 1.012208
658.5 0.507944
659.0 1.182528
659.5 1.379656
660.0 1.252752
660.5 1.362
661.0 1.250816
661.5 0.836632
662.0 1.10104
662.5 0.621256
663.0 1.091744
663.5 1.759528
664.0 1.3864
664.5 0.715064
665.0 0.986048
665.5 1.011416
666.0 1.34456
666.5 1.140776
667.0 1.554704
667.5 0.982424
668.0 0.939408
668.5 0.866696
669.0 1.359856
669.5 1.50116
670.0 1.21968
670.5 0.653256
671.0 1.038736
671.5 0.795464
672.0 1.308456
672.5 0.7228
673.0 1.056656
673.5 0.53032
674.0 1.347136
674.5 2.378616
675.0 1.09592
675.5 1.526176
676.0 1.3706
676.5 0.566096
677.0 1.341232
677.5 1.431592
678.0 1.3704
678.5 0.6774
679.0 1.076336
679.5 1.468616
680.0 1.298368
680.5 1.053568
681.0 1.172448
681.5 1.466952
682.0 1.305328
682.5 1.061208
683.0 1.038448
683.5 1.048776
684.0 1.111776
684.5 1.68632
685.0 1.55308
685.5 1.390624
686.0 1.274904
686.5 0.793832
687.0 0.975848
687.5 1.023208
688.0 1.491912
688.5 1.146464
689.0 1.06688
689.5 1.024048
690.0 1.009536
690.5 0.723712
691.0 1.303288
691.5 1.052032
692.0 1.299488
692.5 1.007704
693.0 1.172736
693.5 1.32384
694.0 1.193264
694.5 1.168584
695.0 1.241248
695.5 1.434216
696.0 1.305952
696.5 1.176864
697.0 1.120832
697.5 1.103632
698.0 1.409504
698.5 1.909696
699.0 1.435872
699.5 1.332184
700.0 1.275072
700.5 1.005448
701.0 1.119168
701.5 1.3636
702.0 1.244544
702.5 1.294392
703.0 1.23952
703.5 0.654472
704.0 1.365024
704.5 1.96748
705.0 1.221184
705.5 1.4478
706.0 1.287696
706.5 1.155912
707.0 1.051712
707.5 1.39284
708.0 1.319552
708.5 1.13788
709.0 1.103104
709.5 1.209216
710.0 1.162496
710.5 1.141608
711.0 1.14552
711.5 0.8486
712.0 1.337816
712.5 1.864848
713.0 1.279104
713.5 0.847336
714.0 1.317088
714.5 1.906592
715.0 1.59544
715.5 1.126968
716.0 1.155056
716.5 1.670888
717.0 1.072672
717.5 0.884744
718.0 1.175256
718.5 1.521528
719.0 1.308352
719.5 1.500904
720.0 1.169208
720.5 1.148272
721.0 1.281896
721.5 1.265456
722.0 0.992688
722.5 1.077072
723.0 1.153968
723.5 1.047488
724.0 1.169368
724.5 1.108304
725.0 1.215648
725.5 1.149264
726.0 1.037568
726.5 1.021984
727.0 1.19208
727.5 1.18248
728.0 1.130656
728.5 1.118416
729.0 1.265504
729.5 1.248528
730.0 0.960128
730.5 0.951768
731.0 1.206136
731.5 1.182736
732.0 1.190704
732.5 1.11456
733.0 1.24764
733.5 1.237232
734.0 1.132992
734.5 1.171424
735.0 1.089016
735.5 1.048
736.0 1.036832
736.5 1.016928
737.0 1.146208
737.5 1.118624
738.0 1.065232
738.5 1.049776
739.0 1.273568
739.5 1.25072
740.0 1.135816
740.5 1.129488
741.0 1.066008
741.5 1.037056
742.0 1.213592
742.5 1.193168
743.0 1.010664
743.5 0.992912
744.0 1.115024
744.5 1.09528
745.0 1.244808
745.5 1.218504
746.0 1.031936
746.5 1.018144
747.0 1.211856
747.5 1.209184
748.0 1.119024
748.5 1.094864
749.0 1.151584
749.5 1.143872
750.0 1.055184
750.5 1.038496
751.0 1.081328
751.5 1.064024
752.0 1.145408
752.5 1.063328
753.0 1.21016
753.5 1.187344
754.0 1.080656
754.5 1.022424
755.0 1.169224
755.5 1.109536
756.0 1.086776
756.5 1.084848
757.0 1.276184
757.5 1.236544
758.0 1.076392
758.5 1.062064
759.0 1.1478
759.5 1.112144
760.0 1.125272
760.5 1.10352
761.0 1.332752
761.5 1.319824
762.0 1.159136
762.5 1.14792
763.0 1.279352
763.5 1.224904
764.0 1.103376
764.5 1.089104
765.0 1.239736
765.5 1.221824
766.0 1.107088
766.5 1.088272
767.0 1.233872
767.5 1.208608
768.0 1.018536
768.5 1.01424
769.0 1.25864
769.5 1.226624
770.0 1.712192
770.5 1.669888
771.0 0.747416
771.5 0.723344
772.0 1.163416
772.5 1.083024
773.0 0.881504
773.5 0.826784
774.0 0.968
774.5 0.952336
775.0 1.3222
775.5 1.285296
776.0 1.23048
776.5 1.1924
777.0 1.073792
777.5 1.064864
778.0 0.877336
778.5 0.840488
779.0 1.529216
779.5 1.491712
780.0 0.98368
780.5 0.966688
781.0 1.033032
781.5 1.124128
782.0 1.16408
782.5 1.034144
783.0 1.08536
783.5 1.07376
784.0 1.361568
784.5 1.280264
785.0 1.170344
785.5 1.098368
786.0 1.589328
786.5 1.594496
787.0 0.85568
787.5 0.801904
788.0 1.047576
788.5 1.025072
789.0 0.922512
789.5 0.892624
790.0 1.366944
790.5 1.331872
791.0 0.788968
791.5 0.774224
792.0 1.308488
792.5 1.226064
793.0 1.066568
793.5 1.039728
794.0 1.33236
794.5 1.3068
795.0 0.941176
795.5 0.920176
796.0 1.209672
796.5 1.186488
797.0 1.092216
797.5 1.0768
798.0 1.32972
798.5 1.307072
799.0 1.128176
799.5 1.105856
800.0 1.093712
800.5 1.070064
801.0 1.350624
801.5 1.326864
802.0 1.11912
802.5 1.09568
803.0 0.948576
803.5 0.940384
804.0 1.161024
804.5 1.134112
805.0 1.050624
805.5 1.035248
806.0 1.23316
806.5 1.195584
807.0 0.963008
807.5 0.952816
808.0 1.322816
808.5 1.30416
809.0 1.036872
809.5 1.024624
810.0 1.0096
810.5 0.998416
811.0 1.081312
811.5 1.067496
812.0 1.148352
812.5 1.067664
813.0 0.919264
813.5 0.91288
814.0 1.492736
814.5 1.421376
815.0 1.234888
815.5 1.170656
816.0 0.9806
816.5 1.002512
817.0 1.16508
817.5 1.114728
818.0 1.302112
818.5 1.27224
819.0 1.048344
819.5 1.032592
820.0 1.156328
820.5 1.13896
821.0 1.024832
821.5 1.032304
822.0 1.045952
822.5 1.034592
823.0 1.112408
823.5 1.092016
824.0 1.269616
824.5 1.221008
825.0 1.014072
825.5 0.996352
826.0 1.226496
826.5 1.201216
827.0 1.103328
827.5 1.086688
828.0 1.049064
828.5 1.030176
829.0 1.13736
829.5 1.11812
830.0 1.09068
830.5 1.079712
831.0 1.269136
831.5 1.242032
832.0 1.2528
832.5 1.175872
833.0 1.067696
833.5 1.047168
834.0 1.240008
834.5 1.21856
835.0 1.029632
835.5 1.016016
836.0 0.99976
836.5 0.981552
837.0 1.567904
837.5 1.531936
838.0 0.98816
838.5 0.980928
839.0 0.910448
839.5 0.897312
840.0 1.166472
840.5 1.143024
841.0 1.146968
841.5 1.122912
842.0 1.193424
842.5 1.177872
843.0 1.08176
843.5 1.070624
844.0 1.15444
844.5 1.085688
845.0 1.208008
845.5 1.11856
846.0 1.087944
846.5 1.110848
847.0 1.05248
847.5 1.032544
848.0 1.282368
848.5 1.236704
849.0 1.237632
849.5 1.205184
850.0 1.09296
850.5 1.127032
851.0 1.139456
851.5 1.089296
852.0 1.424752
852.5 1.351424
853.0 0.956472
853.5 0.938768
854.0 1.232464
854.5 1.218032
855.0 1.185784
855.5 1.176656
856.0 0.965008
856.5 0.951072
857.0 1.10936
857.5 1.09456
858.0 1.096504
858.5 1.076208
859.0 1.15616
859.5 1.141776
860.0 1.124376
860.5 1.107264
861.0 1.009888
861.5 1.00528
862.0 1.344048
862.5 1.298504
863.0 1.030456
863.5 1.016256
864.0 1.078312
864.5 1.0576
865.0 0.846896
865.5 0.980064
866.0 0.614336
866.5 1.1712
867.0 0.723064
867.5 1.104
868.0 1.008656
868.5 1.163344
869.0 1.1436
869.5 1.113328
870.0 1.231688
870.5 1.20024
871.0 1.175792
871.5 1.150752
872.0 1.372832
872.5 1.292448
873.0 1.04308
873.5 1.026032
874.0 1.255696
874.5 1.159624
875.0 0.98676
875.5 0.933328
876.0 1.191712
876.5 1.1704
877.0 1.056584
877.5 1.047784
878.0 1.01284
878.5 0.996816
879.0 1.27572
879.5 1.252592
880.0 1.050104
880.5 1.032704
881.0 1.094288
881.5 1.078496
882.0 1.058168
882.5 1.04608
883.0 1.03644
883.5 1.012888
884.0 1.285832
884.5 1.25196
885.0 1.125968
885.5 1.100544
886.0 1.184632
886.5 1.167328
887.0 1.26248
887.5 1.269632
888.0 1.071096
888.5 1.031088
889.0 1.170672
889.5 1.121296
890.0 1.065872
890.5 1.059952
891.0 1.046304
891.5 1.032704
892.0 1.330368
892.5 1.250064
893.0 1.077952
893.5 1.06328
894.0 1.262136
894.5 1.23016
895.0 1.19808
895.5 1.167192
896.0 1.2254
896.5 1.205088
897.0 0.996568
897.5 0.980448
898.0 1.086896
898.5 1.086864
899.0 1.038256
899.5 1.015008
900.0 1.138032
900.5 1.095088
901.0 1.076
901.5 1.104136
902.0 1.087808
902.5 1.448312
903.0 1.428752
903.5 1.154904
904.0 1.14568
904.5 1.035704
905.0 1.028176
905.5 0.96672
906.0 0.952144
906.5 0.969776
907.0 0.9502
907.5 1.2604
908.0 1.246352
908.5 0.865496
909.0 0.853088
909.5 1.155064
910.0 1.1388
910.5 1.264928
911.0 1.240624
911.5 1.183728
912.0 1.165888
912.5 1.037528
913.0 1.023632
913.5 1.301912
914.0 1.278768
914.5 1.22816
915.0 1.213472
915.5 1.184992
916.0 1.107328
916.5 1.016016
917.0 1.008736
917.5 1.202016
918.0 1.177024
918.5 1.151304
919.0 1.131056
919.5 1.06384
920.0 1.04512
920.5 1.06976
921.0 1.052576
921.5 1.168984
922.0 1.15412
922.5 1.06728
923.0 1.046768
923.5 1.115344
924.0 1.09032
924.5 1.124848
925.0 1.106592
925.5 1.153376
926.0 1.123968
926.5 1.06768
927.0 1.045904
927.5 1.221376
928.0 1.154808
928.5 1.186984
929.0 1.1312
929.5 1.214176
930.0 1.197984
930.5 1.024104
931.0 1.030144
931.5 1.341752
932.0 1.30832
932.5 1.06736
933.0 1.049232
933.5 1.098512
934.0 1.083872
934.5 1.168704
935.0 1.151968
935.5 1.26024
936.0 1.20448
936.5 0.950968
937.0 0.911968
937.5 1.40876
938.0 1.376512
938.5 0.988096
939.0 0.974096
939.5 1.117656
940.0 1.065496
940.5 1.137648
941.0 1.125408
941.5 1.1592
942.0 1.208416
942.5 1.119296
943.0 1.047536
943.5 1.191144
944.0 1.16072
944.5 1.012224
945.0 0.998672
945.5 1.242056
946.0 1.210144
946.5 0.926872
947.0 0.902512
947.5 1.62876
948.0 1.580784
948.5 1.142384
949.0 1.094192
949.5 1.074992
950.0 1.049344
950.5 1.085856
951.0 1.066032
951.5 1.279048
952.0 1.288976
952.5 1.060616
953.0 1.004688
953.5 1.259968
954.0 1.242288
954.5 1.094912
955.0 1.092184
955.5 1.27352
956.0 1.193792
956.5 1.12932
957.0 1.077216
957.5 1.110256
958.0 1.079664
958.5 1.755896
959.0 1.645144
959.5 0.719936
960.0 0.723824
960.5 0.89152
961.0 0.857688
961.5 1.103688
962.0 1.104608
962.5 1.335232
963.0 1.288672
963.5 0.79236
964.0 0.991808
964.5 0.840808
965.0 1.22856
965.5 0.88068
966.0 1.32832
966.5 1.440632
967.0 0.824384
967.5 1.098064
968.0 1.082464
968.5 0.92244
969.0 0.961776
969.5 0.751904
970.0 0.967952
970.5 0.857168
971.0 1.467408
971.5 0.881216
972.0 1.096384
972.5 1.091296
973.0 0.874696
973.5 1.322688
974.0 1.299456
974.5 1.217136
975.0 1.200432
975.5 0.982856
976.0 0.935088
976.5 1.193104
977.0 1.15496
977.5 1.055824
978.0 1.03016
978.5 1.044256
979.0 1.009088
979.5 1.1732
980.0 1.162512
980.5 1.252528
981.0 1.230432
981.5 0.978992
982.0 0.958128
982.5 0.918976
983.0 1.029488
983.5 0.839616
984.0 1.338
984.5 0.924312
985.0 1.061856
985.5 0.96296
986.0 1.087904
986.5 1.186608
987.0 1.045744
987.5 1.335064
988.0 1.258984
988.5 1.263592
989.0 1.203008
989.5 0.989568
990.0 0.97808
990.5 0.875184
991.0 1.055344
991.5 1.088376
992.0 1.05544
992.5 0.631696
993.0 1.182176
993.5 0.737528
994.0 1.09844
994.5 1.18224
995.0 1.089456
995.5 1.222112
996.0 1.110688
996.5 1.230056
997.0 1.197184
997.5 1.043496
998.0 1.014448
998.5 1.096616
999.0 1.074848
999.5 1.054096
1000.0 1.027152
1000.5 1.097704
1001.0 1.07496
1001.5 1.183144
1002.0 1.162864
1002.5 1.315776
1003.0 1.259328
1003.5 1.015072
1004.0 0.992704
1004.5 1.21644
1005.0 1.203616
1005.5 1.190592
1006.0 1.172024
1006.5 1.056224
1007.0 1.04424
1007.5 1.250016
1008.0 1.230576
1008.5 1.373544
1009.0 1.347552
1009.5 0.917648
1010.0 0.918512
1010.5 1.043936
1011.0 1.018432
1011.5 1.006408
1012.0 0.991744
1012.5 1.019184
1013.0 0.99648
1013.5 1.244208
1014.0 1.223728
1014.5 1.110896
1015.0 1.102656
1015.5 1.248352
1016.0 1.169664
1016.5 1.055656
1017.0 1.044144
1017.5 1.140936
1018.0 1.084944
1018.5 1.123296
1019.0 1.101072
1019.5 1.15896
1020.0 1.09336
1020.5 1.106728
1021.0 1.081672
1021.5 1.066616
1022.0 1.021168
1022.5 1.129848
1023.0 1.112528
1023.5 1.187384
1024.0 1.162816
1024.5 1.3414
1025.0 1.316288
1025.5 1.123376
1026.0 1.109632
1026.5 1.054128
1027.0 1.077304
1027.5 1.032464
1028.0 0.983408
1028.5 1.301112
1029.0 1.278496
1029.5 1.19432
1030.0 1.177232
1030.5 1.068496
1031.0 1.060784
1031.5 1.281376
1032.0 1.263664
1032.5 1.047384
1033.0 1.0272
1033.5 0.98104
1034.0 0.967136
1034.5 1.237632
1035.0 1.220976
1035.5 1.162136
1036.0 1.088496
1036.5 1.235568
1037.0 1.214672
1037.5 1.306896
1038.0 1.278944
1038.5 0.967424
1039.0 0.959784
1039.5 0.955056
1040.0 0.961024
1040.5 1.250784
1041.0 1.215056
1041.5 1.001344
1042.0 0.987728
1042.5 1.194312
1043.0 1.177856
1043.5 1.121296
1044.0 1.104368
1044.5 1.414624
1045.0 1.431744
1045.5 1.112784
1046.0 1.099936
1046.5 1.205584
1047.0 1.191504
1047.5 1.111784
1048.0 1.026304
1048.5 1.21836
1049.0 1.155072
1049.5 1.134448
1050.0 1.114208
1050.5 1.266544
1051.0 1.246384
1051.5 0.890928
1052.0 0.880768
1052.5 1.118736
1053.0 1.101152
1053.5 1.00736
1054.0 0.99284
1054.5 1.151808
1055.0 1.139472
1055.5 1.469728
1056.0 1.388928
1056.5 1.14344
1057.0 1.123104
1057.5 1.054336
1058.0 1.045104
1058.5 1.323864
1059.0 1.29712
1059.5 1.113056
1060.0 1.098296
1060.5 1.23448
1061.0 1.215504
1061.5 1.060784
1062.0 1.037808
1062.5 1.252416
1063.0 1.231792
1063.5 1.013128
1064.0 0.9904
1064.5 1.263728
1065.0 1.213232
1065.5 1.204032
1066.0 1.185136
1066.5 1.231096
1067.0 1.214704
1067.5 0.942616
1068.0 0.921568
1068.5 1.091888
1069.0 1.078416
1069.5 0.894608
1070.0 0.886528
1070.5 1.283088
1071.0 1.252944
1071.5 0.831056
1072.0 0.82316
1072.5 1.420304
1073.0 1.39496
1073.5 1.07208
1074.0 1.055808
1074.5 1.22408
1075.0 1.206096
1075.5 1.01528
1076.0 0.946176
1076.5 1.10128
1077.0 1.081552
1077.5 1.267328
1078.0 1.240048
1078.5 1.17932
1079.0 1.04736
1079.5 0.969776
1080.0 1.23808
1080.5 1.268496
1081.0 1.169728
1081.5 1.06696
1082.0 1.092224
1082.5 1.106448
1083.0 1.103824
1083.5 1.031472
1084.0 1.300784
1084.5 1.273968
1085.0 1.065376
1085.5 1.036912
1086.0 1.186656
1086.5 1.184944
1087.0 1.011872
1087.5 1.067888
1088.0 1.193152
1088.5 1.070912
1089.0 1.149968
1089.5 1.108112
1090.0 1.126152
1090.5 1.204984
1091.0 1.170112
1091.5 1.078512
1092.0 1.097776
1092.5 1.133344
1093.0 1.261664
1093.5 1.10448
1094.0 1.091608
1094.5 0.88392
1095.0 1.061408
1095.5 1.130304
1096.0 1.429008
1096.5 1.199856
1097.0 0.426928
1097.5 0.286912
1098.0 0.416768
1098.5 0.277616
1099.0 0.393304
1099.5 0.132736
1100.0 0.117656
1100.5 0.116208
1101.0 0.378048
1101.5 0.13312
1102.0 0.118368
1102.5 0.100784
1103.0 0.222776
1103.5 0.100784
1104.0 0.105704
1104.5 0.1
1105.0 0.289888
1105.5 0.28692
1106.0 0.322856
1106.5 0.29248
1107.0 0.226192
1107.5 0.72624
1108.0 0.376392
1108.5 0.417056
1109.0 0.111152
1109.5 0.12152
1110.0 0.177904
1110.5 0.173824
1111.0 0.11516
1111.5 0.123208
1112.0 0.220544
1112.5 0.224768
1113.0 0.113392
1113.5 0.12152
1114.0 0.292264
1114.5 0.285712
1115.0 0.118608
1115.5 0.12152
1116.0 0.2096
1116.5 0.21064
1117.0 0.119504
1117.5 0.12328
1118.0 0.211856
1118.5 0.213824
1119.0 0.112128
1119.5 0.12024
1120.0 0.20896
1120.5 0.213808
1121.0 0.170176
1121.5 0.12648
1122.0 0.244312
1122.5 0.239248
1123.0 0.168216
1123.5 0.123224
1124.0 0.329944
1124.5 0.28504
1125.0 0.121008
1125.5 0.12152
1126.0 0.186808
1126.5 0.24712
1127.0 0.135448
1127.5 0.12152
1128.0 0.117416
1128.5 0.168368
1129.0 0.143304
1129.5 0.13604
1130.0 0.120408
1130.5 0.4008
1131.0 0.11468
1131.5 0.12152
1132.0 0.123424
1132.5 0.281808
1133.0 0.111152
1133.5 0.12152
1134.0 0.119976
1134.5 0.210608
1135.0 0.111904
1135.5 0.12152
1136.0 0.110656
1136.5 0.388032
1137.0 0.112168
1137.5 0.11224
1138.0 0.106408
1138.5 0.101688
1139.0 0.1
1139.5 0.1
1140.0 0.10204
1140.5 0.1
1141.0 0.160416
1141.5 0.1
1142.0 0.104224
1142.5 0.1
1143.0 0.104456
1143.5 0.1
1144.0 0.107088
1144.5 0.101688
1145.0 0.105728
1145.5 0.1
1146.0 1.14496
1146.5 0.147328
1147.0 0.125856
1147.5 0.143632
1148.0 0.104344
1148.5 0.110672
1149.0 0.106864
1149.5 0.281168
1150.0 1.014648
1150.5 1.036656
1151.0 1.071984
1151.5 1.05144
1152.0 1.093424
1152.5 1.10632
1153.0 1.157432
1153.5 1.102192
1154.0 1.29708
1154.5 1.125344
1155.0 1.063168
1155.5 1.130192
1156.0 1.33584
1156.5 1.24932
1157.0 1.01752
1157.5 0.997936
1158.0 1.127376
1158.5 1.077792
1159.0 1.198816
1159.5 1.183968
1160.0 1.179264
1160.5 1.176736
1161.0 1.125336
1161.5 1.091248
1162.0 0.743696
1162.5 1.057056
1163.0 0.717312
1163.5 1.21896
1164.0 0.891504
1164.5 1.057168
1165.0 0.831104
1165.5 1.144208
1166.0 0.944096
1166.5 1.03536
1167.0 1.091888
1167.5 1.047568
1168.0 1.041488
1168.5 1.003216
1169.0 1.201152
1169.5 1.28672
1170.0 1.167032
1170.5 1.161072
1171.0 1.227896
1171.5 1.115528
1172.0 0.95688
1172.5 1.007104
1173.0 1.146752
1173.5 1.051328
1174.0 1.147264
1174.5 1.159456
1175.0 1.285664
1175.5 1.117808
1176.0 1.28916
1176.5 1.289824
1177.0 1.080784
1177.5 1.166376
1178.0 1.100296
1178.5 1.08344
1179.0 1.014448
1179.5 0.97488
1180.0 1.38856
1180.5 1.477488
1181.0 1.292152
1181.5 1.150224
1182.0 0.966656
1182.5 0.926384
1183.0 1.023448
1183.5 0.97944
1184.0 1.194512
1184.5 1.14848
1185.0 0.989728
1185.5 0.986336
1186.0 1.465536
1186.5 1.475984
1187.0 1.137104
1187.5 1.15248
1188.0 1.295392
1188.5 1.303408
1189.0 1.025144
1189.5 0.973384
1190.0 1.261024
1190.5 1.186368
1191.0 0.993312
1191.5 1.015184
1192.0 1.27352
1192.5 1.214912
1193.0 0.951808
1193.5 0.76372
1194.0 0.56104
1194.5 0.68656
1195.0 2.198312
1195.5 1.908904
1196.0 0.952576
1196.5 1.129632
1197.0 0.966008
1197.5 0.99052
1198.0 1.181904
1198.5 1.157536
1199.0 1.135808
1199.5 1.1948
1200.0 1.116248
1200.5 0.978448
1201.0 1.213024
1201.5 1.196624
1202.0 1.074496
1202.5 1.110784
1203.0 1.024464
1203.5 1.016672
1204.0 1.147208
1204.5 1.099848
1205.0 1.222432
1205.5 1.113984
1206.0 1.396544
1206.5 1.370832
1207.0 1.103952
1207.5 1.179568
1208.0 1.467728
1208.5 1.359328
1209.0 0.950768
1209.5 0.93744
1210.0 1.294768
1210.5 1.302296
1211.0 0.931952
1211.5 0.943488
1212.0 1.27528
1212.5 1.183248
1213.0 0.995928
1213.5 1.080864
1214.0 1.34196
1214.5 1.216464
1215.0 1.023776
1215.5 0.996608
1216.0 1.240856
1216.5 1.192352
1217.0 0.981008
1217.5 0.988256
1218.0 1.276376
1218.5 1.358944
1219.0 0.954616
1219.5 0.850288
1220.0 1.169664
1220.5 1.01904
1221.0 0.940096
1221.5 0.949088
1222.0 0.773792
1222.5 1.009976
1223.0 1.113688
1223.5 1.121472
1224.0 1.159272
1224.5 1.117952
1225.0 1.190048
1225.5 1.23424
1226.0 1.182816
1226.5 1.15496
1227.0 1.221848
1227.5 1.165984
1228.0 1.023608
1228.5 0.978432
1229.0 1.031632
1229.5 0.983504
1230.0 1.113008
1230.5 1.18984
1231.0 1.362808
1231.5 1.240736
1232.0 1.037968
1232.5 1.155984
1233.0 1.207576
1233.5 1.127408
1234.0 1.086008
1234.5 1.05568
1235.0 1.141648
1235.5 1.046208
1236.0 1.077536
1236.5 1.1656
1237.0 1.096624
1237.5 1.004952
1238.0 1.122008
1238.5 1.114896
1239.0 1.117904
1239.5 1.079312
1240.0 1.178664
1240.5 1.250208
1241.0 1.201216
1241.5 1.066784
1242.0 2.698352
1242.5 1.317384
1243.0 1.283672
1243.5 1.182136
1244.0 1.145592
1244.5 1.115968
1245.0 1.214056
1245.5 1.10384
1246.0 1.069904
1246.5 1.162336
1247.0 3.70788
1247.5 1.160608
1248.0 1.141848
1248.5 1.221008
1249.0 1.1628
1249.5 1.086416
1250.0 1.186168
1250.5 0.921904
1251.0 0.665312
1251.5 0.891184
1252.0 1.207344
1252.5 1.271088
1253.0 1.286912
1253.5 1.167392
1254.0 1.048632
1254.5 1.058032
1255.0 1.302888
1255.5 1.285688
1256.0 1.127816
1256.5 1.14584
1257.0 1.129272
1257.5 1.041456
1258.0 1.047872
1258.5 1.094048
1259.0 1.137584
1259.5 1.07536
1260.0 1.061904
1260.5 0.147312
1261.0 0.964976
1261.5 0.248096
1262.0 1.09584
1262.5 0.13992
1263.0 0.832496
1263.5 0.172408
1264.0 1.138704
1264.5 0.150104
1265.0 0.948832
1265.5 0.17004
1266.0 1.098816
1266.5 0.134584
1267.0 1.050528
1267.5 0.177936
1268.0 1.238688
1268.5 0.129688
1269.0 0.984496
1269.5 0.181376
1270.0 1.223984
1270.5 0.125816
1271.0 1.149088
1271.5 0.183816
1272.0 1.269696
1272.5 0.134624
1273.0 1.060128
1273.5 0.17808
1274.0 1.314896
1274.5 0.21912
1275.0 1.168096
1275.5 0.206768
1276.0 1.307248
1276.5 0.15956
1277.0 1.103744
1277.5 0.176672
1278.0 1.340432
1278.5 0.12992
1279.0 1.011552
1279.5 0.172152
1280.0 1.2992
1280.5 0.136744
1281.0 1.051104
1281.5 0.230648
1282.0 1.300608
1282.5 0.128976
1283.0 1.10712
1283.5 0.175248
1284.0 1.31792
1284.5 0.144856
1285.0 1.07888
1285.5 0.172168
1286.0 1.307264
1286.5 0.145624
1287.0 1.106952
1287.5 0.174808
1288.0 1.294432
1288.5 0.129032
1289.0 1.07104
1289.5 0.1672
1290.0 1.240432
1290.5 0.135936
1291.0 1.176128
1291.5 0.194184
1292.0 1.276
1292.5 0.136704
1293.0 1.087344
1293.5 0.169352
1294.0 1.309728
1294.5 0.137712
1295.0 1.113376
1295.5 0.173864
1296.0 1.285776
1296.5 0.155056
1297.0 1.087888
1297.5 0.154632
1298.0 1.198352
1298.5 0.161664
1299.0 1.166176
1299.5 0.150984
1300.0 1.253488
1300.5 0.160168
1301.0 1.207536
1301.5 0.20556
1302.0 1.159808
1302.5 0.164424
1303.0 1.204464
1303.5 0.14164
1304.0 1.170352
1304.5 0.261056
1305.0 1.250992
1305.5 0.137464
1306.0 1.16864
1306.5 0.273104
1307.0 1.28976
1307.5 0.264424
1308.0 1.153952
1308.5 0.177016
1309.0 1.379792
1309.5 0.135568
1310.0 1.091488
1310.5 0.171
1311.0 1.181248
1311.5 0.266024
1312.0 1.14556
1312.5 3.346264
1313.0 1.344112
1313.5 1.244008
1314.0 1.162992
1314.5 1.361192
1315.0 1.35376
1315.5 1.1322
1316.0 1.110544
1316.5 1.488144
1317.0 1.398192
1317.5 1.218568
1318.0 1.216528
1318.5 0.968232
1319.0 1.017136
1319.5 1.225464
1320.0 1.16436
1320.5 1.22408
1321.0 1.232496
1321.5 1.230072
1322.0 1.14016
1322.5 1.158504
1323.0 1.152368
1323.5 1.304216
1324.0 1.30392
1324.5 1.099176
1325.0 1.061072
1325.5 1.335592
1326.0 1.334272
1326.5 1.178432
1327.0 1.1758
1327.5 1.198184
1328.0 1.181872
1328.5 1.10016
1329.0 1.088496
1329.5 1.248944
1330.0 1.246208
1330.5 1.28688
1331.0 1.280128
1331.5 1.184944
1332.0 1.180272
1332.5 1.262008
1333.0 1.263712
1333.5 1.327992
1334.0 1.324224
1334.5 1.2878
1335.0 1.197216
1335.5 1.251112
1336.0 1.222432
1336.5 1.268768
1337.0 1.237616
1337.5 1.323056
1338.0 1.287416
1338.5 1.200088
1339.0 1.214096
1339.5 1.096216
1340.0 1.065744
1340.5 1.281928
1341.0 1.248384
1341.5 1.243896
1342.0 1.171704
1342.5 1.295336
1343.0 1.291952
1343.5 1.254136
1344.0 1.254928
1344.5 1.167864
1345.0 1.283152
1345.5 1.239048
1346.0 1.17376
1346.5 1.258256
1347.0 1.255
1347.5 0.56044
1348.0 0.545776
1348.5 1.536712
1349.0 1.551296
1349.5 1.51108
1350.0 1.57136
1350.5 1.137288
1351.0 1.379456
1351.5 0.829352
1352.0 1.288592
1352.5 0.94768
1353.0 1.215896
1353.5 0.773176
1354.0 1.467488
1354.5 1.225896
1355.0 1.266752
1355.5 1.36272
1356.0 1.156016
1356.5 1.07284
1357.0 1.191456
1357.5 1.5174
1358.0 1.083704
1358.5 0.930784
1359.0 1.103864
1359.5 0.77096
1360.0 1.595232
1360.5 1.546792
1361.0 1.111552
1361.5 1.075016
1362.0 1.17488
1362.5 0.94828
1363.0 1.063104
1363.5 1.471528
1364.0 1.2264
1364.5 1.26928
1365.0 1.199656
1365.5 1.285952
1366.0 1.196816
1366.5 1.321472
1367.0 1.246016
1367.5 1.390272
1368.0 1.257056
1368.5 1.05832
1369.0 1.100208
1369.5 1.400352
1370.0 1.357568
1370.5 1.167744
1371.0 1.104704
1371.5 0.709096
1372.0 1.364896
1372.5 0.580656
1373.0 1.202936
1373.5 1.338056
1374.0 1.440048
1374.5 1.228216
1375.0 1.316304
1375.5 0.819512
1376.0 1.146144
1376.5 0.874176
1377.0 1.14272
1377.5 1.357792
1378.0 1.307104
1378.5 1.139432
1379.0 1.16616
1379.5 0.69244
1380.0 1.249984
1380.5 0.650968
1381.0 1.166416
1381.5 1.458784
1382.0 1.383712
1382.5 1.132896
1383.0 1.15208
1383.5 0.995632
1384.0 1.369088
1384.5 0.88052
1385.0 0.946816
1385.5 0.685176
1386.0 1.319
1386.5 0.73
1387.0 1.278
1387.5 0.925176
1388.0 1.052336
1388.5 0.787376
1389.0 1.261632
1389.5 0.729648
1390.0 1.201328
1390.5 0.701736
1391.0 1.155792
1391.5 0.615944
1392.0 1.37728
1392.5 0.851072
1393.0 1.243568
1393.5 0.811312
1394.0 1.254688
1394.5 0.73804
1395.0 1.132432
1395.5 0.978224
1396.0 1.23704
1396.5 0.906944
1397.0 1.003792
1397.5 0.70684
1398.0 1.408832
1398.5 0.701448
1399.0 1.284968
1399.5 1.034576
1400.0 1.278336
1400.5 0.904968
1401.0 1.188784
1401.5 1.086592
1402.0 1.165744
1402.5 0.754656
1403.0 1.191696
1403.5 1.178864
1404.0 1.252944
1404.5 0.952264
1405.0 1.142896
1405.5 1.077304
1406.0 1.327376
1406.5 1.449872
1407.0 1.291568
1407.5 1.152448
1408.0 1.16696
1408.5 0.710432
1409.0 1.088304
1409.5 1.444192
1410.0 1.348144
1410.5 1.796464
1411.0 1.311664
1411.5 1.173192
1412.0 1.128672
1412.5 1.089488
1413.0 1.091736
1413.5 1.328528
1414.0 1.309664
1414.5 1.169768
1415.0 1.198752
1415.5 1.211304
1416.0 1.14376
1416.5 1.114184
1417.0 1.044224
1417.5 1.059848
1418.0 1.330832
1418.5 1.8112
1419.0 1.43132
1419.5 0.983256
1420.0 1.278608
1420.5 1.927136
1421.0 1.505136
1421.5 1.082432
1422.0 0.990512
1422.5 1.026168
1423.0 1.043488
1423.5 1.311456
1424.0 1.28896
1424.5 1.283512
1425.0 1.141568
1425.5 1.219432
1426.0 1.235552
1426.5 1.127864
1427.0 1.112352
1427.5 1.308856
1428.0 1.273232
1428.5 1.232088
1429.0 1.233376
1429.5 1.231128
1430.0 1.1928
1430.5 1.15264
1431.0 1.167728
1431.5 1.266864
1432.0 1.237328
1432.5 1.237112
1433.0 1.237264
1433.5 1.165448
1434.0 1.108096
1434.5 1.25796
1435.0 1.248224
1435.5 1.344864
1436.0 1.323712
1436.5 1.798864
1437.0 1.600968
1437.5 1.085208
1438.0 1.125168
1438.5 1.172864
1439.0 1.14736
1439.5 1.110696
