0.0 1.77016
0.5 1.628992
1.0 1.00368
1.5 0.952992
2.0 0.898304
2.5 1.058976
3.0 1.04744
3.5 1.106368
4.0 1.071632
4.5 0.927632
5.0 0.918016
5.5 1.116272
6.0 1.108752
6.5 1.306912
7.0 1.295744
7.5 1.0226
8.0 1.007928
8.5 1.20928
9.0 1.192
9.5 1.076272
10.0 1.063552
10.5 1.222632
11.0 1.142896
11.5 1.073464
12.0 1.01616
12.5 1.271504
13.0 1.263616
13.5 1.098848
14.0 1.100048
14.5 1.215328
15.0 1.182608
15.5 1.11056
16.0 1.092656
16.5 1.009136
17.0 0.993888
17.5 1.229056
18.0 1.20552
18.5 1.11328
19.0 1.059776
19.5 1.058192
20.0 1.063344
20.5 1.282776
21.0 1.239168
21.5 1.13752
22.0 1.087824
22.5 1.201616
23.0 1.193192
23.5 1.093056
24.0 1.113728
24.5 1.149584
25.0 1.099488
25.5 1.109392
26.0 1.098768
26.5 1.142432
27.0 1.11744
27.5 1.085672
28.0 1.085728
28.5 1.111656
29.0 1.070952
29.5 0.970264
30.0 0.95288
30.5 1.286464
31.0 1.270848
31.5 1.072528
32.0 1.06
32.5 1.145232
33.0 1.132176
33.5 1.097104
34.0 1.07536
34.5 1.124784
35.0 1.105888
35.5 1.064832
36.0 1.070928
36.5 1.064672
37.0 1.031168
37.5 1.232464
38.0 1.22872
38.5 1.23856
39.0 1.175792
39.5 1.124144
40.0 1.113168
40.5 1.110832
41.0 1.053792
41.5 1.095816
42.0 1.065488
42.5 1.190776
43.0 1.13664
43.5 1.172088
44.0 1.161328
44.5 1.161864
45.0 1.148
45.5 1.069504
46.0 1.062304
46.5 1.28308
47.0 1.27344
47.5 1.107264
48.0 1.09864
48.5 1.068408
49.0 1.057856
49.5 0.975568
50.0 1.017104
50.5 1.349752
51.0 1.27776
51.5 1.125296
52.0 1.113072
52.5 1.0708
53.0 1.05664
53.5 1.053024
54.0 1.037088
54.5 1.252528
55.0 1.239328
55.5 1.16896
56.0 1.15364
56.5 1.04248
57.0 1.068064
57.5 1.176936
58.0 1.130512
58.5 1.154464
59.0 1.064384
59.5 1.288672
60.0 1.270608
60.5 0.985264
61.0 0.97752
61.5 1.206936
62.0 1.149112
62.5 1.0924
63.0 1.116496
63.5 1.211136
64.0 1.146656
64.5 1.145552
65.0 1.128144
65.5 1.027456
66.0 1.016256
66.5 1.100352
67.0 1.082
67.5 1.228728
68.0 1.210752
68.5 1.105072
69.0 1.091104
69.5 1.253184
70.0 1.24152
70.5 1.10148
71.0 1.041296
71.5 1.139584
72.0 1.076016
72.5 1.121056
73.0 1.099712
73.5 1.244992
74.0 1.225496
74.5 0.967168
75.0 0.960608
75.5 1.284384
76.0 1.267376
76.5 1.066512
77.0 1.037136
77.5 1.207776
78.0 1.166432
78.5 1.089016
79.0 1.013968
79.5 1.20052
80.0 1.166864
80.5 1.128112
81.0 1.10608
81.5 1.228472
82.0 1.224
82.5 0.998104
83.0 0.971984
83.5 1.219064
84.0 1.201696
84.5 0.953368
85.0 0.940096
85.5 1.23264
86.0 1.207456
86.5 1.123952
87.0 1.111856
87.5 1.215408
88.0 1.242256
88.5 1.160192
89.0 1.122104
89.5 1.280224
90.0 1.242656
90.5 1.106992
91.0 1.095488
91.5 1.215984
92.0 1.19824
92.5 1.047232
93.0 1.03576
93.5 1.199088
94.0 1.16752
94.5 1.035024
95.0 1.027912
95.5 1.169712
96.0 1.186864
96.5 1.22312
97.0 1.34432
97.5 1.589616
98.0 1.475904
98.5 0.873472
99.0 0.806208
99.5 1.270512
100.0 1.245872
100.5 0.775456
101.0 0.728456
101.5 1.397656
102.0 1.308592
102.5 1.047168
103.0 1.154
103.5 1.31284
104.0 1.185616
104.5 0.862872
105.0 0.820992
105.5 1.027352
106.0 0.999504
106.5 1.321816
107.0 1.3062
107.5 1.135464
108.0 1.166704
108.5 0.956464
109.0 0.904096
109.5 1.48664
110.0 1.460448
110.5 0.755336
111.0 0.736304
111.5 1.535616
112.0 1.50576
112.5 1.225808
113.0 1.218656
113.5 0.734312
114.0 0.712448
114.5 0.938152
115.0 0.923328
115.5 1.145552
116.0 1.120592
116.5 1.154272
117.0 1.182992
117.5 1.191096
118.0 1.13024
118.5 1.257808
119.0 1.191168
119.5 1.21856
120.0 1.187536
120.5 0.919136
121.0 0.9188
121.5 1.164272
122.0 1.15132
122.5 1.151728
123.0 1.107776
123.5 1.159528
124.0 1.141984
124.5 0.831616
125.0 0.861072
125.5 1.311272
126.0 1.241184
126.5 0.956976
127.0 0.942448
127.5 2.127728
128.0 2.04564
128.5 0.879888
129.0 0.867232
129.5 0.925392
130.0 0.91216
130.5 1.341496
131.0 1.272912
131.5 1.08612
132.0 1.031664
132.5 1.116416
133.0 1.103072
133.5 0.864112
134.0 0.854752
134.5 1.217808
135.0 1.227632
135.5 1.13656
136.0 1.097584
136.5 1.043232
137.0 1.037408
137.5 1.014832
138.0 1.006848
138.5 1.320864
139.0 1.246784
139.5 1.076752
140.0 1.057336
140.5 1.37724
141.0 1.356048
141.5 0.790064
142.0 0.951472
142.5 1.31944
143.0 1.269904
143.5 0.733168
144.0 1.401584
144.5 0.974824
145.0 0.903936
145.5 1.026144
146.0 0.90376
146.5 1.30716
147.0 1.013536
147.5 1.19472
148.0 1.160032
148.5 1.068552
149.0 1.038272
149.5 1.028952
150.0 1.046784
150.5 1.128
151.0 1.070208
151.5 1.108056
152.0 1.084128
152.5 1.059232
153.0 1.037152
153.5 1.342024
154.0 1.303984
154.5 1.131136
155.0 1.133128
155.5 1.13256
156.0 1.091776
156.5 1.193736
157.0 1.156672
157.5 1.100272
158.0 1.08312
158.5 1.09948
159.0 1.022736
159.5 1.12904
160.0 1.107152
160.5 1.206496
161.0 1.135208
161.5 1.219392
162.0 1.152496
162.5 1.131024
163.0 1.11368
163.5 1.076552
164.0 1.067456
164.5 1.305912
165.0 1.282096
165.5 0.969112
166.0 0.957184
166.5 1.62436
167.0 1.563888
167.5 0.993016
168.0 0.975056
168.5 1.06828
169.0 1.037088
169.5 1.079248
170.0 1.060144
170.5 1.173144
171.0 1.141312
171.5 1.097392
172.0 1.122752
172.5 1.057472
173.0 1.02012
173.5 1.134208
174.0 1.07928
174.5 1.18584
175.0 1.171472
175.5 1.158944
176.0 1.138432
176.5 1.162832
177.0 1.146256
177.5 1.060752
178.0 1.048832
178.5 1.199432
179.0 1.128224
179.5 1.248416
180.0 0.879288
180.5 1.036776
181.0 0.981712
181.5 0.936008
182.0 0.952208
182.5 1.469312
183.0 1.450208
183.5 0.896136
184.0 0.796112
184.5 1.014624
185.0 1.006048
185.5 1.295808
186.0 1.236896
186.5 1.024672
187.0 0.981168
187.5 1.09804
188.0 1.086
188.5 1.256168
189.0 1.233616
189.5 0.970216
190.0 0.963184
190.5 0.962528
191.0 0.940736
191.5 1.227512
192.0 1.208584
192.5 1.17592
193.0 1.159344
193.5 1.158712
194.0 1.1268
194.5 1.08496
195.0 1.066976
195.5 1.14296
196.0 1.11672
196.5 1.093088
197.0 1.184224
197.5 1.344968
198.0 1.220656
198.5 1.234576
199.0 1.208512
199.5 1.023408
200.0 1.036672
200.5 0.93608
201.0 0.886224
201.5 1.113664
202.0 1.13288
202.5 1.225824
203.0 1.15912
203.5 1.184568
204.0 1.11456
204.5 1.086728
205.0 1.0716
205.5 1.171488
206.0 1.163952
206.5 1.159776
207.0 1.139512
207.5 1.14064
208.0 1.124288
208.5 1.243472
209.0 1.497232
209.5 1.65736
210.0 1.344976
210.5 0.71752
211.0 0.707984
211.5 1.334912
212.0 1.31456
212.5 0.900856
213.0 0.896488
213.5 1.149104
214.0 1.123168
214.5 1.096336
215.0 1.088832
215.5 1.13812
216.0 1.085136
216.5 1.050632
217.0 0.993392
217.5 1.282592
218.0 1.268816
218.5 1.276384
219.0 1.231856
219.5 1.24416
220.0 1.224816
220.5 0.97968
221.0 0.964512
221.5 1.218048
222.0 1.25392
222.5 1.110592
223.0 1.047008
223.5 1.10788
224.0 1.036128
224.5 1.091144
225.0 1.073032
225.5 1.142944
226.0 1.102288
226.5 1.014896
227.0 1.007824
227.5 1.071552
228.0 1.036592
228.5 0.71056
229.0 0.877872
229.5 1.0014
230.0 1.068448
230.5 0.540104
231.0 1.255776
231.5 0.529592
232.0 1.367776
232.5 0.710952
233.0 1.035632
233.5 1.168344
234.0 1.12576
234.5 1.196552
235.0 1.173936
235.5 1.17504
236.0 1.151152
236.5 1.070864
237.0 1.044016
237.5 1.0708
238.0 1.054992
238.5 1.041216
239.0 1.032832
239.5 1.119072
240.0 1.095496
240.5 1.162664
241.0 1.143808
241.5 1.029264
242.0 1.034592
242.5 1.175752
243.0 1.119312
243.5 1.335488
244.0 1.24712
244.5 1.149184
245.0 1.131184
245.5 1.196528
246.0 1.16284
246.5 1.255064
247.0 1.172272
247.5 1.192656
248.0 1.170032
248.5 1.092192
249.0 1.070528
249.5 1.042592
250.0 1.010816
250.5 0.497832
251.0 0.427576
251.5 0.4276
252.0 0.509736
252.5 0.499408
253.0 0.53452
253.5 0.542336
254.0 0.612704
254.5 0.577184
255.0 0.466528
255.5 0.506688
256.0 0.678464
256.5 0.667296
257.0 0.513056
257.5 0.573424
258.0 0.669392
258.5 0.651744
259.0 0.538536
259.5 0.595728
260.0 0.790912
260.5 0.753568
261.0 0.62952
261.5 0.658688
262.0 0.808536
262.5 0.715568
263.0 0.790152
263.5 0.742896
264.0 0.826176
264.5 0.86464
265.0 0.697424
265.5 0.687504
266.0 0.91608
266.5 0.91704
267.0 0.712736
267.5 0.776624
268.0 0.8922
268.5 0.86696
269.0 0.825952
269.5 0.832384
270.0 1.089504
270.5 0.986528
271.0 0.816736
271.5 0.881664
272.0 1.035728
272.5 1.011168
273.0 0.808672
273.5 0.834512
274.0 1.169616
274.5 1.13616
275.0 0.863616
275.5 0.876224
276.0 1.073904
276.5 1.14352
277.0 0.968096
277.5 0.95552
278.0 0.980032
278.5 1.060112
279.0 1.195448
279.5 1.143008
280.0 1.239048
280.5 1.219504
281.0 1.074328
281.5 1.04472
282.0 1.116736
282.5 1.275024
283.0 1.260248
283.5 1.10244
284.0 1.086032
284.5 1.086768
285.0 1.246032
285.5 1.257792
286.0 0.68436
286.5 1.386352
287.0 0.748688
287.5 1.121968
288.0 0.5748
288.5 1.07136
289.0 1.432664
289.5 1.366192
290.0 1.172208
290.5 1.34712
291.0 0.719704
291.5 1.091088
292.0 0.727872
292.5 1.34448
293.0 1.27112
293.5 1.167024
294.0 0.861704
294.5 1.095136
295.0 0.726696
295.5 1.258496
296.0 0.720288
296.5 1.171776
297.0 1.21572
297.5 1.225792
298.0 1.088776
298.5 1.179328
299.0 1.412856
299.5 1.294544
300.0 1.147928
300.5 1.160976
301.0 1.34432
301.5 1.293744
302.0 1.187568
302.5 1.27536
303.0 1.3394
303.5 1.28752
304.0 1.108664
304.5 1.132768
305.0 1.305872
305.5 1.24832
306.0 1.162352
306.5 1.228
307.0 1.33588
307.5 1.258768
308.0 1.136688
308.5 1.122768
309.0 1.29388
309.5 1.23424
310.0 1.118536
310.5 1.146512
311.0 1.340112
311.5 1.339072
312.0 1.144496
312.5 1.145184
313.0 1.302976
313.5 1.334832
314.0 1.170072
314.5 1.098528
315.0 1.312368
315.5 1.31824
316.0 1.13684
316.5 1.132216
317.0 1.3312
317.5 1.355072
318.0 1.10352
318.5 1.102592
319.0 1.309768
319.5 1.269696
320.0 1.061776
320.5 1.132352
321.0 1.335024
321.5 1.246448
322.0 1.12364
322.5 1.24832
323.0 0.93132
323.5 1.324144
324.0 0.698304
324.5 1.123424
325.0 1.078704
325.5 1.214976
326.0 1.26664
326.5 1.225728
327.0 1.342304
327.5 1.31608
328.0 1.15132
328.5 1.200768
329.0 1.249832
329.5 1.210896
330.0 1.1888
330.5 1.179952
331.0 1.368584
331.5 1.333696
332.0 1.159896
332.5 1.16272
333.0 1.320504
333.5 1.355296
334.0 1.191592
334.5 1.12864
335.0 1.297416
335.5 1.264464
336.0 1.130824
336.5 1.186736
337.0 1.299888
337.5 1.217056
338.0 1.136184
338.5 1.178928
339.0 1.249584
339.5 1.251648
340.0 1.167776
340.5 1.16528
341.0 1.350432
341.5 1.285584
342.0 1.105424
342.5 1.125904
343.0 1.411456
343.5 1.461072
344.0 1.143072
344.5 1.12496
345.0 1.257632
345.5 1.23136
346.0 1.187488
346.5 1.179648
347.0 1.23304
347.5 1.254464
348.0 1.172832
348.5 1.164864
349.0 1.327008
349.5 1.293736
350.0 1.218448
350.5 1.22768
351.0 1.290048
351.5 1.275504
352.0 1.19264
352.5 1.114256
353.0 1.303112
353.5 1.286176
354.0 1.127728
354.5 1.13608
355.0 1.383728
355.5 1.385728
356.0 1.111288
356.5 1.120496
357.0 1.336744
357.5 1.34216
358.0 1.182864
358.5 1.190224
359.0 1.274112
359.5 1.239984
360.0 1.048016
360.5 1.042752
361.0 1.175752
361.5 1.1592
362.0 1.28732
362.5 1.27728
363.0 1.1592
363.5 1.14016
364.0 1.16892
364.5 1.16168
365.0 0.96688
365.5 0.928944
366.0 1.213512
366.5 1.18776
367.0 1.046104
367.5 1.009936
368.0 1.114688
368.5 1.112528
369.0 2.027728
369.5 1.963872
370.0 0.927312
370.5 0.855112
371.0 0.963416
371.5 0.956096
372.0 0.928624
372.5 0.923168
373.0 1.074872
373.5 1.053856
374.0 1.072096
374.5 1.061232
375.0 1.158672
375.5 1.129424
376.0 1.135728
376.5 1.116384
377.0 1.105728
377.5 1.136848
378.0 1.153536
378.5 1.109584
379.0 1.235544
379.5 1.183472
380.0 1.046608
380.5 1.030176
381.0 1.26928
381.5 1.250064
382.0 1.072704
382.5 1.004592
383.0 1.211976
383.5 1.149008
384.0 0.974408
384.5 1.003792
385.0 1.250336
385.5 1.186888
386.0 0.979648
386.5 0.970256
387.0 1.163752
387.5 1.168256
388.0 1.164968
388.5 1.178384
389.0 1.263344
389.5 1.189744
390.0 1.155392
390.5 1.098144
391.0 1.0748
391.5 1.04596
392.0 0.970072
392.5 0.94768
393.0 1.114288
393.5 1.094496
394.0 1.10784
394.5 1.110112
395.0 1.124024
395.5 1.134144
396.0 1.138344
396.5 1.05336
397.0 1.124712
397.5 1.103776
398.0 1.106816
398.5 1.081664
399.0 1.136768
399.5 1.11136
400.0 1.173632
400.5 1.15512
401.0 1.095056
401.5 1.078832
402.0 1.19676
402.5 1.180256
403.0 1.14992
403.5 1.131144
404.0 1.31732
404.5 1.299264
405.0 1.10012
405.5 1.07992
406.0 1.094096
406.5 1.069296
407.0 1.198584
407.5 1.184544
408.0 1.085016
408.5 1.070064
409.0 1.120128
409.5 1.123808
410.0 1.146856
410.5 1.07616
411.0 1.181024
411.5 1.171264
412.0 1.251568
412.5 1.158696
413.0 1.172872
413.5 1.114176
414.0 1.11788
414.5 1.087056
415.0 1.106264
415.5 1.08928
416.0 1.22056
416.5 1.191792
417.0 1.096288
417.5 1.07576
418.0 1.27396
418.5 1.259096
419.0 1.084944
419.5 1.070816
420.0 1.387144
420.5 1.361008
421.0 0.950896
421.5 0.994
422.0 1.110656
422.5 1.040592
423.0 1.019472
423.5 1.015312
424.0 1.218688
424.5 1.1506
425.0 1.017432
425.5 0.997072
426.0 1.242336
426.5 1.224208
427.0 1.068256
427.5 1.049216
428.0 1.119792
428.5 1.109664
429.0 1.20088
429.5 1.172304
430.0 1.230152
430.5 1.150528
431.0 1.214576
431.5 1.185968
432.0 1.02424
432.5 1.013408
433.0 1.30848
433.5 1.297088
434.0 1.080976
434.5 1.070512
435.0 1.003576
435.5 0.981824
436.0 1.355792
436.5 1.319768
437.0 1.132
437.5 1.112128
438.0 1.282448
438.5 1.263536
439.0 1.06924
439.5 1.043216
440.0 1.264256
440.5 1.236832
441.0 1.023584
441.5 1.012992
442.0 1.27668
442.5 1.221216
443.0 1.178696
443.5 1.104896
444.0 1.522064
444.5 1.491136
445.0 0.8788
445.5 0.837168
446.0 0.896688
446.5 0.891952
447.0 1.010968
447.5 0.993584
448.0 1.198608
448.5 1.190192
449.0 0.831176
449.5 0.880528
450.0 1.57436
450.5 1.4428
451.0 1.181224
451.5 1.140008
452.0 1.114912
452.5 1.094576
453.0 0.935384
453.5 0.926208
454.0 0.967688
454.5 0.953344
455.0 0.966984
455.5 0.966216
456.0 1.800592
456.5 1.6956
457.0 0.926064
457.5 0.90724
458.0 1.062832
458.5 1.049024
459.0 0.952464
459.5 0.975872
460.0 1.277192
460.5 1.225888
461.0 1.324264
461.5 1.313056
462.0 1.015384
462.5 1.008016
463.0 1.089712
463.5 1.05952
464.0 0.898624
464.5 0.88984
465.0 1.201448
465.5 1.174512
466.0 1.151984
466.5 1.124944
467.0 1.205152
467.5 1.180832
468.0 0.93596
468.5 0.91504
469.0 1.039648
469.5 1.035224
470.0 1.238944
470.5 1.16928
471.0 1.238488
471.5 1.218496
472.0 1.08784
472.5 1.031232
473.0 1.296568
473.5 1.239072
474.0 1.90048
474.5 1.893952
475.0 0.788184
475.5 0.7644
476.0 0.833976
476.5 0.828176
477.0 1.173288
477.5 1.151184
478.0 1.023384
478.5 1.011424
479.0 1.465832
479.5 1.447616
480.0 0.938288
480.5 0.931824
481.0 1.126096
481.5 1.117264
482.0 0.90896
482.5 0.89376
483.0 1.041464
483.5 1.029536
484.0 1.103456
484.5 1.092696
485.0 1.1124
485.5 1.104368
486.0 0.751616
486.5 1.131984
487.0 0.60992
487.5 1.093264
488.0 0.801184
488.5 1.0724
489.0 1.203376
489.5 1.245808
490.0 0.95892
490.5 1.10068
491.0 1.020704
491.5 1.224
492.0 0.716176
492.5 0.96536
493.0 1.155648
493.5 1.098288
494.0 1.196
494.5 1.17176
495.0 1.135496
495.5 1.128128
496.0 1.06336
496.5 1.023824
497.0 1.183224
497.5 1.163136
498.0 1.114984
498.5 1.098784
499.0 1.171752
499.5 1.177712
500.0 1.006784
500.5 0.972192
501.0 1.054752
501.5 1.045408
502.0 1.307216
502.5 1.244392
503.0 1.24984
503.5 1.180336
504.0 1.017568
504.5 1.015264
505.0 1.160016
505.5 1.15496
506.0 1.107584
506.5 1.093808
507.0 1.12428
507.5 1.100624
508.0 1.059488
508.5 1.080736
509.0 1.166512
509.5 1.11952
510.0 1.192368
510.5 1.120016
511.0 1.168496
511.5 1.142528
512.0 1.19776
512.5 1.188
513.0 1.14692
513.5 1.133936
514.0 1.067344
514.5 1.061504
515.0 1.236832
515.5 1.21832
516.0 1.23784
516.5 1.22904
517.0 1.077008
517.5 1.06204
518.0 1.072672
518.5 1.057936
519.0 1.145872
519.5 1.125504
520.0 1.01104
520.5 0.995232
521.0 1.350536
521.5 1.327296
522.0 1.071952
522.5 1.091168
523.0 1.30728
523.5 1.26276
524.0 1.10176
524.5 1.084208
525.0 1.137952
525.5 1.184784
526.0 1.002672
526.5 0.9248
527.0 1.131104
527.5 1.104624
528.0 0.982672
528.5 0.97392
529.0 1.320512
529.5 1.292496
530.0 1.20064
530.5 1.119856
531.0 1.118224
531.5 1.102784
532.0 1.039232
532.5 0.980024
533.0 1.196136
533.5 1.14832
534.0 1.25256
534.5 1.186496
535.0 1.267184
535.5 1.250568
536.0 0.900296
536.5 0.892048
537.0 1.094232
537.5 1.077488
538.0 1.090184
538.5 1.06808
539.0 1.154608
539.5 1.134208
540.0 1.323256
540.5 1.364352
541.0 1.216952
541.5 1.120912
542.0 1.123504
542.5 1.103936
543.0 1.29364
543.5 1.2796
544.0 1.198728
544.5 1.178928
545.0 1.379776
545.5 1.332352
546.0 1.236328
546.5 1.177552
547.0 1.214776
547.5 1.22584
548.0 1.19348
548.5 1.15784
549.0 1.1958
549.5 1.19092
550.0 1.009152
550.5 1.376528
551.0 1.8846
551.5 1.32112
552.0 1.054648
552.5 1.058176
553.0 1.265608
553.5 1.286144
554.0 1.255448
554.5 1.178144
555.0 1.193368
555.5 1.206384
556.0 1.205376
556.5 1.206272
557.0 1.02936
557.5 1.021248
558.0 1.280008
558.5 1.268688
559.0 1.495248
559.5 1.439312
560.0 1.225472
560.5 1.20488
561.0 1.513576
561.5 1.462176
562.0 1.159488
562.5 1.159104
563.0 1.293592
563.5 1.262688
564.0 1.206304
564.5 1.106944
565.0 1.412768
565.5 1.307088
566.0 1.177848
566.5 1.075392
567.0 1.172296
567.5 1.170096
568.0 1.173168
568.5 1.170272
569.0 1.719248
569.5 1.58432
570.0 1.006608
570.5 0.984496
571.0 1.661688
571.5 1.495808
572.0 0.998664
572.5 0.945488
573.0 1.448712
573.5 1.40576
574.0 1.298472
574.5 1.221808
575.0 0.725648
575.5 1.2844
576.0 1.557112
576.5 1.179616
577.0 1.446184
577.5 1.113952
578.0 0.94636
578.5 0.937296
579.0 1.466608
579.5 1.388392
580.0 1.051424
580.5 1.077248
581.0 1.006256
581.5 1.419616
582.0 1.891768
582.5 1.344768
583.0 1.335296
583.5 1.256704
584.0 1.182536
584.5 1.166656
585.0 1.168856
585.5 1.1684
586.0 1.018488
586.5 0.99512
587.0 1.126536
587.5 1.376832
588.0 1.521632
588.5 1.208224
589.0 1.385592
589.5 1.344208
590.0 1.213064
590.5 1.167024
591.0 1.28512
591.5 1.183248
592.0 1.16032
592.5 1.147728
593.0 1.372656
593.5 1.344032
594.0 1.053472
594.5 1.25912
595.0 1.590152
595.5 1.299184
596.0 1.313784
596.5 1.215744
597.0 1.385584
597.5 1.328112
598.0 1.200784
598.5 1.18664
599.0 1.30872
599.5 1.293568
600.0 1.182256
600.5 1.16056
601.0 0.931536
601.5 1.251568
602.0 1.664016
602.5 1.270432
603.0 0.680216
603.5 1.00528
604.0 1.653976
604.5 1.259696
605.0 0.988184
605.5 1.260624
606.0 1.871352
606.5 1.448704
607.0 1.087664
607.5 1.29784
608.0 0.727072
608.5 1.148688
609.0 0.6264
609.5 0.95216
610.0 1.660688
610.5 1.382608
611.0 1.024272
611.5 1.139472
612.0 1.610448
612.5 1.36516
613.0 1.211416
613.5 1.344944
614.0 1.282552
614.5 1.268992
615.0 1.451872
615.5 0.98768
616.0 0.985256
616.5 0.963712
617.0 0.793728
617.5 0.960128
618.0 1.129664
618.5 1.346928
619.0 0.569208
619.5 1.290688
620.0 0.340432
620.5 1.601536
621.0 2.80468
621.5 1.317296
622.0 1.130032
622.5 1.227872
623.0 0.853968
623.5 1.083856
624.0 1.034912
624.5 1.058112
625.0 1.097176
625.5 1.164744
626.0 0.647512
626.5 1.466512
627.0 0.980248
627.5 1.564
628.0 0.833248
628.5 1.07276
629.0 0.731816
629.5 1.08608
630.0 0.485608
630.5 1.494792
631.0 1.283936
631.5 1.195384
632.0 0.817352
632.5 1.502928
633.0 0.920632
633.5 1.235296
634.0 0.788504
634.5 0.886064
635.0 0.5642
635.5 1.172432
636.0 1.29836
636.5 1.29992
637.0 0.903976
637.5 0.979456
638.0 0.94748
638.5 1.144848
639.0 0.731256
639.5 0.977056
640.0 1.005472
640.5 1.545584
641.0 0.759744
641.5 1.074128
642.0 0.84508
642.5 1.292352
643.0 0.593088
643.5 1.175904
644.0 0.87288
644.5 1.315232
645.0 0.644544
645.5 1.056872
646.0 1.184448
646.5 1.327168
647.0 0.967096
647.5 1.169944
648.0 1.491904
648.5 1.373424
649.0 1.73008
649.5 1.441104
650.0 1.299512
650.5 1.230744
651.0 1.090016
651.5 1.008296
652.0 1.515928
652.5 1.458896
653.0 0.977776
653.5 0.974224
654.0 1.207344
654.5 1.085544
655.0 1.1118
655.5 1.15752
656.0 1.009752
656.5 1.108176
657.0 1.484776
657.5 1.28784
658.0 1.226184
658.5 1.241248
659.0 1.120232
659.5 1.084624
660.0 1.260792
660.5 1.24056
661.0 1.033856
661.5 1.099408
662.0 1.477792
662.5 1.41112
663.0 1.259504
663.5 1.211088
664.0 1.278328
664.5 1.314464
665.0 1.38204
665.5 1.253408
666.0 1.042328
666.5 1.253504
667.0 1.795008
667.5 1.49888
668.0 0.805096
668.5 1.558592
669.0 2.017608
669.5 1.044672
670.0 0.865896
670.5 1.14128
671.0 1.721936
671.5 1.267776
672.0 0.838168
672.5 1.002608
673.0 1.334048
673.5 1.12064
674.0 1.19384
674.5 1.383472
675.0 1.404096
675.5 1.15712
676.0 1.01976
676.5 1.15904
677.0 1.468992
677.5 1.278096
678.0 0.980136
678.5 1.089976
679.0 1.807744
679.5 1.591824
680.0 1.030536
680.5 1.098176
681.0 1.090944
681.5 1.001456
682.0 1.346872
682.5 1.398624
683.0 1.410296
683.5 1.28656
684.0 1.112
684.5 1.021312
685.0 1.311072
685.5 1.252912
686.0 1.135664
686.5 1.140624
687.0 1.44068
687.5 1.371904
688.0 1.256192
688.5 1.260256
689.0 1.25984
689.5 1.241368
690.0 0.97992
690.5 0.974856
691.0 1.483848
691.5 1.352664
692.0 1.184776
692.5 1.109024
693.0 1.047536
693.5 1.11264
694.0 0.994016
694.5 1.471752
695.0 1.998064
695.5 1.312016
696.0 0.923016
696.5 0.936816
697.0 1.472272
697.5 1.40872
698.0 1.195648
698.5 1.158928
699.0 1.166792
699.5 1.16968
700.0 1.159472
700.5 1.169248
701.0 1.38196
701.5 1.332112
702.0 1.15388
702.5 1.154352
703.0 1.527952
703.5 1.425904
704.0 1.08444
704.5 1.103328
705.0 1.267544
705.5 1.494944
706.0 1.42808
706.5 1.064136
707.0 1.18164
707.5 1.347992
708.0 1.40992
708.5 1.144288
709.0 1.426456
709.5 1.372128
710.0 1.017752
710.5 0.998288
711.0 1.358896
711.5 1.2518
712.0 1.276224
712.5 1.252656
713.0 1.457336
713.5 1.3892
714.0 0.836752
714.5 1.215424
715.0 2.0584
715.5 1.603072
716.0 1.25756
716.5 1.028192
717.0 1.124864
717.5 1.103536
718.0 1.101624
718.5 1.090896
719.0 0.962672
719.5 0.942496
720.0 0.132736
720.5 0.117656
721.0 0.116208
721.5 0.378048
722.0 0.13312
722.5 0.118368
723.0 0.100784
723.5 0.222776
724.0 0.100784
724.5 0.105704
725.0 0.1
725.5 0.289888
726.0 0.28692
726.5 0.322856
727.0 0.29248
727.5 0.226192
728.0 0.72624
728.5 0.376392
729.0 0.417056
729.5 0.111152
730.0 0.12152
730.5 0.177904
731.0 0.173824
731.5 0.11516
732.0 0.123208
732.5 0.220544
733.0 0.224768
733.5 0.113392
734.0 0.12152
734.5 0.292264
735.0 0.285712
735.5 0.118608
736.0 0.12152
736.5 0.2096
737.0 0.21064
737.5 0.119504
738.0 0.12328
738.5 0.211856
739.0 0.213824
739.5 0.112128
740.0 0.12024
740.5 0.20896
741.0 0.213808
741.5 0.170176
742.0 0.12648
742.5 0.244312
743.0 0.239248
743.5 0.168216
744.0 0.123224
744.5 0.329944
745.0 0.28504
745.5 0.121008
746.0 0.12152
746.5 0.186808
747.0 0.24712
747.5 0.135448
748.0 0.12152
748.5 0.117416
749.0 0.168368
749.5 0.143304
750.0 0.13604
750.5 0.120408
751.0 0.4008
751.5 0.11468
752.0 0.12152
752.5 0.123424
753.0 0.281808
753.5 0.111152
754.0 0.12152
754.5 0.119976
755.0 0.210608
755.5 0.111904
756.0 0.12152
756.5 0.110656
757.0 0.388032
757.5 0.112168
758.0 0.11224
758.5 0.106408
759.0 0.101688
759.5 0.1
760.0 0.1
760.5 0.10204
761.0 0.1
761.5 0.160416
762.0 0.1
762.5 0.104224
763.0 0.1
763.5 0.104456
764.0 0.1
764.5 0.107088
765.0 0.101688
765.5 0.105728
766.0 0.1
766.5 1.14496
767.0 0.147328
767.5 0.125856
768.0 0.143632
768.5 0.104344
769.0 0.110672
769.5 0.106864
770.0 0.281168
770.5 1.014648
771.0 1.036656
771.5 1.071984
772.0 1.05144
772.5 1.093424
773.0 1.10632
773.5 1.157432
774.0 1.102192
774.5 1.29708
775.0 1.125344
775.5 1.063168
776.0 1.130192
776.5 1.33584
777.0 1.24932
777.5 1.01752
778.0 0.997936
778.5 1.127376
779.0 1.077792
779.5 1.198816
780.0 1.183968
780.5 1.179264
781.0 1.176736
781.5 1.125336
782.0 1.091248
782.5 0.743696
783.0 1.057056
783.5 0.717312
784.0 1.21896
784.5 0.891504
785.0 1.057168
785.5 0.831104
786.0 1.144208
786.5 0.944096
787.0 1.03536
787.5 1.091888
788.0 1.047568
788.5 1.041488
789.0 1.003216
789.5 1.201152
790.0 1.28672
790.5 1.167032
791.0 1.161072
791.5 1.227896
792.0 1.115528
792.5 0.95688
793.0 1.007104
793.5 1.146752
794.0 1.051328
794.5 1.147264
795.0 1.159456
795.5 1.285664
796.0 1.117808
796.5 1.28916
797.0 1.289824
797.5 1.080784
798.0 1.166376
798.5 1.100296
799.0 1.08344
799.5 1.014448
800.0 0.97488
800.5 1.38856
801.0 1.477488
801.5 1.292152
802.0 1.150224
802.5 0.966656
803.0 0.926384
803.5 1.023448
804.0 0.97944
804.5 1.194512
805.0 1.14848
805.5 0.989728
806.0 0.986336
806.5 1.465536
807.0 1.475984
807.5 1.137104
808.0 1.15248
808.5 1.295392
809.0 1.303408
809.5 1.025144
810.0 0.973384
810.5 1.261024
811.0 1.186368
811.5 0.993312
812.0 1.015184
812.5 1.27352
813.0 1.214912
813.5 0.951808
814.0 0.76372
814.5 0.56104
815.0 0.68656
815.5 2.198312
816.0 1.908904
816.5 0.952576
817.0 1.129632
817.5 0.966008
818.0 0.99052
818.5 1.181904
819.0 1.157536
819.5 1.135808
820.0 1.1948
820.5 1.116248
821.0 0.978448
821.5 1.213024
822.0 1.196624
822.5 1.074496
823.0 1.110784
823.5 1.024464
824.0 1.016672
824.5 1.147208
825.0 1.099848
825.5 1.222432
826.0 1.113984
826.5 1.396544
827.0 1.370832
827.5 1.103952
828.0 1.179568
828.5 1.467728
829.0 1.359328
829.5 0.950768
830.0 0.93744
830.5 1.294768
831.0 1.302296
831.5 0.931952
832.0 0.943488
832.5 1.27528
833.0 1.183248
833.5 0.995928
834.0 1.080864
834.5 1.34196
835.0 1.216464
835.5 1.023776
836.0 0.996608
836.5 1.240856
837.0 1.192352
837.5 0.981008
838.0 0.988256
838.5 1.276376
839.0 1.358944
839.5 0.954616
840.0 0.850288
840.5 1.169664
841.0 1.01904
841.5 0.940096
842.0 0.949088
842.5 0.773792
843.0 1.009976
843.5 1.113688
844.0 1.121472
844.5 1.159272
845.0 1.117952
845.5 1.190048
846.0 1.23424
846.5 1.182816
847.0 1.15496
847.5 1.221848
848.0 1.165984
848.5 1.023608
849.0 0.978432
849.5 1.031632
850.0 0.983504
850.5 1.113008
851.0 1.18984
851.5 1.362808
852.0 1.240736
852.5 1.037968
853.0 1.155984
853.5 1.207576
854.0 1.127408
854.5 1.086008
855.0 1.05568
855.5 1.141648
856.0 1.046208
856.5 1.077536
857.0 1.1656
857.5 1.096624
858.0 1.004952
858.5 1.122008
859.0 1.114896
859.5 1.117904
860.0 1.079312
860.5 1.178664
861.0 1.250208
861.5 1.201216
862.0 1.066784
862.5 2.698352
863.0 1.317384
863.5 1.283672
864.0 1.182136
864.5 1.145592
865.0 1.115968
865.5 1.214056
866.0 1.10384
866.5 1.069904
867.0 1.162336
867.5 3.70788
868.0 1.160608
868.5 1.141848
869.0 1.221008
869.5 1.1628
870.0 1.086416
870.5 1.186168
871.0 0.921904
871.5 0.665312
872.0 0.891184
872.5 1.207344
873.0 1.271088
873.5 1.286912
874.0 1.167392
874.5 1.048632
875.0 1.058032
875.5 1.302888
876.0 1.285688
876.5 1.127816
877.0 1.14584
877.5 1.129272
878.0 1.041456
878.5 1.047872
879.0 1.094048
879.5 1.137584
880.0 1.07536
880.5 1.27516
881.0 1.22464
881.5 1.21088
882.0 1.186448
882.5 1.112304
883.0 1.076208
883.5 1.018368
884.0 0.981168
884.5 1.050672
885.0 1.160016
885.5 1.111824
886.0 1.074384
886.5 1.16296
887.0 1.093392
887.5 1.203856
888.0 1.153136
888.5 1.177456
889.0 1.159664
889.5 1.082832
890.0 1.117456
890.5 1.188688
891.0 1.21476
891.5 1.17568
892.0 1.084592
892.5 1.138448
893.0 1.222144
893.5 1.214944
894.0 1.1636
894.5 1.115736
895.0 0.99504
895.5 1.024576
896.0 1.035408
896.5 1.117072
897.0 1.07756
897.5 1.167664
898.0 1.072512
898.5 1.04424
899.0 1.103808
899.5 1.082776
900.0 1.150768
900.5 1.117424
901.0 1.194504
901.5 1.131568
902.0 0.908504
902.5 0.89272
903.0 1.164344
903.5 1.166304
904.0 1.24652
904.5 1.21464
905.0 1.012504
905.5 0.988352
906.0 0.966752
906.5 0.954944
907.0 1.194264
907.5 1.175472
908.0 0.96716
908.5 0.960944
909.0 1.351504
909.5 1.333248
910.0 1.111936
910.5 1.14184
911.0 1.14856
911.5 1.103048
912.0 1.215088
912.5 1.205952
913.0 0.984176
913.5 0.980032
914.0 1.127168
914.5 1.111936
915.0 1.225064
915.5 1.187424
916.0 1.132704
916.5 1.101328
917.0 1.061272
917.5 1.04684
918.0 0.904424
918.5 0.812768
919.0 1.020464
919.5 1.0108
920.0 1.350032
920.5 1.28496
921.0 1.380096
921.5 1.340552
922.0 1.185984
922.5 1.138032
923.0 1.095088
923.5 1.076
924.0 1.104136
924.5 1.087808
925.0 1.448312
925.5 1.428752
926.0 1.154904
926.5 1.14568
927.0 1.035704
927.5 1.028176
928.0 0.96672
928.5 0.952144
929.0 0.969776
929.5 0.9502
930.0 1.2604
930.5 1.246352
931.0 0.865496
931.5 0.853088
932.0 1.155064
932.5 1.1388
933.0 1.264928
933.5 1.240624
934.0 1.183728
934.5 1.165888
935.0 1.037528
935.5 1.023632
936.0 1.301912
936.5 1.278768
937.0 1.22816
937.5 1.213472
938.0 1.184992
938.5 1.107328
939.0 1.016016
939.5 1.008736
940.0 1.202016
940.5 1.177024
941.0 1.151304
941.5 1.131056
942.0 1.06384
942.5 1.04512
943.0 1.06976
943.5 1.052576
944.0 1.168984
944.5 1.15412
945.0 1.06728
945.5 1.046768
946.0 1.115344
946.5 1.09032
947.0 1.124848
947.5 1.106592
948.0 1.153376
948.5 1.123968
949.0 1.06768
949.5 1.045904
950.0 1.221376
950.5 1.154808
951.0 1.186984
951.5 1.1312
952.0 1.214176
952.5 1.197984
953.0 1.024104
953.5 1.030144
954.0 1.341752
954.5 1.30832
955.0 1.06736
955.5 1.049232
956.0 1.098512
956.5 1.083872
957.0 1.168704
957.5 1.151968
958.0 1.26024
958.5 1.20448
959.0 0.950968
959.5 0.911968
960.0 1.40876
960.5 1.376512
961.0 0.988096
961.5 0.974096
962.0 1.117656
962.5 1.065496
963.0 1.137648
963.5 1.125408
964.0 1.1592
964.5 1.208416
965.0 1.119296
965.5 1.047536
966.0 1.191144
966.5 1.16072
967.0 1.012224
967.5 0.998672
968.0 1.242056
968.5 1.210144
969.0 0.926872
969.5 0.902512
970.0 1.62876
970.5 1.580784
971.0 1.142384
971.5 1.094192
972.0 1.074992
972.5 1.049344
973.0 1.085856
973.5 1.066032
974.0 1.279048
974.5 1.288976
975.0 1.060616
975.5 1.004688
976.0 1.259968
976.5 1.242288
977.0 1.094912
977.5 1.092184
978.0 1.27352
978.5 1.193792
979.0 1.12932
979.5 1.077216
980.0 1.110256
980.5 1.079664
981.0 1.755896
981.5 1.645144
982.0 0.719936
982.5 0.723824
983.0 0.89152
983.5 0.857688
984.0 1.103688
984.5 1.104608
985.0 1.335232
985.5 1.288672
986.0 0.79236
986.5 0.991808
987.0 0.840808
987.5 1.22856
988.0 0.88068
988.5 1.32832
989.0 1.440632
989.5 0.824384
990.0 1.098064
990.5 1.082464
991.0 0.92244
991.5 0.961776
992.0 0.751904
992.5 0.967952
993.0 0.857168
993.5 1.467408
994.0 0.881216
994.5 1.096384
995.0 1.091296
995.5 0.874696
996.0 1.322688
996.5 1.299456
997.0 1.217136
997.5 1.200432
998.0 0.982856
998.5 0.935088
999.0 1.193104
999.5 1.15496
1000.0 1.055824
1000.5 1.03016
1001.0 1.044256
1001.5 1.009088
1002.0 1.1732
1002.5 1.162512
1003.0 1.252528
1003.5 1.230432
1004.0 0.978992
1004.5 0.958128
1005.0 0.918976
1005.5 1.029488
1006.0 0.839616
1006.5 1.338
1007.0 0.924312
1007.5 1.061856
1008.0 0.96296
1008.5 1.087904
1009.0 1.186608
1009.5 1.045744
1010.0 1.335064
1010.5 1.258984
1011.0 1.263592
1011.5 1.203008
1012.0 0.989568
1012.5 0.97808
1013.0 0.875184
1013.5 1.055344
1014.0 1.088376
1014.5 1.05544
1015.0 0.631696
1015.5 1.182176
1016.0 0.737528
1016.5 1.09844
1017.0 1.18224
1017.5 1.089456
1018.0 1.222112
1018.5 1.110688
1019.0 1.230056
1019.5 1.197184
1020.0 1.043496
1020.5 1.014448
1021.0 1.096616
1021.5 1.074848
1022.0 1.054096
1022.5 1.027152
1023.0 1.097704
1023.5 1.07496
1024.0 1.183144
1024.5 1.162864
1025.0 1.315776
1025.5 1.259328
1026.0 1.015072
1026.5 0.992704
1027.0 1.21644
1027.5 1.203616
1028.0 1.190592
1028.5 1.172024
1029.0 1.056224
1029.5 1.04424
1030.0 1.250016
1030.5 1.230576
1031.0 1.373544
1031.5 1.347552
1032.0 0.917648
1032.5 0.918512
1033.0 1.043936
1033.5 1.018432
1034.0 1.006408
1034.5 0.991744
1035.0 1.019184
1035.5 0.99648
1036.0 1.244208
1036.5 1.223728
1037.0 1.110896
1037.5 1.102656
1038.0 1.248352
1038.5 1.169664
1039.0 1.055656
1039.5 1.044144
1040.0 1.140936
1040.5 1.084944
1041.0 1.123296
1041.5 1.101072
1042.0 1.15896
1042.5 1.09336
1043.0 1.106728
1043.5 1.081672
1044.0 1.066616
1044.5 1.021168
1045.0 1.129848
1045.5 1.112528
1046.0 1.187384
1046.5 1.162816
1047.0 1.3414
1047.5 1.316288
1048.0 1.123376
1048.5 1.109632
1049.0 1.054128
1049.5 1.077304
1050.0 1.032464
1050.5 0.983408
1051.0 1.301112
1051.5 1.278496
1052.0 1.19432
1052.5 1.177232
1053.0 1.068496
1053.5 1.060784
1054.0 1.281376
1054.5 1.263664
1055.0 1.047384
1055.5 1.0272
1056.0 0.98104
1056.5 0.967136
1057.0 1.237632
1057.5 1.220976
1058.0 1.162136
1058.5 1.088496
1059.0 1.235568
1059.5 1.214672
1060.0 1.306896
1060.5 1.278944
1061.0 0.967424
1061.5 0.959784
1062.0 0.955056
1062.5 0.961024
1063.0 1.250784
1063.5 1.215056
1064.0 1.001344
1064.5 0.987728
1065.0 1.194312
1065.5 1.177856
1066.0 1.121296
1066.5 1.104368
1067.0 1.414624
1067.5 1.431744
1068.0 1.112784
1068.5 1.099936
1069.0 1.205584
1069.5 1.191504
1070.0 1.111784
1070.5 1.026304
1071.0 1.21836
1071.5 1.155072
1072.0 1.134448
1072.5 1.114208
1073.0 1.266544
1073.5 1.246384
1074.0 0.890928
1074.5 0.880768
1075.0 1.118736
1075.5 1.101152
1076.0 1.00736
1076.5 0.99284
1077.0 1.151808
1077.5 1.139472
1078.0 1.469728
1078.5 1.388928
1079.0 1.14344
1079.5 1.123104
1080.0 0.89464
1080.5 0.883344
1081.0 1.62608
1081.5 1.596784
1082.0 1.357976
1082.5 1.350736
1083.0 0.8818
1083.5 0.847664
1084.0 0.88808
1084.5 0.878456
1085.0 1.042032
1085.5 1.0828
1086.0 1.001696
1086.5 0.937008
1087.0 1.211232
1087.5 1.203168
1088.0 1.179872
1088.5 1.109824
1089.0 1.131
1089.5 1.115648
1090.0 1.192888
1090.5 1.172424
1091.0 1.291624
1091.5 1.149456
1092.0 1.12908
1092.5 1.111344
1093.0 1.13512
1093.5 1.094736
1094.0 1.138104
1094.5 1.102256
1095.0 1.087592
1095.5 1.062704
1096.0 1.101256
1096.5 1.111632
1097.0 1.256
1097.5 1.185584
1098.0 1.098848
1098.5 1.085664
1099.0 1.276112
1099.5 1.261064
1100.0 0.949672
1100.5 0.944176
1101.0 1.173888
1101.5 1.1648
1102.0 1.064672
1102.5 1.063344
1103.0 1.11296
1103.5 1.111216
1104.0 1.11416
1104.5 1.095216
1105.0 1.190512
1105.5 1.151848
1106.0 1.046304
1106.5 1.0292
1107.0 1.072328
1107.5 1.101584
1108.0 1.0764
1108.5 0.99536
1109.0 1.208544
1109.5 1.77016
1110.0 1.628992
1110.5 1.00368
1111.0 0.952992
1111.5 0.898304
1112.0 1.058976
1112.5 1.04744
1113.0 1.106368
1113.5 1.071632
1114.0 0.927632
1114.5 0.918016
1115.0 1.116272
1115.5 1.108752
1116.0 1.306912
1116.5 1.295744
1117.0 1.0226
1117.5 1.007928
1118.0 1.20928
1118.5 1.192
1119.0 1.076272
1119.5 1.063552
1120.0 1.222632
1120.5 1.142896
1121.0 1.073464
1121.5 1.01616
1122.0 1.271504
1122.5 1.263616
1123.0 1.098848
1123.5 1.100048
1124.0 1.215328
1124.5 1.182608
1125.0 1.11056
1125.5 1.092656
1126.0 1.009136
1126.5 0.993888
1127.0 1.229056
1127.5 1.20552
1128.0 1.11328
1128.5 1.059776
1129.0 1.058192
1129.5 1.063344
1130.0 1.282776
1130.5 1.239168
1131.0 1.13752
1131.5 1.087824
1132.0 1.201616
1132.5 1.193192
1133.0 1.093056
1133.5 1.113728
1134.0 1.149584
1134.5 1.099488
1135.0 1.109392
1135.5 1.098768
1136.0 1.142432
1136.5 1.11744
1137.0 1.085672
1137.5 1.085728
1138.0 1.111656
1138.5 1.070952
1139.0 0.970264
1139.5 0.95288
1140.0 1.286464
1140.5 1.270848
1141.0 1.072528
1141.5 1.06
1142.0 1.145232
1142.5 1.132176
1143.0 1.097104
1143.5 1.07536
1144.0 1.124784
1144.5 1.105888
1145.0 1.064832
1145.5 1.070928
1146.0 1.064672
1146.5 1.031168
1147.0 1.232464
1147.5 1.22872
1148.0 1.23856
1148.5 1.175792
1149.0 1.124144
1149.5 1.113168
1150.0 1.110832
1150.5 1.053792
1151.0 1.095816
1151.5 1.065488
1152.0 1.190776
1152.5 1.13664
1153.0 1.172088
1153.5 1.161328
1154.0 1.161864
1154.5 1.148
1155.0 1.069504
1155.5 1.062304
1156.0 1.28308
1156.5 1.27344
1157.0 1.107264
1157.5 1.09864
1158.0 1.068408
1158.5 1.057856
1159.0 0.975568
1159.5 1.017104
1160.0 1.349752
1160.5 1.27776
1161.0 1.125296
1161.5 1.113072
1162.0 1.0708
1162.5 1.05664
1163.0 1.053024
1163.5 1.037088
1164.0 1.252528
1164.5 1.239328
1165.0 1.16896
1165.5 1.15364
1166.0 1.04248
1166.5 1.068064
1167.0 1.176936
1167.5 1.130512
1168.0 1.154464
1168.5 1.064384
1169.0 1.288672
1169.5 1.270608
1170.0 0.985264
1170.5 0.97752
1171.0 1.206936
1171.5 1.149112
1172.0 1.0924
1172.5 1.116496
1173.0 1.211136
1173.5 1.146656
1174.0 1.145552
1174.5 1.128144
1175.0 1.027456
1175.5 1.016256
1176.0 1.100352
1176.5 1.082
1177.0 1.228728
1177.5 1.210752
1178.0 1.105072
1178.5 1.091104
1179.0 1.253184
1179.5 1.24152
1180.0 1.10148
1180.5 1.041296
1181.0 1.139584
1181.5 1.076016
1182.0 1.121056
1182.5 1.099712
1183.0 1.244992
1183.5 1.225496
1184.0 0.967168
1184.5 0.960608
1185.0 1.284384
1185.5 1.267376
1186.0 1.066512
1186.5 1.037136
1187.0 1.207776
1187.5 1.166432
1188.0 1.089016
1188.5 1.013968
1189.0 1.20052
1189.5 1.166864
1190.0 1.128112
1190.5 1.10608
1191.0 1.228472
1191.5 1.224
1192.0 0.998104
1192.5 0.971984
1193.0 1.219064
1193.5 1.201696
1194.0 0.953368
1194.5 0.940096
1195.0 1.23264
1195.5 1.207456
1196.0 1.123952
1196.5 1.111856
1197.0 1.215408
1197.5 1.242256
1198.0 1.160192
1198.5 1.122104
1199.0 1.280224
1199.5 1.242656
1200.0 1.106992
1200.5 1.095488
1201.0 1.215984
1201.5 1.19824
1202.0 1.047232
1202.5 1.03576
1203.0 1.199088
1203.5 1.16752
1204.0 1.035024
1204.5 1.027912
1205.0 1.169712
1205.5 1.186864
1206.0 1.22312
1206.5 1.34432
1207.0 1.589616
1207.5 1.475904
1208.0 0.873472
1208.5 0.806208
1209.0 1.270512
1209.5 1.245872
1210.0 0.775456
1210.5 0.728456
1211.0 1.397656
1211.5 1.308592
1212.0 1.047168
1212.5 1.154
1213.0 1.31284
1213.5 1.185616
1214.0 0.862872
1214.5 0.820992
1215.0 1.027352
1215.5 0.999504
1216.0 1.321816
1216.5 1.3062
1217.0 1.135464
1217.5 1.166704
1218.0 0.956464
1218.5 0.904096
1219.0 1.48664
1219.5 1.460448
1220.0 0.755336
1220.5 0.736304
1221.0 1.535616
1221.5 1.50576
1222.0 1.225808
1222.5 1.218656
1223.0 0.734312
1223.5 0.712448
1224.0 0.938152
1224.5 0.923328
1225.0 1.145552
1225.5 1.120592
1226.0 1.154272
1226.5 1.182992
1227.0 1.191096
1227.5 1.13024
1228.0 1.257808
1228.5 1.191168
1229.0 1.21856
1229.5 1.187536
1230.0 0.919136
1230.5 0.9188
1231.0 1.164272
1231.5 1.15132
1232.0 1.151728
1232.5 1.107776
1233.0 1.159528
1233.5 1.141984
1234.0 0.831616
1234.5 0.861072
1235.0 1.311272
1235.5 1.241184
1236.0 0.956976
1236.5 0.942448
1237.0 2.127728
1237.5 2.04564
1238.0 0.879888
1238.5 0.867232
1239.0 0.925392
1239.5 0.91216
1240.0 1.341496
1240.5 1.272912
1241.0 1.08612
1241.5 1.031664
1242.0 1.116416
1242.5 1.103072
1243.0 0.864112
1243.5 0.854752
1244.0 1.217808
1244.5 1.227632
1245.0 1.13656
1245.5 1.097584
1246.0 1.043232
1246.5 1.037408
1247.0 1.014832
1247.5 1.006848
1248.0 1.320864
1248.5 1.246784
1249.0 1.076752
1249.5 1.057336
1250.0 1.37724
1250.5 1.356048
1251.0 0.790064
1251.5 0.951472
1252.0 1.31944
1252.5 1.269904
1253.0 0.733168
1253.5 1.401584
1254.0 0.974824
1254.5 0.903936
1255.0 1.026144
1255.5 0.90376
1256.0 1.30716
1256.5 1.013536
1257.0 1.19472
1257.5 1.160032
1258.0 1.068552
1258.5 1.038272
1259.0 1.028952
1259.5 1.046784
1260.0 1.110696
1260.5 1.041664
1261.0 1.281304
1261.5 1.311696
1262.0 1.140744
1262.5 1.021088
1263.0 1.639768
1263.5 1.572736
1264.0 1.162424
1264.5 1.154464
1265.0 1.267912
1265.5 1.28256
1266.0 0.991272
1266.5 0.965936
1267.0 1.402648
1267.5 1.413168
1268.0 1.219568
1268.5 1.13904
1269.0 1.216512
1269.5 1.167664
1270.0 1.335888
1270.5 1.332784
1271.0 1.415936
1271.5 1.324896
1272.0 1.180424
1272.5 1.168648
1273.0 1.062568
1273.5 1.057568
1274.0 1.382424
1274.5 1.364688
1275.0 1.14596
1275.5 1.082912
1276.0 1.311376
1276.5 1.285776
1277.0 1.385312
1277.5 1.296792
1278.0 1.095456
1278.5 1.07672
1279.0 1.147688
1279.5 1.18432
1280.0 1.202856
1280.5 1.156176
1281.0 1.401144
1281.5 1.402592
1282.0 1.1302
1282.5 1.048384
1283.0 1.431992
1283.5 1.445728
1284.0 1.172728
1284.5 1.149296
1285.0 1.322136
1285.5 1.3244
1286.0 1.279544
1286.5 1.220656
1287.0 1.267416
1287.5 1.221104
1288.0 1.219472
1288.5 1.205104
1289.0 1.262664
1289.5 1.24992
1290.0 1.184744
1290.5 1.186384
1291.0 1.432392
1291.5 1.378464
1292.0 1.240632
1292.5 1.19856
1293.0 1.221944
1293.5 1.239264
1294.0 1.175192
1294.5 1.13816
1295.0 0.782328
1295.5 1.257728
1296.0 2.061048
1296.5 1.44184
1297.0 0.8064
1297.5 1.229488
1298.0 2.023752
1298.5 1.388496
1299.0 1.040928
1299.5 1.19728
1300.0 1.321584
1300.5 1.094672
1301.0 1.168296
1301.5 1.296384
1302.0 1.402744
1302.5 1.189824
1303.0 1.184912
1303.5 1.162352
1304.0 1.07472
1304.5 1.132056
1305.0 1.313928
1305.5 1.151032
1306.0 1.12236
1306.5 1.203472
1307.0 1.348432
1307.5 1.3978
1308.0 1.553872
1308.5 1.219208
1309.0 1.003312
1309.5 1.210856
1310.0 1.510976
1310.5 1.259176
1311.0 1.053432
1311.5 1.231184
1312.0 1.49524
1312.5 1.26252
1313.0 1.080712
1313.5 1.167968
1314.0 1.494088
1314.5 1.357168
1315.0 1.126696
1315.5 1.184936
1316.0 1.58484
1316.5 1.383008
1317.0 1.125544
1317.5 1.1356
1318.0 1.40452
1318.5 1.271496
1319.0 1.112584
1319.5 1.129136
1320.0 1.306192
1320.5 1.243504
1321.0 1.40772
1321.5 1.372224
1322.0 1.283
1322.5 1.169264
1323.0 1.022256
1323.5 1.057952
1324.0 1.329816
1324.5 1.22112
1325.0 0.949608
1325.5 1.01136
1326.0 1.346072
1326.5 1.244992
1327.0 1.157704
1327.5 1.195824
1328.0 1.54892
1328.5 1.444624
1329.0 0.930544
1329.5 0.946352
1330.0 1.320504
1330.5 1.44248
1331.0 1.503096
1331.5 1.240128
1332.0 1.108864
1332.5 1.085936
1333.0 1.58308
1333.5 1.498256
1334.0 1.075144
1334.5 1.086528
1335.0 1.205912
1335.5 1.058224
1336.0 0.829656
1336.5 1.429568
1337.0 2.103176
1337.5 1.350016
1338.0 1.141128
1338.5 1.134136
1339.0 1.072072
1339.5 1.080048
1340.0 1.120656
1340.5 1.084896
1341.0 1.270736
1341.5 1.24104
1342.0 1.2522
1342.5 1.150304
1343.0 1.235856
1343.5 1.22872
1344.0 1.115016
1344.5 1.13168
1345.0 1.346424
1345.5 1.289776
1346.0 1.241608
1346.5 1.238912
1347.0 1.39936
1347.5 1.341936
1348.0 1.170568
1348.5 1.164592
1349.0 1.2104
1349.5 1.215104
1350.0 1.24956
1350.5 1.218032
1351.0 1.23444
1351.5 1.530592
1352.0 1.999472
1352.5 1.47208
1353.0 1.07544
1353.5 1.07352
1354.0 1.339032
1354.5 1.297536
1355.0 1.25364
1355.5 1.231184
1356.0 1.259024
1356.5 1.189824
1357.0 1.126856
1357.5 1.069904
1358.0 0.846232
1358.5 1.256704
1359.0 1.66768
1359.5 1.2278
1360.0 1.298392
1360.5 1.25272
1361.0 1.133032
1361.5 1.115536
1362.0 1.301248
1362.5 1.213616
1363.0 1.086072
1363.5 1.104144
1364.0 0.994784
1364.5 1.226032
1365.0 1.573336
1365.5 1.232448
1366.0 1.117856
1366.5 1.312
1367.0 1.506856
1367.5 1.23896
1368.0 1.043288
1368.5 1.21144
1369.0 1.415832
1369.5 1.21224
1370.0 1.143528
1370.5 1.262992
1371.0 1.521576
1371.5 1.325976
1372.0 1.091888
1372.5 1.159584
1373.0 1.35412
1373.5 1.222336
1374.0 1.056616
1374.5 1.104064
1375.0 1.407464
1375.5 1.351888
1376.0 1.036776
1376.5 1.040464
1377.0 1.35132
1377.5 1.258928
1378.0 1.201696
1378.5 1.17976
1379.0 1.414736
1379.5 1.391152
1380.0 1.212808
1380.5 1.1552
1381.0 1.336392
1381.5 1.33792
1382.0 1.29524
1382.5 1.188816
1383.0 1.337784
1383.5 1.292016
1384.0 1.114136
1384.5 1.10608
1385.0 1.409736
1385.5 1.360656
1386.0 1.169816
1386.5 1.150624
1387.0 1.40044
1387.5 1.3868
1388.0 1.205344
1388.5 1.167408
1389.0 1.4186
1389.5 1.332512
1390.0 1.028904
1390.5 1.032928
1391.0 1.225848
1391.5 1.203872
1392.0 1.129352
1392.5 1.10832
1393.0 1.389712
1393.5 1.34416
1394.0 1.070568
1394.5 1.053136
1395.0 1.250952
1395.5 1.146928
1396.0 1.34532
1396.5 1.427952
1397.0 1.526248
1397.5 1.44464
1398.0 1.336984
1398.5 1.119552
1399.0 1.484144
1399.5 1.414832
1400.0 1.04988
1400.5 1.03352
1401.0 1.291064
1401.5 1.259984
1402.0 1.237328
1402.5 1.18288
1403.0 1.358984
1403.5 1.320624
1404.0 1.209592
1404.5 1.202456
1405.0 1.176992
1405.5 1.212352
1406.0 1.320712
1406.5 1.1876
1407.0 1.046928
1407.5 1.32416
1408.0 1.631784
1408.5 1.242528
1409.0 1.036008
1409.5 1.209248
1410.0 1.409704
1410.5 1.175456
1411.0 1.187104
1411.5 1.229312
1412.0 1.14312
1412.5 1.078576
1413.0 1.453744
1413.5 1.365096
1414.0 1.408752
1414.5 1.337296
1415.0 1.04664
1415.5 1.063544
1416.0 1.335704
1416.5 1.214208
1417.0 1.071872
1417.5 1.03564
1418.0 1.256632
1418.5 1.252896
1419.0 0.884608
1419.5 1.161408
1420.0 1.536776
1420.5 1.292296
1421.0 0.991048
1421.5 1.128368
1422.0 1.674856
1422.5 1.303712
1423.0 1.171256
1423.5 1.323864
1424.0 1.434472
1424.5 1.211648
1425.0 1.099872
1425.5 1.207264
1426.0 1.7084
1426.5 1.408016
1427.0 1.005128
1427.5 1.162896
1428.0 1.514016
1428.5 1.280944
1429.0 1.017952
1429.5 1.1336
1430.0 1.374776
1430.5 1.175936
1431.0 1.323256
1431.5 1.364352
1432.0 1.216952
1432.5 1.120912
1433.0 1.123504
1433.5 1.103936
1434.0 1.29364
1434.5 1.2796
1435.0 1.198728
1435.5 1.178928
1436.0 1.379776
1436.5 1.332352
1437.0 1.236328
1437.5 1.177552
1438.0 1.214776
1438.5 1.22584
1439.0 1.19348
1439.5 1.15784
