0.0 1.09528
0.5 1.244808
1.0 1.218504
1.5 1.031936
2.0 1.018144
2.5 1.211856
3.0 1.209184
3.5 1.119024
4.0 1.094864
4.5 1.151584
5.0 1.143872
5.5 1.055184
6.0 1.038496
6.5 1.081328
7.0 1.064024
7.5 1.145408
8.0 1.063328
8.5 1.21016
9.0 1.187344
9.5 1.080656
10.0 1.022424
10.5 1.169224
11.0 1.109536
11.5 1.086776
12.0 1.084848
12.5 1.276184
13.0 1.236544
13.5 1.076392
14.0 1.062064
14.5 1.1478
15.0 1.112144
15.5 1.125272
16.0 1.10352
16.5 1.332752
17.0 1.319824
17.5 1.159136
18.0 1.14792
18.5 1.279352
19.0 1.224904
19.5 1.103376
20.0 1.089104
20.5 1.239736
21.0 1.221824
21.5 1.107088
22.0 1.088272
22.5 1.233872
23.0 1.208608
23.5 1.018536
24.0 1.01424
24.5 1.25864
25.0 1.226624
25.5 1.712192
26.0 1.669888
26.5 0.747416
27.0 0.723344
27.5 1.163416
28.0 1.083024
28.5 0.881504
29.0 0.826784
29.5 0.968
30.0 0.952336
30.5 1.3222
31.0 1.285296
31.5 1.23048
32.0 1.1924
32.5 1.073792
33.0 1.064864
33.5 0.877336
34.0 0.840488
34.5 1.529216
35.0 1.491712
35.5 0.98368
36.0 0.966688
36.5 1.033032
37.0 1.124128
37.5 1.16408
38.0 1.034144
38.5 1.08536
39.0 1.07376
39.5 1.361568
40.0 1.280264
40.5 1.170344
41.0 1.098368
41.5 1.589328
42.0 1.594496
42.5 0.85568
43.0 0.801904
43.5 1.047576
44.0 1.025072
44.5 0.922512
45.0 0.892624
45.5 1.366944
46.0 1.331872
46.5 0.788968
47.0 0.774224
47.5 1.308488
48.0 1.226064
48.5 1.066568
49.0 1.039728
49.5 1.33236
50.0 1.3068
50.5 0.941176
51.0 0.920176
51.5 1.209672
52.0 1.186488
52.5 1.092216
53.0 1.0768
53.5 1.32972
54.0 1.307072
54.5 1.128176
55.0 1.105856
55.5 1.093712
56.0 1.070064
56.5 1.350624
57.0 1.326864
57.5 1.11912
58.0 1.09568
58.5 0.948576
59.0 0.940384
59.5 1.161024
60.0 1.134112
60.5 1.050624
61.0 1.035248
61.5 1.23316
62.0 1.195584
62.5 0.963008
63.0 0.952816
63.5 1.322816
64.0 1.30416
64.5 1.036872
65.0 1.024624
65.5 1.0096
66.0 0.998416
66.5 1.081312
67.0 1.067496
67.5 1.148352
68.0 1.067664
68.5 0.919264
69.0 0.91288
69.5 1.492736
70.0 1.421376
70.5 1.234888
71.0 1.170656
71.5 0.9806
72.0 1.002512
72.5 1.16508
73.0 1.114728
73.5 1.302112
74.0 1.27224
74.5 1.048344
75.0 1.032592
75.5 1.156328
76.0 1.13896
76.5 1.024832
77.0 1.032304
77.5 1.045952
78.0 1.034592
78.5 1.112408
79.0 1.092016
79.5 1.269616
80.0 1.221008
80.5 1.014072
81.0 0.996352
81.5 1.226496
82.0 1.201216
82.5 1.103328
83.0 1.086688
83.5 1.049064
84.0 1.030176
84.5 1.13736
85.0 1.11812
85.5 1.09068
86.0 1.079712
86.5 1.269136
87.0 1.242032
87.5 1.2528
88.0 1.175872
88.5 1.067696
89.0 1.047168
89.5 1.240008
90.0 1.21856
90.5 1.029632
91.0 1.016016
91.5 0.99976
92.0 0.981552
92.5 1.567904
93.0 1.531936
93.5 0.98816
94.0 0.980928
94.5 0.910448
95.0 0.897312
95.5 1.166472
96.0 1.143024
96.5 1.146968
97.0 1.122912
97.5 1.193424
98.0 1.177872
98.5 1.08176
99.0 1.070624
99.5 1.15444
100.0 1.085688
100.5 1.208008
101.0 1.11856
101.5 1.087944
102.0 1.110848
102.5 1.05248
103.0 1.032544
103.5 1.282368
104.0 1.236704
104.5 1.237632
105.0 1.205184
105.5 1.09296
106.0 1.127032
106.5 1.139456
107.0 1.089296
107.5 1.424752
108.0 1.351424
108.5 0.956472
109.0 0.938768
109.5 1.232464
110.0 1.218032
110.5 1.185784
111.0 1.176656
111.5 0.965008
112.0 0.951072
112.5 1.10936
113.0 1.09456
113.5 1.096504
114.0 1.076208
114.5 1.15616
115.0 1.141776
115.5 1.124376
116.0 1.107264
116.5 1.009888
117.0 1.00528
117.5 1.344048
118.0 1.298504
118.5 1.030456
119.0 1.016256
119.5 1.078312
120.0 1.0576
120.5 0.846896
121.0 0.980064
121.5 0.614336
122.0 1.1712
122.5 0.723064
123.0 1.104
123.5 1.008656
124.0 1.163344
124.5 1.1436
125.0 1.113328
125.5 1.231688
126.0 1.20024
126.5 1.175792
127.0 1.150752
127.5 1.372832
128.0 1.292448
128.5 1.04308
129.0 1.026032
129.5 1.255696
130.0 1.159624
130.5 0.98676
131.0 0.933328
131.5 1.191712
132.0 1.1704
132.5 1.056584
133.0 1.047784
133.5 1.01284
134.0 0.996816
134.5 1.27572
135.0 1.252592
135.5 1.050104
136.0 1.032704
136.5 1.094288
137.0 1.078496
137.5 1.058168
138.0 1.04608
138.5 1.03644
139.0 1.012888
139.5 1.285832
140.0 1.25196
140.5 1.125968
141.0 1.100544
141.5 1.184632
142.0 1.167328
142.5 1.26248
143.0 1.269632
143.5 1.071096
144.0 1.031088
144.5 1.170672
145.0 1.121296
145.5 1.065872
146.0 1.059952
146.5 1.046304
147.0 1.032704
147.5 1.330368
148.0 1.250064
148.5 1.077952
149.0 1.06328
149.5 1.262136
150.0 1.23016
150.5 1.19808
151.0 1.167192
151.5 1.2254
152.0 1.205088
152.5 0.996568
153.0 0.980448
153.5 1.086896
154.0 1.086864
154.5 1.038256
155.0 1.015008
155.5 0.901768
156.0 0.895792
156.5 1.35024
157.0 1.30944
157.5 1.000656
158.0 0.996688
158.5 1.216976
159.0 1.198544
159.5 1.17068
160.0 1.11032
160.5 1.162952
161.0 1.106928
161.5 1.158816
162.0 1.149664
162.5 1.214832
163.0 1.186528
163.5 1.11864
164.0 1.104576
164.5 1.157184
165.0 1.142976
165.5 1.006048
166.0 1.011768
166.5 1.22396
167.0 1.179888
167.5 1.153528
168.0 1.078768
168.5 1.17348
169.0 1.151808
169.5 1.174208
170.0 1.153232
170.5 1.114968
171.0 1.092336
171.5 1.082696
172.0 1.061096
172.5 1.19648
173.0 1.224976
173.5 1.125976
174.0 1.05144
174.5 1.174672
175.0 1.140808
175.5 1.129344
176.0 1.153776
176.5 1.179408
177.0 1.124352
177.5 1.15992
178.0 1.132816
178.5 1.312848
179.0 1.301936
179.5 0.89464
180.0 1.38128
180.5 1.368752
181.0 1.1464
181.5 1.177536
182.0 1.265408
182.5 1.292064
183.0 1.212896
183.5 1.16652
184.0 1.360688
184.5 1.309248
185.0 1.161456
185.5 1.115792
186.0 1.33368
186.5 1.321888
187.0 1.170112
187.5 1.165344
188.0 1.30748
188.5 1.288048
189.0 1.213848
189.5 1.172992
190.0 1.354104
190.5 1.264768
191.0 1.170016
191.5 1.206608
192.0 1.30168
192.5 1.242656
193.0 1.123792
193.5 1.140016
194.0 1.297528
194.5 1.22824
195.0 1.200544
195.5 1.253232
196.0 1.326016
196.5 1.30272
197.0 1.177552
197.5 1.117584
198.0 1.379912
198.5 1.382784
199.0 1.186576
199.5 1.129232
200.0 1.339128
200.5 1.251344
201.0 1.247616
201.5 1.145072
202.0 1.329504
202.5 1.347232
203.0 1.180056
203.5 1.121584
204.0 1.32136
204.5 1.302544
205.0 1.112784
205.5 1.10528
206.0 1.362336
206.5 1.401808
207.0 1.19132
207.5 1.161936
208.0 1.33684
208.5 1.27624
209.0 1.080816
209.5 1.079712
210.0 1.339232
210.5 1.326352
211.0 1.152208
211.5 1.112064
212.0 1.355624
212.5 1.305728
213.0 1.127472
213.5 1.239168
214.0 1.327272
214.5 1.261968
215.0 0.71
215.5 1.121152
216.0 0.762816
216.5 1.328104
217.0 0.761008
217.5 1.171728
218.0 0.954056
218.5 1.321696
219.0 1.22112
219.5 1.100112
220.0 1.488512
220.5 1.37648
221.0 1.068032
221.5 1.11696
222.0 1.374024
222.5 1.26648
223.0 1.137792
223.5 1.157232
224.0 1.338544
224.5 1.33044
225.0 1.189904
225.5 1.091952
226.0 1.311632
226.5 1.33632
227.0 1.154784
227.5 1.149968
228.0 1.128328
228.5 1.302528
229.0 1.350304
229.5 1.147072
230.0 1.223744
230.5 1.163872
231.0 1.20744
231.5 1.175808
232.0 1.394784
232.5 1.304112
233.0 1.125264
233.5 1.129712
234.0 1.375328
234.5 1.359936
235.0 1.1896
235.5 1.10288
236.0 1.173888
236.5 1.393328
237.0 1.28176
237.5 1.146096
238.0 1.217896
238.5 1.270288
239.0 1.415688
239.5 1.184208
240.0 1.2206
240.5 1.296832
241.0 1.219384
241.5 1.118224
242.0 1.163528
242.5 1.361424
243.0 1.391464
243.5 1.095072
244.0 1.199816
244.5 1.379792
245.0 1.262952
245.5 1.071472
246.0 1.131232
246.5 1.098704
247.0 1.296296
247.5 1.350096
248.0 1.242352
248.5 1.18888
249.0 1.34272
249.5 1.28444
250.0 1.11936
250.5 1.134064
251.0 1.353728
251.5 1.330944
252.0 1.209952
252.5 1.191536
253.0 1.319392
253.5 1.29192
254.0 1.190112
254.5 1.134688
255.0 1.30012
255.5 1.3568
256.0 1.163952
256.5 1.065664
257.0 1.335416
257.5 1.31632
258.0 1.2474
258.5 1.167888
259.0 1.334288
259.5 1.331152
260.0 1.147536
260.5 1.13288
261.0 1.37188
261.5 1.29072
262.0 1.199008
262.5 1.123392
263.0 1.318672
263.5 1.369808
264.0 1.220624
264.5 1.117872
265.0 1.254208
265.5 1.317536
266.0 1.17868
266.5 1.134672
267.0 1.326096
267.5 1.358656
268.0 1.153472
268.5 1.153888
269.0 1.437424
269.5 1.261168
270.0 1.145952
270.5 1.136
271.0 1.299744
271.5 1.319216
272.0 1.220728
272.5 1.156752
273.0 1.282128
273.5 1.254368
274.0 1.184056
274.5 1.191024
275.0 1.284112
275.5 1.228816
276.0 1.12736
276.5 1.094704
277.0 1.364952
277.5 1.428736
278.0 1.17784
278.5 1.102048
279.0 1.377744
279.5 1.285328
280.0 1.159296
280.5 1.162528
281.0 1.417752
281.5 1.357504
282.0 1.176552
282.5 1.098024
283.0 1.300624
283.5 1.363696
284.0 1.144736
284.5 1.174496
285.0 1.360384
285.5 1.254928
286.0 1.185984
286.5 1.096832
287.0 1.302752
287.5 1.269056
288.0 1.130664
288.5 1.211888
289.0 1.285896
289.5 1.286848
290.0 1.18912
290.5 1.111488
291.0 1.371944
291.5 1.313552
292.0 1.191208
292.5 1.125344
293.0 1.369552
293.5 1.383312
294.0 1.150488
294.5 1.107024
295.0 1.30652
295.5 1.315968
296.0 1.18348
296.5 1.186832
297.0 1.314768
297.5 1.20776
298.0 1.144624
298.5 1.183856
299.0 1.449448
299.5 1.360208
300.0 1.168832
300.5 1.047536
301.0 1.354528
301.5 1.333904
302.0 1.176904
302.5 1.244192
303.0 1.361168
303.5 1.266944
304.0 1.123952
304.5 1.160896
305.0 1.338344
305.5 1.332752
306.0 1.14992
306.5 1.140336
307.0 1.344688
307.5 1.256752
308.0 1.15256
308.5 1.1712
309.0 1.331616
309.5 1.292192
310.0 1.068448
310.5 1.041824
311.0 1.333832
311.5 1.34336
312.0 1.195632
312.5 1.114624
313.0 1.385536
313.5 1.4412
314.0 1.233648
314.5 1.148736
315.0 1.298288
315.5 1.307736
316.0 1.123456
316.5 1.111968
317.0 1.410096
317.5 1.33464
318.0 1.124608
318.5 1.102016
319.0 1.405936
319.5 1.31152
320.0 1.084352
320.5 1.1388
321.0 1.427448
321.5 1.29032
322.0 1.180664
322.5 1.22856
323.0 1.337984
323.5 1.276384
324.0 1.172544
324.5 1.138328
325.0 1.332064
325.5 1.310368
326.0 0.765272
326.5 1.146944
327.0 0.693384
327.5 1.260496
328.0 0.710096
328.5 1.136752
329.0 0.69004
329.5 1.193968
330.0 1.412512
330.5 1.253488
331.0 1.003776
331.5 1.249824
332.0 0.726096
332.5 1.147616
333.0 0.72424
333.5 1.335232
334.0 1.427216
334.5 1.123392
335.0 1.435344
335.5 1.363184
336.0 1.059088
336.5 1.03292
337.0 1.263984
337.5 1.321984
338.0 1.19744
338.5 1.105696
339.0 1.459592
339.5 1.369808
340.0 1.16676
340.5 1.182352
341.0 1.449464
341.5 1.335824
342.0 1.1392
342.5 1.174912
343.0 1.38812
343.5 1.337664
344.0 1.170456
344.5 1.142864
345.0 1.38052
345.5 1.277872
346.0 1.134656
346.5 1.165008
347.0 1.180088
347.5 1.313232
348.0 1.285536
348.5 1.0884
349.0 1.024448
349.5 1.413808
350.0 0.72396
350.5 1.054368
351.0 0.763848
351.5 1.241768
352.0 1.322352
352.5 1.18408
353.0 1.28464
353.5 1.223232
354.0 1.335024
354.5 1.260912
355.0 1.18528
355.5 1.314384
356.0 1.450016
356.5 1.285344
357.0 1.113496
357.5 1.087432
358.0 1.12112
358.5 1.151296
359.0 1.335856
359.5 1.228848
360.0 1.369808
360.5 1.220624
361.0 1.117872
361.5 1.254208
362.0 1.317536
362.5 1.17868
363.0 1.134672
363.5 1.326096
364.0 1.358656
364.5 1.153472
365.0 1.153888
365.5 1.437424
366.0 1.261168
366.5 1.145952
367.0 1.136
367.5 1.299744
368.0 1.319216
368.5 1.220728
369.0 1.156752
369.5 1.282128
370.0 1.254368
370.5 1.184056
371.0 1.191024
371.5 1.284112
372.0 1.228816
372.5 1.12736
373.0 1.094704
373.5 1.364952
374.0 1.428736
374.5 1.17784
375.0 1.102048
375.5 1.377744
376.0 1.285328
376.5 1.159296
377.0 1.162528
377.5 1.417752
378.0 1.357504
378.5 1.176552
379.0 1.098024
379.5 1.300624
380.0 1.363696
380.5 1.144736
381.0 1.174496
381.5 1.360384
382.0 1.254928
382.5 1.185984
383.0 1.096832
383.5 1.302752
384.0 1.269056
384.5 1.130664
385.0 1.211888
385.5 1.285896
386.0 1.286848
386.5 1.18912
387.0 1.111488
387.5 1.371944
388.0 1.313552
388.5 1.191208
389.0 1.125344
389.5 1.369552
390.0 1.383312
390.5 1.150488
391.0 1.107024
391.5 1.30652
392.0 1.315968
392.5 1.18348
393.0 1.186832
393.5 1.314768
394.0 1.20776
394.5 1.144624
395.0 1.183856
395.5 1.449448
396.0 1.360208
396.5 1.168832
397.0 1.047536
397.5 1.354528
398.0 1.333904
398.5 1.176904
399.0 1.244192
399.5 1.361168
400.0 1.266944
400.5 1.123952
401.0 1.160896
401.5 1.338344
402.0 1.332752
402.5 1.14992
403.0 1.140336
403.5 1.344688
404.0 1.256752
404.5 1.15256
405.0 1.1712
405.5 1.331616
406.0 1.292192
406.5 1.068448
407.0 1.041824
407.5 1.333832
408.0 1.34336
408.5 1.195632
409.0 1.114624
409.5 1.385536
410.0 1.4412
410.5 1.233648
411.0 1.148736
411.5 1.298288
412.0 1.307736
412.5 1.123456
413.0 1.111968
413.5 1.410096
414.0 1.33464
414.5 1.124608
415.0 1.102016
415.5 1.405936
416.0 1.31152
416.5 1.084352
417.0 1.1388
417.5 1.427448
418.0 1.29032
418.5 1.180664
419.0 1.22856
419.5 1.337984
420.0 1.276384
420.5 1.172544
421.0 1.138328
421.5 1.332064
422.0 1.310368
422.5 0.765272
423.0 1.146944
423.5 0.693384
424.0 1.260496
424.5 0.710096
425.0 1.136752
425.5 0.69004
426.0 1.193968
426.5 1.412512
427.0 1.253488
427.5 1.003776
428.0 1.249824
428.5 0.726096
429.0 1.147616
429.5 0.72424
430.0 1.335232
430.5 1.427216
431.0 1.123392
431.5 1.435344
432.0 1.363184
432.5 1.059088
433.0 1.03292
433.5 1.263984
434.0 1.321984
434.5 1.19744
435.0 1.105696
435.5 1.459592
436.0 1.369808
436.5 1.16676
437.0 1.182352
437.5 1.449464
438.0 1.335824
438.5 1.1392
439.0 1.174912
439.5 1.38812
440.0 1.337664
440.5 1.170456
441.0 1.142864
441.5 1.38052
442.0 1.277872
442.5 1.134656
443.0 1.165008
443.5 1.180088
444.0 1.313232
444.5 1.285536
445.0 1.0884
445.5 1.024448
446.0 1.413808
446.5 0.72396
447.0 1.054368
447.5 0.763848
448.0 1.241768
448.5 1.322352
449.0 1.18408
449.5 1.28464
450.0 1.223232
450.5 1.335024
451.0 1.260912
451.5 1.18528
452.0 1.314384
452.5 1.450016
453.0 1.285344
453.5 1.113496
454.0 1.087432
454.5 1.12112
455.0 1.151296
455.5 1.335856
456.0 1.228848
456.5 1.241016
457.0 1.16632
457.5 1.140616
458.0 1.187456
458.5 1.089592
459.0 0.899888
459.5 0.714696
460.0 0.887744
460.5 1.508368
461.0 1.416736
461.5 1.333424
462.0 1.356944
462.5 1.48144
463.0 1.414944
463.5 1.214336
464.0 1.177792
464.5 1.297616
465.0 1.260576
465.5 1.234864
466.0 1.29212
466.5 1.307216
467.0 1.237088
467.5 1.140048
468.0 1.147936
468.5 1.424464
469.0 1.365952
469.5 1.159472
470.0 1.133712
470.5 1.299072
471.0 1.3272
471.5 1.150304
472.0 1.11616
472.5 1.175064
473.0 1.099664
473.5 1.265968
474.0 1.249888
474.5 1.389072
475.0 1.359728
475.5 0.860784
476.0 0.772568
476.5 0.106536
477.0 0.1
477.5 0.146744
478.0 0.1
478.5 0.147928
479.0 0.1
479.5 0.106608
480.0 0.1
480.5 0.10764
481.0 0.101688
481.5 0.107808
482.0 0.1
482.5 0.104744
483.0 0.1
483.5 0.106184
484.0 0.1
484.5 0.106152
485.0 0.1
485.5 0.103544
486.0 0.1
486.5 0.10568
487.0 0.101688
487.5 0.101856
488.0 0.1
488.5 0.102368
489.0 0.1
489.5 0.100928
490.0 0.1
490.5 0.100928
491.0 0.1
491.5 0.107936
492.0 0.1
492.5 0.106464
493.0 0.10176
493.5 0.101976
494.0 0.1
494.5 0.10348
495.0 0.1
495.5 0.160096
496.0 0.1
496.5 0.106912
497.0 0.10888
497.5 0.128368
498.0 0.123648
498.5 0.10488
499.0 0.10268
499.5 0.330112
500.0 0.503264
500.5 1.03752
501.0 1.052752
501.5 1.241584
502.0 1.228
502.5 1.08472
503.0 1.055664
503.5 1.24532
504.0 1.18576
504.5 0.985872
505.0 1.013136
505.5 1.331728
506.0 1.241264
506.5 1.063224
507.0 1.100928
507.5 1.232024
508.0 1.119712
508.5 1.028856
509.0 0.935728
509.5 1.232352
510.0 1.154064
510.5 1.024056
511.0 1.091056
511.5 1.26688
512.0 1.283984
512.5 0.993264
513.0 0.922272
513.5 1.142752
514.0 1.295624
514.5 1.222304
515.0 1.05448
515.5 1.2308
516.0 1.219216
516.5 1.147872
517.0 1.03056
517.5 1.034768
518.0 1.078704
518.5 1.012448
519.0 0.98168
519.5 1.221456
520.0 1.207528
520.5 1.092656
521.0 1.07056
521.5 1.126016
522.0 1.114864
522.5 1.12248
523.0 1.0312
523.5 1.179016
524.0 1.320208
524.5 1.263032
525.0 1.106208
525.5 1.117336
526.0 1.07952
526.5 1.022968
527.0 1.008048
527.5 1.105856
528.0 1.170592
528.5 1.215616
529.0 1.138336
529.5 1.184928
530.0 1.20416
530.5 1.229344
531.0 1.119344
531.5 1.163136
532.0 1.086216
532.5 1.012496
533.0 1.0764
533.5 1.143088
534.0 1.06008
534.5 1.00368
535.0 1.024352
535.5 1.134664
536.0 1.145696
536.5 1.238128
537.0 1.129648
537.5 1.1438
538.0 0.9276
538.5 1.356072
539.0 1.517376
539.5 1.054528
540.0 1.110336
540.5 0.8514
541.0 1.016688
541.5 2.018152
542.0 1.301472
542.5 0.15764
543.0 1.268496
543.5 0.177368
544.0 1.329936
544.5 0.144752
545.0 1.188592
545.5 0.183696
546.0 1.290904
546.5 0.144176
547.0 1.19304
547.5 1.31868
548.0 1.235296
548.5 1.040528
549.0 1.192192
549.5 1.191616
550.0 1.526064
550.5 2.048104
551.0 1.183344
551.5 1.97908
552.0 1.360744
552.5 0.90868
553.0 1.275648
553.5 0.184184
554.0 1.148672
554.5 1.688088
555.0 1.181192
555.5 0.674416
556.0 1.27704
556.5 0.134952
557.0 1.0356
557.5 2.502736
558.0 1.545328
558.5 0.225448
559.0 1.065744
559.5 2.657752
560.0 1.485808
560.5 2.094472
561.0 1.073424
561.5 2.339512
562.0 1.392944
562.5 0.837928
563.0 1.128288
563.5 1.588168
564.0 1.462392
564.5 3.3902
565.0 1.142608
565.5 1.12668
566.0 1.119616
566.5 1.760376
567.0 1.169296
567.5 1.228256
568.0 1.304704
568.5 1.2974
569.0 1.218864
569.5 1.378
570.0 1.304384
570.5 0.92112
571.0 0.923808
571.5 1.197608
572.0 1.576064
572.5 1.264504
573.0 1.119232
573.5 2.201048
574.0 1.298432
574.5 0.73324
575.0 1.237024
575.5 1.906752
576.0 1.273248
576.5 1.558088
577.0 1.165664
577.5 0.82976
578.0 1.59672
578.5 2.52216
579.0 1.204376
579.5 1.072704
580.0 1.067104
580.5 0.384528
581.0 1.276288
581.5 3.126192
582.0 1.605104
582.5 0.509856
583.0 1.191808
583.5 2.844784
584.0 1.324752
584.5 1.023808
585.0 1.055896
585.5 0.645888
586.0 1.329216
586.5 2.100856
587.0 1.381312
587.5 1.208832
588.0 1.041952
588.5 1.12256
589.0 1.111328
589.5 0.782456
590.0 1.24336
590.5 1.797936
591.0 1.26696
591.5 1.179
592.0 1.173216
592.5 1.088824
593.0 1.106624
593.5 1.152264
594.0 1.149936
594.5 1.453224
595.0 1.378592
595.5 0.737344
596.0 1.076016
596.5 1.415864
597.0 1.191128
597.5 1.943128
598.0 1.646288
598.5 1.392976
599.0 1.265392
599.5 0.868736
600.0 1.036208
600.5 1.326744
601.0 1.256576
601.5 1.847848
602.0 1.542816
602.5 0.833208
603.0 0.853408
603.5 0.756952
604.0 1.321936
604.5 2.132344
605.0 1.376832
605.5 0.981384
606.0 0.989024
606.5 1.131224
607.0 1.147392
607.5 1.117408
608.0 1.162528
608.5 1.09092
609.0 1.079328
609.5 1.237296
610.0 1.060208
610.5 1.327096
611.0 1.3268
611.5 1.408008
612.0 1.331464
612.5 1.082312
613.0 1.312576
613.5 0.867544
614.0 1.212832
614.5 1.758104
615.0 1.54824
615.5 0.89552
616.0 1.071536
616.5 1.221528
617.0 1.278576
617.5 1.19316
618.0 1.260264
618.5 0.298512
619.0 1.26112
619.5 0.7412
620.0 1.058832
620.5 0.198688
621.0 1.31504
621.5 0.173456
622.0 1.199904
622.5 0.1534
623.0 1.040528
623.5 0.18176
624.0 1.24936
624.5 0.807352
625.0 1.212616
625.5 0.624528
626.0 1.146368
626.5 0.668456
627.0 1.236904
627.5 0.152664
628.0 0.564728
628.5 0.31904
629.0 1.190512
629.5 0.322824
630.0 1.600312
630.5 0.299096
631.0 1.57664
631.5 0.3038
632.0 1.595248
632.5 0.290312
633.0 1.471576
633.5 0.435768
634.0 1.203824
634.5 1.082688
635.0 0.927616
635.5 0.584768
636.0 0.464432
636.5 0.604608
637.0 1.12396
637.5 0.180496
638.0 0.477664
638.5 0.379344
639.0 1.59976
639.5 0.275992
640.0 1.604112
640.5 0.606992
641.0 1.244256
641.5 0.464016
642.0 1.3608
642.5 0.614616
643.0 1.151328
643.5 0.303536
644.0 1.608224
644.5 0.342992
645.0 1.54068
645.5 0.825408
646.0 1.570112
646.5 0.336888
647.0 1.43272
647.5 0.563056
648.0 1.194648
648.5 0.220032
649.0 1.313136
649.5 0.672872
650.0 1.305656
650.5 0.808464
651.0 1.158648
651.5 0.618984
652.0 0.997376
652.5 3.081472
653.0 1.58896
653.5 2.36944
654.0 1.295992
654.5 5.097424
655.0 1.569808
655.5 1.393584
656.0 1.160528
656.5 1.97672
657.0 1.481208
657.5 1.34956
658.0 1.263328
658.5 0.815368
659.0 1.168048
659.5 0.471464
660.0 1.362064
660.5 3.034032
661.0 1.338976
661.5 0.908504
662.0 1.200064
662.5 1.75396
663.0 1.341224
663.5 1.029784
664.0 1.040128
664.5 0.824792
665.0 1.155056
665.5 1.860736
666.0 1.348288
666.5 1.212392
667.0 1.261488
667.5 1.316024
668.0 1.258464
668.5 0.966616
669.0 1.171584
669.5 1.353184
670.0 1.11256
670.5 1.364648
671.0 1.355808
671.5 1.301496
672.0 1.224992
672.5 1.257696
673.0 1.231392
673.5 1.213176
674.0 1.213376
674.5 1.154632
675.0 1.173968
675.5 1.22776
676.0 1.291456
676.5 0.136824
677.0 1.11016
677.5 0.159792
678.0 1.096552
678.5 0.221992
679.0 1.093904
679.5 0.17628
680.0 1.435584
680.5 0.165856
681.0 1.282768
681.5 0.17848
682.0 1.266368
682.5 0.177032
683.0 1.252272
683.5 0.13896
684.0 1.146216
684.5 0.133704
685.0 1.01816
685.5 0.16256
686.0 1.28784
686.5 0.155232
687.0 1.018288
687.5 0.152464
688.0 1.149184
688.5 0.181624
689.0 1.443104
689.5 0.172544
690.0 1.176256
690.5 0.130576
691.0 1.050912
691.5 0.188928
692.0 1.368432
692.5 0.126024
693.0 1.071056
693.5 0.135456
694.0 0.984944
694.5 0.137168
695.0 1.263888
695.5 0.215296
696.0 1.5014
696.5 0.165728
697.0 1.241344
697.5 0.169608
698.0 1.24432
698.5 0.217208
699.0 1.0376
699.5 0.130408
700.0 1.167536
700.5 0.125384
701.0 1.174944
701.5 0.228904
702.0 1.1208
702.5 0.121816
703.0 1.122176
703.5 0.15908
704.0 1.365256
704.5 0.14392
705.0 1.145664
705.5 0.13964
706.0 1.187872
706.5 0.130992
707.0 1.291504
707.5 0.130304
708.0 1.10128
708.5 0.131248
709.0 1.149904
709.5 0.132312
710.0 1.159312
710.5 0.13596
711.0 1.21828
711.5 0.137464
712.0 1.215104
712.5 0.128936
713.0 1.05608
713.5 0.157448
714.0 1.419344
714.5 0.230936
715.0 1.57664
715.5 0.130168
716.0 1.0076
716.5 0.122368
717.0 0.832184
717.5 0.17536
718.0 1.27184
718.5 0.279968
719.0 1.3516
719.5 0.167416
720.0 1.361424
720.5 1.391464
721.0 1.095072
721.5 1.199816
722.0 1.379792
722.5 1.262952
723.0 1.071472
723.5 1.131232
724.0 1.098704
724.5 1.296296
725.0 1.350096
725.5 1.242352
726.0 1.18888
726.5 1.34272
727.0 1.28444
727.5 1.11936
728.0 1.134064
728.5 1.353728
729.0 1.330944
729.5 1.209952
730.0 1.191536
730.5 1.319392
731.0 1.29192
731.5 1.190112
732.0 1.134688
732.5 1.30012
733.0 1.3568
733.5 1.163952
734.0 1.065664
734.5 1.335416
735.0 1.31632
735.5 1.2474
736.0 1.167888
736.5 1.334288
737.0 1.331152
737.5 1.147536
738.0 1.13288
738.5 1.37188
739.0 1.29072
739.5 1.199008
740.0 1.123392
740.5 1.318672
741.0 1.369808
741.5 1.220624
742.0 1.117872
742.5 1.254208
743.0 1.317536
743.5 1.17868
744.0 1.134672
744.5 1.326096
745.0 1.358656
745.5 1.153472
746.0 1.153888
746.5 1.437424
747.0 1.261168
747.5 1.145952
748.0 1.136
748.5 1.299744
749.0 1.319216
749.5 1.220728
750.0 1.156752
750.5 1.282128
751.0 1.254368
751.5 1.184056
752.0 1.191024
752.5 1.284112
753.0 1.228816
753.5 1.12736
754.0 1.094704
754.5 1.364952
755.0 1.428736
755.5 1.17784
756.0 1.102048
756.5 1.377744
757.0 1.285328
757.5 1.159296
758.0 1.162528
758.5 1.417752
759.0 1.357504
759.5 1.176552
760.0 1.098024
760.5 1.300624
761.0 1.363696
761.5 1.144736
762.0 1.174496
762.5 1.360384
763.0 1.254928
763.5 1.185984
764.0 1.096832
764.5 1.302752
765.0 1.269056
765.5 1.130664
766.0 1.211888
766.5 1.285896
767.0 1.286848
767.5 1.18912
768.0 1.111488
768.5 1.371944
769.0 1.313552
769.5 1.191208
770.0 1.125344
770.5 1.369552
771.0 1.383312
771.5 1.150488
772.0 1.107024
772.5 1.30652
773.0 1.315968
773.5 1.18348
774.0 1.186832
774.5 1.314768
775.0 1.20776
775.5 1.144624
776.0 1.183856
776.5 1.449448
777.0 1.360208
777.5 1.168832
778.0 1.047536
778.5 1.354528
779.0 1.333904
779.5 1.176904
780.0 1.244192
780.5 1.361168
781.0 1.266944
781.5 1.123952
782.0 1.160896
782.5 1.338344
783.0 1.332752
783.5 1.14992
784.0 1.140336
784.5 1.344688
785.0 1.256752
785.5 1.15256
786.0 1.1712
786.5 1.331616
787.0 1.292192
787.5 1.068448
788.0 1.041824
788.5 1.333832
789.0 1.34336
789.5 1.195632
790.0 1.114624
790.5 1.385536
791.0 1.4412
791.5 1.233648
792.0 1.148736
792.5 1.298288
793.0 1.307736
793.5 1.123456
794.0 1.111968
794.5 1.410096
795.0 1.33464
795.5 1.124608
796.0 1.102016
796.5 1.405936
797.0 1.31152
797.5 1.084352
798.0 1.1388
798.5 1.427448
799.0 1.29032
799.5 1.180664
800.0 1.22856
800.5 1.337984
801.0 1.276384
801.5 1.172544
802.0 1.138328
802.5 1.332064
803.0 1.310368
803.5 0.765272
804.0 1.146944
804.5 0.693384
805.0 1.260496
805.5 0.710096
806.0 1.136752
806.5 0.69004
807.0 1.193968
807.5 1.412512
808.0 1.253488
808.5 1.003776
809.0 1.249824
809.5 0.726096
810.0 1.147616
810.5 0.72424
811.0 1.335232
811.5 1.427216
812.0 1.123392
812.5 1.435344
813.0 1.363184
813.5 1.059088
814.0 1.03292
814.5 1.263984
815.0 1.321984
815.5 1.19744
816.0 1.105696
816.5 1.459592
817.0 1.369808
817.5 1.16676
818.0 1.182352
818.5 1.449464
819.0 1.335824
819.5 1.1392
820.0 1.174912
820.5 1.38812
821.0 1.337664
821.5 1.170456
822.0 1.142864
822.5 1.38052
823.0 1.277872
823.5 1.134656
824.0 1.165008
824.5 1.180088
825.0 1.313232
825.5 1.285536
826.0 1.0884
826.5 1.024448
827.0 1.413808
827.5 0.72396
828.0 1.054368
828.5 0.763848
829.0 1.241768
829.5 1.322352
830.0 1.18408
830.5 1.28464
831.0 1.223232
831.5 1.335024
832.0 1.260912
832.5 1.18528
833.0 1.314384
833.5 1.450016
834.0 1.285344
834.5 1.113496
835.0 1.087432
835.5 1.12112
836.0 1.151296
836.5 1.335856
837.0 1.228848
837.5 1.241016
838.0 1.16632
838.5 1.140616
839.0 1.187456
839.5 1.089592
840.0 0.899888
840.5 0.714696
841.0 0.887744
841.5 1.508368
842.0 1.416736
842.5 1.333424
843.0 1.356944
843.5 1.48144
844.0 1.414944
844.5 1.214336
845.0 1.177792
845.5 1.297616
846.0 1.260576
846.5 1.234864
847.0 1.29212
847.5 1.307216
848.0 1.237088
848.5 1.140048
849.0 1.147936
849.5 1.424464
850.0 1.365952
850.5 1.159472
851.0 1.133712
851.5 1.299072
852.0 1.3272
852.5 1.150304
853.0 1.11616
853.5 1.175064
854.0 1.099664
854.5 1.265968
855.0 1.249888
855.5 1.389072
856.0 1.359728
856.5 0.860784
857.0 0.772568
857.5 0.106536
858.0 0.1
858.5 0.146744
859.0 0.1
859.5 0.147928
860.0 0.1
860.5 0.106608
861.0 0.1
861.5 0.10764
862.0 0.101688
862.5 0.107808
863.0 0.1
863.5 0.104744
864.0 0.1
864.5 0.106184
865.0 0.1
865.5 0.106152
866.0 0.1
866.5 0.103544
867.0 0.1
867.5 0.10568
868.0 0.101688
868.5 0.101856
869.0 0.1
869.5 0.102368
870.0 0.1
870.5 0.100928
871.0 0.1
871.5 0.100928
872.0 0.1
872.5 0.107936
873.0 0.1
873.5 0.106464
874.0 0.10176
874.5 0.101976
875.0 0.1
875.5 0.10348
876.0 0.1
876.5 0.160096
877.0 0.1
877.5 0.106912
878.0 0.10888
878.5 0.128368
879.0 0.123648
879.5 0.10488
880.0 0.10268
880.5 0.330112
881.0 0.503264
881.5 1.03752
882.0 1.052752
882.5 1.241584
883.0 1.228
883.5 1.08472
884.0 1.055664
884.5 1.24532
885.0 1.18576
885.5 0.985872
886.0 1.013136
886.5 1.331728
887.0 1.241264
887.5 1.063224
888.0 1.100928
888.5 1.232024
889.0 1.119712
889.5 1.028856
890.0 0.935728
890.5 1.232352
891.0 1.154064
891.5 1.024056
892.0 1.091056
892.5 1.26688
893.0 1.283984
893.5 0.993264
894.0 0.922272
894.5 1.142752
895.0 1.295624
895.5 1.222304
896.0 1.05448
896.5 1.2308
897.0 1.219216
897.5 1.147872
898.0 1.03056
898.5 1.034768
899.0 1.078704
899.5 1.012448
900.0 0.988184
900.5 1.260624
901.0 1.871352
901.5 1.448704
902.0 1.087664
902.5 1.29784
903.0 0.727072
903.5 1.148688
904.0 0.6264
904.5 0.95216
905.0 1.660688
905.5 1.382608
906.0 1.024272
906.5 1.139472
907.0 1.610448
907.5 1.36516
908.0 1.211416
908.5 1.344944
909.0 1.282552
909.5 1.268992
910.0 1.451872
910.5 0.98768
911.0 0.985256
911.5 0.963712
912.0 0.793728
912.5 0.960128
913.0 1.129664
913.5 1.346928
914.0 0.569208
914.5 1.290688
915.0 0.340432
915.5 1.601536
916.0 2.80468
916.5 1.317296
917.0 1.130032
917.5 1.227872
918.0 0.853968
918.5 1.083856
919.0 1.034912
919.5 1.058112
920.0 1.097176
920.5 1.164744
921.0 0.647512
921.5 1.466512
922.0 0.980248
922.5 1.564
923.0 0.833248
923.5 1.07276
924.0 0.731816
924.5 1.08608
925.0 0.485608
925.5 1.494792
926.0 1.283936
926.5 1.195384
927.0 0.817352
927.5 1.502928
928.0 0.920632
928.5 1.235296
929.0 0.788504
929.5 0.886064
930.0 0.5642
930.5 1.172432
931.0 1.29836
931.5 1.29992
932.0 0.903976
932.5 0.979456
933.0 0.94748
933.5 1.144848
934.0 0.731256
934.5 0.977056
935.0 1.005472
935.5 1.545584
936.0 0.759744
936.5 1.074128
937.0 0.84508
937.5 1.292352
938.0 0.593088
938.5 1.175904
939.0 0.87288
939.5 1.315232
940.0 0.644544
940.5 1.056872
941.0 1.184448
941.5 1.327168
942.0 0.967096
942.5 1.169944
943.0 1.491904
943.5 1.373424
944.0 1.73008
944.5 1.441104
945.0 1.299512
945.5 1.230744
946.0 1.090016
946.5 1.008296
947.0 1.515928
947.5 1.458896
948.0 0.977776
948.5 0.974224
949.0 1.207344
949.5 1.085544
950.0 1.1118
950.5 1.15752
951.0 1.009752
951.5 1.108176
952.0 1.484776
952.5 1.28784
953.0 1.226184
953.5 1.241248
954.0 1.120232
954.5 1.084624
955.0 1.260792
955.5 1.24056
956.0 1.033856
956.5 1.099408
957.0 1.477792
957.5 1.41112
958.0 1.259504
958.5 1.211088
959.0 1.278328
959.5 1.314464
960.0 1.38204
960.5 1.253408
961.0 1.042328
961.5 1.253504
962.0 1.795008
962.5 1.49888
963.0 0.805096
963.5 1.558592
964.0 2.017608
964.5 1.044672
965.0 0.865896
965.5 1.14128
966.0 1.721936
966.5 1.267776
967.0 0.838168
967.5 1.002608
968.0 1.334048
968.5 1.12064
969.0 1.19384
969.5 1.383472
970.0 1.404096
970.5 1.15712
971.0 1.01976
971.5 1.15904
972.0 1.468992
972.5 1.278096
973.0 0.980136
973.5 1.089976
974.0 1.807744
974.5 1.591824
975.0 1.030536
975.5 1.098176
976.0 1.090944
976.5 1.001456
977.0 1.346872
977.5 1.398624
978.0 1.410296
978.5 1.28656
979.0 1.112
979.5 1.021312
980.0 1.311072
980.5 1.252912
981.0 1.135664
981.5 1.140624
982.0 1.44068
982.5 1.371904
983.0 1.256192
983.5 1.260256
984.0 1.25984
984.5 1.241368
985.0 0.97992
985.5 0.974856
986.0 1.483848
986.5 1.352664
987.0 1.184776
987.5 1.109024
988.0 1.047536
988.5 1.11264
989.0 0.994016
989.5 1.471752
990.0 1.998064
990.5 1.312016
991.0 0.923016
991.5 0.936816
992.0 1.472272
992.5 1.40872
993.0 1.195648
993.5 1.158928
994.0 1.166792
994.5 1.16968
995.0 1.159472
995.5 1.169248
996.0 1.38196
996.5 1.332112
997.0 1.15388
997.5 1.154352
998.0 1.527952
998.5 1.425904
999.0 1.08444
999.5 1.103328
1000.0 1.267544
1000.5 1.494944
1001.0 1.42808
1001.5 1.064136
1002.0 1.18164
1002.5 1.347992
1003.0 1.40992
1003.5 1.144288
1004.0 1.426456
1004.5 1.372128
1005.0 1.017752
1005.5 0.998288
1006.0 1.358896
1006.5 1.2518
1007.0 1.276224
1007.5 1.252656
1008.0 1.457336
1008.5 1.3892
1009.0 0.836752
1009.5 1.215424
1010.0 2.0584
1010.5 1.603072
1011.0 1.25756
1011.5 1.028192
1012.0 1.124864
1012.5 1.103536
1013.0 1.101624
1013.5 1.090896
1014.0 0.962672
1014.5 0.942496
1015.0 1.14288
1015.5 1.149936
1016.0 1.387064
1016.5 1.36104
1017.0 1.164352
1017.5 1.161344
1018.0 1.475016
1018.5 1.402928
1019.0 1.089944
1019.5 1.063376
1020.0 0.87396
1020.5 1.430992
1021.0 1.909384
1021.5 1.290288
1022.0 1.075336
1022.5 1.258928
1023.0 1.507144
1023.5 1.23288
1024.0 0.81236
1024.5 1.264864
1025.0 2.253432
1025.5 1.59848
1026.0 1.246912
1026.5 1.111376
1027.0 0.854672
1027.5 1.234896
1028.0 1.451528
1028.5 1.007824
1029.0 0.94316
1029.5 0.95112
1030.0 1.328456
1030.5 1.316144
1031.0 0.977912
1031.5 0.961552
1032.0 1.001232
1032.5 1.299648
1033.0 1.651584
1033.5 1.286848
1034.0 1.231456
1034.5 1.201136
1035.0 1.0844
1035.5 1.205536
1036.0 1.220904
1036.5 1.243296
1037.0 1.851168
1037.5 1.52768
1038.0 1.066184
1038.5 1.249888
1039.0 1.480968
1039.5 1.159848
1040.0 1.15732
1040.5 1.196864
1041.0 1.26684
1041.5 1.2056
1042.0 1.261976
1042.5 1.225472
1043.0 1.004376
1043.5 0.995904
1044.0 1.166808
1044.5 1.178416
1045.0 1.336824
1045.5 1.238064
1046.0 1.259912
1046.5 1.17728
1047.0 1.346296
1047.5 1.294416
1048.0 1.392296
1048.5 1.36936
1049.0 1.005976
1049.5 0.997168
1050.0 1.212696
1050.5 1.206336
1051.0 1.46804
1051.5 1.412616
1052.0 1.190088
1052.5 1.209792
1053.0 1.329896
1053.5 1.269696
1054.0 1.423104
1054.5 1.356064
1055.0 1.12312
1055.5 1.130368
1056.0 1.14336
1056.5 1.120392
1057.0 1.326072
1057.5 1.287344
1058.0 1.278928
1058.5 1.262096
1059.0 1.175768
1059.5 1.170752
1060.0 1.124544
1060.5 1.13932
1061.0 1.22424
1061.5 1.202512
1062.0 1.16112
1062.5 1.151088
1063.0 1.1884
1063.5 1.211104
1064.0 1.194992
1064.5 1.18144
1065.0 1.408536
1065.5 1.343088
1066.0 1.208256
1066.5 1.105232
1067.0 1.505176
1067.5 1.453104
1068.0 0.768936
1068.5 1.263536
1069.0 2.193488
1069.5 1.454512
1070.0 1.212504
1070.5 1.311584
1071.0 1.405232
1071.5 1.235216
1072.0 0.793424
1072.5 0.76788
1073.0 1.397376
1073.5 1.3756
1074.0 1.384904
1074.5 1.329232
1075.0 1.062912
1075.5 1.24984
1076.0 1.593664
1076.5 1.312912
1077.0 1.19056
1077.5 1.163664
1078.0 1.134632
1078.5 1.109616
1079.0 1.316552
1079.5 1.309632
1080.0 0.117416
1080.5 0.168368
1081.0 0.143304
1081.5 0.13604
1082.0 0.120408
1082.5 0.4008
1083.0 0.11468
1083.5 0.12152
1084.0 0.123424
1084.5 0.281808
1085.0 0.111152
1085.5 0.12152
1086.0 0.119976
1086.5 0.210608
1087.0 0.111904
1087.5 0.12152
1088.0 0.110656
1088.5 0.388032
1089.0 0.112168
1089.5 0.11224
1090.0 0.106408
1090.5 0.101688
1091.0 0.1
1091.5 0.1
1092.0 0.10204
1092.5 0.1
1093.0 0.160416
1093.5 0.1
1094.0 0.104224
1094.5 0.1
1095.0 0.104456
1095.5 0.1
1096.0 0.107088
1096.5 0.101688
1097.0 0.105728
1097.5 0.1
1098.0 1.14496
1098.5 0.147328
1099.0 0.125856
1099.5 0.143632
1100.0 0.104344
1100.5 0.110672
1101.0 0.106864
1101.5 0.281168
1102.0 1.014648
1102.5 1.036656
1103.0 1.071984
1103.5 1.05144
1104.0 1.093424
1104.5 1.10632
1105.0 1.157432
1105.5 1.102192
1106.0 1.29708
1106.5 1.125344
1107.0 1.063168
1107.5 1.130192
1108.0 1.33584
1108.5 1.24932
1109.0 1.01752
1109.5 0.997936
1110.0 1.127376
1110.5 1.077792
1111.0 1.198816
1111.5 1.183968
1112.0 1.179264
1112.5 1.176736
1113.0 1.125336
1113.5 1.091248
1114.0 0.743696
1114.5 1.057056
1115.0 0.717312
1115.5 1.21896
1116.0 0.891504
1116.5 1.057168
1117.0 0.831104
1117.5 1.144208
1118.0 0.944096
1118.5 1.03536
1119.0 1.091888
1119.5 1.047568
1120.0 1.041488
1120.5 1.003216
1121.0 1.201152
1121.5 1.28672
1122.0 1.167032
1122.5 1.161072
1123.0 1.227896
1123.5 1.115528
1124.0 0.95688
1124.5 1.007104
1125.0 1.146752
1125.5 1.051328
1126.0 1.147264
1126.5 1.159456
1127.0 1.285664
1127.5 1.117808
1128.0 1.28916
1128.5 1.289824
1129.0 1.080784
1129.5 1.166376
1130.0 1.100296
1130.5 1.08344
1131.0 1.014448
1131.5 0.97488
1132.0 1.38856
1132.5 1.477488
1133.0 1.292152
1133.5 1.150224
1134.0 0.966656
1134.5 0.926384
1135.0 1.023448
1135.5 0.97944
1136.0 1.194512
1136.5 1.14848
1137.0 0.989728
1137.5 0.986336
1138.0 1.465536
1138.5 1.475984
1139.0 1.137104
1139.5 1.15248
1140.0 1.295392
1140.5 1.303408
1141.0 1.025144
1141.5 0.973384
1142.0 1.261024
1142.5 1.186368
1143.0 0.993312
1143.5 1.015184
1144.0 1.27352
1144.5 1.214912
1145.0 0.951808
1145.5 0.76372
1146.0 0.56104
1146.5 0.68656
1147.0 2.198312
1147.5 1.908904
1148.0 0.952576
1148.5 1.129632
1149.0 0.966008
1149.5 0.99052
1150.0 1.181904
1150.5 1.157536
1151.0 1.135808
1151.5 1.1948
1152.0 1.116248
1152.5 0.978448
1153.0 1.213024
1153.5 1.196624
1154.0 1.074496
1154.5 1.110784
1155.0 1.024464
1155.5 1.016672
1156.0 1.147208
1156.5 1.099848
1157.0 1.222432
1157.5 1.113984
1158.0 1.396544
1158.5 1.370832
1159.0 1.103952
1159.5 1.179568
1160.0 1.467728
1160.5 1.359328
1161.0 0.950768
1161.5 0.93744
1162.0 1.294768
1162.5 1.302296
1163.0 0.931952
1163.5 0.943488
1164.0 1.27528
1164.5 1.183248
1165.0 0.995928
1165.5 1.080864
1166.0 1.34196
1166.5 1.216464
1167.0 1.023776
1167.5 0.996608
1168.0 1.240856
1168.5 1.192352
1169.0 0.981008
1169.5 0.988256
1170.0 1.276376
1170.5 1.358944
1171.0 0.954616
1171.5 0.850288
1172.0 1.169664
1172.5 1.01904
1173.0 0.940096
1173.5 0.949088
1174.0 0.773792
1174.5 1.009976
1175.0 1.113688
1175.5 1.121472
1176.0 1.159272
1176.5 1.117952
1177.0 1.190048
1177.5 1.23424
1178.0 1.182816
1178.5 1.15496
1179.0 1.221848
1179.5 1.165984
1180.0 1.023608
1180.5 0.978432
1181.0 1.031632
1181.5 0.983504
1182.0 1.113008
1182.5 1.18984
1183.0 1.362808
1183.5 1.240736
1184.0 1.037968
1184.5 1.155984
1185.0 1.207576
1185.5 1.127408
1186.0 1.086008
1186.5 1.05568
1187.0 1.141648
1187.5 1.046208
1188.0 1.077536
1188.5 1.1656
1189.0 1.096624
1189.5 1.004952
1190.0 1.122008
1190.5 1.114896
1191.0 1.117904
1191.5 1.079312
1192.0 1.178664
1192.5 1.250208
1193.0 1.201216
1193.5 1.066784
1194.0 2.698352
1194.5 1.317384
1195.0 1.283672
1195.5 1.182136
1196.0 1.145592
1196.5 1.115968
1197.0 1.214056
1197.5 1.10384
1198.0 1.069904
1198.5 1.162336
1199.0 3.70788
1199.5 1.160608
1200.0 1.141848
1200.5 1.221008
1201.0 1.1628
1201.5 1.086416
1202.0 1.186168
1202.5 0.921904
1203.0 0.665312
1203.5 0.891184
1204.0 1.207344
1204.5 1.271088
1205.0 1.286912
1205.5 1.167392
1206.0 1.048632
1206.5 1.058032
1207.0 1.302888
1207.5 1.285688
1208.0 1.127816
1208.5 1.14584
1209.0 1.129272
1209.5 1.041456
1210.0 1.047872
1210.5 1.094048
1211.0 1.137584
1211.5 1.07536
1212.0 1.27516
1212.5 1.22464
1213.0 1.21088
1213.5 1.186448
1214.0 1.112304
1214.5 1.076208
1215.0 1.018368
1215.5 0.981168
1216.0 1.050672
1216.5 1.160016
1217.0 1.111824
1217.5 1.074384
1218.0 1.16296
1218.5 1.093392
1219.0 1.203856
1219.5 1.153136
1220.0 1.177456
1220.5 1.159664
1221.0 1.082832
1221.5 1.117456
1222.0 1.188688
1222.5 1.21476
1223.0 1.17568
1223.5 1.084592
1224.0 1.138448
1224.5 1.222144
1225.0 1.214944
1225.5 1.1636
1226.0 1.115736
1226.5 0.99504
1227.0 1.024576
1227.5 1.035408
1228.0 1.117072
1228.5 1.07756
1229.0 1.167664
1229.5 1.072512
1230.0 1.04424
1230.5 1.103808
1231.0 1.082776
1231.5 1.154096
1232.0 1.2176
1232.5 1.024896
1233.0 1.108112
1233.5 1.160768
1234.0 1.19584
1234.5 1.078112
1235.0 1.112992
1235.5 1.187488
1236.0 1.25144
1236.5 1.248208
1237.0 1.15588
1237.5 1.177296
1238.0 1.113248
1238.5 1.063856
1239.0 1.06744
1239.5 0.989744
1240.0 1.066032
1240.5 1.138312
1241.0 1.065752
1241.5 1.055888
1242.0 1.24356
1242.5 1.191232
1243.0 1.081152
1243.5 0.975024
1244.0 1.179768
1244.5 1.112816
1245.0 0.25872
1245.5 0.15928
1246.0 0.336072
1246.5 0.240272
1247.0 0.118936
1247.5 0.194384
1248.0 0.821
1248.5 1.319968
1249.0 2.948136
1249.5 2.885888
1250.0 2.792456
1250.5 2.645552
1251.0 1.058672
1251.5 1.019568
1252.0 0.304336
1252.5 1.19792
1253.0 0.274368
1253.5 1.157104
1254.0 0.76836
1254.5 1.159712
1255.0 1.161592
1255.5 1.123736
1256.0 1.196368
1256.5 1.179632
1257.0 1.530008
1257.5 1.34
1258.0 1.111376
1258.5 1.047552
1259.0 1.190096
1259.5 1.140416
1260.0 1.165448
1260.5 1.108096
1261.0 1.25796
1261.5 1.248224
1262.0 1.344864
1262.5 1.323712
1263.0 1.798864
1263.5 1.600968
1264.0 1.085208
1264.5 1.125168
1265.0 1.172864
1265.5 1.14736
1266.0 1.110696
1266.5 1.041664
1267.0 1.281304
1267.5 1.311696
1268.0 1.140744
1268.5 1.021088
1269.0 1.639768
1269.5 1.572736
1270.0 1.162424
1270.5 1.154464
1271.0 1.267912
1271.5 1.28256
1272.0 0.991272
1272.5 0.965936
1273.0 1.402648
1273.5 1.413168
1274.0 1.219568
1274.5 1.13904
1275.0 1.216512
1275.5 1.167664
1276.0 1.335888
1276.5 1.332784
1277.0 1.415936
1277.5 1.324896
1278.0 1.180424
1278.5 1.168648
1279.0 1.062568
1279.5 1.057568
1280.0 1.382424
1280.5 1.364688
1281.0 1.14596
1281.5 1.082912
1282.0 1.311376
1282.5 1.285776
1283.0 1.385312
1283.5 1.296792
1284.0 1.095456
1284.5 1.07672
1285.0 1.147688
1285.5 1.18432
1286.0 1.202856
1286.5 1.156176
1287.0 1.401144
1287.5 1.402592
1288.0 1.1302
1288.5 1.048384
1289.0 1.431992
1289.5 1.445728
1290.0 1.172728
1290.5 1.149296
1291.0 1.322136
1291.5 1.3244
1292.0 1.279544
1292.5 1.220656
1293.0 1.267416
1293.5 1.221104
1294.0 1.219472
1294.5 1.205104
1295.0 1.262664
1295.5 1.24992
1296.0 1.184744
1296.5 1.186384
1297.0 1.432392
1297.5 1.378464
1298.0 1.240632
1298.5 1.19856
1299.0 1.221944
1299.5 1.239264
1300.0 1.175192
1300.5 1.13816
1301.0 0.782328
1301.5 1.257728
1302.0 2.061048
1302.5 1.44184
1303.0 0.8064
1303.5 1.229488
1304.0 2.023752
1304.5 1.388496
1305.0 1.040928
1305.5 1.19728
1306.0 1.321584
1306.5 1.094672
1307.0 1.168296
1307.5 1.296384
1308.0 1.402744
1308.5 1.189824
1309.0 1.184912
1309.5 1.162352
1310.0 1.07472
1310.5 1.132056
1311.0 1.313928
1311.5 1.151032
1312.0 1.12236
1312.5 1.203472
1313.0 1.348432
1313.5 1.3978
1314.0 1.553872
1314.5 1.219208
1315.0 1.003312
1315.5 1.210856
1316.0 1.510976
1316.5 1.259176
1317.0 1.053432
1317.5 1.231184
1318.0 1.49524
1318.5 1.26252
1319.0 1.080712
1319.5 1.167968
1320.0 1.494088
1320.5 1.357168
1321.0 1.126696
1321.5 1.184936
1322.0 1.58484
1322.5 1.383008
1323.0 1.125544
1323.5 1.1356
1324.0 1.40452
1324.5 1.271496
1325.0 1.112584
1325.5 1.129136
1326.0 1.306192
1326.5 1.243504
1327.0 1.40772
1327.5 1.372224
1328.0 1.283
1328.5 1.169264
1329.0 1.022256
1329.5 1.057952
1330.0 1.329816
1330.5 1.22112
1331.0 0.949608
1331.5 1.01136
1332.0 1.346072
1332.5 1.244992
1333.0 1.157704
1333.5 1.195824
1334.0 1.54892
1334.5 1.444624
1335.0 0.930544
1335.5 0.946352
1336.0 1.320504
1336.5 1.44248
1337.0 1.503096
1337.5 1.240128
1338.0 1.108864
1338.5 1.085936
1339.0 1.58308
1339.5 1.498256
1340.0 1.075144
1340.5 1.086528
1341.0 1.205912
1341.5 1.058224
1342.0 0.829656
1342.5 1.429568
1343.0 2.103176
1343.5 1.350016
1344.0 1.141128
1344.5 1.134136
1345.0 1.072072
1345.5 1.080048
1346.0 1.120656
1346.5 1.084896
1347.0 1.270736
1347.5 1.24104
1348.0 1.2522
1348.5 1.150304
1349.0 1.235856
1349.5 1.22872
1350.0 1.115016
1350.5 1.13168
1351.0 1.346424
1351.5 1.289776
1352.0 1.241608
1352.5 1.238912
1353.0 1.39936
1353.5 1.341936
1354.0 1.170568
1354.5 1.164592
1355.0 1.2104
1355.5 1.215104
1356.0 1.24956
1356.5 1.218032
1357.0 1.23444
1357.5 1.530592
1358.0 1.999472
1358.5 1.47208
1359.0 1.07544
1359.5 1.07352
1360.0 1.339032
1360.5 1.297536
1361.0 1.25364
1361.5 1.231184
1362.0 1.259024
1362.5 1.189824
1363.0 1.126856
1363.5 1.069904
1364.0 0.846232
1364.5 1.256704
1365.0 1.66768
1365.5 1.2278
1366.0 1.298392
1366.5 1.25272
1367.0 1.133032
1367.5 1.115536
1368.0 1.301248
1368.5 1.213616
1369.0 1.086072
1369.5 1.104144
1370.0 0.994784
1370.5 1.226032
1371.0 1.573336
1371.5 1.232448
1372.0 1.117856
1372.5 1.312
1373.0 1.506856
1373.5 1.23896
1374.0 1.043288
1374.5 1.21144
1375.0 1.415832
1375.5 1.21224
1376.0 1.143528
1376.5 1.262992
1377.0 1.521576
1377.5 1.325976
1378.0 1.091888
1378.5 1.159584
1379.0 1.35412
1379.5 1.222336
1380.0 1.056616
1380.5 1.104064
1381.0 1.407464
1381.5 1.351888
1382.0 1.036776
1382.5 1.040464
1383.0 1.35132
1383.5 1.258928
1384.0 1.201696
1384.5 1.17976
1385.0 1.414736
1385.5 1.391152
1386.0 1.212808
1386.5 1.1552
1387.0 1.336392
1387.5 1.33792
1388.0 1.29524
1388.5 1.188816
1389.0 1.337784
1389.5 1.292016
1390.0 1.114136
1390.5 1.10608
1391.0 1.409736
1391.5 1.360656
1392.0 1.169816
1392.5 1.150624
1393.0 1.40044
1393.5 1.3868
1394.0 1.205344
1394.5 1.167408
1395.0 1.4186
1395.5 1.332512
1396.0 1.028904
1396.5 1.032928
1397.0 1.225848
1397.5 1.203872
1398.0 1.129352
1398.5 1.10832
1399.0 1.389712
1399.5 1.34416
1400.0 1.070568
1400.5 1.053136
1401.0 1.250952
1401.5 1.146928
1402.0 1.34532
1402.5 1.427952
1403.0 1.526248
1403.5 1.44464
1404.0 1.336984
1404.5 1.119552
1405.0 1.484144
1405.5 1.414832
1406.0 1.04988
1406.5 1.03352
1407.0 1.291064
1407.5 1.259984
1408.0 1.237328
1408.5 1.18288
1409.0 1.358984
1409.5 1.320624
1410.0 1.209592
1410.5 1.202456
1411.0 1.176992
1411.5 1.212352
1412.0 1.320712
1412.5 1.1876
1413.0 1.046928
1413.5 1.32416
1414.0 1.631784
1414.5 1.242528
1415.0 1.036008
1415.5 1.209248
1416.0 1.409704
1416.5 1.175456
1417.0 1.187104
1417.5 1.229312
1418.0 1.14312
1418.5 1.078576
1419.0 1.453744
1419.5 1.365096
1420.0 1.408752
1420.5 1.337296
1421.0 1.04664
1421.5 1.063544
1422.0 1.335704
1422.5 1.214208
1423.0 1.071872
1423.5 1.03564
1424.0 1.256632
1424.5 1.252896
1425.0 0.884608
1425.5 1.161408
1426.0 1.536776
1426.5 1.292296
1427.0 0.991048
1427.5 1.128368
1428.0 1.674856
1428.5 1.303712
1429.0 1.171256
1429.5 1.323864
1430.0 1.434472
1430.5 1.211648
1431.0 1.099872
1431.5 1.207264
1432.0 1.7084
1432.5 1.408016
1433.0 1.005128
1433.5 1.162896
1434.0 1.514016
1434.5 1.280944
1435.0 1.017952
1435.5 1.1336
1436.0 1.374776
1436.5 1.175936
1437.0 1.323256
1437.5 1.364352
1438.0 1.216952
1438.5 1.120912
1439.0 1.123504
1439.5 1.103936
