0.0 1.146456
0.5 1.129424
1.0 1.320696
1.5 1.307008
2.0 1.140616
2.5 1.156832
3.0 1.304392
3.5 1.248
4.0 1.15792
4.5 1.195152
5.0 1.314688
5.5 1.329792
6.0 1.169456
6.5 1.063664
7.0 1.390672
7.5 1.434544
8.0 1.0888
8.5 1.159216
9.0 1.37592
9.5 1.347824
10.0 1.131872
10.5 1.149968
11.0 1.30332
11.5 1.289248
12.0 1.167168
12.5 1.102688
13.0 1.36032
13.5 1.329088
14.0 1.101104
14.5 1.13344
15.0 1.296272
15.5 1.215536
16.0 1.154232
16.5 1.182144
17.0 1.248672
17.5 1.30352
18.0 1.17096
18.5 1.163872
19.0 1.319616
19.5 1.340944
20.0 1.192488
20.5 1.126336
21.0 1.274992
21.5 1.296624
22.0 1.132264
22.5 1.097568
23.0 1.271648
23.5 1.292432
24.0 1.105552
24.5 1.121536
25.0 1.398328
25.5 1.284832
26.0 1.19836
26.5 1.185584
27.0 1.345488
27.5 1.403488
28.0 1.129648
28.5 1.055712
29.0 1.310176
29.5 1.34336
30.0 1.137712
30.5 1.115264
31.0 1.323952
31.5 1.277736
32.0 1.108304
32.5 1.151856
33.0 1.47716
33.5 1.409008
34.0 1.090552
34.5 1.10464
35.0 1.306232
35.5 1.293456
36.0 1.133304
36.5 1.148992
37.0 1.282616
37.5 1.295792
38.0 1.106648
38.5 1.068128
39.0 1.282208
39.5 1.28848
40.0 1.10584
40.5 1.054496
41.0 1.351784
41.5 1.382672
42.0 1.113392
42.5 1.187616
43.0 1.354176
43.5 1.286512
44.0 1.12384
44.5 1.16232
45.0 1.351392
45.5 1.32848
46.0 1.090608
46.5 1.150352
47.0 1.323728
47.5 1.231776
48.0 1.051632
48.5 1.083872
49.0 1.393504
49.5 1.351184
50.0 1.157064
50.5 1.20168
51.0 1.319536
51.5 1.36168
52.0 1.173008
52.5 1.133728
53.0 1.438496
53.5 1.369728
54.0 1.071792
54.5 1.078352
55.0 1.411048
55.5 1.347824
56.0 1.185256
56.5 1.147936
57.0 1.107688
57.5 1.320928
58.0 1.297768
58.5 1.142272
59.0 1.210376
59.5 1.352368
60.0 1.30112
60.5 1.13728
61.0 1.089512
61.5 1.28576
62.0 1.305408
62.5 1.075088
63.0 1.161
63.5 1.308208
64.0 1.27776
64.5 1.208888
65.0 0.806896
65.5 1.174368
66.0 0.701256
66.5 1.283968
67.0 0.716592
67.5 1.096528
68.0 1.218512
68.5 1.311056
69.0 1.132392
69.5 1.148352
70.0 1.339312
70.5 1.324224
71.0 1.134264
71.5 1.193216
72.0 1.335672
72.5 1.25136
73.0 1.158968
73.5 1.187088
74.0 1.3534
74.5 1.287792
75.0 1.111952
75.5 1.129776
76.0 1.306008
76.5 1.28216
77.0 1.143872
77.5 1.116896
78.0 1.269216
78.5 1.296592
79.0 1.20632
79.5 1.174736
80.0 0.920576
80.5 0.919744
81.0 0.800424
81.5 1.351984
82.0 0.73536
82.5 1.135328
83.0 0.688768
83.5 1.271312
84.0 0.814896
84.5 1.131232
85.0 1.151616
85.5 1.271616
86.0 1.056624
86.5 1.182752
87.0 0.794064
87.5 1.332992
88.0 0.689872
88.5 1.07176
89.0 1.263184
89.5 1.394848
90.0 1.086864
90.5 1.176944
91.0 1.377624
91.5 1.2672
92.0 1.160176
92.5 1.039776
93.0 1.38128
93.5 1.368752
94.0 1.1464
94.5 1.177536
95.0 1.265408
95.5 1.292064
96.0 1.212896
96.5 1.16652
97.0 1.360688
97.5 1.309248
98.0 1.161456
98.5 1.115792
99.0 1.33368
99.5 1.321888
100.0 1.170112
100.5 1.165344
101.0 1.30748
101.5 1.288048
102.0 1.213848
102.5 1.172992
103.0 1.354104
103.5 1.264768
104.0 1.170016
104.5 1.206608
105.0 1.30168
105.5 1.242656
106.0 1.123792
106.5 1.140016
107.0 1.297528
107.5 1.22824
108.0 1.200544
108.5 1.253232
109.0 1.326016
109.5 1.30272
110.0 1.177552
110.5 1.117584
111.0 1.379912
111.5 1.382784
112.0 1.186576
112.5 1.129232
113.0 1.339128
113.5 1.251344
114.0 1.247616
114.5 1.145072
115.0 1.329504
115.5 1.347232
116.0 1.180056
116.5 1.121584
117.0 1.32136
117.5 1.302544
118.0 1.112784
118.5 1.10528
119.0 1.362336
119.5 1.401808
120.0 1.19132
120.5 1.161936
121.0 1.33684
121.5 1.27624
122.0 1.080816
122.5 1.079712
123.0 1.339232
123.5 1.326352
124.0 1.152208
124.5 1.112064
125.0 1.355624
125.5 1.305728
126.0 1.127472
126.5 1.239168
127.0 1.327272
127.5 1.261968
128.0 0.71
128.5 1.121152
129.0 0.762816
129.5 1.328104
130.0 0.761008
130.5 1.171728
131.0 0.954056
131.5 1.321696
132.0 1.22112
132.5 1.100112
133.0 1.488512
133.5 1.37648
134.0 1.068032
134.5 1.11696
135.0 1.374024
135.5 1.26648
136.0 1.137792
136.5 1.157232
137.0 1.338544
137.5 1.33044
138.0 1.189904
138.5 1.091952
139.0 1.311632
139.5 1.33632
140.0 1.154784
140.5 1.149968
141.0 1.128328
141.5 1.302528
142.0 1.350304
142.5 1.147072
143.0 1.223744
143.5 1.163872
144.0 1.20744
144.5 1.175808
145.0 1.394784
145.5 1.304112
146.0 1.125264
146.5 1.129712
147.0 1.375328
147.5 1.359936
148.0 1.1896
148.5 1.10288
149.0 1.173888
149.5 1.393328
150.0 1.28176
150.5 1.146096
151.0 1.217896
151.5 1.270288
152.0 1.415688
152.5 1.184208
153.0 1.2206
153.5 1.296832
154.0 1.219384
154.5 1.118224
155.0 1.163528
155.5 1.361424
156.0 1.391464
156.5 1.095072
157.0 1.199816
157.5 1.379792
158.0 1.262952
158.5 1.071472
159.0 1.131232
159.5 1.098704
160.0 1.296296
160.5 1.350096
161.0 1.242352
161.5 1.18888
162.0 1.34272
162.5 1.28444
163.0 1.11936
163.5 1.134064
164.0 1.353728
164.5 1.330944
165.0 1.209952
165.5 1.191536
166.0 1.319392
166.5 1.29192
167.0 1.190112
167.5 1.134688
168.0 1.30012
168.5 1.3568
169.0 1.163952
169.5 1.065664
170.0 1.335416
170.5 1.31632
171.0 1.2474
171.5 1.167888
172.0 1.334288
172.5 1.331152
173.0 1.147536
173.5 1.13288
174.0 1.37188
174.5 1.29072
175.0 1.199008
175.5 1.123392
176.0 1.318672
176.5 1.369808
177.0 1.220624
177.5 1.117872
178.0 1.254208
178.5 1.317536
179.0 1.17868
179.5 1.134672
180.0 1.179328
180.5 1.412856
181.0 1.294544
181.5 1.147928
182.0 1.160976
182.5 1.34432
183.0 1.293744
183.5 1.187568
184.0 1.27536
184.5 1.3394
185.0 1.28752
185.5 1.108664
186.0 1.132768
186.5 1.305872
187.0 1.24832
187.5 1.162352
188.0 1.228
188.5 1.33588
189.0 1.258768
189.5 1.136688
190.0 1.122768
190.5 1.29388
191.0 1.23424
191.5 1.118536
192.0 1.146512
192.5 1.340112
193.0 1.339072
193.5 1.144496
194.0 1.145184
194.5 1.302976
195.0 1.334832
195.5 1.170072
196.0 1.098528
196.5 1.312368
197.0 1.31824
197.5 1.13684
198.0 1.132216
198.5 1.3312
199.0 1.355072
199.5 1.10352
200.0 1.102592
200.5 1.309768
201.0 1.269696
201.5 1.061776
202.0 1.132352
202.5 1.335024
203.0 1.246448
203.5 1.12364
204.0 1.24832
204.5 0.93132
205.0 1.324144
205.5 0.698304
206.0 1.123424
206.5 1.078704
207.0 1.214976
207.5 1.26664
208.0 1.225728
208.5 1.342304
209.0 1.31608
209.5 1.15132
210.0 1.200768
210.5 1.249832
211.0 1.210896
211.5 1.1888
212.0 1.179952
212.5 1.368584
213.0 1.333696
213.5 1.159896
214.0 1.16272
214.5 1.320504
215.0 1.355296
215.5 1.191592
216.0 1.12864
216.5 1.297416
217.0 1.264464
217.5 1.130824
218.0 1.186736
218.5 1.299888
219.0 1.217056
219.5 1.136184
220.0 1.178928
220.5 1.249584
221.0 1.251648
221.5 1.167776
222.0 1.16528
222.5 1.350432
223.0 1.285584
223.5 1.105424
224.0 1.125904
224.5 1.411456
225.0 1.461072
225.5 1.143072
226.0 1.12496
226.5 1.257632
227.0 1.23136
227.5 1.187488
228.0 1.179648
228.5 1.23304
229.0 1.254464
229.5 1.172832
230.0 1.164864
230.5 1.327008
231.0 1.293736
231.5 1.218448
232.0 1.22768
232.5 1.290048
233.0 1.275504
233.5 1.19264
234.0 1.114256
234.5 1.303112
235.0 1.286176
235.5 1.127728
236.0 1.13608
236.5 1.383728
237.0 1.385728
237.5 1.111288
238.0 1.120496
238.5 1.336744
239.0 1.34216
239.5 1.182864
240.0 1.190224
240.5 1.274112
241.0 1.239984
241.5 1.138064
242.0 1.096192
242.5 1.223496
243.0 1.329616
243.5 1.196
244.0 1.161808
244.5 1.37328
245.0 1.296528
245.5 1.1714
246.0 1.144928
246.5 1.250304
247.0 1.277072
247.5 1.137704
248.0 1.195168
248.5 1.275736
249.0 1.182144
249.5 1.14188
250.0 1.097648
250.5 1.281272
251.0 1.349504
251.5 1.265448
252.0 1.23736
252.5 1.318696
253.0 1.2844
253.5 1.156448
254.0 1.21664
254.5 1.31988
255.0 1.296768
255.5 1.106368
256.0 1.090416
256.5 1.3302
257.0 1.312896
257.5 1.118512
258.0 1.079232
258.5 1.300224
259.0 1.365328
259.5 1.180408
260.0 1.138368
260.5 1.386688
261.0 1.396384
261.5 1.101872
262.0 1.101584
262.5 1.38476
263.0 1.333936
263.5 1.135928
264.0 1.13164
264.5 1.350984
265.0 1.319888
265.5 1.129664
266.0 1.146656
266.5 1.348288
267.0 1.292736
267.5 1.145056
268.0 1.230112
268.5 1.239168
269.0 1.180272
269.5 1.116656
270.0 1.120448
270.5 1.313504
271.0 1.319856
271.5 1.209904
272.0 1.104496
272.5 1.114096
273.0 1.388272
273.5 1.337536
274.0 1.095424
274.5 1.24824
275.0 1.359984
275.5 1.267584
276.0 1.163072
276.5 1.132192
277.0 1.3004
277.5 1.353136
278.0 1.168224
278.5 1.121392
279.0 1.12256
279.5 1.355184
280.0 1.333536
280.5 1.1642
281.0 1.201072
281.5 1.217672
282.0 1.140368
282.5 1.105496
283.0 1.173984
283.5 1.332688
284.0 1.323488
284.5 1.107264
285.0 1.15856
285.5 0.670352
286.0 1.310736
286.5 0.735472
287.0 1.073776
287.5 1.15848
288.0 1.298736
288.5 1.206016
289.0 1.238512
289.5 1.354832
290.0 1.323152
290.5 1.169984
291.0 1.118992
291.5 1.386384
292.0 1.28672
292.5 1.116864
293.0 1.216432
293.5 1.336328
294.0 1.287904
294.5 1.212088
295.0 1.144192
295.5 1.353176
296.0 1.335008
296.5 1.068896
297.0 1.123384
297.5 1.306
298.0 1.272384
298.5 1.146456
299.0 1.129424
299.5 1.320696
300.0 1.307008
300.5 1.140616
301.0 1.156832
301.5 1.304392
302.0 1.248
302.5 1.15792
303.0 1.195152
303.5 1.314688
304.0 1.329792
304.5 1.169456
305.0 1.063664
305.5 1.390672
306.0 1.434544
306.5 1.0888
307.0 1.159216
307.5 1.37592
308.0 1.347824
308.5 1.131872
309.0 1.149968
309.5 1.30332
310.0 1.289248
310.5 1.167168
311.0 1.102688
311.5 1.36032
312.0 1.329088
312.5 1.101104
313.0 1.13344
313.5 1.296272
314.0 1.215536
314.5 1.154232
315.0 1.182144
315.5 1.248672
316.0 1.30352
316.5 1.17096
317.0 1.163872
317.5 1.319616
318.0 1.340944
318.5 1.192488
319.0 1.126336
319.5 1.274992
320.0 1.296624
320.5 1.132264
321.0 1.097568
321.5 1.271648
322.0 1.292432
322.5 1.105552
323.0 1.121536
323.5 1.398328
324.0 1.284832
324.5 1.19836
325.0 1.185584
325.5 1.345488
326.0 1.403488
326.5 1.129648
327.0 1.055712
327.5 1.310176
328.0 1.34336
328.5 1.137712
329.0 1.115264
329.5 1.323952
330.0 1.277736
330.5 1.108304
331.0 1.151856
331.5 1.47716
332.0 1.409008
332.5 1.090552
333.0 1.10464
333.5 1.306232
334.0 1.293456
334.5 1.133304
335.0 1.148992
335.5 1.282616
336.0 1.295792
336.5 1.106648
337.0 1.068128
337.5 1.282208
338.0 1.28848
338.5 1.10584
339.0 1.054496
339.5 1.351784
340.0 1.382672
340.5 1.113392
341.0 1.187616
341.5 1.354176
342.0 1.286512
342.5 1.12384
343.0 1.16232
343.5 1.351392
344.0 1.32848
344.5 1.090608
345.0 1.150352
345.5 1.323728
346.0 1.231776
346.5 1.051632
347.0 1.083872
347.5 1.393504
348.0 1.351184
348.5 1.157064
349.0 1.20168
349.5 1.319536
350.0 1.36168
350.5 1.173008
351.0 1.133728
351.5 1.438496
352.0 1.369728
352.5 1.071792
353.0 1.078352
353.5 1.411048
354.0 1.347824
354.5 1.185256
355.0 1.147936
355.5 1.107688
356.0 1.320928
356.5 1.297768
357.0 1.142272
357.5 1.210376
358.0 1.352368
358.5 1.30112
359.0 1.13728
359.5 1.089512
360.0 1.186656
360.5 1.184944
361.0 1.011872
361.5 1.067888
362.0 1.193152
362.5 1.070912
363.0 1.149968
363.5 1.108112
364.0 1.126152
364.5 1.204984
365.0 1.170112
365.5 1.078512
366.0 1.097776
366.5 1.133344
367.0 1.261664
367.5 1.10448
368.0 1.091608
368.5 0.88392
369.0 1.061408
369.5 1.130304
370.0 1.429008
370.5 1.199856
371.0 0.426928
371.5 0.286912
372.0 0.416768
372.5 0.277616
373.0 0.393304
373.5 0.132736
374.0 0.117656
374.5 0.116208
375.0 0.378048
375.5 0.13312
376.0 0.118368
376.5 0.100784
377.0 0.222776
377.5 0.100784
378.0 0.105704
378.5 0.1
379.0 0.289888
379.5 0.28692
380.0 0.322856
380.5 0.29248
381.0 0.226192
381.5 0.72624
382.0 0.376392
382.5 0.417056
383.0 0.111152
383.5 0.12152
384.0 0.177904
384.5 0.173824
385.0 0.11516
385.5 0.123208
386.0 0.220544
386.5 0.224768
387.0 0.113392
387.5 0.12152
388.0 0.292264
388.5 0.285712
389.0 0.118608
389.5 0.12152
390.0 0.2096
390.5 0.21064
391.0 0.119504
391.5 0.12328
392.0 0.211856
392.5 0.213824
393.0 0.112128
393.5 0.12024
394.0 0.20896
394.5 0.213808
395.0 0.170176
395.5 0.12648
396.0 0.244312
396.5 0.239248
397.0 0.168216
397.5 0.123224
398.0 0.329944
398.5 0.28504
399.0 0.121008
399.5 0.12152
400.0 0.186808
400.5 0.24712
401.0 0.135448
401.5 0.12152
402.0 0.117416
402.5 0.168368
403.0 0.143304
403.5 0.13604
404.0 0.120408
404.5 0.4008
405.0 0.11468
405.5 0.12152
406.0 0.123424
406.5 0.281808
407.0 0.111152
407.5 0.12152
408.0 0.119976
408.5 0.210608
409.0 0.111904
409.5 0.12152
410.0 0.110656
410.5 0.388032
411.0 0.112168
411.5 0.11224
412.0 0.106408
412.5 0.101688
413.0 0.1
413.5 0.1
414.0 0.10204
414.5 0.1
415.0 0.160416
415.5 0.1
416.0 0.104224
416.5 0.1
417.0 0.104456
417.5 0.1
418.0 0.107088
418.5 0.101688
419.0 0.105728
419.5 0.1
420.0 1.14496
420.5 0.147328
421.0 0.125856
421.5 0.143632
422.0 0.104344
422.5 0.110672
423.0 0.106864
423.5 0.281168
424.0 1.014648
424.5 1.036656
425.0 1.071984
425.5 1.05144
426.0 1.093424
426.5 1.10632
427.0 1.157432
427.5 1.102192
428.0 1.29708
428.5 1.125344
429.0 1.063168
429.5 1.130192
430.0 1.33584
430.5 1.24932
431.0 1.01752
431.5 0.997936
432.0 1.127376
432.5 1.077792
433.0 1.198816
433.5 1.183968
434.0 1.179264
434.5 1.176736
435.0 1.125336
435.5 1.091248
436.0 0.743696
436.5 1.057056
437.0 0.717312
437.5 1.21896
438.0 0.891504
438.5 1.057168
439.0 0.831104
439.5 1.144208
440.0 0.944096
440.5 1.03536
441.0 1.091888
441.5 1.047568
442.0 1.041488
442.5 1.003216
443.0 1.201152
443.5 1.28672
444.0 1.167032
444.5 1.161072
445.0 1.227896
445.5 1.115528
446.0 0.95688
446.5 1.007104
447.0 1.146752
447.5 1.051328
448.0 1.147264
448.5 1.159456
449.0 1.285664
449.5 1.117808
450.0 1.28916
450.5 1.289824
451.0 1.080784
451.5 1.166376
452.0 1.100296
452.5 1.08344
453.0 1.014448
453.5 0.97488
454.0 1.38856
454.5 1.477488
455.0 1.292152
455.5 1.150224
456.0 0.966656
456.5 0.926384
457.0 1.023448
457.5 0.97944
458.0 1.194512
458.5 1.14848
459.0 0.989728
459.5 0.986336
460.0 1.465536
460.5 1.475984
461.0 1.137104
461.5 1.15248
462.0 1.295392
462.5 1.303408
463.0 1.025144
463.5 0.973384
464.0 1.261024
464.5 1.186368
465.0 0.993312
465.5 1.015184
466.0 1.27352
466.5 1.214912
467.0 0.951808
467.5 0.76372
468.0 0.56104
468.5 0.68656
469.0 2.198312
469.5 1.908904
470.0 0.952576
470.5 1.129632
471.0 0.966008
471.5 0.99052
472.0 1.181904
472.5 1.157536
473.0 1.135808
473.5 1.1948
474.0 1.116248
474.5 0.978448
475.0 1.213024
475.5 1.196624
476.0 1.074496
476.5 1.110784
477.0 1.024464
477.5 1.016672
478.0 1.147208
478.5 1.099848
479.0 1.222432
479.5 1.113984
480.0 1.396544
480.5 1.370832
481.0 1.103952
481.5 1.179568
482.0 1.467728
482.5 1.359328
483.0 0.950768
483.5 0.93744
484.0 1.294768
484.5 1.302296
485.0 0.931952
485.5 0.943488
486.0 1.27528
486.5 1.183248
487.0 0.995928
487.5 1.080864
488.0 1.34196
488.5 1.216464
489.0 1.023776
489.5 0.996608
490.0 1.240856
490.5 1.192352
491.0 0.981008
491.5 0.988256
492.0 1.276376
492.5 1.358944
493.0 0.954616
493.5 0.850288
494.0 1.169664
494.5 1.01904
495.0 0.940096
495.5 0.949088
496.0 0.773792
496.5 1.009976
497.0 1.113688
497.5 1.121472
498.0 1.159272
498.5 1.117952
499.0 1.190048
499.5 1.23424
500.0 1.182816
500.5 1.15496
501.0 1.221848
501.5 1.165984
502.0 1.023608
502.5 0.978432
503.0 1.031632
503.5 0.983504
504.0 1.113008
504.5 1.18984
505.0 1.362808
505.5 1.240736
506.0 1.037968
506.5 1.155984
507.0 1.207576
507.5 1.127408
508.0 1.086008
508.5 1.05568
509.0 1.141648
509.5 1.046208
510.0 1.077536
510.5 1.1656
511.0 1.096624
511.5 1.004952
512.0 1.122008
512.5 1.114896
513.0 1.117904
513.5 1.079312
514.0 1.178664
514.5 1.250208
515.0 1.201216
515.5 1.066784
516.0 2.698352
516.5 1.317384
517.0 1.283672
517.5 1.182136
518.0 1.145592
518.5 1.115968
519.0 1.214056
519.5 1.10384
520.0 1.069904
520.5 1.162336
521.0 3.70788
521.5 1.160608
522.0 1.141848
522.5 1.221008
523.0 1.1628
523.5 1.086416
524.0 1.186168
524.5 0.921904
525.0 0.665312
525.5 0.891184
526.0 1.207344
526.5 1.271088
527.0 1.286912
527.5 1.167392
528.0 1.048632
528.5 1.058032
529.0 1.302888
529.5 1.285688
530.0 1.127816
530.5 1.14584
531.0 1.129272
531.5 1.041456
532.0 1.047872
532.5 1.094048
533.0 1.137584
533.5 1.07536
534.0 1.27516
534.5 1.22464
535.0 1.21088
535.5 1.186448
536.0 1.112304
536.5 1.076208
537.0 1.018368
537.5 0.981168
538.0 1.050672
538.5 1.160016
539.0 1.111824
539.5 1.074384
540.0 0.20556
540.5 1.159808
541.0 0.164424
541.5 1.204464
542.0 0.14164
542.5 1.170352
543.0 0.261056
543.5 1.250992
544.0 0.137464
544.5 1.16864
545.0 0.273104
545.5 1.28976
546.0 0.264424
546.5 1.153952
547.0 0.177016
547.5 1.379792
548.0 0.135568
548.5 1.091488
549.0 0.171
549.5 1.181248
550.0 0.266024
550.5 1.14556
551.0 3.346264
551.5 1.344112
552.0 1.244008
552.5 1.162992
553.0 1.361192
553.5 1.35376
554.0 1.1322
554.5 1.110544
555.0 1.488144
555.5 1.398192
556.0 1.218568
556.5 1.216528
557.0 0.968232
557.5 1.017136
558.0 1.225464
558.5 1.16436
559.0 1.22408
559.5 1.232496
560.0 1.230072
560.5 1.14016
561.0 1.158504
561.5 1.152368
562.0 1.304216
562.5 1.30392
563.0 1.099176
563.5 1.061072
564.0 1.335592
564.5 1.334272
565.0 1.178432
565.5 1.1758
566.0 1.198184
566.5 1.181872
567.0 1.10016
567.5 1.088496
568.0 1.248944
568.5 1.246208
569.0 1.28688
569.5 1.280128
570.0 1.184944
570.5 1.180272
571.0 1.262008
571.5 1.263712
572.0 1.327992
572.5 1.324224
573.0 1.2878
573.5 1.197216
574.0 1.251112
574.5 1.222432
575.0 1.268768
575.5 1.237616
576.0 1.323056
576.5 1.287416
577.0 1.200088
577.5 1.214096
578.0 1.096216
578.5 1.065744
579.0 1.281928
579.5 1.248384
580.0 1.243896
580.5 1.171704
581.0 1.295336
581.5 1.291952
582.0 1.254136
582.5 1.254928
583.0 1.167864
583.5 1.283152
584.0 1.239048
584.5 1.17376
585.0 1.258256
585.5 1.255
586.0 0.56044
586.5 0.545776
587.0 1.536712
587.5 1.551296
588.0 1.51108
588.5 1.57136
589.0 1.137288
589.5 1.379456
590.0 0.829352
590.5 1.288592
591.0 0.94768
591.5 1.215896
592.0 0.773176
592.5 1.467488
593.0 1.225896
593.5 1.266752
594.0 1.36272
594.5 1.156016
595.0 1.07284
595.5 1.191456
596.0 1.5174
596.5 1.083704
597.0 0.930784
597.5 1.103864
598.0 0.77096
598.5 1.595232
599.0 1.546792
599.5 1.111552
600.0 1.075016
600.5 1.17488
601.0 0.94828
601.5 1.063104
602.0 1.471528
602.5 1.2264
603.0 1.26928
603.5 1.199656
604.0 1.285952
604.5 1.196816
605.0 1.321472
605.5 1.246016
606.0 1.390272
606.5 1.257056
607.0 1.05832
607.5 1.100208
608.0 1.400352
608.5 1.357568
609.0 1.167744
609.5 1.104704
610.0 0.709096
610.5 1.364896
611.0 0.580656
611.5 1.202936
612.0 1.338056
612.5 1.440048
613.0 1.228216
613.5 1.316304
614.0 0.819512
614.5 1.146144
615.0 0.874176
615.5 1.14272
616.0 1.357792
616.5 1.307104
617.0 1.139432
617.5 1.16616
618.0 0.69244
618.5 1.249984
619.0 0.650968
619.5 1.166416
620.0 1.458784
620.5 1.383712
621.0 1.132896
621.5 1.15208
622.0 0.995632
622.5 1.369088
623.0 0.88052
623.5 0.946816
624.0 0.685176
624.5 1.319
625.0 0.73
625.5 1.278
626.0 0.925176
626.5 1.052336
627.0 0.787376
627.5 1.261632
628.0 0.729648
628.5 1.201328
629.0 0.701736
629.5 1.155792
630.0 0.615944
630.5 1.37728
631.0 0.851072
631.5 1.243568
632.0 0.811312
632.5 1.254688
633.0 0.73804
633.5 1.132432
634.0 0.978224
634.5 1.23704
635.0 0.906944
635.5 1.003792
636.0 0.70684
636.5 1.408832
637.0 0.701448
637.5 1.284968
638.0 1.034576
638.5 1.278336
639.0 0.904968
639.5 1.188784
640.0 1.086592
640.5 1.165744
641.0 0.754656
641.5 1.191696
642.0 1.178864
642.5 1.252944
643.0 0.952264
643.5 1.142896
644.0 1.077304
644.5 1.327376
645.0 1.449872
645.5 1.291568
646.0 1.152448
646.5 1.16696
647.0 0.710432
647.5 1.088304
648.0 1.444192
648.5 1.348144
649.0 1.796464
649.5 1.311664
650.0 1.173192
650.5 1.128672
651.0 1.089488
651.5 1.091736
652.0 1.328528
652.5 1.309664
653.0 1.169768
653.5 1.198752
654.0 1.211304
654.5 1.14376
655.0 1.114184
655.5 1.044224
656.0 1.059848
656.5 1.330832
657.0 1.8112
657.5 1.43132
658.0 0.983256
658.5 1.278608
659.0 1.927136
659.5 1.505136
660.0 1.082432
660.5 0.990512
661.0 1.026168
661.5 1.043488
662.0 1.311456
662.5 1.28896
663.0 1.283512
663.5 1.141568
664.0 1.219432
664.5 1.235552
665.0 1.127864
665.5 1.112352
666.0 1.308856
666.5 1.273232
667.0 1.232088
667.5 1.233376
668.0 1.231128
668.5 1.1928
669.0 1.15264
669.5 1.167728
670.0 1.266864
670.5 1.237328
671.0 1.237112
671.5 1.237264
672.0 1.165448
672.5 1.108096
673.0 1.25796
673.5 1.248224
674.0 1.344864
674.5 1.323712
675.0 1.798864
675.5 1.600968
676.0 1.085208
676.5 1.125168
677.0 1.172864
677.5 1.14736
678.0 1.110696
678.5 1.041664
679.0 1.281304
679.5 1.311696
680.0 1.140744
680.5 1.021088
681.0 1.639768
681.5 1.572736
682.0 1.162424
682.5 1.154464
683.0 1.267912
683.5 1.28256
684.0 0.991272
684.5 0.965936
685.0 1.402648
685.5 1.413168
686.0 1.219568
686.5 1.13904
687.0 1.216512
687.5 1.167664
688.0 1.335888
688.5 1.332784
689.0 1.415936
689.5 1.324896
690.0 1.180424
690.5 1.168648
691.0 1.062568
691.5 1.057568
692.0 1.382424
692.5 1.364688
693.0 1.14596
693.5 1.082912
694.0 1.311376
694.5 1.285776
695.0 1.385312
695.5 1.296792
696.0 1.095456
696.5 1.07672
697.0 1.147688
697.5 1.18432
698.0 1.202856
698.5 1.156176
699.0 1.401144
699.5 1.402592
700.0 1.1302
700.5 1.048384
701.0 1.431992
701.5 1.445728
702.0 1.172728
702.5 1.149296
703.0 1.322136
703.5 1.3244
704.0 1.279544
704.5 1.220656
705.0 1.267416
705.5 1.221104
706.0 1.219472
706.5 1.205104
707.0 1.262664
707.5 1.24992
708.0 1.184744
708.5 1.186384
709.0 1.432392
709.5 1.378464
710.0 1.240632
710.5 1.19856
711.0 1.221944
711.5 1.239264
712.0 1.175192
712.5 1.13816
713.0 0.782328
713.5 1.257728
714.0 2.061048
714.5 1.44184
715.0 0.8064
715.5 1.229488
716.0 2.023752
716.5 1.388496
717.0 1.040928
717.5 1.19728
718.0 1.321584
718.5 1.094672
719.0 1.168296
719.5 1.296384
720.0 0.772568
720.5 0.106536
721.0 0.1
721.5 0.146744
722.0 0.1
722.5 0.147928
723.0 0.1
723.5 0.106608
724.0 0.1
724.5 0.10764
725.0 0.101688
725.5 0.107808
726.0 0.1
726.5 0.104744
727.0 0.1
727.5 0.106184
728.0 0.1
728.5 0.106152
729.0 0.1
729.5 0.103544
730.0 0.1
730.5 0.10568
731.0 0.101688
731.5 0.101856
732.0 0.1
732.5 0.102368
733.0 0.1
733.5 0.100928
734.0 0.1
734.5 0.100928
735.0 0.1
735.5 0.107936
736.0 0.1
736.5 0.106464
737.0 0.10176
737.5 0.101976
738.0 0.1
738.5 0.10348
739.0 0.1
739.5 0.160096
740.0 0.1
740.5 0.106912
741.0 0.10888
741.5 0.128368
742.0 0.123648
742.5 0.10488
743.0 0.10268
743.5 0.330112
744.0 0.503264
744.5 1.03752
745.0 1.052752
745.5 1.241584
746.0 1.228
746.5 1.08472
747.0 1.055664
747.5 1.24532
748.0 1.18576
748.5 0.985872
749.0 1.013136
749.5 1.331728
750.0 1.241264
750.5 1.063224
751.0 1.100928
751.5 1.232024
752.0 1.119712
752.5 1.028856
753.0 0.935728
753.5 1.232352
754.0 1.154064
754.5 1.024056
755.0 1.091056
755.5 1.26688
756.0 1.283984
756.5 0.993264
757.0 0.922272
757.5 1.142752
758.0 1.295624
758.5 1.222304
759.0 1.05448
759.5 1.2308
760.0 1.219216
760.5 1.147872
761.0 1.03056
761.5 1.034768
762.0 1.078704
762.5 1.012448
763.0 0.98168
763.5 1.221456
764.0 1.207528
764.5 1.092656
765.0 1.07056
765.5 1.126016
766.0 1.114864
766.5 1.12248
767.0 1.0312
767.5 1.179016
768.0 1.320208
768.5 1.263032
769.0 1.106208
769.5 1.117336
770.0 1.07952
770.5 1.022968
771.0 1.008048
771.5 1.105856
772.0 1.170592
772.5 1.215616
773.0 1.138336
773.5 1.184928
774.0 1.20416
774.5 1.229344
775.0 1.119344
775.5 1.163136
776.0 1.086216
776.5 1.012496
777.0 1.0764
777.5 1.143088
778.0 1.06008
778.5 1.00368
779.0 1.024352
779.5 1.134664
780.0 1.145696
780.5 1.238128
781.0 1.129648
781.5 1.1438
782.0 0.9276
782.5 1.356072
783.0 1.517376
783.5 1.054528
784.0 0.953728
784.5 1.09636
785.0 1.00592
785.5 1.046592
786.0 1.11744
786.5 1.145216
787.0 1.123424
787.5 1.055768
788.0 1.098128
788.5 1.285088
789.0 1.25336
789.5 1.136952
790.0 1.130672
790.5 1.062336
791.0 1.013224
791.5 1.080624
792.0 1.084992
792.5 1.14616
793.0 1.09344
793.5 0.996368
794.0 0.977392
794.5 1.208048
795.0 1.18024
795.5 1.082896
796.0 1.08128
796.5 1.145728
797.0 1.127192
797.5 1.17504
798.0 1.141952
798.5 1.23808
799.0 1.268496
799.5 1.169728
800.0 1.06696
800.5 1.092224
801.0 1.106448
801.5 1.103824
802.0 1.031472
802.5 1.300784
803.0 1.273968
803.5 1.065376
804.0 1.036912
804.5 1.186656
805.0 1.184944
805.5 1.011872
806.0 1.067888
806.5 1.193152
807.0 1.070912
807.5 1.149968
808.0 1.108112
808.5 1.126152
809.0 1.204984
809.5 1.170112
810.0 1.078512
810.5 1.097776
811.0 1.133344
811.5 1.261664
812.0 1.10448
812.5 1.091608
813.0 0.88392
813.5 1.061408
814.0 1.130304
814.5 1.429008
815.0 1.199856
815.5 0.426928
816.0 0.286912
816.5 0.416768
817.0 0.277616
817.5 0.393304
818.0 0.132736
818.5 0.117656
819.0 0.116208
819.5 0.378048
820.0 0.13312
820.5 0.118368
821.0 0.100784
821.5 0.222776
822.0 0.100784
822.5 0.105704
823.0 0.1
823.5 0.289888
824.0 0.28692
824.5 0.322856
825.0 0.29248
825.5 0.226192
826.0 0.72624
826.5 0.376392
827.0 0.417056
827.5 0.111152
828.0 0.12152
828.5 0.177904
829.0 0.173824
829.5 0.11516
830.0 0.123208
830.5 0.220544
831.0 0.224768
831.5 0.113392
832.0 0.12152
832.5 0.292264
833.0 0.285712
833.5 0.118608
834.0 0.12152
834.5 0.2096
835.0 0.21064
835.5 0.119504
836.0 0.12328
836.5 0.211856
837.0 0.213824
837.5 0.112128
838.0 0.12024
838.5 0.20896
839.0 0.213808
839.5 0.170176
840.0 0.12648
840.5 0.244312
841.0 0.239248
841.5 0.168216
842.0 0.123224
842.5 0.329944
843.0 0.28504
843.5 0.121008
844.0 0.12152
844.5 0.186808
845.0 0.24712
845.5 0.135448
846.0 0.12152
846.5 0.117416
847.0 0.168368
847.5 0.143304
848.0 0.13604
848.5 0.120408
849.0 0.4008
849.5 0.11468
850.0 0.12152
850.5 0.123424
851.0 0.281808
851.5 0.111152
852.0 0.12152
852.5 0.119976
853.0 0.210608
853.5 0.111904
854.0 0.12152
854.5 0.110656
855.0 0.388032
855.5 0.112168
856.0 0.11224
856.5 0.106408
857.0 0.101688
857.5 0.1
858.0 0.1
858.5 0.10204
859.0 0.1
859.5 0.160416
860.0 0.1
860.5 0.104224
861.0 0.1
861.5 0.104456
862.0 0.1
862.5 0.107088
863.0 0.101688
863.5 0.105728
864.0 0.1
864.5 1.14496
865.0 0.147328
865.5 0.125856
866.0 0.143632
866.5 0.104344
867.0 0.110672
867.5 0.106864
868.0 0.281168
868.5 1.014648
869.0 1.036656
869.5 1.071984
870.0 1.05144
870.5 1.093424
871.0 1.10632
871.5 1.157432
872.0 1.102192
872.5 1.29708
873.0 1.125344
873.5 1.063168
874.0 1.130192
874.5 1.33584
875.0 1.24932
875.5 1.01752
876.0 0.997936
876.5 1.127376
877.0 1.077792
877.5 1.198816
878.0 1.183968
878.5 1.179264
879.0 1.176736
879.5 1.125336
880.0 1.091248
880.5 0.743696
881.0 1.057056
881.5 0.717312
882.0 1.21896
882.5 0.891504
883.0 1.057168
883.5 0.831104
884.0 1.144208
884.5 0.944096
885.0 1.03536
885.5 1.091888
886.0 1.047568
886.5 1.041488
887.0 1.003216
887.5 1.201152
888.0 1.28672
888.5 1.167032
889.0 1.161072
889.5 1.227896
890.0 1.115528
890.5 0.95688
891.0 1.007104
891.5 1.146752
892.0 1.051328
892.5 1.147264
893.0 1.159456
893.5 1.285664
894.0 1.117808
894.5 1.28916
895.0 1.289824
895.5 1.080784
896.0 1.166376
896.5 1.100296
897.0 1.08344
897.5 1.014448
898.0 0.97488
898.5 1.38856
899.0 1.477488
899.5 1.292152
900.0 1.391152
900.5 1.212808
901.0 1.1552
901.5 1.336392
902.0 1.33792
902.5 1.29524
903.0 1.188816
903.5 1.337784
904.0 1.292016
904.5 1.114136
905.0 1.10608
905.5 1.409736
906.0 1.360656
906.5 1.169816
907.0 1.150624
907.5 1.40044
908.0 1.3868
908.5 1.205344
909.0 1.167408
909.5 1.4186
910.0 1.332512
910.5 1.028904
911.0 1.032928
911.5 1.225848
912.0 1.203872
912.5 1.129352
913.0 1.10832
913.5 1.389712
914.0 1.34416
914.5 1.070568
915.0 1.053136
915.5 1.250952
916.0 1.146928
916.5 1.34532
917.0 1.427952
917.5 1.526248
918.0 1.44464
918.5 1.336984
919.0 1.119552
919.5 1.484144
920.0 1.414832
920.5 1.04988
921.0 1.03352
921.5 1.291064
922.0 1.259984
922.5 1.237328
923.0 1.18288
923.5 1.358984
924.0 1.320624
924.5 1.209592
925.0 1.202456
925.5 1.176992
926.0 1.212352
926.5 1.320712
927.0 1.1876
927.5 1.046928
928.0 1.32416
928.5 1.631784
929.0 1.242528
929.5 1.036008
930.0 1.209248
930.5 1.409704
931.0 1.175456
931.5 1.187104
932.0 1.229312
932.5 1.14312
933.0 1.078576
933.5 1.453744
934.0 1.365096
934.5 1.408752
935.0 1.337296
935.5 1.04664
936.0 1.063544
936.5 1.335704
937.0 1.214208
937.5 1.071872
938.0 1.03564
938.5 1.256632
939.0 1.252896
939.5 0.884608
940.0 1.161408
940.5 1.536776
941.0 1.292296
941.5 0.991048
942.0 1.128368
942.5 1.674856
943.0 1.303712
943.5 1.171256
944.0 1.323864
944.5 1.434472
945.0 1.211648
945.5 1.099872
946.0 1.207264
946.5 1.7084
947.0 1.408016
947.5 1.005128
948.0 1.162896
948.5 1.514016
949.0 1.280944
949.5 1.017952
950.0 1.1336
950.5 1.374776
951.0 1.175936
951.5 1.323256
952.0 1.364352
952.5 1.216952
953.0 1.120912
953.5 1.123504
954.0 1.103936
954.5 1.29364
955.0 1.2796
955.5 1.198728
956.0 1.178928
956.5 1.379776
957.0 1.332352
957.5 1.236328
958.0 1.177552
958.5 1.214776
959.0 1.22584
959.5 1.19348
960.0 1.15784
960.5 1.1958
961.0 1.19092
961.5 1.009152
962.0 1.376528
962.5 1.8846
963.0 1.32112
963.5 1.054648
964.0 1.058176
964.5 1.265608
965.0 1.286144
965.5 1.255448
966.0 1.178144
966.5 1.193368
967.0 1.206384
967.5 1.205376
968.0 1.206272
968.5 1.02936
969.0 1.021248
969.5 1.280008
970.0 1.268688
970.5 1.495248
971.0 1.439312
971.5 1.225472
972.0 1.20488
972.5 1.513576
973.0 1.462176
973.5 1.159488
974.0 1.159104
974.5 1.293592
975.0 1.262688
975.5 1.206304
976.0 1.106944
976.5 1.412768
977.0 1.307088
977.5 1.177848
978.0 1.075392
978.5 1.172296
979.0 1.170096
979.5 1.173168
980.0 1.170272
980.5 1.719248
981.0 1.58432
981.5 1.006608
982.0 0.984496
982.5 1.661688
983.0 1.495808
983.5 0.998664
984.0 0.945488
984.5 1.448712
985.0 1.40576
985.5 1.298472
986.0 1.221808
986.5 0.725648
987.0 1.2844
987.5 1.557112
988.0 1.179616
988.5 1.446184
989.0 1.113952
989.5 0.94636
990.0 0.937296
990.5 1.466608
991.0 1.388392
991.5 1.051424
992.0 1.077248
992.5 1.006256
993.0 1.419616
993.5 1.891768
994.0 1.344768
994.5 1.335296
995.0 1.256704
995.5 1.182536
996.0 1.166656
996.5 1.168856
997.0 1.1684
997.5 1.018488
998.0 0.99512
998.5 1.126536
999.0 1.376832
999.5 1.521632
1000.0 1.208224
1000.5 1.385592
1001.0 1.344208
1001.5 1.213064
1002.0 1.167024
1002.5 1.28512
1003.0 1.183248
1003.5 1.16032
1004.0 1.147728
1004.5 1.372656
1005.0 1.344032
1005.5 1.053472
1006.0 1.25912
1006.5 1.590152
1007.0 1.299184
1007.5 1.313784
1008.0 1.215744
1008.5 1.385584
1009.0 1.328112
1009.5 1.200784
1010.0 1.18664
1010.5 1.30872
1011.0 1.293568
1011.5 1.182256
1012.0 1.16056
1012.5 0.931536
1013.0 1.251568
1013.5 1.664016
1014.0 1.270432
1014.5 0.680216
1015.0 1.00528
1015.5 1.653976
1016.0 1.259696
1016.5 0.988184
1017.0 1.260624
1017.5 1.871352
1018.0 1.448704
1018.5 1.087664
1019.0 1.29784
1019.5 0.727072
1020.0 1.148688
1020.5 0.6264
1021.0 0.95216
1021.5 1.660688
1022.0 1.382608
1022.5 1.024272
1023.0 1.139472
1023.5 1.610448
1024.0 1.36516
1024.5 1.211416
1025.0 1.344944
1025.5 1.282552
1026.0 1.268992
1026.5 1.451872
1027.0 0.98768
1027.5 0.985256
1028.0 0.963712
1028.5 0.793728
1029.0 0.960128
1029.5 1.129664
1030.0 1.346928
1030.5 0.569208
1031.0 1.290688
1031.5 0.340432
1032.0 1.601536
1032.5 2.80468
1033.0 1.317296
1033.5 1.130032
1034.0 1.227872
1034.5 0.853968
1035.0 1.083856
1035.5 1.034912
1036.0 1.058112
1036.5 1.097176
1037.0 1.164744
1037.5 0.647512
1038.0 1.466512
1038.5 0.980248
1039.0 1.564
1039.5 0.833248
1040.0 1.07276
1040.5 0.731816
1041.0 1.08608
1041.5 0.485608
1042.0 1.494792
1042.5 1.283936
1043.0 1.195384
1043.5 0.817352
1044.0 1.502928
1044.5 0.920632
1045.0 1.235296
1045.5 0.788504
1046.0 0.886064
1046.5 0.5642
1047.0 1.172432
1047.5 1.29836
1048.0 1.29992
1048.5 0.903976
1049.0 0.979456
1049.5 0.94748
1050.0 1.144848
1050.5 0.731256
1051.0 0.977056
1051.5 1.005472
1052.0 1.545584
1052.5 0.759744
1053.0 1.074128
1053.5 0.84508
1054.0 1.292352
1054.5 0.593088
1055.0 1.175904
1055.5 0.87288
1056.0 1.315232
1056.5 0.644544
1057.0 1.056872
1057.5 1.184448
1058.0 1.327168
1058.5 0.967096
1059.0 1.169944
1059.5 1.491904
1060.0 1.373424
1060.5 1.73008
1061.0 1.441104
1061.5 1.299512
1062.0 1.230744
1062.5 1.090016
1063.0 1.008296
1063.5 1.515928
1064.0 1.458896
1064.5 0.977776
1065.0 0.974224
1065.5 1.207344
1066.0 1.085544
1066.5 1.1118
1067.0 1.15752
1067.5 1.009752
1068.0 1.108176
1068.5 1.484776
1069.0 1.28784
1069.5 1.226184
1070.0 1.241248
1070.5 1.120232
1071.0 1.084624
1071.5 1.260792
1072.0 1.24056
1072.5 1.033856
1073.0 1.099408
1073.5 1.477792
1074.0 1.41112
1074.5 1.259504
1075.0 1.211088
1075.5 1.278328
1076.0 1.314464
1076.5 1.38204
1077.0 1.253408
1077.5 1.042328
1078.0 1.253504
1078.5 1.795008
1079.0 1.49888
1079.5 0.805096
1080.0 0.846896
1080.5 0.980064
1081.0 0.614336
1081.5 1.1712
1082.0 0.723064
1082.5 1.104
1083.0 1.008656
1083.5 1.163344
1084.0 1.1436
1084.5 1.113328
1085.0 1.231688
1085.5 1.20024
1086.0 1.175792
1086.5 1.150752
1087.0 1.372832
1087.5 1.292448
1088.0 1.04308
1088.5 1.026032
1089.0 1.255696
1089.5 1.159624
1090.0 0.98676
1090.5 0.933328
1091.0 1.191712
1091.5 1.1704
1092.0 1.056584
1092.5 1.047784
1093.0 1.01284
1093.5 0.996816
1094.0 1.27572
1094.5 1.252592
1095.0 1.050104
1095.5 1.032704
1096.0 1.094288
1096.5 1.078496
1097.0 1.058168
1097.5 1.04608
1098.0 1.03644
1098.5 1.012888
1099.0 1.285832
1099.5 1.25196
1100.0 1.125968
1100.5 1.100544
1101.0 1.184632
1101.5 1.167328
1102.0 1.26248
1102.5 1.269632
1103.0 1.071096
1103.5 1.031088
1104.0 1.170672
1104.5 1.121296
1105.0 1.065872
1105.5 1.059952
1106.0 1.046304
1106.5 1.032704
1107.0 1.330368
1107.5 1.250064
1108.0 1.077952
1108.5 1.06328
1109.0 1.262136
1109.5 1.23016
1110.0 1.19808
1110.5 1.167192
1111.0 1.2254
1111.5 1.205088
1112.0 0.996568
1112.5 0.980448
1113.0 1.086896
1113.5 1.086864
1114.0 1.038256
1114.5 1.015008
1115.0 0.901768
1115.5 0.895792
1116.0 1.35024
1116.5 1.30944
1117.0 1.000656
1117.5 0.996688
1118.0 1.216976
1118.5 1.198544
1119.0 1.17068
1119.5 1.11032
1120.0 1.162952
1120.5 1.106928
1121.0 1.158816
1121.5 1.149664
1122.0 1.214832
1122.5 1.186528
1123.0 1.11864
1123.5 1.104576
1124.0 1.157184
1124.5 1.142976
1125.0 1.006048
1125.5 1.011768
1126.0 1.22396
1126.5 1.179888
1127.0 1.153528
1127.5 1.078768
1128.0 1.17348
1128.5 1.151808
1129.0 1.174208
1129.5 1.153232
1130.0 1.114968
1130.5 1.092336
1131.0 1.082696
1131.5 1.061096
1132.0 1.19648
1132.5 1.224976
1133.0 1.125976
1133.5 1.05144
1134.0 1.174672
1134.5 1.140808
1135.0 1.129344
1135.5 1.153776
1136.0 1.179408
1136.5 1.124352
1137.0 1.15992
1137.5 1.132816
1138.0 1.312848
1138.5 1.301936
1139.0 0.89464
1139.5 0.883344
1140.0 1.62608
1140.5 1.596784
1141.0 1.357976
1141.5 1.350736
1142.0 0.8818
1142.5 0.847664
1143.0 0.88808
1143.5 0.878456
1144.0 1.042032
1144.5 1.0828
1145.0 1.001696
1145.5 0.937008
1146.0 1.211232
1146.5 1.203168
1147.0 1.179872
1147.5 1.109824
1148.0 1.131
1148.5 1.115648
1149.0 1.192888
1149.5 1.172424
1150.0 1.291624
1150.5 1.149456
1151.0 1.12908
1151.5 1.111344
1152.0 1.13512
1152.5 1.094736
1153.0 1.138104
1153.5 1.102256
1154.0 1.087592
1154.5 1.062704
1155.0 1.101256
1155.5 1.111632
1156.0 1.256
1156.5 1.185584
1157.0 1.098848
1157.5 1.085664
1158.0 1.276112
1158.5 1.261064
1159.0 0.949672
1159.5 0.944176
1160.0 1.173888
1160.5 1.1648
1161.0 1.064672
1161.5 1.063344
1162.0 1.11296
1162.5 1.111216
1163.0 1.11416
1163.5 1.095216
1164.0 1.190512
1164.5 1.151848
1165.0 1.046304
1165.5 1.0292
1166.0 1.072328
1166.5 1.101584
1167.0 1.0764
1167.5 0.99536
1168.0 1.208544
1168.5 1.77016
1169.0 1.628992
1169.5 1.00368
1170.0 0.952992
1170.5 0.898304
1171.0 1.058976
1171.5 1.04744
1172.0 1.106368
1172.5 1.071632
1173.0 0.927632
1173.5 0.918016
1174.0 1.116272
1174.5 1.108752
1175.0 1.306912
1175.5 1.295744
1176.0 1.0226
1176.5 1.007928
1177.0 1.20928
1177.5 1.192
1178.0 1.076272
1178.5 1.063552
1179.0 1.222632
1179.5 1.142896
1180.0 1.073464
1180.5 1.01616
1181.0 1.271504
1181.5 1.263616
1182.0 1.098848
1182.5 1.100048
1183.0 1.215328
1183.5 1.182608
1184.0 1.11056
1184.5 1.092656
1185.0 1.009136
1185.5 0.993888
1186.0 1.229056
1186.5 1.20552
1187.0 1.11328
1187.5 1.059776
1188.0 1.058192
1188.5 1.063344
1189.0 1.282776
1189.5 1.239168
1190.0 1.13752
1190.5 1.087824
1191.0 1.201616
1191.5 1.193192
1192.0 1.093056
1192.5 1.113728
1193.0 1.149584
1193.5 1.099488
1194.0 1.109392
1194.5 1.098768
1195.0 1.142432
1195.5 1.11744
1196.0 1.085672
1196.5 1.085728
1197.0 1.111656
1197.5 1.070952
1198.0 0.970264
1198.5 0.95288
1199.0 1.286464
1199.5 1.270848
1200.0 1.072528
1200.5 1.06
1201.0 1.145232
1201.5 1.132176
1202.0 1.097104
1202.5 1.07536
1203.0 1.124784
1203.5 1.105888
1204.0 1.064832
1204.5 1.070928
1205.0 1.064672
1205.5 1.031168
1206.0 1.232464
1206.5 1.22872
1207.0 1.23856
1207.5 1.175792
1208.0 1.124144
1208.5 1.113168
1209.0 1.110832
1209.5 1.053792
1210.0 1.095816
1210.5 1.065488
1211.0 1.190776
1211.5 1.13664
1212.0 1.172088
1212.5 1.161328
1213.0 1.161864
1213.5 1.148
1214.0 1.069504
1214.5 1.062304
1215.0 1.28308
1215.5 1.27344
1216.0 1.107264
1216.5 1.09864
1217.0 1.068408
1217.5 1.057856
1218.0 0.975568
1218.5 1.017104
1219.0 1.349752
1219.5 1.27776
1220.0 1.125296
1220.5 1.113072
1221.0 1.0708
1221.5 1.05664
1222.0 1.053024
1222.5 1.037088
1223.0 1.252528
1223.5 1.239328
1224.0 1.16896
1224.5 1.15364
1225.0 1.04248
1225.5 1.068064
1226.0 1.176936
1226.5 1.130512
1227.0 1.154464
1227.5 1.064384
1228.0 1.288672
1228.5 1.270608
1229.0 0.985264
1229.5 0.97752
1230.0 1.206936
1230.5 1.149112
1231.0 1.0924
1231.5 1.116496
1232.0 1.211136
1232.5 1.146656
1233.0 1.145552
1233.5 1.128144
1234.0 1.027456
1234.5 1.016256
1235.0 1.100352
1235.5 1.082
1236.0 1.228728
1236.5 1.210752
1237.0 1.105072
1237.5 1.091104
1238.0 1.253184
1238.5 1.24152
1239.0 1.10148
1239.5 1.041296
1240.0 1.139584
1240.5 1.076016
1241.0 1.121056
1241.5 1.099712
1242.0 1.244992
1242.5 1.225496
1243.0 0.967168
1243.5 0.960608
1244.0 1.284384
1244.5 1.267376
1245.0 1.066512
1245.5 1.037136
1246.0 1.207776
1246.5 1.166432
1247.0 1.089016
1247.5 1.013968
1248.0 1.20052
1248.5 1.166864
1249.0 1.128112
1249.5 1.10608
1250.0 1.228472
1250.5 1.224
1251.0 0.998104
1251.5 0.971984
1252.0 1.219064
1252.5 1.201696
1253.0 0.953368
1253.5 0.940096
1254.0 1.23264
1254.5 1.207456
1255.0 1.123952
1255.5 1.111856
1256.0 1.215408
1256.5 1.242256
1257.0 1.160192
1257.5 1.122104
1258.0 1.280224
1258.5 1.242656
1259.0 1.106992
1259.5 1.095488
1260.0 1.10068
1260.5 1.020704
1261.0 1.224
1261.5 0.716176
1262.0 0.96536
1262.5 1.155648
1263.0 1.098288
1263.5 1.196
1264.0 1.17176
1264.5 1.135496
1265.0 1.128128
1265.5 1.06336
1266.0 1.023824
1266.5 1.183224
1267.0 1.163136
1267.5 1.114984
1268.0 1.098784
1268.5 1.171752
1269.0 1.177712
1269.5 1.006784
1270.0 0.972192
1270.5 1.054752
1271.0 1.045408
1271.5 1.307216
1272.0 1.244392
1272.5 1.24984
1273.0 1.180336
1273.5 1.017568
1274.0 1.015264
1274.5 1.160016
1275.0 1.15496
1275.5 1.107584
1276.0 1.093808
1276.5 1.12428
1277.0 1.100624
1277.5 1.059488
1278.0 1.080736
1278.5 1.166512
1279.0 1.11952
1279.5 1.192368
1280.0 1.120016
1280.5 1.168496
1281.0 1.142528
1281.5 1.19776
1282.0 1.188
1282.5 1.14692
1283.0 1.133936
1283.5 1.067344
1284.0 1.061504
1284.5 1.236832
1285.0 1.21832
1285.5 1.23784
1286.0 1.22904
1286.5 1.077008
1287.0 1.06204
1287.5 1.072672
1288.0 1.057936
1288.5 1.145872
1289.0 1.125504
1289.5 1.01104
1290.0 0.995232
1290.5 1.350536
1291.0 1.327296
1291.5 1.071952
1292.0 1.091168
1292.5 1.30728
1293.0 1.26276
1293.5 1.10176
1294.0 1.084208
1294.5 1.137952
1295.0 1.184784
1295.5 1.002672
1296.0 0.9248
1296.5 1.131104
1297.0 1.104624
1297.5 0.982672
1298.0 0.97392
1298.5 1.320512
1299.0 1.292496
1299.5 1.20064
1300.0 1.119856
1300.5 1.118224
1301.0 1.102784
1301.5 1.039232
1302.0 0.980024
1302.5 1.196136
1303.0 1.14832
1303.5 1.25256
1304.0 1.186496
1304.5 1.267184
1305.0 1.250568
1305.5 0.900296
1306.0 0.892048
1306.5 1.094232
1307.0 1.077488
1307.5 1.090184
1308.0 1.06808
1308.5 1.154608
1309.0 1.134208
1309.5 1.282648
1310.0 1.25744
1310.5 1.214304
1311.0 1.1952
1311.5 1.161696
1312.0 1.148336
1312.5 1.249688
1313.0 1.248416
1313.5 1.068104
1314.0 1.017312
1314.5 1.267904
1315.0 1.25456
1315.5 1.071808
1316.0 1.101936
1316.5 1.247536
1317.0 1.187168
1317.5 1.069376
1318.0 1.031936
1318.5 1.204096
1319.0 1.215488
1319.5 1.972056
1320.0 1.819496
1320.5 0.767888
1321.0 0.747776
1321.5 0.823456
1322.0 0.810768
1322.5 1.032352
1323.0 1.001136
1323.5 0.979648
1324.0 0.956944
1324.5 1.109584
1325.0 1.087792
1325.5 0.998032
1326.0 0.993112
1326.5 1.390256
1327.0 1.326576
1327.5 1.005072
1328.0 0.992384
1328.5 1.252448
1329.0 1.223184
1329.5 1.009728
1330.0 0.994864
1330.5 1.063728
1331.0 1.046736
1331.5 1.64156
1332.0 1.558352
1332.5 0.906008
1333.0 0.855312
1333.5 1.054928
1334.0 1.048512
1334.5 1.17696
1335.0 1.165024
1335.5 1.120144
1336.0 1.105664
1336.5 1.27384
1337.0 1.261568
1337.5 0.85136
1338.0 0.843688
1338.5 1.356384
1339.0 1.334816
1339.5 1.010048
1340.0 0.93872
1340.5 1.270384
1341.0 1.267152
1341.5 1.150768
1342.0 1.117424
1342.5 1.194504
1343.0 1.131568
1343.5 0.908504
1344.0 0.89272
1344.5 1.164344
1345.0 1.166304
1345.5 1.24652
1346.0 1.21464
1346.5 1.012504
1347.0 0.988352
1347.5 0.966752
1348.0 0.954944
1348.5 1.194264
1349.0 1.175472
1349.5 0.96716
1350.0 0.960944
1350.5 1.351504
1351.0 1.333248
1351.5 1.111936
1352.0 1.14184
1352.5 1.14856
1353.0 1.103048
1353.5 1.215088
1354.0 1.205952
1354.5 0.984176
1355.0 0.980032
1355.5 1.127168
1356.0 1.111936
1356.5 1.225064
1357.0 1.187424
1357.5 1.132704
1358.0 1.101328
1358.5 1.061272
1359.0 1.04684
1359.5 0.904424
1360.0 0.812768
1360.5 1.020464
1361.0 1.0108
1361.5 1.350032
1362.0 1.28496
1362.5 1.380096
1363.0 1.340552
1363.5 1.185984
1364.0 1.138032
1364.5 1.095088
1365.0 1.076
1365.5 1.104136
1366.0 1.087808
1366.5 1.448312
1367.0 1.428752
1367.5 1.154904
1368.0 1.14568
1368.5 1.035704
1369.0 1.028176
1369.5 0.96672
1370.0 0.952144
1370.5 0.969776
1371.0 0.9502
1371.5 1.2604
1372.0 1.246352
1372.5 0.865496
1373.0 0.853088
1373.5 1.155064
1374.0 1.1388
1374.5 1.264928
1375.0 1.240624
1375.5 1.183728
1376.0 1.165888
1376.5 1.037528
1377.0 1.023632
1377.5 1.301912
1378.0 1.278768
1378.5 1.22816
1379.0 1.213472
1379.5 1.184992
1380.0 1.107328
1380.5 1.016016
1381.0 1.008736
1381.5 1.202016
1382.0 1.177024
1382.5 1.151304
1383.0 1.131056
1383.5 1.06384
1384.0 1.04512
1384.5 1.06976
1385.0 1.052576
1385.5 1.168984
1386.0 1.15412
1386.5 1.06728
1387.0 1.046768
1387.5 1.115344
1388.0 1.09032
1388.5 1.124848
1389.0 1.106592
1389.5 1.153376
1390.0 1.123968
1390.5 1.06768
1391.0 1.045904
1391.5 1.221376
1392.0 1.154808
1392.5 1.186984
1393.0 1.1312
1393.5 1.214176
1394.0 1.197984
1394.5 1.024104
1395.0 1.030144
1395.5 1.341752
1396.0 1.30832
1396.5 1.06736
1397.0 1.049232
1397.5 1.098512
1398.0 1.083872
1398.5 1.168704
1399.0 1.151968
1399.5 1.26024
1400.0 1.20448
1400.5 0.950968
1401.0 0.911968
1401.5 1.40876
1402.0 1.376512
1402.5 0.988096
1403.0 0.974096
1403.5 1.117656
1404.0 1.065496
1404.5 1.137648
1405.0 1.125408
1405.5 1.1592
1406.0 1.208416
1406.5 1.119296
1407.0 1.047536
1407.5 1.191144
1408.0 1.16072
1408.5 1.012224
1409.0 0.998672
1409.5 1.242056
1410.0 1.210144
1410.5 0.926872
1411.0 0.902512
1411.5 1.62876
1412.0 1.580784
1412.5 1.142384
1413.0 1.094192
1413.5 1.074992
1414.0 1.049344
1414.5 1.085856
1415.0 1.066032
1415.5 1.279048
1416.0 1.288976
1416.5 1.060616
1417.0 1.004688
1417.5 1.259968
1418.0 1.242288
1418.5 1.094912
1419.0 1.092184
1419.5 1.27352
1420.0 1.193792
1420.5 1.12932
1421.0 1.077216
1421.5 1.110256
1422.0 1.079664
1422.5 1.755896
1423.0 1.645144
1423.5 0.719936
1424.0 0.723824
1424.5 0.89152
1425.0 0.857688
1425.5 1.103688
1426.0 1.104608
1426.5 1.335232
1427.0 1.288672
1427.5 0.79236
1428.0 0.991808
1428.5 0.840808
1429.0 1.22856
1429.5 0.88068
1430.0 1.32832
1430.5 1.440632
1431.0 0.824384
1431.5 1.098064
1432.0 1.082464
1432.5 0.92244
1433.0 0.961776
1433.5 0.751904
1434.0 0.967952
1434.5 0.857168
1435.0 1.467408
1435.5 0.881216
1436.0 1.096384
1436.5 1.091296
1437.0 0.874696
1437.5 1.322688
1438.0 1.299456
1438.5 1.217136
1439.0 1.200432
1439.5 0.982856
