0.0 1.071704
0.5 1.201832
1.0 1.187344
1.5 1.106136
2.0 1.098
2.5 1.13956
3.0 1.11928
3.5 1.089752
4.0 1.076848
4.5 1.083792
5.0 1.089712
5.5 1.295792
6.0 1.251968
6.5 0.930032
7.0 0.921424
7.5 1.06636
8.0 1.059376
8.5 0.9364
9.0 0.931616
9.5 1.19792
10.0 1.188944
10.5 1.161712
11.0 1.160544
11.5 1.3156
12.0 1.305064
12.5 1.048224
13.0 0.986592
13.5 1.231064
14.0 1.198352
14.5 1.200336
15.0 1.139792
15.5 1.261952
16.0 1.256848
16.5 1.187608
17.0 1.112192
17.5 1.219368
18.0 1.176992
18.5 0.923376
19.0 0.910592
19.5 1.043536
20.0 1.047792
20.5 1.040408
21.0 1.019536
21.5 1.18996
22.0 1.191936
22.5 1.190136
23.0 1.151328
23.5 1.142392
24.0 1.123696
24.5 1.02744
25.0 1.058304
25.5 0.924
26.0 0.91312
26.5 1.19364
27.0 1.145832
27.5 1.095904
28.0 1.074784
28.5 1.152432
29.0 1.172112
29.5 1.199712
30.0 1.148384
30.5 1.122912
31.0 1.111024
31.5 1.352088
32.0 1.3304
32.5 1.065744
33.0 0.9818
33.5 1.209984
34.0 1.202064
34.5 1.134432
35.0 1.09888
35.5 1.146944
36.0 1.128048
36.5 1.002432
37.0 0.9952
37.5 1.162512
38.0 1.156736
38.5 1.08364
39.0 1.047584
39.5 1.206512
40.0 1.187616
40.5 1.096544
41.0 1.092736
41.5 1.113864
42.0 1.108544
42.5 1.191024
43.0 1.175776
43.5 0.9596
44.0 0.943872
44.5 1.299544
45.0 1.241928
45.5 1.114552
46.0 1.057488
46.5 1.247424
47.0 1.2308
47.5 1.05984
48.0 1.111288
48.5 1.19432
49.0 1.115904
49.5 1.11112
50.0 1.096496
50.5 1.27488
51.0 1.171896
51.5 1.133984
52.0 1.109616
52.5 1.300824
53.0 1.195936
53.5 1.226848
54.0 1.203456
54.5 1.047464
55.0 1.04192
55.5 1.137376
56.0 1.137008
56.5 1.140568
57.0 1.099872
57.5 1.026088
58.0 1.005504
58.5 1.265192
59.0 1.24632
59.5 1.310336
60.0 1.278296
60.5 1.043984
61.0 1.036128
61.5 1.016808
62.0 0.996128
62.5 1.079008
63.0 1.065936
63.5 1.01928
64.0 1.028848
64.5 1.26148
65.0 1.22112
65.5 0.952784
66.0 1.016648
66.5 1.358832
67.0 1.27128
67.5 1.166592
68.0 1.146672
68.5 1.044656
69.0 1.031632
69.5 1.045048
70.0 1.022496
70.5 1.152048
71.0 1.140848
71.5 1.222928
72.0 1.202304
72.5 1.285144
73.0 1.210416
73.5 1.147616
74.0 1.10944
74.5 1.145104
75.0 1.093168
75.5 1.131224
76.0 1.074144
76.5 0.991856
77.0 1.003648
77.5 1.211432
78.0 1.163976
78.5 1.168488
79.0 1.153344
79.5 1.06812
80.0 1.04752
80.5 1.08732
81.0 1.075088
81.5 1.16052
82.0 1.142128
82.5 1.070064
83.0 1.057216
83.5 1.035224
84.0 1.025184
84.5 1.176096
85.0 1.188752
85.5 1.258648
86.0 1.2096
86.5 1.14112
87.0 1.139112
87.5 1.169912
88.0 1.186152
88.5 1.128784
89.0 1.13008
89.5 1.119488
90.0 1.112912
90.5 1.196392
91.0 1.187888
91.5 1.098024
92.0 1.080224
92.5 1.181568
93.0 1.140728
93.5 1.012176
94.0 0.977008
94.5 1.332944
95.0 1.320016
95.5 1.025616
96.0 1.013536
96.5 1.21744
97.0 1.191152
97.5 1.039088
98.0 1.023616
98.5 1.114648
99.0 1.103032
99.5 1.03104
100.0 1.01704
100.5 1.169208
101.0 1.148272
101.5 1.281896
102.0 1.265456
102.5 0.992688
103.0 1.077072
103.5 1.153968
104.0 1.047488
104.5 1.169368
105.0 1.108304
105.5 1.215648
106.0 1.149264
106.5 1.037568
107.0 1.021984
107.5 1.19208
108.0 1.18248
108.5 1.130656
109.0 1.118416
109.5 1.265504
110.0 1.248528
110.5 0.960128
111.0 0.951768
111.5 1.206136
112.0 1.182736
112.5 1.190704
113.0 1.11456
113.5 1.24764
114.0 1.237232
114.5 1.132992
115.0 1.171424
115.5 1.089016
116.0 1.048
116.5 1.036832
117.0 1.016928
117.5 1.146208
118.0 1.118624
118.5 1.065232
119.0 1.049776
119.5 1.273568
120.0 1.25072
120.5 1.135816
121.0 1.129488
121.5 1.066008
122.0 1.037056
122.5 1.213592
123.0 1.193168
123.5 1.010664
124.0 0.992912
124.5 1.115024
125.0 1.09528
125.5 1.244808
126.0 1.218504
126.5 1.031936
127.0 1.018144
127.5 1.211856
128.0 1.209184
128.5 1.119024
129.0 1.094864
129.5 1.151584
130.0 1.143872
130.5 1.055184
131.0 1.038496
131.5 1.081328
132.0 1.064024
132.5 1.145408
133.0 1.063328
133.5 1.21016
134.0 1.187344
134.5 1.080656
135.0 1.022424
135.5 1.169224
136.0 1.109536
136.5 1.086776
137.0 1.084848
137.5 1.276184
138.0 1.236544
138.5 1.076392
139.0 1.062064
139.5 1.1478
140.0 1.112144
140.5 1.125272
141.0 1.10352
141.5 1.332752
142.0 1.319824
142.5 1.159136
143.0 1.14792
143.5 1.279352
144.0 1.224904
144.5 1.103376
145.0 1.089104
145.5 1.239736
146.0 1.221824
146.5 1.107088
147.0 1.088272
147.5 1.233872
148.0 1.208608
148.5 1.018536
149.0 1.01424
149.5 1.25864
150.0 1.226624
150.5 1.712192
151.0 1.669888
151.5 0.747416
152.0 0.723344
152.5 1.163416
153.0 1.083024
153.5 0.881504
154.0 0.826784
154.5 0.968
155.0 0.952336
155.5 1.3222
156.0 1.285296
156.5 1.23048
157.0 1.1924
157.5 1.073792
158.0 1.064864
158.5 0.877336
159.0 0.840488
159.5 1.529216
160.0 1.491712
160.5 0.98368
161.0 0.966688
161.5 1.033032
162.0 1.124128
162.5 1.16408
163.0 1.034144
163.5 1.08536
164.0 1.07376
164.5 1.361568
165.0 1.280264
165.5 1.170344
166.0 1.098368
166.5 1.589328
167.0 1.594496
167.5 0.85568
168.0 0.801904
168.5 1.047576
169.0 1.025072
169.5 0.922512
170.0 0.892624
170.5 1.366944
171.0 1.331872
171.5 0.788968
172.0 0.774224
172.5 1.308488
173.0 1.226064
173.5 1.066568
174.0 1.039728
174.5 1.33236
175.0 1.3068
175.5 0.941176
176.0 0.920176
176.5 1.209672
177.0 1.186488
177.5 1.092216
178.0 1.0768
178.5 1.32972
179.0 1.307072
179.5 1.128176
180.0 1.342304
180.5 1.31608
181.0 1.15132
181.5 1.200768
182.0 1.249832
182.5 1.210896
183.0 1.1888
183.5 1.179952
184.0 1.368584
184.5 1.333696
185.0 1.159896
185.5 1.16272
186.0 1.320504
186.5 1.355296
187.0 1.191592
187.5 1.12864
188.0 1.297416
188.5 1.264464
189.0 1.130824
189.5 1.186736
190.0 1.299888
190.5 1.217056
191.0 1.136184
191.5 1.178928
192.0 1.249584
192.5 1.251648
193.0 1.167776
193.5 1.16528
194.0 1.350432
194.5 1.285584
195.0 1.105424
195.5 1.125904
196.0 1.411456
196.5 1.461072
197.0 1.143072
197.5 1.12496
198.0 1.257632
198.5 1.23136
199.0 1.187488
199.5 1.179648
200.0 1.23304
200.5 1.254464
201.0 1.172832
201.5 1.164864
202.0 1.327008
202.5 1.293736
203.0 1.218448
203.5 1.22768
204.0 1.290048
204.5 1.275504
205.0 1.19264
205.5 1.114256
206.0 1.303112
206.5 1.286176
207.0 1.127728
207.5 1.13608
208.0 1.383728
208.5 1.385728
209.0 1.111288
209.5 1.120496
210.0 1.336744
210.5 1.34216
211.0 1.182864
211.5 1.190224
212.0 1.274112
212.5 1.239984
213.0 1.138064
213.5 1.096192
214.0 1.223496
214.5 1.329616
215.0 1.196
215.5 1.161808
216.0 1.37328
216.5 1.296528
217.0 1.1714
217.5 1.144928
218.0 1.250304
218.5 1.277072
219.0 1.137704
219.5 1.195168
220.0 1.275736
220.5 1.182144
221.0 1.14188
221.5 1.097648
222.0 1.281272
222.5 1.349504
223.0 1.265448
223.5 1.23736
224.0 1.318696
224.5 1.2844
225.0 1.156448
225.5 1.21664
226.0 1.31988
226.5 1.296768
227.0 1.106368
227.5 1.090416
228.0 1.3302
228.5 1.312896
229.0 1.118512
229.5 1.079232
230.0 1.300224
230.5 1.365328
231.0 1.180408
231.5 1.138368
232.0 1.386688
232.5 1.396384
233.0 1.101872
233.5 1.101584
234.0 1.38476
234.5 1.333936
235.0 1.135928
235.5 1.13164
236.0 1.350984
236.5 1.319888
237.0 1.129664
237.5 1.146656
238.0 1.348288
238.5 1.292736
239.0 1.145056
239.5 1.230112
240.0 1.239168
240.5 1.180272
241.0 1.116656
241.5 1.120448
242.0 1.313504
242.5 1.319856
243.0 1.209904
243.5 1.104496
244.0 1.114096
244.5 1.388272
245.0 1.337536
245.5 1.095424
246.0 1.24824
246.5 1.359984
247.0 1.267584
247.5 1.163072
248.0 1.132192
248.5 1.3004
249.0 1.353136
249.5 1.168224
250.0 1.121392
250.5 1.12256
251.0 1.355184
251.5 1.333536
252.0 1.1642
252.5 1.201072
253.0 1.217672
253.5 1.140368
254.0 1.105496
254.5 1.173984
255.0 1.332688
255.5 1.323488
256.0 1.107264
256.5 1.15856
257.0 0.670352
257.5 1.310736
258.0 0.735472
258.5 1.073776
259.0 1.15848
259.5 1.298736
260.0 1.206016
260.5 1.238512
261.0 1.354832
261.5 1.323152
262.0 1.169984
262.5 1.118992
263.0 1.386384
263.5 1.28672
264.0 1.116864
264.5 1.216432
265.0 1.336328
265.5 1.287904
266.0 1.212088
266.5 1.144192
267.0 1.353176
267.5 1.335008
268.0 1.068896
268.5 1.123384
269.0 1.306
269.5 1.272384
270.0 1.146456
270.5 1.129424
271.0 1.320696
271.5 1.307008
272.0 1.140616
272.5 1.156832
273.0 1.304392
273.5 1.248
274.0 1.15792
274.5 1.195152
275.0 1.314688
275.5 1.329792
276.0 1.169456
276.5 1.063664
277.0 1.390672
277.5 1.434544
278.0 1.0888
278.5 1.159216
279.0 1.37592
279.5 1.347824
280.0 1.131872
280.5 1.149968
281.0 1.30332
281.5 1.289248
282.0 1.167168
282.5 1.102688
283.0 1.36032
283.5 1.329088
284.0 1.101104
284.5 1.13344
285.0 1.296272
285.5 1.215536
286.0 1.154232
286.5 1.182144
287.0 1.248672
287.5 1.30352
288.0 1.17096
288.5 1.163872
289.0 1.319616
289.5 1.340944
290.0 1.192488
290.5 1.126336
291.0 1.274992
291.5 1.296624
292.0 1.132264
292.5 1.097568
293.0 1.271648
293.5 1.292432
294.0 1.105552
294.5 1.121536
295.0 1.398328
295.5 1.284832
296.0 1.19836
296.5 1.185584
297.0 1.345488
297.5 1.403488
298.0 1.129648
298.5 1.055712
299.0 1.310176
299.5 1.34336
300.0 1.137712
300.5 1.115264
301.0 1.323952
301.5 1.277736
302.0 1.108304
302.5 1.151856
303.0 1.47716
303.5 1.409008
304.0 1.090552
304.5 1.10464
305.0 1.306232
305.5 1.293456
306.0 1.133304
306.5 1.148992
307.0 1.282616
307.5 1.295792
308.0 1.106648
308.5 1.068128
309.0 1.282208
309.5 1.28848
310.0 1.10584
310.5 1.054496
311.0 1.351784
311.5 1.382672
312.0 1.113392
312.5 1.187616
313.0 1.354176
313.5 1.286512
314.0 1.12384
314.5 1.16232
315.0 1.351392
315.5 1.32848
316.0 1.090608
316.5 1.150352
317.0 1.323728
317.5 1.231776
318.0 1.051632
318.5 1.083872
319.0 1.393504
319.5 1.351184
320.0 1.157064
320.5 1.20168
321.0 1.319536
321.5 1.36168
322.0 1.173008
322.5 1.133728
323.0 1.438496
323.5 1.369728
324.0 1.071792
324.5 1.078352
325.0 1.411048
325.5 1.347824
326.0 1.185256
326.5 1.147936
327.0 1.107688
327.5 1.320928
328.0 1.297768
328.5 1.142272
329.0 1.210376
329.5 1.352368
330.0 1.30112
330.5 1.13728
331.0 1.089512
331.5 1.28576
332.0 1.305408
332.5 1.075088
333.0 1.161
333.5 1.308208
334.0 1.27776
334.5 1.208888
335.0 0.806896
335.5 1.174368
336.0 0.701256
336.5 1.283968
337.0 0.716592
337.5 1.096528
338.0 1.218512
338.5 1.311056
339.0 1.132392
339.5 1.148352
340.0 1.339312
340.5 1.324224
341.0 1.134264
341.5 1.193216
342.0 1.335672
342.5 1.25136
343.0 1.158968
343.5 1.187088
344.0 1.3534
344.5 1.287792
345.0 1.111952
345.5 1.129776
346.0 1.306008
346.5 1.28216
347.0 1.143872
347.5 1.116896
348.0 1.269216
348.5 1.296592
349.0 1.20632
349.5 1.174736
350.0 0.920576
350.5 0.919744
351.0 0.800424
351.5 1.351984
352.0 0.73536
352.5 1.135328
353.0 0.688768
353.5 1.271312
354.0 0.814896
354.5 1.131232
355.0 1.151616
355.5 1.271616
356.0 1.056624
356.5 1.182752
357.0 0.794064
357.5 1.332992
358.0 0.689872
358.5 1.07176
359.0 1.263184
359.5 1.394848
360.0 0.940096
360.5 1.23264
361.0 1.207456
361.5 1.123952
362.0 1.111856
362.5 1.215408
363.0 1.242256
363.5 1.160192
364.0 1.122104
364.5 1.280224
365.0 1.242656
365.5 1.106992
366.0 1.095488
366.5 1.215984
367.0 1.19824
367.5 1.047232
368.0 1.03576
368.5 1.199088
369.0 1.16752
369.5 1.035024
370.0 1.027912
370.5 1.169712
371.0 1.186864
371.5 1.22312
372.0 1.34432
372.5 1.589616
373.0 1.475904
373.5 0.873472
374.0 0.806208
374.5 1.270512
375.0 1.245872
375.5 0.775456
376.0 0.728456
376.5 1.397656
377.0 1.308592
377.5 1.047168
378.0 1.154
378.5 1.31284
379.0 1.185616
379.5 0.862872
380.0 0.820992
380.5 1.027352
381.0 0.999504
381.5 1.321816
382.0 1.3062
382.5 1.135464
383.0 1.166704
383.5 0.956464
384.0 0.904096
384.5 1.48664
385.0 1.460448
385.5 0.755336
386.0 0.736304
386.5 1.535616
387.0 1.50576
387.5 1.225808
388.0 1.218656
388.5 0.734312
389.0 0.712448
389.5 0.938152
390.0 0.923328
390.5 1.145552
391.0 1.120592
391.5 1.154272
392.0 1.182992
392.5 1.191096
393.0 1.13024
393.5 1.257808
394.0 1.191168
394.5 1.21856
395.0 1.187536
395.5 0.919136
396.0 0.9188
396.5 1.164272
397.0 1.15132
397.5 1.151728
398.0 1.107776
398.5 1.159528
399.0 1.141984
399.5 0.831616
400.0 0.861072
400.5 1.311272
401.0 1.241184
401.5 0.956976
402.0 0.942448
402.5 2.127728
403.0 2.04564
403.5 0.879888
404.0 0.867232
404.5 0.925392
405.0 0.91216
405.5 1.341496
406.0 1.272912
406.5 1.08612
407.0 1.031664
407.5 1.116416
408.0 1.103072
408.5 0.864112
409.0 0.854752
409.5 1.217808
410.0 1.227632
410.5 1.13656
411.0 1.097584
411.5 1.043232
412.0 1.037408
412.5 1.014832
413.0 1.006848
413.5 1.320864
414.0 1.246784
414.5 1.076752
415.0 1.057336
415.5 1.37724
416.0 1.356048
416.5 0.790064
417.0 0.951472
417.5 1.31944
418.0 1.269904
418.5 0.733168
419.0 1.401584
419.5 0.974824
420.0 0.903936
420.5 1.026144
421.0 0.90376
421.5 1.30716
422.0 1.013536
422.5 1.19472
423.0 1.160032
423.5 1.068552
424.0 1.038272
424.5 1.028952
425.0 1.046784
425.5 1.128
426.0 1.070208
426.5 1.108056
427.0 1.084128
427.5 1.059232
428.0 1.037152
428.5 1.342024
429.0 1.303984
429.5 1.131136
430.0 1.133128
430.5 1.13256
431.0 1.091776
431.5 1.193736
432.0 1.156672
432.5 1.100272
433.0 1.08312
433.5 1.09948
434.0 1.022736
434.5 1.12904
435.0 1.107152
435.5 1.206496
436.0 1.135208
436.5 1.219392
437.0 1.152496
437.5 1.131024
438.0 1.11368
438.5 1.076552
439.0 1.067456
439.5 1.305912
440.0 1.282096
440.5 0.969112
441.0 0.957184
441.5 1.62436
442.0 1.563888
442.5 0.993016
443.0 0.975056
443.5 1.06828
444.0 1.037088
444.5 1.079248
445.0 1.060144
445.5 1.173144
446.0 1.141312
446.5 1.097392
447.0 1.122752
447.5 1.057472
448.0 1.02012
448.5 1.134208
449.0 1.07928
449.5 1.18584
450.0 1.171472
450.5 1.158944
451.0 1.138432
451.5 1.162832
452.0 1.146256
452.5 1.060752
453.0 1.048832
453.5 1.199432
454.0 1.128224
454.5 1.248416
455.0 1.233456
455.5 1.133432
456.0 1.083792
456.5 1.044656
457.0 1.017184
457.5 1.23292
458.0 1.21352
458.5 1.006128
459.0 0.983312
459.5 1.243448
460.0 1.22792
460.5 1.131168
461.0 1.115936
461.5 0.984984
462.0 0.985616
462.5 1.14212
463.0 1.086072
463.5 1.056016
464.0 1.055872
464.5 1.217232
465.0 1.184384
465.5 1.167184
466.0 1.131168
466.5 1.28204
467.0 1.19688
467.5 1.005096
468.0 0.98872
468.5 1.149528
469.0 1.09116
469.5 1.10348
470.0 1.09952
470.5 1.257912
471.0 1.220784
471.5 1.063128
472.0 1.032032
472.5 0.919176
473.0 0.89984
473.5 1.205304
474.0 1.117072
474.5 1.242496
475.0 1.208736
475.5 1.124464
476.0 1.100112
476.5 1.283624
477.0 1.25664
477.5 1.239448
478.0 1.20784
478.5 1.193368
479.0 1.166592
479.5 1.238568
480.0 1.217744
480.5 1.150776
481.0 1.154344
481.5 1.117144
482.0 1.089328
482.5 1.70948
483.0 1.64696
483.5 1.019328
484.0 1.005552
484.5 1.142984
485.0 1.113936
485.5 0.898336
486.0 0.889088
486.5 1.158576
487.0 1.138592
487.5 0.840672
488.0 0.828592
488.5 1.603368
489.0 1.546592
489.5 0.814752
490.0 0.806608
490.5 0.967152
491.0 0.952528
491.5 1.456352
492.0 1.441664
492.5 1.000912
493.0 0.991056
493.5 1.094136
494.0 1.018304
494.5 1.366784
495.0 1.32752
495.5 0.862696
496.0 0.806784
496.5 1.519112
497.0 1.438656
497.5 1.136168
498.0 1.114432
498.5 1.08188
499.0 1.037168
499.5 1.215984
500.0 1.204544
500.5 0.914808
501.0 0.9028
501.5 1.00312
502.0 0.987784
502.5 0.981344
503.0 0.964528
503.5 1.048016
504.0 1.042752
504.5 1.175752
505.0 1.1592
505.5 1.28732
506.0 1.27728
506.5 1.1592
507.0 1.14016
507.5 1.16892
508.0 1.16168
508.5 0.96688
509.0 0.928944
509.5 1.213512
510.0 1.18776
510.5 1.046104
511.0 1.009936
511.5 1.114688
512.0 1.112528
512.5 2.027728
513.0 1.963872
513.5 0.927312
514.0 0.855112
514.5 0.963416
515.0 0.956096
515.5 0.928624
516.0 0.923168
516.5 1.074872
517.0 1.053856
517.5 1.072096
518.0 1.061232
518.5 1.158672
519.0 1.129424
519.5 1.135728
520.0 1.116384
520.5 1.105728
521.0 1.136848
521.5 1.153536
522.0 1.109584
522.5 1.235544
523.0 1.183472
523.5 1.046608
524.0 1.030176
524.5 1.26928
525.0 1.250064
525.5 1.072704
526.0 1.004592
526.5 1.211976
527.0 1.149008
527.5 0.974408
528.0 1.003792
528.5 1.250336
529.0 1.186888
529.5 0.979648
530.0 0.970256
530.5 1.163752
531.0 1.168256
531.5 1.164968
532.0 1.178384
532.5 1.263344
533.0 1.189744
533.5 1.155392
534.0 1.098144
534.5 1.0748
535.0 1.04596
535.5 0.970072
536.0 0.94768
536.5 1.114288
537.0 1.094496
537.5 1.10784
538.0 1.110112
538.5 1.124024
539.0 1.134144
539.5 1.138344
540.0 1.297536
540.5 1.25364
541.0 1.231184
541.5 1.259024
542.0 1.189824
542.5 1.126856
543.0 1.069904
543.5 0.846232
544.0 1.256704
544.5 1.66768
545.0 1.2278
545.5 1.298392
546.0 1.25272
546.5 1.133032
547.0 1.115536
547.5 1.301248
548.0 1.213616
548.5 1.086072
549.0 1.104144
549.5 0.994784
550.0 1.226032
550.5 1.573336
551.0 1.232448
551.5 1.117856
552.0 1.312
552.5 1.506856
553.0 1.23896
553.5 1.043288
554.0 1.21144
554.5 1.415832
555.0 1.21224
555.5 1.143528
556.0 1.262992
556.5 1.521576
557.0 1.325976
557.5 1.091888
558.0 1.159584
558.5 1.35412
559.0 1.222336
559.5 1.056616
560.0 1.104064
560.5 1.407464
561.0 1.351888
561.5 1.036776
562.0 1.040464
562.5 1.35132
563.0 1.258928
563.5 1.201696
564.0 1.17976
564.5 1.414736
565.0 1.391152
565.5 1.212808
566.0 1.1552
566.5 1.336392
567.0 1.33792
567.5 1.29524
568.0 1.188816
568.5 1.337784
569.0 1.292016
569.5 1.114136
570.0 1.10608
570.5 1.409736
571.0 1.360656
571.5 1.169816
572.0 1.150624
572.5 1.40044
573.0 1.3868
573.5 1.205344
574.0 1.167408
574.5 1.4186
575.0 1.332512
575.5 1.028904
576.0 1.032928
576.5 1.225848
577.0 1.203872
577.5 1.129352
578.0 1.10832
578.5 1.389712
579.0 1.34416
579.5 1.070568
580.0 1.053136
580.5 1.250952
581.0 1.146928
581.5 1.34532
582.0 1.427952
582.5 1.526248
583.0 1.44464
583.5 1.336984
584.0 1.119552
584.5 1.484144
585.0 1.414832
585.5 1.04988
586.0 1.03352
586.5 1.291064
587.0 1.259984
587.5 1.237328
588.0 1.18288
588.5 1.358984
589.0 1.320624
589.5 1.209592
590.0 1.202456
590.5 1.176992
591.0 1.212352
591.5 1.320712
592.0 1.1876
592.5 1.046928
593.0 1.32416
593.5 1.631784
594.0 1.242528
594.5 1.036008
595.0 1.209248
595.5 1.409704
596.0 1.175456
596.5 1.187104
597.0 1.229312
597.5 1.14312
598.0 1.078576
598.5 1.453744
599.0 1.365096
599.5 1.408752
600.0 1.337296
600.5 1.04664
601.0 1.063544
601.5 1.335704
602.0 1.214208
602.5 1.071872
603.0 1.03564
603.5 1.256632
604.0 1.252896
604.5 0.884608
605.0 1.161408
605.5 1.536776
606.0 1.292296
606.5 0.991048
607.0 1.128368
607.5 1.674856
608.0 1.303712
608.5 1.171256
609.0 1.323864
609.5 1.434472
610.0 1.211648
610.5 1.099872
611.0 1.207264
611.5 1.7084
612.0 1.408016
612.5 1.005128
613.0 1.162896
613.5 1.514016
614.0 1.280944
614.5 1.017952
615.0 1.1336
615.5 1.374776
616.0 1.175936
616.5 1.323256
617.0 1.364352
617.5 1.216952
618.0 1.120912
618.5 1.123504
619.0 1.103936
619.5 1.29364
620.0 1.2796
620.5 1.198728
621.0 1.178928
621.5 1.379776
622.0 1.332352
622.5 1.236328
623.0 1.177552
623.5 1.214776
624.0 1.22584
624.5 1.19348
625.0 1.15784
625.5 1.1958
626.0 1.19092
626.5 1.009152
627.0 1.376528
627.5 1.8846
628.0 1.32112
628.5 1.054648
629.0 1.058176
629.5 1.265608
630.0 1.286144
630.5 1.255448
631.0 1.178144
631.5 1.193368
632.0 1.206384
632.5 1.205376
633.0 1.206272
633.5 1.02936
634.0 1.021248
634.5 1.280008
635.0 1.268688
635.5 1.495248
636.0 1.439312
636.5 1.225472
637.0 1.20488
637.5 1.513576
638.0 1.462176
638.5 1.159488
639.0 1.159104
639.5 1.293592
640.0 1.262688
640.5 1.206304
641.0 1.106944
641.5 1.412768
642.0 1.307088
642.5 1.177848
643.0 1.075392
643.5 1.172296
644.0 1.170096
644.5 1.173168
645.0 1.170272
645.5 1.719248
646.0 1.58432
646.5 1.006608
647.0 0.984496
647.5 1.661688
648.0 1.495808
648.5 0.998664
649.0 0.945488
649.5 1.448712
650.0 1.40576
650.5 1.298472
651.0 1.221808
651.5 0.725648
652.0 1.2844
652.5 1.557112
653.0 1.179616
653.5 1.446184
654.0 1.113952
654.5 0.94636
655.0 0.937296
655.5 1.466608
656.0 1.388392
656.5 1.051424
657.0 1.077248
657.5 1.006256
658.0 1.419616
658.5 1.891768
659.0 1.344768
659.5 1.335296
660.0 1.256704
660.5 1.182536
661.0 1.166656
661.5 1.168856
662.0 1.1684
662.5 1.018488
663.0 0.99512
663.5 1.126536
664.0 1.376832
664.5 1.521632
665.0 1.208224
665.5 1.385592
666.0 1.344208
666.5 1.213064
667.0 1.167024
667.5 1.28512
668.0 1.183248
668.5 1.16032
669.0 1.147728
669.5 1.372656
670.0 1.344032
670.5 1.053472
671.0 1.25912
671.5 1.590152
672.0 1.299184
672.5 1.313784
673.0 1.215744
673.5 1.385584
674.0 1.328112
674.5 1.200784
675.0 1.18664
675.5 1.30872
676.0 1.293568
676.5 1.182256
677.0 1.16056
677.5 0.931536
678.0 1.251568
678.5 1.664016
679.0 1.270432
679.5 0.680216
680.0 1.00528
680.5 1.653976
681.0 1.259696
681.5 0.988184
682.0 1.260624
682.5 1.871352
683.0 1.448704
683.5 1.087664
684.0 1.29784
684.5 0.727072
685.0 1.148688
685.5 0.6264
686.0 0.95216
686.5 1.660688
687.0 1.382608
687.5 1.024272
688.0 1.139472
688.5 1.610448
689.0 1.36516
689.5 1.211416
690.0 1.344944
690.5 1.282552
691.0 1.268992
691.5 1.451872
692.0 0.98768
692.5 0.985256
693.0 0.963712
693.5 0.793728
694.0 0.960128
694.5 1.129664
695.0 1.346928
695.5 0.569208
696.0 1.290688
696.5 0.340432
697.0 1.601536
697.5 2.80468
698.0 1.317296
698.5 1.130032
699.0 1.227872
699.5 0.853968
700.0 1.083856
700.5 1.034912
701.0 1.058112
701.5 1.097176
702.0 1.164744
702.5 0.647512
703.0 1.466512
703.5 0.980248
704.0 1.564
704.5 0.833248
705.0 1.07276
705.5 0.731816
706.0 1.08608
706.5 0.485608
707.0 1.494792
707.5 1.283936
708.0 1.195384
708.5 0.817352
709.0 1.502928
709.5 0.920632
710.0 1.235296
710.5 0.788504
711.0 0.886064
711.5 0.5642
712.0 1.172432
712.5 1.29836
713.0 1.29992
713.5 0.903976
714.0 0.979456
714.5 0.94748
715.0 1.144848
715.5 0.731256
716.0 0.977056
716.5 1.005472
717.0 1.545584
717.5 0.759744
718.0 1.074128
718.5 0.84508
719.0 1.292352
719.5 0.593088
720.0 1.069904
720.5 1.162336
721.0 3.70788
721.5 1.160608
722.0 1.141848
722.5 1.221008
723.0 1.1628
723.5 1.086416
724.0 1.186168
724.5 0.921904
725.0 0.665312
725.5 0.891184
726.0 1.207344
726.5 1.271088
727.0 1.286912
727.5 1.167392
728.0 1.048632
728.5 1.058032
729.0 1.302888
729.5 1.285688
730.0 1.127816
730.5 1.14584
731.0 1.129272
731.5 1.041456
732.0 1.047872
732.5 1.094048
733.0 1.137584
733.5 1.07536
734.0 1.27516
734.5 1.22464
735.0 1.21088
735.5 1.186448
736.0 1.112304
736.5 1.076208
737.0 1.018368
737.5 0.981168
738.0 1.050672
738.5 1.160016
739.0 1.111824
739.5 1.074384
740.0 1.16296
740.5 1.093392
741.0 1.203856
741.5 1.153136
742.0 1.177456
742.5 1.159664
743.0 1.082832
743.5 1.117456
744.0 1.188688
744.5 1.21476
745.0 1.17568
745.5 1.084592
746.0 1.138448
746.5 1.222144
747.0 1.214944
747.5 1.1636
748.0 1.115736
748.5 0.99504
749.0 1.024576
749.5 1.035408
750.0 1.117072
750.5 1.07756
751.0 1.167664
751.5 1.072512
752.0 1.04424
752.5 1.103808
753.0 1.082776
753.5 1.154096
754.0 1.2176
754.5 1.024896
755.0 1.108112
755.5 1.160768
756.0 1.19584
756.5 1.078112
757.0 1.112992
757.5 1.187488
758.0 1.25144
758.5 1.248208
759.0 1.15588
759.5 1.177296
760.0 1.113248
760.5 1.063856
761.0 1.06744
761.5 0.989744
762.0 1.066032
762.5 1.138312
763.0 1.065752
763.5 1.055888
764.0 1.24356
764.5 1.191232
765.0 1.081152
765.5 0.975024
766.0 1.179768
766.5 1.112816
767.0 0.25872
767.5 0.15928
768.0 0.336072
768.5 0.240272
769.0 0.118936
769.5 0.194384
770.0 0.821
770.5 1.319968
771.0 2.948136
771.5 2.885888
772.0 2.792456
772.5 2.645552
773.0 1.058672
773.5 1.019568
774.0 0.304336
774.5 1.19792
775.0 0.274368
775.5 1.157104
776.0 0.76836
776.5 1.159712
777.0 1.161592
777.5 1.123736
778.0 1.196368
778.5 1.179632
779.0 1.530008
779.5 1.34
780.0 1.111376
780.5 1.047552
781.0 1.190096
781.5 1.140416
782.0 1.145096
782.5 1.104064
783.0 1.151192
783.5 1.124696
784.0 1.522776
784.5 1.4872
785.0 1.152616
785.5 1.112752
786.0 1.200216
786.5 1.137808
787.0 1.066272
787.5 1.035152
788.0 1.007792
788.5 0.982736
789.0 0.320176
789.5 1.018656
790.0 0.145152
790.5 1.190192
791.0 0.140032
791.5 1.024368
792.0 0.179824
792.5 1.01128
793.0 5.12028
793.5 1.29008
794.0 0.635352
794.5 1.121456
795.0 0.561288
795.5 1.072392
796.0 0.462192
796.5 1.268912
797.0 0.448064
797.5 1.094928
798.0 0.559032
798.5 1.218656
799.0 0.593552
799.5 1.092832
800.0 0.553376
800.5 1.192528
801.0 0.525664
801.5 0.989088
802.0 0.521648
802.5 1.19112
803.0 0.450192
803.5 1.038144
804.0 0.54484
804.5 1.324016
805.0 0.67272
805.5 1.126992
806.0 0.62848
806.5 1.082624
807.0 0.69488
807.5 1.01568
808.0 0.737512
808.5 1.27176
809.0 0.594896
809.5 0.977392
810.0 0.708208
810.5 1.112072
811.0 0.635168
811.5 1.0192
812.0 0.75904
812.5 1.310064
813.0 1.244048
813.5 0.948448
814.0 1.250856
814.5 1.239744
815.0 1.131896
815.5 1.046896
816.0 1.327392
816.5 1.294792
817.0 0.941592
817.5 0.929632
818.0 0.951288
818.5 0.947616
819.0 1.692088
819.5 1.750096
820.0 1.281352
820.5 1.161248
821.0 1.133992
821.5 1.110928
822.0 0.66592
822.5 0.655968
823.0 1.768912
823.5 1.740224
824.0 0.68488
824.5 0.684416
825.0 1.2696
825.5 1.26352
826.0 0.87556
826.5 0.847392
827.0 1.250128
827.5 1.264656
828.0 0.99688
828.5 0.958456
829.0 1.501232
829.5 1.450064
830.0 0.854352
830.5 0.84816
831.0 0.961032
831.5 0.938544
832.0 0.992064
832.5 0.9856
833.0 1.125736
833.5 1.115648
834.0 1.101136
834.5 1.039888
835.0 1.290664
835.5 1.222016
836.0 1.156856
836.5 1.147544
837.0 1.07644
837.5 1.017008
838.0 1.16644
838.5 1.132608
839.0 1.20728
839.5 1.178768
840.0 1.222168
840.5 1.203616
841.0 1.122024
841.5 1.103824
842.0 1.088216
842.5 1.06808
843.0 1.205624
843.5 1.187896
844.0 1.11636
844.5 1.09536
845.0 1.137616
845.5 1.123072
846.0 0.829144
846.5 0.856144
847.0 1.327504
847.5 1.268624
848.0 1.106552
848.5 1.088928
849.0 1.10272
849.5 1.133912
850.0 1.160416
850.5 1.108864
851.0 1.206576
851.5 1.198192
852.0 1.017904
852.5 1.047888
853.0 1.180528
853.5 1.129552
854.0 1.047272
854.5 1.037936
855.0 1.232768
855.5 1.192384
856.0 1.199744
856.5 1.165088
857.0 1.192928
857.5 1.184688
858.0 1.089
858.5 1.069872
859.0 1.030512
859.5 0.993088
860.0 1.247928
860.5 1.234912
861.0 1.03136
861.5 1.082136
862.0 1.041088
862.5 0.96024
863.0 1.13872
863.5 1.135056
864.0 1.100224
864.5 1.119728
865.0 1.463664
865.5 1.403376
866.0 1.136128
866.5 1.11544
867.0 1.001176
867.5 0.948928
868.0 0.99172
868.5 0.932352
869.0 1.182512
869.5 1.167296
870.0 1.184096
870.5 1.163568
871.0 1.064656
871.5 1.131248
872.0 1.229312
872.5 1.1436
873.0 1.082536
873.5 1.06664
874.0 0.996352
874.5 0.9992
875.0 1.306368
875.5 1.233664
876.0 1.069928
876.5 1.119512
877.0 1.222816
877.5 1.165024
878.0 1.120464
878.5 1.08528
879.0 1.137808
879.5 1.1248
880.0 1.066032
880.5 1.058336
881.0 1.25396
881.5 1.22048
882.0 1.090544
882.5 1.071704
883.0 1.201832
883.5 1.187344
884.0 1.106136
884.5 1.098
885.0 1.13956
885.5 1.11928
886.0 1.089752
886.5 1.076848
887.0 1.083792
887.5 1.089712
888.0 1.295792
888.5 1.251968
889.0 0.930032
889.5 0.921424
890.0 1.06636
890.5 1.059376
891.0 0.9364
891.5 0.931616
892.0 1.19792
892.5 1.188944
893.0 1.161712
893.5 1.160544
894.0 1.3156
894.5 1.305064
895.0 1.048224
895.5 0.986592
896.0 1.231064
896.5 1.198352
897.0 1.200336
897.5 1.139792
898.0 1.261952
898.5 1.256848
899.0 1.187608
899.5 1.112192
900.0 1.262664
900.5 1.24992
901.0 1.184744
901.5 1.186384
902.0 1.432392
902.5 1.378464
903.0 1.240632
903.5 1.19856
904.0 1.221944
904.5 1.239264
905.0 1.175192
905.5 1.13816
906.0 0.782328
906.5 1.257728
907.0 2.061048
907.5 1.44184
908.0 0.8064
908.5 1.229488
909.0 2.023752
909.5 1.388496
910.0 1.040928
910.5 1.19728
911.0 1.321584
911.5 1.094672
912.0 1.168296
912.5 1.296384
913.0 1.402744
913.5 1.189824
914.0 1.184912
914.5 1.162352
915.0 1.07472
915.5 1.132056
916.0 1.313928
916.5 1.151032
917.0 1.12236
917.5 1.203472
918.0 1.348432
918.5 1.3978
919.0 1.553872
919.5 1.219208
920.0 1.003312
920.5 1.210856
921.0 1.510976
921.5 1.259176
922.0 1.053432
922.5 1.231184
923.0 1.49524
923.5 1.26252
924.0 1.080712
924.5 1.167968
925.0 1.494088
925.5 1.357168
926.0 1.126696
926.5 1.184936
927.0 1.58484
927.5 1.383008
928.0 1.125544
928.5 1.1356
929.0 1.40452
929.5 1.271496
930.0 1.112584
930.5 1.129136
931.0 1.306192
931.5 1.243504
932.0 1.40772
932.5 1.372224
933.0 1.283
933.5 1.169264
934.0 1.022256
934.5 1.057952
935.0 1.329816
935.5 1.22112
936.0 0.949608
936.5 1.01136
937.0 1.346072
937.5 1.244992
938.0 1.157704
938.5 1.195824
939.0 1.54892
939.5 1.444624
940.0 0.930544
940.5 0.946352
941.0 1.320504
941.5 1.44248
942.0 1.503096
942.5 1.240128
943.0 1.108864
943.5 1.085936
944.0 1.58308
944.5 1.498256
945.0 1.075144
945.5 1.086528
946.0 1.205912
946.5 1.058224
947.0 0.829656
947.5 1.429568
948.0 2.103176
948.5 1.350016
949.0 1.141128
949.5 1.134136
950.0 1.072072
950.5 1.080048
951.0 1.120656
951.5 1.084896
952.0 1.270736
952.5 1.24104
953.0 1.2522
953.5 1.150304
954.0 1.235856
954.5 1.22872
955.0 1.115016
955.5 1.13168
956.0 1.346424
956.5 1.289776
957.0 1.241608
957.5 1.238912
958.0 1.39936
958.5 1.341936
959.0 1.170568
959.5 1.164592
960.0 1.2104
960.5 1.215104
961.0 1.24956
961.5 1.218032
962.0 1.23444
962.5 1.530592
963.0 1.999472
963.5 1.47208
964.0 1.07544
964.5 1.07352
965.0 1.339032
965.5 1.297536
966.0 1.25364
966.5 1.231184
967.0 1.259024
967.5 1.189824
968.0 1.126856
968.5 1.069904
969.0 0.846232
969.5 1.256704
970.0 1.66768
970.5 1.2278
971.0 1.298392
971.5 1.25272
972.0 1.133032
972.5 1.115536
973.0 1.301248
973.5 1.213616
974.0 1.086072
974.5 1.104144
975.0 0.994784
975.5 1.226032
976.0 1.573336
976.5 1.232448
977.0 1.117856
977.5 1.312
978.0 1.506856
978.5 1.23896
979.0 1.043288
979.5 1.21144
980.0 1.415832
980.5 1.21224
981.0 1.143528
981.5 1.262992
982.0 1.521576
982.5 1.325976
983.0 1.091888
983.5 1.159584
984.0 1.35412
984.5 1.222336
985.0 1.056616
985.5 1.104064
986.0 1.407464
986.5 1.351888
987.0 1.036776
987.5 1.040464
988.0 1.35132
988.5 1.258928
989.0 1.201696
989.5 1.17976
990.0 1.414736
990.5 1.391152
991.0 1.212808
991.5 1.1552
992.0 1.336392
992.5 1.33792
993.0 1.29524
993.5 1.188816
994.0 1.337784
994.5 1.292016
995.0 1.114136
995.5 1.10608
996.0 1.409736
996.5 1.360656
997.0 1.169816
997.5 1.150624
998.0 1.40044
998.5 1.3868
999.0 1.205344
999.5 1.167408
1000.0 1.4186
1000.5 1.332512
1001.0 1.028904
1001.5 1.032928
1002.0 1.225848
1002.5 1.203872
1003.0 1.129352
1003.5 1.10832
1004.0 1.389712
1004.5 1.34416
1005.0 1.070568
1005.5 1.053136
1006.0 1.250952
1006.5 1.146928
1007.0 1.34532
1007.5 1.427952
1008.0 1.526248
1008.5 1.44464
1009.0 1.336984
1009.5 1.119552
1010.0 1.484144
1010.5 1.414832
1011.0 1.04988
1011.5 1.03352
1012.0 1.291064
1012.5 1.259984
1013.0 1.237328
1013.5 1.18288
1014.0 1.358984
1014.5 1.320624
1015.0 1.209592
1015.5 1.202456
1016.0 1.176992
1016.5 1.212352
1017.0 1.320712
1017.5 1.1876
1018.0 1.046928
1018.5 1.32416
1019.0 1.631784
1019.5 1.242528
1020.0 1.036008
1020.5 1.209248
1021.0 1.409704
1021.5 1.175456
1022.0 1.187104
1022.5 1.229312
1023.0 1.14312
1023.5 1.078576
1024.0 1.453744
1024.5 1.365096
1025.0 1.408752
1025.5 1.337296
1026.0 1.04664
1026.5 1.063544
1027.0 1.335704
1027.5 1.214208
1028.0 1.071872
1028.5 1.03564
1029.0 1.256632
1029.5 1.252896
1030.0 0.884608
1030.5 1.161408
1031.0 1.536776
1031.5 1.292296
1032.0 0.991048
1032.5 1.128368
1033.0 1.674856
1033.5 1.303712
1034.0 1.171256
1034.5 1.323864
1035.0 1.434472
1035.5 1.211648
1036.0 1.099872
1036.5 1.207264
1037.0 1.7084
1037.5 1.408016
1038.0 1.005128
1038.5 1.162896
1039.0 1.514016
1039.5 1.280944
1040.0 1.017952
1040.5 1.1336
1041.0 1.374776
1041.5 1.175936
1042.0 1.323256
1042.5 1.364352
1043.0 1.216952
1043.5 1.120912
1044.0 1.123504
1044.5 1.103936
1045.0 1.29364
1045.5 1.2796
1046.0 1.198728
1046.5 1.178928
1047.0 1.379776
1047.5 1.332352
1048.0 1.236328
1048.5 1.177552
1049.0 1.214776
1049.5 1.22584
1050.0 1.19348
1050.5 1.15784
1051.0 1.1958
1051.5 1.19092
1052.0 1.009152
1052.5 1.376528
1053.0 1.8846
1053.5 1.32112
1054.0 1.054648
1054.5 1.058176
1055.0 1.265608
1055.5 1.286144
1056.0 1.255448
1056.5 1.178144
1057.0 1.193368
1057.5 1.206384
1058.0 1.205376
1058.5 1.206272
1059.0 1.02936
1059.5 1.021248
1060.0 1.280008
1060.5 1.268688
1061.0 1.495248
1061.5 1.439312
1062.0 1.225472
1062.5 1.20488
1063.0 1.513576
1063.5 1.462176
1064.0 1.159488
1064.5 1.159104
1065.0 1.293592
1065.5 1.262688
1066.0 1.206304
1066.5 1.106944
1067.0 1.412768
1067.5 1.307088
1068.0 1.177848
1068.5 1.075392
1069.0 1.172296
1069.5 1.170096
1070.0 1.173168
1070.5 1.170272
1071.0 1.719248
1071.5 1.58432
1072.0 1.006608
1072.5 0.984496
1073.0 1.661688
1073.5 1.495808
1074.0 0.998664
1074.5 0.945488
1075.0 1.448712
1075.5 1.40576
1076.0 1.298472
1076.5 1.221808
1077.0 0.725648
1077.5 1.2844
1078.0 1.557112
1078.5 1.179616
1079.0 1.446184
1079.5 1.113952
1080.0 1.079232
1080.5 1.300224
1081.0 1.365328
1081.5 1.180408
1082.0 1.138368
1082.5 1.386688
1083.0 1.396384
1083.5 1.101872
1084.0 1.101584
1084.5 1.38476
1085.0 1.333936
1085.5 1.135928
1086.0 1.13164
1086.5 1.350984
1087.0 1.319888
1087.5 1.129664
1088.0 1.146656
1088.5 1.348288
1089.0 1.292736
1089.5 1.145056
1090.0 1.230112
1090.5 1.239168
1091.0 1.180272
1091.5 1.116656
1092.0 1.120448
1092.5 1.313504
1093.0 1.319856
1093.5 1.209904
1094.0 1.104496
1094.5 1.114096
1095.0 1.388272
1095.5 1.337536
1096.0 1.095424
1096.5 1.24824
1097.0 1.359984
1097.5 1.267584
1098.0 1.163072
1098.5 1.132192
1099.0 1.3004
1099.5 1.353136
1100.0 1.168224
1100.5 1.121392
1101.0 1.12256
1101.5 1.355184
1102.0 1.333536
1102.5 1.1642
1103.0 1.201072
1103.5 1.217672
1104.0 1.140368
1104.5 1.105496
1105.0 1.173984
1105.5 1.332688
1106.0 1.323488
1106.5 1.107264
1107.0 1.15856
1107.5 0.670352
1108.0 1.310736
1108.5 0.735472
1109.0 1.073776
1109.5 1.15848
1110.0 1.298736
1110.5 1.206016
1111.0 1.238512
1111.5 1.354832
1112.0 1.323152
1112.5 1.169984
1113.0 1.118992
1113.5 1.386384
1114.0 1.28672
1114.5 1.116864
1115.0 1.216432
1115.5 1.336328
1116.0 1.287904
1116.5 1.212088
1117.0 1.144192
1117.5 1.353176
1118.0 1.335008
1118.5 1.068896
1119.0 1.123384
1119.5 1.306
1120.0 1.272384
1120.5 1.146456
1121.0 1.129424
1121.5 1.320696
1122.0 1.307008
1122.5 1.140616
1123.0 1.156832
1123.5 1.304392
1124.0 1.248
1124.5 1.15792
1125.0 1.195152
1125.5 1.314688
1126.0 1.329792
1126.5 1.169456
1127.0 1.063664
1127.5 1.390672
1128.0 1.434544
1128.5 1.0888
1129.0 1.159216
1129.5 1.37592
1130.0 1.347824
1130.5 1.131872
1131.0 1.149968
1131.5 1.30332
1132.0 1.289248
1132.5 1.167168
1133.0 1.102688
1133.5 1.36032
1134.0 1.329088
1134.5 1.101104
1135.0 1.13344
1135.5 1.296272
1136.0 1.215536
1136.5 1.154232
1137.0 1.182144
1137.5 1.248672
1138.0 1.30352
1138.5 1.17096
1139.0 1.163872
1139.5 1.319616
1140.0 1.340944
1140.5 1.192488
1141.0 1.126336
1141.5 1.274992
1142.0 1.296624
1142.5 1.132264
1143.0 1.097568
1143.5 1.271648
1144.0 1.292432
1144.5 1.105552
1145.0 1.121536
1145.5 1.398328
1146.0 1.284832
1146.5 1.19836
1147.0 1.185584
1147.5 1.345488
1148.0 1.403488
1148.5 1.129648
1149.0 1.055712
1149.5 1.310176
1150.0 1.34336
1150.5 1.137712
1151.0 1.115264
1151.5 1.323952
1152.0 1.277736
1152.5 1.108304
1153.0 1.151856
1153.5 1.47716
1154.0 1.409008
1154.5 1.090552
1155.0 1.10464
1155.5 1.306232
1156.0 1.293456
1156.5 1.133304
1157.0 1.148992
1157.5 1.282616
1158.0 1.295792
1158.5 1.106648
1159.0 1.068128
1159.5 1.282208
1160.0 1.28848
1160.5 1.10584
1161.0 1.054496
1161.5 1.351784
1162.0 1.382672
1162.5 1.113392
1163.0 1.187616
1163.5 1.354176
1164.0 1.286512
1164.5 1.12384
1165.0 1.16232
1165.5 1.351392
1166.0 1.32848
1166.5 1.090608
1167.0 1.150352
1167.5 1.323728
1168.0 1.231776
1168.5 1.051632
1169.0 1.083872
1169.5 1.393504
1170.0 1.351184
1170.5 1.157064
1171.0 1.20168
1171.5 1.319536
1172.0 1.36168
1172.5 1.173008
1173.0 1.133728
1173.5 1.438496
1174.0 1.369728
1174.5 1.071792
1175.0 1.078352
1175.5 1.411048
1176.0 1.347824
1176.5 1.185256
1177.0 1.147936
1177.5 1.107688
1178.0 1.320928
1178.5 1.297768
1179.0 1.142272
1179.5 1.210376
1180.0 1.352368
1180.5 1.30112
1181.0 1.13728
1181.5 1.089512
1182.0 1.28576
1182.5 1.305408
1183.0 1.075088
1183.5 1.161
1184.0 1.308208
1184.5 1.27776
1185.0 1.208888
1185.5 0.806896
1186.0 1.174368
1186.5 0.701256
1187.0 1.283968
1187.5 0.716592
1188.0 1.096528
1188.5 1.218512
1189.0 1.311056
1189.5 1.132392
1190.0 1.148352
1190.5 1.339312
1191.0 1.324224
1191.5 1.134264
1192.0 1.193216
1192.5 1.335672
1193.0 1.25136
1193.5 1.158968
1194.0 1.187088
1194.5 1.3534
1195.0 1.287792
1195.5 1.111952
1196.0 1.129776
1196.5 1.306008
1197.0 1.28216
1197.5 1.143872
1198.0 1.116896
1198.5 1.269216
1199.0 1.296592
1199.5 1.20632
1200.0 1.174736
1200.5 0.920576
1201.0 0.919744
1201.5 0.800424
1202.0 1.351984
1202.5 0.73536
1203.0 1.135328
1203.5 0.688768
1204.0 1.271312
1204.5 0.814896
1205.0 1.131232
1205.5 1.151616
1206.0 1.271616
1206.5 1.056624
1207.0 1.182752
1207.5 0.794064
1208.0 1.332992
1208.5 0.689872
1209.0 1.07176
1209.5 1.263184
1210.0 1.394848
1210.5 1.086864
1211.0 1.176944
1211.5 1.377624
1212.0 1.2672
1212.5 1.160176
1213.0 1.039776
1213.5 1.38128
1214.0 1.368752
1214.5 1.1464
1215.0 1.177536
1215.5 1.265408
1216.0 1.292064
1216.5 1.212896
1217.0 1.16652
1217.5 1.360688
1218.0 1.309248
1218.5 1.161456
1219.0 1.115792
1219.5 1.33368
1220.0 1.321888
1220.5 1.170112
1221.0 1.165344
1221.5 1.30748
1222.0 1.288048
1222.5 1.213848
1223.0 1.172992
1223.5 1.354104
1224.0 1.264768
1224.5 1.170016
1225.0 1.206608
1225.5 1.30168
1226.0 1.242656
1226.5 1.123792
1227.0 1.140016
1227.5 1.297528
1228.0 1.22824
1228.5 1.200544
1229.0 1.253232
1229.5 1.326016
1230.0 1.30272
1230.5 1.177552
1231.0 1.117584
1231.5 1.379912
1232.0 1.382784
1232.5 1.186576
1233.0 1.129232
1233.5 1.339128
1234.0 1.251344
1234.5 1.247616
1235.0 1.145072
1235.5 1.329504
1236.0 1.347232
1236.5 1.180056
1237.0 1.121584
1237.5 1.32136
1238.0 1.302544
1238.5 1.112784
1239.0 1.10528
1239.5 1.362336
1240.0 1.401808
1240.5 1.19132
1241.0 1.161936
1241.5 1.33684
1242.0 1.27624
1242.5 1.080816
1243.0 1.079712
1243.5 1.339232
1244.0 1.326352
1244.5 1.152208
1245.0 1.112064
1245.5 1.355624
1246.0 1.305728
1246.5 1.127472
1247.0 1.239168
1247.5 1.327272
1248.0 1.261968
1248.5 0.71
1249.0 1.121152
1249.5 0.762816
1250.0 1.328104
1250.5 0.761008
1251.0 1.171728
1251.5 0.954056
1252.0 1.321696
1252.5 1.22112
1253.0 1.100112
1253.5 1.488512
1254.0 1.37648
1254.5 1.068032
1255.0 1.11696
1255.5 1.374024
1256.0 1.26648
1256.5 1.137792
1257.0 1.157232
1257.5 1.338544
1258.0 1.33044
1258.5 1.189904
1259.0 1.091952
1259.5 1.311632
1260.0 1.026168
1260.5 1.043488
1261.0 1.311456
1261.5 1.28896
1262.0 1.283512
1262.5 1.141568
1263.0 1.219432
1263.5 1.235552
1264.0 1.127864
1264.5 1.112352
1265.0 1.308856
1265.5 1.273232
1266.0 1.232088
1266.5 1.233376
1267.0 1.231128
1267.5 1.1928
1268.0 1.15264
1268.5 1.167728
1269.0 1.266864
1269.5 1.237328
1270.0 1.237112
1270.5 1.237264
1271.0 1.165448
1271.5 1.108096
1272.0 1.25796
1272.5 1.248224
1273.0 1.344864
1273.5 1.323712
1274.0 1.798864
1274.5 1.600968
1275.0 1.085208
1275.5 1.125168
1276.0 1.172864
1276.5 1.14736
1277.0 1.110696
1277.5 1.041664
1278.0 1.281304
1278.5 1.311696
1279.0 1.140744
1279.5 1.021088
1280.0 1.639768
1280.5 1.572736
1281.0 1.162424
1281.5 1.154464
1282.0 1.267912
1282.5 1.28256
1283.0 0.991272
1283.5 0.965936
1284.0 1.402648
1284.5 1.413168
1285.0 1.219568
1285.5 1.13904
1286.0 1.216512
1286.5 1.167664
1287.0 1.335888
1287.5 1.332784
1288.0 1.415936
1288.5 1.324896
1289.0 1.180424
1289.5 1.168648
1290.0 1.062568
1290.5 1.057568
1291.0 1.382424
1291.5 1.364688
1292.0 1.14596
1292.5 1.082912
1293.0 1.311376
1293.5 1.285776
1294.0 1.385312
1294.5 1.296792
1295.0 1.095456
1295.5 1.07672
1296.0 1.147688
1296.5 1.18432
1297.0 1.202856
1297.5 1.156176
1298.0 1.401144
1298.5 1.402592
1299.0 1.1302
1299.5 1.048384
1300.0 1.431992
1300.5 1.445728
1301.0 1.172728
1301.5 1.149296
1302.0 1.322136
1302.5 1.3244
1303.0 1.279544
1303.5 1.220656
1304.0 1.267416
1304.5 1.221104
1305.0 1.219472
1305.5 1.205104
1306.0 1.262664
1306.5 1.24992
1307.0 1.184744
1307.5 1.186384
1308.0 1.432392
1308.5 1.378464
1309.0 1.240632
1309.5 1.19856
1310.0 1.221944
1310.5 1.239264
1311.0 1.175192
1311.5 1.13816
1312.0 0.782328
1312.5 1.257728
1313.0 2.061048
1313.5 1.44184
1314.0 0.8064
1314.5 1.229488
1315.0 2.023752
1315.5 1.388496
1316.0 1.040928
1316.5 1.19728
1317.0 1.321584
1317.5 1.094672
1318.0 1.168296
1318.5 1.296384
1319.0 1.402744
1319.5 1.189824
1320.0 1.184912
1320.5 1.162352
1321.0 1.07472
1321.5 1.132056
1322.0 1.313928
1322.5 1.151032
1323.0 1.12236
1323.5 1.203472
1324.0 1.348432
1324.5 1.3978
1325.0 1.553872
1325.5 1.219208
1326.0 1.003312
1326.5 1.210856
1327.0 1.510976
1327.5 1.259176
1328.0 1.053432
1328.5 1.231184
1329.0 1.49524
1329.5 1.26252
1330.0 1.080712
1330.5 1.167968
1331.0 1.494088
1331.5 1.357168
1332.0 1.126696
1332.5 1.184936
1333.0 1.58484
1333.5 1.383008
1334.0 1.125544
1334.5 1.1356
1335.0 1.40452
1335.5 1.271496
1336.0 1.112584
1336.5 1.129136
1337.0 1.306192
1337.5 1.243504
1338.0 1.40772
1338.5 1.372224
1339.0 1.283
1339.5 1.169264
1340.0 1.022256
1340.5 1.057952
1341.0 1.329816
1341.5 1.22112
1342.0 0.949608
1342.5 1.01136
1343.0 1.346072
1343.5 1.244992
1344.0 1.157704
1344.5 1.195824
1345.0 1.54892
1345.5 1.444624
1346.0 0.930544
1346.5 0.946352
1347.0 1.320504
1347.5 1.44248
1348.0 1.503096
1348.5 1.240128
1349.0 1.108864
1349.5 1.085936
1350.0 1.58308
1350.5 1.498256
1351.0 1.075144
1351.5 1.086528
1352.0 1.205912
1352.5 1.058224
1353.0 0.829656
1353.5 1.429568
1354.0 2.103176
1354.5 1.350016
1355.0 1.141128
1355.5 1.134136
1356.0 1.072072
1356.5 1.080048
1357.0 1.120656
1357.5 1.084896
1358.0 1.270736
1358.5 1.24104
1359.0 1.2522
1359.5 1.150304
1360.0 1.235856
1360.5 1.22872
1361.0 1.115016
1361.5 1.13168
1362.0 1.346424
1362.5 1.289776
1363.0 1.241608
1363.5 1.238912
1364.0 1.39936
1364.5 1.341936
1365.0 1.170568
1365.5 1.164592
1366.0 1.2104
1366.5 1.215104
1367.0 1.24956
1367.5 1.218032
1368.0 1.23444
1368.5 1.530592
1369.0 1.999472
1369.5 1.47208
1370.0 1.07544
1370.5 1.07352
1371.0 1.339032
1371.5 1.297536
1372.0 1.25364
1372.5 1.231184
1373.0 1.259024
1373.5 1.189824
1374.0 1.126856
1374.5 1.069904
1375.0 0.846232
1375.5 1.256704
1376.0 1.66768
1376.5 1.2278
1377.0 1.298392
1377.5 1.25272
1378.0 1.133032
1378.5 1.115536
1379.0 1.301248
1379.5 1.213616
1380.0 1.086072
1380.5 1.104144
1381.0 0.994784
1381.5 1.226032
1382.0 1.573336
1382.5 1.232448
1383.0 1.117856
1383.5 1.312
1384.0 1.506856
1384.5 1.23896
1385.0 1.043288
1385.5 1.21144
1386.0 1.415832
1386.5 1.21224
1387.0 1.143528
1387.5 1.262992
1388.0 1.521576
1388.5 1.325976
1389.0 1.091888
1389.5 1.159584
1390.0 1.35412
1390.5 1.222336
1391.0 1.056616
1391.5 1.104064
1392.0 1.407464
1392.5 1.351888
1393.0 1.036776
1393.5 1.040464
1394.0 1.35132
1394.5 1.258928
1395.0 1.201696
1395.5 1.17976
1396.0 1.414736
1396.5 1.391152
1397.0 1.212808
1397.5 1.1552
1398.0 1.336392
1398.5 1.33792
1399.0 1.29524
1399.5 1.188816
1400.0 1.337784
1400.5 1.292016
1401.0 1.114136
1401.5 1.10608
1402.0 1.409736
1402.5 1.360656
1403.0 1.169816
1403.5 1.150624
1404.0 1.40044
1404.5 1.3868
1405.0 1.205344
1405.5 1.167408
1406.0 1.4186
1406.5 1.332512
1407.0 1.028904
1407.5 1.032928
1408.0 1.225848
1408.5 1.203872
1409.0 1.129352
1409.5 1.10832
1410.0 1.389712
1410.5 1.34416
1411.0 1.070568
1411.5 1.053136
1412.0 1.250952
1412.5 1.146928
1413.0 1.34532
1413.5 1.427952
1414.0 1.526248
1414.5 1.44464
1415.0 1.336984
1415.5 1.119552
1416.0 1.484144
1416.5 1.414832
1417.0 1.04988
1417.5 1.03352
1418.0 1.291064
1418.5 1.259984
1419.0 1.237328
1419.5 1.18288
1420.0 1.358984
1420.5 1.320624
1421.0 1.209592
1421.5 1.202456
1422.0 1.176992
1422.5 1.212352
1423.0 1.320712
1423.5 1.1876
1424.0 1.046928
1424.5 1.32416
1425.0 1.631784
1425.5 1.242528
1426.0 1.036008
1426.5 1.209248
1427.0 1.409704
1427.5 1.175456
1428.0 1.187104
1428.5 1.229312
1429.0 1.14312
1429.5 1.078576
1430.0 1.453744
1430.5 1.365096
1431.0 1.408752
1431.5 1.337296
1432.0 1.04664
1432.5 1.063544
1433.0 1.335704
1433.5 1.214208
1434.0 1.071872
1434.5 1.03564
1435.0 1.256632
1435.5 1.252896
1436.0 0.884608
1436.5 1.161408
1437.0 1.536776
1437.5 1.292296
1438.0 0.991048
1438.5 1.128368
1439.0 1.674856
1439.5 1.303712
