0.0 0.712736
0.5 0.776624
1.0 0.8922
1.5 0.86696
2.0 0.825952
2.5 0.832384
3.0 1.089504
3.5 0.986528
4.0 0.816736
4.5 0.881664
5.0 1.035728
5.5 1.011168
6.0 0.808672
6.5 0.834512
7.0 1.169616
7.5 1.13616
8.0 0.863616
8.5 0.876224
9.0 1.073904
9.5 1.14352
10.0 0.968096
10.5 0.95552
11.0 0.980032
11.5 1.060112
12.0 1.195448
12.5 1.143008
13.0 1.239048
13.5 1.219504
14.0 1.074328
14.5 1.04472
15.0 1.116736
15.5 1.275024
16.0 1.260248
16.5 1.10244
17.0 1.086032
17.5 1.086768
18.0 1.246032
18.5 1.257792
19.0 0.68436
19.5 1.386352
20.0 0.748688
20.5 1.121968
21.0 0.5748
21.5 1.07136
22.0 1.432664
22.5 1.366192
23.0 1.172208
23.5 1.34712
24.0 0.719704
24.5 1.091088
25.0 0.727872
25.5 1.34448
26.0 1.27112
26.5 1.167024
27.0 0.861704
27.5 1.095136
28.0 0.726696
28.5 1.258496
29.0 0.720288
29.5 1.171776
30.0 1.21572
30.5 1.225792
31.0 1.088776
31.5 1.179328
32.0 1.412856
32.5 1.294544
33.0 1.147928
33.5 1.160976
34.0 1.34432
34.5 1.293744
35.0 1.187568
35.5 1.27536
36.0 1.3394
36.5 1.28752
37.0 1.108664
37.5 1.132768
38.0 1.305872
38.5 1.24832
39.0 1.162352
39.5 1.228
40.0 1.33588
40.5 1.258768
41.0 1.136688
41.5 1.122768
42.0 1.29388
42.5 1.23424
43.0 1.118536
43.5 1.146512
44.0 1.340112
44.5 1.339072
45.0 1.144496
45.5 1.145184
46.0 1.302976
46.5 1.334832
47.0 1.170072
47.5 1.098528
48.0 1.312368
48.5 1.31824
49.0 1.13684
49.5 1.132216
50.0 1.3312
50.5 1.355072
51.0 1.10352
51.5 1.102592
52.0 1.309768
52.5 1.269696
53.0 1.061776
53.5 1.132352
54.0 1.335024
54.5 1.246448
55.0 1.12364
55.5 1.24832
56.0 0.93132
56.5 1.324144
57.0 0.698304
57.5 1.123424
58.0 1.078704
58.5 1.214976
59.0 1.26664
59.5 1.225728
60.0 1.342304
60.5 1.31608
61.0 1.15132
61.5 1.200768
62.0 1.249832
62.5 1.210896
63.0 1.1888
63.5 1.179952
64.0 1.368584
64.5 1.333696
65.0 1.159896
65.5 1.16272
66.0 1.320504
66.5 1.355296
67.0 1.191592
67.5 1.12864
68.0 1.297416
68.5 1.264464
69.0 1.130824
69.5 1.186736
70.0 1.299888
70.5 1.217056
71.0 1.136184
71.5 1.178928
72.0 1.249584
72.5 1.251648
73.0 1.167776
73.5 1.16528
74.0 1.350432
74.5 1.285584
75.0 1.105424
75.5 1.125904
76.0 1.411456
76.5 1.461072
77.0 1.143072
77.5 1.12496
78.0 1.257632
78.5 1.23136
79.0 1.187488
79.5 1.179648
80.0 1.23304
80.5 1.254464
81.0 1.172832
81.5 1.164864
82.0 1.327008
82.5 1.293736
83.0 1.218448
83.5 1.22768
84.0 1.290048
84.5 1.275504
85.0 1.19264
85.5 1.114256
86.0 1.303112
86.5 1.286176
87.0 1.127728
87.5 1.13608
88.0 1.383728
88.5 1.385728
89.0 1.111288
89.5 1.120496
90.0 1.336744
90.5 1.34216
91.0 1.182864
91.5 1.190224
92.0 1.274112
92.5 1.239984
93.0 1.138064
93.5 1.096192
94.0 1.223496
94.5 1.329616
95.0 1.196
95.5 1.161808
96.0 1.37328
96.5 1.296528
97.0 1.1714
97.5 1.144928
98.0 1.250304
98.5 1.277072
99.0 1.137704
99.5 1.195168
100.0 1.275736
100.5 1.182144
101.0 1.14188
101.5 1.097648
102.0 1.281272
102.5 1.349504
103.0 1.265448
103.5 1.23736
104.0 1.318696
104.5 1.2844
105.0 1.156448
105.5 1.21664
106.0 1.31988
106.5 1.296768
107.0 1.106368
107.5 1.090416
108.0 1.3302
108.5 1.312896
109.0 1.118512
109.5 1.079232
110.0 1.300224
110.5 1.365328
111.0 1.180408
111.5 1.138368
112.0 1.386688
112.5 1.396384
113.0 1.101872
113.5 1.101584
114.0 1.38476
114.5 1.333936
115.0 1.135928
115.5 1.13164
116.0 1.350984
116.5 1.319888
117.0 1.129664
117.5 1.146656
118.0 1.348288
118.5 1.292736
119.0 1.145056
119.5 1.230112
120.0 1.239168
120.5 1.180272
121.0 1.116656
121.5 1.120448
122.0 1.313504
122.5 1.319856
123.0 1.209904
123.5 1.104496
124.0 1.114096
124.5 1.388272
125.0 1.337536
125.5 1.095424
126.0 1.24824
126.5 1.359984
127.0 1.267584
127.5 1.163072
128.0 1.132192
128.5 1.3004
129.0 1.353136
129.5 1.168224
130.0 1.121392
130.5 1.12256
131.0 1.355184
131.5 1.333536
132.0 1.1642
132.5 1.201072
133.0 1.217672
133.5 1.140368
134.0 1.105496
134.5 1.173984
135.0 1.332688
135.5 1.323488
136.0 1.107264
136.5 1.15856
137.0 0.670352
137.5 1.310736
138.0 0.735472
138.5 1.073776
139.0 1.15848
139.5 1.298736
140.0 1.206016
140.5 1.238512
141.0 1.354832
141.5 1.323152
142.0 1.169984
142.5 1.118992
143.0 1.386384
143.5 1.28672
144.0 1.116864
144.5 1.216432
145.0 1.336328
145.5 1.287904
146.0 1.212088
146.5 1.144192
147.0 1.353176
147.5 1.335008
148.0 1.068896
148.5 1.123384
149.0 1.306
149.5 1.272384
150.0 1.146456
150.5 1.129424
151.0 1.320696
151.5 1.307008
152.0 1.140616
152.5 1.156832
153.0 1.304392
153.5 1.248
154.0 1.15792
154.5 1.195152
155.0 1.314688
155.5 1.329792
156.0 1.169456
156.5 1.063664
157.0 1.390672
157.5 1.434544
158.0 1.0888
158.5 1.159216
159.0 1.37592
159.5 1.347824
160.0 1.131872
160.5 1.149968
161.0 1.30332
161.5 1.289248
162.0 1.167168
162.5 1.102688
163.0 1.36032
163.5 1.329088
164.0 1.101104
164.5 1.13344
165.0 1.296272
165.5 1.215536
166.0 1.154232
166.5 1.182144
167.0 1.248672
167.5 1.30352
168.0 1.17096
168.5 1.163872
169.0 1.319616
169.5 1.340944
170.0 1.192488
170.5 1.126336
171.0 1.274992
171.5 1.296624
172.0 1.132264
172.5 1.097568
173.0 1.271648
173.5 1.292432
174.0 1.105552
174.5 1.121536
175.0 1.398328
175.5 1.284832
176.0 1.19836
176.5 1.185584
177.0 1.345488
177.5 1.403488
178.0 1.129648
178.5 1.055712
179.0 1.310176
179.5 1.34336
180.0 1.319216
180.5 1.220728
181.0 1.156752
181.5 1.282128
182.0 1.254368
182.5 1.184056
183.0 1.191024
183.5 1.284112
184.0 1.228816
184.5 1.12736
185.0 1.094704
185.5 1.364952
186.0 1.428736
186.5 1.17784
187.0 1.102048
187.5 1.377744
188.0 1.285328
188.5 1.159296
189.0 1.162528
189.5 1.417752
190.0 1.357504
190.5 1.176552
191.0 1.098024
191.5 1.300624
192.0 1.363696
192.5 1.144736
193.0 1.174496
193.5 1.360384
194.0 1.254928
194.5 1.185984
195.0 1.096832
195.5 1.302752
196.0 1.269056
196.5 1.130664
197.0 1.211888
197.5 1.285896
198.0 1.286848
198.5 1.18912
199.0 1.111488
199.5 1.371944
200.0 1.313552
200.5 1.191208
201.0 1.125344
201.5 1.369552
202.0 1.383312
202.5 1.150488
203.0 1.107024
203.5 1.30652
204.0 1.315968
204.5 1.18348
205.0 1.186832
205.5 1.314768
206.0 1.20776
206.5 1.144624
207.0 1.183856
207.5 1.449448
208.0 1.360208
208.5 1.168832
209.0 1.047536
209.5 1.354528
210.0 1.333904
210.5 1.176904
211.0 1.244192
211.5 1.361168
212.0 1.266944
212.5 1.123952
213.0 1.160896
213.5 1.338344
214.0 1.332752
214.5 1.14992
215.0 1.140336
215.5 1.344688
216.0 1.256752
216.5 1.15256
217.0 1.1712
217.5 1.331616
218.0 1.292192
218.5 1.068448
219.0 1.041824
219.5 1.333832
220.0 1.34336
220.5 1.195632
221.0 1.114624
221.5 1.385536
222.0 1.4412
222.5 1.233648
223.0 1.148736
223.5 1.298288
224.0 1.307736
224.5 1.123456
225.0 1.111968
225.5 1.410096
226.0 1.33464
226.5 1.124608
227.0 1.102016
227.5 1.405936
228.0 1.31152
228.5 1.084352
229.0 1.1388
229.5 1.427448
230.0 1.29032
230.5 1.180664
231.0 1.22856
231.5 1.337984
232.0 1.276384
232.5 1.172544
233.0 1.138328
233.5 1.332064
234.0 1.310368
234.5 0.765272
235.0 1.146944
235.5 0.693384
236.0 1.260496
236.5 0.710096
237.0 1.136752
237.5 0.69004
238.0 1.193968
238.5 1.412512
239.0 1.253488
239.5 1.003776
240.0 1.249824
240.5 0.726096
241.0 1.147616
241.5 0.72424
242.0 1.335232
242.5 1.427216
243.0 1.123392
243.5 1.435344
244.0 1.363184
244.5 1.059088
245.0 1.03292
245.5 1.263984
246.0 1.321984
246.5 1.19744
247.0 1.105696
247.5 1.459592
248.0 1.369808
248.5 1.16676
249.0 1.182352
249.5 1.449464
250.0 1.335824
250.5 1.1392
251.0 1.174912
251.5 1.38812
252.0 1.337664
252.5 1.170456
253.0 1.142864
253.5 1.38052
254.0 1.277872
254.5 1.134656
255.0 1.165008
255.5 1.180088
256.0 1.313232
256.5 1.285536
257.0 1.0884
257.5 1.024448
258.0 1.413808
258.5 0.72396
259.0 1.054368
259.5 0.763848
260.0 1.241768
260.5 1.322352
261.0 1.18408
261.5 1.28464
262.0 1.223232
262.5 1.335024
263.0 1.260912
263.5 1.18528
264.0 1.314384
264.5 1.450016
265.0 1.285344
265.5 1.113496
266.0 1.087432
266.5 1.12112
267.0 1.151296
267.5 1.335856
268.0 1.228848
268.5 1.241016
269.0 1.16632
269.5 1.140616
270.0 1.187456
270.5 1.089592
271.0 0.899888
271.5 0.714696
272.0 0.887744
272.5 1.508368
273.0 1.416736
273.5 1.333424
274.0 1.356944
274.5 1.48144
275.0 1.414944
275.5 1.214336
276.0 1.177792
276.5 1.297616
277.0 1.260576
277.5 1.234864
278.0 1.29212
278.5 1.307216
279.0 1.237088
279.5 1.140048
280.0 1.147936
280.5 1.424464
281.0 1.365952
281.5 1.159472
282.0 1.133712
282.5 1.299072
283.0 1.3272
283.5 1.150304
284.0 1.11616
284.5 1.175064
285.0 1.099664
285.5 1.265968
286.0 1.249888
286.5 1.389072
287.0 1.359728
287.5 0.860784
288.0 0.772568
288.5 0.106536
289.0 0.1
289.5 0.146744
290.0 0.1
290.5 0.147928
291.0 0.1
291.5 0.106608
292.0 0.1
292.5 0.10764
293.0 0.101688
293.5 0.107808
294.0 0.1
294.5 0.104744
295.0 0.1
295.5 0.106184
296.0 0.1
296.5 0.106152
297.0 0.1
297.5 0.103544
298.0 0.1
298.5 0.10568
299.0 0.101688
299.5 0.101856
300.0 0.1
300.5 0.102368
301.0 0.1
301.5 0.100928
302.0 0.1
302.5 0.100928
303.0 0.1
303.5 0.107936
304.0 0.1
304.5 0.106464
305.0 0.10176
305.5 0.101976
306.0 0.1
306.5 0.10348
307.0 0.1
307.5 0.160096
308.0 0.1
308.5 0.106912
309.0 0.10888
309.5 0.128368
310.0 0.123648
310.5 0.10488
311.0 0.10268
311.5 0.330112
312.0 0.503264
312.5 1.03752
313.0 1.052752
313.5 1.241584
314.0 1.228
314.5 1.08472
315.0 1.055664
315.5 1.24532
316.0 1.18576
316.5 0.985872
317.0 1.013136
317.5 1.331728
318.0 1.241264
318.5 1.063224
319.0 1.100928
319.5 1.232024
320.0 1.119712
320.5 1.028856
321.0 0.935728
321.5 1.232352
322.0 1.154064
322.5 1.024056
323.0 1.091056
323.5 1.26688
324.0 1.283984
324.5 0.993264
325.0 0.922272
325.5 1.142752
326.0 1.295624
326.5 1.222304
327.0 1.05448
327.5 1.2308
328.0 1.219216
328.5 1.147872
329.0 1.03056
329.5 1.034768
330.0 1.078704
330.5 1.012448
331.0 0.98168
331.5 1.221456
332.0 1.207528
332.5 1.092656
333.0 1.07056
333.5 1.126016
334.0 1.114864
334.5 1.12248
335.0 1.0312
335.5 1.179016
336.0 1.320208
336.5 1.263032
337.0 1.106208
337.5 1.117336
338.0 1.07952
338.5 1.022968
339.0 1.008048
339.5 1.105856
340.0 1.170592
340.5 1.215616
341.0 1.138336
341.5 1.184928
342.0 1.20416
342.5 1.229344
343.0 1.119344
343.5 1.163136
344.0 1.086216
344.5 1.012496
345.0 1.0764
345.5 1.143088
346.0 1.06008
346.5 1.00368
347.0 1.024352
347.5 1.134664
348.0 1.145696
348.5 1.238128
349.0 1.129648
349.5 1.1438
350.0 0.9276
350.5 1.356072
351.0 1.517376
351.5 1.054528
352.0 0.953728
352.5 1.09636
353.0 1.00592
353.5 1.046592
354.0 1.11744
354.5 1.145216
355.0 1.123424
355.5 1.055768
356.0 1.098128
356.5 1.285088
357.0 1.25336
357.5 1.136952
358.0 1.130672
358.5 1.062336
359.0 1.013224
359.5 1.080624
360.0 1.102048
360.5 1.377744
361.0 1.285328
361.5 1.159296
362.0 1.162528
362.5 1.417752
363.0 1.357504
363.5 1.176552
364.0 1.098024
364.5 1.300624
365.0 1.363696
365.5 1.144736
366.0 1.174496
366.5 1.360384
367.0 1.254928
367.5 1.185984
368.0 1.096832
368.5 1.302752
369.0 1.269056
369.5 1.130664
370.0 1.211888
370.5 1.285896
371.0 1.286848
371.5 1.18912
372.0 1.111488
372.5 1.371944
373.0 1.313552
373.5 1.191208
374.0 1.125344
374.5 1.369552
375.0 1.383312
375.5 1.150488
376.0 1.107024
376.5 1.30652
377.0 1.315968
377.5 1.18348
378.0 1.186832
378.5 1.314768
379.0 1.20776
379.5 1.144624
380.0 1.183856
380.5 1.449448
381.0 1.360208
381.5 1.168832
382.0 1.047536
382.5 1.354528
383.0 1.333904
383.5 1.176904
384.0 1.244192
384.5 1.361168
385.0 1.266944
385.5 1.123952
386.0 1.160896
386.5 1.338344
387.0 1.332752
387.5 1.14992
388.0 1.140336
388.5 1.344688
389.0 1.256752
389.5 1.15256
390.0 1.1712
390.5 1.331616
391.0 1.292192
391.5 1.068448
392.0 1.041824
392.5 1.333832
393.0 1.34336
393.5 1.195632
394.0 1.114624
394.5 1.385536
395.0 1.4412
395.5 1.233648
396.0 1.148736
396.5 1.298288
397.0 1.307736
397.5 1.123456
398.0 1.111968
398.5 1.410096
399.0 1.33464
399.5 1.124608
400.0 1.102016
400.5 1.405936
401.0 1.31152
401.5 1.084352
402.0 1.1388
402.5 1.427448
403.0 1.29032
403.5 1.180664
404.0 1.22856
404.5 1.337984
405.0 1.276384
405.5 1.172544
406.0 1.138328
406.5 1.332064
407.0 1.310368
407.5 0.765272
408.0 1.146944
408.5 0.693384
409.0 1.260496
409.5 0.710096
410.0 1.136752
410.5 0.69004
411.0 1.193968
411.5 1.412512
412.0 1.253488
412.5 1.003776
413.0 1.249824
413.5 0.726096
414.0 1.147616
414.5 0.72424
415.0 1.335232
415.5 1.427216
416.0 1.123392
416.5 1.435344
417.0 1.363184
417.5 1.059088
418.0 1.03292
418.5 1.263984
419.0 1.321984
419.5 1.19744
420.0 1.105696
420.5 1.459592
421.0 1.369808
421.5 1.16676
422.0 1.182352
422.5 1.449464
423.0 1.335824
423.5 1.1392
424.0 1.174912
424.5 1.38812
425.0 1.337664
425.5 1.170456
426.0 1.142864
426.5 1.38052
427.0 1.277872
427.5 1.134656
428.0 1.165008
428.5 1.180088
429.0 1.313232
429.5 1.285536
430.0 1.0884
430.5 1.024448
431.0 1.413808
431.5 0.72396
432.0 1.054368
432.5 0.763848
433.0 1.241768
433.5 1.322352
434.0 1.18408
434.5 1.28464
435.0 1.223232
435.5 1.335024
436.0 1.260912
436.5 1.18528
437.0 1.314384
437.5 1.450016
438.0 1.285344
438.5 1.113496
439.0 1.087432
439.5 1.12112
440.0 1.151296
440.5 1.335856
441.0 1.228848
441.5 1.241016
442.0 1.16632
442.5 1.140616
443.0 1.187456
443.5 1.089592
444.0 0.899888
444.5 0.714696
445.0 0.887744
445.5 1.508368
446.0 1.416736
446.5 1.333424
447.0 1.356944
447.5 1.48144
448.0 1.414944
448.5 1.214336
449.0 1.177792
449.5 1.297616
450.0 1.260576
450.5 1.234864
451.0 1.29212
451.5 1.307216
452.0 1.237088
452.5 1.140048
453.0 1.147936
453.5 1.424464
454.0 1.365952
454.5 1.159472
455.0 1.133712
455.5 1.299072
456.0 1.3272
456.5 1.150304
457.0 1.11616
457.5 1.175064
458.0 1.099664
458.5 1.265968
459.0 1.249888
459.5 1.389072
460.0 1.359728
460.5 0.860784
461.0 0.772568
461.5 0.106536
462.0 0.1
462.5 0.146744
463.0 0.1
463.5 0.147928
464.0 0.1
464.5 0.106608
465.0 0.1
465.5 0.10764
466.0 0.101688
466.5 0.107808
467.0 0.1
467.5 0.104744
468.0 0.1
468.5 0.106184
469.0 0.1
469.5 0.106152
470.0 0.1
470.5 0.103544
471.0 0.1
471.5 0.10568
472.0 0.101688
472.5 0.101856
473.0 0.1
473.5 0.102368
474.0 0.1
474.5 0.100928
475.0 0.1
475.5 0.100928
476.0 0.1
476.5 0.107936
477.0 0.1
477.5 0.106464
478.0 0.10176
478.5 0.101976
479.0 0.1
479.5 0.10348
480.0 0.1
480.5 0.160096
481.0 0.1
481.5 0.106912
482.0 0.10888
482.5 0.128368
483.0 0.123648
483.5 0.10488
484.0 0.10268
484.5 0.330112
485.0 0.503264
485.5 1.03752
486.0 1.052752
486.5 1.241584
487.0 1.228
487.5 1.08472
488.0 1.055664
488.5 1.24532
489.0 1.18576
489.5 0.985872
490.0 1.013136
490.5 1.331728
491.0 1.241264
491.5 1.063224
492.0 1.100928
492.5 1.232024
493.0 1.119712
493.5 1.028856
494.0 0.935728
494.5 1.232352
495.0 1.154064
495.5 1.024056
496.0 1.091056
496.5 1.26688
497.0 1.283984
497.5 0.993264
498.0 0.922272
498.5 1.142752
499.0 1.295624
499.5 1.222304
500.0 1.05448
500.5 1.2308
501.0 1.219216
501.5 1.147872
502.0 1.03056
502.5 1.034768
503.0 1.078704
503.5 1.012448
504.0 0.98168
504.5 1.221456
505.0 1.207528
505.5 1.092656
506.0 1.07056
506.5 1.126016
507.0 1.114864
507.5 1.12248
508.0 1.0312
508.5 1.179016
509.0 1.320208
509.5 1.263032
510.0 1.106208
510.5 1.117336
511.0 1.07952
511.5 1.022968
512.0 1.008048
512.5 1.105856
513.0 1.170592
513.5 1.215616
514.0 1.138336
514.5 1.184928
515.0 1.20416
515.5 1.229344
516.0 1.119344
516.5 1.163136
517.0 1.086216
517.5 1.012496
518.0 1.0764
518.5 1.143088
519.0 1.06008
519.5 1.00368
520.0 1.024352
520.5 1.134664
521.0 1.145696
521.5 1.238128
522.0 1.129648
522.5 1.1438
523.0 0.9276
523.5 1.356072
524.0 1.517376
524.5 1.054528
525.0 0.953728
525.5 1.09636
526.0 1.00592
526.5 1.046592
527.0 1.11744
527.5 1.145216
528.0 1.123424
528.5 1.055768
529.0 1.098128
529.5 1.285088
530.0 1.25336
530.5 1.136952
531.0 1.130672
531.5 1.062336
532.0 1.013224
532.5 1.080624
533.0 1.084992
533.5 1.14616
534.0 1.09344
534.5 0.996368
535.0 0.977392
535.5 1.208048
536.0 1.18024
536.5 1.082896
537.0 1.08128
537.5 1.145728
538.0 1.127192
538.5 1.17504
539.0 1.141952
539.5 1.23808
540.0 1.170064
540.5 1.112
541.0 1.088192
541.5 1.052136
542.0 1.040176
542.5 1.054496
543.0 1.0532
543.5 1.243144
544.0 1.225408
544.5 0.999392
545.0 0.983088
545.5 1.12412
546.0 1.095376
546.5 1.239912
547.0 1.19288
547.5 1.186144
548.0 1.171488
548.5 1.223008
549.0 1.193328
549.5 0.997296
550.0 0.982136
550.5 1.004
551.0 1.027952
551.5 1.197232
552.0 1.139968
552.5 1.131128
553.0 1.06272
553.5 1.299008
554.0 1.273888
554.5 1.107328
555.0 1.097344
555.5 1.182928
556.0 1.172664
556.5 1.013808
557.0 1.010944
557.5 1.101792
558.0 1.067136
558.5 1.1128
559.0 1.10264
559.5 1.119968
560.0 1.103056
560.5 1.070224
561.0 1.140624
561.5 1.227808
562.0 1.135312
562.5 1.579936
563.0 1.526736
563.5 0.888144
564.0 0.880368
564.5 1.21572
565.0 1.150704
565.5 1.311768
566.0 1.254592
566.5 1.104288
567.0 1.093472
567.5 1.169424
568.0 1.157992
568.5 1.106992
569.0 1.08568
569.5 1.231008
570.0 1.20608
570.5 1.116504
571.0 1.090032
571.5 1.15092
572.0 1.124976
572.5 1.899456
573.0 1.799552
573.5 0.703392
574.0 0.688256
574.5 0.86004
575.0 0.847456
575.5 1.037952
576.0 1.014128
576.5 1.032648
577.0 1.012432
577.5 1.038168
578.0 1.020768
578.5 0.962368
579.0 0.9536
579.5 1.31844
580.0 1.358912
580.5 1.22772
581.0 1.152016
581.5 1.101232
582.0 1.088896
582.5 1.102128
583.0 1.083128
583.5 0.947512
584.0 0.922016
584.5 1.640224
585.0 1.59976
585.5 0.963512
586.0 0.937184
586.5 0.947976
587.0 0.929888
587.5 1.813992
588.0 1.765312
588.5 0.861464
589.0 0.879288
589.5 1.036776
590.0 0.981712
590.5 0.936008
591.0 0.952208
591.5 1.469312
592.0 1.450208
592.5 0.896136
593.0 0.796112
593.5 1.014624
594.0 1.006048
594.5 1.295808
595.0 1.236896
595.5 1.024672
596.0 0.981168
596.5 1.09804
597.0 1.086
597.5 1.256168
598.0 1.233616
598.5 0.970216
599.0 0.963184
599.5 0.962528
600.0 0.940736
600.5 1.227512
601.0 1.208584
601.5 1.17592
602.0 1.159344
602.5 1.158712
603.0 1.1268
603.5 1.08496
604.0 1.066976
604.5 1.14296
605.0 1.11672
605.5 1.093088
606.0 1.184224
606.5 1.344968
607.0 1.220656
607.5 1.234576
608.0 1.208512
608.5 1.023408
609.0 1.036672
609.5 0.93608
610.0 0.886224
610.5 1.113664
611.0 1.13288
611.5 1.225824
612.0 1.15912
612.5 1.184568
613.0 1.11456
613.5 1.086728
614.0 1.0716
614.5 1.171488
615.0 1.163952
615.5 1.159776
616.0 1.139512
616.5 1.14064
617.0 1.124288
617.5 1.243472
618.0 1.497232
618.5 1.65736
619.0 1.344976
619.5 0.71752
620.0 0.707984
620.5 1.334912
621.0 1.31456
621.5 0.900856
622.0 0.896488
622.5 1.149104
623.0 1.123168
623.5 1.096336
624.0 1.088832
624.5 1.13812
625.0 1.085136
625.5 1.050632
626.0 0.993392
626.5 1.282592
627.0 1.268816
627.5 1.276384
628.0 1.231856
628.5 1.24416
629.0 1.224816
629.5 0.97968
630.0 0.964512
630.5 1.218048
631.0 1.25392
631.5 1.110592
632.0 1.047008
632.5 1.10788
633.0 1.036128
633.5 1.091144
634.0 1.073032
634.5 1.142944
635.0 1.102288
635.5 1.014896
636.0 1.007824
636.5 1.071552
637.0 1.036592
637.5 0.71056
638.0 0.877872
638.5 1.0014
639.0 1.068448
639.5 0.540104
640.0 1.255776
640.5 0.529592
641.0 1.367776
641.5 0.710952
642.0 1.035632
642.5 1.168344
643.0 1.12576
643.5 1.196552
644.0 1.173936
644.5 1.17504
645.0 1.151152
645.5 1.070864
646.0 1.044016
646.5 1.0708
647.0 1.054992
647.5 1.041216
648.0 1.032832
648.5 1.119072
649.0 1.095496
649.5 1.162664
650.0 1.143808
650.5 1.029264
651.0 1.034592
651.5 1.175752
652.0 1.119312
652.5 1.335488
653.0 1.24712
653.5 1.149184
654.0 1.131184
654.5 1.196528
655.0 1.16284
655.5 1.255064
656.0 1.172272
656.5 1.192656
657.0 1.170032
657.5 1.092192
658.0 1.070528
658.5 1.042592
659.0 1.010816
659.5 0.117896
660.0 0.498
660.5 0.12972
661.0 1.033968
661.5 0.163928
662.0 1.08416
662.5 0.223192
663.0 1.06448
663.5 0.245688
664.0 1.113856
664.5 0.31612
665.0 1.105584
665.5 0.238744
666.0 1.097008
666.5 0.240856
667.0 1.095152
667.5 0.243336
668.0 1.107104
668.5 0.28084
669.0 1.095512
669.5 0.264216
670.0 1.100544
670.5 0.248664
671.0 1.0708
671.5 0.174696
672.0 1.003232
672.5 0.13252
673.0 0.801088
673.5 0.173984
674.0 0.879424
674.5 0.192848
675.0 0.947856
675.5 0.143664
676.0 0.97184
676.5 0.181224
677.0 0.955248
677.5 0.134904
678.0 0.967184
678.5 0.237176
679.0 1.09072
679.5 0.191248
680.0 0.975008
680.5 0.230672
681.0 1.100144
681.5 0.153456
682.0 1.005952
682.5 0.217768
683.0 1.096304
683.5 0.133032
684.0 0.972832
684.5 0.295944
685.0 1.10752
685.5 0.15708
686.0 1.037648
686.5 0.232016
687.0 1.09432
687.5 0.287984
688.0 1.109696
688.5 0.230824
689.0 1.0976
689.5 0.20736
690.0 1.101104
690.5 0.228528
691.0 1.092528
691.5 0.309
692.0 1.07856
692.5 0.256424
693.0 1.10472
693.5 0.288416
694.0 1.117536
694.5 0.251464
695.0 1.098016
695.5 0.268928
696.0 1.102712
696.5 0.237904
697.0 1.08836
697.5 0.127088
698.0 0.771472
698.5 0.182328
699.0 0.88064
699.5 0.149064
700.0 0.817408
700.5 0.171432
701.0 1.032928
701.5 0.11996
702.0 0.789952
702.5 0.15604
703.0 1.061904
703.5 0.147312
704.0 0.964976
704.5 0.248096
705.0 1.09584
705.5 0.13992
706.0 0.832496
706.5 0.172408
707.0 1.138704
707.5 0.150104
708.0 0.948832
708.5 0.17004
709.0 1.098816
709.5 0.134584
710.0 1.050528
710.5 0.177936
711.0 1.238688
711.5 0.129688
712.0 0.984496
712.5 0.181376
713.0 1.223984
713.5 0.125816
714.0 1.149088
714.5 0.183816
715.0 1.269696
715.5 0.134624
716.0 1.060128
716.5 0.17808
717.0 1.314896
717.5 0.21912
718.0 1.168096
718.5 0.206768
719.0 1.307248
719.5 0.15956
720.0 1.137008
720.5 1.140568
721.0 1.099872
721.5 1.026088
722.0 1.005504
722.5 1.265192
723.0 1.24632
723.5 1.310336
724.0 1.278296
724.5 1.043984
725.0 1.036128
725.5 1.016808
726.0 0.996128
726.5 1.079008
727.0 1.065936
727.5 1.01928
728.0 1.028848
728.5 1.26148
729.0 1.22112
729.5 0.952784
730.0 1.016648
730.5 1.358832
731.0 1.27128
731.5 1.166592
732.0 1.146672
732.5 1.044656
733.0 1.031632
733.5 1.045048
734.0 1.022496
734.5 1.152048
735.0 1.140848
735.5 1.222928
736.0 1.202304
736.5 1.285144
737.0 1.210416
737.5 1.147616
738.0 1.10944
738.5 1.145104
739.0 1.093168
739.5 1.131224
740.0 1.074144
740.5 0.991856
741.0 1.003648
741.5 1.211432
742.0 1.163976
742.5 1.168488
743.0 1.153344
743.5 1.06812
744.0 1.04752
744.5 1.08732
745.0 1.075088
745.5 1.16052
746.0 1.142128
746.5 1.070064
747.0 1.057216
747.5 1.035224
748.0 1.025184
748.5 1.176096
749.0 1.188752
749.5 1.258648
750.0 1.2096
750.5 1.14112
751.0 1.139112
751.5 1.169912
752.0 1.186152
752.5 1.128784
753.0 1.13008
753.5 1.119488
754.0 1.112912
754.5 1.196392
755.0 1.187888
755.5 1.098024
756.0 1.080224
756.5 1.181568
757.0 1.140728
757.5 1.012176
758.0 0.977008
758.5 1.332944
759.0 1.320016
759.5 1.025616
760.0 1.013536
760.5 1.21744
761.0 1.191152
761.5 1.039088
762.0 1.023616
762.5 1.114648
763.0 1.103032
763.5 1.03104
764.0 1.01704
764.5 1.169208
765.0 1.148272
765.5 1.281896
766.0 1.265456
766.5 0.992688
767.0 1.077072
767.5 1.153968
768.0 1.047488
768.5 1.169368
769.0 1.108304
769.5 1.215648
770.0 1.149264
770.5 1.037568
771.0 1.021984
771.5 1.19208
772.0 1.18248
772.5 1.130656
773.0 1.118416
773.5 1.265504
774.0 1.248528
774.5 0.960128
775.0 0.951768
775.5 1.206136
776.0 1.182736
776.5 1.190704
777.0 1.11456
777.5 1.24764
778.0 1.237232
778.5 1.132992
779.0 1.171424
779.5 1.089016
780.0 1.048
780.5 1.036832
781.0 1.016928
781.5 1.146208
782.0 1.118624
782.5 1.065232
783.0 1.049776
783.5 1.273568
784.0 1.25072
784.5 1.135816
785.0 1.129488
785.5 1.066008
786.0 1.037056
786.5 1.213592
787.0 1.193168
787.5 1.010664
788.0 0.992912
788.5 1.115024
789.0 1.09528
789.5 1.244808
790.0 1.218504
790.5 1.031936
791.0 1.018144
791.5 1.211856
792.0 1.209184
792.5 1.119024
793.0 1.094864
793.5 1.151584
794.0 1.143872
794.5 1.055184
795.0 1.038496
795.5 1.081328
796.0 1.064024
796.5 1.145408
797.0 1.063328
797.5 1.21016
798.0 1.187344
798.5 1.080656
799.0 1.022424
799.5 1.169224
800.0 1.109536
800.5 1.086776
801.0 1.084848
801.5 1.276184
802.0 1.236544
802.5 1.076392
803.0 1.062064
803.5 1.1478
804.0 1.112144
804.5 1.125272
805.0 1.10352
805.5 1.332752
806.0 1.319824
806.5 1.159136
807.0 1.14792
807.5 1.279352
808.0 1.224904
808.5 1.103376
809.0 1.089104
809.5 1.239736
810.0 1.221824
810.5 1.107088
811.0 1.088272
811.5 1.233872
812.0 1.208608
812.5 1.018536
813.0 1.01424
813.5 1.25864
814.0 1.226624
814.5 1.712192
815.0 1.669888
815.5 0.747416
816.0 0.723344
816.5 1.163416
817.0 1.083024
817.5 0.881504
818.0 0.826784
818.5 0.968
819.0 0.952336
819.5 1.3222
820.0 1.285296
820.5 1.23048
821.0 1.1924
821.5 1.073792
822.0 1.064864
822.5 0.877336
823.0 0.840488
823.5 1.529216
824.0 1.491712
824.5 0.98368
825.0 0.966688
825.5 1.033032
826.0 1.124128
826.5 1.16408
827.0 1.034144
827.5 1.08536
828.0 1.07376
828.5 1.361568
829.0 1.280264
829.5 1.170344
830.0 1.098368
830.5 1.589328
831.0 1.594496
831.5 0.85568
832.0 0.801904
832.5 1.047576
833.0 1.025072
833.5 0.922512
834.0 0.892624
834.5 1.366944
835.0 1.331872
835.5 0.788968
836.0 0.774224
836.5 1.308488
837.0 1.226064
837.5 1.066568
838.0 1.039728
838.5 1.33236
839.0 1.3068
839.5 0.941176
840.0 0.920176
840.5 1.209672
841.0 1.186488
841.5 1.092216
842.0 1.0768
842.5 1.32972
843.0 1.307072
843.5 1.128176
844.0 1.105856
844.5 1.093712
845.0 1.070064
845.5 1.350624
846.0 1.326864
846.5 1.11912
847.0 1.09568
847.5 0.948576
848.0 0.940384
848.5 1.161024
849.0 1.134112
849.5 1.050624
850.0 1.035248
850.5 1.23316
851.0 1.195584
851.5 0.963008
852.0 0.952816
852.5 1.322816
853.0 1.30416
853.5 1.036872
854.0 1.024624
854.5 1.0096
855.0 0.998416
855.5 1.081312
856.0 1.067496
856.5 1.148352
857.0 1.067664
857.5 0.919264
858.0 0.91288
858.5 1.492736
859.0 1.421376
859.5 1.234888
860.0 1.170656
860.5 0.9806
861.0 1.002512
861.5 1.16508
862.0 1.114728
862.5 1.302112
863.0 1.27224
863.5 1.048344
864.0 1.032592
864.5 1.156328
865.0 1.13896
865.5 1.024832
866.0 1.032304
866.5 1.045952
867.0 1.034592
867.5 1.112408
868.0 1.092016
868.5 1.269616
869.0 1.221008
869.5 1.014072
870.0 0.996352
870.5 1.226496
871.0 1.201216
871.5 1.103328
872.0 1.086688
872.5 1.049064
873.0 1.030176
873.5 1.13736
874.0 1.11812
874.5 1.09068
875.0 1.079712
875.5 1.269136
876.0 1.242032
876.5 1.2528
877.0 1.175872
877.5 1.067696
878.0 1.047168
878.5 1.240008
879.0 1.21856
879.5 1.029632
880.0 1.016016
880.5 0.99976
881.0 0.981552
881.5 1.567904
882.0 1.531936
882.5 0.98816
883.0 0.980928
883.5 0.910448
884.0 0.897312
884.5 1.166472
885.0 1.143024
885.5 1.146968
886.0 1.122912
886.5 1.193424
887.0 1.177872
887.5 1.08176
888.0 1.070624
888.5 1.15444
889.0 1.085688
889.5 1.208008
890.0 1.11856
890.5 1.087944
891.0 1.110848
891.5 1.05248
892.0 1.032544
892.5 1.282368
893.0 1.236704
893.5 1.237632
894.0 1.205184
894.5 1.09296
895.0 1.127032
895.5 1.139456
896.0 1.089296
896.5 1.424752
897.0 1.351424
897.5 0.956472
898.0 0.938768
898.5 1.232464
899.0 1.218032
899.5 1.185784
900.0 1.17728
900.5 1.346296
901.0 1.294416
901.5 1.392296
902.0 1.36936
902.5 1.005976
903.0 0.997168
903.5 1.212696
904.0 1.206336
904.5 1.46804
905.0 1.412616
905.5 1.190088
906.0 1.209792
906.5 1.329896
907.0 1.269696
907.5 1.423104
908.0 1.356064
908.5 1.12312
909.0 1.130368
909.5 1.14336
910.0 1.120392
910.5 1.326072
911.0 1.287344
911.5 1.278928
912.0 1.262096
912.5 1.175768
913.0 1.170752
913.5 1.124544
914.0 1.13932
914.5 1.22424
915.0 1.202512
915.5 1.16112
916.0 1.151088
916.5 1.1884
917.0 1.211104
917.5 1.194992
918.0 1.18144
918.5 1.408536
919.0 1.343088
919.5 1.208256
920.0 1.105232
920.5 1.505176
921.0 1.453104
921.5 0.768936
922.0 1.263536
922.5 2.193488
923.0 1.454512
923.5 1.212504
924.0 1.311584
924.5 1.405232
925.0 1.235216
925.5 0.793424
926.0 0.76788
926.5 1.397376
927.0 1.3756
927.5 1.384904
928.0 1.329232
928.5 1.062912
929.0 1.24984
929.5 1.593664
930.0 1.312912
930.5 1.19056
931.0 1.163664
931.5 1.134632
932.0 1.109616
932.5 1.316552
933.0 1.309632
933.5 0.958968
934.0 0.864624
934.5 1.392784
935.0 1.36064
935.5 1.181704
936.0 1.164496
936.5 0.813352
937.0 1.281632
937.5 2.226848
938.0 1.548192
938.5 0.83992
939.0 1.251776
939.5 1.3212
940.0 1.191072
940.5 0.67692
941.0 1.17696
941.5 1.599568
942.0 1.09904
942.5 0.966872
943.0 1.300016
943.5 1.762408
944.0 1.442976
944.5 0.773752
945.0 1.150432
945.5 0.82116
946.0 1.083312
946.5 0.595592
947.0 1.107872
947.5 1.507664
948.0 1.281632
948.5 0.82236
949.0 1.187792
949.5 1.46
950.0 1.501904
950.5 1.158352
951.0 1.065872
951.5 0.60236
952.0 0.975392
952.5 0.568392
953.0 1.339024
953.5 0.640192
954.0 1.22976
954.5 0.667704
955.0 1.370672
955.5 0.95508
956.0 1.213344
956.5 0.63536
957.0 0.995072
957.5 1.705008
958.0 1.392816
958.5 1.162256
959.0 1.103944
959.5 0.765704
960.0 1.007504
960.5 0.990832
961.0 1.220752
961.5 0.965104
962.0 1.19384
962.5 0.799312
963.0 1.183648
963.5 1.535392
964.0 1.33928
964.5 0.762896
965.0 1.161664
965.5 1.435136
966.0 1.351392
966.5 0.731056
967.0 1.163968
967.5 0.71176
968.0 1.289264
968.5 0.67772
969.0 1.177856
969.5 1.57464
970.0 1.477344
970.5 1.02052
971.0 0.98584
971.5 1.029272
972.0 1.197472
972.5 1.163928
973.0 1.111568
973.5 1.516344
974.0 1.297488
974.5 0.934296
975.0 1.128256
975.5 1.1876
976.0 1.412272
976.5 0.931576
977.0 1.17776
977.5 1.2336
978.0 1.3516
978.5 1.117752
979.0 1.113856
979.5 1.549128
980.0 1.342864
980.5 0.734648
981.0 1.234672
981.5 0.657752
982.0 1.27032
982.5 0.692472
983.0 1.14888
983.5 1.234728
984.0 1.193376
984.5 0.619144
985.0 1.14056
985.5 1.143648
986.0 1.437392
986.5 1.195328
987.0 1.035936
987.5 0.94136
988.0 1.122352
988.5 0.617792
989.0 1.197056
989.5 1.21308
990.0 1.421216
990.5 1.44432
991.0 1.358192
991.5 0.757688
992.0 1.03204
992.5 0.73132
993.0 1.35824
993.5 0.438184
994.0 1.321696
994.5 0.626632
995.0 1.189152
995.5 0.444856
996.0 1.329376
996.5 0.867336
997.0 1.323728
997.5 0.575752
998.0 1.01864
998.5 0.7916
999.0 1.148528
999.5 1.055136
1000.0 1.315904
1000.5 0.73912
1001.0 0.922432
1001.5 0.492096
1002.0 1.228144
1002.5 0.692568
1003.0 1.235648
1003.5 0.495928
1004.0 1.237328
1004.5 0.746352
1005.0 1.222016
1005.5 0.468384
1006.0 1.268368
1006.5 0.686416
1007.0 1.121856
1007.5 0.39232
1008.0 1.379984
1008.5 0.886304
1009.0 1.5536
1009.5 1.556248
1010.0 1.290224
1010.5 0.48772
1011.0 1.012208
1011.5 0.507944
1012.0 1.182528
1012.5 1.379656
1013.0 1.252752
1013.5 1.362
1014.0 1.250816
1014.5 0.836632
1015.0 1.10104
1015.5 0.621256
1016.0 1.091744
1016.5 1.759528
1017.0 1.3864
1017.5 0.715064
1018.0 0.986048
1018.5 1.011416
1019.0 1.34456
1019.5 1.140776
1020.0 1.554704
1020.5 0.982424
1021.0 0.939408
1021.5 0.866696
1022.0 1.359856
1022.5 1.50116
1023.0 1.21968
1023.5 0.653256
1024.0 1.038736
1024.5 0.795464
1025.0 1.308456
1025.5 0.7228
1026.0 1.056656
1026.5 0.53032
1027.0 1.347136
1027.5 2.378616
1028.0 1.09592
1028.5 1.526176
1029.0 1.3706
1029.5 0.566096
1030.0 1.341232
1030.5 1.431592
1031.0 1.3704
1031.5 0.6774
1032.0 1.076336
1032.5 1.468616
1033.0 1.298368
1033.5 1.053568
1034.0 1.172448
1034.5 1.466952
1035.0 1.305328
1035.5 1.061208
1036.0 1.038448
1036.5 1.048776
1037.0 1.111776
1037.5 1.68632
1038.0 1.55308
1038.5 1.390624
1039.0 1.274904
1039.5 0.793832
1040.0 0.975848
1040.5 1.023208
1041.0 1.491912
1041.5 1.146464
1042.0 1.06688
1042.5 1.024048
1043.0 1.009536
1043.5 0.723712
1044.0 1.303288
1044.5 1.052032
1045.0 1.299488
1045.5 1.007704
1046.0 1.172736
1046.5 1.32384
1047.0 1.193264
1047.5 1.168584
1048.0 1.241248
1048.5 1.434216
1049.0 1.305952
1049.5 1.176864
1050.0 1.120832
1050.5 1.103632
1051.0 1.409504
1051.5 1.909696
1052.0 1.435872
1052.5 1.332184
1053.0 1.275072
1053.5 1.005448
1054.0 1.119168
1054.5 1.3636
1055.0 1.244544
1055.5 1.294392
1056.0 1.23952
1056.5 0.654472
1057.0 1.365024
1057.5 1.96748
1058.0 1.221184
1058.5 1.4478
1059.0 1.287696
1059.5 1.155912
1060.0 1.051712
1060.5 1.39284
1061.0 1.319552
1061.5 1.13788
1062.0 1.103104
1062.5 1.209216
1063.0 1.162496
1063.5 1.141608
1064.0 1.14552
1064.5 0.8486
1065.0 1.337816
1065.5 1.864848
1066.0 1.279104
1066.5 0.847336
1067.0 1.317088
1067.5 1.906592
1068.0 1.59544
1068.5 1.126968
1069.0 1.155056
1069.5 1.670888
1070.0 1.072672
1070.5 0.884744
1071.0 1.175256
1071.5 1.521528
1072.0 1.308352
1072.5 1.500904
1073.0 1.0704
1073.5 1.198056
1074.0 1.245856
1074.5 0.649464
1075.0 1.23456
1075.5 0.977016
1076.0 1.46976
1076.5 0.92976
1077.0 1.007648
1077.5 0.626576
1078.0 0.455776
1078.5 0.515888
1079.0 0.939736
1079.5 0.729816
1080.0 1.320696
1080.5 1.307008
1081.0 1.140616
1081.5 1.156832
1082.0 1.304392
1082.5 1.248
1083.0 1.15792
1083.5 1.195152
1084.0 1.314688
1084.5 1.329792
1085.0 1.169456
1085.5 1.063664
1086.0 1.390672
1086.5 1.434544
1087.0 1.0888
1087.5 1.159216
1088.0 1.37592
1088.5 1.347824
1089.0 1.131872
1089.5 1.149968
1090.0 1.30332
1090.5 1.289248
1091.0 1.167168
1091.5 1.102688
1092.0 1.36032
1092.5 1.329088
1093.0 1.101104
1093.5 1.13344
1094.0 1.296272
1094.5 1.215536
1095.0 1.154232
1095.5 1.182144
1096.0 1.248672
1096.5 1.30352
1097.0 1.17096
1097.5 1.163872
1098.0 1.319616
1098.5 1.340944
1099.0 1.192488
1099.5 1.126336
1100.0 1.274992
1100.5 1.296624
1101.0 1.132264
1101.5 1.097568
1102.0 1.271648
1102.5 1.292432
1103.0 1.105552
1103.5 1.121536
1104.0 1.398328
1104.5 1.284832
1105.0 1.19836
1105.5 1.185584
1106.0 1.345488
1106.5 1.403488
1107.0 1.129648
1107.5 1.055712
1108.0 1.310176
1108.5 1.34336
1109.0 1.137712
1109.5 1.115264
1110.0 1.323952
1110.5 1.277736
1111.0 1.108304
1111.5 1.151856
1112.0 1.47716
1112.5 1.409008
1113.0 1.090552
1113.5 1.10464
1114.0 1.306232
1114.5 1.293456
1115.0 1.133304
1115.5 1.148992
1116.0 1.282616
1116.5 1.295792
1117.0 1.106648
1117.5 1.068128
1118.0 1.282208
1118.5 1.28848
1119.0 1.10584
1119.5 1.054496
1120.0 1.351784
1120.5 1.382672
1121.0 1.113392
1121.5 1.187616
1122.0 1.354176
1122.5 1.286512
1123.0 1.12384
1123.5 1.16232
1124.0 1.351392
1124.5 1.32848
1125.0 1.090608
1125.5 1.150352
1126.0 1.323728
1126.5 1.231776
1127.0 1.051632
1127.5 1.083872
1128.0 1.393504
1128.5 1.351184
1129.0 1.157064
1129.5 1.20168
1130.0 1.319536
1130.5 1.36168
1131.0 1.173008
1131.5 1.133728
1132.0 1.438496
1132.5 1.369728
1133.0 1.071792
1133.5 1.078352
1134.0 1.411048
1134.5 1.347824
1135.0 1.185256
1135.5 1.147936
1136.0 1.107688
1136.5 1.320928
1137.0 1.297768
1137.5 1.142272
1138.0 1.210376
1138.5 1.352368
1139.0 1.30112
1139.5 1.13728
1140.0 1.089512
1140.5 1.28576
1141.0 1.305408
1141.5 1.075088
1142.0 1.161
1142.5 1.308208
1143.0 1.27776
1143.5 1.208888
1144.0 0.806896
1144.5 1.174368
1145.0 0.701256
1145.5 1.283968
1146.0 0.716592
1146.5 1.096528
1147.0 1.218512
1147.5 1.311056
1148.0 1.132392
1148.5 1.148352
1149.0 1.339312
1149.5 1.324224
1150.0 1.134264
1150.5 1.193216
1151.0 1.335672
1151.5 1.25136
1152.0 1.158968
1152.5 1.187088
1153.0 1.3534
1153.5 1.287792
1154.0 1.111952
1154.5 1.129776
1155.0 1.306008
1155.5 1.28216
1156.0 1.143872
1156.5 1.116896
1157.0 1.269216
1157.5 1.296592
1158.0 1.20632
1158.5 1.174736
1159.0 0.920576
1159.5 0.919744
1160.0 0.800424
1160.5 1.351984
1161.0 0.73536
1161.5 1.135328
1162.0 0.688768
1162.5 1.271312
1163.0 0.814896
1163.5 1.131232
1164.0 1.151616
1164.5 1.271616
1165.0 1.056624
1165.5 1.182752
1166.0 0.794064
1166.5 1.332992
1167.0 0.689872
1167.5 1.07176
1168.0 1.263184
1168.5 1.394848
1169.0 1.086864
1169.5 1.176944
1170.0 1.377624
1170.5 1.2672
1171.0 1.160176
1171.5 1.039776
1172.0 1.38128
1172.5 1.368752
1173.0 1.1464
1173.5 1.177536
1174.0 1.265408
1174.5 1.292064
1175.0 1.212896
1175.5 1.16652
1176.0 1.360688
1176.5 1.309248
1177.0 1.161456
1177.5 1.115792
1178.0 1.33368
1178.5 1.321888
1179.0 1.170112
1179.5 1.165344
1180.0 1.30748
1180.5 1.288048
1181.0 1.213848
1181.5 1.172992
1182.0 1.354104
1182.5 1.264768
1183.0 1.170016
1183.5 1.206608
1184.0 1.30168
1184.5 1.242656
1185.0 1.123792
1185.5 1.140016
1186.0 1.297528
1186.5 1.22824
1187.0 1.200544
1187.5 1.253232
1188.0 1.326016
1188.5 1.30272
1189.0 1.177552
1189.5 1.117584
1190.0 1.379912
1190.5 1.382784
1191.0 1.186576
1191.5 1.129232
1192.0 1.339128
1192.5 1.251344
1193.0 1.247616
1193.5 1.145072
1194.0 1.329504
1194.5 1.347232
1195.0 1.180056
1195.5 1.121584
1196.0 1.32136
1196.5 1.302544
1197.0 1.112784
1197.5 1.10528
1198.0 1.362336
1198.5 1.401808
1199.0 1.19132
1199.5 1.161936
1200.0 1.33684
1200.5 1.27624
1201.0 1.080816
1201.5 1.079712
1202.0 1.339232
1202.5 1.326352
1203.0 1.152208
1203.5 1.112064
1204.0 1.355624
1204.5 1.305728
1205.0 1.127472
1205.5 1.239168
1206.0 1.327272
1206.5 1.261968
1207.0 0.71
1207.5 1.121152
1208.0 0.762816
1208.5 1.328104
1209.0 0.761008
1209.5 1.171728
1210.0 0.954056
1210.5 1.321696
1211.0 1.22112
1211.5 1.100112
1212.0 1.488512
1212.5 1.37648
1213.0 1.068032
1213.5 1.11696
1214.0 1.374024
1214.5 1.26648
1215.0 1.137792
1215.5 1.157232
1216.0 1.338544
1216.5 1.33044
1217.0 1.189904
1217.5 1.091952
1218.0 1.311632
1218.5 1.33632
1219.0 1.154784
1219.5 1.149968
1220.0 1.128328
1220.5 1.302528
1221.0 1.350304
1221.5 1.147072
1222.0 1.223744
1222.5 1.163872
1223.0 1.20744
1223.5 1.175808
1224.0 1.394784
1224.5 1.304112
1225.0 1.125264
1225.5 1.129712
1226.0 1.375328
1226.5 1.359936
1227.0 1.1896
1227.5 1.10288
1228.0 1.173888
1228.5 1.393328
1229.0 1.28176
1229.5 1.146096
1230.0 1.217896
1230.5 1.270288
1231.0 1.415688
1231.5 1.184208
1232.0 1.2206
1232.5 1.296832
1233.0 1.219384
1233.5 1.118224
1234.0 1.163528
1234.5 1.361424
1235.0 1.391464
1235.5 1.095072
1236.0 1.199816
1236.5 1.379792
1237.0 1.262952
1237.5 1.071472
1238.0 1.131232
1238.5 1.098704
1239.0 1.296296
1239.5 1.350096
1240.0 1.242352
1240.5 1.18888
1241.0 1.34272
1241.5 1.28444
1242.0 1.11936
1242.5 1.134064
1243.0 1.353728
1243.5 1.330944
1244.0 1.209952
1244.5 1.191536
1245.0 1.319392
1245.5 1.29192
1246.0 1.190112
1246.5 1.134688
1247.0 1.30012
1247.5 1.3568
1248.0 1.163952
1248.5 1.065664
1249.0 1.335416
1249.5 1.31632
1250.0 1.2474
1250.5 1.167888
1251.0 1.334288
1251.5 1.331152
1252.0 1.147536
1252.5 1.13288
1253.0 1.37188
1253.5 1.29072
1254.0 1.199008
1254.5 1.123392
1255.0 1.318672
1255.5 1.369808
1256.0 1.220624
1256.5 1.117872
1257.0 1.254208
1257.5 1.317536
1258.0 1.17868
1258.5 1.134672
1259.0 1.326096
1259.5 1.358656
1260.0 1.101792
1260.5 1.067136
1261.0 1.1128
1261.5 1.10264
1262.0 1.119968
1262.5 1.103056
1263.0 1.070224
1263.5 1.140624
1264.0 1.227808
1264.5 1.135312
1265.0 1.579936
1265.5 1.526736
1266.0 0.888144
1266.5 0.880368
1267.0 1.21572
1267.5 1.150704
1268.0 1.311768
1268.5 1.254592
1269.0 1.104288
1269.5 1.093472
1270.0 1.169424
1270.5 1.157992
1271.0 1.106992
1271.5 1.08568
1272.0 1.231008
1272.5 1.20608
1273.0 1.116504
1273.5 1.090032
1274.0 1.15092
1274.5 1.124976
1275.0 1.899456
1275.5 1.799552
1276.0 0.703392
1276.5 0.688256
1277.0 0.86004
1277.5 0.847456
1278.0 1.037952
1278.5 1.014128
1279.0 1.032648
1279.5 1.012432
1280.0 1.038168
1280.5 1.020768
1281.0 0.962368
1281.5 0.9536
1282.0 1.31844
1282.5 1.358912
1283.0 1.22772
1283.5 1.152016
1284.0 1.101232
1284.5 1.088896
1285.0 1.102128
1285.5 1.083128
1286.0 0.947512
1286.5 0.922016
1287.0 1.640224
1287.5 1.59976
1288.0 0.963512
1288.5 0.937184
1289.0 0.947976
1289.5 0.929888
1290.0 1.813992
1290.5 1.765312
1291.0 0.861464
1291.5 0.879288
1292.0 1.036776
1292.5 0.981712
1293.0 0.936008
1293.5 0.952208
1294.0 1.469312
1294.5 1.450208
1295.0 0.896136
1295.5 0.796112
1296.0 1.014624
1296.5 1.006048
1297.0 1.295808
1297.5 1.236896
1298.0 1.024672
1298.5 0.981168
1299.0 1.09804
1299.5 1.086
1300.0 1.256168
1300.5 1.233616
1301.0 0.970216
1301.5 0.963184
1302.0 0.962528
1302.5 0.940736
1303.0 1.227512
1303.5 1.208584
1304.0 1.17592
1304.5 1.159344
1305.0 1.158712
1305.5 1.1268
1306.0 1.08496
1306.5 1.066976
1307.0 1.14296
1307.5 1.11672
1308.0 1.093088
1308.5 1.184224
1309.0 1.344968
1309.5 1.220656
1310.0 1.234576
1310.5 1.208512
1311.0 1.023408
1311.5 1.036672
1312.0 0.93608
1312.5 0.886224
1313.0 1.113664
1313.5 1.13288
1314.0 1.225824
1314.5 1.15912
1315.0 1.184568
1315.5 1.11456
1316.0 1.086728
1316.5 1.0716
1317.0 1.171488
1317.5 1.163952
1318.0 1.159776
1318.5 1.139512
1319.0 1.14064
1319.5 1.124288
1320.0 1.243472
1320.5 1.497232
1321.0 1.65736
1321.5 1.344976
1322.0 0.71752
1322.5 0.707984
1323.0 1.334912
1323.5 1.31456
1324.0 0.900856
1324.5 0.896488
1325.0 1.149104
1325.5 1.123168
1326.0 1.096336
1326.5 1.088832
1327.0 1.13812
1327.5 1.085136
1328.0 1.050632
1328.5 0.993392
1329.0 1.282592
1329.5 1.268816
1330.0 1.276384
1330.5 1.231856
1331.0 1.24416
1331.5 1.224816
1332.0 0.97968
1332.5 0.964512
1333.0 1.218048
1333.5 1.25392
1334.0 1.110592
1334.5 1.047008
1335.0 1.10788
1335.5 1.036128
1336.0 1.091144
1336.5 1.073032
1337.0 1.142944
1337.5 1.102288
1338.0 1.014896
1338.5 1.007824
1339.0 1.071552
1339.5 1.036592
1340.0 0.71056
1340.5 0.877872
1341.0 1.0014
1341.5 1.068448
1342.0 0.540104
1342.5 1.255776
1343.0 0.529592
1343.5 1.367776
1344.0 0.710952
1344.5 1.035632
1345.0 1.168344
1345.5 1.12576
1346.0 1.196552
1346.5 1.173936
1347.0 1.17504
1347.5 1.151152
1348.0 1.070864
1348.5 1.044016
1349.0 1.0708
1349.5 1.054992
1350.0 1.041216
1350.5 1.032832
1351.0 1.119072
1351.5 1.095496
1352.0 1.162664
1352.5 1.143808
1353.0 1.029264
1353.5 1.034592
1354.0 1.175752
1354.5 1.119312
1355.0 1.335488
1355.5 1.24712
1356.0 1.149184
1356.5 1.131184
1357.0 1.196528
1357.5 1.16284
1358.0 1.255064
1358.5 1.172272
1359.0 1.192656
1359.5 1.170032
1360.0 1.092192
1360.5 1.070528
1361.0 1.042592
1361.5 1.010816
1362.0 0.117896
1362.5 0.498
1363.0 0.12972
1363.5 1.033968
1364.0 0.163928
1364.5 1.08416
1365.0 0.223192
1365.5 1.06448
1366.0 0.245688
1366.5 1.113856
1367.0 0.31612
1367.5 1.105584
1368.0 0.238744
1368.5 1.097008
1369.0 0.240856
1369.5 1.095152
1370.0 0.243336
1370.5 1.107104
1371.0 0.28084
1371.5 1.095512
1372.0 0.264216
1372.5 1.100544
1373.0 0.248664
1373.5 1.0708
1374.0 0.174696
1374.5 1.003232
1375.0 0.13252
1375.5 0.801088
1376.0 0.173984
1376.5 0.879424
1377.0 0.192848
1377.5 0.947856
1378.0 0.143664
1378.5 0.97184
1379.0 0.181224
1379.5 0.955248
1380.0 0.134904
1380.5 0.967184
1381.0 0.237176
1381.5 1.09072
1382.0 0.191248
1382.5 0.975008
1383.0 0.230672
1383.5 1.100144
1384.0 0.153456
1384.5 1.005952
1385.0 0.217768
1385.5 1.096304
1386.0 0.133032
1386.5 0.972832
1387.0 0.295944
1387.5 1.10752
1388.0 0.15708
1388.5 1.037648
1389.0 0.232016
1389.5 1.09432
1390.0 0.287984
1390.5 1.109696
1391.0 0.230824
1391.5 1.0976
1392.0 0.20736
1392.5 1.101104
1393.0 0.228528
1393.5 1.092528
1394.0 0.309
1394.5 1.07856
1395.0 0.256424
1395.5 1.10472
1396.0 0.288416
1396.5 1.117536
1397.0 0.251464
1397.5 1.098016
1398.0 0.268928
1398.5 1.102712
1399.0 0.237904
1399.5 1.08836
1400.0 0.127088
1400.5 0.771472
1401.0 0.182328
1401.5 0.88064
1402.0 0.149064
1402.5 0.817408
1403.0 0.171432
1403.5 1.032928
1404.0 0.11996
1404.5 0.789952
1405.0 0.15604
1405.5 1.061904
1406.0 0.147312
1406.5 0.964976
1407.0 0.248096
1407.5 1.09584
1408.0 0.13992
1408.5 0.832496
1409.0 0.172408
1409.5 1.138704
1410.0 0.150104
1410.5 0.948832
1411.0 0.17004
1411.5 1.098816
1412.0 0.134584
1412.5 1.050528
1413.0 0.177936
1413.5 1.238688
1414.0 0.129688
1414.5 0.984496
1415.0 0.181376
1415.5 1.223984
1416.0 0.125816
1416.5 1.149088
1417.0 0.183816
1417.5 1.269696
1418.0 0.134624
1418.5 1.060128
1419.0 0.17808
1419.5 1.314896
1420.0 0.21912
1420.5 1.168096
1421.0 0.206768
1421.5 1.307248
1422.0 0.15956
1422.5 1.103744
1423.0 0.176672
1423.5 1.340432
1424.0 0.12992
1424.5 1.011552
1425.0 0.172152
1425.5 1.2992
1426.0 0.136744
1426.5 1.051104
1427.0 0.230648
1427.5 1.300608
1428.0 0.128976
1428.5 1.10712
1429.0 0.175248
1429.5 1.31792
1430.0 0.144856
1430.5 1.07888
1431.0 0.172168
1431.5 1.307264
1432.0 0.145624
1432.5 1.106952
1433.0 0.174808
1433.5 1.294432
1434.0 0.129032
1434.5 1.07104
1435.0 0.1672
1435.5 1.240432
1436.0 0.135936
1436.5 1.176128
1437.0 0.194184
1437.5 1.276
1438.0 0.136704
1438.5 1.087344
1439.0 0.169352
1439.5 1.309728
