0.0 1.385728
0.5 1.111288
1.0 1.120496
1.5 1.336744
2.0 1.34216
2.5 1.182864
3.0 1.190224
3.5 1.274112
4.0 1.239984
4.5 1.138064
5.0 1.096192
5.5 1.223496
6.0 1.329616
6.5 1.196
7.0 1.161808
7.5 1.37328
8.0 1.296528
8.5 1.1714
9.0 1.144928
9.5 1.250304
10.0 1.277072
10.5 1.137704
11.0 1.195168
11.5 1.275736
12.0 1.182144
12.5 1.14188
13.0 1.097648
13.5 1.281272
14.0 1.349504
14.5 1.265448
15.0 1.23736
15.5 1.318696
16.0 1.2844
16.5 1.156448
17.0 1.21664
17.5 1.31988
18.0 1.296768
18.5 1.106368
19.0 1.090416
19.5 1.3302
20.0 1.312896
20.5 1.118512
21.0 1.079232
21.5 1.300224
22.0 1.365328
22.5 1.180408
23.0 1.138368
23.5 1.386688
24.0 1.396384
24.5 1.101872
25.0 1.101584
25.5 1.38476
26.0 1.333936
26.5 1.135928
27.0 1.13164
27.5 1.350984
28.0 1.319888
28.5 1.129664
29.0 1.146656
29.5 1.348288
30.0 1.292736
30.5 1.145056
31.0 1.230112
31.5 1.239168
32.0 1.180272
32.5 1.116656
33.0 1.120448
33.5 1.313504
34.0 1.319856
34.5 1.209904
35.0 1.104496
35.5 1.114096
36.0 1.388272
36.5 1.337536
37.0 1.095424
37.5 1.24824
38.0 1.359984
38.5 1.267584
39.0 1.163072
39.5 1.132192
40.0 1.3004
40.5 1.353136
41.0 1.168224
41.5 1.121392
42.0 1.12256
42.5 1.355184
43.0 1.333536
43.5 1.1642
44.0 1.201072
44.5 1.217672
45.0 1.140368
45.5 1.105496
46.0 1.173984
46.5 1.332688
47.0 1.323488
47.5 1.107264
48.0 1.15856
48.5 0.670352
49.0 1.310736
49.5 0.735472
50.0 1.073776
50.5 1.15848
51.0 1.298736
51.5 1.206016
52.0 1.238512
52.5 1.354832
53.0 1.323152
53.5 1.169984
54.0 1.118992
54.5 1.386384
55.0 1.28672
55.5 1.116864
56.0 1.216432
56.5 1.336328
57.0 1.287904
57.5 1.212088
58.0 1.144192
58.5 1.353176
59.0 1.335008
59.5 1.068896
60.0 1.123384
60.5 1.306
61.0 1.272384
61.5 1.146456
62.0 1.129424
62.5 1.320696
63.0 1.307008
63.5 1.140616
64.0 1.156832
64.5 1.304392
65.0 1.248
65.5 1.15792
66.0 1.195152
66.5 1.314688
67.0 1.329792
67.5 1.169456
68.0 1.063664
68.5 1.390672
69.0 1.434544
69.5 1.0888
70.0 1.159216
70.5 1.37592
71.0 1.347824
71.5 1.131872
72.0 1.149968
72.5 1.30332
73.0 1.289248
73.5 1.167168
74.0 1.102688
74.5 1.36032
75.0 1.329088
75.5 1.101104
76.0 1.13344
76.5 1.296272
77.0 1.215536
77.5 1.154232
78.0 1.182144
78.5 1.248672
79.0 1.30352
79.5 1.17096
80.0 1.163872
80.5 1.319616
81.0 1.340944
81.5 1.192488
82.0 1.126336
82.5 1.274992
83.0 1.296624
83.5 1.132264
84.0 1.097568
84.5 1.271648
85.0 1.292432
85.5 1.105552
86.0 1.121536
86.5 1.398328
87.0 1.284832
87.5 1.19836
88.0 1.185584
88.5 1.345488
89.0 1.403488
89.5 1.129648
90.0 1.055712
90.5 1.310176
91.0 1.34336
91.5 1.137712
92.0 1.115264
92.5 1.323952
93.0 1.277736
93.5 1.108304
94.0 1.151856
94.5 1.47716
95.0 1.409008
95.5 1.090552
96.0 1.10464
96.5 1.306232
97.0 1.293456
97.5 1.133304
98.0 1.148992
98.5 1.282616
99.0 1.295792
99.5 1.106648
100.0 1.068128
100.5 1.282208
101.0 1.28848
101.5 1.10584
102.0 1.054496
102.5 1.351784
103.0 1.382672
103.5 1.113392
104.0 1.187616
104.5 1.354176
105.0 1.286512
105.5 1.12384
106.0 1.16232
106.5 1.351392
107.0 1.32848
107.5 1.090608
108.0 1.150352
108.5 1.323728
109.0 1.231776
109.5 1.051632
110.0 1.083872
110.5 1.393504
111.0 1.351184
111.5 1.157064
112.0 1.20168
112.5 1.319536
113.0 1.36168
113.5 1.173008
114.0 1.133728
114.5 1.438496
115.0 1.369728
115.5 1.071792
116.0 1.078352
116.5 1.411048
117.0 1.347824
117.5 1.185256
118.0 1.147936
118.5 1.107688
119.0 1.320928
119.5 1.297768
120.0 1.142272
120.5 1.210376
121.0 1.352368
121.5 1.30112
122.0 1.13728
122.5 1.089512
123.0 1.28576
123.5 1.305408
124.0 1.075088
124.5 1.161
125.0 1.308208
125.5 1.27776
126.0 1.208888
126.5 0.806896
127.0 1.174368
127.5 0.701256
128.0 1.283968
128.5 0.716592
129.0 1.096528
129.5 1.218512
130.0 1.311056
130.5 1.132392
131.0 1.148352
131.5 1.339312
132.0 1.324224
132.5 1.134264
133.0 1.193216
133.5 1.335672
134.0 1.25136
134.5 1.158968
135.0 1.187088
135.5 1.3534
136.0 1.287792
136.5 1.111952
137.0 1.129776
137.5 1.306008
138.0 1.28216
138.5 1.143872
139.0 1.116896
139.5 1.269216
140.0 1.296592
140.5 1.20632
141.0 1.174736
141.5 0.920576
142.0 0.919744
142.5 0.800424
143.0 1.351984
143.5 0.73536
144.0 1.135328
144.5 0.688768
145.0 1.271312
145.5 0.814896
146.0 1.131232
146.5 1.151616
147.0 1.271616
147.5 1.056624
148.0 1.182752
148.5 0.794064
149.0 1.332992
149.5 0.689872
150.0 1.07176
150.5 1.263184
151.0 1.394848
151.5 1.086864
152.0 1.176944
152.5 1.377624
153.0 1.2672
153.5 1.160176
154.0 1.039776
154.5 1.38128
155.0 1.368752
155.5 1.1464
156.0 1.177536
156.5 1.265408
157.0 1.292064
157.5 1.212896
158.0 1.16652
158.5 1.360688
159.0 1.309248
159.5 1.161456
160.0 1.115792
160.5 1.33368
161.0 1.321888
161.5 1.170112
162.0 1.165344
162.5 1.30748
163.0 1.288048
163.5 1.213848
164.0 1.172992
164.5 1.354104
165.0 1.264768
165.5 1.170016
166.0 1.206608
166.5 1.30168
167.0 1.242656
167.5 1.123792
168.0 1.140016
168.5 1.297528
169.0 1.22824
169.5 1.200544
170.0 1.253232
170.5 1.326016
171.0 1.30272
171.5 1.177552
172.0 1.117584
172.5 1.379912
173.0 1.382784
173.5 1.186576
174.0 1.129232
174.5 1.339128
175.0 1.251344
175.5 1.247616
176.0 1.145072
176.5 1.329504
177.0 1.347232
177.5 1.180056
178.0 1.121584
178.5 1.32136
179.0 1.302544
179.5 1.112784
180.0 0.931824
180.5 1.126096
181.0 1.117264
181.5 0.90896
182.0 0.89376
182.5 1.041464
183.0 1.029536
183.5 1.103456
184.0 1.092696
184.5 1.1124
185.0 1.104368
185.5 0.751616
186.0 1.131984
186.5 0.60992
187.0 1.093264
187.5 0.801184
188.0 1.0724
188.5 1.203376
189.0 1.245808
189.5 0.95892
190.0 1.10068
190.5 1.020704
191.0 1.224
191.5 0.716176
192.0 0.96536
192.5 1.155648
193.0 1.098288
193.5 1.196
194.0 1.17176
194.5 1.135496
195.0 1.128128
195.5 1.06336
196.0 1.023824
196.5 1.183224
197.0 1.163136
197.5 1.114984
198.0 1.098784
198.5 1.171752
199.0 1.177712
199.5 1.006784
200.0 0.972192
200.5 1.054752
201.0 1.045408
201.5 1.307216
202.0 1.244392
202.5 1.24984
203.0 1.180336
203.5 1.017568
204.0 1.015264
204.5 1.160016
205.0 1.15496
205.5 1.107584
206.0 1.093808
206.5 1.12428
207.0 1.100624
207.5 1.059488
208.0 1.080736
208.5 1.166512
209.0 1.11952
209.5 1.192368
210.0 1.120016
210.5 1.168496
211.0 1.142528
211.5 1.19776
212.0 1.188
212.5 1.14692
213.0 1.133936
213.5 1.067344
214.0 1.061504
214.5 1.236832
215.0 1.21832
215.5 1.23784
216.0 1.22904
216.5 1.077008
217.0 1.06204
217.5 1.072672
218.0 1.057936
218.5 1.145872
219.0 1.125504
219.5 1.01104
220.0 0.995232
220.5 1.350536
221.0 1.327296
221.5 1.071952
222.0 1.091168
222.5 1.30728
223.0 1.26276
223.5 1.10176
224.0 1.084208
224.5 1.137952
225.0 1.184784
225.5 1.002672
226.0 0.9248
226.5 1.131104
227.0 1.104624
227.5 0.982672
228.0 0.97392
228.5 1.320512
229.0 1.292496
229.5 1.20064
230.0 1.119856
230.5 1.118224
231.0 1.102784
231.5 1.039232
232.0 0.980024
232.5 1.196136
233.0 1.14832
233.5 1.25256
234.0 1.186496
234.5 1.267184
235.0 1.250568
235.5 0.900296
236.0 0.892048
236.5 1.094232
237.0 1.077488
237.5 1.090184
238.0 1.06808
238.5 1.154608
239.0 1.134208
239.5 1.282648
240.0 1.25744
240.5 1.214304
241.0 1.1952
241.5 1.161696
242.0 1.148336
242.5 1.249688
243.0 1.248416
243.5 1.068104
244.0 1.017312
244.5 1.267904
245.0 1.25456
245.5 1.071808
246.0 1.101936
246.5 1.247536
247.0 1.187168
247.5 1.069376
248.0 1.031936
248.5 1.204096
249.0 1.215488
249.5 1.972056
250.0 1.819496
250.5 0.767888
251.0 0.747776
251.5 0.823456
252.0 0.810768
252.5 1.032352
253.0 1.001136
253.5 0.979648
254.0 0.956944
254.5 1.109584
255.0 1.087792
255.5 0.998032
256.0 0.993112
256.5 1.390256
257.0 1.326576
257.5 1.005072
258.0 0.992384
258.5 1.252448
259.0 1.223184
259.5 1.009728
260.0 0.994864
260.5 1.063728
261.0 1.046736
261.5 1.64156
262.0 1.558352
262.5 0.906008
263.0 0.855312
263.5 1.054928
264.0 1.048512
264.5 1.17696
265.0 1.165024
265.5 1.120144
266.0 1.105664
266.5 1.27384
267.0 1.261568
267.5 0.85136
268.0 0.843688
268.5 1.356384
269.0 1.334816
269.5 1.010048
270.0 0.93872
270.5 1.270384
271.0 1.267152
271.5 1.150768
272.0 1.117424
272.5 1.194504
273.0 1.131568
273.5 0.908504
274.0 0.89272
274.5 1.164344
275.0 1.166304
275.5 1.24652
276.0 1.21464
276.5 1.012504
277.0 0.988352
277.5 0.966752
278.0 0.954944
278.5 1.194264
279.0 1.175472
279.5 0.96716
280.0 0.960944
280.5 1.351504
281.0 1.333248
281.5 1.111936
282.0 1.14184
282.5 1.14856
283.0 1.103048
283.5 1.215088
284.0 1.205952
284.5 0.984176
285.0 0.980032
285.5 1.127168
286.0 1.111936
286.5 1.225064
287.0 1.187424
287.5 1.132704
288.0 1.101328
288.5 1.061272
289.0 1.04684
289.5 0.904424
290.0 0.812768
290.5 1.020464
291.0 1.0108
291.5 1.350032
292.0 1.28496
292.5 1.380096
293.0 1.340552
293.5 1.185984
294.0 1.138032
294.5 1.095088
295.0 1.076
295.5 1.104136
296.0 1.087808
296.5 1.448312
297.0 1.428752
297.5 1.154904
298.0 1.14568
298.5 1.035704
299.0 1.028176
299.5 0.96672
300.0 0.952144
300.5 0.969776
301.0 0.9502
301.5 1.2604
302.0 1.246352
302.5 0.865496
303.0 0.853088
303.5 1.155064
304.0 1.1388
304.5 1.264928
305.0 1.240624
305.5 1.183728
306.0 1.165888
306.5 1.037528
307.0 1.023632
307.5 1.301912
308.0 1.278768
308.5 1.22816
309.0 1.213472
309.5 1.184992
310.0 1.107328
310.5 1.016016
311.0 1.008736
311.5 1.202016
312.0 1.177024
312.5 1.151304
313.0 1.131056
313.5 1.06384
314.0 1.04512
314.5 1.06976
315.0 1.052576
315.5 1.168984
316.0 1.15412
316.5 1.06728
317.0 1.046768
317.5 1.115344
318.0 1.09032
318.5 1.124848
319.0 1.106592
319.5 1.153376
320.0 1.123968
320.5 1.06768
321.0 1.045904
321.5 1.221376
322.0 1.154808
322.5 1.186984
323.0 1.1312
323.5 1.214176
324.0 1.197984
324.5 1.024104
325.0 1.030144
325.5 1.341752
326.0 1.30832
326.5 1.06736
327.0 1.049232
327.5 1.098512
328.0 1.083872
328.5 1.168704
329.0 1.151968
329.5 1.26024
330.0 1.20448
330.5 0.950968
331.0 0.911968
331.5 1.40876
332.0 1.376512
332.5 0.988096
333.0 0.974096
333.5 1.117656
334.0 1.065496
334.5 1.137648
335.0 1.125408
335.5 1.1592
336.0 1.208416
336.5 1.119296
337.0 1.047536
337.5 1.191144
338.0 1.16072
338.5 1.012224
339.0 0.998672
339.5 1.242056
340.0 1.210144
340.5 0.926872
341.0 0.902512
341.5 1.62876
342.0 1.580784
342.5 1.142384
343.0 1.094192
343.5 1.074992
344.0 1.049344
344.5 1.085856
345.0 1.066032
345.5 1.279048
346.0 1.288976
346.5 1.060616
347.0 1.004688
347.5 1.259968
348.0 1.242288
348.5 1.094912
349.0 1.092184
349.5 1.27352
350.0 1.193792
350.5 1.12932
351.0 1.077216
351.5 1.110256
352.0 1.079664
352.5 1.755896
353.0 1.645144
353.5 0.719936
354.0 0.723824
354.5 0.89152
355.0 0.857688
355.5 1.103688
356.0 1.104608
356.5 1.335232
357.0 1.288672
357.5 0.79236
358.0 0.991808
358.5 0.840808
359.0 1.22856
359.5 0.88068
360.0 1.093424
360.5 1.10632
361.0 1.157432
361.5 1.102192
362.0 1.29708
362.5 1.125344
363.0 1.063168
363.5 1.130192
364.0 1.33584
364.5 1.24932
365.0 1.01752
365.5 0.997936
366.0 1.127376
366.5 1.077792
367.0 1.198816
367.5 1.183968
368.0 1.179264
368.5 1.176736
369.0 1.125336
369.5 1.091248
370.0 0.743696
370.5 1.057056
371.0 0.717312
371.5 1.21896
372.0 0.891504
372.5 1.057168
373.0 0.831104
373.5 1.144208
374.0 0.944096
374.5 1.03536
375.0 1.091888
375.5 1.047568
376.0 1.041488
376.5 1.003216
377.0 1.201152
377.5 1.28672
378.0 1.167032
378.5 1.161072
379.0 1.227896
379.5 1.115528
380.0 0.95688
380.5 1.007104
381.0 1.146752
381.5 1.051328
382.0 1.147264
382.5 1.159456
383.0 1.285664
383.5 1.117808
384.0 1.28916
384.5 1.289824
385.0 1.080784
385.5 1.166376
386.0 1.100296
386.5 1.08344
387.0 1.014448
387.5 0.97488
388.0 1.38856
388.5 1.477488
389.0 1.292152
389.5 1.150224
390.0 0.966656
390.5 0.926384
391.0 1.023448
391.5 0.97944
392.0 1.194512
392.5 1.14848
393.0 0.989728
393.5 0.986336
394.0 1.465536
394.5 1.475984
395.0 1.137104
395.5 1.15248
396.0 1.295392
396.5 1.303408
397.0 1.025144
397.5 0.973384
398.0 1.261024
398.5 1.186368
399.0 0.993312
399.5 1.015184
400.0 1.27352
400.5 1.214912
401.0 0.951808
401.5 0.76372
402.0 0.56104
402.5 0.68656
403.0 2.198312
403.5 1.908904
404.0 0.952576
404.5 1.129632
405.0 0.966008
405.5 0.99052
406.0 1.181904
406.5 1.157536
407.0 1.135808
407.5 1.1948
408.0 1.116248
408.5 0.978448
409.0 1.213024
409.5 1.196624
410.0 1.074496
410.5 1.110784
411.0 1.024464
411.5 1.016672
412.0 1.147208
412.5 1.099848
413.0 1.222432
413.5 1.113984
414.0 1.396544
414.5 1.370832
415.0 1.103952
415.5 1.179568
416.0 1.467728
416.5 1.359328
417.0 0.950768
417.5 0.93744
418.0 1.294768
418.5 1.302296
419.0 0.931952
419.5 0.943488
420.0 1.27528
420.5 1.183248
421.0 0.995928
421.5 1.080864
422.0 1.34196
422.5 1.216464
423.0 1.023776
423.5 0.996608
424.0 1.240856
424.5 1.192352
425.0 0.981008
425.5 0.988256
426.0 1.276376
426.5 1.358944
427.0 0.954616
427.5 0.850288
428.0 1.169664
428.5 1.01904
429.0 0.940096
429.5 0.949088
430.0 0.773792
430.5 1.009976
431.0 1.113688
431.5 1.121472
432.0 1.159272
432.5 1.117952
433.0 1.190048
433.5 1.23424
434.0 1.182816
434.5 1.15496
435.0 1.221848
435.5 1.165984
436.0 1.023608
436.5 0.978432
437.0 1.031632
437.5 0.983504
438.0 1.113008
438.5 1.18984
439.0 1.362808
439.5 1.240736
440.0 1.037968
440.5 1.155984
441.0 1.207576
441.5 1.127408
442.0 1.086008
442.5 1.05568
443.0 1.141648
443.5 1.046208
444.0 1.077536
444.5 1.1656
445.0 1.096624
445.5 1.004952
446.0 1.122008
446.5 1.114896
447.0 1.117904
447.5 1.079312
448.0 1.178664
448.5 1.250208
449.0 1.201216
449.5 1.066784
450.0 2.698352
450.5 1.317384
451.0 1.283672
451.5 1.182136
452.0 1.145592
452.5 1.115968
453.0 1.214056
453.5 1.10384
454.0 1.069904
454.5 1.162336
455.0 3.70788
455.5 1.160608
456.0 1.141848
456.5 1.221008
457.0 1.1628
457.5 1.086416
458.0 1.186168
458.5 0.921904
459.0 0.665312
459.5 0.891184
460.0 1.207344
460.5 1.271088
461.0 1.286912
461.5 1.167392
462.0 1.048632
462.5 1.058032
463.0 1.302888
463.5 1.285688
464.0 1.127816
464.5 1.14584
465.0 1.129272
465.5 1.041456
466.0 1.047872
466.5 1.094048
467.0 1.137584
467.5 1.07536
468.0 1.27516
468.5 1.22464
469.0 1.21088
469.5 1.186448
470.0 1.112304
470.5 1.076208
471.0 1.018368
471.5 0.981168
472.0 1.050672
472.5 1.160016
473.0 1.111824
473.5 1.074384
474.0 1.16296
474.5 1.093392
475.0 1.203856
475.5 1.153136
476.0 1.177456
476.5 1.159664
477.0 1.082832
477.5 1.117456
478.0 1.188688
478.5 1.21476
479.0 1.17568
479.5 1.084592
480.0 1.138448
480.5 1.222144
481.0 1.214944
481.5 1.1636
482.0 1.115736
482.5 0.99504
483.0 1.024576
483.5 1.035408
484.0 1.117072
484.5 1.07756
485.0 1.167664
485.5 1.072512
486.0 1.04424
486.5 1.103808
487.0 1.082776
487.5 1.154096
488.0 1.2176
488.5 1.024896
489.0 1.108112
489.5 1.160768
490.0 1.19584
490.5 1.078112
491.0 1.112992
491.5 1.187488
492.0 1.25144
492.5 1.248208
493.0 1.15588
493.5 1.177296
494.0 1.113248
494.5 1.063856
495.0 1.06744
495.5 0.989744
496.0 1.066032
496.5 1.138312
497.0 1.065752
497.5 1.055888
498.0 1.24356
498.5 1.191232
499.0 1.081152
499.5 0.975024
500.0 1.179768
500.5 1.112816
501.0 0.25872
501.5 0.15928
502.0 0.336072
502.5 0.240272
503.0 0.118936
503.5 0.194384
504.0 0.821
504.5 1.319968
505.0 2.948136
505.5 2.885888
506.0 2.792456
506.5 2.645552
507.0 1.058672
507.5 1.019568
508.0 0.304336
508.5 1.19792
509.0 0.274368
509.5 1.157104
510.0 0.76836
510.5 1.159712
511.0 1.161592
511.5 1.123736
512.0 1.196368
512.5 1.179632
513.0 1.530008
513.5 1.34
514.0 1.111376
514.5 1.047552
515.0 1.190096
515.5 1.140416
516.0 1.145096
516.5 1.104064
517.0 1.151192
517.5 1.124696
518.0 1.522776
518.5 1.4872
519.0 1.152616
519.5 1.112752
520.0 1.200216
520.5 1.137808
521.0 1.066272
521.5 1.035152
522.0 1.007792
522.5 0.982736
523.0 0.320176
523.5 1.018656
524.0 0.145152
524.5 1.190192
525.0 0.140032
525.5 1.024368
526.0 0.179824
526.5 1.01128
527.0 5.12028
527.5 1.29008
528.0 0.635352
528.5 1.121456
529.0 0.561288
529.5 1.072392
530.0 0.462192
530.5 1.268912
531.0 0.448064
531.5 1.094928
532.0 0.559032
532.5 1.218656
533.0 0.593552
533.5 1.092832
534.0 0.553376
534.5 1.192528
535.0 0.525664
535.5 0.989088
536.0 0.521648
536.5 1.19112
537.0 0.450192
537.5 1.038144
538.0 0.54484
538.5 1.324016
539.0 0.67272
539.5 1.126992
540.0 1.308856
540.5 1.273232
541.0 1.232088
541.5 1.233376
542.0 1.231128
542.5 1.1928
543.0 1.15264
543.5 1.167728
544.0 1.266864
544.5 1.237328
545.0 1.237112
545.5 1.237264
546.0 1.165448
546.5 1.108096
547.0 1.25796
547.5 1.248224
548.0 1.344864
548.5 1.323712
549.0 1.798864
549.5 1.600968
550.0 1.085208
550.5 1.125168
551.0 1.172864
551.5 1.14736
552.0 1.110696
552.5 1.041664
553.0 1.281304
553.5 1.311696
554.0 1.140744
554.5 1.021088
555.0 1.639768
555.5 1.572736
556.0 1.162424
556.5 1.154464
557.0 1.267912
557.5 1.28256
558.0 0.991272
558.5 0.965936
559.0 1.402648
559.5 1.413168
560.0 1.219568
560.5 1.13904
561.0 1.216512
561.5 1.167664
562.0 1.335888
562.5 1.332784
563.0 1.415936
563.5 1.324896
564.0 1.180424
564.5 1.168648
565.0 1.062568
565.5 1.057568
566.0 1.382424
566.5 1.364688
567.0 1.14596
567.5 1.082912
568.0 1.311376
568.5 1.285776
569.0 1.385312
569.5 1.296792
570.0 1.095456
570.5 1.07672
571.0 1.147688
571.5 1.18432
572.0 1.202856
572.5 1.156176
573.0 1.401144
573.5 1.402592
574.0 1.1302
574.5 1.048384
575.0 1.431992
575.5 1.445728
576.0 1.172728
576.5 1.149296
577.0 1.322136
577.5 1.3244
578.0 1.279544
578.5 1.220656
579.0 1.267416
579.5 1.221104
580.0 1.219472
580.5 1.205104
581.0 1.262664
581.5 1.24992
582.0 1.184744
582.5 1.186384
583.0 1.432392
583.5 1.378464
584.0 1.240632
584.5 1.19856
585.0 1.221944
585.5 1.239264
586.0 1.175192
586.5 1.13816
587.0 0.782328
587.5 1.257728
588.0 2.061048
588.5 1.44184
589.0 0.8064
589.5 1.229488
590.0 2.023752
590.5 1.388496
591.0 1.040928
591.5 1.19728
592.0 1.321584
592.5 1.094672
593.0 1.168296
593.5 1.296384
594.0 1.402744
594.5 1.189824
595.0 1.184912
595.5 1.162352
596.0 1.07472
596.5 1.132056
597.0 1.313928
597.5 1.151032
598.0 1.12236
598.5 1.203472
599.0 1.348432
599.5 1.3978
600.0 1.553872
600.5 1.219208
601.0 1.003312
601.5 1.210856
602.0 1.510976
602.5 1.259176
603.0 1.053432
603.5 1.231184
604.0 1.49524
604.5 1.26252
605.0 1.080712
605.5 1.167968
606.0 1.494088
606.5 1.357168
607.0 1.126696
607.5 1.184936
608.0 1.58484
608.5 1.383008
609.0 1.125544
609.5 1.1356
610.0 1.40452
610.5 1.271496
611.0 1.112584
611.5 1.129136
612.0 1.306192
612.5 1.243504
613.0 1.40772
613.5 1.372224
614.0 1.283
614.5 1.169264
615.0 1.022256
615.5 1.057952
616.0 1.329816
616.5 1.22112
617.0 0.949608
617.5 1.01136
618.0 1.346072
618.5 1.244992
619.0 1.157704
619.5 1.195824
620.0 1.54892
620.5 1.444624
621.0 0.930544
621.5 0.946352
622.0 1.320504
622.5 1.44248
623.0 1.503096
623.5 1.240128
624.0 1.108864
624.5 1.085936
625.0 1.58308
625.5 1.498256
626.0 1.075144
626.5 1.086528
627.0 1.205912
627.5 1.058224
628.0 0.829656
628.5 1.429568
629.0 2.103176
629.5 1.350016
630.0 1.141128
630.5 1.134136
631.0 1.072072
631.5 1.080048
632.0 1.120656
632.5 1.084896
633.0 1.270736
633.5 1.24104
634.0 1.2522
634.5 1.150304
635.0 1.235856
635.5 1.22872
636.0 1.115016
636.5 1.13168
637.0 1.346424
637.5 1.289776
638.0 1.241608
638.5 1.238912
639.0 1.39936
639.5 1.341936
640.0 1.170568
640.5 1.164592
641.0 1.2104
641.5 1.215104
642.0 1.24956
642.5 1.218032
643.0 1.23444
643.5 1.530592
644.0 1.999472
644.5 1.47208
645.0 1.07544
645.5 1.07352
646.0 1.339032
646.5 1.297536
647.0 1.25364
647.5 1.231184
648.0 1.259024
648.5 1.189824
649.0 1.126856
649.5 1.069904
650.0 0.846232
650.5 1.256704
651.0 1.66768
651.5 1.2278
652.0 1.298392
652.5 1.25272
653.0 1.133032
653.5 1.115536
654.0 1.301248
654.5 1.213616
655.0 1.086072
655.5 1.104144
656.0 0.994784
656.5 1.226032
657.0 1.573336
657.5 1.232448
658.0 1.117856
658.5 1.312
659.0 1.506856
659.5 1.23896
660.0 1.043288
660.5 1.21144
661.0 1.415832
661.5 1.21224
662.0 1.143528
662.5 1.262992
663.0 1.521576
663.5 1.325976
664.0 1.091888
664.5 1.159584
665.0 1.35412
665.5 1.222336
666.0 1.056616
666.5 1.104064
667.0 1.407464
667.5 1.351888
668.0 1.036776
668.5 1.040464
669.0 1.35132
669.5 1.258928
670.0 1.201696
670.5 1.17976
671.0 1.414736
671.5 1.391152
672.0 1.212808
672.5 1.1552
673.0 1.336392
673.5 1.33792
674.0 1.29524
674.5 1.188816
675.0 1.337784
675.5 1.292016
676.0 1.114136
676.5 1.10608
677.0 1.409736
677.5 1.360656
678.0 1.169816
678.5 1.150624
679.0 1.40044
679.5 1.3868
680.0 1.205344
680.5 1.167408
681.0 1.4186
681.5 1.332512
682.0 1.028904
682.5 1.032928
683.0 1.225848
683.5 1.203872
684.0 1.129352
684.5 1.10832
685.0 1.389712
685.5 1.34416
686.0 1.070568
686.5 1.053136
687.0 1.250952
687.5 1.146928
688.0 1.34532
688.5 1.427952
689.0 1.526248
689.5 1.44464
690.0 1.336984
690.5 1.119552
691.0 1.484144
691.5 1.414832
692.0 1.04988
692.5 1.03352
693.0 1.291064
693.5 1.259984
694.0 1.237328
694.5 1.18288
695.0 1.358984
695.5 1.320624
696.0 1.209592
696.5 1.202456
697.0 1.176992
697.5 1.212352
698.0 1.320712
698.5 1.1876
699.0 1.046928
699.5 1.32416
700.0 1.631784
700.5 1.242528
701.0 1.036008
701.5 1.209248
702.0 1.409704
702.5 1.175456
703.0 1.187104
703.5 1.229312
704.0 1.14312
704.5 1.078576
705.0 1.453744
705.5 1.365096
706.0 1.408752
706.5 1.337296
707.0 1.04664
707.5 1.063544
708.0 1.335704
708.5 1.214208
709.0 1.071872
709.5 1.03564
710.0 1.256632
710.5 1.252896
711.0 0.884608
711.5 1.161408
712.0 1.536776
712.5 1.292296
713.0 0.991048
713.5 1.128368
714.0 1.674856
714.5 1.303712
715.0 1.171256
715.5 1.323864
716.0 1.434472
716.5 1.211648
717.0 1.099872
717.5 1.207264
718.0 1.7084
718.5 1.408016
719.0 1.005128
719.5 1.162896
720.0 1.125736
720.5 1.115648
721.0 1.101136
721.5 1.039888
722.0 1.290664
722.5 1.222016
723.0 1.156856
723.5 1.147544
724.0 1.07644
724.5 1.017008
725.0 1.16644
725.5 1.132608
726.0 1.20728
726.5 1.178768
727.0 1.222168
727.5 1.203616
728.0 1.122024
728.5 1.103824
729.0 1.088216
729.5 1.06808
730.0 1.205624
730.5 1.187896
731.0 1.11636
731.5 1.09536
732.0 1.137616
732.5 1.123072
733.0 0.829144
733.5 0.856144
734.0 1.327504
734.5 1.268624
735.0 1.106552
735.5 1.088928
736.0 1.10272
736.5 1.133912
737.0 1.160416
737.5 1.108864
738.0 1.206576
738.5 1.198192
739.0 1.017904
739.5 1.047888
740.0 1.180528
740.5 1.129552
741.0 1.047272
741.5 1.037936
742.0 1.232768
742.5 1.192384
743.0 1.199744
743.5 1.165088
744.0 1.192928
744.5 1.184688
745.0 1.089
745.5 1.069872
746.0 1.030512
746.5 0.993088
747.0 1.247928
747.5 1.234912
748.0 1.03136
748.5 1.082136
749.0 1.041088
749.5 0.96024
750.0 1.13872
750.5 1.135056
751.0 1.100224
751.5 1.119728
752.0 1.463664
752.5 1.403376
753.0 1.136128
753.5 1.11544
754.0 1.001176
754.5 0.948928
755.0 0.99172
755.5 0.932352
756.0 1.182512
756.5 1.167296
757.0 1.184096
757.5 1.163568
758.0 1.064656
758.5 1.131248
759.0 1.229312
759.5 1.1436
760.0 1.082536
760.5 1.06664
761.0 0.996352
761.5 0.9992
762.0 1.306368
762.5 1.233664
763.0 1.069928
763.5 1.119512
764.0 1.222816
764.5 1.165024
765.0 1.120464
765.5 1.08528
766.0 1.137808
766.5 1.1248
767.0 1.066032
767.5 1.058336
768.0 1.25396
768.5 1.22048
769.0 1.090544
769.5 1.071704
770.0 1.201832
770.5 1.187344
771.0 1.106136
771.5 1.098
772.0 1.13956
772.5 1.11928
773.0 1.089752
773.5 1.076848
774.0 1.083792
774.5 1.089712
775.0 1.295792
775.5 1.251968
776.0 0.930032
776.5 0.921424
777.0 1.06636
777.5 1.059376
778.0 0.9364
778.5 0.931616
779.0 1.19792
779.5 1.188944
780.0 1.161712
780.5 1.160544
781.0 1.3156
781.5 1.305064
782.0 1.048224
782.5 0.986592
783.0 1.231064
783.5 1.198352
784.0 1.200336
784.5 1.139792
785.0 1.261952
785.5 1.256848
786.0 1.187608
786.5 1.112192
787.0 1.219368
787.5 1.176992
788.0 0.923376
788.5 0.910592
789.0 1.043536
789.5 1.047792
790.0 1.040408
790.5 1.019536
791.0 1.18996
791.5 1.191936
792.0 1.190136
792.5 1.151328
793.0 1.142392
793.5 1.123696
794.0 1.02744
794.5 1.058304
795.0 0.924
795.5 0.91312
796.0 1.19364
796.5 1.145832
797.0 1.095904
797.5 1.074784
798.0 1.152432
798.5 1.172112
799.0 1.199712
799.5 1.148384
800.0 1.122912
800.5 1.111024
801.0 1.352088
801.5 1.3304
802.0 1.065744
802.5 0.9818
803.0 1.209984
803.5 1.202064
804.0 1.134432
804.5 1.09888
805.0 1.146944
805.5 1.128048
806.0 1.002432
806.5 0.9952
807.0 1.162512
807.5 1.156736
808.0 1.08364
808.5 1.047584
809.0 1.206512
809.5 1.187616
810.0 1.096544
810.5 1.092736
811.0 1.113864
811.5 1.108544
812.0 1.191024
812.5 1.175776
813.0 0.9596
813.5 0.943872
814.0 1.299544
814.5 1.241928
815.0 1.114552
815.5 1.057488
816.0 1.247424
816.5 1.2308
817.0 1.05984
817.5 1.111288
818.0 1.19432
818.5 1.115904
819.0 1.11112
819.5 1.096496
820.0 1.27488
820.5 1.171896
821.0 1.133984
821.5 1.109616
822.0 1.300824
822.5 1.195936
823.0 1.226848
823.5 1.203456
824.0 1.047464
824.5 1.04192
825.0 1.137376
825.5 1.137008
826.0 1.140568
826.5 1.099872
827.0 1.026088
827.5 1.005504
828.0 1.265192
828.5 1.24632
829.0 1.310336
829.5 1.278296
830.0 1.043984
830.5 1.036128
831.0 1.016808
831.5 0.996128
832.0 1.079008
832.5 1.065936
833.0 1.01928
833.5 1.028848
834.0 1.26148
834.5 1.22112
835.0 0.952784
835.5 1.016648
836.0 1.358832
836.5 1.27128
837.0 1.166592
837.5 1.146672
838.0 1.044656
838.5 1.031632
839.0 1.045048
839.5 1.022496
840.0 1.152048
840.5 1.140848
841.0 1.222928
841.5 1.202304
842.0 1.285144
842.5 1.210416
843.0 1.147616
843.5 1.10944
844.0 1.145104
844.5 1.093168
845.0 1.131224
845.5 1.074144
846.0 0.991856
846.5 1.003648
847.0 1.211432
847.5 1.163976
848.0 1.168488
848.5 1.153344
849.0 1.06812
849.5 1.04752
850.0 1.08732
850.5 1.075088
851.0 1.16052
851.5 1.142128
852.0 1.070064
852.5 1.057216
853.0 1.035224
853.5 1.025184
854.0 1.176096
854.5 1.188752
855.0 1.258648
855.5 1.2096
856.0 1.14112
856.5 1.139112
857.0 1.169912
857.5 1.186152
858.0 1.128784
858.5 1.13008
859.0 1.119488
859.5 1.112912
860.0 1.196392
860.5 1.187888
861.0 1.098024
861.5 1.080224
862.0 1.181568
862.5 1.140728
863.0 1.012176
863.5 0.977008
864.0 1.332944
864.5 1.320016
865.0 1.025616
865.5 1.013536
866.0 1.21744
866.5 1.191152
867.0 1.039088
867.5 1.023616
868.0 1.114648
868.5 1.103032
869.0 1.03104
869.5 1.01704
870.0 1.169208
870.5 1.148272
871.0 1.281896
871.5 1.265456
872.0 0.992688
872.5 1.077072
873.0 1.153968
873.5 1.047488
874.0 1.169368
874.5 1.108304
875.0 1.215648
875.5 1.149264
876.0 1.037568
876.5 1.021984
877.0 1.19208
877.5 1.18248
878.0 1.130656
878.5 1.118416
879.0 1.265504
879.5 1.248528
880.0 0.960128
880.5 0.951768
881.0 1.206136
881.5 1.182736
882.0 1.190704
882.5 1.11456
883.0 1.24764
883.5 1.237232
884.0 1.132992
884.5 1.171424
885.0 1.089016
885.5 1.048
886.0 1.036832
886.5 1.016928
887.0 1.146208
887.5 1.118624
888.0 1.065232
888.5 1.049776
889.0 1.273568
889.5 1.25072
890.0 1.135816
890.5 1.129488
891.0 1.066008
891.5 1.037056
892.0 1.213592
892.5 1.193168
893.0 1.010664
893.5 0.992912
894.0 1.115024
894.5 1.09528
895.0 1.244808
895.5 1.218504
896.0 1.031936
896.5 1.018144
897.0 1.211856
897.5 1.209184
898.0 1.119024
898.5 1.094864
899.0 1.151584
899.5 1.143872
900.0 1.891768
900.5 1.344768
901.0 1.335296
901.5 1.256704
902.0 1.182536
902.5 1.166656
903.0 1.168856
903.5 1.1684
904.0 1.018488
904.5 0.99512
905.0 1.126536
905.5 1.376832
906.0 1.521632
906.5 1.208224
907.0 1.385592
907.5 1.344208
908.0 1.213064
908.5 1.167024
909.0 1.28512
909.5 1.183248
910.0 1.16032
910.5 1.147728
911.0 1.372656
911.5 1.344032
912.0 1.053472
912.5 1.25912
913.0 1.590152
913.5 1.299184
914.0 1.313784
914.5 1.215744
915.0 1.385584
915.5 1.328112
916.0 1.200784
916.5 1.18664
917.0 1.30872
917.5 1.293568
918.0 1.182256
918.5 1.16056
919.0 0.931536
919.5 1.251568
920.0 1.664016
920.5 1.270432
921.0 0.680216
921.5 1.00528
922.0 1.653976
922.5 1.259696
923.0 0.988184
923.5 1.260624
924.0 1.871352
924.5 1.448704
925.0 1.087664
925.5 1.29784
926.0 0.727072
926.5 1.148688
927.0 0.6264
927.5 0.95216
928.0 1.660688
928.5 1.382608
929.0 1.024272
929.5 1.139472
930.0 1.610448
930.5 1.36516
931.0 1.211416
931.5 1.344944
932.0 1.282552
932.5 1.268992
933.0 1.451872
933.5 0.98768
934.0 0.985256
934.5 0.963712
935.0 0.793728
935.5 0.960128
936.0 1.129664
936.5 1.346928
937.0 0.569208
937.5 1.290688
938.0 0.340432
938.5 1.601536
939.0 2.80468
939.5 1.317296
940.0 1.130032
940.5 1.227872
941.0 0.853968
941.5 1.083856
942.0 1.034912
942.5 1.058112
943.0 1.097176
943.5 1.164744
944.0 0.647512
944.5 1.466512
945.0 0.980248
945.5 1.564
946.0 0.833248
946.5 1.07276
947.0 0.731816
947.5 1.08608
948.0 0.485608
948.5 1.494792
949.0 1.283936
949.5 1.195384
950.0 0.817352
950.5 1.502928
951.0 0.920632
951.5 1.235296
952.0 0.788504
952.5 0.886064
953.0 0.5642
953.5 1.172432
954.0 1.29836
954.5 1.29992
955.0 0.903976
955.5 0.979456
956.0 0.94748
956.5 1.144848
957.0 0.731256
957.5 0.977056
958.0 1.005472
958.5 1.545584
959.0 0.759744
959.5 1.074128
960.0 0.84508
960.5 1.292352
961.0 0.593088
961.5 1.175904
962.0 0.87288
962.5 1.315232
963.0 0.644544
963.5 1.056872
964.0 1.184448
964.5 1.327168
965.0 0.967096
965.5 1.169944
966.0 1.491904
966.5 1.373424
967.0 1.73008
967.5 1.441104
968.0 1.299512
968.5 1.230744
969.0 1.090016
969.5 1.008296
970.0 1.515928
970.5 1.458896
971.0 0.977776
971.5 0.974224
972.0 1.207344
972.5 1.085544
973.0 1.1118
973.5 1.15752
974.0 1.009752
974.5 1.108176
975.0 1.484776
975.5 1.28784
976.0 1.226184
976.5 1.241248
977.0 1.120232
977.5 1.084624
978.0 1.260792
978.5 1.24056
979.0 1.033856
979.5 1.099408
980.0 1.477792
980.5 1.41112
981.0 1.259504
981.5 1.211088
982.0 1.278328
982.5 1.314464
983.0 1.38204
983.5 1.253408
984.0 1.042328
984.5 1.253504
985.0 1.795008
985.5 1.49888
986.0 0.805096
986.5 1.558592
987.0 2.017608
987.5 1.044672
988.0 0.865896
988.5 1.14128
989.0 1.721936
989.5 1.267776
990.0 0.838168
990.5 1.002608
991.0 1.334048
991.5 1.12064
992.0 1.19384
992.5 1.383472
993.0 1.404096
993.5 1.15712
994.0 1.01976
994.5 1.15904
995.0 1.468992
995.5 1.278096
996.0 0.980136
996.5 1.089976
997.0 1.807744
997.5 1.591824
998.0 1.030536
998.5 1.098176
999.0 1.090944
999.5 1.001456
1000.0 1.346872
1000.5 1.398624
1001.0 1.410296
1001.5 1.28656
1002.0 1.112
1002.5 1.021312
1003.0 1.311072
1003.5 1.252912
1004.0 1.135664
1004.5 1.140624
1005.0 1.44068
1005.5 1.371904
1006.0 1.256192
1006.5 1.260256
1007.0 1.25984
1007.5 1.241368
1008.0 0.97992
1008.5 0.974856
1009.0 1.483848
1009.5 1.352664
1010.0 1.184776
1010.5 1.109024
1011.0 1.047536
1011.5 1.11264
1012.0 0.994016
1012.5 1.471752
1013.0 1.998064
1013.5 1.312016
1014.0 0.923016
1014.5 0.936816
1015.0 1.472272
1015.5 1.40872
1016.0 1.195648
1016.5 1.158928
1017.0 1.166792
1017.5 1.16968
1018.0 1.159472
1018.5 1.169248
1019.0 1.38196
1019.5 1.332112
1020.0 1.15388
1020.5 1.154352
1021.0 1.527952
1021.5 1.425904
1022.0 1.08444
1022.5 1.103328
1023.0 1.267544
1023.5 1.494944
1024.0 1.42808
1024.5 1.064136
1025.0 1.18164
1025.5 1.347992
1026.0 1.40992
1026.5 1.144288
1027.0 1.426456
1027.5 1.372128
1028.0 1.017752
1028.5 0.998288
1029.0 1.358896
1029.5 1.2518
1030.0 1.276224
1030.5 1.252656
1031.0 1.457336
1031.5 1.3892
1032.0 0.836752
1032.5 1.215424
1033.0 2.0584
1033.5 1.603072
1034.0 1.25756
1034.5 1.028192
1035.0 1.124864
1035.5 1.103536
1036.0 1.101624
1036.5 1.090896
1037.0 0.962672
1037.5 0.942496
1038.0 1.14288
1038.5 1.149936
1039.0 1.387064
1039.5 1.36104
1040.0 1.164352
1040.5 1.161344
1041.0 1.475016
1041.5 1.402928
1042.0 1.089944
1042.5 1.063376
1043.0 0.87396
1043.5 1.430992
1044.0 1.909384
1044.5 1.290288
1045.0 1.075336
1045.5 1.258928
1046.0 1.507144
1046.5 1.23288
1047.0 0.81236
1047.5 1.264864
1048.0 2.253432
1048.5 1.59848
1049.0 1.246912
1049.5 1.111376
1050.0 0.854672
1050.5 1.234896
1051.0 1.451528
1051.5 1.007824
1052.0 0.94316
1052.5 0.95112
1053.0 1.328456
1053.5 1.316144
1054.0 0.977912
1054.5 0.961552
1055.0 1.001232
1055.5 1.299648
1056.0 1.651584
1056.5 1.286848
1057.0 1.231456
1057.5 1.201136
1058.0 1.0844
1058.5 1.205536
1059.0 1.220904
1059.5 1.243296
1060.0 1.851168
1060.5 1.52768
1061.0 1.066184
1061.5 1.249888
1062.0 1.480968
1062.5 1.159848
1063.0 1.15732
1063.5 1.196864
1064.0 1.26684
1064.5 1.2056
1065.0 1.261976
1065.5 1.225472
1066.0 1.004376
1066.5 0.995904
1067.0 1.166808
1067.5 1.178416
1068.0 1.336824
1068.5 1.238064
1069.0 1.259912
1069.5 1.17728
1070.0 1.346296
1070.5 1.294416
1071.0 1.392296
1071.5 1.36936
1072.0 1.005976
1072.5 0.997168
1073.0 1.212696
1073.5 1.206336
1074.0 1.46804
1074.5 1.412616
1075.0 1.190088
1075.5 1.209792
1076.0 1.329896
1076.5 1.269696
1077.0 1.423104
1077.5 1.356064
1078.0 1.12312
1078.5 1.130368
1079.0 1.14336
1079.5 1.120392
1080.0 1.327008
1080.5 1.293736
1081.0 1.218448
1081.5 1.22768
1082.0 1.290048
1082.5 1.275504
1083.0 1.19264
1083.5 1.114256
1084.0 1.303112
1084.5 1.286176
1085.0 1.127728
1085.5 1.13608
1086.0 1.383728
1086.5 1.385728
1087.0 1.111288
1087.5 1.120496
1088.0 1.336744
1088.5 1.34216
1089.0 1.182864
1089.5 1.190224
1090.0 1.274112
1090.5 1.239984
1091.0 1.138064
1091.5 1.096192
1092.0 1.223496
1092.5 1.329616
1093.0 1.196
1093.5 1.161808
1094.0 1.37328
1094.5 1.296528
1095.0 1.1714
1095.5 1.144928
1096.0 1.250304
1096.5 1.277072
1097.0 1.137704
1097.5 1.195168
1098.0 1.275736
1098.5 1.182144
1099.0 1.14188
1099.5 1.097648
1100.0 1.281272
1100.5 1.349504
1101.0 1.265448
1101.5 1.23736
1102.0 1.318696
1102.5 1.2844
1103.0 1.156448
1103.5 1.21664
1104.0 1.31988
1104.5 1.296768
1105.0 1.106368
1105.5 1.090416
1106.0 1.3302
1106.5 1.312896
1107.0 1.118512
1107.5 1.079232
1108.0 1.300224
1108.5 1.365328
1109.0 1.180408
1109.5 1.138368
1110.0 1.386688
1110.5 1.396384
1111.0 1.101872
1111.5 1.101584
1112.0 1.38476
1112.5 1.333936
1113.0 1.135928
1113.5 1.13164
1114.0 1.350984
1114.5 1.319888
1115.0 1.129664
1115.5 1.146656
1116.0 1.348288
1116.5 1.292736
1117.0 1.145056
1117.5 1.230112
1118.0 1.239168
1118.5 1.180272
1119.0 1.116656
1119.5 1.120448
1120.0 1.313504
1120.5 1.319856
1121.0 1.209904
1121.5 1.104496
1122.0 1.114096
1122.5 1.388272
1123.0 1.337536
1123.5 1.095424
1124.0 1.24824
1124.5 1.359984
1125.0 1.267584
1125.5 1.163072
1126.0 1.132192
1126.5 1.3004
1127.0 1.353136
1127.5 1.168224
1128.0 1.121392
1128.5 1.12256
1129.0 1.355184
1129.5 1.333536
1130.0 1.1642
1130.5 1.201072
1131.0 1.217672
1131.5 1.140368
1132.0 1.105496
1132.5 1.173984
1133.0 1.332688
1133.5 1.323488
1134.0 1.107264
1134.5 1.15856
1135.0 0.670352
1135.5 1.310736
1136.0 0.735472
1136.5 1.073776
1137.0 1.15848
1137.5 1.298736
1138.0 1.206016
1138.5 1.238512
1139.0 1.354832
1139.5 1.323152
1140.0 1.169984
1140.5 1.118992
1141.0 1.386384
1141.5 1.28672
1142.0 1.116864
1142.5 1.216432
1143.0 1.336328
1143.5 1.287904
1144.0 1.212088
1144.5 1.144192
1145.0 1.353176
1145.5 1.335008
1146.0 1.068896
1146.5 1.123384
1147.0 1.306
1147.5 1.272384
1148.0 1.146456
1148.5 1.129424
1149.0 1.320696
1149.5 1.307008
1150.0 1.140616
1150.5 1.156832
1151.0 1.304392
1151.5 1.248
1152.0 1.15792
1152.5 1.195152
1153.0 1.314688
1153.5 1.329792
1154.0 1.169456
1154.5 1.063664
1155.0 1.390672
1155.5 1.434544
1156.0 1.0888
1156.5 1.159216
1157.0 1.37592
1157.5 1.347824
1158.0 1.131872
1158.5 1.149968
1159.0 1.30332
1159.5 1.289248
1160.0 1.167168
1160.5 1.102688
1161.0 1.36032
1161.5 1.329088
1162.0 1.101104
1162.5 1.13344
1163.0 1.296272
1163.5 1.215536
1164.0 1.154232
1164.5 1.182144
1165.0 1.248672
1165.5 1.30352
1166.0 1.17096
1166.5 1.163872
1167.0 1.319616
1167.5 1.340944
1168.0 1.192488
1168.5 1.126336
1169.0 1.274992
1169.5 1.296624
1170.0 1.132264
1170.5 1.097568
1171.0 1.271648
1171.5 1.292432
1172.0 1.105552
1172.5 1.121536
1173.0 1.398328
1173.5 1.284832
1174.0 1.19836
1174.5 1.185584
1175.0 1.345488
1175.5 1.403488
1176.0 1.129648
1176.5 1.055712
1177.0 1.310176
1177.5 1.34336
1178.0 1.137712
1178.5 1.115264
1179.0 1.323952
1179.5 1.277736
1180.0 1.108304
1180.5 1.151856
1181.0 1.47716
1181.5 1.409008
1182.0 1.090552
1182.5 1.10464
1183.0 1.306232
1183.5 1.293456
1184.0 1.133304
1184.5 1.148992
1185.0 1.282616
1185.5 1.295792
1186.0 1.106648
1186.5 1.068128
1187.0 1.282208
1187.5 1.28848
1188.0 1.10584
1188.5 1.054496
1189.0 1.351784
1189.5 1.382672
1190.0 1.113392
1190.5 1.187616
1191.0 1.354176
1191.5 1.286512
1192.0 1.12384
1192.5 1.16232
1193.0 1.351392
1193.5 1.32848
1194.0 1.090608
1194.5 1.150352
1195.0 1.323728
1195.5 1.231776
1196.0 1.051632
1196.5 1.083872
1197.0 1.393504
1197.5 1.351184
1198.0 1.157064
1198.5 1.20168
1199.0 1.319536
1199.5 1.36168
1200.0 1.173008
1200.5 1.133728
1201.0 1.438496
1201.5 1.369728
1202.0 1.071792
1202.5 1.078352
1203.0 1.411048
1203.5 1.347824
1204.0 1.185256
1204.5 1.147936
1205.0 1.107688
1205.5 1.320928
1206.0 1.297768
1206.5 1.142272
1207.0 1.210376
1207.5 1.352368
1208.0 1.30112
1208.5 1.13728
1209.0 1.089512
1209.5 1.28576
1210.0 1.305408
1210.5 1.075088
1211.0 1.161
1211.5 1.308208
1212.0 1.27776
1212.5 1.208888
1213.0 0.806896
1213.5 1.174368
1214.0 0.701256
1214.5 1.283968
1215.0 0.716592
1215.5 1.096528
1216.0 1.218512
1216.5 1.311056
1217.0 1.132392
1217.5 1.148352
1218.0 1.339312
1218.5 1.324224
1219.0 1.134264
1219.5 1.193216
1220.0 1.335672
1220.5 1.25136
1221.0 1.158968
1221.5 1.187088
1222.0 1.3534
1222.5 1.287792
1223.0 1.111952
1223.5 1.129776
1224.0 1.306008
1224.5 1.28216
1225.0 1.143872
1225.5 1.116896
1226.0 1.269216
1226.5 1.296592
1227.0 1.20632
1227.5 1.174736
1228.0 0.920576
1228.5 0.919744
1229.0 0.800424
1229.5 1.351984
1230.0 0.73536
1230.5 1.135328
1231.0 0.688768
1231.5 1.271312
1232.0 0.814896
1232.5 1.131232
1233.0 1.151616
1233.5 1.271616
1234.0 1.056624
1234.5 1.182752
1235.0 0.794064
1235.5 1.332992
1236.0 0.689872
1236.5 1.07176
1237.0 1.263184
1237.5 1.394848
1238.0 1.086864
1238.5 1.176944
1239.0 1.377624
1239.5 1.2672
1240.0 1.160176
1240.5 1.039776
1241.0 1.38128
1241.5 1.368752
1242.0 1.1464
1242.5 1.177536
1243.0 1.265408
1243.5 1.292064
1244.0 1.212896
1244.5 1.16652
1245.0 1.360688
1245.5 1.309248
1246.0 1.161456
1246.5 1.115792
1247.0 1.33368
1247.5 1.321888
1248.0 1.170112
1248.5 1.165344
1249.0 1.30748
1249.5 1.288048
1250.0 1.213848
1250.5 1.172992
1251.0 1.354104
1251.5 1.264768
1252.0 1.170016
1252.5 1.206608
1253.0 1.30168
1253.5 1.242656
1254.0 1.123792
1254.5 1.140016
1255.0 1.297528
1255.5 1.22824
1256.0 1.200544
1256.5 1.253232
1257.0 1.326016
1257.5 1.30272
1258.0 1.177552
1258.5 1.117584
1259.0 1.379912
1259.5 1.382784
1260.0 1.205952
1260.5 0.984176
1261.0 0.980032
1261.5 1.127168
1262.0 1.111936
1262.5 1.225064
1263.0 1.187424
1263.5 1.132704
1264.0 1.101328
1264.5 1.061272
1265.0 1.04684
1265.5 0.904424
1266.0 0.812768
1266.5 1.020464
1267.0 1.0108
1267.5 1.350032
1268.0 1.28496
1268.5 1.380096
1269.0 1.340552
1269.5 1.185984
1270.0 1.138032
1270.5 1.095088
1271.0 1.076
1271.5 1.104136
1272.0 1.087808
1272.5 1.448312
1273.0 1.428752
1273.5 1.154904
1274.0 1.14568
1274.5 1.035704
1275.0 1.028176
1275.5 0.96672
1276.0 0.952144
1276.5 0.969776
1277.0 0.9502
1277.5 1.2604
1278.0 1.246352
1278.5 0.865496
1279.0 0.853088
1279.5 1.155064
1280.0 1.1388
1280.5 1.264928
1281.0 1.240624
1281.5 1.183728
1282.0 1.165888
1282.5 1.037528
1283.0 1.023632
1283.5 1.301912
1284.0 1.278768
1284.5 1.22816
1285.0 1.213472
1285.5 1.184992
1286.0 1.107328
1286.5 1.016016
1287.0 1.008736
1287.5 1.202016
1288.0 1.177024
1288.5 1.151304
1289.0 1.131056
1289.5 1.06384
1290.0 1.04512
1290.5 1.06976
1291.0 1.052576
1291.5 1.168984
1292.0 1.15412
1292.5 1.06728
1293.0 1.046768
1293.5 1.115344
1294.0 1.09032
1294.5 1.124848
1295.0 1.106592
1295.5 1.153376
1296.0 1.123968
1296.5 1.06768
1297.0 1.045904
1297.5 1.221376
1298.0 1.154808
1298.5 1.186984
1299.0 1.1312
1299.5 1.214176
1300.0 1.197984
1300.5 1.024104
1301.0 1.030144
1301.5 1.341752
1302.0 1.30832
1302.5 1.06736
1303.0 1.049232
1303.5 1.098512
1304.0 1.083872
1304.5 1.168704
1305.0 1.151968
1305.5 1.26024
1306.0 1.20448
1306.5 0.950968
1307.0 0.911968
1307.5 1.40876
1308.0 1.376512
1308.5 0.988096
1309.0 0.974096
1309.5 1.117656
1310.0 1.065496
1310.5 1.137648
1311.0 1.125408
1311.5 1.1592
1312.0 1.208416
1312.5 1.119296
1313.0 1.047536
1313.5 1.191144
1314.0 1.16072
1314.5 1.012224
1315.0 0.998672
1315.5 1.242056
1316.0 1.210144
1316.5 0.926872
1317.0 0.902512
1317.5 1.62876
1318.0 1.580784
1318.5 1.142384
1319.0 1.094192
1319.5 1.074992
1320.0 1.049344
1320.5 1.085856
1321.0 1.066032
1321.5 1.279048
1322.0 1.288976
1322.5 1.060616
1323.0 1.004688
1323.5 1.259968
1324.0 1.242288
1324.5 1.094912
1325.0 1.092184
1325.5 1.27352
1326.0 1.193792
1326.5 1.12932
1327.0 1.077216
1327.5 1.110256
1328.0 1.079664
1328.5 1.755896
1329.0 1.645144
1329.5 0.719936
1330.0 0.723824
1330.5 0.89152
1331.0 0.857688
1331.5 1.103688
1332.0 1.104608
1332.5 1.335232
1333.0 1.288672
1333.5 0.79236
1334.0 0.991808
1334.5 0.840808
1335.0 1.22856
1335.5 0.88068
1336.0 1.32832
1336.5 1.440632
1337.0 0.824384
1337.5 1.098064
1338.0 1.082464
1338.5 0.92244
1339.0 0.961776
1339.5 0.751904
1340.0 0.967952
1340.5 0.857168
1341.0 1.467408
1341.5 0.881216
1342.0 1.096384
1342.5 1.091296
1343.0 0.874696
1343.5 1.322688
1344.0 1.299456
1344.5 1.217136
1345.0 1.200432
1345.5 0.982856
1346.0 0.935088
1346.5 1.193104
1347.0 1.15496
1347.5 1.055824
1348.0 1.03016
1348.5 1.044256
1349.0 1.009088
1349.5 1.1732
1350.0 1.162512
1350.5 1.252528
1351.0 1.230432
1351.5 0.978992
1352.0 0.958128
1352.5 0.918976
1353.0 1.029488
1353.5 0.839616
1354.0 1.338
1354.5 0.924312
1355.0 1.061856
1355.5 0.96296
1356.0 1.087904
1356.5 1.186608
1357.0 1.045744
1357.5 1.335064
1358.0 1.258984
1358.5 1.263592
1359.0 1.203008
1359.5 0.989568
1360.0 0.97808
1360.5 0.875184
1361.0 1.055344
1361.5 1.088376
1362.0 1.05544
1362.5 0.631696
1363.0 1.182176
1363.5 0.737528
1364.0 1.09844
1364.5 1.18224
1365.0 1.089456
1365.5 1.222112
1366.0 1.110688
1366.5 1.230056
1367.0 1.197184
1367.5 1.043496
1368.0 1.014448
1368.5 1.096616
1369.0 1.074848
1369.5 1.054096
1370.0 1.027152
1370.5 1.097704
1371.0 1.07496
1371.5 1.183144
1372.0 1.162864
1372.5 1.315776
1373.0 1.259328
1373.5 1.015072
1374.0 0.992704
1374.5 1.21644
1375.0 1.203616
1375.5 1.190592
1376.0 1.172024
1376.5 1.056224
1377.0 1.04424
1377.5 1.250016
1378.0 1.230576
1378.5 1.373544
1379.0 1.347552
1379.5 0.917648
1380.0 0.918512
1380.5 1.043936
1381.0 1.018432
1381.5 1.006408
1382.0 0.991744
1382.5 1.019184
1383.0 0.99648
1383.5 1.244208
1384.0 1.223728
1384.5 1.110896
1385.0 1.102656
1385.5 1.248352
1386.0 1.169664
1386.5 1.055656
1387.0 1.044144
1387.5 1.140936
1388.0 1.084944
1388.5 1.123296
1389.0 1.101072
1389.5 1.15896
1390.0 1.09336
1390.5 1.106728
1391.0 1.081672
1391.5 1.066616
1392.0 1.021168
1392.5 1.129848
1393.0 1.112528
1393.5 1.187384
1394.0 1.162816
1394.5 1.3414
1395.0 1.316288
1395.5 1.123376
1396.0 1.109632
1396.5 1.054128
1397.0 1.077304
1397.5 1.032464
1398.0 0.983408
1398.5 1.301112
1399.0 1.278496
1399.5 1.19432
1400.0 1.177232
1400.5 1.068496
1401.0 1.060784
1401.5 1.281376
1402.0 1.263664
1402.5 1.047384
1403.0 1.0272
1403.5 0.98104
1404.0 0.967136
1404.5 1.237632
1405.0 1.220976
1405.5 1.162136
1406.0 1.088496
1406.5 1.235568
1407.0 1.214672
1407.5 1.306896
1408.0 1.278944
1408.5 0.967424
1409.0 0.959784
1409.5 0.955056
1410.0 0.961024
1410.5 1.250784
1411.0 1.215056
1411.5 1.001344
1412.0 0.987728
1412.5 1.194312
1413.0 1.177856
1413.5 1.121296
1414.0 1.104368
1414.5 1.414624
1415.0 1.431744
1415.5 1.112784
1416.0 1.099936
1416.5 1.205584
1417.0 1.191504
1417.5 1.111784
1418.0 1.026304
1418.5 1.21836
1419.0 1.155072
1419.5 1.134448
1420.0 1.114208
1420.5 1.266544
1421.0 1.246384
1421.5 0.890928
1422.0 0.880768
1422.5 1.118736
1423.0 1.101152
1423.5 1.00736
1424.0 0.99284
1424.5 1.151808
1425.0 1.139472
1425.5 1.469728
1426.0 1.388928
1426.5 1.14344
1427.0 1.123104
1427.5 1.054336
1428.0 1.045104
1428.5 1.323864
1429.0 1.29712
1429.5 1.113056
1430.0 1.098296
1430.5 1.23448
1431.0 1.215504
1431.5 1.060784
1432.0 1.037808
1432.5 1.252416
1433.0 1.231792
1433.5 1.013128
1434.0 0.9904
1434.5 1.263728
1435.0 1.213232
1435.5 1.204032
1436.0 1.185136
1436.5 1.231096
1437.0 1.214704
1437.5 0.942616
1438.0 0.921568
1438.5 1.091888
1439.0 1.078416
1439.5 0.894608
