0.0 1.078704
0.5 1.214976
1.0 1.26664
1.5 1.225728
2.0 1.342304
2.5 1.31608
3.0 1.15132
3.5 1.200768
4.0 1.249832
4.5 1.210896
5.0 1.1888
5.5 1.179952
6.0 1.368584
6.5 1.333696
7.0 1.159896
7.5 1.16272
8.0 1.320504
8.5 1.355296
9.0 1.191592
9.5 1.12864
10.0 1.297416
10.5 1.264464
11.0 1.130824
11.5 1.186736
12.0 1.299888
12.5 1.217056
13.0 1.136184
13.5 1.178928
14.0 1.249584
14.5 1.251648
15.0 1.167776
15.5 1.16528
16.0 1.350432
16.5 1.285584
17.0 1.105424
17.5 1.125904
18.0 1.411456
18.5 1.461072
19.0 1.143072
19.5 1.12496
20.0 1.257632
20.5 1.23136
21.0 1.187488
21.5 1.179648
22.0 1.23304
22.5 1.254464
23.0 1.172832
23.5 1.164864
24.0 1.327008
24.5 1.293736
25.0 1.218448
25.5 1.22768
26.0 1.290048
26.5 1.275504
27.0 1.19264
27.5 1.114256
28.0 1.303112
28.5 1.286176
29.0 1.127728
29.5 1.13608
30.0 1.383728
30.5 1.385728
31.0 1.111288
31.5 1.120496
32.0 1.336744
32.5 1.34216
33.0 1.182864
33.5 1.190224
34.0 1.274112
34.5 1.239984
35.0 1.138064
35.5 1.096192
36.0 1.223496
36.5 1.329616
37.0 1.196
37.5 1.161808
38.0 1.37328
38.5 1.296528
39.0 1.1714
39.5 1.144928
40.0 1.250304
40.5 1.277072
41.0 1.137704
41.5 1.195168
42.0 1.275736
42.5 1.182144
43.0 1.14188
43.5 1.097648
44.0 1.281272
44.5 1.349504
45.0 1.265448
45.5 1.23736
46.0 1.318696
46.5 1.2844
47.0 1.156448
47.5 1.21664
48.0 1.31988
48.5 1.296768
49.0 1.106368
49.5 1.090416
50.0 1.3302
50.5 1.312896
51.0 1.118512
51.5 1.079232
52.0 1.300224
52.5 1.365328
53.0 1.180408
53.5 1.138368
54.0 1.386688
54.5 1.396384
55.0 1.101872
55.5 1.101584
56.0 1.38476
56.5 1.333936
57.0 1.135928
57.5 1.13164
58.0 1.350984
58.5 1.319888
59.0 1.129664
59.5 1.146656
60.0 1.348288
60.5 1.292736
61.0 1.145056
61.5 1.230112
62.0 1.239168
62.5 1.180272
63.0 1.116656
63.5 1.120448
64.0 1.313504
64.5 1.319856
65.0 1.209904
65.5 1.104496
66.0 1.114096
66.5 1.388272
67.0 1.337536
67.5 1.095424
68.0 1.24824
68.5 1.359984
69.0 1.267584
69.5 1.163072
70.0 1.132192
70.5 1.3004
71.0 1.353136
71.5 1.168224
72.0 1.121392
72.5 1.12256
73.0 1.355184
73.5 1.333536
74.0 1.1642
74.5 1.201072
75.0 1.217672
75.5 1.140368
76.0 1.105496
76.5 1.173984
77.0 1.332688
77.5 1.323488
78.0 1.107264
78.5 1.15856
79.0 0.670352
79.5 1.310736
80.0 0.735472
80.5 1.073776
81.0 1.15848
81.5 1.298736
82.0 1.206016
82.5 1.238512
83.0 1.354832
83.5 1.323152
84.0 1.169984
84.5 1.118992
85.0 1.386384
85.5 1.28672
86.0 1.116864
86.5 1.216432
87.0 1.336328
87.5 1.287904
88.0 1.212088
88.5 1.144192
89.0 1.353176
89.5 1.335008
90.0 1.068896
90.5 1.123384
91.0 1.306
91.5 1.272384
92.0 1.146456
92.5 1.129424
93.0 1.320696
93.5 1.307008
94.0 1.140616
94.5 1.156832
95.0 1.304392
95.5 1.248
96.0 1.15792
96.5 1.195152
97.0 1.314688
97.5 1.329792
98.0 1.169456
98.5 1.063664
99.0 1.390672
99.5 1.434544
100.0 1.0888
100.5 1.159216
101.0 1.37592
101.5 1.347824
102.0 1.131872
102.5 1.149968
103.0 1.30332
103.5 1.289248
104.0 1.167168
104.5 1.102688
105.0 1.36032
105.5 1.329088
106.0 1.101104
106.5 1.13344
107.0 1.296272
107.5 1.215536
108.0 1.154232
108.5 1.182144
109.0 1.248672
109.5 1.30352
110.0 1.17096
110.5 1.163872
111.0 1.319616
111.5 1.340944
112.0 1.192488
112.5 1.126336
113.0 1.274992
113.5 1.296624
114.0 1.132264
114.5 1.097568
115.0 1.271648
115.5 1.292432
116.0 1.105552
116.5 1.121536
117.0 1.398328
117.5 1.284832
118.0 1.19836
118.5 1.185584
119.0 1.345488
119.5 1.403488
120.0 1.129648
120.5 1.055712
121.0 1.310176
121.5 1.34336
122.0 1.137712
122.5 1.115264
123.0 1.323952
123.5 1.277736
124.0 1.108304
124.5 1.151856
125.0 1.47716
125.5 1.409008
126.0 1.090552
126.5 1.10464
127.0 1.306232
127.5 1.293456
128.0 1.133304
128.5 1.148992
129.0 1.282616
129.5 1.295792
130.0 1.106648
130.5 1.068128
131.0 1.282208
131.5 1.28848
132.0 1.10584
132.5 1.054496
133.0 1.351784
133.5 1.382672
134.0 1.113392
134.5 1.187616
135.0 1.354176
135.5 1.286512
136.0 1.12384
136.5 1.16232
137.0 1.351392
137.5 1.32848
138.0 1.090608
138.5 1.150352
139.0 1.323728
139.5 1.231776
140.0 1.051632
140.5 1.083872
141.0 1.393504
141.5 1.351184
142.0 1.157064
142.5 1.20168
143.0 1.319536
143.5 1.36168
144.0 1.173008
144.5 1.133728
145.0 1.438496
145.5 1.369728
146.0 1.071792
146.5 1.078352
147.0 1.411048
147.5 1.347824
148.0 1.185256
148.5 1.147936
149.0 1.107688
149.5 1.320928
150.0 1.297768
150.5 1.142272
151.0 1.210376
151.5 1.352368
152.0 1.30112
152.5 1.13728
153.0 1.089512
153.5 1.28576
154.0 1.305408
154.5 1.075088
155.0 1.161
155.5 1.308208
156.0 1.27776
156.5 1.208888
157.0 0.806896
157.5 1.174368
158.0 0.701256
158.5 1.283968
159.0 0.716592
159.5 1.096528
160.0 1.218512
160.5 1.311056
161.0 1.132392
161.5 1.148352
162.0 1.339312
162.5 1.324224
163.0 1.134264
163.5 1.193216
164.0 1.335672
164.5 1.25136
165.0 1.158968
165.5 1.187088
166.0 1.3534
166.5 1.287792
167.0 1.111952
167.5 1.129776
168.0 1.306008
168.5 1.28216
169.0 1.143872
169.5 1.116896
170.0 1.269216
170.5 1.296592
171.0 1.20632
171.5 1.174736
172.0 0.920576
172.5 0.919744
173.0 0.800424
173.5 1.351984
174.0 0.73536
174.5 1.135328
175.0 0.688768
175.5 1.271312
176.0 0.814896
176.5 1.131232
177.0 1.151616
177.5 1.271616
178.0 1.056624
178.5 1.182752
179.0 0.794064
179.5 1.332992
180.0 1.185256
180.5 1.147936
181.0 1.107688
181.5 1.320928
182.0 1.297768
182.5 1.142272
183.0 1.210376
183.5 1.352368
184.0 1.30112
184.5 1.13728
185.0 1.089512
185.5 1.28576
186.0 1.305408
186.5 1.075088
187.0 1.161
187.5 1.308208
188.0 1.27776
188.5 1.208888
189.0 0.806896
189.5 1.174368
190.0 0.701256
190.5 1.283968
191.0 0.716592
191.5 1.096528
192.0 1.218512
192.5 1.311056
193.0 1.132392
193.5 1.148352
194.0 1.339312
194.5 1.324224
195.0 1.134264
195.5 1.193216
196.0 1.335672
196.5 1.25136
197.0 1.158968
197.5 1.187088
198.0 1.3534
198.5 1.287792
199.0 1.111952
199.5 1.129776
200.0 1.306008
200.5 1.28216
201.0 1.143872
201.5 1.116896
202.0 1.269216
202.5 1.296592
203.0 1.20632
203.5 1.174736
204.0 0.920576
204.5 0.919744
205.0 0.800424
205.5 1.351984
206.0 0.73536
206.5 1.135328
207.0 0.688768
207.5 1.271312
208.0 0.814896
208.5 1.131232
209.0 1.151616
209.5 1.271616
210.0 1.056624
210.5 1.182752
211.0 0.794064
211.5 1.332992
212.0 0.689872
212.5 1.07176
213.0 1.263184
213.5 1.394848
214.0 1.086864
214.5 1.176944
215.0 1.377624
215.5 1.2672
216.0 1.160176
216.5 1.039776
217.0 1.38128
217.5 1.368752
218.0 1.1464
218.5 1.177536
219.0 1.265408
219.5 1.292064
220.0 1.212896
220.5 1.16652
221.0 1.360688
221.5 1.309248
222.0 1.161456
222.5 1.115792
223.0 1.33368
223.5 1.321888
224.0 1.170112
224.5 1.165344
225.0 1.30748
225.5 1.288048
226.0 1.213848
226.5 1.172992
227.0 1.354104
227.5 1.264768
228.0 1.170016
228.5 1.206608
229.0 1.30168
229.5 1.242656
230.0 1.123792
230.5 1.140016
231.0 1.297528
231.5 1.22824
232.0 1.200544
232.5 1.253232
233.0 1.326016
233.5 1.30272
234.0 1.177552
234.5 1.117584
235.0 1.379912
235.5 1.382784
236.0 1.186576
236.5 1.129232
237.0 1.339128
237.5 1.251344
238.0 1.247616
238.5 1.145072
239.0 1.329504
239.5 1.347232
240.0 1.180056
240.5 1.121584
241.0 1.32136
241.5 1.302544
242.0 1.112784
242.5 1.10528
243.0 1.362336
243.5 1.401808
244.0 1.19132
244.5 1.161936
245.0 1.33684
245.5 1.27624
246.0 1.080816
246.5 1.079712
247.0 1.339232
247.5 1.326352
248.0 1.152208
248.5 1.112064
249.0 1.355624
249.5 1.305728
250.0 1.127472
250.5 1.239168
251.0 1.327272
251.5 1.261968
252.0 0.71
252.5 1.121152
253.0 0.762816
253.5 1.328104
254.0 0.761008
254.5 1.171728
255.0 0.954056
255.5 1.321696
256.0 1.22112
256.5 1.100112
257.0 1.488512
257.5 1.37648
258.0 1.068032
258.5 1.11696
259.0 1.374024
259.5 1.26648
260.0 1.137792
260.5 1.157232
261.0 1.338544
261.5 1.33044
262.0 1.189904
262.5 1.091952
263.0 1.311632
263.5 1.33632
264.0 1.154784
264.5 1.149968
265.0 1.128328
265.5 1.302528
266.0 1.350304
266.5 1.147072
267.0 1.223744
267.5 1.163872
268.0 1.20744
268.5 1.175808
269.0 1.394784
269.5 1.304112
270.0 1.125264
270.5 1.129712
271.0 1.375328
271.5 1.359936
272.0 1.1896
272.5 1.10288
273.0 1.173888
273.5 1.393328
274.0 1.28176
274.5 1.146096
275.0 1.217896
275.5 1.270288
276.0 1.415688
276.5 1.184208
277.0 1.2206
277.5 1.296832
278.0 1.219384
278.5 1.118224
279.0 1.163528
279.5 1.361424
280.0 1.391464
280.5 1.095072
281.0 1.199816
281.5 1.379792
282.0 1.262952
282.5 1.071472
283.0 1.131232
283.5 1.098704
284.0 1.296296
284.5 1.350096
285.0 1.242352
285.5 1.18888
286.0 1.34272
286.5 1.28444
287.0 1.11936
287.5 1.134064
288.0 1.353728
288.5 1.330944
289.0 1.209952
289.5 1.191536
290.0 1.319392
290.5 1.29192
291.0 1.190112
291.5 1.134688
292.0 1.30012
292.5 1.3568
293.0 1.163952
293.5 1.065664
294.0 1.335416
294.5 1.31632
295.0 1.2474
295.5 1.167888
296.0 1.334288
296.5 1.331152
297.0 1.147536
297.5 1.13288
298.0 1.37188
298.5 1.29072
299.0 1.199008
299.5 1.123392
300.0 1.318672
300.5 1.369808
301.0 1.220624
301.5 1.117872
302.0 1.254208
302.5 1.317536
303.0 1.17868
303.5 1.134672
304.0 1.326096
304.5 1.358656
305.0 1.153472
305.5 1.153888
306.0 1.437424
306.5 1.261168
307.0 1.145952
307.5 1.136
308.0 1.299744
308.5 1.319216
309.0 1.220728
309.5 1.156752
310.0 1.282128
310.5 1.254368
311.0 1.184056
311.5 1.191024
312.0 1.284112
312.5 1.228816
313.0 1.12736
313.5 1.094704
314.0 1.364952
314.5 1.428736
315.0 1.17784
315.5 1.102048
316.0 1.377744
316.5 1.285328
317.0 1.159296
317.5 1.162528
318.0 1.417752
318.5 1.357504
319.0 1.176552
319.5 1.098024
320.0 1.300624
320.5 1.363696
321.0 1.144736
321.5 1.174496
322.0 1.360384
322.5 1.254928
323.0 1.185984
323.5 1.096832
324.0 1.302752
324.5 1.269056
325.0 1.130664
325.5 1.211888
326.0 1.285896
326.5 1.286848
327.0 1.18912
327.5 1.111488
328.0 1.371944
328.5 1.313552
329.0 1.191208
329.5 1.125344
330.0 1.369552
330.5 1.383312
331.0 1.150488
331.5 1.107024
332.0 1.30652
332.5 1.315968
333.0 1.18348
333.5 1.186832
334.0 1.314768
334.5 1.20776
335.0 1.144624
335.5 1.183856
336.0 1.449448
336.5 1.360208
337.0 1.168832
337.5 1.047536
338.0 1.354528
338.5 1.333904
339.0 1.176904
339.5 1.244192
340.0 1.361168
340.5 1.266944
341.0 1.123952
341.5 1.160896
342.0 1.338344
342.5 1.332752
343.0 1.14992
343.5 1.140336
344.0 1.344688
344.5 1.256752
345.0 1.15256
345.5 1.1712
346.0 1.331616
346.5 1.292192
347.0 1.068448
347.5 1.041824
348.0 1.333832
348.5 1.34336
349.0 1.195632
349.5 1.114624
350.0 1.385536
350.5 1.4412
351.0 1.233648
351.5 1.148736
352.0 1.298288
352.5 1.307736
353.0 1.123456
353.5 1.111968
354.0 1.410096
354.5 1.33464
355.0 1.124608
355.5 1.102016
356.0 1.405936
356.5 1.31152
357.0 1.084352
357.5 1.1388
358.0 1.427448
358.5 1.29032
359.0 1.180664
359.5 1.22856
360.0 0.952816
360.5 1.322816
361.0 1.30416
361.5 1.036872
362.0 1.024624
362.5 1.0096
363.0 0.998416
363.5 1.081312
364.0 1.067496
364.5 1.148352
365.0 1.067664
365.5 0.919264
366.0 0.91288
366.5 1.492736
367.0 1.421376
367.5 1.234888
368.0 1.170656
368.5 0.9806
369.0 1.002512
369.5 1.16508
370.0 1.114728
370.5 1.302112
371.0 1.27224
371.5 1.048344
372.0 1.032592
372.5 1.156328
373.0 1.13896
373.5 1.024832
374.0 1.032304
374.5 1.045952
375.0 1.034592
375.5 1.112408
376.0 1.092016
376.5 1.269616
377.0 1.221008
377.5 1.014072
378.0 0.996352
378.5 1.226496
379.0 1.201216
379.5 1.103328
380.0 1.086688
380.5 1.049064
381.0 1.030176
381.5 1.13736
382.0 1.11812
382.5 1.09068
383.0 1.079712
383.5 1.269136
384.0 1.242032
384.5 1.2528
385.0 1.175872
385.5 1.067696
386.0 1.047168
386.5 1.240008
387.0 1.21856
387.5 1.029632
388.0 1.016016
388.5 0.99976
389.0 0.981552
389.5 1.567904
390.0 1.531936
390.5 0.98816
391.0 0.980928
391.5 0.910448
392.0 0.897312
392.5 1.166472
393.0 1.143024
393.5 1.146968
394.0 1.122912
394.5 1.193424
395.0 1.177872
395.5 1.08176
396.0 1.070624
396.5 1.15444
397.0 1.085688
397.5 1.208008
398.0 1.11856
398.5 1.087944
399.0 1.110848
399.5 1.05248
400.0 1.032544
400.5 1.282368
401.0 1.236704
401.5 1.237632
402.0 1.205184
402.5 1.09296
403.0 1.127032
403.5 1.139456
404.0 1.089296
404.5 1.424752
405.0 1.351424
405.5 0.956472
406.0 0.938768
406.5 1.232464
407.0 1.218032
407.5 1.185784
408.0 1.176656
408.5 0.965008
409.0 0.951072
409.5 1.10936
410.0 1.09456
410.5 1.096504
411.0 1.076208
411.5 1.15616
412.0 1.141776
412.5 1.124376
413.0 1.107264
413.5 1.009888
414.0 1.00528
414.5 1.344048
415.0 1.298504
415.5 1.030456
416.0 1.016256
416.5 1.078312
417.0 1.0576
417.5 0.846896
418.0 0.980064
418.5 0.614336
419.0 1.1712
419.5 0.723064
420.0 1.104
420.5 1.008656
421.0 1.163344
421.5 1.1436
422.0 1.113328
422.5 1.231688
423.0 1.20024
423.5 1.175792
424.0 1.150752
424.5 1.372832
425.0 1.292448
425.5 1.04308
426.0 1.026032
426.5 1.255696
427.0 1.159624
427.5 0.98676
428.0 0.933328
428.5 1.191712
429.0 1.1704
429.5 1.056584
430.0 1.047784
430.5 1.01284
431.0 0.996816
431.5 1.27572
432.0 1.252592
432.5 1.050104
433.0 1.032704
433.5 1.094288
434.0 1.078496
434.5 1.058168
435.0 1.04608
435.5 1.03644
436.0 1.012888
436.5 1.285832
437.0 1.25196
437.5 1.125968
438.0 1.100544
438.5 1.184632
439.0 1.167328
439.5 1.26248
440.0 1.269632
440.5 1.071096
441.0 1.031088
441.5 1.170672
442.0 1.121296
442.5 1.065872
443.0 1.059952
443.5 1.046304
444.0 1.032704
444.5 1.330368
445.0 1.250064
445.5 1.077952
446.0 1.06328
446.5 1.262136
447.0 1.23016
447.5 1.19808
448.0 1.167192
448.5 1.2254
449.0 1.205088
449.5 0.996568
450.0 0.980448
450.5 1.086896
451.0 1.086864
451.5 1.038256
452.0 1.015008
452.5 0.901768
453.0 0.895792
453.5 1.35024
454.0 1.30944
454.5 1.000656
455.0 0.996688
455.5 1.216976
456.0 1.198544
456.5 1.17068
457.0 1.11032
457.5 1.162952
458.0 1.106928
458.5 1.158816
459.0 1.149664
459.5 1.214832
460.0 1.186528
460.5 1.11864
461.0 1.104576
461.5 1.157184
462.0 1.142976
462.5 1.006048
463.0 1.011768
463.5 1.22396
464.0 1.179888
464.5 1.153528
465.0 1.078768
465.5 1.17348
466.0 1.151808
466.5 1.174208
467.0 1.153232
467.5 1.114968
468.0 1.092336
468.5 1.082696
469.0 1.061096
469.5 1.19648
470.0 1.224976
470.5 1.125976
471.0 1.05144
471.5 1.174672
472.0 1.140808
472.5 1.129344
473.0 1.153776
473.5 1.179408
474.0 1.124352
474.5 1.15992
475.0 1.132816
475.5 1.312848
476.0 1.301936
476.5 0.89464
477.0 0.883344
477.5 1.62608
478.0 1.596784
478.5 1.357976
479.0 1.350736
479.5 0.8818
480.0 0.847664
480.5 0.88808
481.0 0.878456
481.5 1.042032
482.0 1.0828
482.5 1.001696
483.0 0.937008
483.5 1.211232
484.0 1.203168
484.5 1.179872
485.0 1.109824
485.5 1.131
486.0 1.115648
486.5 1.192888
487.0 1.172424
487.5 1.291624
488.0 1.149456
488.5 1.12908
489.0 1.111344
489.5 1.13512
490.0 1.094736
490.5 1.138104
491.0 1.102256
491.5 1.087592
492.0 1.062704
492.5 1.101256
493.0 1.111632
493.5 1.256
494.0 1.185584
494.5 1.098848
495.0 1.085664
495.5 1.276112
496.0 1.261064
496.5 0.949672
497.0 0.944176
497.5 1.173888
498.0 1.1648
498.5 1.064672
499.0 1.063344
499.5 1.11296
500.0 1.111216
500.5 1.11416
501.0 1.095216
501.5 1.190512
502.0 1.151848
502.5 1.046304
503.0 1.0292
503.5 1.072328
504.0 1.101584
504.5 1.0764
505.0 0.99536
505.5 1.208544
506.0 1.77016
506.5 1.628992
507.0 1.00368
507.5 0.952992
508.0 0.898304
508.5 1.058976
509.0 1.04744
509.5 1.106368
510.0 1.071632
510.5 0.927632
511.0 0.918016
511.5 1.116272
512.0 1.108752
512.5 1.306912
513.0 1.295744
513.5 1.0226
514.0 1.007928
514.5 1.20928
515.0 1.192
515.5 1.076272
516.0 1.063552
516.5 1.222632
517.0 1.142896
517.5 1.073464
518.0 1.01616
518.5 1.271504
519.0 1.263616
519.5 1.098848
520.0 1.100048
520.5 1.215328
521.0 1.182608
521.5 1.11056
522.0 1.092656
522.5 1.009136
523.0 0.993888
523.5 1.229056
524.0 1.20552
524.5 1.11328
525.0 1.059776
525.5 1.058192
526.0 1.063344
526.5 1.282776
527.0 1.239168
527.5 1.13752
528.0 1.087824
528.5 1.201616
529.0 1.193192
529.5 1.093056
530.0 1.113728
530.5 1.149584
531.0 1.099488
531.5 1.109392
532.0 1.098768
532.5 1.142432
533.0 1.11744
533.5 1.085672
534.0 1.085728
534.5 1.111656
535.0 1.070952
535.5 0.970264
536.0 0.95288
536.5 1.286464
537.0 1.270848
537.5 1.072528
538.0 1.06
538.5 1.145232
539.0 1.132176
539.5 1.097104
540.0 1.2992
540.5 0.136744
541.0 1.051104
541.5 0.230648
542.0 1.300608
542.5 0.128976
543.0 1.10712
543.5 0.175248
544.0 1.31792
544.5 0.144856
545.0 1.07888
545.5 0.172168
546.0 1.307264
546.5 0.145624
547.0 1.106952
547.5 0.174808
548.0 1.294432
548.5 0.129032
549.0 1.07104
549.5 0.1672
550.0 1.240432
550.5 0.135936
551.0 1.176128
551.5 0.194184
552.0 1.276
552.5 0.136704
553.0 1.087344
553.5 0.169352
554.0 1.309728
554.5 0.137712
555.0 1.113376
555.5 0.173864
556.0 1.285776
556.5 0.155056
557.0 1.087888
557.5 0.154632
558.0 1.198352
558.5 0.161664
559.0 1.166176
559.5 0.150984
560.0 1.253488
560.5 0.160168
561.0 1.207536
561.5 0.20556
562.0 1.159808
562.5 0.164424
563.0 1.204464
563.5 0.14164
564.0 1.170352
564.5 0.261056
565.0 1.250992
565.5 0.137464
566.0 1.16864
566.5 0.273104
567.0 1.28976
567.5 0.264424
568.0 1.153952
568.5 0.177016
569.0 1.379792
569.5 0.135568
570.0 1.091488
570.5 0.171
571.0 1.181248
571.5 0.266024
572.0 1.14556
572.5 3.346264
573.0 1.344112
573.5 1.244008
574.0 1.162992
574.5 1.361192
575.0 1.35376
575.5 1.1322
576.0 1.110544
576.5 1.488144
577.0 1.398192
577.5 1.218568
578.0 1.216528
578.5 0.968232
579.0 1.017136
579.5 1.225464
580.0 1.16436
580.5 1.22408
581.0 1.232496
581.5 1.230072
582.0 1.14016
582.5 1.158504
583.0 1.152368
583.5 1.304216
584.0 1.30392
584.5 1.099176
585.0 1.061072
585.5 1.335592
586.0 1.334272
586.5 1.178432
587.0 1.1758
587.5 1.198184
588.0 1.181872
588.5 1.10016
589.0 1.088496
589.5 1.248944
590.0 1.246208
590.5 1.28688
591.0 1.280128
591.5 1.184944
592.0 1.180272
592.5 1.262008
593.0 1.263712
593.5 1.327992
594.0 1.324224
594.5 1.2878
595.0 1.197216
595.5 1.251112
596.0 1.222432
596.5 1.268768
597.0 1.237616
597.5 1.323056
598.0 1.287416
598.5 1.200088
599.0 1.214096
599.5 1.096216
600.0 1.065744
600.5 1.281928
601.0 1.248384
601.5 1.243896
602.0 1.171704
602.5 1.295336
603.0 1.291952
603.5 1.254136
604.0 1.254928
604.5 1.167864
605.0 1.283152
605.5 1.239048
606.0 1.17376
606.5 1.258256
607.0 1.255
607.5 0.56044
608.0 0.545776
608.5 1.536712
609.0 1.551296
609.5 1.51108
610.0 1.57136
610.5 1.137288
611.0 1.379456
611.5 0.829352
612.0 1.288592
612.5 0.94768
613.0 1.215896
613.5 0.773176
614.0 1.467488
614.5 1.225896
615.0 1.266752
615.5 1.36272
616.0 1.156016
616.5 1.07284
617.0 1.191456
617.5 1.5174
618.0 1.083704
618.5 0.930784
619.0 1.103864
619.5 0.77096
620.0 1.595232
620.5 1.546792
621.0 1.111552
621.5 1.075016
622.0 1.17488
622.5 0.94828
623.0 1.063104
623.5 1.471528
624.0 1.2264
624.5 1.26928
625.0 1.199656
625.5 1.285952
626.0 1.196816
626.5 1.321472
627.0 1.246016
627.5 1.390272
628.0 1.257056
628.5 1.05832
629.0 1.100208
629.5 1.400352
630.0 1.357568
630.5 1.167744
631.0 1.104704
631.5 0.709096
632.0 1.364896
632.5 0.580656
633.0 1.202936
633.5 1.338056
634.0 1.440048
634.5 1.228216
635.0 1.316304
635.5 0.819512
636.0 1.146144
636.5 0.874176
637.0 1.14272
637.5 1.357792
638.0 1.307104
638.5 1.139432
639.0 1.16616
639.5 0.69244
640.0 1.249984
640.5 0.650968
641.0 1.166416
641.5 1.458784
642.0 1.383712
642.5 1.132896
643.0 1.15208
643.5 0.995632
644.0 1.369088
644.5 0.88052
645.0 0.946816
645.5 0.685176
646.0 1.319
646.5 0.73
647.0 1.278
647.5 0.925176
648.0 1.052336
648.5 0.787376
649.0 1.261632
649.5 0.729648
650.0 1.201328
650.5 0.701736
651.0 1.155792
651.5 0.615944
652.0 1.37728
652.5 0.851072
653.0 1.243568
653.5 0.811312
654.0 1.254688
654.5 0.73804
655.0 1.132432
655.5 0.978224
656.0 1.23704
656.5 0.906944
657.0 1.003792
657.5 0.70684
658.0 1.408832
658.5 0.701448
659.0 1.284968
659.5 1.034576
660.0 1.278336
660.5 0.904968
661.0 1.188784
661.5 1.086592
662.0 1.165744
662.5 0.754656
663.0 1.191696
663.5 1.178864
664.0 1.252944
664.5 0.952264
665.0 1.142896
665.5 1.077304
666.0 1.327376
666.5 1.449872
667.0 1.291568
667.5 1.152448
668.0 1.16696
668.5 0.710432
669.0 1.088304
669.5 1.444192
670.0 1.348144
670.5 1.796464
671.0 1.311664
671.5 1.173192
672.0 1.128672
672.5 1.089488
673.0 1.091736
673.5 1.328528
674.0 1.309664
674.5 1.169768
675.0 1.198752
675.5 1.211304
676.0 1.14376
676.5 1.114184
677.0 1.044224
677.5 1.059848
678.0 1.330832
678.5 1.8112
679.0 1.43132
679.5 0.983256
680.0 1.278608
680.5 1.927136
681.0 1.505136
681.5 1.082432
682.0 0.990512
682.5 1.026168
683.0 1.043488
683.5 1.311456
684.0 1.28896
684.5 1.283512
685.0 1.141568
685.5 1.219432
686.0 1.235552
686.5 1.127864
687.0 1.112352
687.5 1.308856
688.0 1.273232
688.5 1.232088
689.0 1.233376
689.5 1.231128
690.0 1.1928
690.5 1.15264
691.0 1.167728
691.5 1.266864
692.0 1.237328
692.5 1.237112
693.0 1.237264
693.5 1.165448
694.0 1.108096
694.5 1.25796
695.0 1.248224
695.5 1.344864
696.0 1.323712
696.5 1.798864
697.0 1.600968
697.5 1.085208
698.0 1.125168
698.5 1.172864
699.0 1.14736
699.5 1.110696
700.0 1.041664
700.5 1.281304
701.0 1.311696
701.5 1.140744
702.0 1.021088
702.5 1.639768
703.0 1.572736
703.5 1.162424
704.0 1.154464
704.5 1.267912
705.0 1.28256
705.5 0.991272
706.0 0.965936
706.5 1.402648
707.0 1.413168
707.5 1.219568
708.0 1.13904
708.5 1.216512
709.0 1.167664
709.5 1.335888
710.0 1.332784
710.5 1.415936
711.0 1.324896
711.5 1.180424
712.0 1.168648
712.5 1.062568
713.0 1.057568
713.5 1.382424
714.0 1.364688
714.5 1.14596
715.0 1.082912
715.5 1.311376
716.0 1.285776
716.5 1.385312
717.0 1.296792
717.5 1.095456
718.0 1.07672
718.5 1.147688
719.0 1.18432
719.5 1.202856
720.0 1.03136
720.5 1.082136
721.0 1.041088
721.5 0.96024
722.0 1.13872
722.5 1.135056
723.0 1.100224
723.5 1.119728
724.0 1.463664
724.5 1.403376
725.0 1.136128
725.5 1.11544
726.0 1.001176
726.5 0.948928
727.0 0.99172
727.5 0.932352
728.0 1.182512
728.5 1.167296
729.0 1.184096
729.5 1.163568
730.0 1.064656
730.5 1.131248
731.0 1.229312
731.5 1.1436
732.0 1.082536
732.5 1.06664
733.0 0.996352
733.5 0.9992
734.0 1.306368
734.5 1.233664
735.0 1.069928
735.5 1.119512
736.0 1.222816
736.5 1.165024
737.0 1.120464
737.5 1.08528
738.0 1.137808
738.5 1.1248
739.0 1.066032
739.5 1.058336
740.0 1.25396
740.5 1.22048
741.0 1.090544
741.5 1.071704
742.0 1.201832
742.5 1.187344
743.0 1.106136
743.5 1.098
744.0 1.13956
744.5 1.11928
745.0 1.089752
745.5 1.076848
746.0 1.083792
746.5 1.089712
747.0 1.295792
747.5 1.251968
748.0 0.930032
748.5 0.921424
749.0 1.06636
749.5 1.059376
750.0 0.9364
750.5 0.931616
751.0 1.19792
751.5 1.188944
752.0 1.161712
752.5 1.160544
753.0 1.3156
753.5 1.305064
754.0 1.048224
754.5 0.986592
755.0 1.231064
755.5 1.198352
756.0 1.200336
756.5 1.139792
757.0 1.261952
757.5 1.256848
758.0 1.187608
758.5 1.112192
759.0 1.219368
759.5 1.176992
760.0 0.923376
760.5 0.910592
761.0 1.043536
761.5 1.047792
762.0 1.040408
762.5 1.019536
763.0 1.18996
763.5 1.191936
764.0 1.190136
764.5 1.151328
765.0 1.142392
765.5 1.123696
766.0 1.02744
766.5 1.058304
767.0 0.924
767.5 0.91312
768.0 1.19364
768.5 1.145832
769.0 1.095904
769.5 1.074784
770.0 1.152432
770.5 1.172112
771.0 1.199712
771.5 1.148384
772.0 1.122912
772.5 1.111024
773.0 1.352088
773.5 1.3304
774.0 1.065744
774.5 0.9818
775.0 1.209984
775.5 1.202064
776.0 1.134432
776.5 1.09888
777.0 1.146944
777.5 1.128048
778.0 1.002432
778.5 0.9952
779.0 1.162512
779.5 1.156736
780.0 1.08364
780.5 1.047584
781.0 1.206512
781.5 1.187616
782.0 1.096544
782.5 1.092736
783.0 1.113864
783.5 1.108544
784.0 1.191024
784.5 1.175776
785.0 0.9596
785.5 0.943872
786.0 1.299544
786.5 1.241928
787.0 1.114552
787.5 1.057488
788.0 1.247424
788.5 1.2308
789.0 1.05984
789.5 1.111288
790.0 1.19432
790.5 1.115904
791.0 1.11112
791.5 1.096496
792.0 1.27488
792.5 1.171896
793.0 1.133984
793.5 1.109616
794.0 1.300824
794.5 1.195936
795.0 1.226848
795.5 1.203456
796.0 1.047464
796.5 1.04192
797.0 1.137376
797.5 1.137008
798.0 1.140568
798.5 1.099872
799.0 1.026088
799.5 1.005504
800.0 1.265192
800.5 1.24632
801.0 1.310336
801.5 1.278296
802.0 1.043984
802.5 1.036128
803.0 1.016808
803.5 0.996128
804.0 1.079008
804.5 1.065936
805.0 1.01928
805.5 1.028848
806.0 1.26148
806.5 1.22112
807.0 0.952784
807.5 1.016648
808.0 1.358832
808.5 1.27128
809.0 1.166592
809.5 1.146672
810.0 1.044656
810.5 1.031632
811.0 1.045048
811.5 1.022496
812.0 1.152048
812.5 1.140848
813.0 1.222928
813.5 1.202304
814.0 1.285144
814.5 1.210416
815.0 1.147616
815.5 1.10944
816.0 1.145104
816.5 1.093168
817.0 1.131224
817.5 1.074144
818.0 0.991856
818.5 1.003648
819.0 1.211432
819.5 1.163976
820.0 1.168488
820.5 1.153344
821.0 1.06812
821.5 1.04752
822.0 1.08732
822.5 1.075088
823.0 1.16052
823.5 1.142128
824.0 1.070064
824.5 1.057216
825.0 1.035224
825.5 1.025184
826.0 1.176096
826.5 1.188752
827.0 1.258648
827.5 1.2096
828.0 1.14112
828.5 1.139112
829.0 1.169912
829.5 1.186152
830.0 1.128784
830.5 1.13008
831.0 1.119488
831.5 1.112912
832.0 1.196392
832.5 1.187888
833.0 1.098024
833.5 1.080224
834.0 1.181568
834.5 1.140728
835.0 1.012176
835.5 0.977008
836.0 1.332944
836.5 1.320016
837.0 1.025616
837.5 1.013536
838.0 1.21744
838.5 1.191152
839.0 1.039088
839.5 1.023616
840.0 1.114648
840.5 1.103032
841.0 1.03104
841.5 1.01704
842.0 1.169208
842.5 1.148272
843.0 1.281896
843.5 1.265456
844.0 0.992688
844.5 1.077072
845.0 1.153968
845.5 1.047488
846.0 1.169368
846.5 1.108304
847.0 1.215648
847.5 1.149264
848.0 1.037568
848.5 1.021984
849.0 1.19208
849.5 1.18248
850.0 1.130656
850.5 1.118416
851.0 1.265504
851.5 1.248528
852.0 0.960128
852.5 0.951768
853.0 1.206136
853.5 1.182736
854.0 1.190704
854.5 1.11456
855.0 1.24764
855.5 1.237232
856.0 1.132992
856.5 1.171424
857.0 1.089016
857.5 1.048
858.0 1.036832
858.5 1.016928
859.0 1.146208
859.5 1.118624
860.0 1.065232
860.5 1.049776
861.0 1.273568
861.5 1.25072
862.0 1.135816
862.5 1.129488
863.0 1.066008
863.5 1.037056
864.0 1.213592
864.5 1.193168
865.0 1.010664
865.5 0.992912
866.0 1.115024
866.5 1.09528
867.0 1.244808
867.5 1.218504
868.0 1.031936
868.5 1.018144
869.0 1.211856
869.5 1.209184
870.0 1.119024
870.5 1.094864
871.0 1.151584
871.5 1.143872
872.0 1.055184
872.5 1.038496
873.0 1.081328
873.5 1.064024
874.0 1.145408
874.5 1.063328
875.0 1.21016
875.5 1.187344
876.0 1.080656
876.5 1.022424
877.0 1.169224
877.5 1.109536
878.0 1.086776
878.5 1.084848
879.0 1.276184
879.5 1.236544
880.0 1.076392
880.5 1.062064
881.0 1.1478
881.5 1.112144
882.0 1.125272
882.5 1.10352
883.0 1.332752
883.5 1.319824
884.0 1.159136
884.5 1.14792
885.0 1.279352
885.5 1.224904
886.0 1.103376
886.5 1.089104
887.0 1.239736
887.5 1.221824
888.0 1.107088
888.5 1.088272
889.0 1.233872
889.5 1.208608
890.0 1.018536
890.5 1.01424
891.0 1.25864
891.5 1.226624
892.0 1.712192
892.5 1.669888
893.0 0.747416
893.5 0.723344
894.0 1.163416
894.5 1.083024
895.0 0.881504
895.5 0.826784
896.0 0.968
896.5 0.952336
897.0 1.3222
897.5 1.285296
898.0 1.23048
898.5 1.1924
899.0 1.073792
899.5 1.064864
900.0 1.119552
900.5 1.484144
901.0 1.414832
901.5 1.04988
902.0 1.03352
902.5 1.291064
903.0 1.259984
903.5 1.237328
904.0 1.18288
904.5 1.358984
905.0 1.320624
905.5 1.209592
906.0 1.202456
906.5 1.176992
907.0 1.212352
907.5 1.320712
908.0 1.1876
908.5 1.046928
909.0 1.32416
909.5 1.631784
910.0 1.242528
910.5 1.036008
911.0 1.209248
911.5 1.409704
912.0 1.175456
912.5 1.187104
913.0 1.229312
913.5 1.14312
914.0 1.078576
914.5 1.453744
915.0 1.365096
915.5 1.408752
916.0 1.337296
916.5 1.04664
917.0 1.063544
917.5 1.335704
918.0 1.214208
918.5 1.071872
919.0 1.03564
919.5 1.256632
920.0 1.252896
920.5 0.884608
921.0 1.161408
921.5 1.536776
922.0 1.292296
922.5 0.991048
923.0 1.128368
923.5 1.674856
924.0 1.303712
924.5 1.171256
925.0 1.323864
925.5 1.434472
926.0 1.211648
926.5 1.099872
927.0 1.207264
927.5 1.7084
928.0 1.408016
928.5 1.005128
929.0 1.162896
929.5 1.514016
930.0 1.280944
930.5 1.017952
931.0 1.1336
931.5 1.374776
932.0 1.175936
932.5 1.323256
933.0 1.364352
933.5 1.216952
934.0 1.120912
934.5 1.123504
935.0 1.103936
935.5 1.29364
936.0 1.2796
936.5 1.198728
937.0 1.178928
937.5 1.379776
938.0 1.332352
938.5 1.236328
939.0 1.177552
939.5 1.214776
940.0 1.22584
940.5 1.19348
941.0 1.15784
941.5 1.1958
942.0 1.19092
942.5 1.009152
943.0 1.376528
943.5 1.8846
944.0 1.32112
944.5 1.054648
945.0 1.058176
945.5 1.265608
946.0 1.286144
946.5 1.255448
947.0 1.178144
947.5 1.193368
948.0 1.206384
948.5 1.205376
949.0 1.206272
949.5 1.02936
950.0 1.021248
950.5 1.280008
951.0 1.268688
951.5 1.495248
952.0 1.439312
952.5 1.225472
953.0 1.20488
953.5 1.513576
954.0 1.462176
954.5 1.159488
955.0 1.159104
955.5 1.293592
956.0 1.262688
956.5 1.206304
957.0 1.106944
957.5 1.412768
958.0 1.307088
958.5 1.177848
959.0 1.075392
959.5 1.172296
960.0 1.170096
960.5 1.173168
961.0 1.170272
961.5 1.719248
962.0 1.58432
962.5 1.006608
963.0 0.984496
963.5 1.661688
964.0 1.495808
964.5 0.998664
965.0 0.945488
965.5 1.448712
966.0 1.40576
966.5 1.298472
967.0 1.221808
967.5 0.725648
968.0 1.2844
968.5 1.557112
969.0 1.179616
969.5 1.446184
970.0 1.113952
970.5 0.94636
971.0 0.937296
971.5 1.466608
972.0 1.388392
972.5 1.051424
973.0 1.077248
973.5 1.006256
974.0 1.419616
974.5 1.891768
975.0 1.344768
975.5 1.335296
976.0 1.256704
976.5 1.182536
977.0 1.166656
977.5 1.168856
978.0 1.1684
978.5 1.018488
979.0 0.99512
979.5 1.126536
980.0 1.376832
980.5 1.521632
981.0 1.208224
981.5 1.385592
982.0 1.344208
982.5 1.213064
983.0 1.167024
983.5 1.28512
984.0 1.183248
984.5 1.16032
985.0 1.147728
985.5 1.372656
986.0 1.344032
986.5 1.053472
987.0 1.25912
987.5 1.590152
988.0 1.299184
988.5 1.313784
989.0 1.215744
989.5 1.385584
990.0 1.328112
990.5 1.200784
991.0 1.18664
991.5 1.30872
992.0 1.293568
992.5 1.182256
993.0 1.16056
993.5 0.931536
994.0 1.251568
994.5 1.664016
995.0 1.270432
995.5 0.680216
996.0 1.00528
996.5 1.653976
997.0 1.259696
997.5 0.988184
998.0 1.260624
998.5 1.871352
999.0 1.448704
999.5 1.087664
1000.0 1.29784
1000.5 0.727072
1001.0 1.148688
1001.5 0.6264
1002.0 0.95216
1002.5 1.660688
1003.0 1.382608
1003.5 1.024272
1004.0 1.139472
1004.5 1.610448
1005.0 1.36516
1005.5 1.211416
1006.0 1.344944
1006.5 1.282552
1007.0 1.268992
1007.5 1.451872
1008.0 0.98768
1008.5 0.985256
1009.0 0.963712
1009.5 0.793728
1010.0 0.960128
1010.5 1.129664
1011.0 1.346928
1011.5 0.569208
1012.0 1.290688
1012.5 0.340432
1013.0 1.601536
1013.5 2.80468
1014.0 1.317296
1014.5 1.130032
1015.0 1.227872
1015.5 0.853968
1016.0 1.083856
1016.5 1.034912
1017.0 1.058112
1017.5 1.097176
1018.0 1.164744
1018.5 0.647512
1019.0 1.466512
1019.5 0.980248
1020.0 1.564
1020.5 0.833248
1021.0 1.07276
1021.5 0.731816
1022.0 1.08608
1022.5 0.485608
1023.0 1.494792
1023.5 1.283936
1024.0 1.195384
1024.5 0.817352
1025.0 1.502928
1025.5 0.920632
1026.0 1.235296
1026.5 0.788504
1027.0 0.886064
1027.5 0.5642
1028.0 1.172432
1028.5 1.29836
1029.0 1.29992
1029.5 0.903976
1030.0 0.979456
1030.5 0.94748
1031.0 1.144848
1031.5 0.731256
1032.0 0.977056
1032.5 1.005472
1033.0 1.545584
1033.5 0.759744
1034.0 1.074128
1034.5 0.84508
1035.0 1.292352
1035.5 0.593088
1036.0 1.175904
1036.5 0.87288
1037.0 1.315232
1037.5 0.644544
1038.0 1.056872
1038.5 1.184448
1039.0 1.327168
1039.5 0.967096
1040.0 1.169944
1040.5 1.491904
1041.0 1.373424
1041.5 1.73008
1042.0 1.441104
1042.5 1.299512
1043.0 1.230744
1043.5 1.090016
1044.0 1.008296
1044.5 1.515928
1045.0 1.458896
1045.5 0.977776
1046.0 0.974224
1046.5 1.207344
1047.0 1.085544
1047.5 1.1118
1048.0 1.15752
1048.5 1.009752
1049.0 1.108176
1049.5 1.484776
1050.0 1.28784
1050.5 1.226184
1051.0 1.241248
1051.5 1.120232
1052.0 1.084624
1052.5 1.260792
1053.0 1.24056
1053.5 1.033856
1054.0 1.099408
1054.5 1.477792
1055.0 1.41112
1055.5 1.259504
1056.0 1.211088
1056.5 1.278328
1057.0 1.314464
1057.5 1.38204
1058.0 1.253408
1058.5 1.042328
1059.0 1.253504
1059.5 1.795008
1060.0 1.49888
1060.5 0.805096
1061.0 1.558592
1061.5 2.017608
1062.0 1.044672
1062.5 0.865896
1063.0 1.14128
1063.5 1.721936
1064.0 1.267776
1064.5 0.838168
1065.0 1.002608
1065.5 1.334048
1066.0 1.12064
1066.5 1.19384
1067.0 1.383472
1067.5 1.404096
1068.0 1.15712
1068.5 1.01976
1069.0 1.15904
1069.5 1.468992
1070.0 1.278096
1070.5 0.980136
1071.0 1.089976
1071.5 1.807744
1072.0 1.591824
1072.5 1.030536
1073.0 1.098176
1073.5 1.090944
1074.0 1.001456
1074.5 1.346872
1075.0 1.398624
1075.5 1.410296
1076.0 1.28656
1076.5 1.112
1077.0 1.021312
1077.5 1.311072
1078.0 1.252912
1078.5 1.135664
1079.0 1.140624
1079.5 1.44068
1080.0 1.089104
1080.5 1.239736
1081.0 1.221824
1081.5 1.107088
1082.0 1.088272
1082.5 1.233872
1083.0 1.208608
1083.5 1.018536
1084.0 1.01424
1084.5 1.25864
1085.0 1.226624
1085.5 1.712192
1086.0 1.669888
1086.5 0.747416
1087.0 0.723344
1087.5 1.163416
1088.0 1.083024
1088.5 0.881504
1089.0 0.826784
1089.5 0.968
1090.0 0.952336
1090.5 1.3222
1091.0 1.285296
1091.5 1.23048
1092.0 1.1924
1092.5 1.073792
1093.0 1.064864
1093.5 0.877336
1094.0 0.840488
1094.5 1.529216
1095.0 1.491712
1095.5 0.98368
1096.0 0.966688
1096.5 1.033032
1097.0 1.124128
1097.5 1.16408
1098.0 1.034144
1098.5 1.08536
1099.0 1.07376
1099.5 1.361568
1100.0 1.280264
1100.5 1.170344
1101.0 1.098368
1101.5 1.589328
1102.0 1.594496
1102.5 0.85568
1103.0 0.801904
1103.5 1.047576
1104.0 1.025072
1104.5 0.922512
1105.0 0.892624
1105.5 1.366944
1106.0 1.331872
1106.5 0.788968
1107.0 0.774224
1107.5 1.308488
1108.0 1.226064
1108.5 1.066568
1109.0 1.039728
1109.5 1.33236
1110.0 1.3068
1110.5 0.941176
1111.0 0.920176
1111.5 1.209672
1112.0 1.186488
1112.5 1.092216
1113.0 1.0768
1113.5 1.32972
1114.0 1.307072
1114.5 1.128176
1115.0 1.105856
1115.5 1.093712
1116.0 1.070064
1116.5 1.350624
1117.0 1.326864
1117.5 1.11912
1118.0 1.09568
1118.5 0.948576
1119.0 0.940384
1119.5 1.161024
1120.0 1.134112
1120.5 1.050624
1121.0 1.035248
1121.5 1.23316
1122.0 1.195584
1122.5 0.963008
1123.0 0.952816
1123.5 1.322816
1124.0 1.30416
1124.5 1.036872
1125.0 1.024624
1125.5 1.0096
1126.0 0.998416
1126.5 1.081312
1127.0 1.067496
1127.5 1.148352
1128.0 1.067664
1128.5 0.919264
1129.0 0.91288
1129.5 1.492736
1130.0 1.421376
1130.5 1.234888
1131.0 1.170656
1131.5 0.9806
1132.0 1.002512
1132.5 1.16508
1133.0 1.114728
1133.5 1.302112
1134.0 1.27224
1134.5 1.048344
1135.0 1.032592
1135.5 1.156328
1136.0 1.13896
1136.5 1.024832
1137.0 1.032304
1137.5 1.045952
1138.0 1.034592
1138.5 1.112408
1139.0 1.092016
1139.5 1.269616
1140.0 1.221008
1140.5 1.014072
1141.0 0.996352
1141.5 1.226496
1142.0 1.201216
1142.5 1.103328
1143.0 1.086688
1143.5 1.049064
1144.0 1.030176
1144.5 1.13736
1145.0 1.11812
1145.5 1.09068
1146.0 1.079712
1146.5 1.269136
1147.0 1.242032
1147.5 1.2528
1148.0 1.175872
1148.5 1.067696
1149.0 1.047168
1149.5 1.240008
1150.0 1.21856
1150.5 1.029632
1151.0 1.016016
1151.5 0.99976
1152.0 0.981552
1152.5 1.567904
1153.0 1.531936
1153.5 0.98816
1154.0 0.980928
1154.5 0.910448
1155.0 0.897312
1155.5 1.166472
1156.0 1.143024
1156.5 1.146968
1157.0 1.122912
1157.5 1.193424
1158.0 1.177872
1158.5 1.08176
1159.0 1.070624
1159.5 1.15444
1160.0 1.085688
1160.5 1.208008
1161.0 1.11856
1161.5 1.087944
1162.0 1.110848
1162.5 1.05248
1163.0 1.032544
1163.5 1.282368
1164.0 1.236704
1164.5 1.237632
1165.0 1.205184
1165.5 1.09296
1166.0 1.127032
1166.5 1.139456
1167.0 1.089296
1167.5 1.424752
1168.0 1.351424
1168.5 0.956472
1169.0 0.938768
1169.5 1.232464
1170.0 1.218032
1170.5 1.185784
1171.0 1.176656
1171.5 0.965008
1172.0 0.951072
1172.5 1.10936
1173.0 1.09456
1173.5 1.096504
1174.0 1.076208
1174.5 1.15616
1175.0 1.141776
1175.5 1.124376
1176.0 1.107264
1176.5 1.009888
1177.0 1.00528
1177.5 1.344048
1178.0 1.298504
1178.5 1.030456
1179.0 1.016256
1179.5 1.078312
1180.0 1.0576
1180.5 0.846896
1181.0 0.980064
1181.5 0.614336
1182.0 1.1712
1182.5 0.723064
1183.0 1.104
1183.5 1.008656
1184.0 1.163344
1184.5 1.1436
1185.0 1.113328
1185.5 1.231688
1186.0 1.20024
1186.5 1.175792
1187.0 1.150752
1187.5 1.372832
1188.0 1.292448
1188.5 1.04308
1189.0 1.026032
1189.5 1.255696
1190.0 1.159624
1190.5 0.98676
1191.0 0.933328
1191.5 1.191712
1192.0 1.1704
1192.5 1.056584
1193.0 1.047784
1193.5 1.01284
1194.0 0.996816
1194.5 1.27572
1195.0 1.252592
1195.5 1.050104
1196.0 1.032704
1196.5 1.094288
1197.0 1.078496
1197.5 1.058168
1198.0 1.04608
1198.5 1.03644
1199.0 1.012888
1199.5 1.285832
1200.0 1.25196
1200.5 1.125968
1201.0 1.100544
1201.5 1.184632
1202.0 1.167328
1202.5 1.26248
1203.0 1.269632
1203.5 1.071096
1204.0 1.031088
1204.5 1.170672
1205.0 1.121296
1205.5 1.065872
1206.0 1.059952
1206.5 1.046304
1207.0 1.032704
1207.5 1.330368
1208.0 1.250064
1208.5 1.077952
1209.0 1.06328
1209.5 1.262136
1210.0 1.23016
1210.5 1.19808
1211.0 1.167192
1211.5 1.2254
1212.0 1.205088
1212.5 0.996568
1213.0 0.980448
1213.5 1.086896
1214.0 1.086864
1214.5 1.038256
1215.0 1.015008
1215.5 0.901768
1216.0 0.895792
1216.5 1.35024
1217.0 1.30944
1217.5 1.000656
1218.0 0.996688
1218.5 1.216976
1219.0 1.198544
1219.5 1.17068
1220.0 1.11032
1220.5 1.162952
1221.0 1.106928
1221.5 1.158816
1222.0 1.149664
1222.5 1.214832
1223.0 1.186528
1223.5 1.11864
1224.0 1.104576
1224.5 1.157184
1225.0 1.142976
1225.5 1.006048
1226.0 1.011768
1226.5 1.22396
1227.0 1.179888
1227.5 1.153528
1228.0 1.078768
1228.5 1.17348
1229.0 1.151808
1229.5 1.174208
1230.0 1.153232
1230.5 1.114968
1231.0 1.092336
1231.5 1.082696
1232.0 1.061096
1232.5 1.19648
1233.0 1.224976
1233.5 1.125976
1234.0 1.05144
1234.5 1.174672
1235.0 1.140808
1235.5 1.129344
1236.0 1.153776
1236.5 1.179408
1237.0 1.124352
1237.5 1.15992
1238.0 1.132816
1238.5 1.312848
1239.0 1.301936
1239.5 0.89464
1240.0 0.883344
1240.5 1.62608
1241.0 1.596784
1241.5 1.357976
1242.0 1.350736
1242.5 0.8818
1243.0 0.847664
1243.5 0.88808
1244.0 0.878456
1244.5 1.042032
1245.0 1.0828
1245.5 1.001696
1246.0 0.937008
1246.5 1.211232
1247.0 1.203168
1247.5 1.179872
1248.0 1.109824
1248.5 1.131
1249.0 1.115648
1249.5 1.192888
1250.0 1.172424
1250.5 1.291624
1251.0 1.149456
1251.5 1.12908
1252.0 1.111344
1252.5 1.13512
1253.0 1.094736
1253.5 1.138104
1254.0 1.102256
1254.5 1.087592
1255.0 1.062704
1255.5 1.101256
1256.0 1.111632
1256.5 1.256
1257.0 1.185584
1257.5 1.098848
1258.0 1.085664
1258.5 1.276112
1259.0 1.261064
1259.5 0.949672
1260.0 1.57436
1260.5 1.4428
1261.0 1.181224
1261.5 1.140008
1262.0 1.114912
1262.5 1.094576
1263.0 0.935384
1263.5 0.926208
1264.0 0.967688
1264.5 0.953344
1265.0 0.966984
1265.5 0.966216
1266.0 1.800592
1266.5 1.6956
1267.0 0.926064
1267.5 0.90724
1268.0 1.062832
1268.5 1.049024
1269.0 0.952464
1269.5 0.975872
1270.0 1.277192
1270.5 1.225888
1271.0 1.324264
1271.5 1.313056
1272.0 1.015384
1272.5 1.008016
1273.0 1.089712
1273.5 1.05952
1274.0 0.898624
1274.5 0.88984
1275.0 1.201448
1275.5 1.174512
1276.0 1.151984
1276.5 1.124944
1277.0 1.205152
1277.5 1.180832
1278.0 0.93596
1278.5 0.91504
1279.0 1.039648
1279.5 1.035224
1280.0 1.238944
1280.5 1.16928
1281.0 1.238488
1281.5 1.218496
1282.0 1.08784
1282.5 1.031232
1283.0 1.296568
1283.5 1.239072
1284.0 1.90048
1284.5 1.893952
1285.0 0.788184
1285.5 0.7644
1286.0 0.833976
1286.5 0.828176
1287.0 1.173288
1287.5 1.151184
1288.0 1.023384
1288.5 1.011424
1289.0 1.465832
1289.5 1.447616
1290.0 0.938288
1290.5 0.931824
1291.0 1.126096
1291.5 1.117264
1292.0 0.90896
1292.5 0.89376
1293.0 1.041464
1293.5 1.029536
1294.0 1.103456
1294.5 1.092696
1295.0 1.1124
1295.5 1.104368
1296.0 0.751616
1296.5 1.131984
1297.0 0.60992
1297.5 1.093264
1298.0 0.801184
1298.5 1.0724
1299.0 1.203376
1299.5 1.245808
1300.0 0.95892
1300.5 1.10068
1301.0 1.020704
1301.5 1.224
1302.0 0.716176
1302.5 0.96536
1303.0 1.155648
1303.5 1.098288
1304.0 1.196
1304.5 1.17176
1305.0 1.135496
1305.5 1.128128
1306.0 1.06336
1306.5 1.023824
1307.0 1.183224
1307.5 1.163136
1308.0 1.114984
1308.5 1.098784
1309.0 1.171752
1309.5 1.177712
1310.0 1.006784
1310.5 0.972192
1311.0 1.054752
1311.5 1.045408
1312.0 1.307216
1312.5 1.244392
1313.0 1.24984
1313.5 1.180336
1314.0 1.017568
1314.5 1.015264
1315.0 1.160016
1315.5 1.15496
1316.0 1.107584
1316.5 1.093808
1317.0 1.12428
1317.5 1.100624
1318.0 1.059488
1318.5 1.080736
1319.0 1.166512
1319.5 1.11952
1320.0 1.192368
1320.5 1.120016
1321.0 1.168496
1321.5 1.142528
1322.0 1.19776
1322.5 1.188
1323.0 1.14692
1323.5 1.133936
1324.0 1.067344
1324.5 1.061504
1325.0 1.236832
1325.5 1.21832
1326.0 1.23784
1326.5 1.22904
1327.0 1.077008
1327.5 1.06204
1328.0 1.072672
1328.5 1.057936
1329.0 1.145872
1329.5 1.125504
1330.0 1.01104
1330.5 0.995232
1331.0 1.350536
1331.5 1.327296
1332.0 1.071952
1332.5 1.091168
1333.0 1.30728
1333.5 1.26276
1334.0 1.10176
1334.5 1.084208
1335.0 1.137952
1335.5 1.184784
1336.0 1.002672
1336.5 0.9248
1337.0 1.131104
1337.5 1.104624
1338.0 0.982672
1338.5 0.97392
1339.0 1.320512
1339.5 1.292496
1340.0 1.20064
1340.5 1.119856
1341.0 1.118224
1341.5 1.102784
1342.0 1.039232
1342.5 0.980024
1343.0 1.196136
1343.5 1.14832
1344.0 1.25256
1344.5 1.186496
1345.0 1.267184
1345.5 1.250568
1346.0 0.900296
1346.5 0.892048
1347.0 1.094232
1347.5 1.077488
1348.0 1.090184
1348.5 1.06808
1349.0 1.154608
1349.5 1.134208
1350.0 1.282648
1350.5 1.25744
1351.0 1.214304
1351.5 1.1952
1352.0 1.161696
1352.5 1.148336
1353.0 1.249688
1353.5 1.248416
1354.0 1.068104
1354.5 1.017312
1355.0 1.267904
1355.5 1.25456
1356.0 1.071808
1356.5 1.101936
1357.0 1.247536
1357.5 1.187168
1358.0 1.069376
1358.5 1.031936
1359.0 1.204096
1359.5 1.215488
1360.0 1.972056
1360.5 1.819496
1361.0 0.767888
1361.5 0.747776
1362.0 0.823456
1362.5 0.810768
1363.0 1.032352
1363.5 1.001136
1364.0 0.979648
1364.5 0.956944
1365.0 1.109584
1365.5 1.087792
1366.0 0.998032
1366.5 0.993112
1367.0 1.390256
1367.5 1.326576
1368.0 1.005072
1368.5 0.992384
1369.0 1.252448
1369.5 1.223184
1370.0 1.009728
1370.5 0.994864
1371.0 1.063728
1371.5 1.046736
1372.0 1.64156
1372.5 1.558352
1373.0 0.906008
1373.5 0.855312
1374.0 1.054928
1374.5 1.048512
1375.0 1.17696
1375.5 1.165024
1376.0 1.120144
1376.5 1.105664
1377.0 1.27384
1377.5 1.261568
1378.0 0.85136
1378.5 0.843688
1379.0 1.356384
1379.5 1.334816
1380.0 1.010048
1380.5 0.93872
1381.0 1.270384
1381.5 1.267152
1382.0 1.150768
1382.5 1.117424
1383.0 1.194504
1383.5 1.131568
1384.0 0.908504
1384.5 0.89272
1385.0 1.164344
1385.5 1.166304
1386.0 1.24652
1386.5 1.21464
1387.0 1.012504
1387.5 0.988352
1388.0 0.966752
1388.5 0.954944
1389.0 1.194264
1389.5 1.175472
1390.0 0.96716
1390.5 0.960944
1391.0 1.351504
1391.5 1.333248
1392.0 1.111936
1392.5 1.14184
1393.0 1.14856
1393.5 1.103048
1394.0 1.215088
1394.5 1.205952
1395.0 0.984176
1395.5 0.980032
1396.0 1.127168
1396.5 1.111936
1397.0 1.225064
1397.5 1.187424
1398.0 1.132704
1398.5 1.101328
1399.0 1.061272
1399.5 1.04684
1400.0 0.904424
1400.5 0.812768
1401.0 1.020464
1401.5 1.0108
1402.0 1.350032
1402.5 1.28496
1403.0 1.380096
1403.5 1.340552
1404.0 1.185984
1404.5 1.138032
1405.0 1.095088
1405.5 1.076
1406.0 1.104136
1406.5 1.087808
1407.0 1.448312
1407.5 1.428752
1408.0 1.154904
1408.5 1.14568
1409.0 1.035704
1409.5 1.028176
1410.0 0.96672
1410.5 0.952144
1411.0 0.969776
1411.5 0.9502
1412.0 1.2604
1412.5 1.246352
1413.0 0.865496
1413.5 0.853088
1414.0 1.155064
1414.5 1.1388
1415.0 1.264928
1415.5 1.240624
1416.0 1.183728
1416.5 1.165888
1417.0 1.037528
1417.5 1.023632
1418.0 1.301912
1418.5 1.278768
1419.0 1.22816
1419.5 1.213472
1420.0 1.184992
1420.5 1.107328
1421.0 1.016016
1421.5 1.008736
1422.0 1.202016
1422.5 1.177024
1423.0 1.151304
1423.5 1.131056
1424.0 1.06384
1424.5 1.04512
1425.0 1.06976
1425.5 1.052576
1426.0 1.168984
1426.5 1.15412
1427.0 1.06728
1427.5 1.046768
1428.0 1.115344
1428.5 1.09032
1429.0 1.124848
1429.5 1.106592
1430.0 1.153376
1430.5 1.123968
1431.0 1.06768
1431.5 1.045904
1432.0 1.221376
1432.5 1.154808
1433.0 1.186984
1433.5 1.1312
1434.0 1.214176
1434.5 1.197984
1435.0 1.024104
1435.5 1.030144
1436.0 1.341752
1436.5 1.30832
1437.0 1.06736
1437.5 1.049232
1438.0 1.098512
1438.5 1.083872
1439.0 1.168704
1439.5 1.151968
