0.0 1.175064
0.5 1.099664
1.0 1.265968
1.5 1.249888
2.0 1.389072
2.5 1.359728
3.0 0.860784
3.5 0.772568
4.0 0.106536
4.5 0.1
5.0 0.146744
5.5 0.1
6.0 0.147928
6.5 0.1
7.0 0.106608
7.5 0.1
8.0 0.10764
8.5 0.101688
9.0 0.107808
9.5 0.1
10.0 0.104744
10.5 0.1
11.0 0.106184
11.5 0.1
12.0 0.106152
12.5 0.1
13.0 0.103544
13.5 0.1
14.0 0.10568
14.5 0.101688
15.0 0.101856
15.5 0.1
16.0 0.102368
16.5 0.1
17.0 0.100928
17.5 0.1
18.0 0.100928
18.5 0.1
19.0 0.107936
19.5 0.1
20.0 0.106464
20.5 0.10176
21.0 0.101976
21.5 0.1
22.0 0.10348
22.5 0.1
23.0 0.160096
23.5 0.1
24.0 0.106912
24.5 0.10888
25.0 0.128368
25.5 0.123648
26.0 0.10488
26.5 0.10268
27.0 0.330112
27.5 0.503264
28.0 1.03752
28.5 1.052752
29.0 1.241584
29.5 1.228
30.0 1.08472
30.5 1.055664
31.0 1.24532
31.5 1.18576
32.0 0.985872
32.5 1.013136
33.0 1.331728
33.5 1.241264
34.0 1.063224
34.5 1.100928
35.0 1.232024
35.5 1.119712
36.0 1.028856
36.5 0.935728
37.0 1.232352
37.5 1.154064
38.0 1.024056
38.5 1.091056
39.0 1.26688
39.5 1.283984
40.0 0.993264
40.5 0.922272
41.0 1.142752
41.5 1.295624
42.0 1.222304
42.5 1.05448
43.0 1.2308
43.5 1.219216
44.0 1.147872
44.5 1.03056
45.0 1.034768
45.5 1.078704
46.0 1.012448
46.5 0.98168
47.0 1.221456
47.5 1.207528
48.0 1.092656
48.5 1.07056
49.0 1.126016
49.5 1.114864
50.0 1.12248
50.5 1.0312
51.0 1.179016
51.5 1.320208
52.0 1.263032
52.5 1.106208
53.0 1.117336
53.5 1.07952
54.0 1.022968
54.5 1.008048
55.0 1.105856
55.5 1.170592
56.0 1.215616
56.5 1.138336
57.0 1.184928
57.5 1.20416
58.0 1.229344
58.5 1.119344
59.0 1.163136
59.5 1.086216
60.0 1.012496
60.5 1.0764
61.0 1.143088
61.5 1.06008
62.0 1.00368
62.5 1.024352
63.0 1.134664
63.5 1.145696
64.0 1.238128
64.5 1.129648
65.0 1.1438
65.5 0.9276
66.0 1.356072
66.5 1.517376
67.0 1.054528
67.5 0.953728
68.0 1.09636
68.5 1.00592
69.0 1.046592
69.5 1.11744
70.0 1.145216
70.5 1.123424
71.0 1.055768
71.5 1.098128
72.0 1.285088
72.5 1.25336
73.0 1.136952
73.5 1.130672
74.0 1.062336
74.5 1.013224
75.0 1.080624
75.5 1.084992
76.0 1.14616
76.5 1.09344
77.0 0.996368
77.5 0.977392
78.0 1.208048
78.5 1.18024
79.0 1.082896
79.5 1.08128
80.0 1.145728
80.5 1.127192
81.0 1.17504
81.5 1.141952
82.0 1.23808
82.5 1.268496
83.0 1.169728
83.5 1.06696
84.0 1.092224
84.5 1.106448
85.0 1.103824
85.5 1.031472
86.0 1.300784
86.5 1.273968
87.0 1.065376
87.5 1.036912
88.0 1.186656
88.5 1.184944
89.0 1.011872
89.5 1.067888
90.0 1.193152
90.5 1.070912
91.0 1.149968
91.5 1.108112
92.0 1.126152
92.5 1.204984
93.0 1.170112
93.5 1.078512
94.0 1.097776
94.5 1.133344
95.0 1.261664
95.5 1.10448
96.0 1.091608
96.5 0.88392
97.0 1.061408
97.5 1.130304
98.0 1.429008
98.5 1.199856
99.0 0.426928
99.5 0.286912
100.0 0.416768
100.5 0.277616
101.0 0.393304
101.5 0.132736
102.0 0.117656
102.5 0.116208
103.0 0.378048
103.5 0.13312
104.0 0.118368
104.5 0.100784
105.0 0.222776
105.5 0.100784
106.0 0.105704
106.5 0.1
107.0 0.289888
107.5 0.28692
108.0 0.322856
108.5 0.29248
109.0 0.226192
109.5 0.72624
110.0 0.376392
110.5 0.417056
111.0 0.111152
111.5 0.12152
112.0 0.177904
112.5 0.173824
113.0 0.11516
113.5 0.123208
114.0 0.220544
114.5 0.224768
115.0 0.113392
115.5 0.12152
116.0 0.292264
116.5 0.285712
117.0 0.118608
117.5 0.12152
118.0 0.2096
118.5 0.21064
119.0 0.119504
119.5 0.12328
120.0 0.211856
120.5 0.213824
121.0 0.112128
121.5 0.12024
122.0 0.20896
122.5 0.213808
123.0 0.170176
123.5 0.12648
124.0 0.244312
124.5 0.239248
125.0 0.168216
125.5 0.123224
126.0 0.329944
126.5 0.28504
127.0 0.121008
127.5 0.12152
128.0 0.186808
128.5 0.24712
129.0 0.135448
129.5 0.12152
130.0 0.117416
130.5 0.168368
131.0 0.143304
131.5 0.13604
132.0 0.120408
132.5 0.4008
133.0 0.11468
133.5 0.12152
134.0 0.123424
134.5 0.281808
135.0 0.111152
135.5 0.12152
136.0 0.119976
136.5 0.210608
137.0 0.111904
137.5 0.12152
138.0 0.110656
138.5 0.388032
139.0 0.112168
139.5 0.11224
140.0 0.106408
140.5 0.101688
141.0 0.1
141.5 0.1
142.0 0.10204
142.5 0.1
143.0 0.160416
143.5 0.1
144.0 0.104224
144.5 0.1
145.0 0.104456
145.5 0.1
146.0 0.107088
146.5 0.101688
147.0 0.105728
147.5 0.1
148.0 1.14496
148.5 0.147328
149.0 0.125856
149.5 0.143632
150.0 0.104344
150.5 0.110672
151.0 0.106864
151.5 0.281168
152.0 1.014648
152.5 1.036656
153.0 1.071984
153.5 1.05144
154.0 1.093424
154.5 1.10632
155.0 1.157432
155.5 1.102192
156.0 1.29708
156.5 1.125344
157.0 1.063168
157.5 1.130192
158.0 1.33584
158.5 1.24932
159.0 1.01752
159.5 0.997936
160.0 1.127376
160.5 1.077792
161.0 1.198816
161.5 1.183968
162.0 1.179264
162.5 1.176736
163.0 1.125336
163.5 1.091248
164.0 0.743696
164.5 1.057056
165.0 0.717312
165.5 1.21896
166.0 0.891504
166.5 1.057168
167.0 0.831104
167.5 1.144208
168.0 0.944096
168.5 1.03536
169.0 1.091888
169.5 1.047568
170.0 1.041488
170.5 1.003216
171.0 1.201152
171.5 1.28672
172.0 1.167032
172.5 1.161072
173.0 1.227896
173.5 1.115528
174.0 0.95688
174.5 1.007104
175.0 1.146752
175.5 1.051328
176.0 1.147264
176.5 1.159456
177.0 1.285664
177.5 1.117808
178.0 1.28916
178.5 1.289824
179.0 1.080784
179.5 1.166376
180.0 1.0708
180.5 1.054992
181.0 1.041216
181.5 1.032832
182.0 1.119072
182.5 1.095496
183.0 1.162664
183.5 1.143808
184.0 1.029264
184.5 1.034592
185.0 1.175752
185.5 1.119312
186.0 1.335488
186.5 1.24712
187.0 1.149184
187.5 1.131184
188.0 1.196528
188.5 1.16284
189.0 1.255064
189.5 1.172272
190.0 1.192656
190.5 1.170032
191.0 1.092192
191.5 1.070528
192.0 1.042592
192.5 1.010816
193.0 0.497832
193.5 0.427576
194.0 0.4276
194.5 0.509736
195.0 0.499408
195.5 0.53452
196.0 0.542336
196.5 0.612704
197.0 0.577184
197.5 0.466528
198.0 0.506688
198.5 0.678464
199.0 0.667296
199.5 0.513056
200.0 0.573424
200.5 0.669392
201.0 0.651744
201.5 0.538536
202.0 0.595728
202.5 0.790912
203.0 0.753568
203.5 0.62952
204.0 0.658688
204.5 0.808536
205.0 0.715568
205.5 0.790152
206.0 0.742896
206.5 0.826176
207.0 0.86464
207.5 0.697424
208.0 0.687504
208.5 0.91608
209.0 0.91704
209.5 0.712736
210.0 0.776624
210.5 0.8922
211.0 0.86696
211.5 0.825952
212.0 0.832384
212.5 1.089504
213.0 0.986528
213.5 0.816736
214.0 0.881664
214.5 1.035728
215.0 1.011168
215.5 0.808672
216.0 0.834512
216.5 1.169616
217.0 1.13616
217.5 0.863616
218.0 0.876224
218.5 1.073904
219.0 1.14352
219.5 0.968096
220.0 0.95552
220.5 0.980032
221.0 1.060112
221.5 1.195448
222.0 1.143008
222.5 1.239048
223.0 1.219504
223.5 1.074328
224.0 1.04472
224.5 1.116736
225.0 1.275024
225.5 1.260248
226.0 1.10244
226.5 1.086032
227.0 1.086768
227.5 1.246032
228.0 1.257792
228.5 0.68436
229.0 1.386352
229.5 0.748688
230.0 1.121968
230.5 0.5748
231.0 1.07136
231.5 1.432664
232.0 1.366192
232.5 1.172208
233.0 1.34712
233.5 0.719704
234.0 1.091088
234.5 0.727872
235.0 1.34448
235.5 1.27112
236.0 1.167024
236.5 0.861704
237.0 1.095136
237.5 0.726696
238.0 1.258496
238.5 0.720288
239.0 1.171776
239.5 1.21572
240.0 1.225792
240.5 1.088776
241.0 1.179328
241.5 1.412856
242.0 1.294544
242.5 1.147928
243.0 1.160976
243.5 1.34432
244.0 1.293744
244.5 1.187568
245.0 1.27536
245.5 1.3394
246.0 1.28752
246.5 1.108664
247.0 1.132768
247.5 1.305872
248.0 1.24832
248.5 1.162352
249.0 1.228
249.5 1.33588
250.0 1.258768
250.5 1.136688
251.0 1.122768
251.5 1.29388
252.0 1.23424
252.5 1.118536
253.0 1.146512
253.5 1.340112
254.0 1.339072
254.5 1.144496
255.0 1.145184
255.5 1.302976
256.0 1.334832
256.5 1.170072
257.0 1.098528
257.5 1.312368
258.0 1.31824
258.5 1.13684
259.0 1.132216
259.5 1.3312
260.0 1.355072
260.5 1.10352
261.0 1.102592
261.5 1.309768
262.0 1.269696
262.5 1.061776
263.0 1.132352
263.5 1.335024
264.0 1.246448
264.5 1.12364
265.0 1.24832
265.5 0.93132
266.0 1.324144
266.5 0.698304
267.0 1.123424
267.5 1.078704
268.0 1.214976
268.5 1.26664
269.0 1.225728
269.5 1.342304
270.0 1.31608
270.5 1.15132
271.0 1.200768
271.5 1.249832
272.0 1.210896
272.5 1.1888
273.0 1.179952
273.5 1.368584
274.0 1.333696
274.5 1.159896
275.0 1.16272
275.5 1.320504
276.0 1.355296
276.5 1.191592
277.0 1.12864
277.5 1.297416
278.0 1.264464
278.5 1.130824
279.0 1.186736
279.5 1.299888
280.0 1.217056
280.5 1.136184
281.0 1.178928
281.5 1.249584
282.0 1.251648
282.5 1.167776
283.0 1.16528
283.5 1.350432
284.0 1.285584
284.5 1.105424
285.0 1.125904
285.5 1.411456
286.0 1.461072
286.5 1.143072
287.0 1.12496
287.5 1.257632
288.0 1.23136
288.5 1.187488
289.0 1.179648
289.5 1.23304
290.0 1.254464
290.5 1.172832
291.0 1.164864
291.5 1.327008
292.0 1.293736
292.5 1.218448
293.0 1.22768
293.5 1.290048
294.0 1.275504
294.5 1.19264
295.0 1.114256
295.5 1.303112
296.0 1.286176
296.5 1.127728
297.0 1.13608
297.5 1.383728
298.0 1.385728
298.5 1.111288
299.0 1.120496
299.5 1.336744
300.0 1.34216
300.5 1.182864
301.0 1.190224
301.5 1.274112
302.0 1.239984
302.5 1.138064
303.0 1.096192
303.5 1.223496
304.0 1.329616
304.5 1.196
305.0 1.161808
305.5 1.37328
306.0 1.296528
306.5 1.1714
307.0 1.144928
307.5 1.250304
308.0 1.277072
308.5 1.137704
309.0 1.195168
309.5 1.275736
310.0 1.182144
310.5 1.14188
311.0 1.097648
311.5 1.281272
312.0 1.349504
312.5 1.265448
313.0 1.23736
313.5 1.318696
314.0 1.2844
314.5 1.156448
315.0 1.21664
315.5 1.31988
316.0 1.296768
316.5 1.106368
317.0 1.090416
317.5 1.3302
318.0 1.312896
318.5 1.118512
319.0 1.079232
319.5 1.300224
320.0 1.365328
320.5 1.180408
321.0 1.138368
321.5 1.386688
322.0 1.396384
322.5 1.101872
323.0 1.101584
323.5 1.38476
324.0 1.333936
324.5 1.135928
325.0 1.13164
325.5 1.350984
326.0 1.319888
326.5 1.129664
327.0 1.146656
327.5 1.348288
328.0 1.292736
328.5 1.145056
329.0 1.230112
329.5 1.239168
330.0 1.180272
330.5 1.116656
331.0 1.120448
331.5 1.313504
332.0 1.319856
332.5 1.209904
333.0 1.104496
333.5 1.114096
334.0 1.388272
334.5 1.337536
335.0 1.095424
335.5 1.24824
336.0 1.359984
336.5 1.267584
337.0 1.163072
337.5 1.132192
338.0 1.3004
338.5 1.353136
339.0 1.168224
339.5 1.121392
340.0 1.12256
340.5 1.355184
341.0 1.333536
341.5 1.1642
342.0 1.201072
342.5 1.217672
343.0 1.140368
343.5 1.105496
344.0 1.173984
344.5 1.332688
345.0 1.323488
345.5 1.107264
346.0 1.15856
346.5 0.670352
347.0 1.310736
347.5 0.735472
348.0 1.073776
348.5 1.15848
349.0 1.298736
349.5 1.206016
350.0 1.238512
350.5 1.354832
351.0 1.323152
351.5 1.169984
352.0 1.118992
352.5 1.386384
353.0 1.28672
353.5 1.116864
354.0 1.216432
354.5 1.336328
355.0 1.287904
355.5 1.212088
356.0 1.144192
356.5 1.353176
357.0 1.335008
357.5 1.068896
358.0 1.123384
358.5 1.306
359.0 1.272384
359.5 1.146456
360.0 1.161936
360.5 1.33684
361.0 1.27624
361.5 1.080816
362.0 1.079712
362.5 1.339232
363.0 1.326352
363.5 1.152208
364.0 1.112064
364.5 1.355624
365.0 1.305728
365.5 1.127472
366.0 1.239168
366.5 1.327272
367.0 1.261968
367.5 0.71
368.0 1.121152
368.5 0.762816
369.0 1.328104
369.5 0.761008
370.0 1.171728
370.5 0.954056
371.0 1.321696
371.5 1.22112
372.0 1.100112
372.5 1.488512
373.0 1.37648
373.5 1.068032
374.0 1.11696
374.5 1.374024
375.0 1.26648
375.5 1.137792
376.0 1.157232
376.5 1.338544
377.0 1.33044
377.5 1.189904
378.0 1.091952
378.5 1.311632
379.0 1.33632
379.5 1.154784
380.0 1.149968
380.5 1.128328
381.0 1.302528
381.5 1.350304
382.0 1.147072
382.5 1.223744
383.0 1.163872
383.5 1.20744
384.0 1.175808
384.5 1.394784
385.0 1.304112
385.5 1.125264
386.0 1.129712
386.5 1.375328
387.0 1.359936
387.5 1.1896
388.0 1.10288
388.5 1.173888
389.0 1.393328
389.5 1.28176
390.0 1.146096
390.5 1.217896
391.0 1.270288
391.5 1.415688
392.0 1.184208
392.5 1.2206
393.0 1.296832
393.5 1.219384
394.0 1.118224
394.5 1.163528
395.0 1.361424
395.5 1.391464
396.0 1.095072
396.5 1.199816
397.0 1.379792
397.5 1.262952
398.0 1.071472
398.5 1.131232
399.0 1.098704
399.5 1.296296
400.0 1.350096
400.5 1.242352
401.0 1.18888
401.5 1.34272
402.0 1.28444
402.5 1.11936
403.0 1.134064
403.5 1.353728
404.0 1.330944
404.5 1.209952
405.0 1.191536
405.5 1.319392
406.0 1.29192
406.5 1.190112
407.0 1.134688
407.5 1.30012
408.0 1.3568
408.5 1.163952
409.0 1.065664
409.5 1.335416
410.0 1.31632
410.5 1.2474
411.0 1.167888
411.5 1.334288
412.0 1.331152
412.5 1.147536
413.0 1.13288
413.5 1.37188
414.0 1.29072
414.5 1.199008
415.0 1.123392
415.5 1.318672
416.0 1.369808
416.5 1.220624
417.0 1.117872
417.5 1.254208
418.0 1.317536
418.5 1.17868
419.0 1.134672
419.5 1.326096
420.0 1.358656
420.5 1.153472
421.0 1.153888
421.5 1.437424
422.0 1.261168
422.5 1.145952
423.0 1.136
423.5 1.299744
424.0 1.319216
424.5 1.220728
425.0 1.156752
425.5 1.282128
426.0 1.254368
426.5 1.184056
427.0 1.191024
427.5 1.284112
428.0 1.228816
428.5 1.12736
429.0 1.094704
429.5 1.364952
430.0 1.428736
430.5 1.17784
431.0 1.102048
431.5 1.377744
432.0 1.285328
432.5 1.159296
433.0 1.162528
433.5 1.417752
434.0 1.357504
434.5 1.176552
435.0 1.098024
435.5 1.300624
436.0 1.363696
436.5 1.144736
437.0 1.174496
437.5 1.360384
438.0 1.254928
438.5 1.185984
439.0 1.096832
439.5 1.302752
440.0 1.269056
440.5 1.130664
441.0 1.211888
441.5 1.285896
442.0 1.286848
442.5 1.18912
443.0 1.111488
443.5 1.371944
444.0 1.313552
444.5 1.191208
445.0 1.125344
445.5 1.369552
446.0 1.383312
446.5 1.150488
447.0 1.107024
447.5 1.30652
448.0 1.315968
448.5 1.18348
449.0 1.186832
449.5 1.314768
450.0 1.20776
450.5 1.144624
451.0 1.183856
451.5 1.449448
452.0 1.360208
452.5 1.168832
453.0 1.047536
453.5 1.354528
454.0 1.333904
454.5 1.176904
455.0 1.244192
455.5 1.361168
456.0 1.266944
456.5 1.123952
457.0 1.160896
457.5 1.338344
458.0 1.332752
458.5 1.14992
459.0 1.140336
459.5 1.344688
460.0 1.256752
460.5 1.15256
461.0 1.1712
461.5 1.331616
462.0 1.292192
462.5 1.068448
463.0 1.041824
463.5 1.333832
464.0 1.34336
464.5 1.195632
465.0 1.114624
465.5 1.385536
466.0 1.4412
466.5 1.233648
467.0 1.148736
467.5 1.298288
468.0 1.307736
468.5 1.123456
469.0 1.111968
469.5 1.410096
470.0 1.33464
470.5 1.124608
471.0 1.102016
471.5 1.405936
472.0 1.31152
472.5 1.084352
473.0 1.1388
473.5 1.427448
474.0 1.29032
474.5 1.180664
475.0 1.22856
475.5 1.337984
476.0 1.276384
476.5 1.172544
477.0 1.138328
477.5 1.332064
478.0 1.310368
478.5 0.765272
479.0 1.146944
479.5 0.693384
480.0 1.260496
480.5 0.710096
481.0 1.136752
481.5 0.69004
482.0 1.193968
482.5 1.412512
483.0 1.253488
483.5 1.003776
484.0 1.249824
484.5 0.726096
485.0 1.147616
485.5 0.72424
486.0 1.335232
486.5 1.427216
487.0 1.123392
487.5 1.435344
488.0 1.363184
488.5 1.059088
489.0 1.03292
489.5 1.263984
490.0 1.321984
490.5 1.19744
491.0 1.105696
491.5 1.459592
492.0 1.369808
492.5 1.16676
493.0 1.182352
493.5 1.449464
494.0 1.335824
494.5 1.1392
495.0 1.174912
495.5 1.38812
496.0 1.337664
496.5 1.170456
497.0 1.142864
497.5 1.38052
498.0 1.277872
498.5 1.134656
499.0 1.165008
499.5 1.180088
500.0 1.313232
500.5 1.285536
501.0 1.0884
501.5 1.024448
502.0 1.413808
502.5 0.72396
503.0 1.054368
503.5 0.763848
504.0 1.241768
504.5 1.322352
505.0 1.18408
505.5 1.28464
506.0 1.223232
506.5 1.335024
507.0 1.260912
507.5 1.18528
508.0 1.314384
508.5 1.450016
509.0 1.285344
509.5 1.113496
510.0 1.087432
510.5 1.12112
511.0 1.151296
511.5 1.335856
512.0 1.228848
512.5 1.241016
513.0 1.16632
513.5 1.140616
514.0 1.187456
514.5 1.089592
515.0 0.899888
515.5 0.714696
516.0 0.887744
516.5 1.508368
517.0 1.416736
517.5 1.333424
518.0 1.356944
518.5 1.48144
519.0 1.414944
519.5 1.214336
520.0 1.177792
520.5 1.297616
521.0 1.260576
521.5 1.234864
522.0 1.29212
522.5 1.307216
523.0 1.237088
523.5 1.140048
524.0 1.147936
524.5 1.424464
525.0 1.365952
525.5 1.159472
526.0 1.133712
526.5 1.299072
527.0 1.3272
527.5 1.150304
528.0 1.11616
528.5 1.175064
529.0 1.099664
529.5 1.265968
530.0 1.249888
530.5 1.389072
531.0 1.359728
531.5 0.860784
532.0 0.772568
532.5 0.106536
533.0 0.1
533.5 0.146744
534.0 0.1
534.5 0.147928
535.0 0.1
535.5 0.106608
536.0 0.1
536.5 0.10764
537.0 0.101688
537.5 0.107808
538.0 0.1
538.5 0.104744
539.0 0.1
539.5 0.106184
540.0 1.10788
540.5 1.036128
541.0 1.091144
541.5 1.073032
542.0 1.142944
542.5 1.102288
543.0 1.014896
543.5 1.007824
544.0 1.071552
544.5 1.036592
545.0 0.71056
545.5 0.877872
546.0 1.0014
546.5 1.068448
547.0 0.540104
547.5 1.255776
548.0 0.529592
548.5 1.367776
549.0 0.710952
549.5 1.035632
550.0 1.168344
550.5 1.12576
551.0 1.196552
551.5 1.173936
552.0 1.17504
552.5 1.151152
553.0 1.070864
553.5 1.044016
554.0 1.0708
554.5 1.054992
555.0 1.041216
555.5 1.032832
556.0 1.119072
556.5 1.095496
557.0 1.162664
557.5 1.143808
558.0 1.029264
558.5 1.034592
559.0 1.175752
559.5 1.119312
560.0 1.335488
560.5 1.24712
561.0 1.149184
561.5 1.131184
562.0 1.196528
562.5 1.16284
563.0 1.255064
563.5 1.172272
564.0 1.192656
564.5 1.170032
565.0 1.092192
565.5 1.070528
566.0 1.042592
566.5 1.010816
567.0 0.117896
567.5 0.498
568.0 0.12972
568.5 1.033968
569.0 0.163928
569.5 1.08416
570.0 0.223192
570.5 1.06448
571.0 0.245688
571.5 1.113856
572.0 0.31612
572.5 1.105584
573.0 0.238744
573.5 1.097008
574.0 0.240856
574.5 1.095152
575.0 0.243336
575.5 1.107104
576.0 0.28084
576.5 1.095512
577.0 0.264216
577.5 1.100544
578.0 0.248664
578.5 1.0708
579.0 0.174696
579.5 1.003232
580.0 0.13252
580.5 0.801088
581.0 0.173984
581.5 0.879424
582.0 0.192848
582.5 0.947856
583.0 0.143664
583.5 0.97184
584.0 0.181224
584.5 0.955248
585.0 0.134904
585.5 0.967184
586.0 0.237176
586.5 1.09072
587.0 0.191248
587.5 0.975008
588.0 0.230672
588.5 1.100144
589.0 0.153456
589.5 1.005952
590.0 0.217768
590.5 1.096304
591.0 0.133032
591.5 0.972832
592.0 0.295944
592.5 1.10752
593.0 0.15708
593.5 1.037648
594.0 0.232016
594.5 1.09432
595.0 0.287984
595.5 1.109696
596.0 0.230824
596.5 1.0976
597.0 0.20736
597.5 1.101104
598.0 0.228528
598.5 1.092528
599.0 0.309
599.5 1.07856
600.0 0.256424
600.5 1.10472
601.0 0.288416
601.5 1.117536
602.0 0.251464
602.5 1.098016
603.0 0.268928
603.5 1.102712
604.0 0.237904
604.5 1.08836
605.0 0.127088
605.5 0.771472
606.0 0.182328
606.5 0.88064
607.0 0.149064
607.5 0.817408
608.0 0.171432
608.5 1.032928
609.0 0.11996
609.5 0.789952
610.0 0.15604
610.5 1.061904
611.0 0.147312
611.5 0.964976
612.0 0.248096
612.5 1.09584
613.0 0.13992
613.5 0.832496
614.0 0.172408
614.5 1.138704
615.0 0.150104
615.5 0.948832
616.0 0.17004
616.5 1.098816
617.0 0.134584
617.5 1.050528
618.0 0.177936
618.5 1.238688
619.0 0.129688
619.5 0.984496
620.0 0.181376
620.5 1.223984
621.0 0.125816
621.5 1.149088
622.0 0.183816
622.5 1.269696
623.0 0.134624
623.5 1.060128
624.0 0.17808
624.5 1.314896
625.0 0.21912
625.5 1.168096
626.0 0.206768
626.5 1.307248
627.0 0.15956
627.5 1.103744
628.0 0.176672
628.5 1.340432
629.0 0.12992
629.5 1.011552
630.0 0.172152
630.5 1.2992
631.0 0.136744
631.5 1.051104
632.0 0.230648
632.5 1.300608
633.0 0.128976
633.5 1.10712
634.0 0.175248
634.5 1.31792
635.0 0.144856
635.5 1.07888
636.0 0.172168
636.5 1.307264
637.0 0.145624
637.5 1.106952
638.0 0.174808
638.5 1.294432
639.0 0.129032
639.5 1.07104
640.0 0.1672
640.5 1.240432
641.0 0.135936
641.5 1.176128
642.0 0.194184
642.5 1.276
643.0 0.136704
643.5 1.087344
644.0 0.169352
644.5 1.309728
645.0 0.137712
645.5 1.113376
646.0 0.173864
646.5 1.285776
647.0 0.155056
647.5 1.087888
648.0 0.154632
648.5 1.198352
649.0 0.161664
649.5 1.166176
650.0 0.150984
650.5 1.253488
651.0 0.160168
651.5 1.207536
652.0 0.20556
652.5 1.159808
653.0 0.164424
653.5 1.204464
654.0 0.14164
654.5 1.170352
655.0 0.261056
655.5 1.250992
656.0 0.137464
656.5 1.16864
657.0 0.273104
657.5 1.28976
658.0 0.264424
658.5 1.153952
659.0 0.177016
659.5 1.379792
660.0 0.135568
660.5 1.091488
661.0 0.171
661.5 1.181248
662.0 0.266024
662.5 1.14556
663.0 3.346264
663.5 1.344112
664.0 1.244008
664.5 1.162992
665.0 1.361192
665.5 1.35376
666.0 1.1322
666.5 1.110544
667.0 1.488144
667.5 1.398192
668.0 1.218568
668.5 1.216528
669.0 0.968232
669.5 1.017136
670.0 1.225464
670.5 1.16436
671.0 1.22408
671.5 1.232496
672.0 1.230072
672.5 1.14016
673.0 1.158504
673.5 1.152368
674.0 1.304216
674.5 1.30392
675.0 1.099176
675.5 1.061072
676.0 1.335592
676.5 1.334272
677.0 1.178432
677.5 1.1758
678.0 1.198184
678.5 1.181872
679.0 1.10016
679.5 1.088496
680.0 1.248944
680.5 1.246208
681.0 1.28688
681.5 1.280128
682.0 1.184944
682.5 1.180272
683.0 1.262008
683.5 1.263712
684.0 1.327992
684.5 1.324224
685.0 1.2878
685.5 1.197216
686.0 1.251112
686.5 1.222432
687.0 1.268768
687.5 1.237616
688.0 1.323056
688.5 1.287416
689.0 1.200088
689.5 1.214096
690.0 1.096216
690.5 1.065744
691.0 1.281928
691.5 1.248384
692.0 1.243896
692.5 1.171704
693.0 1.295336
693.5 1.291952
694.0 1.254136
694.5 1.254928
695.0 1.167864
695.5 1.283152
696.0 1.239048
696.5 1.17376
697.0 1.258256
697.5 1.255
698.0 0.56044
698.5 0.545776
699.0 1.536712
699.5 1.551296
700.0 1.51108
700.5 1.57136
701.0 1.137288
701.5 1.379456
702.0 0.829352
702.5 1.288592
703.0 0.94768
703.5 1.215896
704.0 0.773176
704.5 1.467488
705.0 1.225896
705.5 1.266752
706.0 1.36272
706.5 1.156016
707.0 1.07284
707.5 1.191456
708.0 1.5174
708.5 1.083704
709.0 0.930784
709.5 1.103864
710.0 0.77096
710.5 1.595232
711.0 1.546792
711.5 1.111552
712.0 1.075016
712.5 1.17488
713.0 0.94828
713.5 1.063104
714.0 1.471528
714.5 1.2264
715.0 1.26928
715.5 1.199656
716.0 1.285952
716.5 1.196816
717.0 1.321472
717.5 1.246016
718.0 1.390272
718.5 1.257056
719.0 1.05832
719.5 1.100208
720.0 0.966656
720.5 0.926384
721.0 1.023448
721.5 0.97944
722.0 1.194512
722.5 1.14848
723.0 0.989728
723.5 0.986336
724.0 1.465536
724.5 1.475984
725.0 1.137104
725.5 1.15248
726.0 1.295392
726.5 1.303408
727.0 1.025144
727.5 0.973384
728.0 1.261024
728.5 1.186368
729.0 0.993312
729.5 1.015184
730.0 1.27352
730.5 1.214912
731.0 0.951808
731.5 0.76372
732.0 0.56104
732.5 0.68656
733.0 2.198312
733.5 1.908904
734.0 0.952576
734.5 1.129632
735.0 0.966008
735.5 0.99052
736.0 1.181904
736.5 1.157536
737.0 1.135808
737.5 1.1948
738.0 1.116248
738.5 0.978448
739.0 1.213024
739.5 1.196624
740.0 1.074496
740.5 1.110784
741.0 1.024464
741.5 1.016672
742.0 1.147208
742.5 1.099848
743.0 1.222432
743.5 1.113984
744.0 1.396544
744.5 1.370832
745.0 1.103952
745.5 1.179568
746.0 1.467728
746.5 1.359328
747.0 0.950768
747.5 0.93744
748.0 1.294768
748.5 1.302296
749.0 0.931952
749.5 0.943488
750.0 1.27528
750.5 1.183248
751.0 0.995928
751.5 1.080864
752.0 1.34196
752.5 1.216464
753.0 1.023776
753.5 0.996608
754.0 1.240856
754.5 1.192352
755.0 0.981008
755.5 0.988256
756.0 1.276376
756.5 1.358944
757.0 0.954616
757.5 0.850288
758.0 1.169664
758.5 1.01904
759.0 0.940096
759.5 0.949088
760.0 0.773792
760.5 1.009976
761.0 1.113688
761.5 1.121472
762.0 1.159272
762.5 1.117952
763.0 1.190048
763.5 1.23424
764.0 1.182816
764.5 1.15496
765.0 1.221848
765.5 1.165984
766.0 1.023608
766.5 0.978432
767.0 1.031632
767.5 0.983504
768.0 1.113008
768.5 1.18984
769.0 1.362808
769.5 1.240736
770.0 1.037968
770.5 1.155984
771.0 1.207576
771.5 1.127408
772.0 1.086008
772.5 1.05568
773.0 1.141648
773.5 1.046208
774.0 1.077536
774.5 1.1656
775.0 1.096624
775.5 1.004952
776.0 1.122008
776.5 1.114896
777.0 1.117904
777.5 1.079312
778.0 1.178664
778.5 1.250208
779.0 1.201216
779.5 1.066784
780.0 2.698352
780.5 1.317384
781.0 1.283672
781.5 1.182136
782.0 1.145592
782.5 1.115968
783.0 1.214056
783.5 1.10384
784.0 1.069904
784.5 1.162336
785.0 3.70788
785.5 1.160608
786.0 1.141848
786.5 1.221008
787.0 1.1628
787.5 1.086416
788.0 1.186168
788.5 0.921904
789.0 0.665312
789.5 0.891184
790.0 1.207344
790.5 1.271088
791.0 1.286912
791.5 1.167392
792.0 1.048632
792.5 1.058032
793.0 1.302888
793.5 1.285688
794.0 1.127816
794.5 1.14584
795.0 1.129272
795.5 1.041456
796.0 1.047872
796.5 1.094048
797.0 1.137584
797.5 1.07536
798.0 1.27516
798.5 1.22464
799.0 1.21088
799.5 1.186448
800.0 1.112304
800.5 1.076208
801.0 1.018368
801.5 0.981168
802.0 1.050672
802.5 1.160016
803.0 1.111824
803.5 1.074384
804.0 1.16296
804.5 1.093392
805.0 1.203856
805.5 1.153136
806.0 1.177456
806.5 1.159664
807.0 1.082832
807.5 1.117456
808.0 1.188688
808.5 1.21476
809.0 1.17568
809.5 1.084592
810.0 1.138448
810.5 1.222144
811.0 1.214944
811.5 1.1636
812.0 1.115736
812.5 0.99504
813.0 1.024576
813.5 1.035408
814.0 1.117072
814.5 1.07756
815.0 1.167664
815.5 1.072512
816.0 1.04424
816.5 1.103808
817.0 1.082776
817.5 1.154096
818.0 1.2176
818.5 1.024896
819.0 1.108112
819.5 1.160768
820.0 1.19584
820.5 1.078112
821.0 1.112992
821.5 1.187488
822.0 1.25144
822.5 1.248208
823.0 1.15588
823.5 1.177296
824.0 1.113248
824.5 1.063856
825.0 1.06744
825.5 0.989744
826.0 1.066032
826.5 1.138312
827.0 1.065752
827.5 1.055888
828.0 1.24356
828.5 1.191232
829.0 1.081152
829.5 0.975024
830.0 1.179768
830.5 1.112816
831.0 0.25872
831.5 0.15928
832.0 0.336072
832.5 0.240272
833.0 0.118936
833.5 0.194384
834.0 0.821
834.5 1.319968
835.0 2.948136
835.5 2.885888
836.0 2.792456
836.5 2.645552
837.0 1.058672
837.5 1.019568
838.0 0.304336
838.5 1.19792
839.0 0.274368
839.5 1.157104
840.0 0.76836
840.5 1.159712
841.0 1.161592
841.5 1.123736
842.0 1.196368
842.5 1.179632
843.0 1.530008
843.5 1.34
844.0 1.111376
844.5 1.047552
845.0 1.190096
845.5 1.140416
846.0 1.145096
846.5 1.104064
847.0 1.151192
847.5 1.124696
848.0 1.522776
848.5 1.4872
849.0 1.152616
849.5 1.112752
850.0 1.200216
850.5 1.137808
851.0 1.066272
851.5 1.035152
852.0 1.007792
852.5 0.982736
853.0 0.320176
853.5 1.018656
854.0 0.145152
854.5 1.190192
855.0 0.140032
855.5 1.024368
856.0 0.179824
856.5 1.01128
857.0 5.12028
857.5 1.29008
858.0 0.635352
858.5 1.121456
859.0 0.561288
859.5 1.072392
860.0 0.462192
860.5 1.268912
861.0 0.448064
861.5 1.094928
862.0 0.559032
862.5 1.218656
863.0 0.593552
863.5 1.092832
864.0 0.553376
864.5 1.192528
865.0 0.525664
865.5 0.989088
866.0 0.521648
866.5 1.19112
867.0 0.450192
867.5 1.038144
868.0 0.54484
868.5 1.324016
869.0 0.67272
869.5 1.126992
870.0 0.62848
870.5 1.082624
871.0 0.69488
871.5 1.01568
872.0 0.737512
872.5 1.27176
873.0 0.594896
873.5 0.977392
874.0 0.708208
874.5 1.112072
875.0 0.635168
875.5 1.0192
876.0 0.75904
876.5 1.310064
877.0 1.244048
877.5 0.948448
878.0 1.250856
878.5 1.239744
879.0 1.131896
879.5 1.046896
880.0 1.327392
880.5 1.294792
881.0 0.941592
881.5 0.929632
882.0 0.951288
882.5 0.947616
883.0 1.692088
883.5 1.750096
884.0 1.281352
884.5 1.161248
885.0 1.133992
885.5 1.110928
886.0 0.66592
886.5 0.655968
887.0 1.768912
887.5 1.740224
888.0 0.68488
888.5 0.684416
889.0 1.2696
889.5 1.26352
890.0 0.87556
890.5 0.847392
891.0 1.250128
891.5 1.264656
892.0 0.99688
892.5 0.958456
893.0 1.501232
893.5 1.450064
894.0 0.854352
894.5 0.84816
895.0 0.961032
895.5 0.938544
896.0 0.992064
896.5 0.9856
897.0 1.125736
897.5 1.115648
898.0 1.101136
898.5 1.039888
899.0 1.290664
899.5 1.222016
900.0 1.178864
900.5 1.252944
901.0 0.952264
901.5 1.142896
902.0 1.077304
902.5 1.327376
903.0 1.449872
903.5 1.291568
904.0 1.152448
904.5 1.16696
905.0 0.710432
905.5 1.088304
906.0 1.444192
906.5 1.348144
907.0 1.796464
907.5 1.311664
908.0 1.173192
908.5 1.128672
909.0 1.089488
909.5 1.091736
910.0 1.328528
910.5 1.309664
911.0 1.169768
911.5 1.198752
912.0 1.211304
912.5 1.14376
913.0 1.114184
913.5 1.044224
914.0 1.059848
914.5 1.330832
915.0 1.8112
915.5 1.43132
916.0 0.983256
916.5 1.278608
917.0 1.927136
917.5 1.505136
918.0 1.082432
918.5 0.990512
919.0 1.026168
919.5 1.043488
920.0 1.311456
920.5 1.28896
921.0 1.283512
921.5 1.141568
922.0 1.219432
922.5 1.235552
923.0 1.127864
923.5 1.112352
924.0 1.308856
924.5 1.273232
925.0 1.232088
925.5 1.233376
926.0 1.231128
926.5 1.1928
927.0 1.15264
927.5 1.167728
928.0 1.266864
928.5 1.237328
929.0 1.237112
929.5 1.237264
930.0 1.165448
930.5 1.108096
931.0 1.25796
931.5 1.248224
932.0 1.344864
932.5 1.323712
933.0 1.798864
933.5 1.600968
934.0 1.085208
934.5 1.125168
935.0 1.172864
935.5 1.14736
936.0 1.110696
936.5 1.041664
937.0 1.281304
937.5 1.311696
938.0 1.140744
938.5 1.021088
939.0 1.639768
939.5 1.572736
940.0 1.162424
940.5 1.154464
941.0 1.267912
941.5 1.28256
942.0 0.991272
942.5 0.965936
943.0 1.402648
943.5 1.413168
944.0 1.219568
944.5 1.13904
945.0 1.216512
945.5 1.167664
946.0 1.335888
946.5 1.332784
947.0 1.415936
947.5 1.324896
948.0 1.180424
948.5 1.168648
949.0 1.062568
949.5 1.057568
950.0 1.382424
950.5 1.364688
951.0 1.14596
951.5 1.082912
952.0 1.311376
952.5 1.285776
953.0 1.385312
953.5 1.296792
954.0 1.095456
954.5 1.07672
955.0 1.147688
955.5 1.18432
956.0 1.202856
956.5 1.156176
957.0 1.401144
957.5 1.402592
958.0 1.1302
958.5 1.048384
959.0 1.431992
959.5 1.445728
960.0 1.172728
960.5 1.149296
961.0 1.322136
961.5 1.3244
962.0 1.279544
962.5 1.220656
963.0 1.267416
963.5 1.221104
964.0 1.219472
964.5 1.205104
965.0 1.262664
965.5 1.24992
966.0 1.184744
966.5 1.186384
967.0 1.432392
967.5 1.378464
968.0 1.240632
968.5 1.19856
969.0 1.221944
969.5 1.239264
970.0 1.175192
970.5 1.13816
971.0 0.782328
971.5 1.257728
972.0 2.061048
972.5 1.44184
973.0 0.8064
973.5 1.229488
974.0 2.023752
974.5 1.388496
975.0 1.040928
975.5 1.19728
976.0 1.321584
976.5 1.094672
977.0 1.168296
977.5 1.296384
978.0 1.402744
978.5 1.189824
979.0 1.184912
979.5 1.162352
980.0 1.07472
980.5 1.132056
981.0 1.313928
981.5 1.151032
982.0 1.12236
982.5 1.203472
983.0 1.348432
983.5 1.3978
984.0 1.553872
984.5 1.219208
985.0 1.003312
985.5 1.210856
986.0 1.510976
986.5 1.259176
987.0 1.053432
987.5 1.231184
988.0 1.49524
988.5 1.26252
989.0 1.080712
989.5 1.167968
990.0 1.494088
990.5 1.357168
991.0 1.126696
991.5 1.184936
992.0 1.58484
992.5 1.383008
993.0 1.125544
993.5 1.1356
994.0 1.40452
994.5 1.271496
995.0 1.112584
995.5 1.129136
996.0 1.306192
996.5 1.243504
997.0 1.40772
997.5 1.372224
998.0 1.283
998.5 1.169264
999.0 1.022256
999.5 1.057952
1000.0 1.329816
1000.5 1.22112
1001.0 0.949608
1001.5 1.01136
1002.0 1.346072
1002.5 1.244992
1003.0 1.157704
1003.5 1.195824
1004.0 1.54892
1004.5 1.444624
1005.0 0.930544
1005.5 0.946352
1006.0 1.320504
1006.5 1.44248
1007.0 1.503096
1007.5 1.240128
1008.0 1.108864
1008.5 1.085936
1009.0 1.58308
1009.5 1.498256
1010.0 1.075144
1010.5 1.086528
1011.0 1.205912
1011.5 1.058224
1012.0 0.829656
1012.5 1.429568
1013.0 2.103176
1013.5 1.350016
1014.0 1.141128
1014.5 1.134136
1015.0 1.072072
1015.5 1.080048
1016.0 1.120656
1016.5 1.084896
1017.0 1.270736
1017.5 1.24104
1018.0 1.2522
1018.5 1.150304
1019.0 1.235856
1019.5 1.22872
1020.0 1.115016
1020.5 1.13168
1021.0 1.346424
1021.5 1.289776
1022.0 1.241608
1022.5 1.238912
1023.0 1.39936
1023.5 1.341936
1024.0 1.170568
1024.5 1.164592
1025.0 1.2104
1025.5 1.215104
1026.0 1.24956
1026.5 1.218032
1027.0 1.23444
1027.5 1.530592
1028.0 1.999472
1028.5 1.47208
1029.0 1.07544
1029.5 1.07352
1030.0 1.339032
1030.5 1.297536
1031.0 1.25364
1031.5 1.231184
1032.0 1.259024
1032.5 1.189824
1033.0 1.126856
1033.5 1.069904
1034.0 0.846232
1034.5 1.256704
1035.0 1.66768
1035.5 1.2278
1036.0 1.298392
1036.5 1.25272
1037.0 1.133032
1037.5 1.115536
1038.0 1.301248
1038.5 1.213616
1039.0 1.086072
1039.5 1.104144
1040.0 0.994784
1040.5 1.226032
1041.0 1.573336
1041.5 1.232448
1042.0 1.117856
1042.5 1.312
1043.0 1.506856
1043.5 1.23896
1044.0 1.043288
1044.5 1.21144
1045.0 1.415832
1045.5 1.21224
1046.0 1.143528
1046.5 1.262992
1047.0 1.521576
1047.5 1.325976
1048.0 1.091888
1048.5 1.159584
1049.0 1.35412
1049.5 1.222336
1050.0 1.056616
1050.5 1.104064
1051.0 1.407464
1051.5 1.351888
1052.0 1.036776
1052.5 1.040464
1053.0 1.35132
1053.5 1.258928
1054.0 1.201696
1054.5 1.17976
1055.0 1.414736
1055.5 1.391152
1056.0 1.212808
1056.5 1.1552
1057.0 1.336392
1057.5 1.33792
1058.0 1.29524
1058.5 1.188816
1059.0 1.337784
1059.5 1.292016
1060.0 1.114136
1060.5 1.10608
1061.0 1.409736
1061.5 1.360656
1062.0 1.169816
1062.5 1.150624
1063.0 1.40044
1063.5 1.3868
1064.0 1.205344
1064.5 1.167408
1065.0 1.4186
1065.5 1.332512
1066.0 1.028904
1066.5 1.032928
1067.0 1.225848
1067.5 1.203872
1068.0 1.129352
1068.5 1.10832
1069.0 1.389712
1069.5 1.34416
1070.0 1.070568
1070.5 1.053136
1071.0 1.250952
1071.5 1.146928
1072.0 1.34532
1072.5 1.427952
1073.0 1.526248
1073.5 1.44464
1074.0 1.336984
1074.5 1.119552
1075.0 1.484144
1075.5 1.414832
1076.0 1.04988
1076.5 1.03352
1077.0 1.291064
1077.5 1.259984
1078.0 1.237328
1078.5 1.18288
1079.0 1.358984
1079.5 1.320624
1080.0 1.183856
1080.5 1.449448
1081.0 1.360208
1081.5 1.168832
1082.0 1.047536
1082.5 1.354528
1083.0 1.333904
1083.5 1.176904
1084.0 1.244192
1084.5 1.361168
1085.0 1.266944
1085.5 1.123952
1086.0 1.160896
1086.5 1.338344
1087.0 1.332752
1087.5 1.14992
1088.0 1.140336
1088.5 1.344688
1089.0 1.256752
1089.5 1.15256
1090.0 1.1712
1090.5 1.331616
1091.0 1.292192
1091.5 1.068448
1092.0 1.041824
1092.5 1.333832
1093.0 1.34336
1093.5 1.195632
1094.0 1.114624
1094.5 1.385536
1095.0 1.4412
1095.5 1.233648
1096.0 1.148736
1096.5 1.298288
1097.0 1.307736
1097.5 1.123456
1098.0 1.111968
1098.5 1.410096
1099.0 1.33464
1099.5 1.124608
1100.0 1.102016
1100.5 1.405936
1101.0 1.31152
1101.5 1.084352
1102.0 1.1388
1102.5 1.427448
1103.0 1.29032
1103.5 1.180664
1104.0 1.22856
1104.5 1.337984
1105.0 1.276384
1105.5 1.172544
1106.0 1.138328
1106.5 1.332064
1107.0 1.310368
1107.5 0.765272
1108.0 1.146944
1108.5 0.693384
1109.0 1.260496
1109.5 0.710096
1110.0 1.136752
1110.5 0.69004
1111.0 1.193968
1111.5 1.412512
1112.0 1.253488
1112.5 1.003776
1113.0 1.249824
1113.5 0.726096
1114.0 1.147616
1114.5 0.72424
1115.0 1.335232
1115.5 1.427216
1116.0 1.123392
1116.5 1.435344
1117.0 1.363184
1117.5 1.059088
1118.0 1.03292
1118.5 1.263984
1119.0 1.321984
1119.5 1.19744
1120.0 1.105696
1120.5 1.459592
1121.0 1.369808
1121.5 1.16676
1122.0 1.182352
1122.5 1.449464
1123.0 1.335824
1123.5 1.1392
1124.0 1.174912
1124.5 1.38812
1125.0 1.337664
1125.5 1.170456
1126.0 1.142864
1126.5 1.38052
1127.0 1.277872
1127.5 1.134656
1128.0 1.165008
1128.5 1.180088
1129.0 1.313232
1129.5 1.285536
1130.0 1.0884
1130.5 1.024448
1131.0 1.413808
1131.5 0.72396
1132.0 1.054368
1132.5 0.763848
1133.0 1.241768
1133.5 1.322352
1134.0 1.18408
1134.5 1.28464
1135.0 1.223232
1135.5 1.335024
1136.0 1.260912
1136.5 1.18528
1137.0 1.314384
1137.5 1.450016
1138.0 1.285344
1138.5 1.113496
1139.0 1.087432
1139.5 1.12112
1140.0 1.151296
1140.5 1.335856
1141.0 1.228848
1141.5 1.241016
1142.0 1.16632
1142.5 1.140616
1143.0 1.187456
1143.5 1.089592
1144.0 0.899888
1144.5 0.714696
1145.0 0.887744
1145.5 1.508368
1146.0 1.416736
1146.5 1.333424
1147.0 1.356944
1147.5 1.48144
1148.0 1.414944
1148.5 1.214336
1149.0 1.177792
1149.5 1.297616
1150.0 1.260576
1150.5 1.234864
1151.0 1.29212
1151.5 1.307216
1152.0 1.237088
1152.5 1.140048
1153.0 1.147936
1153.5 1.424464
1154.0 1.365952
1154.5 1.159472
1155.0 1.133712
1155.5 1.299072
1156.0 1.3272
1156.5 1.150304
1157.0 1.11616
1157.5 1.175064
1158.0 1.099664
1158.5 1.265968
1159.0 1.249888
1159.5 1.389072
1160.0 1.359728
1160.5 0.860784
1161.0 0.772568
1161.5 0.106536
1162.0 0.1
1162.5 0.146744
1163.0 0.1
1163.5 0.147928
1164.0 0.1
1164.5 0.106608
1165.0 0.1
1165.5 0.10764
1166.0 0.101688
1166.5 0.107808
1167.0 0.1
1167.5 0.104744
1168.0 0.1
1168.5 0.106184
1169.0 0.1
1169.5 0.106152
1170.0 0.1
1170.5 0.103544
1171.0 0.1
1171.5 0.10568
1172.0 0.101688
1172.5 0.101856
1173.0 0.1
1173.5 0.102368
1174.0 0.1
1174.5 0.100928
1175.0 0.1
1175.5 0.100928
1176.0 0.1
1176.5 0.107936
1177.0 0.1
1177.5 0.106464
1178.0 0.10176
1178.5 0.101976
1179.0 0.1
1179.5 0.10348
1180.0 0.1
1180.5 0.160096
1181.0 0.1
1181.5 0.106912
1182.0 0.10888
1182.5 0.128368
1183.0 0.123648
1183.5 0.10488
1184.0 0.10268
1184.5 0.330112
1185.0 0.503264
1185.5 1.03752
1186.0 1.052752
1186.5 1.241584
1187.0 1.228
1187.5 1.08472
1188.0 1.055664
1188.5 1.24532
1189.0 1.18576
1189.5 0.985872
1190.0 1.013136
1190.5 1.331728
1191.0 1.241264
1191.5 1.063224
1192.0 1.100928
1192.5 1.232024
1193.0 1.119712
1193.5 1.028856
1194.0 0.935728
1194.5 1.232352
1195.0 1.154064
1195.5 1.024056
1196.0 1.091056
1196.5 1.26688
1197.0 1.283984
1197.5 0.993264
1198.0 0.922272
1198.5 1.142752
1199.0 1.295624
1199.5 1.222304
1200.0 1.05448
1200.5 1.2308
1201.0 1.219216
1201.5 1.147872
1202.0 1.03056
1202.5 1.034768
1203.0 1.078704
1203.5 1.012448
1204.0 0.98168
1204.5 1.221456
1205.0 1.207528
1205.5 1.092656
1206.0 1.07056
1206.5 1.126016
1207.0 1.114864
1207.5 1.12248
1208.0 1.0312
1208.5 1.179016
1209.0 1.320208
1209.5 1.263032
1210.0 1.106208
1210.5 1.117336
1211.0 1.07952
1211.5 1.022968
1212.0 1.008048
1212.5 1.105856
1213.0 1.170592
1213.5 1.215616
1214.0 1.138336
1214.5 1.184928
1215.0 1.20416
1215.5 1.229344
1216.0 1.119344
1216.5 1.163136
1217.0 1.086216
1217.5 1.012496
1218.0 1.0764
1218.5 1.143088
1219.0 1.06008
1219.5 1.00368
1220.0 1.024352
1220.5 1.134664
1221.0 1.145696
1221.5 1.238128
1222.0 1.129648
1222.5 1.1438
1223.0 0.9276
1223.5 1.356072
1224.0 1.517376
1224.5 1.054528
1225.0 0.953728
1225.5 1.09636
1226.0 1.00592
1226.5 1.046592
1227.0 1.11744
1227.5 1.145216
1228.0 1.123424
1228.5 1.055768
1229.0 1.098128
1229.5 1.285088
1230.0 1.25336
1230.5 1.136952
1231.0 1.130672
1231.5 1.062336
1232.0 1.013224
1232.5 1.080624
1233.0 1.084992
1233.5 1.14616
1234.0 1.09344
1234.5 0.996368
1235.0 0.977392
1235.5 1.208048
1236.0 1.18024
1236.5 1.082896
1237.0 1.08128
1237.5 1.145728
1238.0 1.127192
1238.5 1.17504
1239.0 1.141952
1239.5 1.23808
1240.0 1.268496
1240.5 1.169728
1241.0 1.06696
1241.5 1.092224
1242.0 1.106448
1242.5 1.103824
1243.0 1.031472
1243.5 1.300784
1244.0 1.273968
1244.5 1.065376
1245.0 1.036912
1245.5 1.186656
1246.0 1.184944
1246.5 1.011872
1247.0 1.067888
1247.5 1.193152
1248.0 1.070912
1248.5 1.149968
1249.0 1.108112
1249.5 1.126152
1250.0 1.204984
1250.5 1.170112
1251.0 1.078512
1251.5 1.097776
1252.0 1.133344
1252.5 1.261664
1253.0 1.10448
1253.5 1.091608
1254.0 0.88392
1254.5 1.061408
1255.0 1.130304
1255.5 1.429008
1256.0 1.199856
1256.5 0.426928
1257.0 0.286912
1257.5 0.416768
1258.0 0.277616
1258.5 0.393304
1259.0 0.132736
1259.5 0.117656
1260.0 1.045744
1260.5 1.335064
1261.0 1.258984
1261.5 1.263592
1262.0 1.203008
1262.5 0.989568
1263.0 0.97808
1263.5 0.875184
1264.0 1.055344
1264.5 1.088376
1265.0 1.05544
1265.5 0.631696
1266.0 1.182176
1266.5 0.737528
1267.0 1.09844
1267.5 1.18224
1268.0 1.089456
1268.5 1.222112
1269.0 1.110688
1269.5 1.230056
1270.0 1.197184
1270.5 1.043496
1271.0 1.014448
1271.5 1.096616
1272.0 1.074848
1272.5 1.054096
1273.0 1.027152
1273.5 1.097704
1274.0 1.07496
1274.5 1.183144
1275.0 1.162864
1275.5 1.315776
1276.0 1.259328
1276.5 1.015072
1277.0 0.992704
1277.5 1.21644
1278.0 1.203616
1278.5 1.190592
1279.0 1.172024
1279.5 1.056224
1280.0 1.04424
1280.5 1.250016
1281.0 1.230576
1281.5 1.373544
1282.0 1.347552
1282.5 0.917648
1283.0 0.918512
1283.5 1.043936
1284.0 1.018432
1284.5 1.006408
1285.0 0.991744
1285.5 1.019184
1286.0 0.99648
1286.5 1.244208
1287.0 1.223728
1287.5 1.110896
1288.0 1.102656
1288.5 1.248352
1289.0 1.169664
1289.5 1.055656
1290.0 1.044144
1290.5 1.140936
1291.0 1.084944
1291.5 1.123296
1292.0 1.101072
1292.5 1.15896
1293.0 1.09336
1293.5 1.106728
1294.0 1.081672
1294.5 1.066616
1295.0 1.021168
1295.5 1.129848
1296.0 1.112528
1296.5 1.187384
1297.0 1.162816
1297.5 1.3414
1298.0 1.316288
1298.5 1.123376
1299.0 1.109632
1299.5 1.054128
1300.0 1.077304
1300.5 1.032464
1301.0 0.983408
1301.5 1.301112
1302.0 1.278496
1302.5 1.19432
1303.0 1.177232
1303.5 1.068496
1304.0 1.060784
1304.5 1.281376
1305.0 1.263664
1305.5 1.047384
1306.0 1.0272
1306.5 0.98104
1307.0 0.967136
1307.5 1.237632
1308.0 1.220976
1308.5 1.162136
1309.0 1.088496
1309.5 1.235568
1310.0 1.214672
1310.5 1.306896
1311.0 1.278944
1311.5 0.967424
1312.0 0.959784
1312.5 0.955056
1313.0 0.961024
1313.5 1.250784
1314.0 1.215056
1314.5 1.001344
1315.0 0.987728
1315.5 1.194312
1316.0 1.177856
1316.5 1.121296
1317.0 1.104368
1317.5 1.414624
1318.0 1.431744
1318.5 1.112784
1319.0 1.099936
1319.5 1.205584
1320.0 1.191504
1320.5 1.111784
1321.0 1.026304
1321.5 1.21836
1322.0 1.155072
1322.5 1.134448
1323.0 1.114208
1323.5 1.266544
1324.0 1.246384
1324.5 0.890928
1325.0 0.880768
1325.5 1.118736
1326.0 1.101152
1326.5 1.00736
1327.0 0.99284
1327.5 1.151808
1328.0 1.139472
1328.5 1.469728
1329.0 1.388928
1329.5 1.14344
1330.0 1.123104
1330.5 1.054336
1331.0 1.045104
1331.5 1.323864
1332.0 1.29712
1332.5 1.113056
1333.0 1.098296
1333.5 1.23448
1334.0 1.215504
1334.5 1.060784
1335.0 1.037808
1335.5 1.252416
1336.0 1.231792
1336.5 1.013128
1337.0 0.9904
1337.5 1.263728
1338.0 1.213232
1338.5 1.204032
1339.0 1.185136
1339.5 1.231096
1340.0 1.214704
1340.5 0.942616
1341.0 0.921568
1341.5 1.091888
1342.0 1.078416
1342.5 0.894608
1343.0 0.886528
1343.5 1.283088
1344.0 1.252944
1344.5 0.831056
1345.0 0.82316
1345.5 1.420304
1346.0 1.39496
1346.5 1.07208
1347.0 1.055808
1347.5 1.22408
1348.0 1.206096
1348.5 1.01528
1349.0 0.946176
1349.5 1.10128
1350.0 1.081552
1350.5 1.267328
1351.0 1.240048
1351.5 1.17932
1352.0 1.04736
1352.5 0.969776
1353.0 0.970656
1353.5 1.36872
1354.0 1.300128
1354.5 1.095712
1355.0 1.067232
1355.5 1.141888
1356.0 1.12376
1356.5 1.089224
1357.0 1.076192
1357.5 1.076096
1358.0 1.075696
1358.5 1.126648
1359.0 1.080496
1359.5 1.151456
1360.0 1.13028
1360.5 1.194576
1361.0 1.169712
1361.5 1.11436
1362.0 1.085968
1362.5 1.157648
1363.0 1.144096
1363.5 1.1392
1364.0 1.125424
1364.5 1.165216
1365.0 1.144304
1365.5 1.05008
1366.0 1.049368
1366.5 1.121104
1367.0 1.0948
1367.5 1.009072
1368.0 0.996272
1368.5 1.293896
1369.0 1.21464
1369.5 1.316208
1370.0 1.29784
1370.5 1.13904
1371.0 1.12056
1371.5 0.985984
1372.0 0.974416
1372.5 1.176672
1373.0 1.161184
1373.5 1.12096
1374.0 1.099456
1374.5 1.122
1375.0 1.107728
1375.5 1.060288
1376.0 1.04576
1376.5 1.117824
1377.0 1.102112
1377.5 1.036952
1378.0 1.029048
1378.5 1.214816
1379.0 1.188992
1379.5 1.078608
1380.0 1.066528
1380.5 1.120024
1381.0 1.093552
1381.5 1.163784
1382.0 1.088288
1382.5 1.137168
1383.0 1.126
1383.5 1.154064
1384.0 1.138128
1384.5 1.090096
1385.0 1.070896
1385.5 1.046736
1386.0 1.031072
1386.5 1.471504
1387.0 1.451616
1387.5 0.961664
1388.0 0.948576
1388.5 1.049568
1389.0 0.994896
1389.5 1.101104
1390.0 1.072
1390.5 1.268736
1391.0 1.248512
1391.5 1.14928
1392.0 1.118464
1392.5 1.019872
1393.0 1.044232
1393.5 1.31096
1394.0 1.280256
1394.5 1.73116
1395.0 1.63448
1395.5 0.8058
1396.0 0.7872
1396.5 0.986968
1397.0 0.966176
1397.5 0.960912
1398.0 0.96136
1398.5 1.162376
1399.0 1.13404
1399.5 1.157416
1400.0 1.122256
1400.5 1.401664
1401.0 1.427424
1401.5 0.985888
1402.0 0.893824
1402.5 0.988248
1403.0 0.97784
1403.5 1.136392
1404.0 1.111104
1404.5 1.075888
1405.0 1.086672
1405.5 1.050064
1406.0 1.010512
1406.5 1.105536
1407.0 1.209472
1407.5 1.229792
1408.0 1.078224
1408.5 1.143312
1409.0 1.08536
1409.5 1.061472
1410.0 1.053808
1410.5 1.296888
1411.0 1.252744
1411.5 1.282128
1412.0 1.180448
1412.5 1.175776
1413.0 1.15976
1413.5 1.012184
1414.0 0.995472
1414.5 1.311608
1415.0 1.287744
1415.5 1.193304
1416.0 1.170064
1416.5 1.112
1417.0 1.088192
1417.5 1.052136
1418.0 1.040176
1418.5 1.054496
1419.0 1.0532
1419.5 1.243144
1420.0 1.225408
1420.5 0.999392
1421.0 0.983088
1421.5 1.12412
1422.0 1.095376
1422.5 1.239912
1423.0 1.19288
1423.5 1.186144
1424.0 1.171488
1424.5 1.223008
1425.0 1.193328
1425.5 0.997296
1426.0 0.982136
1426.5 1.004
1427.0 1.027952
1427.5 1.197232
1428.0 1.139968
1428.5 1.131128
1429.0 1.06272
1429.5 1.299008
1430.0 1.273888
1430.5 1.107328
1431.0 1.097344
1431.5 1.182928
1432.0 1.172664
1432.5 1.013808
1433.0 1.010944
1433.5 1.101792
1434.0 1.067136
1434.5 1.1128
1435.0 1.10264
1435.5 1.119968
1436.0 1.103056
1436.5 1.070224
1437.0 1.140624
1437.5 1.227808
1438.0 1.135312
1438.5 1.579936
1439.0 1.526736
1439.5 0.888144
