0.0 1.087944
0.5 1.110848
1.0 1.05248
1.5 1.032544
2.0 1.282368
2.5 1.236704
3.0 1.237632
3.5 1.205184
4.0 1.09296
4.5 1.127032
5.0 1.139456
5.5 1.089296
6.0 1.424752
6.5 1.351424
7.0 0.956472
7.5 0.938768
8.0 1.232464
8.5 1.218032
9.0 1.185784
9.5 1.176656
10.0 0.965008
10.5 0.951072
11.0 1.10936
11.5 1.09456
12.0 1.096504
12.5 1.076208
13.0 1.15616
13.5 1.141776
14.0 1.124376
14.5 1.107264
15.0 1.009888
15.5 1.00528
16.0 1.344048
16.5 1.298504
17.0 1.030456
17.5 1.016256
18.0 1.078312
18.5 1.0576
19.0 0.846896
19.5 0.980064
20.0 0.614336
20.5 1.1712
21.0 0.723064
21.5 1.104
22.0 1.008656
22.5 1.163344
23.0 1.1436
23.5 1.113328
24.0 1.231688
24.5 1.20024
25.0 1.175792
25.5 1.150752
26.0 1.372832
26.5 1.292448
27.0 1.04308
27.5 1.026032
28.0 1.255696
28.5 1.159624
29.0 0.98676
29.5 0.933328
30.0 1.191712
30.5 1.1704
31.0 1.056584
31.5 1.047784
32.0 1.01284
32.5 0.996816
33.0 1.27572
33.5 1.252592
34.0 1.050104
34.5 1.032704
35.0 1.094288
35.5 1.078496
36.0 1.058168
36.5 1.04608
37.0 1.03644
37.5 1.012888
38.0 1.285832
38.5 1.25196
39.0 1.125968
39.5 1.100544
40.0 1.184632
40.5 1.167328
41.0 1.26248
41.5 1.269632
42.0 1.071096
42.5 1.031088
43.0 1.170672
43.5 1.121296
44.0 1.065872
44.5 1.059952
45.0 1.046304
45.5 1.032704
46.0 1.330368
46.5 1.250064
47.0 1.077952
47.5 1.06328
48.0 1.262136
48.5 1.23016
49.0 1.19808
49.5 1.167192
50.0 1.2254
50.5 1.205088
51.0 0.996568
51.5 0.980448
52.0 1.086896
52.5 1.086864
53.0 1.038256
53.5 1.015008
54.0 0.901768
54.5 0.895792
55.0 1.35024
55.5 1.30944
56.0 1.000656
56.5 0.996688
57.0 1.216976
57.5 1.198544
58.0 1.17068
58.5 1.11032
59.0 1.162952
59.5 1.106928
60.0 1.158816
60.5 1.149664
61.0 1.214832
61.5 1.186528
62.0 1.11864
62.5 1.104576
63.0 1.157184
63.5 1.142976
64.0 1.006048
64.5 1.011768
65.0 1.22396
65.5 1.179888
66.0 1.153528
66.5 1.078768
67.0 1.17348
67.5 1.151808
68.0 1.174208
68.5 1.153232
69.0 1.114968
69.5 1.092336
70.0 1.082696
70.5 1.061096
71.0 1.19648
71.5 1.224976
72.0 1.125976
72.5 1.05144
73.0 1.174672
73.5 1.140808
74.0 1.129344
74.5 1.153776
75.0 1.179408
75.5 1.124352
76.0 1.15992
76.5 1.132816
77.0 1.312848
77.5 1.301936
78.0 0.89464
78.5 0.883344
79.0 1.62608
79.5 1.596784
80.0 1.357976
80.5 1.350736
81.0 0.8818
81.5 0.847664
82.0 0.88808
82.5 0.878456
83.0 1.042032
83.5 1.0828
84.0 1.001696
84.5 0.937008
85.0 1.211232
85.5 1.203168
86.0 1.179872
86.5 1.109824
87.0 1.131
87.5 1.115648
88.0 1.192888
88.5 1.172424
89.0 1.291624
89.5 1.149456
90.0 1.12908
90.5 1.111344
91.0 1.13512
91.5 1.094736
92.0 1.138104
92.5 1.102256
93.0 1.087592
93.5 1.062704
94.0 1.101256
94.5 1.111632
95.0 1.256
95.5 1.185584
96.0 1.098848
96.5 1.085664
97.0 1.276112
97.5 1.261064
98.0 0.949672
98.5 0.944176
99.0 1.173888
99.5 1.1648
100.0 1.064672
100.5 1.063344
101.0 1.11296
101.5 1.111216
102.0 1.11416
102.5 1.095216
103.0 1.190512
103.5 1.151848
104.0 1.046304
104.5 1.0292
105.0 1.072328
105.5 1.101584
106.0 1.0764
106.5 0.99536
107.0 1.208544
107.5 1.77016
108.0 1.628992
108.5 1.00368
109.0 0.952992
109.5 0.898304
110.0 1.058976
110.5 1.04744
111.0 1.106368
111.5 1.071632
112.0 0.927632
112.5 0.918016
113.0 1.116272
113.5 1.108752
114.0 1.306912
114.5 1.295744
115.0 1.0226
115.5 1.007928
116.0 1.20928
116.5 1.192
117.0 1.076272
117.5 1.063552
118.0 1.222632
118.5 1.142896
119.0 1.073464
119.5 1.01616
120.0 1.271504
120.5 1.263616
121.0 1.098848
121.5 1.100048
122.0 1.215328
122.5 1.182608
123.0 1.11056
123.5 1.092656
124.0 1.009136
124.5 0.993888
125.0 1.229056
125.5 1.20552
126.0 1.11328
126.5 1.059776
127.0 1.058192
127.5 1.063344
128.0 1.282776
128.5 1.239168
129.0 1.13752
129.5 1.087824
130.0 1.201616
130.5 1.193192
131.0 1.093056
131.5 1.113728
132.0 1.149584
132.5 1.099488
133.0 1.109392
133.5 1.098768
134.0 1.142432
134.5 1.11744
135.0 1.085672
135.5 1.085728
136.0 1.111656
136.5 1.070952
137.0 0.970264
137.5 0.95288
138.0 1.286464
138.5 1.270848
139.0 1.072528
139.5 1.06
140.0 1.145232
140.5 1.132176
141.0 1.097104
141.5 1.07536
142.0 1.124784
142.5 1.105888
143.0 1.064832
143.5 1.070928
144.0 1.064672
144.5 1.031168
145.0 1.232464
145.5 1.22872
146.0 1.23856
146.5 1.175792
147.0 1.124144
147.5 1.113168
148.0 1.110832
148.5 1.053792
149.0 1.095816
149.5 1.065488
150.0 1.190776
150.5 1.13664
151.0 1.172088
151.5 1.161328
152.0 1.161864
152.5 1.148
153.0 1.069504
153.5 1.062304
154.0 1.28308
154.5 1.27344
155.0 1.107264
155.5 1.09864
156.0 1.068408
156.5 1.057856
157.0 0.975568
157.5 1.017104
158.0 1.349752
158.5 1.27776
159.0 1.125296
159.5 1.113072
160.0 1.0708
160.5 1.05664
161.0 1.053024
161.5 1.037088
162.0 1.252528
162.5 1.239328
163.0 1.16896
163.5 1.15364
164.0 1.04248
164.5 1.068064
165.0 1.176936
165.5 1.130512
166.0 1.154464
166.5 1.064384
167.0 1.288672
167.5 1.270608
168.0 0.985264
168.5 0.97752
169.0 1.206936
169.5 1.149112
170.0 1.0924
170.5 1.116496
171.0 1.211136
171.5 1.146656
172.0 1.145552
172.5 1.128144
173.0 1.027456
173.5 1.016256
174.0 1.100352
174.5 1.082
175.0 1.228728
175.5 1.210752
176.0 1.105072
176.5 1.091104
177.0 1.253184
177.5 1.24152
178.0 1.10148
178.5 1.041296
179.0 1.139584
179.5 1.076016
180.0 1.194312
180.5 1.177856
181.0 1.121296
181.5 1.104368
182.0 1.414624
182.5 1.431744
183.0 1.112784
183.5 1.099936
184.0 1.205584
184.5 1.191504
185.0 1.111784
185.5 1.026304
186.0 1.21836
186.5 1.155072
187.0 1.134448
187.5 1.114208
188.0 1.266544
188.5 1.246384
189.0 0.890928
189.5 0.880768
190.0 1.118736
190.5 1.101152
191.0 1.00736
191.5 0.99284
192.0 1.151808
192.5 1.139472
193.0 1.469728
193.5 1.388928
194.0 1.14344
194.5 1.123104
195.0 1.054336
195.5 1.045104
196.0 1.323864
196.5 1.29712
197.0 1.113056
197.5 1.098296
198.0 1.23448
198.5 1.215504
199.0 1.060784
199.5 1.037808
200.0 1.252416
200.5 1.231792
201.0 1.013128
201.5 0.9904
202.0 1.263728
202.5 1.213232
203.0 1.204032
203.5 1.185136
204.0 1.231096
204.5 1.214704
205.0 0.942616
205.5 0.921568
206.0 1.091888
206.5 1.078416
207.0 0.894608
207.5 0.886528
208.0 1.283088
208.5 1.252944
209.0 0.831056
209.5 0.82316
210.0 1.420304
210.5 1.39496
211.0 1.07208
211.5 1.055808
212.0 1.22408
212.5 1.206096
213.0 1.01528
213.5 0.946176
214.0 1.10128
214.5 1.081552
215.0 1.267328
215.5 1.240048
216.0 1.17932
216.5 1.04736
217.0 0.969776
217.5 0.970656
218.0 1.36872
218.5 1.300128
219.0 1.095712
219.5 1.067232
220.0 1.141888
220.5 1.12376
221.0 1.089224
221.5 1.076192
222.0 1.076096
222.5 1.075696
223.0 1.126648
223.5 1.080496
224.0 1.151456
224.5 1.13028
225.0 1.194576
225.5 1.169712
226.0 1.11436
226.5 1.085968
227.0 1.157648
227.5 1.144096
228.0 1.1392
228.5 1.125424
229.0 1.165216
229.5 1.144304
230.0 1.05008
230.5 1.049368
231.0 1.121104
231.5 1.0948
232.0 1.009072
232.5 0.996272
233.0 1.293896
233.5 1.21464
234.0 1.316208
234.5 1.29784
235.0 1.13904
235.5 1.12056
236.0 0.985984
236.5 0.974416
237.0 1.176672
237.5 1.161184
238.0 1.12096
238.5 1.099456
239.0 1.122
239.5 1.107728
240.0 1.060288
240.5 1.04576
241.0 1.117824
241.5 1.102112
242.0 1.036952
242.5 1.029048
243.0 1.214816
243.5 1.188992
244.0 1.078608
244.5 1.066528
245.0 1.120024
245.5 1.093552
246.0 1.163784
246.5 1.088288
247.0 1.137168
247.5 1.126
248.0 1.154064
248.5 1.138128
249.0 1.090096
249.5 1.070896
250.0 1.046736
250.5 1.031072
251.0 1.471504
251.5 1.451616
252.0 0.961664
252.5 0.948576
253.0 1.049568
253.5 0.994896
254.0 1.101104
254.5 1.072
255.0 1.268736
255.5 1.248512
256.0 1.14928
256.5 1.118464
257.0 1.019872
257.5 1.044232
258.0 1.31096
258.5 1.280256
259.0 1.73116
259.5 1.63448
260.0 0.8058
260.5 0.7872
261.0 0.986968
261.5 0.966176
262.0 0.960912
262.5 0.96136
263.0 1.162376
263.5 1.13404
264.0 1.157416
264.5 1.122256
265.0 1.401664
265.5 1.427424
266.0 0.985888
266.5 0.893824
267.0 0.988248
267.5 0.97784
268.0 1.136392
268.5 1.111104
269.0 1.075888
269.5 1.086672
270.0 1.050064
270.5 1.010512
271.0 1.105536
271.5 1.209472
272.0 1.229792
272.5 1.078224
273.0 1.143312
273.5 1.08536
274.0 1.061472
274.5 1.053808
275.0 1.296888
275.5 1.252744
276.0 1.282128
276.5 1.180448
277.0 1.175776
277.5 1.15976
278.0 1.012184
278.5 0.995472
279.0 1.311608
279.5 1.287744
280.0 1.193304
280.5 1.170064
281.0 1.112
281.5 1.088192
282.0 1.052136
282.5 1.040176
283.0 1.054496
283.5 1.0532
284.0 1.243144
284.5 1.225408
285.0 0.999392
285.5 0.983088
286.0 1.12412
286.5 1.095376
287.0 1.239912
287.5 1.19288
288.0 1.186144
288.5 1.171488
289.0 1.223008
289.5 1.193328
290.0 0.997296
290.5 0.982136
291.0 1.004
291.5 1.027952
292.0 1.197232
292.5 1.139968
293.0 1.131128
293.5 1.06272
294.0 1.299008
294.5 1.273888
295.0 1.107328
295.5 1.097344
296.0 1.182928
296.5 1.172664
297.0 1.013808
297.5 1.010944
298.0 1.101792
298.5 1.067136
299.0 1.1128
299.5 1.10264
300.0 1.119968
300.5 1.103056
301.0 1.070224
301.5 1.140624
302.0 1.227808
302.5 1.135312
303.0 1.579936
303.5 1.526736
304.0 0.888144
304.5 0.880368
305.0 1.21572
305.5 1.150704
306.0 1.311768
306.5 1.254592
307.0 1.104288
307.5 1.093472
308.0 1.169424
308.5 1.157992
309.0 1.106992
309.5 1.08568
310.0 1.231008
310.5 1.20608
311.0 1.116504
311.5 1.090032
312.0 1.15092
312.5 1.124976
313.0 1.899456
313.5 1.799552
314.0 0.703392
314.5 0.688256
315.0 0.86004
315.5 0.847456
316.0 1.037952
316.5 1.014128
317.0 1.032648
317.5 1.012432
318.0 1.038168
318.5 1.020768
319.0 0.962368
319.5 0.9536
320.0 1.31844
320.5 1.358912
321.0 1.22772
321.5 1.152016
322.0 1.101232
322.5 1.088896
323.0 1.102128
323.5 1.083128
324.0 0.947512
324.5 0.922016
325.0 1.640224
325.5 1.59976
326.0 0.963512
326.5 0.937184
327.0 0.947976
327.5 0.929888
328.0 1.813992
328.5 1.765312
329.0 0.861464
329.5 0.879288
330.0 1.036776
330.5 0.981712
331.0 0.936008
331.5 0.952208
332.0 1.469312
332.5 1.450208
333.0 0.896136
333.5 0.796112
334.0 1.014624
334.5 1.006048
335.0 1.295808
335.5 1.236896
336.0 1.024672
336.5 0.981168
337.0 1.09804
337.5 1.086
338.0 1.256168
338.5 1.233616
339.0 0.970216
339.5 0.963184
340.0 0.962528
340.5 0.940736
341.0 1.227512
341.5 1.208584
342.0 1.17592
342.5 1.159344
343.0 1.158712
343.5 1.1268
344.0 1.08496
344.5 1.066976
345.0 1.14296
345.5 1.11672
346.0 1.093088
346.5 1.184224
347.0 1.344968
347.5 1.220656
348.0 1.234576
348.5 1.208512
349.0 1.023408
349.5 1.036672
350.0 0.93608
350.5 0.886224
351.0 1.113664
351.5 1.13288
352.0 1.225824
352.5 1.15912
353.0 1.184568
353.5 1.11456
354.0 1.086728
354.5 1.0716
355.0 1.171488
355.5 1.163952
356.0 1.159776
356.5 1.139512
357.0 1.14064
357.5 1.124288
358.0 1.243472
358.5 1.497232
359.0 1.65736
359.5 1.344976
360.0 1.371944
360.5 1.313552
361.0 1.191208
361.5 1.125344
362.0 1.369552
362.5 1.383312
363.0 1.150488
363.5 1.107024
364.0 1.30652
364.5 1.315968
365.0 1.18348
365.5 1.186832
366.0 1.314768
366.5 1.20776
367.0 1.144624
367.5 1.183856
368.0 1.449448
368.5 1.360208
369.0 1.168832
369.5 1.047536
370.0 1.354528
370.5 1.333904
371.0 1.176904
371.5 1.244192
372.0 1.361168
372.5 1.266944
373.0 1.123952
373.5 1.160896
374.0 1.338344
374.5 1.332752
375.0 1.14992
375.5 1.140336
376.0 1.344688
376.5 1.256752
377.0 1.15256
377.5 1.1712
378.0 1.331616
378.5 1.292192
379.0 1.068448
379.5 1.041824
380.0 1.333832
380.5 1.34336
381.0 1.195632
381.5 1.114624
382.0 1.385536
382.5 1.4412
383.0 1.233648
383.5 1.148736
384.0 1.298288
384.5 1.307736
385.0 1.123456
385.5 1.111968
386.0 1.410096
386.5 1.33464
387.0 1.124608
387.5 1.102016
388.0 1.405936
388.5 1.31152
389.0 1.084352
389.5 1.1388
390.0 1.427448
390.5 1.29032
391.0 1.180664
391.5 1.22856
392.0 1.337984
392.5 1.276384
393.0 1.172544
393.5 1.138328
394.0 1.332064
394.5 1.310368
395.0 0.765272
395.5 1.146944
396.0 0.693384
396.5 1.260496
397.0 0.710096
397.5 1.136752
398.0 0.69004
398.5 1.193968
399.0 1.412512
399.5 1.253488
400.0 1.003776
400.5 1.249824
401.0 0.726096
401.5 1.147616
402.0 0.72424
402.5 1.335232
403.0 1.427216
403.5 1.123392
404.0 1.435344
404.5 1.363184
405.0 1.059088
405.5 1.03292
406.0 1.263984
406.5 1.321984
407.0 1.19744
407.5 1.105696
408.0 1.459592
408.5 1.369808
409.0 1.16676
409.5 1.182352
410.0 1.449464
410.5 1.335824
411.0 1.1392
411.5 1.174912
412.0 1.38812
412.5 1.337664
413.0 1.170456
413.5 1.142864
414.0 1.38052
414.5 1.277872
415.0 1.134656
415.5 1.165008
416.0 1.180088
416.5 1.313232
417.0 1.285536
417.5 1.0884
418.0 1.024448
418.5 1.413808
419.0 0.72396
419.5 1.054368
420.0 0.763848
420.5 1.241768
421.0 1.322352
421.5 1.18408
422.0 1.28464
422.5 1.223232
423.0 1.335024
423.5 1.260912
424.0 1.18528
424.5 1.314384
425.0 1.450016
425.5 1.285344
426.0 1.113496
426.5 1.087432
427.0 1.12112
427.5 1.151296
428.0 1.335856
428.5 1.228848
429.0 1.241016
429.5 1.16632
430.0 1.140616
430.5 1.187456
431.0 1.089592
431.5 0.899888
432.0 0.714696
432.5 0.887744
433.0 1.508368
433.5 1.416736
434.0 1.333424
434.5 1.356944
435.0 1.48144
435.5 1.414944
436.0 1.214336
436.5 1.177792
437.0 1.297616
437.5 1.260576
438.0 1.234864
438.5 1.29212
439.0 1.307216
439.5 1.237088
440.0 1.140048
440.5 1.147936
441.0 1.424464
441.5 1.365952
442.0 1.159472
442.5 1.133712
443.0 1.299072
443.5 1.3272
444.0 1.150304
444.5 1.11616
445.0 1.175064
445.5 1.099664
446.0 1.265968
446.5 1.249888
447.0 1.389072
447.5 1.359728
448.0 0.860784
448.5 0.772568
449.0 0.106536
449.5 0.1
450.0 0.146744
450.5 0.1
451.0 0.147928
451.5 0.1
452.0 0.106608
452.5 0.1
453.0 0.10764
453.5 0.101688
454.0 0.107808
454.5 0.1
455.0 0.104744
455.5 0.1
456.0 0.106184
456.5 0.1
457.0 0.106152
457.5 0.1
458.0 0.103544
458.5 0.1
459.0 0.10568
459.5 0.101688
460.0 0.101856
460.5 0.1
461.0 0.102368
461.5 0.1
462.0 0.100928
462.5 0.1
463.0 0.100928
463.5 0.1
464.0 0.107936
464.5 0.1
465.0 0.106464
465.5 0.10176
466.0 0.101976
466.5 0.1
467.0 0.10348
467.5 0.1
468.0 0.160096
468.5 0.1
469.0 0.106912
469.5 0.10888
470.0 0.128368
470.5 0.123648
471.0 0.10488
471.5 0.10268
472.0 0.330112
472.5 0.503264
473.0 1.03752
473.5 1.052752
474.0 1.241584
474.5 1.228
475.0 1.08472
475.5 1.055664
476.0 1.24532
476.5 1.18576
477.0 0.985872
477.5 1.013136
478.0 1.331728
478.5 1.241264
479.0 1.063224
479.5 1.100928
480.0 1.232024
480.5 1.119712
481.0 1.028856
481.5 0.935728
482.0 1.232352
482.5 1.154064
483.0 1.024056
483.5 1.091056
484.0 1.26688
484.5 1.283984
485.0 0.993264
485.5 0.922272
486.0 1.142752
486.5 1.295624
487.0 1.222304
487.5 1.05448
488.0 1.2308
488.5 1.219216
489.0 1.147872
489.5 1.03056
490.0 1.034768
490.5 1.078704
491.0 1.012448
491.5 0.98168
492.0 1.221456
492.5 1.207528
493.0 1.092656
493.5 1.07056
494.0 1.126016
494.5 1.114864
495.0 1.12248
495.5 1.0312
496.0 1.179016
496.5 1.320208
497.0 1.263032
497.5 1.106208
498.0 1.117336
498.5 1.07952
499.0 1.022968
499.5 1.008048
500.0 1.105856
500.5 1.170592
501.0 1.215616
501.5 1.138336
502.0 1.184928
502.5 1.20416
503.0 1.229344
503.5 1.119344
504.0 1.163136
504.5 1.086216
505.0 1.012496
505.5 1.0764
506.0 1.143088
506.5 1.06008
507.0 1.00368
507.5 1.024352
508.0 1.134664
508.5 1.145696
509.0 1.238128
509.5 1.129648
510.0 1.1438
510.5 0.9276
511.0 1.356072
511.5 1.517376
512.0 1.054528
512.5 0.953728
513.0 1.09636
513.5 1.00592
514.0 1.046592
514.5 1.11744
515.0 1.145216
515.5 1.123424
516.0 1.055768
516.5 1.098128
517.0 1.285088
517.5 1.25336
518.0 1.136952
518.5 1.130672
519.0 1.062336
519.5 1.013224
520.0 1.080624
520.5 1.084992
521.0 1.14616
521.5 1.09344
522.0 0.996368
522.5 0.977392
523.0 1.208048
523.5 1.18024
524.0 1.082896
524.5 1.08128
525.0 1.145728
525.5 1.127192
526.0 1.17504
526.5 1.141952
527.0 1.23808
527.5 1.268496
528.0 1.169728
528.5 1.06696
529.0 1.092224
529.5 1.106448
530.0 1.103824
530.5 1.031472
531.0 1.300784
531.5 1.273968
532.0 1.065376
532.5 1.036912
533.0 1.186656
533.5 1.184944
534.0 1.011872
534.5 1.067888
535.0 1.193152
535.5 1.070912
536.0 1.149968
536.5 1.108112
537.0 1.126152
537.5 1.204984
538.0 1.170112
538.5 1.078512
539.0 1.097776
539.5 1.133344
540.0 0.982424
540.5 0.939408
541.0 0.866696
541.5 1.359856
542.0 1.50116
542.5 1.21968
543.0 0.653256
543.5 1.038736
544.0 0.795464
544.5 1.308456
545.0 0.7228
545.5 1.056656
546.0 0.53032
546.5 1.347136
547.0 2.378616
547.5 1.09592
548.0 1.526176
548.5 1.3706
549.0 0.566096
549.5 1.341232
550.0 1.431592
550.5 1.3704
551.0 0.6774
551.5 1.076336
552.0 1.468616
552.5 1.298368
553.0 1.053568
553.5 1.172448
554.0 1.466952
554.5 1.305328
555.0 1.061208
555.5 1.038448
556.0 1.048776
556.5 1.111776
557.0 1.68632
557.5 1.55308
558.0 1.390624
558.5 1.274904
559.0 0.793832
559.5 0.975848
560.0 1.023208
560.5 1.491912
561.0 1.146464
561.5 1.06688
562.0 1.024048
562.5 1.009536
563.0 0.723712
563.5 1.303288
564.0 1.052032
564.5 1.299488
565.0 1.007704
565.5 1.172736
566.0 1.32384
566.5 1.193264
567.0 1.168584
567.5 1.241248
568.0 1.434216
568.5 1.305952
569.0 1.176864
569.5 1.120832
570.0 1.103632
570.5 1.409504
571.0 1.909696
571.5 1.435872
572.0 1.332184
572.5 1.275072
573.0 1.005448
573.5 1.119168
574.0 1.3636
574.5 1.244544
575.0 1.294392
575.5 1.23952
576.0 0.654472
576.5 1.365024
577.0 1.96748
577.5 1.221184
578.0 1.4478
578.5 1.287696
579.0 1.155912
579.5 1.051712
580.0 1.39284
580.5 1.319552
581.0 1.13788
581.5 1.103104
582.0 1.209216
582.5 1.162496
583.0 1.141608
583.5 1.14552
584.0 0.8486
584.5 1.337816
585.0 1.864848
585.5 1.279104
586.0 0.847336
586.5 1.317088
587.0 1.906592
587.5 1.59544
588.0 1.126968
588.5 1.155056
589.0 1.670888
589.5 1.072672
590.0 0.884744
590.5 1.175256
591.0 1.521528
591.5 1.308352
592.0 1.500904
592.5 1.0704
593.0 1.198056
593.5 1.245856
594.0 0.649464
594.5 1.23456
595.0 0.977016
595.5 1.46976
596.0 0.92976
596.5 1.007648
597.0 0.626576
597.5 0.455776
598.0 0.515888
598.5 0.939736
599.0 0.729816
599.5 0.546928
600.0 0.587432
600.5 0.622608
601.0 0.378304
601.5 0.889072
602.0 0.543728
602.5 1.539056
603.0 0.26296
603.5 1.046112
604.0 0.327872
604.5 1.551072
605.0 0.298584
605.5 1.593344
606.0 0.24208
606.5 1.158864
607.0 0.261952
607.5 1.03116
608.0 0.143288
608.5 0.769072
609.0 0.148872
609.5 1.069936
610.0 0.181784
610.5 1.079072
611.0 0.13716
611.5 0.790848
612.0 0.18196
612.5 1.230736
613.0 0.413928
613.5 1.11876
614.0 0.1462
614.5 0.843984
615.0 0.21784
615.5 1.397712
616.0 0.501
616.5 1.095488
617.0 0.245376
617.5 1.402336
618.0 3.222168
618.5 1.316848
619.0 2.730376
619.5 1.474696
620.0 1.62756
620.5 1.201408
621.0 1.255888
621.5 1.226928
622.0 1.277688
622.5 1.198408
623.0 0.70908
623.5 1.207632
624.0 1.040776
624.5 1.112192
625.0 1.360672
625.5 1.475808
626.0 0.158152
626.5 1.025024
627.0 1.213952
627.5 1.436144
628.0 0.190976
628.5 1.248944
629.0 0.720984
629.5 1.20144
630.0 0.230784
630.5 1.096496
631.0 0.301624
631.5 1.597688
632.0 0.15836
632.5 0.959904
633.0 1.705944
633.5 1.439632
634.0 4.730408
634.5 1.275856
635.0 4.240728
635.5 1.176352
636.0 3.28996
636.5 1.254624
637.0 0.808832
637.5 1.249952
638.0 1.656024
638.5 1.649536
639.0 1.733936
639.5 1.237264
640.0 0.98096
640.5 1.110336
641.0 0.8514
641.5 1.016688
642.0 2.018152
642.5 1.301472
643.0 0.15764
643.5 1.268496
644.0 0.177368
644.5 1.329936
645.0 0.144752
645.5 1.188592
646.0 0.183696
646.5 1.290904
647.0 0.144176
647.5 1.19304
648.0 1.31868
648.5 1.235296
649.0 1.040528
649.5 1.192192
650.0 1.191616
650.5 1.526064
651.0 2.048104
651.5 1.183344
652.0 1.97908
652.5 1.360744
653.0 0.90868
653.5 1.275648
654.0 0.184184
654.5 1.148672
655.0 1.688088
655.5 1.181192
656.0 0.674416
656.5 1.27704
657.0 0.134952
657.5 1.0356
658.0 2.502736
658.5 1.545328
659.0 0.225448
659.5 1.065744
660.0 2.657752
660.5 1.485808
661.0 2.094472
661.5 1.073424
662.0 2.339512
662.5 1.392944
663.0 0.837928
663.5 1.128288
664.0 1.588168
664.5 1.462392
665.0 3.3902
665.5 1.142608
666.0 1.12668
666.5 1.119616
667.0 1.760376
667.5 1.169296
668.0 1.228256
668.5 1.304704
669.0 1.2974
669.5 1.218864
670.0 1.378
670.5 1.304384
671.0 0.92112
671.5 0.923808
672.0 1.197608
672.5 1.576064
673.0 1.264504
673.5 1.119232
674.0 2.201048
674.5 1.298432
675.0 0.73324
675.5 1.237024
676.0 1.906752
676.5 1.273248
677.0 1.558088
677.5 1.165664
678.0 0.82976
678.5 1.59672
679.0 2.52216
679.5 1.204376
680.0 1.072704
680.5 1.067104
681.0 0.384528
681.5 1.276288
682.0 3.126192
682.5 1.605104
683.0 0.509856
683.5 1.191808
684.0 2.844784
684.5 1.324752
685.0 1.023808
685.5 1.055896
686.0 0.645888
686.5 1.329216
687.0 2.100856
687.5 1.381312
688.0 1.208832
688.5 1.041952
689.0 1.12256
689.5 1.111328
690.0 0.782456
690.5 1.24336
691.0 1.797936
691.5 1.26696
692.0 1.179
692.5 1.173216
693.0 1.088824
693.5 1.106624
694.0 1.152264
694.5 1.149936
695.0 1.453224
695.5 1.378592
696.0 0.737344
696.5 1.076016
697.0 1.415864
697.5 1.191128
698.0 1.943128
698.5 1.646288
699.0 1.392976
699.5 1.265392
700.0 0.868736
700.5 1.036208
701.0 1.326744
701.5 1.256576
702.0 1.847848
702.5 1.542816
703.0 0.833208
703.5 0.853408
704.0 0.756952
704.5 1.321936
705.0 2.132344
705.5 1.376832
706.0 0.981384
706.5 0.989024
707.0 1.131224
707.5 1.147392
708.0 1.117408
708.5 1.162528
709.0 1.09092
709.5 1.079328
710.0 1.237296
710.5 1.060208
711.0 1.327096
711.5 1.3268
712.0 1.408008
712.5 1.331464
713.0 1.082312
713.5 1.312576
714.0 0.867544
714.5 1.212832
715.0 1.758104
715.5 1.54824
716.0 0.89552
716.5 1.071536
717.0 1.221528
717.5 1.278576
718.0 1.19316
718.5 1.260264
719.0 0.298512
719.5 1.26112
720.0 1.047552
720.5 1.190096
721.0 1.140416
721.5 1.145096
722.0 1.104064
722.5 1.151192
723.0 1.124696
723.5 1.522776
724.0 1.4872
724.5 1.152616
725.0 1.112752
725.5 1.200216
726.0 1.137808
726.5 1.066272
727.0 1.035152
727.5 1.007792
728.0 0.982736
728.5 0.320176
729.0 1.018656
729.5 0.145152
730.0 1.190192
730.5 0.140032
731.0 1.024368
731.5 0.179824
732.0 1.01128
732.5 5.12028
733.0 1.29008
733.5 0.635352
734.0 1.121456
734.5 0.561288
735.0 1.072392
735.5 0.462192
736.0 1.268912
736.5 0.448064
737.0 1.094928
737.5 0.559032
738.0 1.218656
738.5 0.593552
739.0 1.092832
739.5 0.553376
740.0 1.192528
740.5 0.525664
741.0 0.989088
741.5 0.521648
742.0 1.19112
742.5 0.450192
743.0 1.038144
743.5 0.54484
744.0 1.324016
744.5 0.67272
745.0 1.126992
745.5 0.62848
746.0 1.082624
746.5 0.69488
747.0 1.01568
747.5 0.737512
748.0 1.27176
748.5 0.594896
749.0 0.977392
749.5 0.708208
750.0 1.112072
750.5 0.635168
751.0 1.0192
751.5 0.75904
752.0 1.310064
752.5 1.244048
753.0 0.948448
753.5 1.250856
754.0 1.239744
754.5 1.131896
755.0 1.046896
755.5 1.327392
756.0 1.294792
756.5 0.941592
757.0 0.929632
757.5 0.951288
758.0 0.947616
758.5 1.692088
759.0 1.750096
759.5 1.281352
760.0 1.161248
760.5 1.133992
761.0 1.110928
761.5 0.66592
762.0 0.655968
762.5 1.768912
763.0 1.740224
763.5 0.68488
764.0 0.684416
764.5 1.2696
765.0 1.26352
765.5 0.87556
766.0 0.847392
766.5 1.250128
767.0 1.264656
767.5 0.99688
768.0 0.958456
768.5 1.501232
769.0 1.450064
769.5 0.854352
770.0 0.84816
770.5 0.961032
771.0 0.938544
771.5 0.992064
772.0 0.9856
772.5 1.125736
773.0 1.115648
773.5 1.101136
774.0 1.039888
774.5 1.290664
775.0 1.222016
775.5 1.156856
776.0 1.147544
776.5 1.07644
777.0 1.017008
777.5 1.16644
778.0 1.132608
778.5 1.20728
779.0 1.178768
779.5 1.222168
780.0 1.203616
780.5 1.122024
781.0 1.103824
781.5 1.088216
782.0 1.06808
782.5 1.205624
783.0 1.187896
783.5 1.11636
784.0 1.09536
784.5 1.137616
785.0 1.123072
785.5 0.829144
786.0 0.856144
786.5 1.327504
787.0 1.268624
787.5 1.106552
788.0 1.088928
788.5 1.10272
789.0 1.133912
789.5 1.160416
790.0 1.108864
790.5 1.206576
791.0 1.198192
791.5 1.017904
792.0 1.047888
792.5 1.180528
793.0 1.129552
793.5 1.047272
794.0 1.037936
794.5 1.232768
795.0 1.192384
795.5 1.199744
796.0 1.165088
796.5 1.192928
797.0 1.184688
797.5 1.089
798.0 1.069872
798.5 1.030512
799.0 0.993088
799.5 1.247928
800.0 1.234912
800.5 1.03136
801.0 1.082136
801.5 1.041088
802.0 0.96024
802.5 1.13872
803.0 1.135056
803.5 1.100224
804.0 1.119728
804.5 1.463664
805.0 1.403376
805.5 1.136128
806.0 1.11544
806.5 1.001176
807.0 0.948928
807.5 0.99172
808.0 0.932352
808.5 1.182512
809.0 1.167296
809.5 1.184096
810.0 1.163568
810.5 1.064656
811.0 1.131248
811.5 1.229312
812.0 1.1436
812.5 1.082536
813.0 1.06664
813.5 0.996352
814.0 0.9992
814.5 1.306368
815.0 1.233664
815.5 1.069928
816.0 1.119512
816.5 1.222816
817.0 1.165024
817.5 1.120464
818.0 1.08528
818.5 1.137808
819.0 1.1248
819.5 1.066032
820.0 1.058336
820.5 1.25396
821.0 1.22048
821.5 1.090544
822.0 1.071704
822.5 1.201832
823.0 1.187344
823.5 1.106136
824.0 1.098
824.5 1.13956
825.0 1.11928
825.5 1.089752
826.0 1.076848
826.5 1.083792
827.0 1.089712
827.5 1.295792
828.0 1.251968
828.5 0.930032
829.0 0.921424
829.5 1.06636
830.0 1.059376
830.5 0.9364
831.0 0.931616
831.5 1.19792
832.0 1.188944
832.5 1.161712
833.0 1.160544
833.5 1.3156
834.0 1.305064
834.5 1.048224
835.0 0.986592
835.5 1.231064
836.0 1.198352
836.5 1.200336
837.0 1.139792
837.5 1.261952
838.0 1.256848
838.5 1.187608
839.0 1.112192
839.5 1.219368
840.0 1.176992
840.5 0.923376
841.0 0.910592
841.5 1.043536
842.0 1.047792
842.5 1.040408
843.0 1.019536
843.5 1.18996
844.0 1.191936
844.5 1.190136
845.0 1.151328
845.5 1.142392
846.0 1.123696
846.5 1.02744
847.0 1.058304
847.5 0.924
848.0 0.91312
848.5 1.19364
849.0 1.145832
849.5 1.095904
850.0 1.074784
850.5 1.152432
851.0 1.172112
851.5 1.199712
852.0 1.148384
852.5 1.122912
853.0 1.111024
853.5 1.352088
854.0 1.3304
854.5 1.065744
855.0 0.9818
855.5 1.209984
856.0 1.202064
856.5 1.134432
857.0 1.09888
857.5 1.146944
858.0 1.128048
858.5 1.002432
859.0 0.9952
859.5 1.162512
860.0 1.156736
860.5 1.08364
861.0 1.047584
861.5 1.206512
862.0 1.187616
862.5 1.096544
863.0 1.092736
863.5 1.113864
864.0 1.108544
864.5 1.191024
865.0 1.175776
865.5 0.9596
866.0 0.943872
866.5 1.299544
867.0 1.241928
867.5 1.114552
868.0 1.057488
868.5 1.247424
869.0 1.2308
869.5 1.05984
870.0 1.111288
870.5 1.19432
871.0 1.115904
871.5 1.11112
872.0 1.096496
872.5 1.27488
873.0 1.171896
873.5 1.133984
874.0 1.109616
874.5 1.300824
875.0 1.195936
875.5 1.226848
876.0 1.203456
876.5 1.047464
877.0 1.04192
877.5 1.137376
878.0 1.137008
878.5 1.140568
879.0 1.099872
879.5 1.026088
880.0 1.005504
880.5 1.265192
881.0 1.24632
881.5 1.310336
882.0 1.278296
882.5 1.043984
883.0 1.036128
883.5 1.016808
884.0 0.996128
884.5 1.079008
885.0 1.065936
885.5 1.01928
886.0 1.028848
886.5 1.26148
887.0 1.22112
887.5 0.952784
888.0 1.016648
888.5 1.358832
889.0 1.27128
889.5 1.166592
890.0 1.146672
890.5 1.044656
891.0 1.031632
891.5 1.045048
892.0 1.022496
892.5 1.152048
893.0 1.140848
893.5 1.222928
894.0 1.202304
894.5 1.285144
895.0 1.210416
895.5 1.147616
896.0 1.10944
896.5 1.145104
897.0 1.093168
897.5 1.131224
898.0 1.074144
898.5 0.991856
899.0 1.003648
899.5 1.211432
900.0 1.197216
900.5 1.251112
901.0 1.222432
901.5 1.268768
902.0 1.237616
902.5 1.323056
903.0 1.287416
903.5 1.200088
904.0 1.214096
904.5 1.096216
905.0 1.065744
905.5 1.281928
906.0 1.248384
906.5 1.243896
907.0 1.171704
907.5 1.295336
908.0 1.291952
908.5 1.254136
909.0 1.254928
909.5 1.167864
910.0 1.283152
910.5 1.239048
911.0 1.17376
911.5 1.258256
912.0 1.255
912.5 0.56044
913.0 0.545776
913.5 1.536712
914.0 1.551296
914.5 1.51108
915.0 1.57136
915.5 1.137288
916.0 1.379456
916.5 0.829352
917.0 1.288592
917.5 0.94768
918.0 1.215896
918.5 0.773176
919.0 1.467488
919.5 1.225896
920.0 1.266752
920.5 1.36272
921.0 1.156016
921.5 1.07284
922.0 1.191456
922.5 1.5174
923.0 1.083704
923.5 0.930784
924.0 1.103864
924.5 0.77096
925.0 1.595232
925.5 1.546792
926.0 1.111552
926.5 1.075016
927.0 1.17488
927.5 0.94828
928.0 1.063104
928.5 1.471528
929.0 1.2264
929.5 1.26928
930.0 1.199656
930.5 1.285952
931.0 1.196816
931.5 1.321472
932.0 1.246016
932.5 1.390272
933.0 1.257056
933.5 1.05832
934.0 1.100208
934.5 1.400352
935.0 1.357568
935.5 1.167744
936.0 1.104704
936.5 0.709096
937.0 1.364896
937.5 0.580656
938.0 1.202936
938.5 1.338056
939.0 1.440048
939.5 1.228216
940.0 1.316304
940.5 0.819512
941.0 1.146144
941.5 0.874176
942.0 1.14272
942.5 1.357792
943.0 1.307104
943.5 1.139432
944.0 1.16616
944.5 0.69244
945.0 1.249984
945.5 0.650968
946.0 1.166416
946.5 1.458784
947.0 1.383712
947.5 1.132896
948.0 1.15208
948.5 0.995632
949.0 1.369088
949.5 0.88052
950.0 0.946816
950.5 0.685176
951.0 1.319
951.5 0.73
952.0 1.278
952.5 0.925176
953.0 1.052336
953.5 0.787376
954.0 1.261632
954.5 0.729648
955.0 1.201328
955.5 0.701736
956.0 1.155792
956.5 0.615944
957.0 1.37728
957.5 0.851072
958.0 1.243568
958.5 0.811312
959.0 1.254688
959.5 0.73804
960.0 1.132432
960.5 0.978224
961.0 1.23704
961.5 0.906944
962.0 1.003792
962.5 0.70684
963.0 1.408832
963.5 0.701448
964.0 1.284968
964.5 1.034576
965.0 1.278336
965.5 0.904968
966.0 1.188784
966.5 1.086592
967.0 1.165744
967.5 0.754656
968.0 1.191696
968.5 1.178864
969.0 1.252944
969.5 0.952264
970.0 1.142896
970.5 1.077304
971.0 1.327376
971.5 1.449872
972.0 1.291568
972.5 1.152448
973.0 1.16696
973.5 0.710432
974.0 1.088304
974.5 1.444192
975.0 1.348144
975.5 1.796464
976.0 1.311664
976.5 1.173192
977.0 1.128672
977.5 1.089488
978.0 1.091736
978.5 1.328528
979.0 1.309664
979.5 1.169768
980.0 1.198752
980.5 1.211304
981.0 1.14376
981.5 1.114184
982.0 1.044224
982.5 1.059848
983.0 1.330832
983.5 1.8112
984.0 1.43132
984.5 0.983256
985.0 1.278608
985.5 1.927136
986.0 1.505136
986.5 1.082432
987.0 0.990512
987.5 1.026168
988.0 1.043488
988.5 1.311456
989.0 1.28896
989.5 1.283512
990.0 1.141568
990.5 1.219432
991.0 1.235552
991.5 1.127864
992.0 1.112352
992.5 1.308856
993.0 1.273232
993.5 1.232088
994.0 1.233376
994.5 1.231128
995.0 1.1928
995.5 1.15264
996.0 1.167728
996.5 1.266864
997.0 1.237328
997.5 1.237112
998.0 1.237264
998.5 1.165448
999.0 1.108096
999.5 1.25796
1000.0 1.248224
1000.5 1.344864
1001.0 1.323712
1001.5 1.798864
1002.0 1.600968
1002.5 1.085208
1003.0 1.125168
1003.5 1.172864
1004.0 1.14736
1004.5 1.110696
1005.0 1.041664
1005.5 1.281304
1006.0 1.311696
1006.5 1.140744
1007.0 1.021088
1007.5 1.639768
1008.0 1.572736
1008.5 1.162424
1009.0 1.154464
1009.5 1.267912
1010.0 1.28256
1010.5 0.991272
1011.0 0.965936
1011.5 1.402648
1012.0 1.413168
1012.5 1.219568
1013.0 1.13904
1013.5 1.216512
1014.0 1.167664
1014.5 1.335888
1015.0 1.332784
1015.5 1.415936
1016.0 1.324896
1016.5 1.180424
1017.0 1.168648
1017.5 1.062568
1018.0 1.057568
1018.5 1.382424
1019.0 1.364688
1019.5 1.14596
1020.0 1.082912
1020.5 1.311376
1021.0 1.285776
1021.5 1.385312
1022.0 1.296792
1022.5 1.095456
1023.0 1.07672
1023.5 1.147688
1024.0 1.18432
1024.5 1.202856
1025.0 1.156176
1025.5 1.401144
1026.0 1.402592
1026.5 1.1302
1027.0 1.048384
1027.5 1.431992
1028.0 1.445728
1028.5 1.172728
1029.0 1.149296
1029.5 1.322136
1030.0 1.3244
1030.5 1.279544
1031.0 1.220656
1031.5 1.267416
1032.0 1.221104
1032.5 1.219472
1033.0 1.205104
1033.5 1.262664
1034.0 1.24992
1034.5 1.184744
1035.0 1.186384
1035.5 1.432392
1036.0 1.378464
1036.5 1.240632
1037.0 1.19856
1037.5 1.221944
1038.0 1.239264
1038.5 1.175192
1039.0 1.13816
1039.5 0.782328
1040.0 1.257728
1040.5 2.061048
1041.0 1.44184
1041.5 0.8064
1042.0 1.229488
1042.5 2.023752
1043.0 1.388496
1043.5 1.040928
1044.0 1.19728
1044.5 1.321584
1045.0 1.094672
1045.5 1.168296
1046.0 1.296384
1046.5 1.402744
1047.0 1.189824
1047.5 1.184912
1048.0 1.162352
1048.5 1.07472
1049.0 1.132056
1049.5 1.313928
1050.0 1.151032
1050.5 1.12236
1051.0 1.203472
1051.5 1.348432
1052.0 1.3978
1052.5 1.553872
1053.0 1.219208
1053.5 1.003312
1054.0 1.210856
1054.5 1.510976
1055.0 1.259176
1055.5 1.053432
1056.0 1.231184
1056.5 1.49524
1057.0 1.26252
1057.5 1.080712
1058.0 1.167968
1058.5 1.494088
1059.0 1.357168
1059.5 1.126696
1060.0 1.184936
1060.5 1.58484
1061.0 1.383008
1061.5 1.125544
1062.0 1.1356
1062.5 1.40452
1063.0 1.271496
1063.5 1.112584
1064.0 1.129136
1064.5 1.306192
1065.0 1.243504
1065.5 1.40772
1066.0 1.372224
1066.5 1.283
1067.0 1.169264
1067.5 1.022256
1068.0 1.057952
1068.5 1.329816
1069.0 1.22112
1069.5 0.949608
1070.0 1.01136
1070.5 1.346072
1071.0 1.244992
1071.5 1.157704
1072.0 1.195824
1072.5 1.54892
1073.0 1.444624
1073.5 0.930544
1074.0 0.946352
1074.5 1.320504
1075.0 1.44248
1075.5 1.503096
1076.0 1.240128
1076.5 1.108864
1077.0 1.085936
1077.5 1.58308
1078.0 1.498256
1078.5 1.075144
1079.0 1.086528
1079.5 1.205912
1080.0 1.14584
1080.5 1.129272
1081.0 1.041456
1081.5 1.047872
1082.0 1.094048
1082.5 1.137584
1083.0 1.07536
1083.5 1.27516
1084.0 1.22464
1084.5 1.21088
1085.0 1.186448
1085.5 1.112304
1086.0 1.076208
1086.5 1.018368
1087.0 0.981168
1087.5 1.050672
1088.0 1.160016
1088.5 1.111824
1089.0 1.074384
1089.5 1.16296
1090.0 1.093392
1090.5 1.203856
1091.0 1.153136
1091.5 1.177456
1092.0 1.159664
1092.5 1.082832
1093.0 1.117456
1093.5 1.188688
1094.0 1.21476
1094.5 1.17568
1095.0 1.084592
1095.5 1.138448
1096.0 1.222144
1096.5 1.214944
1097.0 1.1636
1097.5 1.115736
1098.0 0.99504
1098.5 1.024576
1099.0 1.035408
1099.5 1.117072
1100.0 1.07756
1100.5 1.167664
1101.0 1.072512
1101.5 1.04424
1102.0 1.103808
1102.5 1.082776
1103.0 1.154096
1103.5 1.2176
1104.0 1.024896
1104.5 1.108112
1105.0 1.160768
1105.5 1.19584
1106.0 1.078112
1106.5 1.112992
1107.0 1.187488
1107.5 1.25144
1108.0 1.248208
1108.5 1.15588
1109.0 1.177296
1109.5 1.113248
1110.0 1.063856
1110.5 1.06744
1111.0 0.989744
1111.5 1.066032
1112.0 1.138312
1112.5 1.065752
1113.0 1.055888
1113.5 1.24356
1114.0 1.191232
1114.5 1.081152
1115.0 0.975024
1115.5 1.179768
1116.0 1.112816
1116.5 0.25872
1117.0 0.15928
1117.5 0.336072
1118.0 0.240272
1118.5 0.118936
1119.0 0.194384
1119.5 0.821
1120.0 1.319968
1120.5 2.948136
1121.0 2.885888
1121.5 2.792456
1122.0 2.645552
1122.5 1.058672
1123.0 1.019568
1123.5 0.304336
1124.0 1.19792
1124.5 0.274368
1125.0 1.157104
1125.5 0.76836
1126.0 1.159712
1126.5 1.161592
1127.0 1.123736
1127.5 1.196368
1128.0 1.179632
1128.5 1.530008
1129.0 1.34
1129.5 1.111376
1130.0 1.047552
1130.5 1.190096
1131.0 1.140416
1131.5 1.145096
1132.0 1.104064
1132.5 1.151192
1133.0 1.124696
1133.5 1.522776
1134.0 1.4872
1134.5 1.152616
1135.0 1.112752
1135.5 1.200216
1136.0 1.137808
1136.5 1.066272
1137.0 1.035152
1137.5 1.007792
1138.0 0.982736
1138.5 0.320176
1139.0 1.018656
1139.5 0.145152
1140.0 1.190192
1140.5 0.140032
1141.0 1.024368
1141.5 0.179824
1142.0 1.01128
1142.5 5.12028
1143.0 1.29008
1143.5 0.635352
1144.0 1.121456
1144.5 0.561288
1145.0 1.072392
1145.5 0.462192
1146.0 1.268912
1146.5 0.448064
1147.0 1.094928
1147.5 0.559032
1148.0 1.218656
1148.5 0.593552
1149.0 1.092832
1149.5 0.553376
1150.0 1.192528
1150.5 0.525664
1151.0 0.989088
1151.5 0.521648
1152.0 1.19112
1152.5 0.450192
1153.0 1.038144
1153.5 0.54484
1154.0 1.324016
1154.5 0.67272
1155.0 1.126992
1155.5 0.62848
1156.0 1.082624
1156.5 0.69488
1157.0 1.01568
1157.5 0.737512
1158.0 1.27176
1158.5 0.594896
1159.0 0.977392
1159.5 0.708208
1160.0 1.112072
1160.5 0.635168
1161.0 1.0192
1161.5 0.75904
1162.0 1.310064
1162.5 1.244048
1163.0 0.948448
1163.5 1.250856
1164.0 1.239744
1164.5 1.131896
1165.0 1.046896
1165.5 1.327392
1166.0 1.294792
1166.5 0.941592
1167.0 0.929632
1167.5 0.951288
1168.0 0.947616
1168.5 1.692088
1169.0 1.750096
1169.5 1.281352
1170.0 1.161248
1170.5 1.133992
1171.0 1.110928
1171.5 0.66592
1172.0 0.655968
1172.5 1.768912
1173.0 1.740224
1173.5 0.68488
1174.0 0.684416
1174.5 1.2696
1175.0 1.26352
1175.5 0.87556
1176.0 0.847392
1176.5 1.250128
1177.0 1.264656
1177.5 0.99688
1178.0 0.958456
1178.5 1.501232
1179.0 1.450064
1179.5 0.854352
1180.0 0.84816
1180.5 0.961032
1181.0 0.938544
1181.5 0.992064
1182.0 0.9856
1182.5 1.125736
1183.0 1.115648
1183.5 1.101136
1184.0 1.039888
1184.5 1.290664
1185.0 1.222016
1185.5 1.156856
1186.0 1.147544
1186.5 1.07644
1187.0 1.017008
1187.5 1.16644
1188.0 1.132608
1188.5 1.20728
1189.0 1.178768
1189.5 1.222168
1190.0 1.203616
1190.5 1.122024
1191.0 1.103824
1191.5 1.088216
1192.0 1.06808
1192.5 1.205624
1193.0 1.187896
1193.5 1.11636
1194.0 1.09536
1194.5 1.137616
1195.0 1.123072
1195.5 0.829144
1196.0 0.856144
1196.5 1.327504
1197.0 1.268624
1197.5 1.106552
1198.0 1.088928
1198.5 1.10272
1199.0 1.133912
1199.5 1.160416
1200.0 1.108864
1200.5 1.206576
1201.0 1.198192
1201.5 1.017904
1202.0 1.047888
1202.5 1.180528
1203.0 1.129552
1203.5 1.047272
1204.0 1.037936
1204.5 1.232768
1205.0 1.192384
1205.5 1.199744
1206.0 1.165088
1206.5 1.192928
1207.0 1.184688
1207.5 1.089
1208.0 1.069872
1208.5 1.030512
1209.0 0.993088
1209.5 1.247928
1210.0 1.234912
1210.5 1.03136
1211.0 1.082136
1211.5 1.041088
1212.0 0.96024
1212.5 1.13872
1213.0 1.135056
1213.5 1.100224
1214.0 1.119728
1214.5 1.463664
1215.0 1.403376
1215.5 1.136128
1216.0 1.11544
1216.5 1.001176
1217.0 0.948928
1217.5 0.99172
1218.0 0.932352
1218.5 1.182512
1219.0 1.167296
1219.5 1.184096
1220.0 1.163568
1220.5 1.064656
1221.0 1.131248
1221.5 1.229312
1222.0 1.1436
1222.5 1.082536
1223.0 1.06664
1223.5 0.996352
1224.0 0.9992
1224.5 1.306368
1225.0 1.233664
1225.5 1.069928
1226.0 1.119512
1226.5 1.222816
1227.0 1.165024
1227.5 1.120464
1228.0 1.08528
1228.5 1.137808
1229.0 1.1248
1229.5 1.066032
1230.0 1.058336
1230.5 1.25396
1231.0 1.22048
1231.5 1.090544
1232.0 1.071704
1232.5 1.201832
1233.0 1.187344
1233.5 1.106136
1234.0 1.098
1234.5 1.13956
1235.0 1.11928
1235.5 1.089752
1236.0 1.076848
1236.5 1.083792
1237.0 1.089712
1237.5 1.295792
1238.0 1.251968
1238.5 0.930032
1239.0 0.921424
1239.5 1.06636
1240.0 1.059376
1240.5 0.9364
1241.0 0.931616
1241.5 1.19792
1242.0 1.188944
1242.5 1.161712
1243.0 1.160544
1243.5 1.3156
1244.0 1.305064
1244.5 1.048224
1245.0 0.986592
1245.5 1.231064
1246.0 1.198352
1246.5 1.200336
1247.0 1.139792
1247.5 1.261952
1248.0 1.256848
1248.5 1.187608
1249.0 1.112192
1249.5 1.219368
1250.0 1.176992
1250.5 0.923376
1251.0 0.910592
1251.5 1.043536
1252.0 1.047792
1252.5 1.040408
1253.0 1.019536
1253.5 1.18996
1254.0 1.191936
1254.5 1.190136
1255.0 1.151328
1255.5 1.142392
1256.0 1.123696
1256.5 1.02744
1257.0 1.058304
1257.5 0.924
1258.0 0.91312
1258.5 1.19364
1259.0 1.145832
1259.5 1.095904
1260.0 1.11952
1260.5 1.192368
1261.0 1.120016
1261.5 1.168496
1262.0 1.142528
1262.5 1.19776
1263.0 1.188
1263.5 1.14692
1264.0 1.133936
1264.5 1.067344
1265.0 1.061504
1265.5 1.236832
1266.0 1.21832
1266.5 1.23784
1267.0 1.22904
1267.5 1.077008
1268.0 1.06204
1268.5 1.072672
1269.0 1.057936
1269.5 1.145872
1270.0 1.125504
1270.5 1.01104
1271.0 0.995232
1271.5 1.350536
1272.0 1.327296
1272.5 1.071952
1273.0 1.091168
1273.5 1.30728
1274.0 1.26276
1274.5 1.10176
1275.0 1.084208
1275.5 1.137952
1276.0 1.184784
1276.5 1.002672
1277.0 0.9248
1277.5 1.131104
1278.0 1.104624
1278.5 0.982672
1279.0 0.97392
1279.5 1.320512
1280.0 1.292496
1280.5 1.20064
1281.0 1.119856
1281.5 1.118224
1282.0 1.102784
1282.5 1.039232
1283.0 0.980024
1283.5 1.196136
1284.0 1.14832
1284.5 1.25256
1285.0 1.186496
1285.5 1.267184
1286.0 1.250568
1286.5 0.900296
1287.0 0.892048
1287.5 1.094232
1288.0 1.077488
1288.5 1.090184
1289.0 1.06808
1289.5 1.154608
1290.0 1.134208
1290.5 1.282648
1291.0 1.25744
1291.5 1.214304
1292.0 1.1952
1292.5 1.161696
1293.0 1.148336
1293.5 1.249688
1294.0 1.248416
1294.5 1.068104
1295.0 1.017312
1295.5 1.267904
1296.0 1.25456
1296.5 1.071808
1297.0 1.101936
1297.5 1.247536
1298.0 1.187168
1298.5 1.069376
1299.0 1.031936
1299.5 1.204096
1300.0 1.215488
1300.5 1.972056
1301.0 1.819496
1301.5 0.767888
1302.0 0.747776
1302.5 0.823456
1303.0 0.810768
1303.5 1.032352
1304.0 1.001136
1304.5 0.979648
1305.0 0.956944
1305.5 1.109584
1306.0 1.087792
1306.5 0.998032
1307.0 0.993112
1307.5 1.390256
1308.0 1.326576
1308.5 1.005072
1309.0 0.992384
1309.5 1.252448
1310.0 1.223184
1310.5 1.009728
1311.0 0.994864
1311.5 1.063728
1312.0 1.046736
1312.5 1.64156
1313.0 1.558352
1313.5 0.906008
1314.0 0.855312
1314.5 1.054928
1315.0 1.048512
1315.5 1.17696
1316.0 1.165024
1316.5 1.120144
1317.0 1.105664
1317.5 1.27384
1318.0 1.261568
1318.5 0.85136
1319.0 0.843688
1319.5 1.356384
1320.0 1.334816
1320.5 1.010048
1321.0 0.93872
1321.5 1.270384
1322.0 1.267152
1322.5 1.150768
1323.0 1.117424
1323.5 1.194504
1324.0 1.131568
1324.5 0.908504
1325.0 0.89272
1325.5 1.164344
1326.0 1.166304
1326.5 1.24652
1327.0 1.21464
1327.5 1.012504
1328.0 0.988352
1328.5 0.966752
1329.0 0.954944
1329.5 1.194264
1330.0 1.175472
1330.5 0.96716
1331.0 0.960944
1331.5 1.351504
1332.0 1.333248
1332.5 1.111936
1333.0 1.14184
1333.5 1.14856
1334.0 1.103048
1334.5 1.215088
1335.0 1.205952
1335.5 0.984176
1336.0 0.980032
1336.5 1.127168
1337.0 1.111936
1337.5 1.225064
1338.0 1.187424
1338.5 1.132704
1339.0 1.101328
1339.5 1.061272
1340.0 1.04684
1340.5 0.904424
1341.0 0.812768
1341.5 1.020464
1342.0 1.0108
1342.5 1.350032
1343.0 1.28496
1343.5 1.380096
1344.0 1.340552
1344.5 1.185984
1345.0 1.138032
1345.5 1.095088
1346.0 1.076
1346.5 1.104136
1347.0 1.087808
1347.5 1.448312
1348.0 1.428752
1348.5 1.154904
1349.0 1.14568
1349.5 1.035704
1350.0 1.028176
1350.5 0.96672
1351.0 0.952144
1351.5 0.969776
1352.0 0.9502
1352.5 1.2604
1353.0 1.246352
1353.5 0.865496
1354.0 0.853088
1354.5 1.155064
1355.0 1.1388
1355.5 1.264928
1356.0 1.240624
1356.5 1.183728
1357.0 1.165888
1357.5 1.037528
1358.0 1.023632
1358.5 1.301912
1359.0 1.278768
1359.5 1.22816
1360.0 1.213472
1360.5 1.184992
1361.0 1.107328
1361.5 1.016016
1362.0 1.008736
1362.5 1.202016
1363.0 1.177024
1363.5 1.151304
1364.0 1.131056
1364.5 1.06384
1365.0 1.04512
1365.5 1.06976
1366.0 1.052576
1366.5 1.168984
1367.0 1.15412
1367.5 1.06728
1368.0 1.046768
1368.5 1.115344
1369.0 1.09032
1369.5 1.124848
1370.0 1.106592
1370.5 1.153376
1371.0 1.123968
1371.5 1.06768
1372.0 1.045904
1372.5 1.221376
1373.0 1.154808
1373.5 1.186984
1374.0 1.1312
1374.5 1.214176
1375.0 1.197984
1375.5 1.024104
1376.0 1.030144
1376.5 1.341752
1377.0 1.30832
1377.5 1.06736
1378.0 1.049232
1378.5 1.098512
1379.0 1.083872
1379.5 1.168704
1380.0 1.151968
1380.5 1.26024
1381.0 1.20448
1381.5 0.950968
1382.0 0.911968
1382.5 1.40876
1383.0 1.376512
1383.5 0.988096
1384.0 0.974096
1384.5 1.117656
1385.0 1.065496
1385.5 1.137648
1386.0 1.125408
1386.5 1.1592
1387.0 1.208416
1387.5 1.119296
1388.0 1.047536
1388.5 1.191144
1389.0 1.16072
1389.5 1.012224
1390.0 0.998672
1390.5 1.242056
1391.0 1.210144
1391.5 0.926872
1392.0 0.902512
1392.5 1.62876
1393.0 1.580784
1393.5 1.142384
1394.0 1.094192
1394.5 1.074992
1395.0 1.049344
1395.5 1.085856
1396.0 1.066032
1396.5 1.279048
1397.0 1.288976
1397.5 1.060616
1398.0 1.004688
1398.5 1.259968
1399.0 1.242288
1399.5 1.094912
1400.0 1.092184
1400.5 1.27352
1401.0 1.193792
1401.5 1.12932
1402.0 1.077216
1402.5 1.110256
1403.0 1.079664
1403.5 1.755896
1404.0 1.645144
1404.5 0.719936
1405.0 0.723824
1405.5 0.89152
1406.0 0.857688
1406.5 1.103688
1407.0 1.104608
1407.5 1.335232
1408.0 1.288672
1408.5 0.79236
1409.0 0.991808
1409.5 0.840808
1410.0 1.22856
1410.5 0.88068
1411.0 1.32832
1411.5 1.440632
1412.0 0.824384
1412.5 1.098064
1413.0 1.082464
1413.5 0.92244
1414.0 0.961776
1414.5 0.751904
1415.0 0.967952
1415.5 0.857168
1416.0 1.467408
1416.5 0.881216
1417.0 1.096384
1417.5 1.091296
1418.0 0.874696
1418.5 1.322688
1419.0 1.299456
1419.5 1.217136
1420.0 1.200432
1420.5 0.982856
1421.0 0.935088
1421.5 1.193104
1422.0 1.15496
1422.5 1.055824
1423.0 1.03016
1423.5 1.044256
1424.0 1.009088
1424.5 1.1732
1425.0 1.162512
1425.5 1.252528
1426.0 1.230432
1426.5 0.978992
1427.0 0.958128
1427.5 0.918976
1428.0 1.029488
1428.5 0.839616
1429.0 1.338
1429.5 0.924312
1430.0 1.061856
1430.5 0.96296
1431.0 1.087904
1431.5 1.186608
1432.0 1.045744
1432.5 1.335064
1433.0 1.258984
1433.5 1.263592
1434.0 1.203008
1434.5 0.989568
1435.0 0.97808
1435.5 0.875184
1436.0 1.055344
1436.5 1.088376
1437.0 1.05544
1437.5 0.631696
1438.0 1.182176
1438.5 0.737528
1439.0 1.09844
1439.5 1.18224
