0.0 1.342304
0.5 1.31608
1.0 1.15132
1.5 1.200768
2.0 1.249832
2.5 1.210896
3.0 1.1888
3.5 1.179952
4.0 1.368584
4.5 1.333696
5.0 1.159896
5.5 1.16272
6.0 1.320504
6.5 1.355296
7.0 1.191592
7.5 1.12864
8.0 1.297416
8.5 1.264464
9.0 1.130824
9.5 1.186736
10.0 1.299888
10.5 1.217056
11.0 1.136184
11.5 1.178928
12.0 1.249584
12.5 1.251648
13.0 1.167776
13.5 1.16528
14.0 1.350432
14.5 1.285584
15.0 1.105424
15.5 1.125904
16.0 1.411456
16.5 1.461072
17.0 1.143072
17.5 1.12496
18.0 1.257632
18.5 1.23136
19.0 1.187488
19.5 1.179648
20.0 1.23304
20.5 1.254464
21.0 1.172832
21.5 1.164864
22.0 1.327008
22.5 1.293736
23.0 1.218448
23.5 1.22768
24.0 1.290048
24.5 1.275504
25.0 1.19264
25.5 1.114256
26.0 1.303112
26.5 1.286176
27.0 1.127728
27.5 1.13608
28.0 1.383728
28.5 1.385728
29.0 1.111288
29.5 1.120496
30.0 1.336744
30.5 1.34216
31.0 1.182864
31.5 1.190224
32.0 1.274112
32.5 1.239984
33.0 1.138064
33.5 1.096192
34.0 1.223496
34.5 1.329616
35.0 1.196
35.5 1.161808
36.0 1.37328
36.5 1.296528
37.0 1.1714
37.5 1.144928
38.0 1.250304
38.5 1.277072
39.0 1.137704
39.5 1.195168
40.0 1.275736
40.5 1.182144
41.0 1.14188
41.5 1.097648
42.0 1.281272
42.5 1.349504
43.0 1.265448
43.5 1.23736
44.0 1.318696
44.5 1.2844
45.0 1.156448
45.5 1.21664
46.0 1.31988
46.5 1.296768
47.0 1.106368
47.5 1.090416
48.0 1.3302
48.5 1.312896
49.0 1.118512
49.5 1.079232
50.0 1.300224
50.5 1.365328
51.0 1.180408
51.5 1.138368
52.0 1.386688
52.5 1.396384
53.0 1.101872
53.5 1.101584
54.0 1.38476
54.5 1.333936
55.0 1.135928
55.5 1.13164
56.0 1.350984
56.5 1.319888
57.0 1.129664
57.5 1.146656
58.0 1.348288
58.5 1.292736
59.0 1.145056
59.5 1.230112
60.0 1.239168
60.5 1.180272
61.0 1.116656
61.5 1.120448
62.0 1.313504
62.5 1.319856
63.0 1.209904
63.5 1.104496
64.0 1.114096
64.5 1.388272
65.0 1.337536
65.5 1.095424
66.0 1.24824
66.5 1.359984
67.0 1.267584
67.5 1.163072
68.0 1.132192
68.5 1.3004
69.0 1.353136
69.5 1.168224
70.0 1.121392
70.5 1.12256
71.0 1.355184
71.5 1.333536
72.0 1.1642
72.5 1.201072
73.0 1.217672
73.5 1.140368
74.0 1.105496
74.5 1.173984
75.0 1.332688
75.5 1.323488
76.0 1.107264
76.5 1.15856
77.0 0.670352
77.5 1.310736
78.0 0.735472
78.5 1.073776
79.0 1.15848
79.5 1.298736
80.0 1.206016
80.5 1.238512
81.0 1.354832
81.5 1.323152
82.0 1.169984
82.5 1.118992
83.0 1.386384
83.5 1.28672
84.0 1.116864
84.5 1.216432
85.0 1.336328
85.5 1.287904
86.0 1.212088
86.5 1.144192
87.0 1.353176
87.5 1.335008
88.0 1.068896
88.5 1.123384
89.0 1.306
89.5 1.272384
90.0 1.146456
90.5 1.129424
91.0 1.320696
91.5 1.307008
92.0 1.140616
92.5 1.156832
93.0 1.304392
93.5 1.248
94.0 1.15792
94.5 1.195152
95.0 1.314688
95.5 1.329792
96.0 1.169456
96.5 1.063664
97.0 1.390672
97.5 1.434544
98.0 1.0888
98.5 1.159216
99.0 1.37592
99.5 1.347824
100.0 1.131872
100.5 1.149968
101.0 1.30332
101.5 1.289248
102.0 1.167168
102.5 1.102688
103.0 1.36032
103.5 1.329088
104.0 1.101104
104.5 1.13344
105.0 1.296272
105.5 1.215536
106.0 1.154232
106.5 1.182144
107.0 1.248672
107.5 1.30352
108.0 1.17096
108.5 1.163872
109.0 1.319616
109.5 1.340944
110.0 1.192488
110.5 1.126336
111.0 1.274992
111.5 1.296624
112.0 1.132264
112.5 1.097568
113.0 1.271648
113.5 1.292432
114.0 1.105552
114.5 1.121536
115.0 1.398328
115.5 1.284832
116.0 1.19836
116.5 1.185584
117.0 1.345488
117.5 1.403488
118.0 1.129648
118.5 1.055712
119.0 1.310176
119.5 1.34336
120.0 1.137712
120.5 1.115264
121.0 1.323952
121.5 1.277736
122.0 1.108304
122.5 1.151856
123.0 1.47716
123.5 1.409008
124.0 1.090552
124.5 1.10464
125.0 1.306232
125.5 1.293456
126.0 1.133304
126.5 1.148992
127.0 1.282616
127.5 1.295792
128.0 1.106648
128.5 1.068128
129.0 1.282208
129.5 1.28848
130.0 1.10584
130.5 1.054496
131.0 1.351784
131.5 1.382672
132.0 1.113392
132.5 1.187616
133.0 1.354176
133.5 1.286512
134.0 1.12384
134.5 1.16232
135.0 1.351392
135.5 1.32848
136.0 1.090608
136.5 1.150352
137.0 1.323728
137.5 1.231776
138.0 1.051632
138.5 1.083872
139.0 1.393504
139.5 1.351184
140.0 1.157064
140.5 1.20168
141.0 1.319536
141.5 1.36168
142.0 1.173008
142.5 1.133728
143.0 1.438496
143.5 1.369728
144.0 1.071792
144.5 1.078352
145.0 1.411048
145.5 1.347824
146.0 1.185256
146.5 1.147936
147.0 1.107688
147.5 1.320928
148.0 1.297768
148.5 1.142272
149.0 1.210376
149.5 1.352368
150.0 1.30112
150.5 1.13728
151.0 1.089512
151.5 1.28576
152.0 1.305408
152.5 1.075088
153.0 1.161
153.5 1.308208
154.0 1.27776
154.5 1.208888
155.0 0.806896
155.5 1.174368
156.0 0.701256
156.5 1.283968
157.0 0.716592
157.5 1.096528
158.0 1.218512
158.5 1.311056
159.0 1.132392
159.5 1.148352
160.0 1.339312
160.5 1.324224
161.0 1.134264
161.5 1.193216
162.0 1.335672
162.5 1.25136
163.0 1.158968
163.5 1.187088
164.0 1.3534
164.5 1.287792
165.0 1.111952
165.5 1.129776
166.0 1.306008
166.5 1.28216
167.0 1.143872
167.5 1.116896
168.0 1.269216
168.5 1.296592
169.0 1.20632
169.5 1.174736
170.0 0.920576
170.5 0.919744
171.0 0.800424
171.5 1.351984
172.0 0.73536
172.5 1.135328
173.0 0.688768
173.5 1.271312
174.0 0.814896
174.5 1.131232
175.0 1.151616
175.5 1.271616
176.0 1.056624
176.5 1.182752
177.0 0.794064
177.5 1.332992
178.0 0.689872
178.5 1.07176
179.0 1.263184
179.5 1.394848
180.0 0.936008
180.5 0.952208
181.0 1.469312
181.5 1.450208
182.0 0.896136
182.5 0.796112
183.0 1.014624
183.5 1.006048
184.0 1.295808
184.5 1.236896
185.0 1.024672
185.5 0.981168
186.0 1.09804
186.5 1.086
187.0 1.256168
187.5 1.233616
188.0 0.970216
188.5 0.963184
189.0 0.962528
189.5 0.940736
190.0 1.227512
190.5 1.208584
191.0 1.17592
191.5 1.159344
192.0 1.158712
192.5 1.1268
193.0 1.08496
193.5 1.066976
194.0 1.14296
194.5 1.11672
195.0 1.093088
195.5 1.184224
196.0 1.344968
196.5 1.220656
197.0 1.234576
197.5 1.208512
198.0 1.023408
198.5 1.036672
199.0 0.93608
199.5 0.886224
200.0 1.113664
200.5 1.13288
201.0 1.225824
201.5 1.15912
202.0 1.184568
202.5 1.11456
203.0 1.086728
203.5 1.0716
204.0 1.171488
204.5 1.163952
205.0 1.159776
205.5 1.139512
206.0 1.14064
206.5 1.124288
207.0 1.243472
207.5 1.497232
208.0 1.65736
208.5 1.344976
209.0 0.71752
209.5 0.707984
210.0 1.334912
210.5 1.31456
211.0 0.900856
211.5 0.896488
212.0 1.149104
212.5 1.123168
213.0 1.096336
213.5 1.088832
214.0 1.13812
214.5 1.085136
215.0 1.050632
215.5 0.993392
216.0 1.282592
216.5 1.268816
217.0 1.276384
217.5 1.231856
218.0 1.24416
218.5 1.224816
219.0 0.97968
219.5 0.964512
220.0 1.218048
220.5 1.25392
221.0 1.110592
221.5 1.047008
222.0 1.10788
222.5 1.036128
223.0 1.091144
223.5 1.073032
224.0 1.142944
224.5 1.102288
225.0 1.014896
225.5 1.007824
226.0 1.071552
226.5 1.036592
227.0 0.71056
227.5 0.877872
228.0 1.0014
228.5 1.068448
229.0 0.540104
229.5 1.255776
230.0 0.529592
230.5 1.367776
231.0 0.710952
231.5 1.035632
232.0 1.168344
232.5 1.12576
233.0 1.196552
233.5 1.173936
234.0 1.17504
234.5 1.151152
235.0 1.070864
235.5 1.044016
236.0 1.0708
236.5 1.054992
237.0 1.041216
237.5 1.032832
238.0 1.119072
238.5 1.095496
239.0 1.162664
239.5 1.143808
240.0 1.029264
240.5 1.034592
241.0 1.175752
241.5 1.119312
242.0 1.335488
242.5 1.24712
243.0 1.149184
243.5 1.131184
244.0 1.196528
244.5 1.16284
245.0 1.255064
245.5 1.172272
246.0 1.192656
246.5 1.170032
247.0 1.092192
247.5 1.070528
248.0 1.042592
248.5 1.010816
249.0 0.497832
249.5 0.427576
250.0 0.4276
250.5 0.509736
251.0 0.499408
251.5 0.53452
252.0 0.542336
252.5 0.612704
253.0 0.577184
253.5 0.466528
254.0 0.506688
254.5 0.678464
255.0 0.667296
255.5 0.513056
256.0 0.573424
256.5 0.669392
257.0 0.651744
257.5 0.538536
258.0 0.595728
258.5 0.790912
259.0 0.753568
259.5 0.62952
260.0 0.658688
260.5 0.808536
261.0 0.715568
261.5 0.790152
262.0 0.742896
262.5 0.826176
263.0 0.86464
263.5 0.697424
264.0 0.687504
264.5 0.91608
265.0 0.91704
265.5 0.712736
266.0 0.776624
266.5 0.8922
267.0 0.86696
267.5 0.825952
268.0 0.832384
268.5 1.089504
269.0 0.986528
269.5 0.816736
270.0 0.881664
270.5 1.035728
271.0 1.011168
271.5 0.808672
272.0 0.834512
272.5 1.169616
273.0 1.13616
273.5 0.863616
274.0 0.876224
274.5 1.073904
275.0 1.14352
275.5 0.968096
276.0 0.95552
276.5 0.980032
277.0 1.060112
277.5 1.195448
278.0 1.143008
278.5 1.239048
279.0 1.219504
279.5 1.074328
280.0 1.04472
280.5 1.116736
281.0 1.275024
281.5 1.260248
282.0 1.10244
282.5 1.086032
283.0 1.086768
283.5 1.246032
284.0 1.257792
284.5 0.68436
285.0 1.386352
285.5 0.748688
286.0 1.121968
286.5 0.5748
287.0 1.07136
287.5 1.432664
288.0 1.366192
288.5 1.172208
289.0 1.34712
289.5 0.719704
290.0 1.091088
290.5 0.727872
291.0 1.34448
291.5 1.27112
292.0 1.167024
292.5 0.861704
293.0 1.095136
293.5 0.726696
294.0 1.258496
294.5 0.720288
295.0 1.171776
295.5 1.21572
296.0 1.225792
296.5 1.088776
297.0 1.179328
297.5 1.412856
298.0 1.294544
298.5 1.147928
299.0 1.160976
299.5 1.34432
300.0 1.293744
300.5 1.187568
301.0 1.27536
301.5 1.3394
302.0 1.28752
302.5 1.108664
303.0 1.132768
303.5 1.305872
304.0 1.24832
304.5 1.162352
305.0 1.228
305.5 1.33588
306.0 1.258768
306.5 1.136688
307.0 1.122768
307.5 1.29388
308.0 1.23424
308.5 1.118536
309.0 1.146512
309.5 1.340112
310.0 1.339072
310.5 1.144496
311.0 1.145184
311.5 1.302976
312.0 1.334832
312.5 1.170072
313.0 1.098528
313.5 1.312368
314.0 1.31824
314.5 1.13684
315.0 1.132216
315.5 1.3312
316.0 1.355072
316.5 1.10352
317.0 1.102592
317.5 1.309768
318.0 1.269696
318.5 1.061776
319.0 1.132352
319.5 1.335024
320.0 1.246448
320.5 1.12364
321.0 1.24832
321.5 0.93132
322.0 1.324144
322.5 0.698304
323.0 1.123424
323.5 1.078704
324.0 1.214976
324.5 1.26664
325.0 1.225728
325.5 1.342304
326.0 1.31608
326.5 1.15132
327.0 1.200768
327.5 1.249832
328.0 1.210896
328.5 1.1888
329.0 1.179952
329.5 1.368584
330.0 1.333696
330.5 1.159896
331.0 1.16272
331.5 1.320504
332.0 1.355296
332.5 1.191592
333.0 1.12864
333.5 1.297416
334.0 1.264464
334.5 1.130824
335.0 1.186736
335.5 1.299888
336.0 1.217056
336.5 1.136184
337.0 1.178928
337.5 1.249584
338.0 1.251648
338.5 1.167776
339.0 1.16528
339.5 1.350432
340.0 1.285584
340.5 1.105424
341.0 1.125904
341.5 1.411456
342.0 1.461072
342.5 1.143072
343.0 1.12496
343.5 1.257632
344.0 1.23136
344.5 1.187488
345.0 1.179648
345.5 1.23304
346.0 1.254464
346.5 1.172832
347.0 1.164864
347.5 1.327008
348.0 1.293736
348.5 1.218448
349.0 1.22768
349.5 1.290048
350.0 1.275504
350.5 1.19264
351.0 1.114256
351.5 1.303112
352.0 1.286176
352.5 1.127728
353.0 1.13608
353.5 1.383728
354.0 1.385728
354.5 1.111288
355.0 1.120496
355.5 1.336744
356.0 1.34216
356.5 1.182864
357.0 1.190224
357.5 1.274112
358.0 1.239984
358.5 1.138064
359.0 1.096192
359.5 1.223496
360.0 1.62436
360.5 1.563888
361.0 0.993016
361.5 0.975056
362.0 1.06828
362.5 1.037088
363.0 1.079248
363.5 1.060144
364.0 1.173144
364.5 1.141312
365.0 1.097392
365.5 1.122752
366.0 1.057472
366.5 1.02012
367.0 1.134208
367.5 1.07928
368.0 1.18584
368.5 1.171472
369.0 1.158944
369.5 1.138432
370.0 1.162832
370.5 1.146256
371.0 1.060752
371.5 1.048832
372.0 1.199432
372.5 1.128224
373.0 1.248416
373.5 1.233456
374.0 1.133432
374.5 1.083792
375.0 1.044656
375.5 1.017184
376.0 1.23292
376.5 1.21352
377.0 1.006128
377.5 0.983312
378.0 1.243448
378.5 1.22792
379.0 1.131168
379.5 1.115936
380.0 0.984984
380.5 0.985616
381.0 1.14212
381.5 1.086072
382.0 1.056016
382.5 1.055872
383.0 1.217232
383.5 1.184384
384.0 1.167184
384.5 1.131168
385.0 1.28204
385.5 1.19688
386.0 1.005096
386.5 0.98872
387.0 1.149528
387.5 1.09116
388.0 1.10348
388.5 1.09952
389.0 1.257912
389.5 1.220784
390.0 1.063128
390.5 1.032032
391.0 0.919176
391.5 0.89984
392.0 1.205304
392.5 1.117072
393.0 1.242496
393.5 1.208736
394.0 1.124464
394.5 1.100112
395.0 1.283624
395.5 1.25664
396.0 1.239448
396.5 1.20784
397.0 1.193368
397.5 1.166592
398.0 1.238568
398.5 1.217744
399.0 1.150776
399.5 1.154344
400.0 1.117144
400.5 1.089328
401.0 1.70948
401.5 1.64696
402.0 1.019328
402.5 1.005552
403.0 1.142984
403.5 1.113936
404.0 0.898336
404.5 0.889088
405.0 1.158576
405.5 1.138592
406.0 0.840672
406.5 0.828592
407.0 1.603368
407.5 1.546592
408.0 0.814752
408.5 0.806608
409.0 0.967152
409.5 0.952528
410.0 1.456352
410.5 1.441664
411.0 1.000912
411.5 0.991056
412.0 1.094136
412.5 1.018304
413.0 1.366784
413.5 1.32752
414.0 0.862696
414.5 0.806784
415.0 1.519112
415.5 1.438656
416.0 1.136168
416.5 1.114432
417.0 1.08188
417.5 1.037168
418.0 1.215984
418.5 1.204544
419.0 0.914808
419.5 0.9028
420.0 1.00312
420.5 0.987784
421.0 0.981344
421.5 0.964528
422.0 1.048016
422.5 1.042752
423.0 1.175752
423.5 1.1592
424.0 1.28732
424.5 1.27728
425.0 1.1592
425.5 1.14016
426.0 1.16892
426.5 1.16168
427.0 0.96688
427.5 0.928944
428.0 1.213512
428.5 1.18776
429.0 1.046104
429.5 1.009936
430.0 1.114688
430.5 1.112528
431.0 2.027728
431.5 1.963872
432.0 0.927312
432.5 0.855112
433.0 0.963416
433.5 0.956096
434.0 0.928624
434.5 0.923168
435.0 1.074872
435.5 1.053856
436.0 1.072096
436.5 1.061232
437.0 1.158672
437.5 1.129424
438.0 1.135728
438.5 1.116384
439.0 1.105728
439.5 1.136848
440.0 1.153536
440.5 1.109584
441.0 1.235544
441.5 1.183472
442.0 1.046608
442.5 1.030176
443.0 1.26928
443.5 1.250064
444.0 1.072704
444.5 1.004592
445.0 1.211976
445.5 1.149008
446.0 0.974408
446.5 1.003792
447.0 1.250336
447.5 1.186888
448.0 0.979648
448.5 0.970256
449.0 1.163752
449.5 1.168256
450.0 1.164968
450.5 1.178384
451.0 1.263344
451.5 1.189744
452.0 1.155392
452.5 1.098144
453.0 1.0748
453.5 1.04596
454.0 0.970072
454.5 0.94768
455.0 1.114288
455.5 1.094496
456.0 1.10784
456.5 1.110112
457.0 1.124024
457.5 1.134144
458.0 1.138344
458.5 1.05336
459.0 1.124712
459.5 1.103776
460.0 1.106816
460.5 1.081664
461.0 1.136768
461.5 1.11136
462.0 1.173632
462.5 1.15512
463.0 1.095056
463.5 1.078832
464.0 1.19676
464.5 1.180256
465.0 1.14992
465.5 1.131144
466.0 1.31732
466.5 1.299264
467.0 1.10012
467.5 1.07992
468.0 1.094096
468.5 1.069296
469.0 1.198584
469.5 1.184544
470.0 1.085016
470.5 1.070064
471.0 1.120128
471.5 1.123808
472.0 1.146856
472.5 1.07616
473.0 1.181024
473.5 1.171264
474.0 1.251568
474.5 1.158696
475.0 1.172872
475.5 1.114176
476.0 1.11788
476.5 1.087056
477.0 1.106264
477.5 1.08928
478.0 1.22056
478.5 1.191792
479.0 1.096288
479.5 1.07576
480.0 1.27396
480.5 1.259096
481.0 1.084944
481.5 1.070816
482.0 1.387144
482.5 1.361008
483.0 0.950896
483.5 0.994
484.0 1.110656
484.5 1.040592
485.0 1.019472
485.5 1.015312
486.0 1.218688
486.5 1.1506
487.0 1.017432
487.5 0.997072
488.0 1.242336
488.5 1.224208
489.0 1.068256
489.5 1.049216
490.0 1.119792
490.5 1.109664
491.0 1.20088
491.5 1.172304
492.0 1.230152
492.5 1.150528
493.0 1.214576
493.5 1.185968
494.0 1.02424
494.5 1.013408
495.0 1.30848
495.5 1.297088
496.0 1.080976
496.5 1.070512
497.0 1.003576
497.5 0.981824
498.0 1.355792
498.5 1.319768
499.0 1.132
499.5 1.112128
500.0 1.282448
500.5 1.263536
501.0 1.06924
501.5 1.043216
502.0 1.264256
502.5 1.236832
503.0 1.023584
503.5 1.012992
504.0 1.27668
504.5 1.221216
505.0 1.178696
505.5 1.104896
506.0 1.522064
506.5 1.491136
507.0 0.8788
507.5 0.837168
508.0 0.896688
508.5 0.891952
509.0 1.010968
509.5 0.993584
510.0 1.198608
510.5 1.190192
511.0 0.831176
511.5 0.880528
512.0 1.57436
512.5 1.4428
513.0 1.181224
513.5 1.140008
514.0 1.114912
514.5 1.094576
515.0 0.935384
515.5 0.926208
516.0 0.967688
516.5 0.953344
517.0 0.966984
517.5 0.966216
518.0 1.800592
518.5 1.6956
519.0 0.926064
519.5 0.90724
520.0 1.062832
520.5 1.049024
521.0 0.952464
521.5 0.975872
522.0 1.277192
522.5 1.225888
523.0 1.324264
523.5 1.313056
524.0 1.015384
524.5 1.008016
525.0 1.089712
525.5 1.05952
526.0 0.898624
526.5 0.88984
527.0 1.201448
527.5 1.174512
528.0 1.151984
528.5 1.124944
529.0 1.205152
529.5 1.180832
530.0 0.93596
530.5 0.91504
531.0 1.039648
531.5 1.035224
532.0 1.238944
532.5 1.16928
533.0 1.238488
533.5 1.218496
534.0 1.08784
534.5 1.031232
535.0 1.296568
535.5 1.239072
536.0 1.90048
536.5 1.893952
537.0 0.788184
537.5 0.7644
538.0 0.833976
538.5 0.828176
539.0 1.173288
539.5 1.151184
540.0 1.071552
540.5 1.036592
541.0 0.71056
541.5 0.877872
542.0 1.0014
542.5 1.068448
543.0 0.540104
543.5 1.255776
544.0 0.529592
544.5 1.367776
545.0 0.710952
545.5 1.035632
546.0 1.168344
546.5 1.12576
547.0 1.196552
547.5 1.173936
548.0 1.17504
548.5 1.151152
549.0 1.070864
549.5 1.044016
550.0 1.0708
550.5 1.054992
551.0 1.041216
551.5 1.032832
552.0 1.119072
552.5 1.095496
553.0 1.162664
553.5 1.143808
554.0 1.029264
554.5 1.034592
555.0 1.175752
555.5 1.119312
556.0 1.335488
556.5 1.24712
557.0 1.149184
557.5 1.131184
558.0 1.196528
558.5 1.16284
559.0 1.255064
559.5 1.172272
560.0 1.192656
560.5 1.170032
561.0 1.092192
561.5 1.070528
562.0 1.042592
562.5 1.010816
563.0 0.117896
563.5 0.498
564.0 0.12972
564.5 1.033968
565.0 0.163928
565.5 1.08416
566.0 0.223192
566.5 1.06448
567.0 0.245688
567.5 1.113856
568.0 0.31612
568.5 1.105584
569.0 0.238744
569.5 1.097008
570.0 0.240856
570.5 1.095152
571.0 0.243336
571.5 1.107104
572.0 0.28084
572.5 1.095512
573.0 0.264216
573.5 1.100544
574.0 0.248664
574.5 1.0708
575.0 0.174696
575.5 1.003232
576.0 0.13252
576.5 0.801088
577.0 0.173984
577.5 0.879424
578.0 0.192848
578.5 0.947856
579.0 0.143664
579.5 0.97184
580.0 0.181224
580.5 0.955248
581.0 0.134904
581.5 0.967184
582.0 0.237176
582.5 1.09072
583.0 0.191248
583.5 0.975008
584.0 0.230672
584.5 1.100144
585.0 0.153456
585.5 1.005952
586.0 0.217768
586.5 1.096304
587.0 0.133032
587.5 0.972832
588.0 0.295944
588.5 1.10752
589.0 0.15708
589.5 1.037648
590.0 0.232016
590.5 1.09432
591.0 0.287984
591.5 1.109696
592.0 0.230824
592.5 1.0976
593.0 0.20736
593.5 1.101104
594.0 0.228528
594.5 1.092528
595.0 0.309
595.5 1.07856
596.0 0.256424
596.5 1.10472
597.0 0.288416
597.5 1.117536
598.0 0.251464
598.5 1.098016
599.0 0.268928
599.5 1.102712
600.0 0.237904
600.5 1.08836
601.0 0.127088
601.5 0.771472
602.0 0.182328
602.5 0.88064
603.0 0.149064
603.5 0.817408
604.0 0.171432
604.5 1.032928
605.0 0.11996
605.5 0.789952
606.0 0.15604
606.5 1.061904
607.0 0.147312
607.5 0.964976
608.0 0.248096
608.5 1.09584
609.0 0.13992
609.5 0.832496
610.0 0.172408
610.5 1.138704
611.0 0.150104
611.5 0.948832
612.0 0.17004
612.5 1.098816
613.0 0.134584
613.5 1.050528
614.0 0.177936
614.5 1.238688
615.0 0.129688
615.5 0.984496
616.0 0.181376
616.5 1.223984
617.0 0.125816
617.5 1.149088
618.0 0.183816
618.5 1.269696
619.0 0.134624
619.5 1.060128
620.0 0.17808
620.5 1.314896
621.0 0.21912
621.5 1.168096
622.0 0.206768
622.5 1.307248
623.0 0.15956
623.5 1.103744
624.0 0.176672
624.5 1.340432
625.0 0.12992
625.5 1.011552
626.0 0.172152
626.5 1.2992
627.0 0.136744
627.5 1.051104
628.0 0.230648
628.5 1.300608
629.0 0.128976
629.5 1.10712
630.0 0.175248
630.5 1.31792
631.0 0.144856
631.5 1.07888
632.0 0.172168
632.5 1.307264
633.0 0.145624
633.5 1.106952
634.0 0.174808
634.5 1.294432
635.0 0.129032
635.5 1.07104
636.0 0.1672
636.5 1.240432
637.0 0.135936
637.5 1.176128
638.0 0.194184
638.5 1.276
639.0 0.136704
639.5 1.087344
640.0 0.169352
640.5 1.309728
641.0 0.137712
641.5 1.113376
642.0 0.173864
642.5 1.285776
643.0 0.155056
643.5 1.087888
644.0 0.154632
644.5 1.198352
645.0 0.161664
645.5 1.166176
646.0 0.150984
646.5 1.253488
647.0 0.160168
647.5 1.207536
648.0 0.20556
648.5 1.159808
649.0 0.164424
649.5 1.204464
650.0 0.14164
650.5 1.170352
651.0 0.261056
651.5 1.250992
652.0 0.137464
652.5 1.16864
653.0 0.273104
653.5 1.28976
654.0 0.264424
654.5 1.153952
655.0 0.177016
655.5 1.379792
656.0 0.135568
656.5 1.091488
657.0 0.171
657.5 1.181248
658.0 0.266024
658.5 1.14556
659.0 3.346264
659.5 1.344112
660.0 1.244008
660.5 1.162992
661.0 1.361192
661.5 1.35376
662.0 1.1322
662.5 1.110544
663.0 1.488144
663.5 1.398192
664.0 1.218568
664.5 1.216528
665.0 0.968232
665.5 1.017136
666.0 1.225464
666.5 1.16436
667.0 1.22408
667.5 1.232496
668.0 1.230072
668.5 1.14016
669.0 1.158504
669.5 1.152368
670.0 1.304216
670.5 1.30392
671.0 1.099176
671.5 1.061072
672.0 1.335592
672.5 1.334272
673.0 1.178432
673.5 1.1758
674.0 1.198184
674.5 1.181872
675.0 1.10016
675.5 1.088496
676.0 1.248944
676.5 1.246208
677.0 1.28688
677.5 1.280128
678.0 1.184944
678.5 1.180272
679.0 1.262008
679.5 1.263712
680.0 1.327992
680.5 1.324224
681.0 1.2878
681.5 1.197216
682.0 1.251112
682.5 1.222432
683.0 1.268768
683.5 1.237616
684.0 1.323056
684.5 1.287416
685.0 1.200088
685.5 1.214096
686.0 1.096216
686.5 1.065744
687.0 1.281928
687.5 1.248384
688.0 1.243896
688.5 1.171704
689.0 1.295336
689.5 1.291952
690.0 1.254136
690.5 1.254928
691.0 1.167864
691.5 1.283152
692.0 1.239048
692.5 1.17376
693.0 1.258256
693.5 1.255
694.0 0.56044
694.5 0.545776
695.0 1.536712
695.5 1.551296
696.0 1.51108
696.5 1.57136
697.0 1.137288
697.5 1.379456
698.0 0.829352
698.5 1.288592
699.0 0.94768
699.5 1.215896
700.0 0.773176
700.5 1.467488
701.0 1.225896
701.5 1.266752
702.0 1.36272
702.5 1.156016
703.0 1.07284
703.5 1.191456
704.0 1.5174
704.5 1.083704
705.0 0.930784
705.5 1.103864
706.0 0.77096
706.5 1.595232
707.0 1.546792
707.5 1.111552
708.0 1.075016
708.5 1.17488
709.0 0.94828
709.5 1.063104
710.0 1.471528
710.5 1.2264
711.0 1.26928
711.5 1.199656
712.0 1.285952
712.5 1.196816
713.0 1.321472
713.5 1.246016
714.0 1.390272
714.5 1.257056
715.0 1.05832
715.5 1.100208
716.0 1.400352
716.5 1.357568
717.0 1.167744
717.5 1.104704
718.0 0.709096
718.5 1.364896
719.0 0.580656
719.5 1.202936
720.0 1.286512
720.5 1.12384
721.0 1.16232
721.5 1.351392
722.0 1.32848
722.5 1.090608
723.0 1.150352
723.5 1.323728
724.0 1.231776
724.5 1.051632
725.0 1.083872
725.5 1.393504
726.0 1.351184
726.5 1.157064
727.0 1.20168
727.5 1.319536
728.0 1.36168
728.5 1.173008
729.0 1.133728
729.5 1.438496
730.0 1.369728
730.5 1.071792
731.0 1.078352
731.5 1.411048
732.0 1.347824
732.5 1.185256
733.0 1.147936
733.5 1.107688
734.0 1.320928
734.5 1.297768
735.0 1.142272
735.5 1.210376
736.0 1.352368
736.5 1.30112
737.0 1.13728
737.5 1.089512
738.0 1.28576
738.5 1.305408
739.0 1.075088
739.5 1.161
740.0 1.308208
740.5 1.27776
741.0 1.208888
741.5 0.806896
742.0 1.174368
742.5 0.701256
743.0 1.283968
743.5 0.716592
744.0 1.096528
744.5 1.218512
745.0 1.311056
745.5 1.132392
746.0 1.148352
746.5 1.339312
747.0 1.324224
747.5 1.134264
748.0 1.193216
748.5 1.335672
749.0 1.25136
749.5 1.158968
750.0 1.187088
750.5 1.3534
751.0 1.287792
751.5 1.111952
752.0 1.129776
752.5 1.306008
753.0 1.28216
753.5 1.143872
754.0 1.116896
754.5 1.269216
755.0 1.296592
755.5 1.20632
756.0 1.174736
756.5 0.920576
757.0 0.919744
757.5 0.800424
758.0 1.351984
758.5 0.73536
759.0 1.135328
759.5 0.688768
760.0 1.271312
760.5 0.814896
761.0 1.131232
761.5 1.151616
762.0 1.271616
762.5 1.056624
763.0 1.182752
763.5 0.794064
764.0 1.332992
764.5 0.689872
765.0 1.07176
765.5 1.263184
766.0 1.394848
766.5 1.086864
767.0 1.176944
767.5 1.377624
768.0 1.2672
768.5 1.160176
769.0 1.039776
769.5 1.38128
770.0 1.368752
770.5 1.1464
771.0 1.177536
771.5 1.265408
772.0 1.292064
772.5 1.212896
773.0 1.16652
773.5 1.360688
774.0 1.309248
774.5 1.161456
775.0 1.115792
775.5 1.33368
776.0 1.321888
776.5 1.170112
777.0 1.165344
777.5 1.30748
778.0 1.288048
778.5 1.213848
779.0 1.172992
779.5 1.354104
780.0 1.264768
780.5 1.170016
781.0 1.206608
781.5 1.30168
782.0 1.242656
782.5 1.123792
783.0 1.140016
783.5 1.297528
784.0 1.22824
784.5 1.200544
785.0 1.253232
785.5 1.326016
786.0 1.30272
786.5 1.177552
787.0 1.117584
787.5 1.379912
788.0 1.382784
788.5 1.186576
789.0 1.129232
789.5 1.339128
790.0 1.251344
790.5 1.247616
791.0 1.145072
791.5 1.329504
792.0 1.347232
792.5 1.180056
793.0 1.121584
793.5 1.32136
794.0 1.302544
794.5 1.112784
795.0 1.10528
795.5 1.362336
796.0 1.401808
796.5 1.19132
797.0 1.161936
797.5 1.33684
798.0 1.27624
798.5 1.080816
799.0 1.079712
799.5 1.339232
800.0 1.326352
800.5 1.152208
801.0 1.112064
801.5 1.355624
802.0 1.305728
802.5 1.127472
803.0 1.239168
803.5 1.327272
804.0 1.261968
804.5 0.71
805.0 1.121152
805.5 0.762816
806.0 1.328104
806.5 0.761008
807.0 1.171728
807.5 0.954056
808.0 1.321696
808.5 1.22112
809.0 1.100112
809.5 1.488512
810.0 1.37648
810.5 1.068032
811.0 1.11696
811.5 1.374024
812.0 1.26648
812.5 1.137792
813.0 1.157232
813.5 1.338544
814.0 1.33044
814.5 1.189904
815.0 1.091952
815.5 1.311632
816.0 1.33632
816.5 1.154784
817.0 1.149968
817.5 1.128328
818.0 1.302528
818.5 1.350304
819.0 1.147072
819.5 1.223744
820.0 1.163872
820.5 1.20744
821.0 1.175808
821.5 1.394784
822.0 1.304112
822.5 1.125264
823.0 1.129712
823.5 1.375328
824.0 1.359936
824.5 1.1896
825.0 1.10288
825.5 1.173888
826.0 1.393328
826.5 1.28176
827.0 1.146096
827.5 1.217896
828.0 1.270288
828.5 1.415688
829.0 1.184208
829.5 1.2206
830.0 1.296832
830.5 1.219384
831.0 1.118224
831.5 1.163528
832.0 1.361424
832.5 1.391464
833.0 1.095072
833.5 1.199816
834.0 1.379792
834.5 1.262952
835.0 1.071472
835.5 1.131232
836.0 1.098704
836.5 1.296296
837.0 1.350096
837.5 1.242352
838.0 1.18888
838.5 1.34272
839.0 1.28444
839.5 1.11936
840.0 1.134064
840.5 1.353728
841.0 1.330944
841.5 1.209952
842.0 1.191536
842.5 1.319392
843.0 1.29192
843.5 1.190112
844.0 1.134688
844.5 1.30012
845.0 1.3568
845.5 1.163952
846.0 1.065664
846.5 1.335416
847.0 1.31632
847.5 1.2474
848.0 1.167888
848.5 1.334288
849.0 1.331152
849.5 1.147536
850.0 1.13288
850.5 1.37188
851.0 1.29072
851.5 1.199008
852.0 1.123392
852.5 1.318672
853.0 1.369808
853.5 1.220624
854.0 1.117872
854.5 1.254208
855.0 1.317536
855.5 1.17868
856.0 1.134672
856.5 1.326096
857.0 1.358656
857.5 1.153472
858.0 1.153888
858.5 1.437424
859.0 1.261168
859.5 1.145952
860.0 1.136
860.5 1.299744
861.0 1.319216
861.5 1.220728
862.0 1.156752
862.5 1.282128
863.0 1.254368
863.5 1.184056
864.0 1.191024
864.5 1.284112
865.0 1.228816
865.5 1.12736
866.0 1.094704
866.5 1.364952
867.0 1.428736
867.5 1.17784
868.0 1.102048
868.5 1.377744
869.0 1.285328
869.5 1.159296
870.0 1.162528
870.5 1.417752
871.0 1.357504
871.5 1.176552
872.0 1.098024
872.5 1.300624
873.0 1.363696
873.5 1.144736
874.0 1.174496
874.5 1.360384
875.0 1.254928
875.5 1.185984
876.0 1.096832
876.5 1.302752
877.0 1.269056
877.5 1.130664
878.0 1.211888
878.5 1.285896
879.0 1.286848
879.5 1.18912
880.0 1.111488
880.5 1.371944
881.0 1.313552
881.5 1.191208
882.0 1.125344
882.5 1.369552
883.0 1.383312
883.5 1.150488
884.0 1.107024
884.5 1.30652
885.0 1.315968
885.5 1.18348
886.0 1.186832
886.5 1.314768
887.0 1.20776
887.5 1.144624
888.0 1.183856
888.5 1.449448
889.0 1.360208
889.5 1.168832
890.0 1.047536
890.5 1.354528
891.0 1.333904
891.5 1.176904
892.0 1.244192
892.5 1.361168
893.0 1.266944
893.5 1.123952
894.0 1.160896
894.5 1.338344
895.0 1.332752
895.5 1.14992
896.0 1.140336
896.5 1.344688
897.0 1.256752
897.5 1.15256
898.0 1.1712
898.5 1.331616
899.0 1.292192
899.5 1.068448
900.0 1.39936
900.5 1.341936
901.0 1.170568
901.5 1.164592
902.0 1.2104
902.5 1.215104
903.0 1.24956
903.5 1.218032
904.0 1.23444
904.5 1.530592
905.0 1.999472
905.5 1.47208
906.0 1.07544
906.5 1.07352
907.0 1.339032
907.5 1.297536
908.0 1.25364
908.5 1.231184
909.0 1.259024
909.5 1.189824
910.0 1.126856
910.5 1.069904
911.0 0.846232
911.5 1.256704
912.0 1.66768
912.5 1.2278
913.0 1.298392
913.5 1.25272
914.0 1.133032
914.5 1.115536
915.0 1.301248
915.5 1.213616
916.0 1.086072
916.5 1.104144
917.0 0.994784
917.5 1.226032
918.0 1.573336
918.5 1.232448
919.0 1.117856
919.5 1.312
920.0 1.506856
920.5 1.23896
921.0 1.043288
921.5 1.21144
922.0 1.415832
922.5 1.21224
923.0 1.143528
923.5 1.262992
924.0 1.521576
924.5 1.325976
925.0 1.091888
925.5 1.159584
926.0 1.35412
926.5 1.222336
927.0 1.056616
927.5 1.104064
928.0 1.407464
928.5 1.351888
929.0 1.036776
929.5 1.040464
930.0 1.35132
930.5 1.258928
931.0 1.201696
931.5 1.17976
932.0 1.414736
932.5 1.391152
933.0 1.212808
933.5 1.1552
934.0 1.336392
934.5 1.33792
935.0 1.29524
935.5 1.188816
936.0 1.337784
936.5 1.292016
937.0 1.114136
937.5 1.10608
938.0 1.409736
938.5 1.360656
939.0 1.169816
939.5 1.150624
940.0 1.40044
940.5 1.3868
941.0 1.205344
941.5 1.167408
942.0 1.4186
942.5 1.332512
943.0 1.028904
943.5 1.032928
944.0 1.225848
944.5 1.203872
945.0 1.129352
945.5 1.10832
946.0 1.389712
946.5 1.34416
947.0 1.070568
947.5 1.053136
948.0 1.250952
948.5 1.146928
949.0 1.34532
949.5 1.427952
950.0 1.526248
950.5 1.44464
951.0 1.336984
951.5 1.119552
952.0 1.484144
952.5 1.414832
953.0 1.04988
953.5 1.03352
954.0 1.291064
954.5 1.259984
955.0 1.237328
955.5 1.18288
956.0 1.358984
956.5 1.320624
957.0 1.209592
957.5 1.202456
958.0 1.176992
958.5 1.212352
959.0 1.320712
959.5 1.1876
960.0 1.046928
960.5 1.32416
961.0 1.631784
961.5 1.242528
962.0 1.036008
962.5 1.209248
963.0 1.409704
963.5 1.175456
964.0 1.187104
964.5 1.229312
965.0 1.14312
965.5 1.078576
966.0 1.453744
966.5 1.365096
967.0 1.408752
967.5 1.337296
968.0 1.04664
968.5 1.063544
969.0 1.335704
969.5 1.214208
970.0 1.071872
970.5 1.03564
971.0 1.256632
971.5 1.252896
972.0 0.884608
972.5 1.161408
973.0 1.536776
973.5 1.292296
974.0 0.991048
974.5 1.128368
975.0 1.674856
975.5 1.303712
976.0 1.171256
976.5 1.323864
977.0 1.434472
977.5 1.211648
978.0 1.099872
978.5 1.207264
979.0 1.7084
979.5 1.408016
980.0 1.005128
980.5 1.162896
981.0 1.514016
981.5 1.280944
982.0 1.017952
982.5 1.1336
983.0 1.374776
983.5 1.175936
984.0 1.323256
984.5 1.364352
985.0 1.216952
985.5 1.120912
986.0 1.123504
986.5 1.103936
987.0 1.29364
987.5 1.2796
988.0 1.198728
988.5 1.178928
989.0 1.379776
989.5 1.332352
990.0 1.236328
990.5 1.177552
991.0 1.214776
991.5 1.22584
992.0 1.19348
992.5 1.15784
993.0 1.1958
993.5 1.19092
994.0 1.009152
994.5 1.376528
995.0 1.8846
995.5 1.32112
996.0 1.054648
996.5 1.058176
997.0 1.265608
997.5 1.286144
998.0 1.255448
998.5 1.178144
999.0 1.193368
999.5 1.206384
1000.0 1.205376
1000.5 1.206272
1001.0 1.02936
1001.5 1.021248
1002.0 1.280008
1002.5 1.268688
1003.0 1.495248
1003.5 1.439312
1004.0 1.225472
1004.5 1.20488
1005.0 1.513576
1005.5 1.462176
1006.0 1.159488
1006.5 1.159104
1007.0 1.293592
1007.5 1.262688
1008.0 1.206304
1008.5 1.106944
1009.0 1.412768
1009.5 1.307088
1010.0 1.177848
1010.5 1.075392
1011.0 1.172296
1011.5 1.170096
1012.0 1.173168
1012.5 1.170272
1013.0 1.719248
1013.5 1.58432
1014.0 1.006608
1014.5 0.984496
1015.0 1.661688
1015.5 1.495808
1016.0 0.998664
1016.5 0.945488
1017.0 1.448712
1017.5 1.40576
1018.0 1.298472
1018.5 1.221808
1019.0 0.725648
1019.5 1.2844
1020.0 1.557112
1020.5 1.179616
1021.0 1.446184
1021.5 1.113952
1022.0 0.94636
1022.5 0.937296
1023.0 1.466608
1023.5 1.388392
1024.0 1.051424
1024.5 1.077248
1025.0 1.006256
1025.5 1.419616
1026.0 1.891768
1026.5 1.344768
1027.0 1.335296
1027.5 1.256704
1028.0 1.182536
1028.5 1.166656
1029.0 1.168856
1029.5 1.1684
1030.0 1.018488
1030.5 0.99512
1031.0 1.126536
1031.5 1.376832
1032.0 1.521632
1032.5 1.208224
1033.0 1.385592
1033.5 1.344208
1034.0 1.213064
1034.5 1.167024
1035.0 1.28512
1035.5 1.183248
1036.0 1.16032
1036.5 1.147728
1037.0 1.372656
1037.5 1.344032
1038.0 1.053472
1038.5 1.25912
1039.0 1.590152
1039.5 1.299184
1040.0 1.313784
1040.5 1.215744
1041.0 1.385584
1041.5 1.328112
1042.0 1.200784
1042.5 1.18664
1043.0 1.30872
1043.5 1.293568
1044.0 1.182256
1044.5 1.16056
1045.0 0.931536
1045.5 1.251568
1046.0 1.664016
1046.5 1.270432
1047.0 0.680216
1047.5 1.00528
1048.0 1.653976
1048.5 1.259696
1049.0 0.988184
1049.5 1.260624
1050.0 1.871352
1050.5 1.448704
1051.0 1.087664
1051.5 1.29784
1052.0 0.727072
1052.5 1.148688
1053.0 0.6264
1053.5 0.95216
1054.0 1.660688
1054.5 1.382608
1055.0 1.024272
1055.5 1.139472
1056.0 1.610448
1056.5 1.36516
1057.0 1.211416
1057.5 1.344944
1058.0 1.282552
1058.5 1.268992
1059.0 1.451872
1059.5 0.98768
1060.0 0.985256
1060.5 0.963712
1061.0 0.793728
1061.5 0.960128
1062.0 1.129664
1062.5 1.346928
1063.0 0.569208
1063.5 1.290688
1064.0 0.340432
1064.5 1.601536
1065.0 2.80468
1065.5 1.317296
1066.0 1.130032
1066.5 1.227872
1067.0 0.853968
1067.5 1.083856
1068.0 1.034912
1068.5 1.058112
1069.0 1.097176
1069.5 1.164744
1070.0 0.647512
1070.5 1.466512
1071.0 0.980248
1071.5 1.564
1072.0 0.833248
1072.5 1.07276
1073.0 0.731816
1073.5 1.08608
1074.0 0.485608
1074.5 1.494792
1075.0 1.283936
1075.5 1.195384
1076.0 0.817352
1076.5 1.502928
1077.0 0.920632
1077.5 1.235296
1078.0 0.788504
1078.5 0.886064
1079.0 0.5642
1079.5 1.172432
1080.0 1.1436
1080.5 1.082536
1081.0 1.06664
1081.5 0.996352
1082.0 0.9992
1082.5 1.306368
1083.0 1.233664
1083.5 1.069928
1084.0 1.119512
1084.5 1.222816
1085.0 1.165024
1085.5 1.120464
1086.0 1.08528
1086.5 1.137808
1087.0 1.1248
1087.5 1.066032
1088.0 1.058336
1088.5 1.25396
1089.0 1.22048
1089.5 1.090544
1090.0 1.071704
1090.5 1.201832
1091.0 1.187344
1091.5 1.106136
1092.0 1.098
1092.5 1.13956
1093.0 1.11928
1093.5 1.089752
1094.0 1.076848
1094.5 1.083792
1095.0 1.089712
1095.5 1.295792
1096.0 1.251968
1096.5 0.930032
1097.0 0.921424
1097.5 1.06636
1098.0 1.059376
1098.5 0.9364
1099.0 0.931616
1099.5 1.19792
1100.0 1.188944
1100.5 1.161712
1101.0 1.160544
1101.5 1.3156
1102.0 1.305064
1102.5 1.048224
1103.0 0.986592
1103.5 1.231064
1104.0 1.198352
1104.5 1.200336
1105.0 1.139792
1105.5 1.261952
1106.0 1.256848
1106.5 1.187608
1107.0 1.112192
1107.5 1.219368
1108.0 1.176992
1108.5 0.923376
1109.0 0.910592
1109.5 1.043536
1110.0 1.047792
1110.5 1.040408
1111.0 1.019536
1111.5 1.18996
1112.0 1.191936
1112.5 1.190136
1113.0 1.151328
1113.5 1.142392
1114.0 1.123696
1114.5 1.02744
1115.0 1.058304
1115.5 0.924
1116.0 0.91312
1116.5 1.19364
1117.0 1.145832
1117.5 1.095904
1118.0 1.074784
1118.5 1.152432
1119.0 1.172112
1119.5 1.199712
1120.0 1.148384
1120.5 1.122912
1121.0 1.111024
1121.5 1.352088
1122.0 1.3304
1122.5 1.065744
1123.0 0.9818
1123.5 1.209984
1124.0 1.202064
1124.5 1.134432
1125.0 1.09888
1125.5 1.146944
1126.0 1.128048
1126.5 1.002432
1127.0 0.9952
1127.5 1.162512
1128.0 1.156736
1128.5 1.08364
1129.0 1.047584
1129.5 1.206512
1130.0 1.187616
1130.5 1.096544
1131.0 1.092736
1131.5 1.113864
1132.0 1.108544
1132.5 1.191024
1133.0 1.175776
1133.5 0.9596
1134.0 0.943872
1134.5 1.299544
1135.0 1.241928
1135.5 1.114552
1136.0 1.057488
1136.5 1.247424
1137.0 1.2308
1137.5 1.05984
1138.0 1.111288
1138.5 1.19432
1139.0 1.115904
1139.5 1.11112
1140.0 1.096496
1140.5 1.27488
1141.0 1.171896
1141.5 1.133984
1142.0 1.109616
1142.5 1.300824
1143.0 1.195936
1143.5 1.226848
1144.0 1.203456
1144.5 1.047464
1145.0 1.04192
1145.5 1.137376
1146.0 1.137008
1146.5 1.140568
1147.0 1.099872
1147.5 1.026088
1148.0 1.005504
1148.5 1.265192
1149.0 1.24632
1149.5 1.310336
1150.0 1.278296
1150.5 1.043984
1151.0 1.036128
1151.5 1.016808
1152.0 0.996128
1152.5 1.079008
1153.0 1.065936
1153.5 1.01928
1154.0 1.028848
1154.5 1.26148
1155.0 1.22112
1155.5 0.952784
1156.0 1.016648
1156.5 1.358832
1157.0 1.27128
1157.5 1.166592
1158.0 1.146672
1158.5 1.044656
1159.0 1.031632
1159.5 1.045048
1160.0 1.022496
1160.5 1.152048
1161.0 1.140848
1161.5 1.222928
1162.0 1.202304
1162.5 1.285144
1163.0 1.210416
1163.5 1.147616
1164.0 1.10944
1164.5 1.145104
1165.0 1.093168
1165.5 1.131224
1166.0 1.074144
1166.5 0.991856
1167.0 1.003648
1167.5 1.211432
1168.0 1.163976
1168.5 1.168488
1169.0 1.153344
1169.5 1.06812
1170.0 1.04752
1170.5 1.08732
1171.0 1.075088
1171.5 1.16052
1172.0 1.142128
1172.5 1.070064
1173.0 1.057216
1173.5 1.035224
1174.0 1.025184
1174.5 1.176096
1175.0 1.188752
1175.5 1.258648
1176.0 1.2096
1176.5 1.14112
1177.0 1.139112
1177.5 1.169912
1178.0 1.186152
1178.5 1.128784
1179.0 1.13008
1179.5 1.119488
1180.0 1.112912
1180.5 1.196392
1181.0 1.187888
1181.5 1.098024
1182.0 1.080224
1182.5 1.181568
1183.0 1.140728
1183.5 1.012176
1184.0 0.977008
1184.5 1.332944
1185.0 1.320016
1185.5 1.025616
1186.0 1.013536
1186.5 1.21744
1187.0 1.191152
1187.5 1.039088
1188.0 1.023616
1188.5 1.114648
1189.0 1.103032
1189.5 1.03104
1190.0 1.01704
1190.5 1.169208
1191.0 1.148272
1191.5 1.281896
1192.0 1.265456
1192.5 0.992688
1193.0 1.077072
1193.5 1.153968
1194.0 1.047488
1194.5 1.169368
1195.0 1.108304
1195.5 1.215648
1196.0 1.149264
1196.5 1.037568
1197.0 1.021984
1197.5 1.19208
1198.0 1.18248
1198.5 1.130656
1199.0 1.118416
1199.5 1.265504
1200.0 1.248528
1200.5 0.960128
1201.0 0.951768
1201.5 1.206136
1202.0 1.182736
1202.5 1.190704
1203.0 1.11456
1203.5 1.24764
1204.0 1.237232
1204.5 1.132992
1205.0 1.171424
1205.5 1.089016
1206.0 1.048
1206.5 1.036832
1207.0 1.016928
1207.5 1.146208
1208.0 1.118624
1208.5 1.065232
1209.0 1.049776
1209.5 1.273568
1210.0 1.25072
1210.5 1.135816
1211.0 1.129488
1211.5 1.066008
1212.0 1.037056
1212.5 1.213592
1213.0 1.193168
1213.5 1.010664
1214.0 0.992912
1214.5 1.115024
1215.0 1.09528
1215.5 1.244808
1216.0 1.218504
1216.5 1.031936
1217.0 1.018144
1217.5 1.211856
1218.0 1.209184
1218.5 1.119024
1219.0 1.094864
1219.5 1.151584
1220.0 1.143872
1220.5 1.055184
1221.0 1.038496
1221.5 1.081328
1222.0 1.064024
1222.5 1.145408
1223.0 1.063328
1223.5 1.21016
1224.0 1.187344
1224.5 1.080656
1225.0 1.022424
1225.5 1.169224
1226.0 1.109536
1226.5 1.086776
1227.0 1.084848
1227.5 1.276184
1228.0 1.236544
1228.5 1.076392
1229.0 1.062064
1229.5 1.1478
1230.0 1.112144
1230.5 1.125272
1231.0 1.10352
1231.5 1.332752
1232.0 1.319824
1232.5 1.159136
1233.0 1.14792
1233.5 1.279352
1234.0 1.224904
1234.5 1.103376
1235.0 1.089104
1235.5 1.239736
1236.0 1.221824
1236.5 1.107088
1237.0 1.088272
1237.5 1.233872
1238.0 1.208608
1238.5 1.018536
1239.0 1.01424
1239.5 1.25864
1240.0 1.226624
1240.5 1.712192
1241.0 1.669888
1241.5 0.747416
1242.0 0.723344
1242.5 1.163416
1243.0 1.083024
1243.5 0.881504
1244.0 0.826784
1244.5 0.968
1245.0 0.952336
1245.5 1.3222
1246.0 1.285296
1246.5 1.23048
1247.0 1.1924
1247.5 1.073792
1248.0 1.064864
1248.5 0.877336
1249.0 0.840488
1249.5 1.529216
1250.0 1.491712
1250.5 0.98368
1251.0 0.966688
1251.5 1.033032
1252.0 1.124128
1252.5 1.16408
1253.0 1.034144
1253.5 1.08536
1254.0 1.07376
1254.5 1.361568
1255.0 1.280264
1255.5 1.170344
1256.0 1.098368
1256.5 1.589328
1257.0 1.594496
1257.5 0.85568
1258.0 0.801904
1258.5 1.047576
1259.0 1.025072
1259.5 0.922512
1260.0 1.143528
1260.5 1.262992
1261.0 1.521576
1261.5 1.325976
1262.0 1.091888
1262.5 1.159584
1263.0 1.35412
1263.5 1.222336
1264.0 1.056616
1264.5 1.104064
1265.0 1.407464
1265.5 1.351888
1266.0 1.036776
1266.5 1.040464
1267.0 1.35132
1267.5 1.258928
1268.0 1.201696
1268.5 1.17976
1269.0 1.414736
1269.5 1.391152
1270.0 1.212808
1270.5 1.1552
1271.0 1.336392
1271.5 1.33792
1272.0 1.29524
1272.5 1.188816
1273.0 1.337784
1273.5 1.292016
1274.0 1.114136
1274.5 1.10608
1275.0 1.409736
1275.5 1.360656
1276.0 1.169816
1276.5 1.150624
1277.0 1.40044
1277.5 1.3868
1278.0 1.205344
1278.5 1.167408
1279.0 1.4186
1279.5 1.332512
1280.0 1.028904
1280.5 1.032928
1281.0 1.225848
1281.5 1.203872
1282.0 1.129352
1282.5 1.10832
1283.0 1.389712
1283.5 1.34416
1284.0 1.070568
1284.5 1.053136
1285.0 1.250952
1285.5 1.146928
1286.0 1.34532
1286.5 1.427952
1287.0 1.526248
1287.5 1.44464
1288.0 1.336984
1288.5 1.119552
1289.0 1.484144
1289.5 1.414832
1290.0 1.04988
1290.5 1.03352
1291.0 1.291064
1291.5 1.259984
1292.0 1.237328
1292.5 1.18288
1293.0 1.358984
1293.5 1.320624
1294.0 1.209592
1294.5 1.202456
1295.0 1.176992
1295.5 1.212352
1296.0 1.320712
1296.5 1.1876
1297.0 1.046928
1297.5 1.32416
1298.0 1.631784
1298.5 1.242528
1299.0 1.036008
1299.5 1.209248
1300.0 1.409704
1300.5 1.175456
1301.0 1.187104
1301.5 1.229312
1302.0 1.14312
1302.5 1.078576
1303.0 1.453744
1303.5 1.365096
1304.0 1.408752
1304.5 1.337296
1305.0 1.04664
1305.5 1.063544
1306.0 1.335704
1306.5 1.214208
1307.0 1.071872
1307.5 1.03564
1308.0 1.256632
1308.5 1.252896
1309.0 0.884608
1309.5 1.161408
1310.0 1.536776
1310.5 1.292296
1311.0 0.991048
1311.5 1.128368
1312.0 1.674856
1312.5 1.303712
1313.0 1.171256
1313.5 1.323864
1314.0 1.434472
1314.5 1.211648
1315.0 1.099872
1315.5 1.207264
1316.0 1.7084
1316.5 1.408016
1317.0 1.005128
1317.5 1.162896
1318.0 1.514016
1318.5 1.280944
1319.0 1.017952
1319.5 1.1336
1320.0 1.374776
1320.5 1.175936
1321.0 1.323256
1321.5 1.364352
1322.0 1.216952
1322.5 1.120912
1323.0 1.123504
1323.5 1.103936
1324.0 1.29364
1324.5 1.2796
1325.0 1.198728
1325.5 1.178928
1326.0 1.379776
1326.5 1.332352
1327.0 1.236328
1327.5 1.177552
1328.0 1.214776
1328.5 1.22584
1329.0 1.19348
1329.5 1.15784
1330.0 1.1958
1330.5 1.19092
1331.0 1.009152
1331.5 1.376528
1332.0 1.8846
1332.5 1.32112
1333.0 1.054648
1333.5 1.058176
1334.0 1.265608
1334.5 1.286144
1335.0 1.255448
1335.5 1.178144
1336.0 1.193368
1336.5 1.206384
1337.0 1.205376
1337.5 1.206272
1338.0 1.02936
1338.5 1.021248
1339.0 1.280008
1339.5 1.268688
1340.0 1.495248
1340.5 1.439312
1341.0 1.225472
1341.5 1.20488
1342.0 1.513576
1342.5 1.462176
1343.0 1.159488
1343.5 1.159104
1344.0 1.293592
1344.5 1.262688
1345.0 1.206304
1345.5 1.106944
1346.0 1.412768
1346.5 1.307088
1347.0 1.177848
1347.5 1.075392
1348.0 1.172296
1348.5 1.170096
1349.0 1.173168
1349.5 1.170272
1350.0 1.719248
1350.5 1.58432
1351.0 1.006608
1351.5 0.984496
1352.0 1.661688
1352.5 1.495808
1353.0 0.998664
1353.5 0.945488
1354.0 1.448712
1354.5 1.40576
1355.0 1.298472
1355.5 1.221808
1356.0 0.725648
1356.5 1.2844
1357.0 1.557112
1357.5 1.179616
1358.0 1.446184
1358.5 1.113952
1359.0 0.94636
1359.5 0.937296
1360.0 1.466608
1360.5 1.388392
1361.0 1.051424
1361.5 1.077248
1362.0 1.006256
1362.5 1.419616
1363.0 1.891768
1363.5 1.344768
1364.0 1.335296
1364.5 1.256704
1365.0 1.182536
1365.5 1.166656
1366.0 1.168856
1366.5 1.1684
1367.0 1.018488
1367.5 0.99512
1368.0 1.126536
1368.5 1.376832
1369.0 1.521632
1369.5 1.208224
1370.0 1.385592
1370.5 1.344208
1371.0 1.213064
1371.5 1.167024
1372.0 1.28512
1372.5 1.183248
1373.0 1.16032
1373.5 1.147728
1374.0 1.372656
1374.5 1.344032
1375.0 1.053472
1375.5 1.25912
1376.0 1.590152
1376.5 1.299184
1377.0 1.313784
1377.5 1.215744
1378.0 1.385584
1378.5 1.328112
1379.0 1.200784
1379.5 1.18664
1380.0 1.30872
1380.5 1.293568
1381.0 1.182256
1381.5 1.16056
1382.0 0.931536
1382.5 1.251568
1383.0 1.664016
1383.5 1.270432
1384.0 0.680216
1384.5 1.00528
1385.0 1.653976
1385.5 1.259696
1386.0 0.988184
1386.5 1.260624
1387.0 1.871352
1387.5 1.448704
1388.0 1.087664
1388.5 1.29784
1389.0 0.727072
1389.5 1.148688
1390.0 0.6264
1390.5 0.95216
1391.0 1.660688
1391.5 1.382608
1392.0 1.024272
1392.5 1.139472
1393.0 1.610448
1393.5 1.36516
1394.0 1.211416
1394.5 1.344944
1395.0 1.282552
1395.5 1.268992
1396.0 1.451872
1396.5 0.98768
1397.0 0.985256
1397.5 0.963712
1398.0 0.793728
1398.5 0.960128
1399.0 1.129664
1399.5 1.346928
1400.0 0.569208
1400.5 1.290688
1401.0 0.340432
1401.5 1.601536
1402.0 2.80468
1402.5 1.317296
1403.0 1.130032
1403.5 1.227872
1404.0 0.853968
1404.5 1.083856
1405.0 1.034912
1405.5 1.058112
1406.0 1.097176
1406.5 1.164744
1407.0 0.647512
1407.5 1.466512
1408.0 0.980248
1408.5 1.564
1409.0 0.833248
1409.5 1.07276
1410.0 0.731816
1410.5 1.08608
1411.0 0.485608
1411.5 1.494792
1412.0 1.283936
1412.5 1.195384
1413.0 0.817352
1413.5 1.502928
1414.0 0.920632
1414.5 1.235296
1415.0 0.788504
1415.5 0.886064
1416.0 0.5642
1416.5 1.172432
1417.0 1.29836
1417.5 1.29992
1418.0 0.903976
1418.5 0.979456
1419.0 0.94748
1419.5 1.144848
1420.0 0.731256
1420.5 0.977056
1421.0 1.005472
1421.5 1.545584
1422.0 0.759744
1422.5 1.074128
1423.0 0.84508
1423.5 1.292352
1424.0 0.593088
1424.5 1.175904
1425.0 0.87288
1425.5 1.315232
1426.0 0.644544
1426.5 1.056872
1427.0 1.184448
1427.5 1.327168
1428.0 0.967096
1428.5 1.169944
1429.0 1.491904
1429.5 1.373424
1430.0 1.73008
1430.5 1.441104
1431.0 1.299512
1431.5 1.230744
1432.0 1.090016
1432.5 1.008296
1433.0 1.515928
1433.5 1.458896
1434.0 0.977776
1434.5 0.974224
1435.0 1.207344
1435.5 1.085544
1436.0 1.1118
1436.5 1.15752
1437.0 1.009752
1437.5 1.108176
1438.0 1.484776
1438.5 1.28784
1439.0 1.226184
1439.5 1.241248
