0.0 0.100784
0.5 0.105704
1.0 0.1
1.5 0.289888
2.0 0.28692
2.5 0.322856
3.0 0.29248
3.5 0.226192
4.0 0.72624
4.5 0.376392
5.0 0.417056
5.5 0.111152
6.0 0.12152
6.5 0.177904
7.0 0.173824
7.5 0.11516
8.0 0.123208
8.5 0.220544
9.0 0.224768
9.5 0.113392
10.0 0.12152
10.5 0.292264
11.0 0.285712
11.5 0.118608
12.0 0.12152
12.5 0.2096
13.0 0.21064
13.5 0.119504
14.0 0.12328
14.5 0.211856
15.0 0.213824
15.5 0.112128
16.0 0.12024
16.5 0.20896
17.0 0.213808
17.5 0.170176
18.0 0.12648
18.5 0.244312
19.0 0.239248
19.5 0.168216
20.0 0.123224
20.5 0.329944
21.0 0.28504
21.5 0.121008
22.0 0.12152
22.5 0.186808
23.0 0.24712
23.5 0.135448
24.0 0.12152
24.5 0.117416
25.0 0.168368
25.5 0.143304
26.0 0.13604
26.5 0.120408
27.0 0.4008
27.5 0.11468
28.0 0.12152
28.5 0.123424
29.0 0.281808
29.5 0.111152
30.0 0.12152
30.5 0.119976
31.0 0.210608
31.5 0.111904
32.0 0.12152
32.5 0.110656
33.0 0.388032
33.5 0.112168
34.0 0.11224
34.5 0.106408
35.0 0.101688
35.5 0.1
36.0 0.1
36.5 0.10204
37.0 0.1
37.5 0.160416
38.0 0.1
38.5 0.104224
39.0 0.1
39.5 0.104456
40.0 0.1
40.5 0.107088
41.0 0.101688
41.5 0.105728
42.0 0.1
42.5 1.14496
43.0 0.147328
43.5 0.125856
44.0 0.143632
44.5 0.104344
45.0 0.110672
45.5 0.106864
46.0 0.281168
46.5 1.014648
47.0 1.036656
47.5 1.071984
48.0 1.05144
48.5 1.093424
49.0 1.10632
49.5 1.157432
50.0 1.102192
50.5 1.29708
51.0 1.125344
51.5 1.063168
52.0 1.130192
52.5 1.33584
53.0 1.24932
53.5 1.01752
54.0 0.997936
54.5 1.127376
55.0 1.077792
55.5 1.198816
56.0 1.183968
56.5 1.179264
57.0 1.176736
57.5 1.125336
58.0 1.091248
58.5 0.743696
59.0 1.057056
59.5 0.717312
60.0 1.21896
60.5 0.891504
61.0 1.057168
61.5 0.831104
62.0 1.144208
62.5 0.944096
63.0 1.03536
63.5 1.091888
64.0 1.047568
64.5 1.041488
65.0 1.003216
65.5 1.201152
66.0 1.28672
66.5 1.167032
67.0 1.161072
67.5 1.227896
68.0 1.115528
68.5 0.95688
69.0 1.007104
69.5 1.146752
70.0 1.051328
70.5 1.147264
71.0 1.159456
71.5 1.285664
72.0 1.117808
72.5 1.28916
73.0 1.289824
73.5 1.080784
74.0 1.166376
74.5 1.100296
75.0 1.08344
75.5 1.014448
76.0 0.97488
76.5 1.38856
77.0 1.477488
77.5 1.292152
78.0 1.150224
78.5 0.966656
79.0 0.926384
79.5 1.023448
80.0 0.97944
80.5 1.194512
81.0 1.14848
81.5 0.989728
82.0 0.986336
82.5 1.465536
83.0 1.475984
83.5 1.137104
84.0 1.15248
84.5 1.295392
85.0 1.303408
85.5 1.025144
86.0 0.973384
86.5 1.261024
87.0 1.186368
87.5 0.993312
88.0 1.015184
88.5 1.27352
89.0 1.214912
89.5 0.951808
90.0 0.76372
90.5 0.56104
91.0 0.68656
91.5 2.198312
92.0 1.908904
92.5 0.952576
93.0 1.129632
93.5 0.966008
94.0 0.99052
94.5 1.181904
95.0 1.157536
95.5 1.135808
96.0 1.1948
96.5 1.116248
97.0 0.978448
97.5 1.213024
98.0 1.196624
98.5 1.074496
99.0 1.110784
99.5 1.024464
100.0 1.016672
100.5 1.147208
101.0 1.099848
101.5 1.222432
102.0 1.113984
102.5 1.396544
103.0 1.370832
103.5 1.103952
104.0 1.179568
104.5 1.467728
105.0 1.359328
105.5 0.950768
106.0 0.93744
106.5 1.294768
107.0 1.302296
107.5 0.931952
108.0 0.943488
108.5 1.27528
109.0 1.183248
109.5 0.995928
110.0 1.080864
110.5 1.34196
111.0 1.216464
111.5 1.023776
112.0 0.996608
112.5 1.240856
113.0 1.192352
113.5 0.981008
114.0 0.988256
114.5 1.276376
115.0 1.358944
115.5 0.954616
116.0 0.850288
116.5 1.169664
117.0 1.01904
117.5 0.940096
118.0 0.949088
118.5 0.773792
119.0 1.009976
119.5 1.113688
120.0 1.121472
120.5 1.159272
121.0 1.117952
121.5 1.190048
122.0 1.23424
122.5 1.182816
123.0 1.15496
123.5 1.221848
124.0 1.165984
124.5 1.023608
125.0 0.978432
125.5 1.031632
126.0 0.983504
126.5 1.113008
127.0 1.18984
127.5 1.362808
128.0 1.240736
128.5 1.037968
129.0 1.155984
129.5 1.207576
130.0 1.127408
130.5 1.086008
131.0 1.05568
131.5 1.141648
132.0 1.046208
132.5 1.077536
133.0 1.1656
133.5 1.096624
134.0 1.004952
134.5 1.122008
135.0 1.114896
135.5 1.117904
136.0 1.079312
136.5 1.178664
137.0 1.250208
137.5 1.201216
138.0 1.066784
138.5 2.698352
139.0 1.317384
139.5 1.283672
140.0 1.182136
140.5 1.145592
141.0 1.115968
141.5 1.214056
142.0 1.10384
142.5 1.069904
143.0 1.162336
143.5 3.70788
144.0 1.160608
144.5 1.141848
145.0 1.221008
145.5 1.1628
146.0 1.086416
146.5 1.186168
147.0 0.921904
147.5 0.665312
148.0 0.891184
148.5 1.207344
149.0 1.271088
149.5 1.286912
150.0 1.167392
150.5 1.048632
151.0 1.058032
151.5 1.302888
152.0 1.285688
152.5 1.127816
153.0 1.14584
153.5 1.129272
154.0 1.041456
154.5 1.047872
155.0 1.094048
155.5 1.137584
156.0 1.07536
156.5 1.27516
157.0 1.22464
157.5 1.21088
158.0 1.186448
158.5 1.112304
159.0 1.076208
159.5 1.018368
160.0 0.981168
160.5 1.050672
161.0 1.160016
161.5 1.111824
162.0 1.074384
162.5 1.16296
163.0 1.093392
163.5 1.203856
164.0 1.153136
164.5 1.177456
165.0 1.159664
165.5 1.082832
166.0 1.117456
166.5 1.188688
167.0 1.21476
167.5 1.17568
168.0 1.084592
168.5 1.138448
169.0 1.222144
169.5 1.214944
170.0 1.1636
170.5 1.115736
171.0 0.99504
171.5 1.024576
172.0 1.035408
172.5 1.117072
173.0 1.07756
173.5 1.167664
174.0 1.072512
174.5 1.04424
175.0 1.103808
175.5 1.082776
176.0 1.154096
176.5 1.2176
177.0 1.024896
177.5 1.108112
178.0 1.160768
178.5 1.19584
179.0 1.078112
179.5 1.112992
180.0 0.929888
180.5 1.813992
181.0 1.765312
181.5 0.861464
182.0 0.879288
182.5 1.036776
183.0 0.981712
183.5 0.936008
184.0 0.952208
184.5 1.469312
185.0 1.450208
185.5 0.896136
186.0 0.796112
186.5 1.014624
187.0 1.006048
187.5 1.295808
188.0 1.236896
188.5 1.024672
189.0 0.981168
189.5 1.09804
190.0 1.086
190.5 1.256168
191.0 1.233616
191.5 0.970216
192.0 0.963184
192.5 0.962528
193.0 0.940736
193.5 1.227512
194.0 1.208584
194.5 1.17592
195.0 1.159344
195.5 1.158712
196.0 1.1268
196.5 1.08496
197.0 1.066976
197.5 1.14296
198.0 1.11672
198.5 1.093088
199.0 1.184224
199.5 1.344968
200.0 1.220656
200.5 1.234576
201.0 1.208512
201.5 1.023408
202.0 1.036672
202.5 0.93608
203.0 0.886224
203.5 1.113664
204.0 1.13288
204.5 1.225824
205.0 1.15912
205.5 1.184568
206.0 1.11456
206.5 1.086728
207.0 1.0716
207.5 1.171488
208.0 1.163952
208.5 1.159776
209.0 1.139512
209.5 1.14064
210.0 1.124288
210.5 1.243472
211.0 1.497232
211.5 1.65736
212.0 1.344976
212.5 0.71752
213.0 0.707984
213.5 1.334912
214.0 1.31456
214.5 0.900856
215.0 0.896488
215.5 1.149104
216.0 1.123168
216.5 1.096336
217.0 1.088832
217.5 1.13812
218.0 1.085136
218.5 1.050632
219.0 0.993392
219.5 1.282592
220.0 1.268816
220.5 1.276384
221.0 1.231856
221.5 1.24416
222.0 1.224816
222.5 0.97968
223.0 0.964512
223.5 1.218048
224.0 1.25392
224.5 1.110592
225.0 1.047008
225.5 1.10788
226.0 1.036128
226.5 1.091144
227.0 1.073032
227.5 1.142944
228.0 1.102288
228.5 1.014896
229.0 1.007824
229.5 1.071552
230.0 1.036592
230.5 0.71056
231.0 0.877872
231.5 1.0014
232.0 1.068448
232.5 0.540104
233.0 1.255776
233.5 0.529592
234.0 1.367776
234.5 0.710952
235.0 1.035632
235.5 1.168344
236.0 1.12576
236.5 1.196552
237.0 1.173936
237.5 1.17504
238.0 1.151152
238.5 1.070864
239.0 1.044016
239.5 1.0708
240.0 1.054992
240.5 1.041216
241.0 1.032832
241.5 1.119072
242.0 1.095496
242.5 1.162664
243.0 1.143808
243.5 1.029264
244.0 1.034592
244.5 1.175752
245.0 1.119312
245.5 1.335488
246.0 1.24712
246.5 1.149184
247.0 1.131184
247.5 1.196528
248.0 1.16284
248.5 1.255064
249.0 1.172272
249.5 1.192656
250.0 1.170032
250.5 1.092192
251.0 1.070528
251.5 1.042592
252.0 1.010816
252.5 0.497832
253.0 0.427576
253.5 0.4276
254.0 0.509736
254.5 0.499408
255.0 0.53452
255.5 0.542336
256.0 0.612704
256.5 0.577184
257.0 0.466528
257.5 0.506688
258.0 0.678464
258.5 0.667296
259.0 0.513056
259.5 0.573424
260.0 0.669392
260.5 0.651744
261.0 0.538536
261.5 0.595728
262.0 0.790912
262.5 0.753568
263.0 0.62952
263.5 0.658688
264.0 0.808536
264.5 0.715568
265.0 0.790152
265.5 0.742896
266.0 0.826176
266.5 0.86464
267.0 0.697424
267.5 0.687504
268.0 0.91608
268.5 0.91704
269.0 0.712736
269.5 0.776624
270.0 0.8922
270.5 0.86696
271.0 0.825952
271.5 0.832384
272.0 1.089504
272.5 0.986528
273.0 0.816736
273.5 0.881664
274.0 1.035728
274.5 1.011168
275.0 0.808672
275.5 0.834512
276.0 1.169616
276.5 1.13616
277.0 0.863616
277.5 0.876224
278.0 1.073904
278.5 1.14352
279.0 0.968096
279.5 0.95552
280.0 0.980032
280.5 1.060112
281.0 1.195448
281.5 1.143008
282.0 1.239048
282.5 1.219504
283.0 1.074328
283.5 1.04472
284.0 1.116736
284.5 1.275024
285.0 1.260248
285.5 1.10244
286.0 1.086032
286.5 1.086768
287.0 1.246032
287.5 1.257792
288.0 0.68436
288.5 1.386352
289.0 0.748688
289.5 1.121968
290.0 0.5748
290.5 1.07136
291.0 1.432664
291.5 1.366192
292.0 1.172208
292.5 1.34712
293.0 0.719704
293.5 1.091088
294.0 0.727872
294.5 1.34448
295.0 1.27112
295.5 1.167024
296.0 0.861704
296.5 1.095136
297.0 0.726696
297.5 1.258496
298.0 0.720288
298.5 1.171776
299.0 1.21572
299.5 1.225792
300.0 1.088776
300.5 1.179328
301.0 1.412856
301.5 1.294544
302.0 1.147928
302.5 1.160976
303.0 1.34432
303.5 1.293744
304.0 1.187568
304.5 1.27536
305.0 1.3394
305.5 1.28752
306.0 1.108664
306.5 1.132768
307.0 1.305872
307.5 1.24832
308.0 1.162352
308.5 1.228
309.0 1.33588
309.5 1.258768
310.0 1.136688
310.5 1.122768
311.0 1.29388
311.5 1.23424
312.0 1.118536
312.5 1.146512
313.0 1.340112
313.5 1.339072
314.0 1.144496
314.5 1.145184
315.0 1.302976
315.5 1.334832
316.0 1.170072
316.5 1.098528
317.0 1.312368
317.5 1.31824
318.0 1.13684
318.5 1.132216
319.0 1.3312
319.5 1.355072
320.0 1.10352
320.5 1.102592
321.0 1.309768
321.5 1.269696
322.0 1.061776
322.5 1.132352
323.0 1.335024
323.5 1.246448
324.0 1.12364
324.5 1.24832
325.0 0.93132
325.5 1.324144
326.0 0.698304
326.5 1.123424
327.0 1.078704
327.5 1.214976
328.0 1.26664
328.5 1.225728
329.0 1.342304
329.5 1.31608
330.0 1.15132
330.5 1.200768
331.0 1.249832
331.5 1.210896
332.0 1.1888
332.5 1.179952
333.0 1.368584
333.5 1.333696
334.0 1.159896
334.5 1.16272
335.0 1.320504
335.5 1.355296
336.0 1.191592
336.5 1.12864
337.0 1.297416
337.5 1.264464
338.0 1.130824
338.5 1.186736
339.0 1.299888
339.5 1.217056
340.0 1.136184
340.5 1.178928
341.0 1.249584
341.5 1.251648
342.0 1.167776
342.5 1.16528
343.0 1.350432
343.5 1.285584
344.0 1.105424
344.5 1.125904
345.0 1.411456
345.5 1.461072
346.0 1.143072
346.5 1.12496
347.0 1.257632
347.5 1.23136
348.0 1.187488
348.5 1.179648
349.0 1.23304
349.5 1.254464
350.0 1.172832
350.5 1.164864
351.0 1.327008
351.5 1.293736
352.0 1.218448
352.5 1.22768
353.0 1.290048
353.5 1.275504
354.0 1.19264
354.5 1.114256
355.0 1.303112
355.5 1.286176
356.0 1.127728
356.5 1.13608
357.0 1.383728
357.5 1.385728
358.0 1.111288
358.5 1.120496
359.0 1.336744
359.5 1.34216
360.0 1.146256
360.5 1.060752
361.0 1.048832
361.5 1.199432
362.0 1.128224
362.5 1.248416
363.0 1.233456
363.5 1.133432
364.0 1.083792
364.5 1.044656
365.0 1.017184
365.5 1.23292
366.0 1.21352
366.5 1.006128
367.0 0.983312
367.5 1.243448
368.0 1.22792
368.5 1.131168
369.0 1.115936
369.5 0.984984
370.0 0.985616
370.5 1.14212
371.0 1.086072
371.5 1.056016
372.0 1.055872
372.5 1.217232
373.0 1.184384
373.5 1.167184
374.0 1.131168
374.5 1.28204
375.0 1.19688
375.5 1.005096
376.0 0.98872
376.5 1.149528
377.0 1.09116
377.5 1.10348
378.0 1.09952
378.5 1.257912
379.0 1.220784
379.5 1.063128
380.0 1.032032
380.5 0.919176
381.0 0.89984
381.5 1.205304
382.0 1.117072
382.5 1.242496
383.0 1.208736
383.5 1.124464
384.0 1.100112
384.5 1.283624
385.0 1.25664
385.5 1.239448
386.0 1.20784
386.5 1.193368
387.0 1.166592
387.5 1.238568
388.0 1.217744
388.5 1.150776
389.0 1.154344
389.5 1.117144
390.0 1.089328
390.5 1.70948
391.0 1.64696
391.5 1.019328
392.0 1.005552
392.5 1.142984
393.0 1.113936
393.5 0.898336
394.0 0.889088
394.5 1.158576
395.0 1.138592
395.5 0.840672
396.0 0.828592
396.5 1.603368
397.0 1.546592
397.5 0.814752
398.0 0.806608
398.5 0.967152
399.0 0.952528
399.5 1.456352
400.0 1.441664
400.5 1.000912
401.0 0.991056
401.5 1.094136
402.0 1.018304
402.5 1.366784
403.0 1.32752
403.5 0.862696
404.0 0.806784
404.5 1.519112
405.0 1.438656
405.5 1.136168
406.0 1.114432
406.5 1.08188
407.0 1.037168
407.5 1.215984
408.0 1.204544
408.5 0.914808
409.0 0.9028
409.5 1.00312
410.0 0.987784
410.5 0.981344
411.0 0.964528
411.5 1.048016
412.0 1.042752
412.5 1.175752
413.0 1.1592
413.5 1.28732
414.0 1.27728
414.5 1.1592
415.0 1.14016
415.5 1.16892
416.0 1.16168
416.5 0.96688
417.0 0.928944
417.5 1.213512
418.0 1.18776
418.5 1.046104
419.0 1.009936
419.5 1.114688
420.0 1.112528
420.5 2.027728
421.0 1.963872
421.5 0.927312
422.0 0.855112
422.5 0.963416
423.0 0.956096
423.5 0.928624
424.0 0.923168
424.5 1.074872
425.0 1.053856
425.5 1.072096
426.0 1.061232
426.5 1.158672
427.0 1.129424
427.5 1.135728
428.0 1.116384
428.5 1.105728
429.0 1.136848
429.5 1.153536
430.0 1.109584
430.5 1.235544
431.0 1.183472
431.5 1.046608
432.0 1.030176
432.5 1.26928
433.0 1.250064
433.5 1.072704
434.0 1.004592
434.5 1.211976
435.0 1.149008
435.5 0.974408
436.0 1.003792
436.5 1.250336
437.0 1.186888
437.5 0.979648
438.0 0.970256
438.5 1.163752
439.0 1.168256
439.5 1.164968
440.0 1.178384
440.5 1.263344
441.0 1.189744
441.5 1.155392
442.0 1.098144
442.5 1.0748
443.0 1.04596
443.5 0.970072
444.0 0.94768
444.5 1.114288
445.0 1.094496
445.5 1.10784
446.0 1.110112
446.5 1.124024
447.0 1.134144
447.5 1.138344
448.0 1.05336
448.5 1.124712
449.0 1.103776
449.5 1.106816
450.0 1.081664
450.5 1.136768
451.0 1.11136
451.5 1.173632
452.0 1.15512
452.5 1.095056
453.0 1.078832
453.5 1.19676
454.0 1.180256
454.5 1.14992
455.0 1.131144
455.5 1.31732
456.0 1.299264
456.5 1.10012
457.0 1.07992
457.5 1.094096
458.0 1.069296
458.5 1.198584
459.0 1.184544
459.5 1.085016
460.0 1.070064
460.5 1.120128
461.0 1.123808
461.5 1.146856
462.0 1.07616
462.5 1.181024
463.0 1.171264
463.5 1.251568
464.0 1.158696
464.5 1.172872
465.0 1.114176
465.5 1.11788
466.0 1.087056
466.5 1.106264
467.0 1.08928
467.5 1.22056
468.0 1.191792
468.5 1.096288
469.0 1.07576
469.5 1.27396
470.0 1.259096
470.5 1.084944
471.0 1.070816
471.5 1.387144
472.0 1.361008
472.5 0.950896
473.0 0.994
473.5 1.110656
474.0 1.040592
474.5 1.019472
475.0 1.015312
475.5 1.218688
476.0 1.1506
476.5 1.017432
477.0 0.997072
477.5 1.242336
478.0 1.224208
478.5 1.068256
479.0 1.049216
479.5 1.119792
480.0 1.109664
480.5 1.20088
481.0 1.172304
481.5 1.230152
482.0 1.150528
482.5 1.214576
483.0 1.185968
483.5 1.02424
484.0 1.013408
484.5 1.30848
485.0 1.297088
485.5 1.080976
486.0 1.070512
486.5 1.003576
487.0 0.981824
487.5 1.355792
488.0 1.319768
488.5 1.132
489.0 1.112128
489.5 1.282448
490.0 1.263536
490.5 1.06924
491.0 1.043216
491.5 1.264256
492.0 1.236832
492.5 1.023584
493.0 1.012992
493.5 1.27668
494.0 1.221216
494.5 1.178696
495.0 1.104896
495.5 1.522064
496.0 1.491136
496.5 0.8788
497.0 0.837168
497.5 0.896688
498.0 0.891952
498.5 1.010968
499.0 0.993584
499.5 1.198608
500.0 1.190192
500.5 0.831176
501.0 0.880528
501.5 1.57436
502.0 1.4428
502.5 1.181224
503.0 1.140008
503.5 1.114912
504.0 1.094576
504.5 0.935384
505.0 0.926208
505.5 0.967688
506.0 0.953344
506.5 0.966984
507.0 0.966216
507.5 1.800592
508.0 1.6956
508.5 0.926064
509.0 0.90724
509.5 1.062832
510.0 1.049024
510.5 0.952464
511.0 0.975872
511.5 1.277192
512.0 1.225888
512.5 1.324264
513.0 1.313056
513.5 1.015384
514.0 1.008016
514.5 1.089712
515.0 1.05952
515.5 0.898624
516.0 0.88984
516.5 1.201448
517.0 1.174512
517.5 1.151984
518.0 1.124944
518.5 1.205152
519.0 1.180832
519.5 0.93596
520.0 0.91504
520.5 1.039648
521.0 1.035224
521.5 1.238944
522.0 1.16928
522.5 1.238488
523.0 1.218496
523.5 1.08784
524.0 1.031232
524.5 1.296568
525.0 1.239072
525.5 1.90048
526.0 1.893952
526.5 0.788184
527.0 0.7644
527.5 0.833976
528.0 0.828176
528.5 1.173288
529.0 1.151184
529.5 1.023384
530.0 1.011424
530.5 1.465832
531.0 1.447616
531.5 0.938288
532.0 0.931824
532.5 1.126096
533.0 1.117264
533.5 0.90896
534.0 0.89376
534.5 1.041464
535.0 1.029536
535.5 1.103456
536.0 1.092696
536.5 1.1124
537.0 1.104368
537.5 0.751616
538.0 1.131984
538.5 0.60992
539.0 1.093264
539.5 0.801184
540.0 1.96748
540.5 1.221184
541.0 1.4478
541.5 1.287696
542.0 1.155912
542.5 1.051712
543.0 1.39284
543.5 1.319552
544.0 1.13788
544.5 1.103104
545.0 1.209216
545.5 1.162496
546.0 1.141608
546.5 1.14552
547.0 0.8486
547.5 1.337816
548.0 1.864848
548.5 1.279104
549.0 0.847336
549.5 1.317088
550.0 1.906592
550.5 1.59544
551.0 1.126968
551.5 1.155056
552.0 1.670888
552.5 1.072672
553.0 0.884744
553.5 1.175256
554.0 1.521528
554.5 1.308352
555.0 1.500904
555.5 1.0704
556.0 1.198056
556.5 1.245856
557.0 0.649464
557.5 1.23456
558.0 0.977016
558.5 1.46976
559.0 0.92976
559.5 1.007648
560.0 0.626576
560.5 0.455776
561.0 0.515888
561.5 0.939736
562.0 0.729816
562.5 0.546928
563.0 0.587432
563.5 0.622608
564.0 0.378304
564.5 0.889072
565.0 0.543728
565.5 1.539056
566.0 0.26296
566.5 1.046112
567.0 0.327872
567.5 1.551072
568.0 0.298584
568.5 1.593344
569.0 0.24208
569.5 1.158864
570.0 0.261952
570.5 1.03116
571.0 0.143288
571.5 0.769072
572.0 0.148872
572.5 1.069936
573.0 0.181784
573.5 1.079072
574.0 0.13716
574.5 0.790848
575.0 0.18196
575.5 1.230736
576.0 0.413928
576.5 1.11876
577.0 0.1462
577.5 0.843984
578.0 0.21784
578.5 1.397712
579.0 0.501
579.5 1.095488
580.0 0.245376
580.5 1.402336
581.0 3.222168
581.5 1.316848
582.0 2.730376
582.5 1.474696
583.0 1.62756
583.5 1.201408
584.0 1.255888
584.5 1.226928
585.0 1.277688
585.5 1.198408
586.0 0.70908
586.5 1.207632
587.0 1.040776
587.5 1.112192
588.0 1.360672
588.5 1.475808
589.0 0.158152
589.5 1.025024
590.0 1.213952
590.5 1.436144
591.0 0.190976
591.5 1.248944
592.0 0.720984
592.5 1.20144
593.0 0.230784
593.5 1.096496
594.0 0.301624
594.5 1.597688
595.0 0.15836
595.5 0.959904
596.0 1.705944
596.5 1.439632
597.0 4.730408
597.5 1.275856
598.0 4.240728
598.5 1.176352
599.0 3.28996
599.5 1.254624
600.0 0.808832
600.5 1.249952
601.0 1.656024
601.5 1.649536
602.0 1.733936
602.5 1.237264
603.0 0.98096
603.5 1.110336
604.0 0.8514
604.5 1.016688
605.0 2.018152
605.5 1.301472
606.0 0.15764
606.5 1.268496
607.0 0.177368
607.5 1.329936
608.0 0.144752
608.5 1.188592
609.0 0.183696
609.5 1.290904
610.0 0.144176
610.5 1.19304
611.0 1.31868
611.5 1.235296
612.0 1.040528
612.5 1.192192
613.0 1.191616
613.5 1.526064
614.0 2.048104
614.5 1.183344
615.0 1.97908
615.5 1.360744
616.0 0.90868
616.5 1.275648
617.0 0.184184
617.5 1.148672
618.0 1.688088
618.5 1.181192
619.0 0.674416
619.5 1.27704
620.0 0.134952
620.5 1.0356
621.0 2.502736
621.5 1.545328
622.0 0.225448
622.5 1.065744
623.0 2.657752
623.5 1.485808
624.0 2.094472
624.5 1.073424
625.0 2.339512
625.5 1.392944
626.0 0.837928
626.5 1.128288
627.0 1.588168
627.5 1.462392
628.0 3.3902
628.5 1.142608
629.0 1.12668
629.5 1.119616
630.0 1.760376
630.5 1.169296
631.0 1.228256
631.5 1.304704
632.0 1.2974
632.5 1.218864
633.0 1.378
633.5 1.304384
634.0 0.92112
634.5 0.923808
635.0 1.197608
635.5 1.576064
636.0 1.264504
636.5 1.119232
637.0 2.201048
637.5 1.298432
638.0 0.73324
638.5 1.237024
639.0 1.906752
639.5 1.273248
640.0 1.558088
640.5 1.165664
641.0 0.82976
641.5 1.59672
642.0 2.52216
642.5 1.204376
643.0 1.072704
643.5 1.067104
644.0 0.384528
644.5 1.276288
645.0 3.126192
645.5 1.605104
646.0 0.509856
646.5 1.191808
647.0 2.844784
647.5 1.324752
648.0 1.023808
648.5 1.055896
649.0 0.645888
649.5 1.329216
650.0 2.100856
650.5 1.381312
651.0 1.208832
651.5 1.041952
652.0 1.12256
652.5 1.111328
653.0 0.782456
653.5 1.24336
654.0 1.797936
654.5 1.26696
655.0 1.179
655.5 1.173216
656.0 1.088824
656.5 1.106624
657.0 1.152264
657.5 1.149936
658.0 1.453224
658.5 1.378592
659.0 0.737344
659.5 1.076016
660.0 1.415864
660.5 1.191128
661.0 1.943128
661.5 1.646288
662.0 1.392976
662.5 1.265392
663.0 0.868736
663.5 1.036208
664.0 1.326744
664.5 1.256576
665.0 1.847848
665.5 1.542816
666.0 0.833208
666.5 0.853408
667.0 0.756952
667.5 1.321936
668.0 2.132344
668.5 1.376832
669.0 0.981384
669.5 0.989024
670.0 1.131224
670.5 1.147392
671.0 1.117408
671.5 1.162528
672.0 1.09092
672.5 1.079328
673.0 1.237296
673.5 1.060208
674.0 1.327096
674.5 1.3268
675.0 1.408008
675.5 1.331464
676.0 1.082312
676.5 1.312576
677.0 0.867544
677.5 1.212832
678.0 1.758104
678.5 1.54824
679.0 0.89552
679.5 1.071536
680.0 1.221528
680.5 1.278576
681.0 1.19316
681.5 1.260264
682.0 0.298512
682.5 1.26112
683.0 0.7412
683.5 1.058832
684.0 0.198688
684.5 1.31504
685.0 0.173456
685.5 1.199904
686.0 0.1534
686.5 1.040528
687.0 0.18176
687.5 1.24936
688.0 0.807352
688.5 1.212616
689.0 0.624528
689.5 1.146368
690.0 0.668456
690.5 1.236904
691.0 0.152664
691.5 0.564728
692.0 0.31904
692.5 1.190512
693.0 0.322824
693.5 1.600312
694.0 0.299096
694.5 1.57664
695.0 0.3038
695.5 1.595248
696.0 0.290312
696.5 1.471576
697.0 0.435768
697.5 1.203824
698.0 1.082688
698.5 0.927616
699.0 0.584768
699.5 0.464432
700.0 0.604608
700.5 1.12396
701.0 0.180496
701.5 0.477664
702.0 0.379344
702.5 1.59976
703.0 0.275992
703.5 1.604112
704.0 0.606992
704.5 1.244256
705.0 0.464016
705.5 1.3608
706.0 0.614616
706.5 1.151328
707.0 0.303536
707.5 1.608224
708.0 0.342992
708.5 1.54068
709.0 0.825408
709.5 1.570112
710.0 0.336888
710.5 1.43272
711.0 0.563056
711.5 1.194648
712.0 0.220032
712.5 1.313136
713.0 0.672872
713.5 1.305656
714.0 0.808464
714.5 1.158648
715.0 0.618984
715.5 0.997376
716.0 3.081472
716.5 1.58896
717.0 2.36944
717.5 1.295992
718.0 5.097424
718.5 1.569808
719.0 1.393584
719.5 1.160528
720.0 1.27352
720.5 1.214912
721.0 0.951808
721.5 0.76372
722.0 0.56104
722.5 0.68656
723.0 2.198312
723.5 1.908904
724.0 0.952576
724.5 1.129632
725.0 0.966008
725.5 0.99052
726.0 1.181904
726.5 1.157536
727.0 1.135808
727.5 1.1948
728.0 1.116248
728.5 0.978448
729.0 1.213024
729.5 1.196624
730.0 1.074496
730.5 1.110784
731.0 1.024464
731.5 1.016672
732.0 1.147208
732.5 1.099848
733.0 1.222432
733.5 1.113984
734.0 1.396544
734.5 1.370832
735.0 1.103952
735.5 1.179568
736.0 1.467728
736.5 1.359328
737.0 0.950768
737.5 0.93744
738.0 1.294768
738.5 1.302296
739.0 0.931952
739.5 0.943488
740.0 1.27528
740.5 1.183248
741.0 0.995928
741.5 1.080864
742.0 1.34196
742.5 1.216464
743.0 1.023776
743.5 0.996608
744.0 1.240856
744.5 1.192352
745.0 0.981008
745.5 0.988256
746.0 1.276376
746.5 1.358944
747.0 0.954616
747.5 0.850288
748.0 1.169664
748.5 1.01904
749.0 0.940096
749.5 0.949088
750.0 0.773792
750.5 1.009976
751.0 1.113688
751.5 1.121472
752.0 1.159272
752.5 1.117952
753.0 1.190048
753.5 1.23424
754.0 1.182816
754.5 1.15496
755.0 1.221848
755.5 1.165984
756.0 1.023608
756.5 0.978432
757.0 1.031632
757.5 0.983504
758.0 1.113008
758.5 1.18984
759.0 1.362808
759.5 1.240736
760.0 1.037968
760.5 1.155984
761.0 1.207576
761.5 1.127408
762.0 1.086008
762.5 1.05568
763.0 1.141648
763.5 1.046208
764.0 1.077536
764.5 1.1656
765.0 1.096624
765.5 1.004952
766.0 1.122008
766.5 1.114896
767.0 1.117904
767.5 1.079312
768.0 1.178664
768.5 1.250208
769.0 1.201216
769.5 1.066784
770.0 2.698352
770.5 1.317384
771.0 1.283672
771.5 1.182136
772.0 1.145592
772.5 1.115968
773.0 1.214056
773.5 1.10384
774.0 1.069904
774.5 1.162336
775.0 3.70788
775.5 1.160608
776.0 1.141848
776.5 1.221008
777.0 1.1628
777.5 1.086416
778.0 1.186168
778.5 0.921904
779.0 0.665312
779.5 0.891184
780.0 1.207344
780.5 1.271088
781.0 1.286912
781.5 1.167392
782.0 1.048632
782.5 1.058032
783.0 1.302888
783.5 1.285688
784.0 1.127816
784.5 1.14584
785.0 1.129272
785.5 1.041456
786.0 1.047872
786.5 1.094048
787.0 1.137584
787.5 1.07536
788.0 1.27516
788.5 1.22464
789.0 1.21088
789.5 1.186448
790.0 1.112304
790.5 1.076208
791.0 1.018368
791.5 0.981168
792.0 1.050672
792.5 1.160016
793.0 1.111824
793.5 1.074384
794.0 1.16296
794.5 1.093392
795.0 1.203856
795.5 1.153136
796.0 1.177456
796.5 1.159664
797.0 1.082832
797.5 1.117456
798.0 1.188688
798.5 1.21476
799.0 1.17568
799.5 1.084592
800.0 1.138448
800.5 1.222144
801.0 1.214944
801.5 1.1636
802.0 1.115736
802.5 0.99504
803.0 1.024576
803.5 1.035408
804.0 1.117072
804.5 1.07756
805.0 1.167664
805.5 1.072512
806.0 1.04424
806.5 1.103808
807.0 1.082776
807.5 1.154096
808.0 1.2176
808.5 1.024896
809.0 1.108112
809.5 1.160768
810.0 1.19584
810.5 1.078112
811.0 1.112992
811.5 1.187488
812.0 1.25144
812.5 1.248208
813.0 1.15588
813.5 1.177296
814.0 1.113248
814.5 1.063856
815.0 1.06744
815.5 0.989744
816.0 1.066032
816.5 1.138312
817.0 1.065752
817.5 1.055888
818.0 1.24356
818.5 1.191232
819.0 1.081152
819.5 0.975024
820.0 1.179768
820.5 1.112816
821.0 0.25872
821.5 0.15928
822.0 0.336072
822.5 0.240272
823.0 0.118936
823.5 0.194384
824.0 0.821
824.5 1.319968
825.0 2.948136
825.5 2.885888
826.0 2.792456
826.5 2.645552
827.0 1.058672
827.5 1.019568
828.0 0.304336
828.5 1.19792
829.0 0.274368
829.5 1.157104
830.0 0.76836
830.5 1.159712
831.0 1.161592
831.5 1.123736
832.0 1.196368
832.5 1.179632
833.0 1.530008
833.5 1.34
834.0 1.111376
834.5 1.047552
835.0 1.190096
835.5 1.140416
836.0 1.145096
836.5 1.104064
837.0 1.151192
837.5 1.124696
838.0 1.522776
838.5 1.4872
839.0 1.152616
839.5 1.112752
840.0 1.200216
840.5 1.137808
841.0 1.066272
841.5 1.035152
842.0 1.007792
842.5 0.982736
843.0 0.320176
843.5 1.018656
844.0 0.145152
844.5 1.190192
845.0 0.140032
845.5 1.024368
846.0 0.179824
846.5 1.01128
847.0 5.12028
847.5 1.29008
848.0 0.635352
848.5 1.121456
849.0 0.561288
849.5 1.072392
850.0 0.462192
850.5 1.268912
851.0 0.448064
851.5 1.094928
852.0 0.559032
852.5 1.218656
853.0 0.593552
853.5 1.092832
854.0 0.553376
854.5 1.192528
855.0 0.525664
855.5 0.989088
856.0 0.521648
856.5 1.19112
857.0 0.450192
857.5 1.038144
858.0 0.54484
858.5 1.324016
859.0 0.67272
859.5 1.126992
860.0 0.62848
860.5 1.082624
861.0 0.69488
861.5 1.01568
862.0 0.737512
862.5 1.27176
863.0 0.594896
863.5 0.977392
864.0 0.708208
864.5 1.112072
865.0 0.635168
865.5 1.0192
866.0 0.75904
866.5 1.310064
867.0 1.244048
867.5 0.948448
868.0 1.250856
868.5 1.239744
869.0 1.131896
869.5 1.046896
870.0 1.327392
870.5 1.294792
871.0 0.941592
871.5 0.929632
872.0 0.951288
872.5 0.947616
873.0 1.692088
873.5 1.750096
874.0 1.281352
874.5 1.161248
875.0 1.133992
875.5 1.110928
876.0 0.66592
876.5 0.655968
877.0 1.768912
877.5 1.740224
878.0 0.68488
878.5 0.684416
879.0 1.2696
879.5 1.26352
880.0 0.87556
880.5 0.847392
881.0 1.250128
881.5 1.264656
882.0 0.99688
882.5 0.958456
883.0 1.501232
883.5 1.450064
884.0 0.854352
884.5 0.84816
885.0 0.961032
885.5 0.938544
886.0 0.992064
886.5 0.9856
887.0 1.125736
887.5 1.115648
888.0 1.101136
888.5 1.039888
889.0 1.290664
889.5 1.222016
890.0 1.156856
890.5 1.147544
891.0 1.07644
891.5 1.017008
892.0 1.16644
892.5 1.132608
893.0 1.20728
893.5 1.178768
894.0 1.222168
894.5 1.203616
895.0 1.122024
895.5 1.103824
896.0 1.088216
896.5 1.06808
897.0 1.205624
897.5 1.187896
898.0 1.11636
898.5 1.09536
899.0 1.137616
899.5 1.123072
900.0 1.250568
900.5 0.900296
901.0 0.892048
901.5 1.094232
902.0 1.077488
902.5 1.090184
903.0 1.06808
903.5 1.154608
904.0 1.134208
904.5 1.282648
905.0 1.25744
905.5 1.214304
906.0 1.1952
906.5 1.161696
907.0 1.148336
907.5 1.249688
908.0 1.248416
908.5 1.068104
909.0 1.017312
909.5 1.267904
910.0 1.25456
910.5 1.071808
911.0 1.101936
911.5 1.247536
912.0 1.187168
912.5 1.069376
913.0 1.031936
913.5 1.204096
914.0 1.215488
914.5 1.972056
915.0 1.819496
915.5 0.767888
916.0 0.747776
916.5 0.823456
917.0 0.810768
917.5 1.032352
918.0 1.001136
918.5 0.979648
919.0 0.956944
919.5 1.109584
920.0 1.087792
920.5 0.998032
921.0 0.993112
921.5 1.390256
922.0 1.326576
922.5 1.005072
923.0 0.992384
923.5 1.252448
924.0 1.223184
924.5 1.009728
925.0 0.994864
925.5 1.063728
926.0 1.046736
926.5 1.64156
927.0 1.558352
927.5 0.906008
928.0 0.855312
928.5 1.054928
929.0 1.048512
929.5 1.17696
930.0 1.165024
930.5 1.120144
931.0 1.105664
931.5 1.27384
932.0 1.261568
932.5 0.85136
933.0 0.843688
933.5 1.356384
934.0 1.334816
934.5 1.010048
935.0 0.93872
935.5 1.270384
936.0 1.267152
936.5 1.150768
937.0 1.117424
937.5 1.194504
938.0 1.131568
938.5 0.908504
939.0 0.89272
939.5 1.164344
940.0 1.166304
940.5 1.24652
941.0 1.21464
941.5 1.012504
942.0 0.988352
942.5 0.966752
943.0 0.954944
943.5 1.194264
944.0 1.175472
944.5 0.96716
945.0 0.960944
945.5 1.351504
946.0 1.333248
946.5 1.111936
947.0 1.14184
947.5 1.14856
948.0 1.103048
948.5 1.215088
949.0 1.205952
949.5 0.984176
950.0 0.980032
950.5 1.127168
951.0 1.111936
951.5 1.225064
952.0 1.187424
952.5 1.132704
953.0 1.101328
953.5 1.061272
954.0 1.04684
954.5 0.904424
955.0 0.812768
955.5 1.020464
956.0 1.0108
956.5 1.350032
957.0 1.28496
957.5 1.380096
958.0 1.340552
958.5 1.185984
959.0 1.138032
959.5 1.095088
960.0 1.076
960.5 1.104136
961.0 1.087808
961.5 1.448312
962.0 1.428752
962.5 1.154904
963.0 1.14568
963.5 1.035704
964.0 1.028176
964.5 0.96672
965.0 0.952144
965.5 0.969776
966.0 0.9502
966.5 1.2604
967.0 1.246352
967.5 0.865496
968.0 0.853088
968.5 1.155064
969.0 1.1388
969.5 1.264928
970.0 1.240624
970.5 1.183728
971.0 1.165888
971.5 1.037528
972.0 1.023632
972.5 1.301912
973.0 1.278768
973.5 1.22816
974.0 1.213472
974.5 1.184992
975.0 1.107328
975.5 1.016016
976.0 1.008736
976.5 1.202016
977.0 1.177024
977.5 1.151304
978.0 1.131056
978.5 1.06384
979.0 1.04512
979.5 1.06976
980.0 1.052576
980.5 1.168984
981.0 1.15412
981.5 1.06728
982.0 1.046768
982.5 1.115344
983.0 1.09032
983.5 1.124848
984.0 1.106592
984.5 1.153376
985.0 1.123968
985.5 1.06768
986.0 1.045904
986.5 1.221376
987.0 1.154808
987.5 1.186984
988.0 1.1312
988.5 1.214176
989.0 1.197984
989.5 1.024104
990.0 1.030144
990.5 1.341752
991.0 1.30832
991.5 1.06736
992.0 1.049232
992.5 1.098512
993.0 1.083872
993.5 1.168704
994.0 1.151968
994.5 1.26024
995.0 1.20448
995.5 0.950968
996.0 0.911968
996.5 1.40876
997.0 1.376512
997.5 0.988096
998.0 0.974096
998.5 1.117656
999.0 1.065496
999.5 1.137648
1000.0 1.125408
1000.5 1.1592
1001.0 1.208416
1001.5 1.119296
1002.0 1.047536
1002.5 1.191144
1003.0 1.16072
1003.5 1.012224
1004.0 0.998672
1004.5 1.242056
1005.0 1.210144
1005.5 0.926872
1006.0 0.902512
1006.5 1.62876
1007.0 1.580784
1007.5 1.142384
1008.0 1.094192
1008.5 1.074992
1009.0 1.049344
1009.5 1.085856
1010.0 1.066032
1010.5 1.279048
1011.0 1.288976
1011.5 1.060616
1012.0 1.004688
1012.5 1.259968
1013.0 1.242288
1013.5 1.094912
1014.0 1.092184
1014.5 1.27352
1015.0 1.193792
1015.5 1.12932
1016.0 1.077216
1016.5 1.110256
1017.0 1.079664
1017.5 1.755896
1018.0 1.645144
1018.5 0.719936
1019.0 0.723824
1019.5 0.89152
1020.0 0.857688
1020.5 1.103688
1021.0 1.104608
1021.5 1.335232
1022.0 1.288672
1022.5 0.79236
1023.0 0.991808
1023.5 0.840808
1024.0 1.22856
1024.5 0.88068
1025.0 1.32832
1025.5 1.440632
1026.0 0.824384
1026.5 1.098064
1027.0 1.082464
1027.5 0.92244
1028.0 0.961776
1028.5 0.751904
1029.0 0.967952
1029.5 0.857168
1030.0 1.467408
1030.5 0.881216
1031.0 1.096384
1031.5 1.091296
1032.0 0.874696
1032.5 1.322688
1033.0 1.299456
1033.5 1.217136
1034.0 1.200432
1034.5 0.982856
1035.0 0.935088
1035.5 1.193104
1036.0 1.15496
1036.5 1.055824
1037.0 1.03016
1037.5 1.044256
1038.0 1.009088
1038.5 1.1732
1039.0 1.162512
1039.5 1.252528
1040.0 1.230432
1040.5 0.978992
1041.0 0.958128
1041.5 0.918976
1042.0 1.029488
1042.5 0.839616
1043.0 1.338
1043.5 0.924312
1044.0 1.061856
1044.5 0.96296
1045.0 1.087904
1045.5 1.186608
1046.0 1.045744
1046.5 1.335064
1047.0 1.258984
1047.5 1.263592
1048.0 1.203008
1048.5 0.989568
1049.0 0.97808
1049.5 0.875184
1050.0 1.055344
1050.5 1.088376
1051.0 1.05544
1051.5 0.631696
1052.0 1.182176
1052.5 0.737528
1053.0 1.09844
1053.5 1.18224
1054.0 1.089456
1054.5 1.222112
1055.0 1.110688
1055.5 1.230056
1056.0 1.197184
1056.5 1.043496
1057.0 1.014448
1057.5 1.096616
1058.0 1.074848
1058.5 1.054096
1059.0 1.027152
1059.5 1.097704
1060.0 1.07496
1060.5 1.183144
1061.0 1.162864
1061.5 1.315776
1062.0 1.259328
1062.5 1.015072
1063.0 0.992704
1063.5 1.21644
1064.0 1.203616
1064.5 1.190592
1065.0 1.172024
1065.5 1.056224
1066.0 1.04424
1066.5 1.250016
1067.0 1.230576
1067.5 1.373544
1068.0 1.347552
1068.5 0.917648
1069.0 0.918512
1069.5 1.043936
1070.0 1.018432
1070.5 1.006408
1071.0 0.991744
1071.5 1.019184
1072.0 0.99648
1072.5 1.244208
1073.0 1.223728
1073.5 1.110896
1074.0 1.102656
1074.5 1.248352
1075.0 1.169664
1075.5 1.055656
1076.0 1.044144
1076.5 1.140936
1077.0 1.084944
1077.5 1.123296
1078.0 1.101072
1078.5 1.15896
1079.0 1.09336
1079.5 1.106728
1080.0 1.32136
1080.5 1.302544
1081.0 1.112784
1081.5 1.10528
1082.0 1.362336
1082.5 1.401808
1083.0 1.19132
1083.5 1.161936
1084.0 1.33684
1084.5 1.27624
1085.0 1.080816
1085.5 1.079712
1086.0 1.339232
1086.5 1.326352
1087.0 1.152208
1087.5 1.112064
1088.0 1.355624
1088.5 1.305728
1089.0 1.127472
1089.5 1.239168
1090.0 1.327272
1090.5 1.261968
1091.0 0.71
1091.5 1.121152
1092.0 0.762816
1092.5 1.328104
1093.0 0.761008
1093.5 1.171728
1094.0 0.954056
1094.5 1.321696
1095.0 1.22112
1095.5 1.100112
1096.0 1.488512
1096.5 1.37648
1097.0 1.068032
1097.5 1.11696
1098.0 1.374024
1098.5 1.26648
1099.0 1.137792
1099.5 1.157232
1100.0 1.338544
1100.5 1.33044
1101.0 1.189904
1101.5 1.091952
1102.0 1.311632
1102.5 1.33632
1103.0 1.154784
1103.5 1.149968
1104.0 1.128328
1104.5 1.302528
1105.0 1.350304
1105.5 1.147072
1106.0 1.223744
1106.5 1.163872
1107.0 1.20744
1107.5 1.175808
1108.0 1.394784
1108.5 1.304112
1109.0 1.125264
1109.5 1.129712
1110.0 1.375328
1110.5 1.359936
1111.0 1.1896
1111.5 1.10288
1112.0 1.173888
1112.5 1.393328
1113.0 1.28176
1113.5 1.146096
1114.0 1.217896
1114.5 1.270288
1115.0 1.415688
1115.5 1.184208
1116.0 1.2206
1116.5 1.296832
1117.0 1.219384
1117.5 1.118224
1118.0 1.163528
1118.5 1.361424
1119.0 1.391464
1119.5 1.095072
1120.0 1.199816
1120.5 1.379792
1121.0 1.262952
1121.5 1.071472
1122.0 1.131232
1122.5 1.098704
1123.0 1.296296
1123.5 1.350096
1124.0 1.242352
1124.5 1.18888
1125.0 1.34272
1125.5 1.28444
1126.0 1.11936
1126.5 1.134064
1127.0 1.353728
1127.5 1.330944
1128.0 1.209952
1128.5 1.191536
1129.0 1.319392
1129.5 1.29192
1130.0 1.190112
1130.5 1.134688
1131.0 1.30012
1131.5 1.3568
1132.0 1.163952
1132.5 1.065664
1133.0 1.335416
1133.5 1.31632
1134.0 1.2474
1134.5 1.167888
1135.0 1.334288
1135.5 1.331152
1136.0 1.147536
1136.5 1.13288
1137.0 1.37188
1137.5 1.29072
1138.0 1.199008
1138.5 1.123392
1139.0 1.318672
1139.5 1.369808
1140.0 1.220624
1140.5 1.117872
1141.0 1.254208
1141.5 1.317536
1142.0 1.17868
1142.5 1.134672
1143.0 1.326096
1143.5 1.358656
1144.0 1.153472
1144.5 1.153888
1145.0 1.437424
1145.5 1.261168
1146.0 1.145952
1146.5 1.136
1147.0 1.299744
1147.5 1.319216
1148.0 1.220728
1148.5 1.156752
1149.0 1.282128
1149.5 1.254368
1150.0 1.184056
1150.5 1.191024
1151.0 1.284112
1151.5 1.228816
1152.0 1.12736
1152.5 1.094704
1153.0 1.364952
1153.5 1.428736
1154.0 1.17784
1154.5 1.102048
1155.0 1.377744
1155.5 1.285328
1156.0 1.159296
1156.5 1.162528
1157.0 1.417752
1157.5 1.357504
1158.0 1.176552
1158.5 1.098024
1159.0 1.300624
1159.5 1.363696
1160.0 1.144736
1160.5 1.174496
1161.0 1.360384
1161.5 1.254928
1162.0 1.185984
1162.5 1.096832
1163.0 1.302752
1163.5 1.269056
1164.0 1.130664
1164.5 1.211888
1165.0 1.285896
1165.5 1.286848
1166.0 1.18912
1166.5 1.111488
1167.0 1.371944
1167.5 1.313552
1168.0 1.191208
1168.5 1.125344
1169.0 1.369552
1169.5 1.383312
1170.0 1.150488
1170.5 1.107024
1171.0 1.30652
1171.5 1.315968
1172.0 1.18348
1172.5 1.186832
1173.0 1.314768
1173.5 1.20776
1174.0 1.144624
1174.5 1.183856
1175.0 1.449448
1175.5 1.360208
1176.0 1.168832
1176.5 1.047536
1177.0 1.354528
1177.5 1.333904
1178.0 1.176904
1178.5 1.244192
1179.0 1.361168
1179.5 1.266944
1180.0 1.123952
1180.5 1.160896
1181.0 1.338344
1181.5 1.332752
1182.0 1.14992
1182.5 1.140336
1183.0 1.344688
1183.5 1.256752
1184.0 1.15256
1184.5 1.1712
1185.0 1.331616
1185.5 1.292192
1186.0 1.068448
1186.5 1.041824
1187.0 1.333832
1187.5 1.34336
1188.0 1.195632
1188.5 1.114624
1189.0 1.385536
1189.5 1.4412
1190.0 1.233648
1190.5 1.148736
1191.0 1.298288
1191.5 1.307736
1192.0 1.123456
1192.5 1.111968
1193.0 1.410096
1193.5 1.33464
1194.0 1.124608
1194.5 1.102016
1195.0 1.405936
1195.5 1.31152
1196.0 1.084352
1196.5 1.1388
1197.0 1.427448
1197.5 1.29032
1198.0 1.180664
1198.5 1.22856
1199.0 1.337984
1199.5 1.276384
1200.0 1.172544
1200.5 1.138328
1201.0 1.332064
1201.5 1.310368
1202.0 0.765272
1202.5 1.146944
1203.0 0.693384
1203.5 1.260496
1204.0 0.710096
1204.5 1.136752
1205.0 0.69004
1205.5 1.193968
1206.0 1.412512
1206.5 1.253488
1207.0 1.003776
1207.5 1.249824
1208.0 0.726096
1208.5 1.147616
1209.0 0.72424
1209.5 1.335232
1210.0 1.427216
1210.5 1.123392
1211.0 1.435344
1211.5 1.363184
1212.0 1.059088
1212.5 1.03292
1213.0 1.263984
1213.5 1.321984
1214.0 1.19744
1214.5 1.105696
1215.0 1.459592
1215.5 1.369808
1216.0 1.16676
1216.5 1.182352
1217.0 1.449464
1217.5 1.335824
1218.0 1.1392
1218.5 1.174912
1219.0 1.38812
1219.5 1.337664
1220.0 1.170456
1220.5 1.142864
1221.0 1.38052
1221.5 1.277872
1222.0 1.134656
1222.5 1.165008
1223.0 1.180088
1223.5 1.313232
1224.0 1.285536
1224.5 1.0884
1225.0 1.024448
1225.5 1.413808
1226.0 0.72396
1226.5 1.054368
1227.0 0.763848
1227.5 1.241768
1228.0 1.322352
1228.5 1.18408
1229.0 1.28464
1229.5 1.223232
1230.0 1.335024
1230.5 1.260912
1231.0 1.18528
1231.5 1.314384
1232.0 1.450016
1232.5 1.285344
1233.0 1.113496
1233.5 1.087432
1234.0 1.12112
1234.5 1.151296
1235.0 1.335856
1235.5 1.228848
1236.0 1.241016
1236.5 1.16632
1237.0 1.140616
1237.5 1.187456
1238.0 1.089592
1238.5 0.899888
1239.0 0.714696
1239.5 0.887744
1240.0 1.508368
1240.5 1.416736
1241.0 1.333424
1241.5 1.356944
1242.0 1.48144
1242.5 1.414944
1243.0 1.214336
1243.5 1.177792
1244.0 1.297616
1244.5 1.260576
1245.0 1.234864
1245.5 1.29212
1246.0 1.307216
1246.5 1.237088
1247.0 1.140048
1247.5 1.147936
1248.0 1.424464
1248.5 1.365952
1249.0 1.159472
1249.5 1.133712
1250.0 1.299072
1250.5 1.3272
1251.0 1.150304
1251.5 1.11616
1252.0 1.175064
1252.5 1.099664
1253.0 1.265968
1253.5 1.249888
1254.0 1.389072
1254.5 1.359728
1255.0 0.860784
1255.5 0.772568
1256.0 0.106536
1256.5 0.1
1257.0 0.146744
1257.5 0.1
1258.0 0.147928
1258.5 0.1
1259.0 0.106608
1259.5 0.1
1260.0 1.40876
1260.5 1.376512
1261.0 0.988096
1261.5 0.974096
1262.0 1.117656
1262.5 1.065496
1263.0 1.137648
1263.5 1.125408
1264.0 1.1592
1264.5 1.208416
1265.0 1.119296
1265.5 1.047536
1266.0 1.191144
1266.5 1.16072
1267.0 1.012224
1267.5 0.998672
1268.0 1.242056
1268.5 1.210144
1269.0 0.926872
1269.5 0.902512
1270.0 1.62876
1270.5 1.580784
1271.0 1.142384
1271.5 1.094192
1272.0 1.074992
1272.5 1.049344
1273.0 1.085856
1273.5 1.066032
1274.0 1.279048
1274.5 1.288976
1275.0 1.060616
1275.5 1.004688
1276.0 1.259968
1276.5 1.242288
1277.0 1.094912
1277.5 1.092184
1278.0 1.27352
1278.5 1.193792
1279.0 1.12932
1279.5 1.077216
1280.0 1.110256
1280.5 1.079664
1281.0 1.755896
1281.5 1.645144
1282.0 0.719936
1282.5 0.723824
1283.0 0.89152
1283.5 0.857688
1284.0 1.103688
1284.5 1.104608
1285.0 1.335232
1285.5 1.288672
1286.0 0.79236
1286.5 0.991808
1287.0 0.840808
1287.5 1.22856
1288.0 0.88068
1288.5 1.32832
1289.0 1.440632
1289.5 0.824384
1290.0 1.098064
1290.5 1.082464
1291.0 0.92244
1291.5 0.961776
1292.0 0.751904
1292.5 0.967952
1293.0 0.857168
1293.5 1.467408
1294.0 0.881216
1294.5 1.096384
1295.0 1.091296
1295.5 0.874696
1296.0 1.322688
1296.5 1.299456
1297.0 1.217136
1297.5 1.200432
1298.0 0.982856
1298.5 0.935088
1299.0 1.193104
1299.5 1.15496
1300.0 1.055824
1300.5 1.03016
1301.0 1.044256
1301.5 1.009088
1302.0 1.1732
1302.5 1.162512
1303.0 1.252528
1303.5 1.230432
1304.0 0.978992
1304.5 0.958128
1305.0 0.918976
1305.5 1.029488
1306.0 0.839616
1306.5 1.338
1307.0 0.924312
1307.5 1.061856
1308.0 0.96296
1308.5 1.087904
1309.0 1.186608
1309.5 1.045744
1310.0 1.335064
1310.5 1.258984
1311.0 1.263592
1311.5 1.203008
1312.0 0.989568
1312.5 0.97808
1313.0 0.875184
1313.5 1.055344
1314.0 1.088376
1314.5 1.05544
1315.0 0.631696
1315.5 1.182176
1316.0 0.737528
1316.5 1.09844
1317.0 1.18224
1317.5 1.089456
1318.0 1.222112
1318.5 1.110688
1319.0 1.230056
1319.5 1.197184
1320.0 1.043496
1320.5 1.014448
1321.0 1.096616
1321.5 1.074848
1322.0 1.054096
1322.5 1.027152
1323.0 1.097704
1323.5 1.07496
1324.0 1.183144
1324.5 1.162864
1325.0 1.315776
1325.5 1.259328
1326.0 1.015072
1326.5 0.992704
1327.0 1.21644
1327.5 1.203616
1328.0 1.190592
1328.5 1.172024
1329.0 1.056224
1329.5 1.04424
1330.0 1.250016
1330.5 1.230576
1331.0 1.373544
1331.5 1.347552
1332.0 0.917648
1332.5 0.918512
1333.0 1.043936
1333.5 1.018432
1334.0 1.006408
1334.5 0.991744
1335.0 1.019184
1335.5 0.99648
1336.0 1.244208
1336.5 1.223728
1337.0 1.110896
1337.5 1.102656
1338.0 1.248352
1338.5 1.169664
1339.0 1.055656
1339.5 1.044144
1340.0 1.140936
1340.5 1.084944
1341.0 1.123296
1341.5 1.101072
1342.0 1.15896
1342.5 1.09336
1343.0 1.106728
1343.5 1.081672
1344.0 1.066616
1344.5 1.021168
1345.0 1.129848
1345.5 1.112528
1346.0 1.187384
1346.5 1.162816
1347.0 1.3414
1347.5 1.316288
1348.0 1.123376
1348.5 1.109632
1349.0 1.054128
1349.5 1.077304
1350.0 1.032464
1350.5 0.983408
1351.0 1.301112
1351.5 1.278496
1352.0 1.19432
1352.5 1.177232
1353.0 1.068496
1353.5 1.060784
1354.0 1.281376
1354.5 1.263664
1355.0 1.047384
1355.5 1.0272
1356.0 0.98104
1356.5 0.967136
1357.0 1.237632
1357.5 1.220976
1358.0 1.162136
1358.5 1.088496
1359.0 1.235568
1359.5 1.214672
1360.0 1.306896
1360.5 1.278944
1361.0 0.967424
1361.5 0.959784
1362.0 0.955056
1362.5 0.961024
1363.0 1.250784
1363.5 1.215056
1364.0 1.001344
1364.5 0.987728
1365.0 1.194312
1365.5 1.177856
1366.0 1.121296
1366.5 1.104368
1367.0 1.414624
1367.5 1.431744
1368.0 1.112784
1368.5 1.099936
1369.0 1.205584
1369.5 1.191504
1370.0 1.111784
1370.5 1.026304
1371.0 1.21836
1371.5 1.155072
1372.0 1.134448
1372.5 1.114208
1373.0 1.266544
1373.5 1.246384
1374.0 0.890928
1374.5 0.880768
1375.0 1.118736
1375.5 1.101152
1376.0 1.00736
1376.5 0.99284
1377.0 1.151808
1377.5 1.139472
1378.0 1.469728
1378.5 1.388928
1379.0 1.14344
1379.5 1.123104
1380.0 1.054336
1380.5 1.045104
1381.0 1.323864
1381.5 1.29712
1382.0 1.113056
1382.5 1.098296
1383.0 1.23448
1383.5 1.215504
1384.0 1.060784
1384.5 1.037808
1385.0 1.252416
1385.5 1.231792
1386.0 1.013128
1386.5 0.9904
1387.0 1.263728
1387.5 1.213232
1388.0 1.204032
1388.5 1.185136
1389.0 1.231096
1389.5 1.214704
1390.0 0.942616
1390.5 0.921568
1391.0 1.091888
1391.5 1.078416
1392.0 0.894608
1392.5 0.886528
1393.0 1.283088
1393.5 1.252944
1394.0 0.831056
1394.5 0.82316
1395.0 1.420304
1395.5 1.39496
1396.0 1.07208
1396.5 1.055808
1397.0 1.22408
1397.5 1.206096
1398.0 1.01528
1398.5 0.946176
1399.0 1.10128
1399.5 1.081552
1400.0 1.267328
1400.5 1.240048
1401.0 1.17932
1401.5 1.04736
1402.0 0.969776
1402.5 0.970656
1403.0 1.36872
1403.5 1.300128
1404.0 1.095712
1404.5 1.067232
1405.0 1.141888
1405.5 1.12376
1406.0 1.089224
1406.5 1.076192
1407.0 1.076096
1407.5 1.075696
1408.0 1.126648
1408.5 1.080496
1409.0 1.151456
1409.5 1.13028
1410.0 1.194576
1410.5 1.169712
1411.0 1.11436
1411.5 1.085968
1412.0 1.157648
1412.5 1.144096
1413.0 1.1392
1413.5 1.125424
1414.0 1.165216
1414.5 1.144304
1415.0 1.05008
1415.5 1.049368
1416.0 1.121104
1416.5 1.0948
1417.0 1.009072
1417.5 0.996272
1418.0 1.293896
1418.5 1.21464
1419.0 1.316208
1419.5 1.29784
1420.0 1.13904
1420.5 1.12056
1421.0 0.985984
1421.5 0.974416
1422.0 1.176672
1422.5 1.161184
1423.0 1.12096
1423.5 1.099456
1424.0 1.122
1424.5 1.107728
1425.0 1.060288
1425.5 1.04576
1426.0 1.117824
1426.5 1.102112
1427.0 1.036952
1427.5 1.029048
1428.0 1.214816
1428.5 1.188992
1429.0 1.078608
1429.5 1.066528
1430.0 1.120024
1430.5 1.093552
1431.0 1.163784
1431.5 1.088288
1432.0 1.137168
1432.5 1.126
1433.0 1.154064
1433.5 1.138128
1434.0 1.090096
1434.5 1.070896
1435.0 1.046736
1435.5 1.031072
1436.0 1.471504
1436.5 1.451616
1437.0 0.961664
1437.5 0.948576
1438.0 1.049568
1438.5 0.994896
1439.0 1.101104
1439.5 1.072
