0.0 1.151856
0.5 1.47716
1.0 1.409008
1.5 1.090552
2.0 1.10464
2.5 1.306232
3.0 1.293456
3.5 1.133304
4.0 1.148992
4.5 1.282616
5.0 1.295792
5.5 1.106648
6.0 1.068128
6.5 1.282208
7.0 1.28848
7.5 1.10584
8.0 1.054496
8.5 1.351784
9.0 1.382672
9.5 1.113392
10.0 1.187616
10.5 1.354176
11.0 1.286512
11.5 1.12384
12.0 1.16232
12.5 1.351392
13.0 1.32848
13.5 1.090608
14.0 1.150352
14.5 1.323728
15.0 1.231776
15.5 1.051632
16.0 1.083872
16.5 1.393504
17.0 1.351184
17.5 1.157064
18.0 1.20168
18.5 1.319536
19.0 1.36168
19.5 1.173008
20.0 1.133728
20.5 1.438496
21.0 1.369728
21.5 1.071792
22.0 1.078352
22.5 1.411048
23.0 1.347824
23.5 1.185256
24.0 1.147936
24.5 1.107688
25.0 1.320928
25.5 1.297768
26.0 1.142272
26.5 1.210376
27.0 1.352368
27.5 1.30112
28.0 1.13728
28.5 1.089512
29.0 1.28576
29.5 1.305408
30.0 1.075088
30.5 1.161
31.0 1.308208
31.5 1.27776
32.0 1.208888
32.5 0.806896
33.0 1.174368
33.5 0.701256
34.0 1.283968
34.5 0.716592
35.0 1.096528
35.5 1.218512
36.0 1.311056
36.5 1.132392
37.0 1.148352
37.5 1.339312
38.0 1.324224
38.5 1.134264
39.0 1.193216
39.5 1.335672
40.0 1.25136
40.5 1.158968
41.0 1.187088
41.5 1.3534
42.0 1.287792
42.5 1.111952
43.0 1.129776
43.5 1.306008
44.0 1.28216
44.5 1.143872
45.0 1.116896
45.5 1.269216
46.0 1.296592
46.5 1.20632
47.0 1.174736
47.5 0.920576
48.0 0.919744
48.5 0.800424
49.0 1.351984
49.5 0.73536
50.0 1.135328
50.5 0.688768
51.0 1.271312
51.5 0.814896
52.0 1.131232
52.5 1.151616
53.0 1.271616
53.5 1.056624
54.0 1.182752
54.5 0.794064
55.0 1.332992
55.5 0.689872
56.0 1.07176
56.5 1.263184
57.0 1.394848
57.5 1.086864
58.0 1.176944
58.5 1.377624
59.0 1.2672
59.5 1.160176
60.0 1.039776
60.5 1.38128
61.0 1.368752
61.5 1.1464
62.0 1.177536
62.5 1.265408
63.0 1.292064
63.5 1.212896
64.0 1.16652
64.5 1.360688
65.0 1.309248
65.5 1.161456
66.0 1.115792
66.5 1.33368
67.0 1.321888
67.5 1.170112
68.0 1.165344
68.5 1.30748
69.0 1.288048
69.5 1.213848
70.0 1.172992
70.5 1.354104
71.0 1.264768
71.5 1.170016
72.0 1.206608
72.5 1.30168
73.0 1.242656
73.5 1.123792
74.0 1.140016
74.5 1.297528
75.0 1.22824
75.5 1.200544
76.0 1.253232
76.5 1.326016
77.0 1.30272
77.5 1.177552
78.0 1.117584
78.5 1.379912
79.0 1.382784
79.5 1.186576
80.0 1.129232
80.5 1.339128
81.0 1.251344
81.5 1.247616
82.0 1.145072
82.5 1.329504
83.0 1.347232
83.5 1.180056
84.0 1.121584
84.5 1.32136
85.0 1.302544
85.5 1.112784
86.0 1.10528
86.5 1.362336
87.0 1.401808
87.5 1.19132
88.0 1.161936
88.5 1.33684
89.0 1.27624
89.5 1.080816
90.0 1.079712
90.5 1.339232
91.0 1.326352
91.5 1.152208
92.0 1.112064
92.5 1.355624
93.0 1.305728
93.5 1.127472
94.0 1.239168
94.5 1.327272
95.0 1.261968
95.5 0.71
96.0 1.121152
96.5 0.762816
97.0 1.328104
97.5 0.761008
98.0 1.171728
98.5 0.954056
99.0 1.321696
99.5 1.22112
100.0 1.100112
100.5 1.488512
101.0 1.37648
101.5 1.068032
102.0 1.11696
102.5 1.374024
103.0 1.26648
103.5 1.137792
104.0 1.157232
104.5 1.338544
105.0 1.33044
105.5 1.189904
106.0 1.091952
106.5 1.311632
107.0 1.33632
107.5 1.154784
108.0 1.149968
108.5 1.128328
109.0 1.302528
109.5 1.350304
110.0 1.147072
110.5 1.223744
111.0 1.163872
111.5 1.20744
112.0 1.175808
112.5 1.394784
113.0 1.304112
113.5 1.125264
114.0 1.129712
114.5 1.375328
115.0 1.359936
115.5 1.1896
116.0 1.10288
116.5 1.173888
117.0 1.393328
117.5 1.28176
118.0 1.146096
118.5 1.217896
119.0 1.270288
119.5 1.415688
120.0 1.184208
120.5 1.2206
121.0 1.296832
121.5 1.219384
122.0 1.118224
122.5 1.163528
123.0 1.361424
123.5 1.391464
124.0 1.095072
124.5 1.199816
125.0 1.379792
125.5 1.262952
126.0 1.071472
126.5 1.131232
127.0 1.098704
127.5 1.296296
128.0 1.350096
128.5 1.242352
129.0 1.18888
129.5 1.34272
130.0 1.28444
130.5 1.11936
131.0 1.134064
131.5 1.353728
132.0 1.330944
132.5 1.209952
133.0 1.191536
133.5 1.319392
134.0 1.29192
134.5 1.190112
135.0 1.134688
135.5 1.30012
136.0 1.3568
136.5 1.163952
137.0 1.065664
137.5 1.335416
138.0 1.31632
138.5 1.2474
139.0 1.167888
139.5 1.334288
140.0 1.331152
140.5 1.147536
141.0 1.13288
141.5 1.37188
142.0 1.29072
142.5 1.199008
143.0 1.123392
143.5 1.318672
144.0 1.369808
144.5 1.220624
145.0 1.117872
145.5 1.254208
146.0 1.317536
146.5 1.17868
147.0 1.134672
147.5 1.326096
148.0 1.358656
148.5 1.153472
149.0 1.153888
149.5 1.437424
150.0 1.261168
150.5 1.145952
151.0 1.136
151.5 1.299744
152.0 1.319216
152.5 1.220728
153.0 1.156752
153.5 1.282128
154.0 1.254368
154.5 1.184056
155.0 1.191024
155.5 1.284112
156.0 1.228816
156.5 1.12736
157.0 1.094704
157.5 1.364952
158.0 1.428736
158.5 1.17784
159.0 1.102048
159.5 1.377744
160.0 1.285328
160.5 1.159296
161.0 1.162528
161.5 1.417752
162.0 1.357504
162.5 1.176552
163.0 1.098024
163.5 1.300624
164.0 1.363696
164.5 1.144736
165.0 1.174496
165.5 1.360384
166.0 1.254928
166.5 1.185984
167.0 1.096832
167.5 1.302752
168.0 1.269056
168.5 1.130664
169.0 1.211888
169.5 1.285896
170.0 1.286848
170.5 1.18912
171.0 1.111488
171.5 1.371944
172.0 1.313552
172.5 1.191208
173.0 1.125344
173.5 1.369552
174.0 1.383312
174.5 1.150488
175.0 1.107024
175.5 1.30652
176.0 1.315968
176.5 1.18348
177.0 1.186832
177.5 1.314768
178.0 1.20776
178.5 1.144624
179.0 1.183856
179.5 1.449448
180.0 1.465832
180.5 1.447616
181.0 0.938288
181.5 0.931824
182.0 1.126096
182.5 1.117264
183.0 0.90896
183.5 0.89376
184.0 1.041464
184.5 1.029536
185.0 1.103456
185.5 1.092696
186.0 1.1124
186.5 1.104368
187.0 0.751616
187.5 1.131984
188.0 0.60992
188.5 1.093264
189.0 0.801184
189.5 1.0724
190.0 1.203376
190.5 1.245808
191.0 0.95892
191.5 1.10068
192.0 1.020704
192.5 1.224
193.0 0.716176
193.5 0.96536
194.0 1.155648
194.5 1.098288
195.0 1.196
195.5 1.17176
196.0 1.135496
196.5 1.128128
197.0 1.06336
197.5 1.023824
198.0 1.183224
198.5 1.163136
199.0 1.114984
199.5 1.098784
200.0 1.171752
200.5 1.177712
201.0 1.006784
201.5 0.972192
202.0 1.054752
202.5 1.045408
203.0 1.307216
203.5 1.244392
204.0 1.24984
204.5 1.180336
205.0 1.017568
205.5 1.015264
206.0 1.160016
206.5 1.15496
207.0 1.107584
207.5 1.093808
208.0 1.12428
208.5 1.100624
209.0 1.059488
209.5 1.080736
210.0 1.166512
210.5 1.11952
211.0 1.192368
211.5 1.120016
212.0 1.168496
212.5 1.142528
213.0 1.19776
213.5 1.188
214.0 1.14692
214.5 1.133936
215.0 1.067344
215.5 1.061504
216.0 1.236832
216.5 1.21832
217.0 1.23784
217.5 1.22904
218.0 1.077008
218.5 1.06204
219.0 1.072672
219.5 1.057936
220.0 1.145872
220.5 1.125504
221.0 1.01104
221.5 0.995232
222.0 1.350536
222.5 1.327296
223.0 1.071952
223.5 1.091168
224.0 1.30728
224.5 1.26276
225.0 1.10176
225.5 1.084208
226.0 1.137952
226.5 1.184784
227.0 1.002672
227.5 0.9248
228.0 1.131104
228.5 1.104624
229.0 0.982672
229.5 0.97392
230.0 1.320512
230.5 1.292496
231.0 1.20064
231.5 1.119856
232.0 1.118224
232.5 1.102784
233.0 1.039232
233.5 0.980024
234.0 1.196136
234.5 1.14832
235.0 1.25256
235.5 1.186496
236.0 1.267184
236.5 1.250568
237.0 0.900296
237.5 0.892048
238.0 1.094232
238.5 1.077488
239.0 1.090184
239.5 1.06808
240.0 1.154608
240.5 1.134208
241.0 1.282648
241.5 1.25744
242.0 1.214304
242.5 1.1952
243.0 1.161696
243.5 1.148336
244.0 1.249688
244.5 1.248416
245.0 1.068104
245.5 1.017312
246.0 1.267904
246.5 1.25456
247.0 1.071808
247.5 1.101936
248.0 1.247536
248.5 1.187168
249.0 1.069376
249.5 1.031936
250.0 1.204096
250.5 1.215488
251.0 1.972056
251.5 1.819496
252.0 0.767888
252.5 0.747776
253.0 0.823456
253.5 0.810768
254.0 1.032352
254.5 1.001136
255.0 0.979648
255.5 0.956944
256.0 1.109584
256.5 1.087792
257.0 0.998032
257.5 0.993112
258.0 1.390256
258.5 1.326576
259.0 1.005072
259.5 0.992384
260.0 1.252448
260.5 1.223184
261.0 1.009728
261.5 0.994864
262.0 1.063728
262.5 1.046736
263.0 1.64156
263.5 1.558352
264.0 0.906008
264.5 0.855312
265.0 1.054928
265.5 1.048512
266.0 1.17696
266.5 1.165024
267.0 1.120144
267.5 1.105664
268.0 1.27384
268.5 1.261568
269.0 0.85136
269.5 0.843688
270.0 1.356384
270.5 1.334816
271.0 1.010048
271.5 0.93872
272.0 1.270384
272.5 1.267152
273.0 1.150768
273.5 1.117424
274.0 1.194504
274.5 1.131568
275.0 0.908504
275.5 0.89272
276.0 1.164344
276.5 1.166304
277.0 1.24652
277.5 1.21464
278.0 1.012504
278.5 0.988352
279.0 0.966752
279.5 0.954944
280.0 1.194264
280.5 1.175472
281.0 0.96716
281.5 0.960944
282.0 1.351504
282.5 1.333248
283.0 1.111936
283.5 1.14184
284.0 1.14856
284.5 1.103048
285.0 1.215088
285.5 1.205952
286.0 0.984176
286.5 0.980032
287.0 1.127168
287.5 1.111936
288.0 1.225064
288.5 1.187424
289.0 1.132704
289.5 1.101328
290.0 1.061272
290.5 1.04684
291.0 0.904424
291.5 0.812768
292.0 1.020464
292.5 1.0108
293.0 1.350032
293.5 1.28496
294.0 1.380096
294.5 1.340552
295.0 1.185984
295.5 1.138032
296.0 1.095088
296.5 1.076
297.0 1.104136
297.5 1.087808
298.0 1.448312
298.5 1.428752
299.0 1.154904
299.5 1.14568
300.0 1.035704
300.5 1.028176
301.0 0.96672
301.5 0.952144
302.0 0.969776
302.5 0.9502
303.0 1.2604
303.5 1.246352
304.0 0.865496
304.5 0.853088
305.0 1.155064
305.5 1.1388
306.0 1.264928
306.5 1.240624
307.0 1.183728
307.5 1.165888
308.0 1.037528
308.5 1.023632
309.0 1.301912
309.5 1.278768
310.0 1.22816
310.5 1.213472
311.0 1.184992
311.5 1.107328
312.0 1.016016
312.5 1.008736
313.0 1.202016
313.5 1.177024
314.0 1.151304
314.5 1.131056
315.0 1.06384
315.5 1.04512
316.0 1.06976
316.5 1.052576
317.0 1.168984
317.5 1.15412
318.0 1.06728
318.5 1.046768
319.0 1.115344
319.5 1.09032
320.0 1.124848
320.5 1.106592
321.0 1.153376
321.5 1.123968
322.0 1.06768
322.5 1.045904
323.0 1.221376
323.5 1.154808
324.0 1.186984
324.5 1.1312
325.0 1.214176
325.5 1.197984
326.0 1.024104
326.5 1.030144
327.0 1.341752
327.5 1.30832
328.0 1.06736
328.5 1.049232
329.0 1.098512
329.5 1.083872
330.0 1.168704
330.5 1.151968
331.0 1.26024
331.5 1.20448
332.0 0.950968
332.5 0.911968
333.0 1.40876
333.5 1.376512
334.0 0.988096
334.5 0.974096
335.0 1.117656
335.5 1.065496
336.0 1.137648
336.5 1.125408
337.0 1.1592
337.5 1.208416
338.0 1.119296
338.5 1.047536
339.0 1.191144
339.5 1.16072
340.0 1.012224
340.5 0.998672
341.0 1.242056
341.5 1.210144
342.0 0.926872
342.5 0.902512
343.0 1.62876
343.5 1.580784
344.0 1.142384
344.5 1.094192
345.0 1.074992
345.5 1.049344
346.0 1.085856
346.5 1.066032
347.0 1.279048
347.5 1.288976
348.0 1.060616
348.5 1.004688
349.0 1.259968
349.5 1.242288
350.0 1.094912
350.5 1.092184
351.0 1.27352
351.5 1.193792
352.0 1.12932
352.5 1.077216
353.0 1.110256
353.5 1.079664
354.0 1.755896
354.5 1.645144
355.0 0.719936
355.5 0.723824
356.0 0.89152
356.5 0.857688
357.0 1.103688
357.5 1.104608
358.0 1.335232
358.5 1.288672
359.0 0.79236
359.5 0.991808
360.0 1.234864
360.5 1.29212
361.0 1.307216
361.5 1.237088
362.0 1.140048
362.5 1.147936
363.0 1.424464
363.5 1.365952
364.0 1.159472
364.5 1.133712
365.0 1.299072
365.5 1.3272
366.0 1.150304
366.5 1.11616
367.0 1.175064
367.5 1.099664
368.0 1.265968
368.5 1.249888
369.0 1.389072
369.5 1.359728
370.0 0.860784
370.5 0.772568
371.0 0.106536
371.5 0.1
372.0 0.146744
372.5 0.1
373.0 0.147928
373.5 0.1
374.0 0.106608
374.5 0.1
375.0 0.10764
375.5 0.101688
376.0 0.107808
376.5 0.1
377.0 0.104744
377.5 0.1
378.0 0.106184
378.5 0.1
379.0 0.106152
379.5 0.1
380.0 0.103544
380.5 0.1
381.0 0.10568
381.5 0.101688
382.0 0.101856
382.5 0.1
383.0 0.102368
383.5 0.1
384.0 0.100928
384.5 0.1
385.0 0.100928
385.5 0.1
386.0 0.107936
386.5 0.1
387.0 0.106464
387.5 0.10176
388.0 0.101976
388.5 0.1
389.0 0.10348
389.5 0.1
390.0 0.160096
390.5 0.1
391.0 0.106912
391.5 0.10888
392.0 0.128368
392.5 0.123648
393.0 0.10488
393.5 0.10268
394.0 0.330112
394.5 0.503264
395.0 1.03752
395.5 1.052752
396.0 1.241584
396.5 1.228
397.0 1.08472
397.5 1.055664
398.0 1.24532
398.5 1.18576
399.0 0.985872
399.5 1.013136
400.0 1.331728
400.5 1.241264
401.0 1.063224
401.5 1.100928
402.0 1.232024
402.5 1.119712
403.0 1.028856
403.5 0.935728
404.0 1.232352
404.5 1.154064
405.0 1.024056
405.5 1.091056
406.0 1.26688
406.5 1.283984
407.0 0.993264
407.5 0.922272
408.0 1.142752
408.5 1.295624
409.0 1.222304
409.5 1.05448
410.0 1.2308
410.5 1.219216
411.0 1.147872
411.5 1.03056
412.0 1.034768
412.5 1.078704
413.0 1.012448
413.5 0.98168
414.0 1.221456
414.5 1.207528
415.0 1.092656
415.5 1.07056
416.0 1.126016
416.5 1.114864
417.0 1.12248
417.5 1.0312
418.0 1.179016
418.5 1.320208
419.0 1.263032
419.5 1.106208
420.0 1.117336
420.5 1.07952
421.0 1.022968
421.5 1.008048
422.0 1.105856
422.5 1.170592
423.0 1.215616
423.5 1.138336
424.0 1.184928
424.5 1.20416
425.0 1.229344
425.5 1.119344
426.0 1.163136
426.5 1.086216
427.0 1.012496
427.5 1.0764
428.0 1.143088
428.5 1.06008
429.0 1.00368
429.5 1.024352
430.0 1.134664
430.5 1.145696
431.0 1.238128
431.5 1.129648
432.0 1.1438
432.5 0.9276
433.0 1.356072
433.5 1.517376
434.0 1.054528
434.5 0.953728
435.0 1.09636
435.5 1.00592
436.0 1.046592
436.5 1.11744
437.0 1.145216
437.5 1.123424
438.0 1.055768
438.5 1.098128
439.0 1.285088
439.5 1.25336
440.0 1.136952
440.5 1.130672
441.0 1.062336
441.5 1.013224
442.0 1.080624
442.5 1.084992
443.0 1.14616
443.5 1.09344
444.0 0.996368
444.5 0.977392
445.0 1.208048
445.5 1.18024
446.0 1.082896
446.5 1.08128
447.0 1.145728
447.5 1.127192
448.0 1.17504
448.5 1.141952
449.0 1.23808
449.5 1.268496
450.0 1.169728
450.5 1.06696
451.0 1.092224
451.5 1.106448
452.0 1.103824
452.5 1.031472
453.0 1.300784
453.5 1.273968
454.0 1.065376
454.5 1.036912
455.0 1.186656
455.5 1.184944
456.0 1.011872
456.5 1.067888
457.0 1.193152
457.5 1.070912
458.0 1.149968
458.5 1.108112
459.0 1.126152
459.5 1.204984
460.0 1.170112
460.5 1.078512
461.0 1.097776
461.5 1.133344
462.0 1.261664
462.5 1.10448
463.0 1.091608
463.5 0.88392
464.0 1.061408
464.5 1.130304
465.0 1.429008
465.5 1.199856
466.0 0.426928
466.5 0.286912
467.0 0.416768
467.5 0.277616
468.0 0.393304
468.5 0.132736
469.0 0.117656
469.5 0.116208
470.0 0.378048
470.5 0.13312
471.0 0.118368
471.5 0.100784
472.0 0.222776
472.5 0.100784
473.0 0.105704
473.5 0.1
474.0 0.289888
474.5 0.28692
475.0 0.322856
475.5 0.29248
476.0 0.226192
476.5 0.72624
477.0 0.376392
477.5 0.417056
478.0 0.111152
478.5 0.12152
479.0 0.177904
479.5 0.173824
480.0 0.11516
480.5 0.123208
481.0 0.220544
481.5 0.224768
482.0 0.113392
482.5 0.12152
483.0 0.292264
483.5 0.285712
484.0 0.118608
484.5 0.12152
485.0 0.2096
485.5 0.21064
486.0 0.119504
486.5 0.12328
487.0 0.211856
487.5 0.213824
488.0 0.112128
488.5 0.12024
489.0 0.20896
489.5 0.213808
490.0 0.170176
490.5 0.12648
491.0 0.244312
491.5 0.239248
492.0 0.168216
492.5 0.123224
493.0 0.329944
493.5 0.28504
494.0 0.121008
494.5 0.12152
495.0 0.186808
495.5 0.24712
496.0 0.135448
496.5 0.12152
497.0 0.117416
497.5 0.168368
498.0 0.143304
498.5 0.13604
499.0 0.120408
499.5 0.4008
500.0 0.11468
500.5 0.12152
501.0 0.123424
501.5 0.281808
502.0 0.111152
502.5 0.12152
503.0 0.119976
503.5 0.210608
504.0 0.111904
504.5 0.12152
505.0 0.110656
505.5 0.388032
506.0 0.112168
506.5 0.11224
507.0 0.106408
507.5 0.101688
508.0 0.1
508.5 0.1
509.0 0.10204
509.5 0.1
510.0 0.160416
510.5 0.1
511.0 0.104224
511.5 0.1
512.0 0.104456
512.5 0.1
513.0 0.107088
513.5 0.101688
514.0 0.105728
514.5 0.1
515.0 1.14496
515.5 0.147328
516.0 0.125856
516.5 0.143632
517.0 0.104344
517.5 0.110672
518.0 0.106864
518.5 0.281168
519.0 1.014648
519.5 1.036656
520.0 1.071984
520.5 1.05144
521.0 1.093424
521.5 1.10632
522.0 1.157432
522.5 1.102192
523.0 1.29708
523.5 1.125344
524.0 1.063168
524.5 1.130192
525.0 1.33584
525.5 1.24932
526.0 1.01752
526.5 0.997936
527.0 1.127376
527.5 1.077792
528.0 1.198816
528.5 1.183968
529.0 1.179264
529.5 1.176736
530.0 1.125336
530.5 1.091248
531.0 0.743696
531.5 1.057056
532.0 0.717312
532.5 1.21896
533.0 0.891504
533.5 1.057168
534.0 0.831104
534.5 1.144208
535.0 0.944096
535.5 1.03536
536.0 1.091888
536.5 1.047568
537.0 1.041488
537.5 1.003216
538.0 1.201152
538.5 1.28672
539.0 1.167032
539.5 1.161072
540.0 1.391152
540.5 1.212808
541.0 1.1552
541.5 1.336392
542.0 1.33792
542.5 1.29524
543.0 1.188816
543.5 1.337784
544.0 1.292016
544.5 1.114136
545.0 1.10608
545.5 1.409736
546.0 1.360656
546.5 1.169816
547.0 1.150624
547.5 1.40044
548.0 1.3868
548.5 1.205344
549.0 1.167408
549.5 1.4186
550.0 1.332512
550.5 1.028904
551.0 1.032928
551.5 1.225848
552.0 1.203872
552.5 1.129352
553.0 1.10832
553.5 1.389712
554.0 1.34416
554.5 1.070568
555.0 1.053136
555.5 1.250952
556.0 1.146928
556.5 1.34532
557.0 1.427952
557.5 1.526248
558.0 1.44464
558.5 1.336984
559.0 1.119552
559.5 1.484144
560.0 1.414832
560.5 1.04988
561.0 1.03352
561.5 1.291064
562.0 1.259984
562.5 1.237328
563.0 1.18288
563.5 1.358984
564.0 1.320624
564.5 1.209592
565.0 1.202456
565.5 1.176992
566.0 1.212352
566.5 1.320712
567.0 1.1876
567.5 1.046928
568.0 1.32416
568.5 1.631784
569.0 1.242528
569.5 1.036008
570.0 1.209248
570.5 1.409704
571.0 1.175456
571.5 1.187104
572.0 1.229312
572.5 1.14312
573.0 1.078576
573.5 1.453744
574.0 1.365096
574.5 1.408752
575.0 1.337296
575.5 1.04664
576.0 1.063544
576.5 1.335704
577.0 1.214208
577.5 1.071872
578.0 1.03564
578.5 1.256632
579.0 1.252896
579.5 0.884608
580.0 1.161408
580.5 1.536776
581.0 1.292296
581.5 0.991048
582.0 1.128368
582.5 1.674856
583.0 1.303712
583.5 1.171256
584.0 1.323864
584.5 1.434472
585.0 1.211648
585.5 1.099872
586.0 1.207264
586.5 1.7084
587.0 1.408016
587.5 1.005128
588.0 1.162896
588.5 1.514016
589.0 1.280944
589.5 1.017952
590.0 1.1336
590.5 1.374776
591.0 1.175936
591.5 1.323256
592.0 1.364352
592.5 1.216952
593.0 1.120912
593.5 1.123504
594.0 1.103936
594.5 1.29364
595.0 1.2796
595.5 1.198728
596.0 1.178928
596.5 1.379776
597.0 1.332352
597.5 1.236328
598.0 1.177552
598.5 1.214776
599.0 1.22584
599.5 1.19348
600.0 1.15784
600.5 1.1958
601.0 1.19092
601.5 1.009152
602.0 1.376528
602.5 1.8846
603.0 1.32112
603.5 1.054648
604.0 1.058176
604.5 1.265608
605.0 1.286144
605.5 1.255448
606.0 1.178144
606.5 1.193368
607.0 1.206384
607.5 1.205376
608.0 1.206272
608.5 1.02936
609.0 1.021248
609.5 1.280008
610.0 1.268688
610.5 1.495248
611.0 1.439312
611.5 1.225472
612.0 1.20488
612.5 1.513576
613.0 1.462176
613.5 1.159488
614.0 1.159104
614.5 1.293592
615.0 1.262688
615.5 1.206304
616.0 1.106944
616.5 1.412768
617.0 1.307088
617.5 1.177848
618.0 1.075392
618.5 1.172296
619.0 1.170096
619.5 1.173168
620.0 1.170272
620.5 1.719248
621.0 1.58432
621.5 1.006608
622.0 0.984496
622.5 1.661688
623.0 1.495808
623.5 0.998664
624.0 0.945488
624.5 1.448712
625.0 1.40576
625.5 1.298472
626.0 1.221808
626.5 0.725648
627.0 1.2844
627.5 1.557112
628.0 1.179616
628.5 1.446184
629.0 1.113952
629.5 0.94636
630.0 0.937296
630.5 1.466608
631.0 1.388392
631.5 1.051424
632.0 1.077248
632.5 1.006256
633.0 1.419616
633.5 1.891768
634.0 1.344768
634.5 1.335296
635.0 1.256704
635.5 1.182536
636.0 1.166656
636.5 1.168856
637.0 1.1684
637.5 1.018488
638.0 0.99512
638.5 1.126536
639.0 1.376832
639.5 1.521632
640.0 1.208224
640.5 1.385592
641.0 1.344208
641.5 1.213064
642.0 1.167024
642.5 1.28512
643.0 1.183248
643.5 1.16032
644.0 1.147728
644.5 1.372656
645.0 1.344032
645.5 1.053472
646.0 1.25912
646.5 1.590152
647.0 1.299184
647.5 1.313784
648.0 1.215744
648.5 1.385584
649.0 1.328112
649.5 1.200784
650.0 1.18664
650.5 1.30872
651.0 1.293568
651.5 1.182256
652.0 1.16056
652.5 0.931536
653.0 1.251568
653.5 1.664016
654.0 1.270432
654.5 0.680216
655.0 1.00528
655.5 1.653976
656.0 1.259696
656.5 0.988184
657.0 1.260624
657.5 1.871352
658.0 1.448704
658.5 1.087664
659.0 1.29784
659.5 0.727072
660.0 1.148688
660.5 0.6264
661.0 0.95216
661.5 1.660688
662.0 1.382608
662.5 1.024272
663.0 1.139472
663.5 1.610448
664.0 1.36516
664.5 1.211416
665.0 1.344944
665.5 1.282552
666.0 1.268992
666.5 1.451872
667.0 0.98768
667.5 0.985256
668.0 0.963712
668.5 0.793728
669.0 0.960128
669.5 1.129664
670.0 1.346928
670.5 0.569208
671.0 1.290688
671.5 0.340432
672.0 1.601536
672.5 2.80468
673.0 1.317296
673.5 1.130032
674.0 1.227872
674.5 0.853968
675.0 1.083856
675.5 1.034912
676.0 1.058112
676.5 1.097176
677.0 1.164744
677.5 0.647512
678.0 1.466512
678.5 0.980248
679.0 1.564
679.5 0.833248
680.0 1.07276
680.5 0.731816
681.0 1.08608
681.5 0.485608
682.0 1.494792
682.5 1.283936
683.0 1.195384
683.5 0.817352
684.0 1.502928
684.5 0.920632
685.0 1.235296
685.5 0.788504
686.0 0.886064
686.5 0.5642
687.0 1.172432
687.5 1.29836
688.0 1.29992
688.5 0.903976
689.0 0.979456
689.5 0.94748
690.0 1.144848
690.5 0.731256
691.0 0.977056
691.5 1.005472
692.0 1.545584
692.5 0.759744
693.0 1.074128
693.5 0.84508
694.0 1.292352
694.5 0.593088
695.0 1.175904
695.5 0.87288
696.0 1.315232
696.5 0.644544
697.0 1.056872
697.5 1.184448
698.0 1.327168
698.5 0.967096
699.0 1.169944
699.5 1.491904
700.0 1.373424
700.5 1.73008
701.0 1.441104
701.5 1.299512
702.0 1.230744
702.5 1.090016
703.0 1.008296
703.5 1.515928
704.0 1.458896
704.5 0.977776
705.0 0.974224
705.5 1.207344
706.0 1.085544
706.5 1.1118
707.0 1.15752
707.5 1.009752
708.0 1.108176
708.5 1.484776
709.0 1.28784
709.5 1.226184
710.0 1.241248
710.5 1.120232
711.0 1.084624
711.5 1.260792
712.0 1.24056
712.5 1.033856
713.0 1.099408
713.5 1.477792
714.0 1.41112
714.5 1.259504
715.0 1.211088
715.5 1.278328
716.0 1.314464
716.5 1.38204
717.0 1.253408
717.5 1.042328
718.0 1.253504
718.5 1.795008
719.0 1.49888
719.5 0.805096
720.0 1.184208
720.5 1.2206
721.0 1.296832
721.5 1.219384
722.0 1.118224
722.5 1.163528
723.0 1.361424
723.5 1.391464
724.0 1.095072
724.5 1.199816
725.0 1.379792
725.5 1.262952
726.0 1.071472
726.5 1.131232
727.0 1.098704
727.5 1.296296
728.0 1.350096
728.5 1.242352
729.0 1.18888
729.5 1.34272
730.0 1.28444
730.5 1.11936
731.0 1.134064
731.5 1.353728
732.0 1.330944
732.5 1.209952
733.0 1.191536
733.5 1.319392
734.0 1.29192
734.5 1.190112
735.0 1.134688
735.5 1.30012
736.0 1.3568
736.5 1.163952
737.0 1.065664
737.5 1.335416
738.0 1.31632
738.5 1.2474
739.0 1.167888
739.5 1.334288
740.0 1.331152
740.5 1.147536
741.0 1.13288
741.5 1.37188
742.0 1.29072
742.5 1.199008
743.0 1.123392
743.5 1.318672
744.0 1.369808
744.5 1.220624
745.0 1.117872
745.5 1.254208
746.0 1.317536
746.5 1.17868
747.0 1.134672
747.5 1.326096
748.0 1.358656
748.5 1.153472
749.0 1.153888
749.5 1.437424
750.0 1.261168
750.5 1.145952
751.0 1.136
751.5 1.299744
752.0 1.319216
752.5 1.220728
753.0 1.156752
753.5 1.282128
754.0 1.254368
754.5 1.184056
755.0 1.191024
755.5 1.284112
756.0 1.228816
756.5 1.12736
757.0 1.094704
757.5 1.364952
758.0 1.428736
758.5 1.17784
759.0 1.102048
759.5 1.377744
760.0 1.285328
760.5 1.159296
761.0 1.162528
761.5 1.417752
762.0 1.357504
762.5 1.176552
763.0 1.098024
763.5 1.300624
764.0 1.363696
764.5 1.144736
765.0 1.174496
765.5 1.360384
766.0 1.254928
766.5 1.185984
767.0 1.096832
767.5 1.302752
768.0 1.269056
768.5 1.130664
769.0 1.211888
769.5 1.285896
770.0 1.286848
770.5 1.18912
771.0 1.111488
771.5 1.371944
772.0 1.313552
772.5 1.191208
773.0 1.125344
773.5 1.369552
774.0 1.383312
774.5 1.150488
775.0 1.107024
775.5 1.30652
776.0 1.315968
776.5 1.18348
777.0 1.186832
777.5 1.314768
778.0 1.20776
778.5 1.144624
779.0 1.183856
779.5 1.449448
780.0 1.360208
780.5 1.168832
781.0 1.047536
781.5 1.354528
782.0 1.333904
782.5 1.176904
783.0 1.244192
783.5 1.361168
784.0 1.266944
784.5 1.123952
785.0 1.160896
785.5 1.338344
786.0 1.332752
786.5 1.14992
787.0 1.140336
787.5 1.344688
788.0 1.256752
788.5 1.15256
789.0 1.1712
789.5 1.331616
790.0 1.292192
790.5 1.068448
791.0 1.041824
791.5 1.333832
792.0 1.34336
792.5 1.195632
793.0 1.114624
793.5 1.385536
794.0 1.4412
794.5 1.233648
795.0 1.148736
795.5 1.298288
796.0 1.307736
796.5 1.123456
797.0 1.111968
797.5 1.410096
798.0 1.33464
798.5 1.124608
799.0 1.102016
799.5 1.405936
800.0 1.31152
800.5 1.084352
801.0 1.1388
801.5 1.427448
802.0 1.29032
802.5 1.180664
803.0 1.22856
803.5 1.337984
804.0 1.276384
804.5 1.172544
805.0 1.138328
805.5 1.332064
806.0 1.310368
806.5 0.765272
807.0 1.146944
807.5 0.693384
808.0 1.260496
808.5 0.710096
809.0 1.136752
809.5 0.69004
810.0 1.193968
810.5 1.412512
811.0 1.253488
811.5 1.003776
812.0 1.249824
812.5 0.726096
813.0 1.147616
813.5 0.72424
814.0 1.335232
814.5 1.427216
815.0 1.123392
815.5 1.435344
816.0 1.363184
816.5 1.059088
817.0 1.03292
817.5 1.263984
818.0 1.321984
818.5 1.19744
819.0 1.105696
819.5 1.459592
820.0 1.369808
820.5 1.16676
821.0 1.182352
821.5 1.449464
822.0 1.335824
822.5 1.1392
823.0 1.174912
823.5 1.38812
824.0 1.337664
824.5 1.170456
825.0 1.142864
825.5 1.38052
826.0 1.277872
826.5 1.134656
827.0 1.165008
827.5 1.180088
828.0 1.313232
828.5 1.285536
829.0 1.0884
829.5 1.024448
830.0 1.413808
830.5 0.72396
831.0 1.054368
831.5 0.763848
832.0 1.241768
832.5 1.322352
833.0 1.18408
833.5 1.28464
834.0 1.223232
834.5 1.335024
835.0 1.260912
835.5 1.18528
836.0 1.314384
836.5 1.450016
837.0 1.285344
837.5 1.113496
838.0 1.087432
838.5 1.12112
839.0 1.151296
839.5 1.335856
840.0 1.228848
840.5 1.241016
841.0 1.16632
841.5 1.140616
842.0 1.187456
842.5 1.089592
843.0 0.899888
843.5 0.714696
844.0 0.887744
844.5 1.508368
845.0 1.416736
845.5 1.333424
846.0 1.356944
846.5 1.48144
847.0 1.414944
847.5 1.214336
848.0 1.177792
848.5 1.297616
849.0 1.260576
849.5 1.234864
850.0 1.29212
850.5 1.307216
851.0 1.237088
851.5 1.140048
852.0 1.147936
852.5 1.424464
853.0 1.365952
853.5 1.159472
854.0 1.133712
854.5 1.299072
855.0 1.3272
855.5 1.150304
856.0 1.11616
856.5 1.175064
857.0 1.099664
857.5 1.265968
858.0 1.249888
858.5 1.389072
859.0 1.359728
859.5 0.860784
860.0 0.772568
860.5 0.106536
861.0 0.1
861.5 0.146744
862.0 0.1
862.5 0.147928
863.0 0.1
863.5 0.106608
864.0 0.1
864.5 0.10764
865.0 0.101688
865.5 0.107808
866.0 0.1
866.5 0.104744
867.0 0.1
867.5 0.106184
868.0 0.1
868.5 0.106152
869.0 0.1
869.5 0.103544
870.0 0.1
870.5 0.10568
871.0 0.101688
871.5 0.101856
872.0 0.1
872.5 0.102368
873.0 0.1
873.5 0.100928
874.0 0.1
874.5 0.100928
875.0 0.1
875.5 0.107936
876.0 0.1
876.5 0.106464
877.0 0.10176
877.5 0.101976
878.0 0.1
878.5 0.10348
879.0 0.1
879.5 0.160096
880.0 0.1
880.5 0.106912
881.0 0.10888
881.5 0.128368
882.0 0.123648
882.5 0.10488
883.0 0.10268
883.5 0.330112
884.0 0.503264
884.5 1.03752
885.0 1.052752
885.5 1.241584
886.0 1.228
886.5 1.08472
887.0 1.055664
887.5 1.24532
888.0 1.18576
888.5 0.985872
889.0 1.013136
889.5 1.331728
890.0 1.241264
890.5 1.063224
891.0 1.100928
891.5 1.232024
892.0 1.119712
892.5 1.028856
893.0 0.935728
893.5 1.232352
894.0 1.154064
894.5 1.024056
895.0 1.091056
895.5 1.26688
896.0 1.283984
896.5 0.993264
897.0 0.922272
897.5 1.142752
898.0 1.295624
898.5 1.222304
899.0 1.05448
899.5 1.2308
900.0 1.348432
900.5 1.3978
901.0 1.553872
901.5 1.219208
902.0 1.003312
902.5 1.210856
903.0 1.510976
903.5 1.259176
904.0 1.053432
904.5 1.231184
905.0 1.49524
905.5 1.26252
906.0 1.080712
906.5 1.167968
907.0 1.494088
907.5 1.357168
908.0 1.126696
908.5 1.184936
909.0 1.58484
909.5 1.383008
910.0 1.125544
910.5 1.1356
911.0 1.40452
911.5 1.271496
912.0 1.112584
912.5 1.129136
913.0 1.306192
913.5 1.243504
914.0 1.40772
914.5 1.372224
915.0 1.283
915.5 1.169264
916.0 1.022256
916.5 1.057952
917.0 1.329816
917.5 1.22112
918.0 0.949608
918.5 1.01136
919.0 1.346072
919.5 1.244992
920.0 1.157704
920.5 1.195824
921.0 1.54892
921.5 1.444624
922.0 0.930544
922.5 0.946352
923.0 1.320504
923.5 1.44248
924.0 1.503096
924.5 1.240128
925.0 1.108864
925.5 1.085936
926.0 1.58308
926.5 1.498256
927.0 1.075144
927.5 1.086528
928.0 1.205912
928.5 1.058224
929.0 0.829656
929.5 1.429568
930.0 2.103176
930.5 1.350016
931.0 1.141128
931.5 1.134136
932.0 1.072072
932.5 1.080048
933.0 1.120656
933.5 1.084896
934.0 1.270736
934.5 1.24104
935.0 1.2522
935.5 1.150304
936.0 1.235856
936.5 1.22872
937.0 1.115016
937.5 1.13168
938.0 1.346424
938.5 1.289776
939.0 1.241608
939.5 1.238912
940.0 1.39936
940.5 1.341936
941.0 1.170568
941.5 1.164592
942.0 1.2104
942.5 1.215104
943.0 1.24956
943.5 1.218032
944.0 1.23444
944.5 1.530592
945.0 1.999472
945.5 1.47208
946.0 1.07544
946.5 1.07352
947.0 1.339032
947.5 1.297536
948.0 1.25364
948.5 1.231184
949.0 1.259024
949.5 1.189824
950.0 1.126856
950.5 1.069904
951.0 0.846232
951.5 1.256704
952.0 1.66768
952.5 1.2278
953.0 1.298392
953.5 1.25272
954.0 1.133032
954.5 1.115536
955.0 1.301248
955.5 1.213616
956.0 1.086072
956.5 1.104144
957.0 0.994784
957.5 1.226032
958.0 1.573336
958.5 1.232448
959.0 1.117856
959.5 1.312
960.0 1.506856
960.5 1.23896
961.0 1.043288
961.5 1.21144
962.0 1.415832
962.5 1.21224
963.0 1.143528
963.5 1.262992
964.0 1.521576
964.5 1.325976
965.0 1.091888
965.5 1.159584
966.0 1.35412
966.5 1.222336
967.0 1.056616
967.5 1.104064
968.0 1.407464
968.5 1.351888
969.0 1.036776
969.5 1.040464
970.0 1.35132
970.5 1.258928
971.0 1.201696
971.5 1.17976
972.0 1.414736
972.5 1.391152
973.0 1.212808
973.5 1.1552
974.0 1.336392
974.5 1.33792
975.0 1.29524
975.5 1.188816
976.0 1.337784
976.5 1.292016
977.0 1.114136
977.5 1.10608
978.0 1.409736
978.5 1.360656
979.0 1.169816
979.5 1.150624
980.0 1.40044
980.5 1.3868
981.0 1.205344
981.5 1.167408
982.0 1.4186
982.5 1.332512
983.0 1.028904
983.5 1.032928
984.0 1.225848
984.5 1.203872
985.0 1.129352
985.5 1.10832
986.0 1.389712
986.5 1.34416
987.0 1.070568
987.5 1.053136
988.0 1.250952
988.5 1.146928
989.0 1.34532
989.5 1.427952
990.0 1.526248
990.5 1.44464
991.0 1.336984
991.5 1.119552
992.0 1.484144
992.5 1.414832
993.0 1.04988
993.5 1.03352
994.0 1.291064
994.5 1.259984
995.0 1.237328
995.5 1.18288
996.0 1.358984
996.5 1.320624
997.0 1.209592
997.5 1.202456
998.0 1.176992
998.5 1.212352
999.0 1.320712
999.5 1.1876
1000.0 1.046928
1000.5 1.32416
1001.0 1.631784
1001.5 1.242528
1002.0 1.036008
1002.5 1.209248
1003.0 1.409704
1003.5 1.175456
1004.0 1.187104
1004.5 1.229312
1005.0 1.14312
1005.5 1.078576
1006.0 1.453744
1006.5 1.365096
1007.0 1.408752
1007.5 1.337296
1008.0 1.04664
1008.5 1.063544
1009.0 1.335704
1009.5 1.214208
1010.0 1.071872
1010.5 1.03564
1011.0 1.256632
1011.5 1.252896
1012.0 0.884608
1012.5 1.161408
1013.0 1.536776
1013.5 1.292296
1014.0 0.991048
1014.5 1.128368
1015.0 1.674856
1015.5 1.303712
1016.0 1.171256
1016.5 1.323864
1017.0 1.434472
1017.5 1.211648
1018.0 1.099872
1018.5 1.207264
1019.0 1.7084
1019.5 1.408016
1020.0 1.005128
1020.5 1.162896
1021.0 1.514016
1021.5 1.280944
1022.0 1.017952
1022.5 1.1336
1023.0 1.374776
1023.5 1.175936
1024.0 1.323256
1024.5 1.364352
1025.0 1.216952
1025.5 1.120912
1026.0 1.123504
1026.5 1.103936
1027.0 1.29364
1027.5 1.2796
1028.0 1.198728
1028.5 1.178928
1029.0 1.379776
1029.5 1.332352
1030.0 1.236328
1030.5 1.177552
1031.0 1.214776
1031.5 1.22584
1032.0 1.19348
1032.5 1.15784
1033.0 1.1958
1033.5 1.19092
1034.0 1.009152
1034.5 1.376528
1035.0 1.8846
1035.5 1.32112
1036.0 1.054648
1036.5 1.058176
1037.0 1.265608
1037.5 1.286144
1038.0 1.255448
1038.5 1.178144
1039.0 1.193368
1039.5 1.206384
1040.0 1.205376
1040.5 1.206272
1041.0 1.02936
1041.5 1.021248
1042.0 1.280008
1042.5 1.268688
1043.0 1.495248
1043.5 1.439312
1044.0 1.225472
1044.5 1.20488
1045.0 1.513576
1045.5 1.462176
1046.0 1.159488
1046.5 1.159104
1047.0 1.293592
1047.5 1.262688
1048.0 1.206304
1048.5 1.106944
1049.0 1.412768
1049.5 1.307088
1050.0 1.177848
1050.5 1.075392
1051.0 1.172296
1051.5 1.170096
1052.0 1.173168
1052.5 1.170272
1053.0 1.719248
1053.5 1.58432
1054.0 1.006608
1054.5 0.984496
1055.0 1.661688
1055.5 1.495808
1056.0 0.998664
1056.5 0.945488
1057.0 1.448712
1057.5 1.40576
1058.0 1.298472
1058.5 1.221808
1059.0 0.725648
1059.5 1.2844
1060.0 1.557112
1060.5 1.179616
1061.0 1.446184
1061.5 1.113952
1062.0 0.94636
1062.5 0.937296
1063.0 1.466608
1063.5 1.388392
1064.0 1.051424
1064.5 1.077248
1065.0 1.006256
1065.5 1.419616
1066.0 1.891768
1066.5 1.344768
1067.0 1.335296
1067.5 1.256704
1068.0 1.182536
1068.5 1.166656
1069.0 1.168856
1069.5 1.1684
1070.0 1.018488
1070.5 0.99512
1071.0 1.126536
1071.5 1.376832
1072.0 1.521632
1072.5 1.208224
1073.0 1.385592
1073.5 1.344208
1074.0 1.213064
1074.5 1.167024
1075.0 1.28512
1075.5 1.183248
1076.0 1.16032
1076.5 1.147728
1077.0 1.372656
1077.5 1.344032
1078.0 1.053472
1078.5 1.25912
1079.0 1.590152
1079.5 1.299184
1080.0 1.167888
1080.5 1.334288
1081.0 1.331152
1081.5 1.147536
1082.0 1.13288
1082.5 1.37188
1083.0 1.29072
1083.5 1.199008
1084.0 1.123392
1084.5 1.318672
1085.0 1.369808
1085.5 1.220624
1086.0 1.117872
1086.5 1.254208
1087.0 1.317536
1087.5 1.17868
1088.0 1.134672
1088.5 1.326096
1089.0 1.358656
1089.5 1.153472
1090.0 1.153888
1090.5 1.437424
1091.0 1.261168
1091.5 1.145952
1092.0 1.136
1092.5 1.299744
1093.0 1.319216
1093.5 1.220728
1094.0 1.156752
1094.5 1.282128
1095.0 1.254368
1095.5 1.184056
1096.0 1.191024
1096.5 1.284112
1097.0 1.228816
1097.5 1.12736
1098.0 1.094704
1098.5 1.364952
1099.0 1.428736
1099.5 1.17784
1100.0 1.102048
1100.5 1.377744
1101.0 1.285328
1101.5 1.159296
1102.0 1.162528
1102.5 1.417752
1103.0 1.357504
1103.5 1.176552
1104.0 1.098024
1104.5 1.300624
1105.0 1.363696
1105.5 1.144736
1106.0 1.174496
1106.5 1.360384
1107.0 1.254928
1107.5 1.185984
1108.0 1.096832
1108.5 1.302752
1109.0 1.269056
1109.5 1.130664
1110.0 1.211888
1110.5 1.285896
1111.0 1.286848
1111.5 1.18912
1112.0 1.111488
1112.5 1.371944
1113.0 1.313552
1113.5 1.191208
1114.0 1.125344
1114.5 1.369552
1115.0 1.383312
1115.5 1.150488
1116.0 1.107024
1116.5 1.30652
1117.0 1.315968
1117.5 1.18348
1118.0 1.186832
1118.5 1.314768
1119.0 1.20776
1119.5 1.144624
1120.0 1.183856
1120.5 1.449448
1121.0 1.360208
1121.5 1.168832
1122.0 1.047536
1122.5 1.354528
1123.0 1.333904
1123.5 1.176904
1124.0 1.244192
1124.5 1.361168
1125.0 1.266944
1125.5 1.123952
1126.0 1.160896
1126.5 1.338344
1127.0 1.332752
1127.5 1.14992
1128.0 1.140336
1128.5 1.344688
1129.0 1.256752
1129.5 1.15256
1130.0 1.1712
1130.5 1.331616
1131.0 1.292192
1131.5 1.068448
1132.0 1.041824
1132.5 1.333832
1133.0 1.34336
1133.5 1.195632
1134.0 1.114624
1134.5 1.385536
1135.0 1.4412
1135.5 1.233648
1136.0 1.148736
1136.5 1.298288
1137.0 1.307736
1137.5 1.123456
1138.0 1.111968
1138.5 1.410096
1139.0 1.33464
1139.5 1.124608
1140.0 1.102016
1140.5 1.405936
1141.0 1.31152
1141.5 1.084352
1142.0 1.1388
1142.5 1.427448
1143.0 1.29032
1143.5 1.180664
1144.0 1.22856
1144.5 1.337984
1145.0 1.276384
1145.5 1.172544
1146.0 1.138328
1146.5 1.332064
1147.0 1.310368
1147.5 0.765272
1148.0 1.146944
1148.5 0.693384
1149.0 1.260496
1149.5 0.710096
1150.0 1.136752
1150.5 0.69004
1151.0 1.193968
1151.5 1.412512
1152.0 1.253488
1152.5 1.003776
1153.0 1.249824
1153.5 0.726096
1154.0 1.147616
1154.5 0.72424
1155.0 1.335232
1155.5 1.427216
1156.0 1.123392
1156.5 1.435344
1157.0 1.363184
1157.5 1.059088
1158.0 1.03292
1158.5 1.263984
1159.0 1.321984
1159.5 1.19744
1160.0 1.105696
1160.5 1.459592
1161.0 1.369808
1161.5 1.16676
1162.0 1.182352
1162.5 1.449464
1163.0 1.335824
1163.5 1.1392
1164.0 1.174912
1164.5 1.38812
1165.0 1.337664
1165.5 1.170456
1166.0 1.142864
1166.5 1.38052
1167.0 1.277872
1167.5 1.134656
1168.0 1.165008
1168.5 1.180088
1169.0 1.313232
1169.5 1.285536
1170.0 1.0884
1170.5 1.024448
1171.0 1.413808
1171.5 0.72396
1172.0 1.054368
1172.5 0.763848
1173.0 1.241768
1173.5 1.322352
1174.0 1.18408
1174.5 1.28464
1175.0 1.223232
1175.5 1.335024
1176.0 1.260912
1176.5 1.18528
1177.0 1.314384
1177.5 1.450016
1178.0 1.285344
1178.5 1.113496
1179.0 1.087432
1179.5 1.12112
1180.0 1.151296
1180.5 1.335856
1181.0 1.228848
1181.5 1.241016
1182.0 1.16632
1182.5 1.140616
1183.0 1.187456
1183.5 1.089592
1184.0 0.899888
1184.5 0.714696
1185.0 0.887744
1185.5 1.508368
1186.0 1.416736
1186.5 1.333424
1187.0 1.356944
1187.5 1.48144
1188.0 1.414944
1188.5 1.214336
1189.0 1.177792
1189.5 1.297616
1190.0 1.260576
1190.5 1.234864
1191.0 1.29212
1191.5 1.307216
1192.0 1.237088
1192.5 1.140048
1193.0 1.147936
1193.5 1.424464
1194.0 1.365952
1194.5 1.159472
1195.0 1.133712
1195.5 1.299072
1196.0 1.3272
1196.5 1.150304
1197.0 1.11616
1197.5 1.175064
1198.0 1.099664
1198.5 1.265968
1199.0 1.249888
1199.5 1.389072
1200.0 1.359728
1200.5 0.860784
1201.0 0.772568
1201.5 0.106536
1202.0 0.1
1202.5 0.146744
1203.0 0.1
1203.5 0.147928
1204.0 0.1
1204.5 0.106608
1205.0 0.1
1205.5 0.10764
1206.0 0.101688
1206.5 0.107808
1207.0 0.1
1207.5 0.104744
1208.0 0.1
1208.5 0.106184
1209.0 0.1
1209.5 0.106152
1210.0 0.1
1210.5 0.103544
1211.0 0.1
1211.5 0.10568
1212.0 0.101688
1212.5 0.101856
1213.0 0.1
1213.5 0.102368
1214.0 0.1
1214.5 0.100928
1215.0 0.1
1215.5 0.100928
1216.0 0.1
1216.5 0.107936
1217.0 0.1
1217.5 0.106464
1218.0 0.10176
1218.5 0.101976
1219.0 0.1
1219.5 0.10348
1220.0 0.1
1220.5 0.160096
1221.0 0.1
1221.5 0.106912
1222.0 0.10888
1222.5 0.128368
1223.0 0.123648
1223.5 0.10488
1224.0 0.10268
1224.5 0.330112
1225.0 0.503264
1225.5 1.03752
1226.0 1.052752
1226.5 1.241584
1227.0 1.228
1227.5 1.08472
1228.0 1.055664
1228.5 1.24532
1229.0 1.18576
1229.5 0.985872
1230.0 1.013136
1230.5 1.331728
1231.0 1.241264
1231.5 1.063224
1232.0 1.100928
1232.5 1.232024
1233.0 1.119712
1233.5 1.028856
1234.0 0.935728
1234.5 1.232352
1235.0 1.154064
1235.5 1.024056
1236.0 1.091056
1236.5 1.26688
1237.0 1.283984
1237.5 0.993264
1238.0 0.922272
1238.5 1.142752
1239.0 1.295624
1239.5 1.222304
1240.0 1.05448
1240.5 1.2308
1241.0 1.219216
1241.5 1.147872
1242.0 1.03056
1242.5 1.034768
1243.0 1.078704
1243.5 1.012448
1244.0 0.98168
1244.5 1.221456
1245.0 1.207528
1245.5 1.092656
1246.0 1.07056
1246.5 1.126016
1247.0 1.114864
1247.5 1.12248
1248.0 1.0312
1248.5 1.179016
1249.0 1.320208
1249.5 1.263032
1250.0 1.106208
1250.5 1.117336
1251.0 1.07952
1251.5 1.022968
1252.0 1.008048
1252.5 1.105856
1253.0 1.170592
1253.5 1.215616
1254.0 1.138336
1254.5 1.184928
1255.0 1.20416
1255.5 1.229344
1256.0 1.119344
1256.5 1.163136
1257.0 1.086216
1257.5 1.012496
1258.0 1.0764
1258.5 1.143088
1259.0 1.06008
1259.5 1.00368
1260.0 1.254688
1260.5 0.73804
1261.0 1.132432
1261.5 0.978224
1262.0 1.23704
1262.5 0.906944
1263.0 1.003792
1263.5 0.70684
1264.0 1.408832
1264.5 0.701448
1265.0 1.284968
1265.5 1.034576
1266.0 1.278336
1266.5 0.904968
1267.0 1.188784
1267.5 1.086592
1268.0 1.165744
1268.5 0.754656
1269.0 1.191696
1269.5 1.178864
1270.0 1.252944
1270.5 0.952264
1271.0 1.142896
1271.5 1.077304
1272.0 1.327376
1272.5 1.449872
1273.0 1.291568
1273.5 1.152448
1274.0 1.16696
1274.5 0.710432
1275.0 1.088304
1275.5 1.444192
1276.0 1.348144
1276.5 1.796464
1277.0 1.311664
1277.5 1.173192
1278.0 1.128672
1278.5 1.089488
1279.0 1.091736
1279.5 1.328528
1280.0 1.309664
1280.5 1.169768
1281.0 1.198752
1281.5 1.211304
1282.0 1.14376
1282.5 1.114184
1283.0 1.044224
1283.5 1.059848
1284.0 1.330832
1284.5 1.8112
1285.0 1.43132
1285.5 0.983256
1286.0 1.278608
1286.5 1.927136
1287.0 1.505136
1287.5 1.082432
1288.0 0.990512
1288.5 1.026168
1289.0 1.043488
1289.5 1.311456
1290.0 1.28896
1290.5 1.283512
1291.0 1.141568
1291.5 1.219432
1292.0 1.235552
1292.5 1.127864
1293.0 1.112352
1293.5 1.308856
1294.0 1.273232
1294.5 1.232088
1295.0 1.233376
1295.5 1.231128
1296.0 1.1928
1296.5 1.15264
1297.0 1.167728
1297.5 1.266864
1298.0 1.237328
1298.5 1.237112
1299.0 1.237264
1299.5 1.165448
1300.0 1.108096
1300.5 1.25796
1301.0 1.248224
1301.5 1.344864
1302.0 1.323712
1302.5 1.798864
1303.0 1.600968
1303.5 1.085208
1304.0 1.125168
1304.5 1.172864
1305.0 1.14736
1305.5 1.110696
1306.0 1.041664
1306.5 1.281304
1307.0 1.311696
1307.5 1.140744
1308.0 1.021088
1308.5 1.639768
1309.0 1.572736
1309.5 1.162424
1310.0 1.154464
1310.5 1.267912
1311.0 1.28256
1311.5 0.991272
1312.0 0.965936
1312.5 1.402648
1313.0 1.413168
1313.5 1.219568
1314.0 1.13904
1314.5 1.216512
1315.0 1.167664
1315.5 1.335888
1316.0 1.332784
1316.5 1.415936
1317.0 1.324896
1317.5 1.180424
1318.0 1.168648
1318.5 1.062568
1319.0 1.057568
1319.5 1.382424
1320.0 1.364688
1320.5 1.14596
1321.0 1.082912
1321.5 1.311376
1322.0 1.285776
1322.5 1.385312
1323.0 1.296792
1323.5 1.095456
1324.0 1.07672
1324.5 1.147688
1325.0 1.18432
1325.5 1.202856
1326.0 1.156176
1326.5 1.401144
1327.0 1.402592
1327.5 1.1302
1328.0 1.048384
1328.5 1.431992
1329.0 1.445728
1329.5 1.172728
1330.0 1.149296
1330.5 1.322136
1331.0 1.3244
1331.5 1.279544
1332.0 1.220656
1332.5 1.267416
1333.0 1.221104
1333.5 1.219472
1334.0 1.205104
1334.5 1.262664
1335.0 1.24992
1335.5 1.184744
1336.0 1.186384
1336.5 1.432392
1337.0 1.378464
1337.5 1.240632
1338.0 1.19856
1338.5 1.221944
1339.0 1.239264
1339.5 1.175192
1340.0 1.13816
1340.5 0.782328
1341.0 1.257728
1341.5 2.061048
1342.0 1.44184
1342.5 0.8064
1343.0 1.229488
1343.5 2.023752
1344.0 1.388496
1344.5 1.040928
1345.0 1.19728
1345.5 1.321584
1346.0 1.094672
1346.5 1.168296
1347.0 1.296384
1347.5 1.402744
1348.0 1.189824
1348.5 1.184912
1349.0 1.162352
1349.5 1.07472
1350.0 1.132056
1350.5 1.313928
1351.0 1.151032
1351.5 1.12236
1352.0 1.203472
1352.5 1.348432
1353.0 1.3978
1353.5 1.553872
1354.0 1.219208
1354.5 1.003312
1355.0 1.210856
1355.5 1.510976
1356.0 1.259176
1356.5 1.053432
1357.0 1.231184
1357.5 1.49524
1358.0 1.26252
1358.5 1.080712
1359.0 1.167968
1359.5 1.494088
1360.0 1.357168
1360.5 1.126696
1361.0 1.184936
1361.5 1.58484
1362.0 1.383008
1362.5 1.125544
1363.0 1.1356
1363.5 1.40452
1364.0 1.271496
1364.5 1.112584
1365.0 1.129136
1365.5 1.306192
1366.0 1.243504
1366.5 1.40772
1367.0 1.372224
1367.5 1.283
1368.0 1.169264
1368.5 1.022256
1369.0 1.057952
1369.5 1.329816
1370.0 1.22112
1370.5 0.949608
1371.0 1.01136
1371.5 1.346072
1372.0 1.244992
1372.5 1.157704
1373.0 1.195824
1373.5 1.54892
1374.0 1.444624
1374.5 0.930544
1375.0 0.946352
1375.5 1.320504
1376.0 1.44248
1376.5 1.503096
1377.0 1.240128
1377.5 1.108864
1378.0 1.085936
1378.5 1.58308
1379.0 1.498256
1379.5 1.075144
1380.0 1.086528
1380.5 1.205912
1381.0 1.058224
1381.5 0.829656
1382.0 1.429568
1382.5 2.103176
1383.0 1.350016
1383.5 1.141128
1384.0 1.134136
1384.5 1.072072
1385.0 1.080048
1385.5 1.120656
1386.0 1.084896
1386.5 1.270736
1387.0 1.24104
1387.5 1.2522
1388.0 1.150304
1388.5 1.235856
1389.0 1.22872
1389.5 1.115016
1390.0 1.13168
1390.5 1.346424
1391.0 1.289776
1391.5 1.241608
1392.0 1.238912
1392.5 1.39936
1393.0 1.341936
1393.5 1.170568
1394.0 1.164592
1394.5 1.2104
1395.0 1.215104
1395.5 1.24956
1396.0 1.218032
1396.5 1.23444
1397.0 1.530592
1397.5 1.999472
1398.0 1.47208
1398.5 1.07544
1399.0 1.07352
1399.5 1.339032
1400.0 1.297536
1400.5 1.25364
1401.0 1.231184
1401.5 1.259024
1402.0 1.189824
1402.5 1.126856
1403.0 1.069904
1403.5 0.846232
1404.0 1.256704
1404.5 1.66768
1405.0 1.2278
1405.5 1.298392
1406.0 1.25272
1406.5 1.133032
1407.0 1.115536
1407.5 1.301248
1408.0 1.213616
1408.5 1.086072
1409.0 1.104144
1409.5 0.994784
1410.0 1.226032
1410.5 1.573336
1411.0 1.232448
1411.5 1.117856
1412.0 1.312
1412.5 1.506856
1413.0 1.23896
1413.5 1.043288
1414.0 1.21144
1414.5 1.415832
1415.0 1.21224
1415.5 1.143528
1416.0 1.262992
1416.5 1.521576
1417.0 1.325976
1417.5 1.091888
1418.0 1.159584
1418.5 1.35412
1419.0 1.222336
1419.5 1.056616
1420.0 1.104064
1420.5 1.407464
1421.0 1.351888
1421.5 1.036776
1422.0 1.040464
1422.5 1.35132
1423.0 1.258928
1423.5 1.201696
1424.0 1.17976
1424.5 1.414736
1425.0 1.391152
1425.5 1.212808
1426.0 1.1552
1426.5 1.336392
1427.0 1.33792
1427.5 1.29524
1428.0 1.188816
1428.5 1.337784
1429.0 1.292016
1429.5 1.114136
1430.0 1.10608
1430.5 1.409736
1431.0 1.360656
1431.5 1.169816
1432.0 1.150624
1432.5 1.40044
1433.0 1.3868
1433.5 1.205344
1434.0 1.167408
1434.5 1.4186
1435.0 1.332512
1435.5 1.028904
1436.0 1.032928
1436.5 1.225848
1437.0 1.203872
1437.5 1.129352
1438.0 1.10832
1438.5 1.389712
1439.0 1.34416
1439.5 1.070568
