0.0 1.12364
0.5 1.24832
1.0 0.93132
1.5 1.324144
2.0 0.698304
2.5 1.123424
3.0 1.078704
3.5 1.214976
4.0 1.26664
4.5 1.225728
5.0 1.342304
5.5 1.31608
6.0 1.15132
6.5 1.200768
7.0 1.249832
7.5 1.210896
8.0 1.1888
8.5 1.179952
9.0 1.368584
9.5 1.333696
10.0 1.159896
10.5 1.16272
11.0 1.320504
11.5 1.355296
12.0 1.191592
12.5 1.12864
13.0 1.297416
13.5 1.264464
14.0 1.130824
14.5 1.186736
15.0 1.299888
15.5 1.217056
16.0 1.136184
16.5 1.178928
17.0 1.249584
17.5 1.251648
18.0 1.167776
18.5 1.16528
19.0 1.350432
19.5 1.285584
20.0 1.105424
20.5 1.125904
21.0 1.411456
21.5 1.461072
22.0 1.143072
22.5 1.12496
23.0 1.257632
23.5 1.23136
24.0 1.187488
24.5 1.179648
25.0 1.23304
25.5 1.254464
26.0 1.172832
26.5 1.164864
27.0 1.327008
27.5 1.293736
28.0 1.218448
28.5 1.22768
29.0 1.290048
29.5 1.275504
30.0 1.19264
30.5 1.114256
31.0 1.303112
31.5 1.286176
32.0 1.127728
32.5 1.13608
33.0 1.383728
33.5 1.385728
34.0 1.111288
34.5 1.120496
35.0 1.336744
35.5 1.34216
36.0 1.182864
36.5 1.190224
37.0 1.274112
37.5 1.239984
38.0 1.138064
38.5 1.096192
39.0 1.223496
39.5 1.329616
40.0 1.196
40.5 1.161808
41.0 1.37328
41.5 1.296528
42.0 1.1714
42.5 1.144928
43.0 1.250304
43.5 1.277072
44.0 1.137704
44.5 1.195168
45.0 1.275736
45.5 1.182144
46.0 1.14188
46.5 1.097648
47.0 1.281272
47.5 1.349504
48.0 1.265448
48.5 1.23736
49.0 1.318696
49.5 1.2844
50.0 1.156448
50.5 1.21664
51.0 1.31988
51.5 1.296768
52.0 1.106368
52.5 1.090416
53.0 1.3302
53.5 1.312896
54.0 1.118512
54.5 1.079232
55.0 1.300224
55.5 1.365328
56.0 1.180408
56.5 1.138368
57.0 1.386688
57.5 1.396384
58.0 1.101872
58.5 1.101584
59.0 1.38476
59.5 1.333936
60.0 1.135928
60.5 1.13164
61.0 1.350984
61.5 1.319888
62.0 1.129664
62.5 1.146656
63.0 1.348288
63.5 1.292736
64.0 1.145056
64.5 1.230112
65.0 1.239168
65.5 1.180272
66.0 1.116656
66.5 1.120448
67.0 1.313504
67.5 1.319856
68.0 1.209904
68.5 1.104496
69.0 1.114096
69.5 1.388272
70.0 1.337536
70.5 1.095424
71.0 1.24824
71.5 1.359984
72.0 1.267584
72.5 1.163072
73.0 1.132192
73.5 1.3004
74.0 1.353136
74.5 1.168224
75.0 1.121392
75.5 1.12256
76.0 1.355184
76.5 1.333536
77.0 1.1642
77.5 1.201072
78.0 1.217672
78.5 1.140368
79.0 1.105496
79.5 1.173984
80.0 1.332688
80.5 1.323488
81.0 1.107264
81.5 1.15856
82.0 0.670352
82.5 1.310736
83.0 0.735472
83.5 1.073776
84.0 1.15848
84.5 1.298736
85.0 1.206016
85.5 1.238512
86.0 1.354832
86.5 1.323152
87.0 1.169984
87.5 1.118992
88.0 1.386384
88.5 1.28672
89.0 1.116864
89.5 1.216432
90.0 1.336328
90.5 1.287904
91.0 1.212088
91.5 1.144192
92.0 1.353176
92.5 1.335008
93.0 1.068896
93.5 1.123384
94.0 1.306
94.5 1.272384
95.0 1.146456
95.5 1.129424
96.0 1.320696
96.5 1.307008
97.0 1.140616
97.5 1.156832
98.0 1.304392
98.5 1.248
99.0 1.15792
99.5 1.195152
100.0 1.314688
100.5 1.329792
101.0 1.169456
101.5 1.063664
102.0 1.390672
102.5 1.434544
103.0 1.0888
103.5 1.159216
104.0 1.37592
104.5 1.347824
105.0 1.131872
105.5 1.149968
106.0 1.30332
106.5 1.289248
107.0 1.167168
107.5 1.102688
108.0 1.36032
108.5 1.329088
109.0 1.101104
109.5 1.13344
110.0 1.296272
110.5 1.215536
111.0 1.154232
111.5 1.182144
112.0 1.248672
112.5 1.30352
113.0 1.17096
113.5 1.163872
114.0 1.319616
114.5 1.340944
115.0 1.192488
115.5 1.126336
116.0 1.274992
116.5 1.296624
117.0 1.132264
117.5 1.097568
118.0 1.271648
118.5 1.292432
119.0 1.105552
119.5 1.121536
120.0 1.398328
120.5 1.284832
121.0 1.19836
121.5 1.185584
122.0 1.345488
122.5 1.403488
123.0 1.129648
123.5 1.055712
124.0 1.310176
124.5 1.34336
125.0 1.137712
125.5 1.115264
126.0 1.323952
126.5 1.277736
127.0 1.108304
127.5 1.151856
128.0 1.47716
128.5 1.409008
129.0 1.090552
129.5 1.10464
130.0 1.306232
130.5 1.293456
131.0 1.133304
131.5 1.148992
132.0 1.282616
132.5 1.295792
133.0 1.106648
133.5 1.068128
134.0 1.282208
134.5 1.28848
135.0 1.10584
135.5 1.054496
136.0 1.351784
136.5 1.382672
137.0 1.113392
137.5 1.187616
138.0 1.354176
138.5 1.286512
139.0 1.12384
139.5 1.16232
140.0 1.351392
140.5 1.32848
141.0 1.090608
141.5 1.150352
142.0 1.323728
142.5 1.231776
143.0 1.051632
143.5 1.083872
144.0 1.393504
144.5 1.351184
145.0 1.157064
145.5 1.20168
146.0 1.319536
146.5 1.36168
147.0 1.173008
147.5 1.133728
148.0 1.438496
148.5 1.369728
149.0 1.071792
149.5 1.078352
150.0 1.411048
150.5 1.347824
151.0 1.185256
151.5 1.147936
152.0 1.107688
152.5 1.320928
153.0 1.297768
153.5 1.142272
154.0 1.210376
154.5 1.352368
155.0 1.30112
155.5 1.13728
156.0 1.089512
156.5 1.28576
157.0 1.305408
157.5 1.075088
158.0 1.161
158.5 1.308208
159.0 1.27776
159.5 1.208888
160.0 0.806896
160.5 1.174368
161.0 0.701256
161.5 1.283968
162.0 0.716592
162.5 1.096528
163.0 1.218512
163.5 1.311056
164.0 1.132392
164.5 1.148352
165.0 1.339312
165.5 1.324224
166.0 1.134264
166.5 1.193216
167.0 1.335672
167.5 1.25136
168.0 1.158968
168.5 1.187088
169.0 1.3534
169.5 1.287792
170.0 1.111952
170.5 1.129776
171.0 1.306008
171.5 1.28216
172.0 1.143872
172.5 1.116896
173.0 1.269216
173.5 1.296592
174.0 1.20632
174.5 1.174736
175.0 0.920576
175.5 0.919744
176.0 0.800424
176.5 1.351984
177.0 0.73536
177.5 1.135328
178.0 0.688768
178.5 1.271312
179.0 0.814896
179.5 1.131232
180.0 1.12932
180.5 1.077216
181.0 1.110256
181.5 1.079664
182.0 1.755896
182.5 1.645144
183.0 0.719936
183.5 0.723824
184.0 0.89152
184.5 0.857688
185.0 1.103688
185.5 1.104608
186.0 1.335232
186.5 1.288672
187.0 0.79236
187.5 0.991808
188.0 0.840808
188.5 1.22856
189.0 0.88068
189.5 1.32832
190.0 1.440632
190.5 0.824384
191.0 1.098064
191.5 1.082464
192.0 0.92244
192.5 0.961776
193.0 0.751904
193.5 0.967952
194.0 0.857168
194.5 1.467408
195.0 0.881216
195.5 1.096384
196.0 1.091296
196.5 0.874696
197.0 1.322688
197.5 1.299456
198.0 1.217136
198.5 1.200432
199.0 0.982856
199.5 0.935088
200.0 1.193104
200.5 1.15496
201.0 1.055824
201.5 1.03016
202.0 1.044256
202.5 1.009088
203.0 1.1732
203.5 1.162512
204.0 1.252528
204.5 1.230432
205.0 0.978992
205.5 0.958128
206.0 0.918976
206.5 1.029488
207.0 0.839616
207.5 1.338
208.0 0.924312
208.5 1.061856
209.0 0.96296
209.5 1.087904
210.0 1.186608
210.5 1.045744
211.0 1.335064
211.5 1.258984
212.0 1.263592
212.5 1.203008
213.0 0.989568
213.5 0.97808
214.0 0.875184
214.5 1.055344
215.0 1.088376
215.5 1.05544
216.0 0.631696
216.5 1.182176
217.0 0.737528
217.5 1.09844
218.0 1.18224
218.5 1.089456
219.0 1.222112
219.5 1.110688
220.0 1.230056
220.5 1.197184
221.0 1.043496
221.5 1.014448
222.0 1.096616
222.5 1.074848
223.0 1.054096
223.5 1.027152
224.0 1.097704
224.5 1.07496
225.0 1.183144
225.5 1.162864
226.0 1.315776
226.5 1.259328
227.0 1.015072
227.5 0.992704
228.0 1.21644
228.5 1.203616
229.0 1.190592
229.5 1.172024
230.0 1.056224
230.5 1.04424
231.0 1.250016
231.5 1.230576
232.0 1.373544
232.5 1.347552
233.0 0.917648
233.5 0.918512
234.0 1.043936
234.5 1.018432
235.0 1.006408
235.5 0.991744
236.0 1.019184
236.5 0.99648
237.0 1.244208
237.5 1.223728
238.0 1.110896
238.5 1.102656
239.0 1.248352
239.5 1.169664
240.0 1.055656
240.5 1.044144
241.0 1.140936
241.5 1.084944
242.0 1.123296
242.5 1.101072
243.0 1.15896
243.5 1.09336
244.0 1.106728
244.5 1.081672
245.0 1.066616
245.5 1.021168
246.0 1.129848
246.5 1.112528
247.0 1.187384
247.5 1.162816
248.0 1.3414
248.5 1.316288
249.0 1.123376
249.5 1.109632
250.0 1.054128
250.5 1.077304
251.0 1.032464
251.5 0.983408
252.0 1.301112
252.5 1.278496
253.0 1.19432
253.5 1.177232
254.0 1.068496
254.5 1.060784
255.0 1.281376
255.5 1.263664
256.0 1.047384
256.5 1.0272
257.0 0.98104
257.5 0.967136
258.0 1.237632
258.5 1.220976
259.0 1.162136
259.5 1.088496
260.0 1.235568
260.5 1.214672
261.0 1.306896
261.5 1.278944
262.0 0.967424
262.5 0.959784
263.0 0.955056
263.5 0.961024
264.0 1.250784
264.5 1.215056
265.0 1.001344
265.5 0.987728
266.0 1.194312
266.5 1.177856
267.0 1.121296
267.5 1.104368
268.0 1.414624
268.5 1.431744
269.0 1.112784
269.5 1.099936
270.0 1.205584
270.5 1.191504
271.0 1.111784
271.5 1.026304
272.0 1.21836
272.5 1.155072
273.0 1.134448
273.5 1.114208
274.0 1.266544
274.5 1.246384
275.0 0.890928
275.5 0.880768
276.0 1.118736
276.5 1.101152
277.0 1.00736
277.5 0.99284
278.0 1.151808
278.5 1.139472
279.0 1.469728
279.5 1.388928
280.0 1.14344
280.5 1.123104
281.0 1.054336
281.5 1.045104
282.0 1.323864
282.5 1.29712
283.0 1.113056
283.5 1.098296
284.0 1.23448
284.5 1.215504
285.0 1.060784
285.5 1.037808
286.0 1.252416
286.5 1.231792
287.0 1.013128
287.5 0.9904
288.0 1.263728
288.5 1.213232
289.0 1.204032
289.5 1.185136
290.0 1.231096
290.5 1.214704
291.0 0.942616
291.5 0.921568
292.0 1.091888
292.5 1.078416
293.0 0.894608
293.5 0.886528
294.0 1.283088
294.5 1.252944
295.0 0.831056
295.5 0.82316
296.0 1.420304
296.5 1.39496
297.0 1.07208
297.5 1.055808
298.0 1.22408
298.5 1.206096
299.0 1.01528
299.5 0.946176
300.0 1.10128
300.5 1.081552
301.0 1.267328
301.5 1.240048
302.0 1.17932
302.5 1.04736
303.0 0.969776
303.5 0.970656
304.0 1.36872
304.5 1.300128
305.0 1.095712
305.5 1.067232
306.0 1.141888
306.5 1.12376
307.0 1.089224
307.5 1.076192
308.0 1.076096
308.5 1.075696
309.0 1.126648
309.5 1.080496
310.0 1.151456
310.5 1.13028
311.0 1.194576
311.5 1.169712
312.0 1.11436
312.5 1.085968
313.0 1.157648
313.5 1.144096
314.0 1.1392
314.5 1.125424
315.0 1.165216
315.5 1.144304
316.0 1.05008
316.5 1.049368
317.0 1.121104
317.5 1.0948
318.0 1.009072
318.5 0.996272
319.0 1.293896
319.5 1.21464
320.0 1.316208
320.5 1.29784
321.0 1.13904
321.5 1.12056
322.0 0.985984
322.5 0.974416
323.0 1.176672
323.5 1.161184
324.0 1.12096
324.5 1.099456
325.0 1.122
325.5 1.107728
326.0 1.060288
326.5 1.04576
327.0 1.117824
327.5 1.102112
328.0 1.036952
328.5 1.029048
329.0 1.214816
329.5 1.188992
330.0 1.078608
330.5 1.066528
331.0 1.120024
331.5 1.093552
332.0 1.163784
332.5 1.088288
333.0 1.137168
333.5 1.126
334.0 1.154064
334.5 1.138128
335.0 1.090096
335.5 1.070896
336.0 1.046736
336.5 1.031072
337.0 1.471504
337.5 1.451616
338.0 0.961664
338.5 0.948576
339.0 1.049568
339.5 0.994896
340.0 1.101104
340.5 1.072
341.0 1.268736
341.5 1.248512
342.0 1.14928
342.5 1.118464
343.0 1.019872
343.5 1.044232
344.0 1.31096
344.5 1.280256
345.0 1.73116
345.5 1.63448
346.0 0.8058
346.5 0.7872
347.0 0.986968
347.5 0.966176
348.0 0.960912
348.5 0.96136
349.0 1.162376
349.5 1.13404
350.0 1.157416
350.5 1.122256
351.0 1.401664
351.5 1.427424
352.0 0.985888
352.5 0.893824
353.0 0.988248
353.5 0.97784
354.0 1.136392
354.5 1.111104
355.0 1.075888
355.5 1.086672
356.0 1.050064
356.5 1.010512
357.0 1.105536
357.5 1.209472
358.0 1.229792
358.5 1.078224
359.0 1.143312
359.5 1.08536
360.0 1.218504
360.5 1.031936
361.0 1.018144
361.5 1.211856
362.0 1.209184
362.5 1.119024
363.0 1.094864
363.5 1.151584
364.0 1.143872
364.5 1.055184
365.0 1.038496
365.5 1.081328
366.0 1.064024
366.5 1.145408
367.0 1.063328
367.5 1.21016
368.0 1.187344
368.5 1.080656
369.0 1.022424
369.5 1.169224
370.0 1.109536
370.5 1.086776
371.0 1.084848
371.5 1.276184
372.0 1.236544
372.5 1.076392
373.0 1.062064
373.5 1.1478
374.0 1.112144
374.5 1.125272
375.0 1.10352
375.5 1.332752
376.0 1.319824
376.5 1.159136
377.0 1.14792
377.5 1.279352
378.0 1.224904
378.5 1.103376
379.0 1.089104
379.5 1.239736
380.0 1.221824
380.5 1.107088
381.0 1.088272
381.5 1.233872
382.0 1.208608
382.5 1.018536
383.0 1.01424
383.5 1.25864
384.0 1.226624
384.5 1.712192
385.0 1.669888
385.5 0.747416
386.0 0.723344
386.5 1.163416
387.0 1.083024
387.5 0.881504
388.0 0.826784
388.5 0.968
389.0 0.952336
389.5 1.3222
390.0 1.285296
390.5 1.23048
391.0 1.1924
391.5 1.073792
392.0 1.064864
392.5 0.877336
393.0 0.840488
393.5 1.529216
394.0 1.491712
394.5 0.98368
395.0 0.966688
395.5 1.033032
396.0 1.124128
396.5 1.16408
397.0 1.034144
397.5 1.08536
398.0 1.07376
398.5 1.361568
399.0 1.280264
399.5 1.170344
400.0 1.098368
400.5 1.589328
401.0 1.594496
401.5 0.85568
402.0 0.801904
402.5 1.047576
403.0 1.025072
403.5 0.922512
404.0 0.892624
404.5 1.366944
405.0 1.331872
405.5 0.788968
406.0 0.774224
406.5 1.308488
407.0 1.226064
407.5 1.066568
408.0 1.039728
408.5 1.33236
409.0 1.3068
409.5 0.941176
410.0 0.920176
410.5 1.209672
411.0 1.186488
411.5 1.092216
412.0 1.0768
412.5 1.32972
413.0 1.307072
413.5 1.128176
414.0 1.105856
414.5 1.093712
415.0 1.070064
415.5 1.350624
416.0 1.326864
416.5 1.11912
417.0 1.09568
417.5 0.948576
418.0 0.940384
418.5 1.161024
419.0 1.134112
419.5 1.050624
420.0 1.035248
420.5 1.23316
421.0 1.195584
421.5 0.963008
422.0 0.952816
422.5 1.322816
423.0 1.30416
423.5 1.036872
424.0 1.024624
424.5 1.0096
425.0 0.998416
425.5 1.081312
426.0 1.067496
426.5 1.148352
427.0 1.067664
427.5 0.919264
428.0 0.91288
428.5 1.492736
429.0 1.421376
429.5 1.234888
430.0 1.170656
430.5 0.9806
431.0 1.002512
431.5 1.16508
432.0 1.114728
432.5 1.302112
433.0 1.27224
433.5 1.048344
434.0 1.032592
434.5 1.156328
435.0 1.13896
435.5 1.024832
436.0 1.032304
436.5 1.045952
437.0 1.034592
437.5 1.112408
438.0 1.092016
438.5 1.269616
439.0 1.221008
439.5 1.014072
440.0 0.996352
440.5 1.226496
441.0 1.201216
441.5 1.103328
442.0 1.086688
442.5 1.049064
443.0 1.030176
443.5 1.13736
444.0 1.11812
444.5 1.09068
445.0 1.079712
445.5 1.269136
446.0 1.242032
446.5 1.2528
447.0 1.175872
447.5 1.067696
448.0 1.047168
448.5 1.240008
449.0 1.21856
449.5 1.029632
450.0 1.016016
450.5 0.99976
451.0 0.981552
451.5 1.567904
452.0 1.531936
452.5 0.98816
453.0 0.980928
453.5 0.910448
454.0 0.897312
454.5 1.166472
455.0 1.143024
455.5 1.146968
456.0 1.122912
456.5 1.193424
457.0 1.177872
457.5 1.08176
458.0 1.070624
458.5 1.15444
459.0 1.085688
459.5 1.208008
460.0 1.11856
460.5 1.087944
461.0 1.110848
461.5 1.05248
462.0 1.032544
462.5 1.282368
463.0 1.236704
463.5 1.237632
464.0 1.205184
464.5 1.09296
465.0 1.127032
465.5 1.139456
466.0 1.089296
466.5 1.424752
467.0 1.351424
467.5 0.956472
468.0 0.938768
468.5 1.232464
469.0 1.218032
469.5 1.185784
470.0 1.176656
470.5 0.965008
471.0 0.951072
471.5 1.10936
472.0 1.09456
472.5 1.096504
473.0 1.076208
473.5 1.15616
474.0 1.141776
474.5 1.124376
475.0 1.107264
475.5 1.009888
476.0 1.00528
476.5 1.344048
477.0 1.298504
477.5 1.030456
478.0 1.016256
478.5 1.078312
479.0 1.0576
479.5 0.846896
480.0 0.980064
480.5 0.614336
481.0 1.1712
481.5 0.723064
482.0 1.104
482.5 1.008656
483.0 1.163344
483.5 1.1436
484.0 1.113328
484.5 1.231688
485.0 1.20024
485.5 1.175792
486.0 1.150752
486.5 1.372832
487.0 1.292448
487.5 1.04308
488.0 1.026032
488.5 1.255696
489.0 1.159624
489.5 0.98676
490.0 0.933328
490.5 1.191712
491.0 1.1704
491.5 1.056584
492.0 1.047784
492.5 1.01284
493.0 0.996816
493.5 1.27572
494.0 1.252592
494.5 1.050104
495.0 1.032704
495.5 1.094288
496.0 1.078496
496.5 1.058168
497.0 1.04608
497.5 1.03644
498.0 1.012888
498.5 1.285832
499.0 1.25196
499.5 1.125968
500.0 1.100544
500.5 1.184632
501.0 1.167328
501.5 1.26248
502.0 1.269632
502.5 1.071096
503.0 1.031088
503.5 1.170672
504.0 1.121296
504.5 1.065872
505.0 1.059952
505.5 1.046304
506.0 1.032704
506.5 1.330368
507.0 1.250064
507.5 1.077952
508.0 1.06328
508.5 1.262136
509.0 1.23016
509.5 1.19808
510.0 1.167192
510.5 1.2254
511.0 1.205088
511.5 0.996568
512.0 0.980448
512.5 1.086896
513.0 1.086864
513.5 1.038256
514.0 1.015008
514.5 0.901768
515.0 0.895792
515.5 1.35024
516.0 1.30944
516.5 1.000656
517.0 0.996688
517.5 1.216976
518.0 1.198544
518.5 1.17068
519.0 1.11032
519.5 1.162952
520.0 1.106928
520.5 1.158816
521.0 1.149664
521.5 1.214832
522.0 1.186528
522.5 1.11864
523.0 1.104576
523.5 1.157184
524.0 1.142976
524.5 1.006048
525.0 1.011768
525.5 1.22396
526.0 1.179888
526.5 1.153528
527.0 1.078768
527.5 1.17348
528.0 1.151808
528.5 1.174208
529.0 1.153232
529.5 1.114968
530.0 1.092336
530.5 1.082696
531.0 1.061096
531.5 1.19648
532.0 1.224976
532.5 1.125976
533.0 1.05144
533.5 1.174672
534.0 1.140808
534.5 1.129344
535.0 1.153776
535.5 1.179408
536.0 1.124352
536.5 1.15992
537.0 1.132816
537.5 1.312848
538.0 1.301936
538.5 0.89464
539.0 0.883344
539.5 1.62608
540.0 1.250784
540.5 1.215056
541.0 1.001344
541.5 0.987728
542.0 1.194312
542.5 1.177856
543.0 1.121296
543.5 1.104368
544.0 1.414624
544.5 1.431744
545.0 1.112784
545.5 1.099936
546.0 1.205584
546.5 1.191504
547.0 1.111784
547.5 1.026304
548.0 1.21836
548.5 1.155072
549.0 1.134448
549.5 1.114208
550.0 1.266544
550.5 1.246384
551.0 0.890928
551.5 0.880768
552.0 1.118736
552.5 1.101152
553.0 1.00736
553.5 0.99284
554.0 1.151808
554.5 1.139472
555.0 1.469728
555.5 1.388928
556.0 1.14344
556.5 1.123104
557.0 1.054336
557.5 1.045104
558.0 1.323864
558.5 1.29712
559.0 1.113056
559.5 1.098296
560.0 1.23448
560.5 1.215504
561.0 1.060784
561.5 1.037808
562.0 1.252416
562.5 1.231792
563.0 1.013128
563.5 0.9904
564.0 1.263728
564.5 1.213232
565.0 1.204032
565.5 1.185136
566.0 1.231096
566.5 1.214704
567.0 0.942616
567.5 0.921568
568.0 1.091888
568.5 1.078416
569.0 0.894608
569.5 0.886528
570.0 1.283088
570.5 1.252944
571.0 0.831056
571.5 0.82316
572.0 1.420304
572.5 1.39496
573.0 1.07208
573.5 1.055808
574.0 1.22408
574.5 1.206096
575.0 1.01528
575.5 0.946176
576.0 1.10128
576.5 1.081552
577.0 1.267328
577.5 1.240048
578.0 1.17932
578.5 1.04736
579.0 0.969776
579.5 0.970656
580.0 1.36872
580.5 1.300128
581.0 1.095712
581.5 1.067232
582.0 1.141888
582.5 1.12376
583.0 1.089224
583.5 1.076192
584.0 1.076096
584.5 1.075696
585.0 1.126648
585.5 1.080496
586.0 1.151456
586.5 1.13028
587.0 1.194576
587.5 1.169712
588.0 1.11436
588.5 1.085968
589.0 1.157648
589.5 1.144096
590.0 1.1392
590.5 1.125424
591.0 1.165216
591.5 1.144304
592.0 1.05008
592.5 1.049368
593.0 1.121104
593.5 1.0948
594.0 1.009072
594.5 0.996272
595.0 1.293896
595.5 1.21464
596.0 1.316208
596.5 1.29784
597.0 1.13904
597.5 1.12056
598.0 0.985984
598.5 0.974416
599.0 1.176672
599.5 1.161184
600.0 1.12096
600.5 1.099456
601.0 1.122
601.5 1.107728
602.0 1.060288
602.5 1.04576
603.0 1.117824
603.5 1.102112
604.0 1.036952
604.5 1.029048
605.0 1.214816
605.5 1.188992
606.0 1.078608
606.5 1.066528
607.0 1.120024
607.5 1.093552
608.0 1.163784
608.5 1.088288
609.0 1.137168
609.5 1.126
610.0 1.154064
610.5 1.138128
611.0 1.090096
611.5 1.070896
612.0 1.046736
612.5 1.031072
613.0 1.471504
613.5 1.451616
614.0 0.961664
614.5 0.948576
615.0 1.049568
615.5 0.994896
616.0 1.101104
616.5 1.072
617.0 1.268736
617.5 1.248512
618.0 1.14928
618.5 1.118464
619.0 1.019872
619.5 1.044232
620.0 1.31096
620.5 1.280256
621.0 1.73116
621.5 1.63448
622.0 0.8058
622.5 0.7872
623.0 0.986968
623.5 0.966176
624.0 0.960912
624.5 0.96136
625.0 1.162376
625.5 1.13404
626.0 1.157416
626.5 1.122256
627.0 1.401664
627.5 1.427424
628.0 0.985888
628.5 0.893824
629.0 0.988248
629.5 0.97784
630.0 1.136392
630.5 1.111104
631.0 1.075888
631.5 1.086672
632.0 1.050064
632.5 1.010512
633.0 1.105536
633.5 1.209472
634.0 1.229792
634.5 1.078224
635.0 1.143312
635.5 1.08536
636.0 1.061472
636.5 1.053808
637.0 1.296888
637.5 1.252744
638.0 1.282128
638.5 1.180448
639.0 1.175776
639.5 1.15976
640.0 1.012184
640.5 0.995472
641.0 1.311608
641.5 1.287744
642.0 1.193304
642.5 1.170064
643.0 1.112
643.5 1.088192
644.0 1.052136
644.5 1.040176
645.0 1.054496
645.5 1.0532
646.0 1.243144
646.5 1.225408
647.0 0.999392
647.5 0.983088
648.0 1.12412
648.5 1.095376
649.0 1.239912
649.5 1.19288
650.0 1.186144
650.5 1.171488
651.0 1.223008
651.5 1.193328
652.0 0.997296
652.5 0.982136
653.0 1.004
653.5 1.027952
654.0 1.197232
654.5 1.139968
655.0 1.131128
655.5 1.06272
656.0 1.299008
656.5 1.273888
657.0 1.107328
657.5 1.097344
658.0 1.182928
658.5 1.172664
659.0 1.013808
659.5 1.010944
660.0 1.101792
660.5 1.067136
661.0 1.1128
661.5 1.10264
662.0 1.119968
662.5 1.103056
663.0 1.070224
663.5 1.140624
664.0 1.227808
664.5 1.135312
665.0 1.579936
665.5 1.526736
666.0 0.888144
666.5 0.880368
667.0 1.21572
667.5 1.150704
668.0 1.311768
668.5 1.254592
669.0 1.104288
669.5 1.093472
670.0 1.169424
670.5 1.157992
671.0 1.106992
671.5 1.08568
672.0 1.231008
672.5 1.20608
673.0 1.116504
673.5 1.090032
674.0 1.15092
674.5 1.124976
675.0 1.899456
675.5 1.799552
676.0 0.703392
676.5 0.688256
677.0 0.86004
677.5 0.847456
678.0 1.037952
678.5 1.014128
679.0 1.032648
679.5 1.012432
680.0 1.038168
680.5 1.020768
681.0 0.962368
681.5 0.9536
682.0 1.31844
682.5 1.358912
683.0 1.22772
683.5 1.152016
684.0 1.101232
684.5 1.088896
685.0 1.102128
685.5 1.083128
686.0 0.947512
686.5 0.922016
687.0 1.640224
687.5 1.59976
688.0 0.963512
688.5 0.937184
689.0 0.947976
689.5 0.929888
690.0 1.813992
690.5 1.765312
691.0 0.861464
691.5 0.879288
692.0 1.036776
692.5 0.981712
693.0 0.936008
693.5 0.952208
694.0 1.469312
694.5 1.450208
695.0 0.896136
695.5 0.796112
696.0 1.014624
696.5 1.006048
697.0 1.295808
697.5 1.236896
698.0 1.024672
698.5 0.981168
699.0 1.09804
699.5 1.086
700.0 1.256168
700.5 1.233616
701.0 0.970216
701.5 0.963184
702.0 0.962528
702.5 0.940736
703.0 1.227512
703.5 1.208584
704.0 1.17592
704.5 1.159344
705.0 1.158712
705.5 1.1268
706.0 1.08496
706.5 1.066976
707.0 1.14296
707.5 1.11672
708.0 1.093088
708.5 1.184224
709.0 1.344968
709.5 1.220656
710.0 1.234576
710.5 1.208512
711.0 1.023408
711.5 1.036672
712.0 0.93608
712.5 0.886224
713.0 1.113664
713.5 1.13288
714.0 1.225824
714.5 1.15912
715.0 1.184568
715.5 1.11456
716.0 1.086728
716.5 1.0716
717.0 1.171488
717.5 1.163952
718.0 1.159776
718.5 1.139512
719.0 1.14064
719.5 1.124288
720.0 1.079008
720.5 1.065936
721.0 1.01928
721.5 1.028848
722.0 1.26148
722.5 1.22112
723.0 0.952784
723.5 1.016648
724.0 1.358832
724.5 1.27128
725.0 1.166592
725.5 1.146672
726.0 1.044656
726.5 1.031632
727.0 1.045048
727.5 1.022496
728.0 1.152048
728.5 1.140848
729.0 1.222928
729.5 1.202304
730.0 1.285144
730.5 1.210416
731.0 1.147616
731.5 1.10944
732.0 1.145104
732.5 1.093168
733.0 1.131224
733.5 1.074144
734.0 0.991856
734.5 1.003648
735.0 1.211432
735.5 1.163976
736.0 1.168488
736.5 1.153344
737.0 1.06812
737.5 1.04752
738.0 1.08732
738.5 1.075088
739.0 1.16052
739.5 1.142128
740.0 1.070064
740.5 1.057216
741.0 1.035224
741.5 1.025184
742.0 1.176096
742.5 1.188752
743.0 1.258648
743.5 1.2096
744.0 1.14112
744.5 1.139112
745.0 1.169912
745.5 1.186152
746.0 1.128784
746.5 1.13008
747.0 1.119488
747.5 1.112912
748.0 1.196392
748.5 1.187888
749.0 1.098024
749.5 1.080224
750.0 1.181568
750.5 1.140728
751.0 1.012176
751.5 0.977008
752.0 1.332944
752.5 1.320016
753.0 1.025616
753.5 1.013536
754.0 1.21744
754.5 1.191152
755.0 1.039088
755.5 1.023616
756.0 1.114648
756.5 1.103032
757.0 1.03104
757.5 1.01704
758.0 1.169208
758.5 1.148272
759.0 1.281896
759.5 1.265456
760.0 0.992688
760.5 1.077072
761.0 1.153968
761.5 1.047488
762.0 1.169368
762.5 1.108304
763.0 1.215648
763.5 1.149264
764.0 1.037568
764.5 1.021984
765.0 1.19208
765.5 1.18248
766.0 1.130656
766.5 1.118416
767.0 1.265504
767.5 1.248528
768.0 0.960128
768.5 0.951768
769.0 1.206136
769.5 1.182736
770.0 1.190704
770.5 1.11456
771.0 1.24764
771.5 1.237232
772.0 1.132992
772.5 1.171424
773.0 1.089016
773.5 1.048
774.0 1.036832
774.5 1.016928
775.0 1.146208
775.5 1.118624
776.0 1.065232
776.5 1.049776
777.0 1.273568
777.5 1.25072
778.0 1.135816
778.5 1.129488
779.0 1.066008
779.5 1.037056
780.0 1.213592
780.5 1.193168
781.0 1.010664
781.5 0.992912
782.0 1.115024
782.5 1.09528
783.0 1.244808
783.5 1.218504
784.0 1.031936
784.5 1.018144
785.0 1.211856
785.5 1.209184
786.0 1.119024
786.5 1.094864
787.0 1.151584
787.5 1.143872
788.0 1.055184
788.5 1.038496
789.0 1.081328
789.5 1.064024
790.0 1.145408
790.5 1.063328
791.0 1.21016
791.5 1.187344
792.0 1.080656
792.5 1.022424
793.0 1.169224
793.5 1.109536
794.0 1.086776
794.5 1.084848
795.0 1.276184
795.5 1.236544
796.0 1.076392
796.5 1.062064
797.0 1.1478
797.5 1.112144
798.0 1.125272
798.5 1.10352
799.0 1.332752
799.5 1.319824
800.0 1.159136
800.5 1.14792
801.0 1.279352
801.5 1.224904
802.0 1.103376
802.5 1.089104
803.0 1.239736
803.5 1.221824
804.0 1.107088
804.5 1.088272
805.0 1.233872
805.5 1.208608
806.0 1.018536
806.5 1.01424
807.0 1.25864
807.5 1.226624
808.0 1.712192
808.5 1.669888
809.0 0.747416
809.5 0.723344
810.0 1.163416
810.5 1.083024
811.0 0.881504
811.5 0.826784
812.0 0.968
812.5 0.952336
813.0 1.3222
813.5 1.285296
814.0 1.23048
814.5 1.1924
815.0 1.073792
815.5 1.064864
816.0 0.877336
816.5 0.840488
817.0 1.529216
817.5 1.491712
818.0 0.98368
818.5 0.966688
819.0 1.033032
819.5 1.124128
820.0 1.16408
820.5 1.034144
821.0 1.08536
821.5 1.07376
822.0 1.361568
822.5 1.280264
823.0 1.170344
823.5 1.098368
824.0 1.589328
824.5 1.594496
825.0 0.85568
825.5 0.801904
826.0 1.047576
826.5 1.025072
827.0 0.922512
827.5 0.892624
828.0 1.366944
828.5 1.331872
829.0 0.788968
829.5 0.774224
830.0 1.308488
830.5 1.226064
831.0 1.066568
831.5 1.039728
832.0 1.33236
832.5 1.3068
833.0 0.941176
833.5 0.920176
834.0 1.209672
834.5 1.186488
835.0 1.092216
835.5 1.0768
836.0 1.32972
836.5 1.307072
837.0 1.128176
837.5 1.105856
838.0 1.093712
838.5 1.070064
839.0 1.350624
839.5 1.326864
840.0 1.11912
840.5 1.09568
841.0 0.948576
841.5 0.940384
842.0 1.161024
842.5 1.134112
843.0 1.050624
843.5 1.035248
844.0 1.23316
844.5 1.195584
845.0 0.963008
845.5 0.952816
846.0 1.322816
846.5 1.30416
847.0 1.036872
847.5 1.024624
848.0 1.0096
848.5 0.998416
849.0 1.081312
849.5 1.067496
850.0 1.148352
850.5 1.067664
851.0 0.919264
851.5 0.91288
852.0 1.492736
852.5 1.421376
853.0 1.234888
853.5 1.170656
854.0 0.9806
854.5 1.002512
855.0 1.16508
855.5 1.114728
856.0 1.302112
856.5 1.27224
857.0 1.048344
857.5 1.032592
858.0 1.156328
858.5 1.13896
859.0 1.024832
859.5 1.032304
860.0 1.045952
860.5 1.034592
861.0 1.112408
861.5 1.092016
862.0 1.269616
862.5 1.221008
863.0 1.014072
863.5 0.996352
864.0 1.226496
864.5 1.201216
865.0 1.103328
865.5 1.086688
866.0 1.049064
866.5 1.030176
867.0 1.13736
867.5 1.11812
868.0 1.09068
868.5 1.079712
869.0 1.269136
869.5 1.242032
870.0 1.2528
870.5 1.175872
871.0 1.067696
871.5 1.047168
872.0 1.240008
872.5 1.21856
873.0 1.029632
873.5 1.016016
874.0 0.99976
874.5 0.981552
875.0 1.567904
875.5 1.531936
876.0 0.98816
876.5 0.980928
877.0 0.910448
877.5 0.897312
878.0 1.166472
878.5 1.143024
879.0 1.146968
879.5 1.122912
880.0 1.193424
880.5 1.177872
881.0 1.08176
881.5 1.070624
882.0 1.15444
882.5 1.085688
883.0 1.208008
883.5 1.11856
884.0 1.087944
884.5 1.110848
885.0 1.05248
885.5 1.032544
886.0 1.282368
886.5 1.236704
887.0 1.237632
887.5 1.205184
888.0 1.09296
888.5 1.127032
889.0 1.139456
889.5 1.089296
890.0 1.424752
890.5 1.351424
891.0 0.956472
891.5 0.938768
892.0 1.232464
892.5 1.218032
893.0 1.185784
893.5 1.176656
894.0 0.965008
894.5 0.951072
895.0 1.10936
895.5 1.09456
896.0 1.096504
896.5 1.076208
897.0 1.15616
897.5 1.141776
898.0 1.124376
898.5 1.107264
899.0 1.009888
899.5 1.00528
900.0 1.063376
900.5 0.87396
901.0 1.430992
901.5 1.909384
902.0 1.290288
902.5 1.075336
903.0 1.258928
903.5 1.507144
904.0 1.23288
904.5 0.81236
905.0 1.264864
905.5 2.253432
906.0 1.59848
906.5 1.246912
907.0 1.111376
907.5 0.854672
908.0 1.234896
908.5 1.451528
909.0 1.007824
909.5 0.94316
910.0 0.95112
910.5 1.328456
911.0 1.316144
911.5 0.977912
912.0 0.961552
912.5 1.001232
913.0 1.299648
913.5 1.651584
914.0 1.286848
914.5 1.231456
915.0 1.201136
915.5 1.0844
916.0 1.205536
916.5 1.220904
917.0 1.243296
917.5 1.851168
918.0 1.52768
918.5 1.066184
919.0 1.249888
919.5 1.480968
920.0 1.159848
920.5 1.15732
921.0 1.196864
921.5 1.26684
922.0 1.2056
922.5 1.261976
923.0 1.225472
923.5 1.004376
924.0 0.995904
924.5 1.166808
925.0 1.178416
925.5 1.336824
926.0 1.238064
926.5 1.259912
927.0 1.17728
927.5 1.346296
928.0 1.294416
928.5 1.392296
929.0 1.36936
929.5 1.005976
930.0 0.997168
930.5 1.212696
931.0 1.206336
931.5 1.46804
932.0 1.412616
932.5 1.190088
933.0 1.209792
933.5 1.329896
934.0 1.269696
934.5 1.423104
935.0 1.356064
935.5 1.12312
936.0 1.130368
936.5 1.14336
937.0 1.120392
937.5 1.326072
938.0 1.287344
938.5 1.278928
939.0 1.262096
939.5 1.175768
940.0 1.170752
940.5 1.124544
941.0 1.13932
941.5 1.22424
942.0 1.202512
942.5 1.16112
943.0 1.151088
943.5 1.1884
944.0 1.211104
944.5 1.194992
945.0 1.18144
945.5 1.408536
946.0 1.343088
946.5 1.208256
947.0 1.105232
947.5 1.505176
948.0 1.453104
948.5 0.768936
949.0 1.263536
949.5 2.193488
950.0 1.454512
950.5 1.212504
951.0 1.311584
951.5 1.405232
952.0 1.235216
952.5 0.793424
953.0 0.76788
953.5 1.397376
954.0 1.3756
954.5 1.384904
955.0 1.329232
955.5 1.062912
956.0 1.24984
956.5 1.593664
957.0 1.312912
957.5 1.19056
958.0 1.163664
958.5 1.134632
959.0 1.109616
959.5 1.316552
960.0 1.309632
960.5 0.958968
961.0 0.864624
961.5 1.392784
962.0 1.36064
962.5 1.181704
963.0 1.164496
963.5 0.813352
964.0 1.281632
964.5 2.226848
965.0 1.548192
965.5 0.83992
966.0 1.251776
966.5 1.3212
967.0 1.191072
967.5 0.67692
968.0 1.17696
968.5 1.599568
969.0 1.09904
969.5 0.966872
970.0 1.300016
970.5 1.762408
971.0 1.442976
971.5 0.773752
972.0 1.150432
972.5 0.82116
973.0 1.083312
973.5 0.595592
974.0 1.107872
974.5 1.507664
975.0 1.281632
975.5 0.82236
976.0 1.187792
976.5 1.46
977.0 1.501904
977.5 1.158352
978.0 1.065872
978.5 0.60236
979.0 0.975392
979.5 0.568392
980.0 1.339024
980.5 0.640192
981.0 1.22976
981.5 0.667704
982.0 1.370672
982.5 0.95508
983.0 1.213344
983.5 0.63536
984.0 0.995072
984.5 1.705008
985.0 1.392816
985.5 1.162256
986.0 1.103944
986.5 0.765704
987.0 1.007504
987.5 0.990832
988.0 1.220752
988.5 0.965104
989.0 1.19384
989.5 0.799312
990.0 1.183648
990.5 1.535392
991.0 1.33928
991.5 0.762896
992.0 1.161664
992.5 1.435136
993.0 1.351392
993.5 0.731056
994.0 1.163968
994.5 0.71176
995.0 1.289264
995.5 0.67772
996.0 1.177856
996.5 1.57464
997.0 1.477344
997.5 1.02052
998.0 0.98584
998.5 1.029272
999.0 1.197472
999.5 1.163928
1000.0 1.111568
1000.5 1.516344
1001.0 1.297488
1001.5 0.934296
1002.0 1.128256
1002.5 1.1876
1003.0 1.412272
1003.5 0.931576
1004.0 1.17776
1004.5 1.2336
1005.0 1.3516
1005.5 1.117752
1006.0 1.113856
1006.5 1.549128
1007.0 1.342864
1007.5 0.734648
1008.0 1.234672
1008.5 0.657752
1009.0 1.27032
1009.5 0.692472
1010.0 1.14888
1010.5 1.234728
1011.0 1.193376
1011.5 0.619144
1012.0 1.14056
1012.5 1.143648
1013.0 1.437392
1013.5 1.195328
1014.0 1.035936
1014.5 0.94136
1015.0 1.122352
1015.5 0.617792
1016.0 1.197056
1016.5 1.21308
1017.0 1.421216
1017.5 1.44432
1018.0 1.358192
1018.5 0.757688
1019.0 1.03204
1019.5 0.73132
1020.0 1.35824
1020.5 0.438184
1021.0 1.321696
1021.5 0.626632
1022.0 1.189152
1022.5 0.444856
1023.0 1.329376
1023.5 0.867336
1024.0 1.323728
1024.5 0.575752
1025.0 1.01864
1025.5 0.7916
1026.0 1.148528
1026.5 1.055136
1027.0 1.315904
1027.5 0.73912
1028.0 0.922432
1028.5 0.492096
1029.0 1.228144
1029.5 0.692568
1030.0 1.235648
1030.5 0.495928
1031.0 1.237328
1031.5 0.746352
1032.0 1.222016
1032.5 0.468384
1033.0 1.268368
1033.5 0.686416
1034.0 1.121856
1034.5 0.39232
1035.0 1.379984
1035.5 0.886304
1036.0 1.5536
1036.5 1.556248
1037.0 1.290224
1037.5 0.48772
1038.0 1.012208
1038.5 0.507944
1039.0 1.182528
1039.5 1.379656
1040.0 1.252752
1040.5 1.362
1041.0 1.250816
1041.5 0.836632
1042.0 1.10104
1042.5 0.621256
1043.0 1.091744
1043.5 1.759528
1044.0 1.3864
1044.5 0.715064
1045.0 0.986048
1045.5 1.011416
1046.0 1.34456
1046.5 1.140776
1047.0 1.554704
1047.5 0.982424
1048.0 0.939408
1048.5 0.866696
1049.0 1.359856
1049.5 1.50116
1050.0 1.21968
1050.5 0.653256
1051.0 1.038736
1051.5 0.795464
1052.0 1.308456
1052.5 0.7228
1053.0 1.056656
1053.5 0.53032
1054.0 1.347136
1054.5 2.378616
1055.0 1.09592
1055.5 1.526176
1056.0 1.3706
1056.5 0.566096
1057.0 1.341232
1057.5 1.431592
1058.0 1.3704
1058.5 0.6774
1059.0 1.076336
1059.5 1.468616
1060.0 1.298368
1060.5 1.053568
1061.0 1.172448
1061.5 1.466952
1062.0 1.305328
1062.5 1.061208
1063.0 1.038448
1063.5 1.048776
1064.0 1.111776
1064.5 1.68632
1065.0 1.55308
1065.5 1.390624
1066.0 1.274904
1066.5 0.793832
1067.0 0.975848
1067.5 1.023208
1068.0 1.491912
1068.5 1.146464
1069.0 1.06688
1069.5 1.024048
1070.0 1.009536
1070.5 0.723712
1071.0 1.303288
1071.5 1.052032
1072.0 1.299488
1072.5 1.007704
1073.0 1.172736
1073.5 1.32384
1074.0 1.193264
1074.5 1.168584
1075.0 1.241248
1075.5 1.434216
1076.0 1.305952
1076.5 1.176864
1077.0 1.120832
1077.5 1.103632
1078.0 1.409504
1078.5 1.909696
1079.0 1.435872
1079.5 1.332184
1080.0 1.326352
1080.5 1.152208
1081.0 1.112064
1081.5 1.355624
1082.0 1.305728
1082.5 1.127472
1083.0 1.239168
1083.5 1.327272
1084.0 1.261968
1084.5 0.71
1085.0 1.121152
1085.5 0.762816
1086.0 1.328104
1086.5 0.761008
1087.0 1.171728
1087.5 0.954056
1088.0 1.321696
1088.5 1.22112
1089.0 1.100112
1089.5 1.488512
1090.0 1.37648
1090.5 1.068032
1091.0 1.11696
1091.5 1.374024
1092.0 1.26648
1092.5 1.137792
1093.0 1.157232
1093.5 1.338544
1094.0 1.33044
1094.5 1.189904
1095.0 1.091952
1095.5 1.311632
1096.0 1.33632
1096.5 1.154784
1097.0 1.149968
1097.5 1.128328
1098.0 1.302528
1098.5 1.350304
1099.0 1.147072
1099.5 1.223744
1100.0 1.163872
1100.5 1.20744
1101.0 1.175808
1101.5 1.394784
1102.0 1.304112
1102.5 1.125264
1103.0 1.129712
1103.5 1.375328
1104.0 1.359936
1104.5 1.1896
1105.0 1.10288
1105.5 1.173888
1106.0 1.393328
1106.5 1.28176
1107.0 1.146096
1107.5 1.217896
1108.0 1.270288
1108.5 1.415688
1109.0 1.184208
1109.5 1.2206
1110.0 1.296832
1110.5 1.219384
1111.0 1.118224
1111.5 1.163528
1112.0 1.361424
1112.5 1.391464
1113.0 1.095072
1113.5 1.199816
1114.0 1.379792
1114.5 1.262952
1115.0 1.071472
1115.5 1.131232
1116.0 1.098704
1116.5 1.296296
1117.0 1.350096
1117.5 1.242352
1118.0 1.18888
1118.5 1.34272
1119.0 1.28444
1119.5 1.11936
1120.0 1.134064
1120.5 1.353728
1121.0 1.330944
1121.5 1.209952
1122.0 1.191536
1122.5 1.319392
1123.0 1.29192
1123.5 1.190112
1124.0 1.134688
1124.5 1.30012
1125.0 1.3568
1125.5 1.163952
1126.0 1.065664
1126.5 1.335416
1127.0 1.31632
1127.5 1.2474
1128.0 1.167888
1128.5 1.334288
1129.0 1.331152
1129.5 1.147536
1130.0 1.13288
1130.5 1.37188
1131.0 1.29072
1131.5 1.199008
1132.0 1.123392
1132.5 1.318672
1133.0 1.369808
1133.5 1.220624
1134.0 1.117872
1134.5 1.254208
1135.0 1.317536
1135.5 1.17868
1136.0 1.134672
1136.5 1.326096
1137.0 1.358656
1137.5 1.153472
1138.0 1.153888
1138.5 1.437424
1139.0 1.261168
1139.5 1.145952
1140.0 1.136
1140.5 1.299744
1141.0 1.319216
1141.5 1.220728
1142.0 1.156752
1142.5 1.282128
1143.0 1.254368
1143.5 1.184056
1144.0 1.191024
1144.5 1.284112
1145.0 1.228816
1145.5 1.12736
1146.0 1.094704
1146.5 1.364952
1147.0 1.428736
1147.5 1.17784
1148.0 1.102048
1148.5 1.377744
1149.0 1.285328
1149.5 1.159296
1150.0 1.162528
1150.5 1.417752
1151.0 1.357504
1151.5 1.176552
1152.0 1.098024
1152.5 1.300624
1153.0 1.363696
1153.5 1.144736
1154.0 1.174496
1154.5 1.360384
1155.0 1.254928
1155.5 1.185984
1156.0 1.096832
1156.5 1.302752
1157.0 1.269056
1157.5 1.130664
1158.0 1.211888
1158.5 1.285896
1159.0 1.286848
1159.5 1.18912
1160.0 1.111488
1160.5 1.371944
1161.0 1.313552
1161.5 1.191208
1162.0 1.125344
1162.5 1.369552
1163.0 1.383312
1163.5 1.150488
1164.0 1.107024
1164.5 1.30652
1165.0 1.315968
1165.5 1.18348
1166.0 1.186832
1166.5 1.314768
1167.0 1.20776
1167.5 1.144624
1168.0 1.183856
1168.5 1.449448
1169.0 1.360208
1169.5 1.168832
1170.0 1.047536
1170.5 1.354528
1171.0 1.333904
1171.5 1.176904
1172.0 1.244192
1172.5 1.361168
1173.0 1.266944
1173.5 1.123952
1174.0 1.160896
1174.5 1.338344
1175.0 1.332752
1175.5 1.14992
1176.0 1.140336
1176.5 1.344688
1177.0 1.256752
1177.5 1.15256
1178.0 1.1712
1178.5 1.331616
1179.0 1.292192
1179.5 1.068448
1180.0 1.041824
1180.5 1.333832
1181.0 1.34336
1181.5 1.195632
1182.0 1.114624
1182.5 1.385536
1183.0 1.4412
1183.5 1.233648
1184.0 1.148736
1184.5 1.298288
1185.0 1.307736
1185.5 1.123456
1186.0 1.111968
1186.5 1.410096
1187.0 1.33464
1187.5 1.124608
1188.0 1.102016
1188.5 1.405936
1189.0 1.31152
1189.5 1.084352
1190.0 1.1388
1190.5 1.427448
1191.0 1.29032
1191.5 1.180664
1192.0 1.22856
1192.5 1.337984
1193.0 1.276384
1193.5 1.172544
1194.0 1.138328
1194.5 1.332064
1195.0 1.310368
1195.5 0.765272
1196.0 1.146944
1196.5 0.693384
1197.0 1.260496
1197.5 0.710096
1198.0 1.136752
1198.5 0.69004
1199.0 1.193968
1199.5 1.412512
1200.0 1.253488
1200.5 1.003776
1201.0 1.249824
1201.5 0.726096
1202.0 1.147616
1202.5 0.72424
1203.0 1.335232
1203.5 1.427216
1204.0 1.123392
1204.5 1.435344
1205.0 1.363184
1205.5 1.059088
1206.0 1.03292
1206.5 1.263984
1207.0 1.321984
1207.5 1.19744
1208.0 1.105696
1208.5 1.459592
1209.0 1.369808
1209.5 1.16676
1210.0 1.182352
1210.5 1.449464
1211.0 1.335824
1211.5 1.1392
1212.0 1.174912
1212.5 1.38812
1213.0 1.337664
1213.5 1.170456
1214.0 1.142864
1214.5 1.38052
1215.0 1.277872
1215.5 1.134656
1216.0 1.165008
1216.5 1.180088
1217.0 1.313232
1217.5 1.285536
1218.0 1.0884
1218.5 1.024448
1219.0 1.413808
1219.5 0.72396
1220.0 1.054368
1220.5 0.763848
1221.0 1.241768
1221.5 1.322352
1222.0 1.18408
1222.5 1.28464
1223.0 1.223232
1223.5 1.335024
1224.0 1.260912
1224.5 1.18528
1225.0 1.314384
1225.5 1.450016
1226.0 1.285344
1226.5 1.113496
1227.0 1.087432
1227.5 1.12112
1228.0 1.151296
1228.5 1.335856
1229.0 1.228848
1229.5 1.241016
1230.0 1.16632
1230.5 1.140616
1231.0 1.187456
1231.5 1.089592
1232.0 0.899888
1232.5 0.714696
1233.0 0.887744
1233.5 1.508368
1234.0 1.416736
1234.5 1.333424
1235.0 1.356944
1235.5 1.48144
1236.0 1.414944
1236.5 1.214336
1237.0 1.177792
1237.5 1.297616
1238.0 1.260576
1238.5 1.234864
1239.0 1.29212
1239.5 1.307216
1240.0 1.237088
1240.5 1.140048
1241.0 1.147936
1241.5 1.424464
1242.0 1.365952
1242.5 1.159472
1243.0 1.133712
1243.5 1.299072
1244.0 1.3272
1244.5 1.150304
1245.0 1.11616
1245.5 1.175064
1246.0 1.099664
1246.5 1.265968
1247.0 1.249888
1247.5 1.389072
1248.0 1.359728
1248.5 0.860784
1249.0 0.772568
1249.5 0.106536
1250.0 0.1
1250.5 0.146744
1251.0 0.1
1251.5 0.147928
1252.0 0.1
1252.5 0.106608
1253.0 0.1
1253.5 0.10764
1254.0 0.101688
1254.5 0.107808
1255.0 0.1
1255.5 0.104744
1256.0 0.1
1256.5 0.106184
1257.0 0.1
1257.5 0.106152
1258.0 0.1
1258.5 0.103544
1259.0 0.1
1259.5 0.10568
1260.0 1.358912
1260.5 1.22772
1261.0 1.152016
1261.5 1.101232
1262.0 1.088896
1262.5 1.102128
1263.0 1.083128
1263.5 0.947512
1264.0 0.922016
1264.5 1.640224
1265.0 1.59976
1265.5 0.963512
1266.0 0.937184
1266.5 0.947976
1267.0 0.929888
1267.5 1.813992
1268.0 1.765312
1268.5 0.861464
1269.0 0.879288
1269.5 1.036776
1270.0 0.981712
1270.5 0.936008
1271.0 0.952208
1271.5 1.469312
1272.0 1.450208
1272.5 0.896136
1273.0 0.796112
1273.5 1.014624
1274.0 1.006048
1274.5 1.295808
1275.0 1.236896
1275.5 1.024672
1276.0 0.981168
1276.5 1.09804
1277.0 1.086
1277.5 1.256168
1278.0 1.233616
1278.5 0.970216
1279.0 0.963184
1279.5 0.962528
1280.0 0.940736
1280.5 1.227512
1281.0 1.208584
1281.5 1.17592
1282.0 1.159344
1282.5 1.158712
1283.0 1.1268
1283.5 1.08496
1284.0 1.066976
1284.5 1.14296
1285.0 1.11672
1285.5 1.093088
1286.0 1.184224
1286.5 1.344968
1287.0 1.220656
1287.5 1.234576
1288.0 1.208512
1288.5 1.023408
1289.0 1.036672
1289.5 0.93608
1290.0 0.886224
1290.5 1.113664
1291.0 1.13288
1291.5 1.225824
1292.0 1.15912
1292.5 1.184568
1293.0 1.11456
1293.5 1.086728
1294.0 1.0716
1294.5 1.171488
1295.0 1.163952
1295.5 1.159776
1296.0 1.139512
1296.5 1.14064
1297.0 1.124288
1297.5 1.243472
1298.0 1.497232
1298.5 1.65736
1299.0 1.344976
1299.5 0.71752
1300.0 0.707984
1300.5 1.334912
1301.0 1.31456
1301.5 0.900856
1302.0 0.896488
1302.5 1.149104
1303.0 1.123168
1303.5 1.096336
1304.0 1.088832
1304.5 1.13812
1305.0 1.085136
1305.5 1.050632
1306.0 0.993392
1306.5 1.282592
1307.0 1.268816
1307.5 1.276384
1308.0 1.231856
1308.5 1.24416
1309.0 1.224816
1309.5 0.97968
1310.0 0.964512
1310.5 1.218048
1311.0 1.25392
1311.5 1.110592
1312.0 1.047008
1312.5 1.10788
1313.0 1.036128
1313.5 1.091144
1314.0 1.073032
1314.5 1.142944
1315.0 1.102288
1315.5 1.014896
1316.0 1.007824
1316.5 1.071552
1317.0 1.036592
1317.5 0.71056
1318.0 0.877872
1318.5 1.0014
1319.0 1.068448
1319.5 0.540104
1320.0 1.255776
1320.5 0.529592
1321.0 1.367776
1321.5 0.710952
1322.0 1.035632
1322.5 1.168344
1323.0 1.12576
1323.5 1.196552
1324.0 1.173936
1324.5 1.17504
1325.0 1.151152
1325.5 1.070864
1326.0 1.044016
1326.5 1.0708
1327.0 1.054992
1327.5 1.041216
1328.0 1.032832
1328.5 1.119072
1329.0 1.095496
1329.5 1.162664
1330.0 1.143808
1330.5 1.029264
1331.0 1.034592
1331.5 1.175752
1332.0 1.119312
1332.5 1.335488
1333.0 1.24712
1333.5 1.149184
1334.0 1.131184
1334.5 1.196528
1335.0 1.16284
1335.5 1.255064
1336.0 1.172272
1336.5 1.192656
1337.0 1.170032
1337.5 1.092192
1338.0 1.070528
1338.5 1.042592
1339.0 1.010816
1339.5 0.117896
1340.0 0.498
1340.5 0.12972
1341.0 1.033968
1341.5 0.163928
1342.0 1.08416
1342.5 0.223192
1343.0 1.06448
1343.5 0.245688
1344.0 1.113856
1344.5 0.31612
1345.0 1.105584
1345.5 0.238744
1346.0 1.097008
1346.5 0.240856
1347.0 1.095152
1347.5 0.243336
1348.0 1.107104
1348.5 0.28084
1349.0 1.095512
1349.5 0.264216
1350.0 1.100544
1350.5 0.248664
1351.0 1.0708
1351.5 0.174696
1352.0 1.003232
1352.5 0.13252
1353.0 0.801088
1353.5 0.173984
1354.0 0.879424
1354.5 0.192848
1355.0 0.947856
1355.5 0.143664
1356.0 0.97184
1356.5 0.181224
1357.0 0.955248
1357.5 0.134904
1358.0 0.967184
1358.5 0.237176
1359.0 1.09072
1359.5 0.191248
1360.0 0.975008
1360.5 0.230672
1361.0 1.100144
1361.5 0.153456
1362.0 1.005952
1362.5 0.217768
1363.0 1.096304
1363.5 0.133032
1364.0 0.972832
1364.5 0.295944
1365.0 1.10752
1365.5 0.15708
1366.0 1.037648
1366.5 0.232016
1367.0 1.09432
1367.5 0.287984
1368.0 1.109696
1368.5 0.230824
1369.0 1.0976
1369.5 0.20736
1370.0 1.101104
1370.5 0.228528
1371.0 1.092528
1371.5 0.309
1372.0 1.07856
1372.5 0.256424
1373.0 1.10472
1373.5 0.288416
1374.0 1.117536
1374.5 0.251464
1375.0 1.098016
1375.5 0.268928
1376.0 1.102712
1376.5 0.237904
1377.0 1.08836
1377.5 0.127088
1378.0 0.771472
1378.5 0.182328
1379.0 0.88064
1379.5 0.149064
1380.0 0.817408
1380.5 0.171432
1381.0 1.032928
1381.5 0.11996
1382.0 0.789952
1382.5 0.15604
1383.0 1.061904
1383.5 0.147312
1384.0 0.964976
1384.5 0.248096
1385.0 1.09584
1385.5 0.13992
1386.0 0.832496
1386.5 0.172408
1387.0 1.138704
1387.5 0.150104
1388.0 0.948832
1388.5 0.17004
1389.0 1.098816
1389.5 0.134584
1390.0 1.050528
1390.5 0.177936
1391.0 1.238688
1391.5 0.129688
1392.0 0.984496
1392.5 0.181376
1393.0 1.223984
1393.5 0.125816
1394.0 1.149088
1394.5 0.183816
1395.0 1.269696
1395.5 0.134624
1396.0 1.060128
1396.5 0.17808
1397.0 1.314896
1397.5 0.21912
1398.0 1.168096
1398.5 0.206768
1399.0 1.307248
1399.5 0.15956
1400.0 1.103744
1400.5 0.176672
1401.0 1.340432
1401.5 0.12992
1402.0 1.011552
1402.5 0.172152
1403.0 1.2992
1403.5 0.136744
1404.0 1.051104
1404.5 0.230648
1405.0 1.300608
1405.5 0.128976
1406.0 1.10712
1406.5 0.175248
1407.0 1.31792
1407.5 0.144856
1408.0 1.07888
1408.5 0.172168
1409.0 1.307264
1409.5 0.145624
1410.0 1.106952
1410.5 0.174808
1411.0 1.294432
1411.5 0.129032
1412.0 1.07104
1412.5 0.1672
1413.0 1.240432
1413.5 0.135936
1414.0 1.176128
1414.5 0.194184
1415.0 1.276
1415.5 0.136704
1416.0 1.087344
1416.5 0.169352
1417.0 1.309728
1417.5 0.137712
1418.0 1.113376
1418.5 0.173864
1419.0 1.285776
1419.5 0.155056
1420.0 1.087888
1420.5 0.154632
1421.0 1.198352
1421.5 0.161664
1422.0 1.166176
1422.5 0.150984
1423.0 1.253488
1423.5 0.160168
1424.0 1.207536
1424.5 0.20556
1425.0 1.159808
1425.5 0.164424
1426.0 1.204464
1426.5 0.14164
1427.0 1.170352
1427.5 0.261056
1428.0 1.250992
1428.5 0.137464
1429.0 1.16864
1429.5 0.273104
1430.0 1.28976
1430.5 0.264424
1431.0 1.153952
1431.5 0.177016
1432.0 1.379792
1432.5 0.135568
1433.0 1.091488
1433.5 0.171
1434.0 1.181248
1434.5 0.266024
1435.0 1.14556
1435.5 3.346264
1436.0 1.344112
1436.5 1.244008
1437.0 1.162992
1437.5 1.361192
1438.0 1.35376
1438.5 1.1322
1439.0 1.110544
1439.5 1.488144
