0.0 0.7877242757244445
0.5 1.0580629262933334
1.0 0.32388333333333336
1.5 0.5455363886533334
2.0 0.5316501182044444
2.5 0.4820242705911111
3.0 0.5671785318266667
3.5 0.5646871896711111
4.0 0.5875531553155555
4.5 0.7352643678177778
5.0 0.8274072594088889
5.5 0.29278446601955554
6.0 0.34991170825333334
6.5 0.5342513516488889
7.0 0.25291154684088885
7.5 0.40652325452311106
8.0 0.4157110450391111
8.5 0.4285746974697778
9.0 0.4180103270222222
9.5 0.61103090728
10.0 0.42885852766355553
10.5 0.5499071507155555
11.0 0.4825486222222222
11.5 0.591891939
12.0 0.5877051705155555
12.5 0.5966820682088889
13.0 0.6459318459333333
13.5 0.42653669857866666
14.0 0.6579067538133333
14.5 0.7125106005111111
15.0 0.5448794781288889
15.5 0.724768564768889
16.0 0.5991062136533334
16.5 0.69463105836
17.0 0.7603426935377778
17.5 0.5607660606044444
18.0 0.5964277302933333
18.5 0.6216126984133333
19.0 0.5713749446666666
19.5 0.7013451431955556
20.0 0.65725692008
20.5 0.694073948631111
21.0 0.6940704607066667
21.5 0.8766640522888888
22.0 0.5915867677777777
22.5 0.67057636824
23.0 0.5282299001866667
23.5 0.2886225680933333
24.0 0.43564373897688885
24.5 0.35988496732044445
25.0 0.23139417475733334
25.5 0.3033980198017778
26.0 0.2504237623764444
26.5 0.18865156418533335
27.0 0.3082138613862222
27.5 0.222405280528
28.0 0.2956549019608889
28.5 0.2614248624862222
29.0 0.40330869130888886
29.5 0.325772051536
30.0 0.4005647058822222
30.5 0.15274596949911112
31.0 0.18889320388355554
31.5 0.1808645034413333
32.0 0.2432
32.5 0.1983378640777778
33.0 0.1321307189542222
33.5 0.21250485436888888
34.0 0.12750291262133331
34.5 0.3130297029702222
35.0 0.31711968348177777
35.5 0.3506157760813333
36.0 0.3900831683168889
36.5 0.36942222222222226
37.0 0.49262750275111106
37.5 0.4398431372551111
38.0 0.5579294117644444
38.5 0.2662407040702222
39.0 0.3756356435644444
39.5 0.24576281628177776
40.0 0.4382415841582223
40.5 0.4039779978
41.0 0.4213938019653333
41.5 0.4295075907591111
42.0 0.330402640264
42.5 0.49987446316444445
43.0 0.39000643800622226
43.5 0.5820972497244444
44.0 0.5886096126088889
44.5 0.5892214513822221
45.0 0.6334246575333333
45.5 0.7873207547155556
46.0 0.5022141480888889
46.5 0.6460726072622223
47.0 0.75726946108
47.5 0.6009308011333333
48.0 0.7085518151822222
48.5 0.49988977777777777
49.0 0.3603393417631111
49.5 0.6632283620533334
50.0 0.6458473047288888
50.5 0.778772467688889
51.0 0.912402644488889
51.5 0.81472915984
52.0 0.8331224331244443
52.5 0.6368068376088889
53.0 0.6730549450533334
53.5 0.6751368444
54.0 0.1738934341697778
54.5 0.11666731962133332
55.0 0.4965232903866666
55.5 0.5211854811866666
56.0 0.520860726071111
56.5 0.4967494553377778
57.0 0.5152273504266667
57.5 0.6254401582577778
58.0 0.49611426171111117
58.5 0.5976743256755556
59.0 0.6549544554444445
59.5 0.4801375661377778
60.0 0.5928151848133333
60.5 0.10898209467733333
61.0 0.5902506098933333
61.5 0.7626137566133333
62.0 0.5374310231022222
62.5 0.3218278560248889
63.0 0.46161838161777785
63.5 0.3308446189075555
64.0 0.38907788565244444
64.5 0.5827168316844444
65.0 0.5390172888444444
65.5 0.5482055722044444
66.0 0.5441196919688889
66.5 0.5932727465288888
67.0 0.6295494553377777
67.5 0.7723913235955555
68.0 0.6405069306933333
68.5 0.40094345434533335
69.0 0.6254401582577778
69.5 0.5216437389777778
70.0 0.472352536351111
70.5 0.5152950495066667
71.0 0.5360186480177778
71.5 0.6296046690888889
72.0 0.5935908129333333
72.5 0.8490009930488888
73.0 0.5480418456133334
73.5 0.6694019802
74.0 0.4314015401542222
74.5 0.53938370952
75.0 0.36608724608711113
75.5 0.4864
76.0 0.35435170603688887
76.5 0.46161838161777785
77.0 0.3526997446995556
77.5 0.4170528414755555
78.0 0.29241622574977777
78.5 0.39479339933999996
79.0 0.4227621851488889
79.5 0.11249708737866666
80.0 0.16955195424222225
80.5 0.27931881188133334
81.0 0.24618060827599997
81.5 0.74163960396
82.0 0.6539851851866667
82.5 0.5830116550133333
83.0 0.7685024533866667
83.5 0.6795969196933332
84.0 0.6290349650355556
84.5 0.6282590167333334
85.0 0.79203996004
85.5 0.5959717813066666
86.0 0.6594387912444445
86.5 0.7351102873022222
87.0 0.7875271678844444
87.5 0.6588007548
88.0 0.7136642654444444
88.5 0.6757282237644445
89.0 0.6201455865066666
89.5 0.6424650545866667
90.0 0.6480501153955556
90.5 0.5827203140355556
91.0 0.5278017699111112
91.5 0.6123538850444444
92.0 0.41403099906622226
92.5 0.4846286868666667
93.0 0.4200350579586667
93.5 0.3997148514853333
94.0 0.5379781029822223
94.5 0.272111888112
95.0 0.17591718973688888
95.5 0.38387212787200004
96.0 0.20145798920844446
96.5 0.16519245283022221
97.0 0.19224827586222223
97.5 0.5050754675466667
98.0 0.5393742574266666
98.5 0.5035441144133334
99.0 0.5245490196088889
99.5 0.32903529411777777
100.0 0.1163250793648889
100.5 0.25052672497555556
101.0 0.16055922330088887
101.5 0.10197064989511112
102.0 0.2897866577866666
102.5 0.5279383327822222
103.0 0.6308752475244445
103.5 0.41867633805911114
104.0 0.4925448739111111
104.5 0.42296677667777777
105.0 0.40974620976133336
105.5 0.5201108910888889
106.0 0.36280762030622227
106.5 0.5056633663377778
107.0 0.3810660450662222
107.5 0.5206263627333334
108.0 0.5249267326711111
108.5 0.3783174603173334
109.0 0.4425050505048889
109.5 0.4295340501791111
110.0 0.5193010220888888
110.5 0.42860317460311115
111.0 0.3405217391302222
111.5 0.3779734561808889
112.0 0.44206582725866667
112.5 0.33744301288399997
113.0 0.12348235294133335
113.5 0.20028235294133334
114.0 0.17626480836222225
114.5 0.11251021049333333
115.0 0.19353846153866666
115.5 0.13223382873333334
116.0 0.19527913810000003
116.5 0.1728007483631111
117.0 0.30460437375733335
117.5 0.10094870719777778
118.0 0.23116039603955554
118.5 0.2332387612386667
119.0 0.19320030531022223
119.5 0.262274509804
120.0 0.32715331355111116
120.5 0.20163418125777777
121.0 0.13484356435644443
121.5 0.16213333333333332
122.0 0.11079522497688889
122.5 0.12278058252444445
123.0 0.1216
123.5 0.10113267326711112
124.0 0.1328376068377778
124.5 0.5136453159022223
125.0 0.12039603960400001
125.5 0.24079207920800003
126.0 0.24896131687244447
126.5 0.1667657142857778
127.0 0.12389433962266667
127.5 0.13145829368844444
128.0 0.152119025008
128.5 0.11255345911955557
129.0 0.17216617210666668
129.5 0.12230823006044445
130.0 0.11430623571644445
130.5 0.1262769230768889
131.0 0.20306019417466667
131.5 0.17257115839244447
132.0 0.13694757281555556
132.5 0.1748960155488889
133.0 0.1311968031968889
133.5 0.18190084190844447
134.0 0.19444660194177776
134.5 0.11065479723066667
135.0 0.11794374393777779
135.5 0.1054745621351111
136.0 0.11661938061955555
136.5 0.10299133782488888
137.0 0.12398431372533335
137.5 0.12750291262133331
138.0 0.1890492374728889
138.5 0.12875294117644445
139.0 0.19150099009911112
139.5 0.1327792880257778
140.0 0.20028235294133334
140.5 0.39671486206533335
141.0 0.13637383177555554
141.5 0.2672527472528889
142.0 0.2699544103071111
142.5 0.2230354235422222
143.0 0.3274772277226667
143.5 0.2775130492235555
144.0 0.41302697302711117
144.5 0.41222266226622223
145.0 0.44453167593333337
145.5 0.5638949494933333
146.0 0.6453227722755556
146.5 0.4460513159333334
147.0 0.4093465346533333
147.5 0.3304215784217778
148.0 0.1900917107582222
148.5 0.48158415841777774
149.0 0.3997148514853333
149.5 0.3044893289328889
150.0 0.2102593659942222
150.5 0.18800396432088887
151.0 0.24079207920800003
151.5 0.154392079208
152.0 0.17440637450177776
152.5 0.13158647342977778
153.0 0.13002772277244445
153.5 0.12862683643466669
154.0 0.18203174603155559
154.5 0.1238628795297778
155.0 0.130675783476
155.5 0.12410598626088888
156.0 0.1491434223542222
156.5 0.14782745098044445
157.0 0.12278058252444445
157.5 0.38612560386488887
158.0 0.10123290386533333
158.5 0.10690109890088889
159.0 0.1136448598128889
159.5 0.18583529411777777
160.0 0.11581963322533333
160.5 0.13002772277244445
161.0 0.1945383867831111
161.5 0.1896372453928889
162.0 0.12033839080444446
162.5 0.12752518447244446
163.0 0.11465976267511112
163.5 0.1263376623377778
164.0 0.11591992373688888
164.5 0.10490980392177779
165.0 0.10866913580266667
165.5 0.12027695351155555
166.0 0.1682507015902222
166.5 0.18886153846133333
167.0 0.1795076923075556
167.5 0.11685079365066668
168.0 0.11390730158711111
168.5 0.18583529411777777
169.0 0.11558019801999998
169.5 0.15123361344533334
170.0 0.16184761904755557
170.5 0.16528155339822223
171.0 0.1492910891088889
171.5 0.12781362007155556
172.0 0.14966153846133334
172.5 0.12039603960400001
173.0 0.1365606837608889
173.5 0.1907450980391111
174.0 0.17643921568622223
174.5 0.14892849284933335
175.0 0.23597623762355557
175.5 0.19971349862266666
176.0 0.2575344655346667
176.5 0.2699544103071111
177.0 0.2096732026142222
177.5 0.25972815534
178.0 0.2552396039604445
178.5 0.20226534653466666
179.0 0.21671287128711111
179.5 0.1804185544768889
180.0 0.1828209693373333
180.5 0.18615897939155557
181.0 0.14476190476177778
181.5 0.12750291262133331
182.0 0.19353846153866666
182.5 0.10191238095244444
183.0 0.11811282051288889
183.5 0.3495242105262222
184.0 0.5961743589733334
184.5 0.5716272904488889
185.0 0.7726033966044444
185.5 0.5378191829111111
186.0 0.57043080308
186.5 0.6106816429911112
187.0 0.6273654565466666
187.5 0.7897980198
188.0 0.5894372294355555
188.5 0.59307803308
189.0 0.59177932252
189.5 0.57432291052
190.0 0.5838135501333334
190.5 0.5330440677955556
191.0 0.61512166172
191.5 0.5924950996577778
192.0 0.4738921892177777
192.5 0.5100030892799999
193.0 0.8066031746044445
193.5 0.624473015871111
194.0 0.8616413641377778
194.5 0.7567172717288888
195.0 0.5833434543466666
195.5 0.6289742574266667
196.0 0.6790472388577777
196.5 0.5181090303777778
197.0 0.7744809680977777
197.5 0.7688205128222223
198.0 0.8026534522622222
198.5 0.6145433640577778
199.0 0.8335437677377778
199.5 0.8116868120444445
200.0 0.7549523175866667
200.5 0.7846137566133332
201.0 0.7829861386133333
201.5 0.7739875695111111
202.0 0.6162222222222222
202.5 0.7337822133511112
203.0 0.7205665445644445
203.5 0.4896487740222222
204.0 0.6457227177644445
204.5 0.42149024365599996
205.0 0.4964741924755556
205.5 0.5352714596933333
206.0 0.5826448637333334
206.5 0.5418879125155556
207.0 0.4993836988888889
207.5 0.3436781158
208.0 0.1758535947711111
208.5 0.28895049504933334
209.0 0.5560177777777777
209.5 0.7971548451555556
210.0 0.8187439227422222
210.5 0.6686503107599999
211.0 0.70308003108
211.5 0.65718990704
212.0 0.6990172642755555
212.5 0.7268631717777777
213.0 0.7298763458755556
213.5 0.7253892712755555
214.0 0.7228540348533333
214.5 0.6316172716177778
215.0 0.5663636760533334
215.5 0.5013439048577778
216.0 0.3463594183595556
216.5 0.5010723104044444
217.0 0.6427172827155555
217.5 0.66042418236
218.0 0.5578951533155555
218.5 0.6992369636977777
219.0 0.7640184818488889
219.5 0.8998451641022224
220.0 0.8484670884666667
220.5 0.6273576551288889
221.0 0.5793614396933334
221.5 0.5102097902088889
222.0 0.6406131483333334
222.5 0.5983825708044445
223.0 0.554496151568889
223.5 0.6723753873377777
224.0 0.36805677533822223
224.5 0.7165801123244444
225.0 0.6276636165555555
225.5 0.6677890100222222
226.0 0.6651162171155555
226.5 0.6854572289777777
227.0 0.9086593406577778
227.5 0.64856998128
228.0 0.6701518151822222
228.5 0.6634420242044444
229.0 0.4632829571466666
229.5 0.5888668866888889
230.0 0.6522261826177778
230.5 0.49683432343111106
231.0 0.5152950495066667
231.5 0.1319357653391111
232.0 0.4030433145008889
232.5 0.4873783932311111
233.0 0.5206704406711111
233.5 0.4363139329804444
234.0 0.5844573204577778
234.5 0.6552878232888889
235.0 0.5434285714266667
235.5 0.60653803504
236.0 0.6733333333333333
236.5 0.6972906067600001
237.0 0.6471999112000001
237.5 0.4319866555462222
238.0 0.5061645193244445
238.5 0.46033255633333336
239.0 0.5574477447733334
239.5 0.5211464091466667
240.0 0.6277001763688889
240.5 0.5513959775777778
241.0 0.5807994714222222
241.5 0.22563749055155555
242.0 0.36437630662000003
242.5 0.29259748792266665
243.0 0.7127445544533333
243.5 0.56640597868
244.0 0.5741041735511111
244.5 0.6004312431244444
245.0 0.5686486486488889
245.5 0.5845129556444444
246.0 0.8021093474444444
246.5 0.6778123752488888
247.0 0.5750017636666668
247.5 0.8324009758266667
248.0 0.4506737213422222
248.5 0.3944343234324444
249.0 0.32792511837911115
249.5 0.3790129870128889
250.0 0.1906539196942222
250.5 0.145944607364
251.0 0.30042352941155553
251.5 0.31432072072088885
252.0 0.37672156862755557
252.5 0.3130297029702222
253.0 0.6278159722222222
253.5 0.8131517323777778
254.0 0.9583524752488889
254.5 0.7895671137288889
255.0 0.9038001997999999
255.5 0.8139725244533333
256.0 0.8113855302266667
256.5 0.8258499449955555
257.0 0.7665223665244444
257.5 0.7875150313822222
258.0 0.6468623258844445
258.5 0.6303165824177778
259.0 0.5155171736977777
259.5 0.21692765113955556
260.0 0.2745866578746667
260.5 0.4093465346533333
261.0 0.41981928309022226
261.5 0.2745029702968889
262.0 0.1976451932604444
262.5 0.18999074930622223
263.0 0.12478765247688889
263.5 0.23093175074177777
264.0 0.15765109628222224
264.5 0.1041115468408889
265.0 0.13484356435644443
265.5 0.179788211788
266.0 0.16071525753155555
266.5 0.1382901960782222
267.0 0.1338715596328889
267.5 0.1780075471697778
268.0 0.11611524461733334
268.5 0.5722352941155556
269.0 0.13355535872444443
269.5 0.3695948220066667
270.0 0.310364905284
270.5 0.298375851996
271.0 0.28895049504933334
271.5 0.15615447680711111
272.0 0.1216
272.5 0.17411809523822225
273.0 0.2718117647057778
273.5 0.5488236208222222
274.0 0.8987072023155557
274.5 1.0485269461066669
275.0 0.7127689594355555
275.5 0.7333245324533334
276.0 0.895651351631111
276.5 0.9535366336622223
277.0 0.6425653562400001
277.5 0.8106666666666666
278.0 0.5898694885377778
278.5 0.8909306930711112
279.0 0.75128071928
279.5 0.772592740591111
280.0 0.6075202354666667
280.5 0.8447915427822221
281.0 1.129622377622222
281.5 0.9434085914088889
282.0 0.9334629814622222
282.5 0.8141240411999999
283.0 0.8778233397822223
283.5 0.8750988505733334
284.0 0.995488067488889
284.5 0.9408395061733335
285.0 0.9318929958933334
285.5 0.88686268032
286.0 0.6779815739822221
286.5 0.7675392156844444
287.0 0.8899438339422221
287.5 0.3076630327057778
288.0 0.49586974697333336
288.5 0.6260594059422223
289.0 0.8075128289822223
289.5 0.7633468753466667
290.0 0.6646354235422223
290.5 0.7097433213377777
291.0 0.6160686468666666
291.5 0.7134509415244444
292.0 0.15669668502311113
292.5 0.7580259740266667
293.0 0.7224790221333334
293.5 0.7007398615244443
294.0 0.5654002200222222
294.5 0.7130253752311111
295.0 0.6122180376622223
295.5 0.5407119912
296.0 0.7636247198222222
296.5 0.7979279814977778
297.0 0.8740024420044444
297.5 0.7326596119911111
298.0 0.6062590038311111
298.5 0.8114765234755555
299.0 0.5607030858133333
299.5 0.7712026251022223
300.0 0.8549018573466666
300.5 0.9005950886444444
301.0 0.6721669441688888
301.5 0.9298683538666667
302.0 0.8496902887155556
302.5 0.8453386560222222
303.0 0.5881683701511111
303.5 0.7230921704666667
304.0 0.5309922992311111
304.5 0.7105254901955557
305.0 0.35756954156933335
305.5 0.483233932688889
306.0 0.6927808764933334
306.5 0.5730376290355556
307.0 0.7524151696622222
307.5 0.5408959435644445
308.0 0.7327333994044444
308.5 0.4960316831688889
309.0 0.42088845273155556
309.5 0.41624615384622216
310.0 0.15901538461555556
310.5 0.13222524271866667
311.0 0.1802796116506667
311.5 0.19916893203866667
312.0 0.130828049952
312.5 0.15425966303288888
313.0 0.18016332786
313.5 0.35814527363200005
314.0 0.37118731417244444
314.5 0.3874499449946667
315.0 0.46601197604888883
315.5 0.3366631393297778
316.0 0.408167832168
316.5 0.21249044704133332
317.0 0.23116039603955554
317.5 0.340912142152
318.0 0.41366579177600005
318.5 0.46713663366222224
319.0 0.3423436743675556
319.5 0.3572225865208889
320.0 0.3011047619048889
320.5 0.12278058252444445
321.0 0.12410598626088888
321.5 0.1462502424831111
322.0 0.17667326732666666
322.5 0.13002772277244445
323.0 0.8147446855155556
323.5 0.3079090009893333
324.0 0.3357682539684444
324.5 0.4526891089111111
325.0 0.3873815073813333
325.5 0.5252743089955555
326.0 0.5052602262844444
326.5 0.5580850642933333
327.0 0.4891267481555555
327.5 0.5517817697955556
328.0 0.5046598974933334
328.5 0.5631533501555556
329.0 0.45750495049333334
329.5 0.3127200791297778
330.0 0.24156655665555557
330.5 0.27685181550533333
331.0 0.20028235294133334
331.5 0.1878178217822222
332.0 0.16262358500933333
332.5 0.25500582524266663
333.0 0.2052522080471111
333.5 0.1887099903008889
334.0 0.11766764609866666
334.5 0.13721400778222223
335.0 0.11373763440844446
335.5 0.10643326039377778
336.0 0.1872672332391111
336.5 0.17273271028044446
337.0 0.12372238514177779
337.5 0.18608849557511112
338.0 0.11857163606177777
338.5 0.37081980198
339.0 0.3760079286422222
339.5 0.3905569985568889
340.0 0.6838495049511111
340.5 0.52167040704
341.0 0.2765803921568889
341.5 0.17066666666666666
342.0 0.40143072155822224
342.5 0.9448404360755555
343.0 0.8710649811466666
343.5 1.0085079365066665
344.0 1.2810442890444445
344.5 1.3576237623777778
345.0 0.9521811007288888
345.5 1.2666941946933334
346.0 1.304189144191111
346.5 1.2236734337466666
347.0 1.1029645909644443
347.5 0.9472179636088889
348.0 1.2149628149644445
348.5 1.1643751803733333
349.0 1.255508935511111
349.5 1.0895780274666667
350.0 1.4980787678755556
350.5 0.9556505454177778
351.0 0.9199398620133334
351.5 0.7833137090000001
352.0 0.7017429951688888
352.5 0.6887292133644444
353.0 0.6586160506177777
353.5 0.6293087699111112
354.0 0.7143948257555555
354.5 0.901454905848889
355.0 0.6967468087466666
355.5 0.7038978086133333
356.0 0.7383093509333333
356.5 0.6782521452133333
357.0 0.6169901209911112
357.5 0.6164277227733334
358.0 0.5779677039866667
358.5 0.7531668331688889
359.0 0.64438447972
359.5 0.7090376237644445
360.0 0.9086593406577778
360.5 0.8621351981333333
361.0 0.8583061383066667
361.5 0.8535171195066668
362.0 0.6376730473066667
362.5 0.6899980019999999
363.0 0.5344365393066667
363.5 0.6111036080755555
364.0 0.9627537091999999
364.5 1.4334735272177779
365.0 1.5057548273199999
365.5 1.4358086358088888
366.0 1.3618772338755554
366.5 1.5350160950177776
367.0 1.142617283951111
367.5 1.2099297030755556
368.0 1.2166448629022224
368.5 1.3863754023733332
369.0 1.4895151918399998
369.5 1.6403604549422222
370.0 1.0125588558844445
370.5 0.9187696369644445
371.0 0.9351992071377778
371.5 0.8507829947822222
372.0 1.4183825063822224
372.5 1.6147266067244443
373.0 1.3728148148133335
373.5 1.332611409262222
374.0 2.0501771592666667
374.5 1.78294041868
375.0 2.1949148514844445
375.5 1.7183685349066666
376.0 1.9889870129866667
376.5 1.6282957801022222
377.0 2.059703851702222
377.5 1.6061228808977779
378.0 2.14375846376
378.5 1.7234682766666667
379.0 1.7205123765111112
379.5 2.006636918635556
380.0 2.426469530471111
380.5 1.6890371841555556
381.0 2.0547598137066667
381.5 1.4922233234222224
382.0 1.2650624380577777
382.5 1.4155835275822222
383.0 1.2874414474400002
383.5 1.1821255082977777
384.0 1.19103659348
384.5 0.873107638888889
385.0 0.9461202854222223
385.5 1.0932339764933332
386.0 0.9784055999199999
386.5 0.975712574848889
387.0 0.8782222222222221
387.5 0.5319463146311111
388.0 0.5104792079199999
388.5 0.6740737786622222
389.0 0.9523916083911111
389.5 0.88884997236
390.0 1.0981658341644445
390.5 0.5113398261600001
391.0 1.0771320754711111
391.5 0.6390600660044444
392.0 0.6341483499866666
392.5 0.7423746283466667
393.0 0.5612673267333333
393.5 0.7702948207155557
394.0 0.7999434504088888
394.5 0.8782997467244443
395.0 0.9053782178222222
395.5 0.20717037037022223
396.0 0.53455841584
396.5 0.5507344334444445
397.0 0.6501386138622222
397.5 0.4630608963777778
398.0 0.4996283716266667
398.5 0.7553367521377777
399.0 0.8640638722533334
399.5 0.6980811287466667
400.0 0.9280959040977778
400.5 0.8392459525377777
401.0 0.8314599156133333
401.5 0.8883353293422221
402.0 0.86113758524
402.5 1.3147247524755556
403.0 0.4319117839453333
403.5 0.8406313686311111
404.0 0.7279127849377778
404.5 0.3938957095711111
405.0 0.173977186312
405.5 0.3532247301275555
406.0 1.282247479782222
406.5 0.4675996035688889
407.0 0.5543706640222222
407.5 0.29900462046222226
408.0 0.4630197926488889
408.5 0.4178861138862222
409.0 0.500768564768889
409.5 0.6369523809511112
410.0 0.6212435643555555
410.5 0.6155581958177777
411.0 0.7271920792088888
411.5 0.6997162837155556
412.0 0.5818117621111111
412.5 0.7774625374622223
413.0 0.5277852585244445
413.5 0.7368237623777779
414.0 0.6217077414400001
414.5 0.7726033966044444
415.0 0.6721585728444445
415.5 0.6302512364
416.0 0.3904697720515556
416.5 0.41904158415822224
417.0 0.5097005988044444
417.5 0.3904697720515556
418.0 0.32458488714444445
418.5 0.24094743845644442
419.0 0.3201257367386667
419.5 0.5233721618933334
420.0 0.4738290258444445
420.5 0.384531047368
421.0 0.6073974231911111
421.5 0.6670733710755555
422.0 0.674886025768889
422.5 0.2964075924075556
423.0 0.13061057551866667
423.5 0.12333462783155556
424.0 0.1780098911968889
424.5 0.23621010901866665
425.0 0.28611764705866666
425.5 0.4382415841582223
426.0 0.29942781632
426.5 2.371260739262222
427.0 0.394471268128
427.5 0.7628851148844444
428.0 0.60257680872
428.5 0.4805748502977778
429.0 0.6879311486266667
429.5 0.6008470588222222
430.0 0.5923485148533333
430.5 0.4915996112711112
431.0 0.1929430999248889
431.5 0.5757555118977778
432.0 0.5393742574266666
432.5 0.5634534653466666
433.0 0.6886653465333333
433.5 0.56851948052
434.0 0.47773034694666666
434.5 0.5856159204000001
435.0 0.41302697302711117
435.5 0.3436781158
436.0 0.3644355644355555
436.5 0.4573346547733333
437.0 0.6218592665999999
437.5 0.380075173096
438.0 0.3181605550048889
438.5 0.3207032967031111
439.0 0.3522539682537778
439.5 1.5514999283155555
440.0 0.4382415841582223
440.5 0.36600396039599997
441.0 0.4859188921866666
441.5 0.5066666666666666
442.0 0.4244078431373333
442.5 0.299802615672
443.0 0.3734266277937777
443.5 0.5442237762222222
444.0 0.7774625374622223
444.5 0.5775756397777778
445.0 0.44348235294133337
445.5 0.31981157998044446
446.0 0.24083883495155556
446.5 0.3440495137048889
447.0 0.6031746031733333
447.5 0.32852183106044447
448.0 0.23866535819422222
448.5 0.17164031007733332
449.0 0.11603976143155557
449.5 0.31721739130444443
450.0 0.728871128871111
450.5 0.6747465069866666
451.0 0.5598483245155556
451.5 0.8106666666666666
452.0 0.7312838773511111
452.5 0.5423759853155555
453.0 0.5195964391688889
453.5 0.36012307692311113
454.0 0.3007183513248889
454.5 0.2118970297031111
455.0 0.2288941176471111
455.5 0.3525328109697778
456.0 0.5584769381733333
456.5 0.5043689892044444
457.0 0.7726033966044444
457.5 0.7464554455466668
458.0 0.5832943508444445
458.5 2.340897603484444
459.0 0.4244078431373333
459.5 0.6116118811866667
460.0 0.707928712871111
460.5 0.6256241054622222
461.0 0.6639287833822222
461.5 0.7431111111111112
462.0 0.59438505408
462.5 0.7094345654355556
463.0 0.7471952428133334
463.5 0.7223762376222221
464.0 0.5035237784311111
464.5 0.40011100099111113
465.0 0.3481098039217778
465.5 2.3523039540533333
466.0 0.7774625374622223
466.5 0.5648304209244445
467.0 0.7720634920622222
467.5 0.7457171117688889
468.0 0.46369664903111113
468.5 0.3170116731515556
469.0 0.27102885572133334
469.5 0.29652704031466665
470.0 0.6754205794222222
470.5 0.1132003701328889
471.0 2.6710943396222224
471.5 0.5092259625955556
472.0 0.7823216783199999
472.5 0.8291456888000001
473.0 0.6866904290444444
473.5 0.5302675916755556
474.0 0.5489303238488888
474.5 0.38045148514844446
475.0 0.38873126873111113
475.5 0.3001664646466667
476.0 0.2699544103071111
476.5 0.5733786213777778
477.0 0.8138772277244445
477.5 0.7857601585733334
478.0 0.6049381729377779
478.5 0.7068950914355555
479.0 0.6462657342666667
479.5 0.5693968253955556
480.0 0.6511248751244445
480.5 0.6295019022533334
481.0 0.7045754245733332
481.5 0.19298352010533334
482.0 2.311603960395556
482.5 0.4286099009902222
483.0 0.11687569892488887
483.5 0.39747630147644447
484.0 0.4434965312191111
484.5 0.37415384615377784
485.0 0.17643921568622223
485.5 0.2925004849662222
486.0 0.294057482656
486.5 0.23597623762355557
487.0 0.19055827620000002
487.5 0.2816251226693333
488.0 0.37672156862755557
488.5 0.5152950495066667
489.0 0.5296482939644445
489.5 0.6941636726533335
490.0 0.6948571428577778
490.5 0.66042418236
491.0 0.621970029968889
491.5 0.521700176368889
492.0 0.6597702970311111
492.5 0.6819137254888888
493.0 0.5806011001111111
493.5 0.6676078431377778
494.0 0.5623269526933333
494.5 0.5828196721333333
495.0 0.6838495049511111
495.5 0.5749805749822222
496.0 0.7712983151644445
496.5 0.5811995599555556
497.0 0.7183279374533332
497.5 0.7662734734755555
498.0 0.6982970297022222
498.5 0.3737914326617778
499.0 0.49077322677333335
499.5 0.4431700770075555
500.0 0.6645861386133334
500.5 0.5434940573555556
501.0 0.6754205794222222
501.5 0.7471952428133334
502.0 0.38676699669955555
502.5 0.7320079207911111
503.0 0.507179084968889
503.5 0.6597702970311111
504.0 0.5784737363733333
504.5 0.5053826173822221
505.0 0.5399088206133333
505.5 0.39844955044933333
506.0 0.4119656765675556
506.5 0.44831714568888886
507.0 0.5244075173111111
507.5 0.6253020592444445
508.0 0.728871128871111
508.5 0.6295535575555556
509.0 0.7486792452844444
509.5 0.6025639351377777
510.0 0.7191528471511112
510.5 0.5730102597688889
511.0 0.5893994490355555
511.5 0.8042455445555556
512.0 0.6877140637155555
512.5 0.7471952428133334
513.0 0.6335331133111112
513.5 0.5572347652355555
514.0 0.6363211100088889
514.5 0.6049051544133334
515.0 0.5784737363733333
515.5 0.728871128871111
516.0 0.5299766655777777
516.5 0.7657188118800001
517.0 0.5802666666666667
517.5 0.5875326732666667
518.0 0.5994596259644445
518.5 0.6827405940577779
519.0 0.6693115009733334
519.5 0.7994297029688888
520.0 0.707928712871111
520.5 0.47776457645777776
521.0 0.8042455445555556
521.5 0.6270280830266667
522.0 0.8211948051955557
522.5 0.586017478151111
523.0 0.7823216783199999
523.5 0.5841612157244445
524.0 0.6742178217822222
524.5 0.5965736894177779
525.0 0.6989890981155557
525.5 0.5511111111111111
526.0 0.71756039604
526.5 0.8138772277244445
527.0 0.6757828837822223
527.5 0.7086303270577777
528.0 0.5308266666666667
528.5 0.707928712871111
529.0 0.6645861386133334
529.5 0.54545038504
530.0 0.7031128712888889
530.5 0.4487412997911111
531.0 0.6899980019999999
531.5 0.6680353393599999
532.0 0.7223762376222221
532.5 0.7560871287111112
533.0 0.7268984749466667
533.5 0.6661504239599999
534.0 0.7536149505022222
534.5 0.9815464535466667
535.0 0.7461028521066667
535.5 0.9397806788533334
536.0 0.616248888888889
536.5 0.5320924444444445
537.0 0.6068302222222222
537.5 0.5899946666666667
538.0 0.6300266666666666
538.5 0.5987093333333334
539.0 0.5912071111111111
539.5 0.6108835555555555
540.0 0.5521848888888888
540.5 0.5950542222222223
541.0 0.5936959999999999
541.5 0.6386275555555555
542.0 0.5983964444444444
542.5 0.6242204444444445
543.0 0.5929813333333334
543.5 0.5290488888888889
544.0 0.6266346666666667
544.5 0.558695111111111
545.0 0.5991928888888889
545.5 0.5887751111111111
546.0 0.6107093333333333
546.5 0.5431288888888889
547.0 0.6136426666666667
547.5 0.5444053333333333
548.0 0.6249031111111111
548.5 0.5550862222222223
549.0 0.6025813333333333
549.5 0.5980871111111111
550.0 0.5997084444444445
550.5 0.6297742222222222
551.0 0.6049813333333333
551.5 0.6130951111111111
552.0 0.5628408888888888
552.5 0.39325866666666665
553.0 0.621632
553.5 0.5764124444444445
554.0 0.5991608888888889
554.5 0.5767431111111111
555.0 0.6138275555555556
555.5 0.5582897777777778
556.0 0.37410488888888893
556.5 0.5341795555555556
557.0 0.5525653333333332
557.5 0.6315911111111111
558.0 0.612896
558.5 0.595783111111111
559.0 0.5596195555555555
559.5 0.5768177777777778
560.0 0.6026453333333334
560.5 0.5562275555555555
561.0 0.5788266666666667
561.5 0.4092302222222222
562.0 0.5370488888888889
562.5 0.4862151111111111
563.0 0.6141439999999999
563.5 0.6114062222222222
564.0 0.5956764444444443
564.5 0.5978062222222222
565.0 0.600472888888889
565.5 0.5424213333333333
566.0 0.5531626666666666
566.5 0.5483591111111111
567.0 0.6247573333333334
567.5 0.619800888888889
568.0 0.5892693333333333
568.5 0.6161706666666668
569.0 0.6123733333333333
569.5 0.5811235555555555
570.0 0.5908444444444444
570.5 0.5970275555555556
571.0 0.5731804444444444
571.5 0.64976
572.0 0.6153884444444445
572.5 0.6032213333333333
573.0 0.6455857777777778
573.5 0.6280711111111111
574.0 0.5619235555555555
574.5 0.6252195555555555
575.0 0.5447004444444444
575.5 0.5637582222222223
576.0 0.6175893333333333
576.5 0.6036337777777778
577.0 0.6086257777777778
577.5 0.6023644444444445
578.0 0.6171093333333333
578.5 0.4976817777777777
579.0 0.595072
579.5 0.49169066666666666
580.0 0.5988408888888889
580.5 0.5860302222222222
581.0 0.5890382222222222
581.5 0.6443946666666667
582.0 0.5742008888888889
582.5 0.5965582222222222
583.0 0.6086186666666666
583.5 0.5882275555555555
584.0 0.6227484444444444
584.5 0.5682951111111111
585.0 0.5954560000000001
585.5 0.5917617777777778
586.0 0.6387982222222222
586.5 0.6139591111111111
587.0 0.5913635555555555
587.5 0.5413155555555555
588.0 0.6039786666666667
588.5 0.5979591111111111
589.0 0.6229155555555556
589.5 0.5764942222222222
590.0 0.6398328888888889
590.5 0.6058382222222222
591.0 0.6286222222222223
591.5 0.5954168888888889
592.0 0.5979448888888889
592.5 0.5890417777777778
593.0 0.6106062222222223
593.5 0.5123840000000001
594.0 0.6072888888888889
594.5 0.388608
595.0 0.577312
595.5 0.6092373333333333
596.0 0.628696888888889
596.5 0.5711822222222223
597.0 0.617216
597.5 0.60832
598.0 0.5580693333333334
598.5 0.6304924444444445
599.0 0.6300586666666667
599.5 0.608064
600.0 0.5950328888888888
600.5 0.6099022222222222
601.0 0.6315342222222222
601.5 0.5640106666666667
602.0 0.6046613333333333
602.5 0.6061617777777778
603.0 0.6111928888888889
603.5 0.5809493333333334
604.0 0.5689955555555556
604.5 0.6672675555555556
605.0 0.5433066666666667
605.5 0.6017315555555556
606.0 0.6001955555555556
606.5 0.5601742222222222
607.0 0.6109724444444444
607.5 0.5865777777777778
608.0 0.5982506666666666
608.5 0.6101297777777778
609.0 0.5819057777777777
609.5 0.6431822222222222
610.0 0.5663146666666666
610.5 0.6162666666666666
611.0 0.6293653333333333
611.5 0.6225991111111112
612.0 0.3615715555555556
612.5 0.597048888888889
613.0 0.5997475555555555
613.5 0.5589368888888889
614.0 0.5784284444444444
614.5 0.565728
615.0 0.6118826666666667
615.5 0.4957155555555555
616.0 0.5995804444444445
616.5 0.563936
617.0 0.6035555555555556
617.5 0.5633066666666666
618.0 0.6098346666666666
618.5 0.20512711111111112
619.0 0.5440782222222221
619.5 0.5702897777777778
620.0 0.5784782222222222
620.5 0.4535146666666667
621.0 0.6199324444444445
621.5 0.5605546666666666
622.0 0.4648604444444444
622.5 0.6128
623.0 0.6067199999999999
623.5 0.6045226666666667
624.0 0.6110186666666667
624.5 0.6261617777777777
625.0 0.6142755555555556
625.5 0.5630151111111111
626.0 0.5851093333333334
626.5 0.5778986666666667
627.0 0.5309013333333333
627.5 0.601319111111111
628.0 0.5399431111111112
628.5 0.6101297777777778
629.0 0.597048888888889
629.5 0.6627804444444444
630.0 0.6414826666666666
630.5 0.5896
631.0 0.5995164444444445
631.5 0.5979235555555557
632.0 0.5781333333333333
632.5 0.5953173333333334
633.0 0.6236622222222222
633.5 0.655936
634.0 0.6155626666666667
634.5 0.6499342222222223
635.0 0.6550826666666666
635.5 0.5640995555555556
636.0 0.6375964444444445
636.5 0.5970417777777778
637.0 0.47773155555555563
637.5 0.6031715555555556
638.0 0.6043057777777777
638.5 0.5734044444444445
639.0 0.5962595555555555
639.5 0.588576
640.0 0.6103466666666667
640.5 0.5595057777777778
641.0 0.5562204444444444
641.5 0.6339271111111111
642.0 0.6099804444444444
642.5 0.47966577777777775
643.0 0.5084906666666666
643.5 0.526272
644.0 0.5227022222222223
644.5 0.5855928888888889
645.0 0.6052657777777778
645.5 0.5751893333333333
646.0 0.6043306666666667
646.5 0.5202986666666666
647.0 0.5970986666666667
647.5 0.6221226666666666
648.0 0.5850062222222222
648.5 0.4836835555555555
649.0 0.5593777777777778
649.5 0.5804551111111111
650.0 0.6004373333333334
650.5 0.5944106666666666
651.0 0.624672
651.5 0.565479111111111
652.0 0.5805724444444443
652.5 0.5693013333333333
653.0 0.6065528888888888
653.5 0.6215040000000001
654.0 0.6152960000000001
654.5 0.6010168888888888
655.0 0.6068231111111111
655.5 0.5873208888888889
656.0 0.5924871111111111
656.5 0.6072248888888888
657.0 0.5717368888888889
657.5 0.5468124444444445
658.0 0.5542684444444445
658.5 0.5695324444444444
659.0 0.6152035555555556
659.5 0.6204088888888889
660.0 0.4841386666666667
660.5 0.5661617777777778
661.0 0.6117866666666666
661.5 0.6178951111111111
662.0 0.5528248888888889
662.5 0.5417671111111112
663.0 0.5617279999999999
663.5 0.600903111111111
664.0 0.5965226666666666
664.5 0.6219199999999999
665.0 0.5778737777777778
665.5 0.6392995555555555
666.0 0.6248355555555556
666.5 0.6142826666666666
667.0 0.5841386666666667
667.5 0.590368
668.0 0.5849706666666666
668.5 0.20029866666666665
669.0 0.5217777777777778
669.5 0.6161244444444444
670.0 0.6036515555555556
670.5 0.5653368888888889
671.0 0.6105848888888888
671.5 0.5874382222222222
672.0 0.613888
672.5 0.6190506666666667
673.0 0.5965866666666667
673.5 0.5801386666666667
674.0 0.6179697777777777
674.5 0.6161920000000001
675.0 0.5855608888888889
675.5 0.591808
676.0 0.6070328888888888
676.5 0.5942542222222222
677.0 0.6219626666666667
677.5 0.5489173333333334
678.0 0.5997297777777778
678.5 0.6041884444444444
679.0 0.5506204444444445
679.5 0.5819946666666667
680.0 0.6107626666666667
680.5 0.6227591111111112
681.0 0.5925404444444444
681.5 0.6258773333333333
682.0 0.6135715555555555
682.5 0.55712
683.0 0.6038364444444445
683.5 0.5790115555555555
684.0 0.6032355555555556
684.5 0.4696853333333333
685.0 0.5719893333333333
685.5 0.6104924444444444
686.0 0.6014222222222222
686.5 0.39254755555555554
687.0 0.606208
687.5 0.6074808888888888
688.0 0.5821155555555556
688.5 0.5833137777777778
689.0 1.3433783993777777
689.5 0.9918959185822221
690.0 0.70743833944
690.5 0.5522380805288888
691.0 1.1860530580533333
691.5 1.0220231252044445
692.0 0.9905188145200001
692.5 1.4982493062488889
693.0 1.50318336484
693.5 1.4434613455466667
694.0 1.4436123876133333
694.5 1.3968015952133335
695.0 1.9590507270488888
695.5 1.4358323935866666
696.0 1.4000790320799998
696.5 1.5039830526444444
697.0 1.8747800857244445
697.5 1.5039225522533333
698.0 1.4839794871777778
698.5 1.8534309368177777
699.0 1.495968919968889
699.5 1.445968507431111
700.0 1.4700927384088889
700.5 1.6081742574266666
701.0 1.47819811676
701.5 1.700854828662222
702.0 0.6883146626844444
702.5 1.2424943944933333
703.0 1.2371952535066668
703.5 1.37764056168
704.0 1.69094274096
704.5 1.2278565878577778
705.0 1.4000753570355557
705.5 1.6917517119511112
706.0 1.2299096459111112
706.5 1.4136290565244443
707.0 2.0077344877333334
707.5 1.3090723104044446
708.0 1.63872463768
708.5 1.2854800261955555
709.0 1.6341720572044443
709.5 1.8444737484755553
710.0 1.5836471077822223
710.5 1.4993537225822224
711.0 1.5651826742
711.5 1.8872540792533334
712.0 1.4137791097777779
712.5 1.1619881255288889
713.0 1.4496553559555556
713.5 1.5592104899911112
714.0 1.849055833057778
714.5 1.1625681943066666
715.0 1.0368338288755556
715.5 1.5982204462222223
716.0 1.614454795728889
716.5 1.0732909883466666
717.0 1.010001554
717.5 1.3565625194888888
718.0 1.6172520812533333
718.5 1.6992358752355556
719.0 1.367830391831111
719.5 1.4323749874533334
720.0 1.504209686608889
720.5 1.5304785141244446
721.0 1.7244797114533332
721.5 1.9013368467288887
722.0 1.9357744477733334
722.5 1.5162295116088889
723.0 1.487536614911111
723.5 1.572198088617778
724.0 1.7389224109244443
724.5 1.4358974358977779
725.0 1.4565788910311113
725.5 1.5813632441777778
726.0 2.05655178532
726.5 1.393604938271111
727.0 1.811575461768889
727.5 1.8317398157377778
728.0 1.3803973803955556
728.5 1.8423527336844445
729.0 1.4589250749244445
729.5 1.331014714071111
730.0 1.4194267954266666
730.5 1.417590409591111
731.0 1.901032301031111
731.5 1.7322855271777777
732.0 1.666859362857778
732.5 1.2743915343911112
733.0 1.5786702151244443
733.5 2.0019660339644445
734.0 1.4218096798844444
734.5 1.4167485847466665
735.0 1.2621869488533333
735.5 1.1642954091822222
736.0 1.1441973368266667
736.5 1.1515596330266666
737.0 1.0807084324622223
737.5 1.43318871252
738.0 1.7077713397733332
738.5 1.5399233716488891
739.0 1.8117313797333334
739.5 1.2857412653466667
740.0 1.2939842379822222
740.5 2.023263847262222
741.0 1.2911534391555555
741.5 1.6977333777333332
742.0 1.6060774780755553
742.5 0.5398729049377777
743.0 2.7521831335688884
743.5 1.0739326732666667
744.0 1.0969828292888888
744.5 1.067105882351111
745.0 1.3090588105466667
745.5 1.4685991867244443
746.0 1.4915142857155557
746.5 1.7822852702844445
747.0 1.8772125652133331
747.5 1.9165396825377776
748.0 1.6688475247511112
748.5 1.548902090208889
749.0 1.2049601760177777
749.5 1.2268265068266666
750.0 1.5403512043511112
750.5 1.6346410680799999
751.0 1.3932050913955558
751.5 1.366444664248889
752.0 1.5336214073333334
752.5 1.5011837183733334
753.0 1.2978386935155555
753.5 1.590871350871111
754.0 1.6613395493377778
754.5 1.6356261022933334
755.0 0.6242781078088889
755.5 1.1953486513466667
756.0 1.08386301068
756.5 1.1835457972933334
757.0 1.1501570846977778
757.5 1.6495397935377778
758.0 1.647215862328889
758.5 1.9872536352533332
759.0 1.8735626102311114
759.5 1.6035220986577778
760.0 1.7828784548799999
760.5 1.8994090354088888
761.0 1.7442328042311113
761.5 1.5037367521377778
762.0 1.7855246975244443
762.5 1.502678559631111
763.0 1.5906307992222224
763.5 1.5647356613777779
764.0 1.736874196511111
764.5 1.1428601307200001
765.0 2.2157682317688887
765.5 1.9087060896355557
766.0 1.590671477471111
766.5 1.8854983366622224
767.0 1.9073690753688888
767.5 1.9440150359333332
768.0 1.594190476191111
768.5 1.9814034854044447
769.0 2.0483552003555556
769.5 1.9489736929733334
770.0 1.5935804409511112
770.5 1.6732600732622223
771.0 1.3751992945333333
771.5 1.8328231768222223
772.0 1.309929181928889
772.5 1.1430970017644444
773.0 0.9522101298444444
773.5 1.0490052910044445
774.0 1.2660939060933334
774.5 1.4739287379288888
775.0 1.2469979514177776
775.5 1.3628268426844443
776.0 1.1473062438044443
776.5 0.31278792530044447
777.0 0.8227590759066667
777.5 0.6290544662311112
778.0 0.9038001997999999
778.5 0.88157691884
779.0 0.9189885669866666
779.5 0.9146221786044445
780.0 0.9823826298888889
780.5 1.1493429476666666
781.0 1.307108891111111
781.5 1.1665312465333333
782.0 1.2026993269333335
782.5 1.0374652972311111
783.0 1.1165695473244444
783.5 1.4068148148133333
784.0 1.6083756243777776
784.5 1.2980526373733334
785.0 1.2375002775022221
785.5 1.0853782623066668
786.0 0.7453523809511111
786.5 0.8009481481466666
787.0 0.7516047762266665
787.5 1.0645298129822223
788.0 1.1810873570888887
788.5 1.3215335775333332
789.0 0.6952904872888889
789.5 1.1033446553466668
790.0 1.1135703409466668
790.5 0.8679815181511111
791.0 0.839399853111111
791.5 1.043973130711111
792.0 0.6342274509822222
792.5 0.4698412698399999
793.0 0.87471600044
793.5 1.2034223554222223
794.0 0.9731640211644444
794.5 1.2293626373644444
795.0 1.0123352203333333
795.5 1.0373201189288888
796.0 1.47231968032
796.5 1.1584225973733333
797.0 1.2038059718044445
797.5 0.9570012113199998
798.0 0.9961238761244444
798.5 0.731397863671111
799.0 0.7974911734177778
799.5 0.28076747967466664
800.0 1.1394017094
800.5 0.8138772277244445
801.0 0.7390521452133334
801.5 0.43342574257422223
802.0 0.3947909385111111
802.5 0.8211948051955557
803.0 0.6481988998888889
803.5 0.8317513597511111
804.0 1.0519365079377778
804.5 0.7264633694266668
805.0 0.8475881188133333
805.5 1.13703896104
806.0 0.8011527777777778
806.5 0.8193981205066666
807.0 0.8179470899466668
807.5 1.1328444003955556
808.0 1.03604129204
808.5 0.9440705467377778
809.0 0.9923480963466668
809.5 1.1518726368177779
810.0 0.22008286252355555
810.5 0.5490829170844445
811.0 0.6417339901466667
811.5 0.8730256410266667
812.0 0.4057001763666666
812.5 0.4329970326408889
813.0 0.4868820614488889
813.5 0.35622727772266666
814.0 0.5158057482666667
814.5 0.4764948148133333
815.0 0.6838495049511111
815.5 0.5057646090533333
816.0 0.5733786213777778
816.5 0.4777142857155556
817.0 0.38117387952888887
817.5 0.5892726936577778
818.0 0.7286349206355557
818.5 0.5052022002222222
819.0 0.6574260528888889
819.5 0.5929355797822222
820.0 0.4996496836488889
820.5 0.5013439048577778
821.0 0.46161838161777785
821.5 1.1853244798577778
822.0 0.5152950495066667
822.5 0.3592175648702222
823.0 0.4105044160942222
823.5 0.380828543112
824.0 0.2699544103071111
824.5 0.234994335512
825.0 0.3900831683168889
825.5 0.2985821782177778
826.0 0.36241568627466664
826.5 0.5944332122
827.0 0.74163960396
827.5 0.4922121012088889
828.0 0.7705346534666666
828.5 0.9269237429244446
829.0 0.8819548472755555
829.5 0.8812990099022223
830.0 0.7656580172977777
830.5 0.9329664902977778
831.0 0.6150190476177778
831.5 0.5109851337955555
832.0 0.5155555555555555
832.5 0.7100377358488889
833.0 0.28895049504933334
833.5 0.32841364136400003
834.0 0.3957960784315555
834.5 0.28571529152933334
835.0 0.5539420579422222
835.5 0.46140655447111106
836.0 0.43342574257422223
836.5 0.3719529411764444
837.0 0.4479005439022223
837.5 0.48210402355111115
838.0 0.46125764576444445
838.5 0.6886653465333333
839.0 0.7677442557422222
839.5 0.8197848324533333
840.0 0.8909306930711112
840.5 0.3955262515262223
841.0 0.2846984126982222
841.5 0.20758098933066668
842.0 0.1748960155488889
842.5 0.38873126873111113
843.0 0.38045148514844446
843.5 0.31926118326133335
844.0 0.46778410206222226
844.5 0.2819017681728889
845.0 0.18481429681422223
845.5 0.26487128712888885
846.0 0.17661236506400002
846.5 0.2118970297031111
847.0 0.1368291611768889
847.5 0.11703561116444444
848.0 0.10690109890088889
848.5 0.13095384615377778
849.0 0.15901538461555556
849.5 0.10553962264133333
850.0 0.1850845481048889
850.5 0.10756923076933333
851.0 0.11509079153955555
851.5 0.12600238017955556
852.0 0.10399222546177778
852.5 0.17818613861377777
853.0 0.13002772277244445
853.5 0.11444705882355555
854.0 0.13602314368355556
854.5 0.117956649092
855.0 0.12289788053955557
855.5 0.11625332097600001
856.0 0.11423634881822224
856.5 0.1751012710128889
857.0 0.11452355396533336
857.5 0.11449360865288889
858.0 0.11348091113244445
858.5 0.12868488160311112
859.0 0.11892091912844445
859.5 0.12383414952666667
860.0 0.1102
860.5 0.19849951784
861.0 0.18763204747777776
861.5 0.1660224621088889
862.0 0.3567254707631111
862.5 0.34300489715955557
863.0 0.37875724275733336
863.5 0.47619580419555557
864.0 0.7800093240088889
864.5 0.8961096829466667
865.0 0.9961238761244444
865.5 0.6806897918711111
866.0 0.9961238761244444
866.5 0.6647622714133333
867.0 0.6451213615688889
867.5 0.6405069306933333
868.0 0.67970664024
868.5 0.8226943620177778
869.0 0.8090613861377777
869.5 0.6455128712888889
870.0 0.8600679320666665
870.5 0.9355682041200001
871.0 0.8427722772266667
871.5 0.18423272204222224
872.0 2.340499009902222
872.5 0.31472941176488883
873.0 0.6559840159822222
873.5 0.5083885614488889
874.0 0.247816183816
874.5 0.49170267591555555
875.0 0.4053333333333333
875.5 0.2985821782177778
876.0 0.26968712871288886
876.5 0.5189815442577778
877.0 1.0349970029955557
877.5 0.726969518191111
878.0 0.7859550238177778
878.5 1.1127432567422222
879.0 0.8536980817333334
879.5 0.814683845391111
880.0 0.6776916996044444
880.5 0.6852063492044445
881.0 0.6932658452666667
881.5 0.966969030968889
882.0 0.6212435643555555
882.5 0.46937566137777775
883.0 0.5923485148533333
883.5 0.82522954092
884.0 1.9996068376088887
884.5 0.30309792284844445
885.0 0.27351452671022225
885.5 0.5109851337955555
886.0 0.25217148554355556
886.5 0.22785468451244442
887.0 0.18396369137688892
887.5 0.12259722736444445
888.0 0.3106746506986667
888.5 0.6770227048355556
889.0 0.24164102564088893
889.5 0.27477502477688887
890.0 0.11520947446355555
890.5 0.11134014996577779
891.0 0.3111143317231111
891.5 0.17810169491511113
892.0 0.3848541468066667
892.5 0.2504237623764444
893.0 0.6407664670666667
893.5 0.6449585753022221
894.0 0.5875326732666667
894.5 0.4286099009902222
895.0 0.4768627450977778
895.5 0.1907450980391111
896.0 0.33380392156844446
896.5 0.2387256325631111
897.0 0.3022291262137778
897.5 0.4244078431373333
898.0 0.15111456310666668
898.5 0.3692947052946667
899.0 0.1885168334848889
899.5 0.13352156862755557
900.0 0.27931881188133334
900.5 0.38526732673288894
901.0 0.131033852544
901.5 0.49949752719999996
902.0 1.303203187248889
902.5 1.08895522388
903.0 0.7095162615155556
903.5 1.0942794846400001
904.0 0.829741176471111
904.5 0.3957960784315555
905.0 0.3222728971964444
905.5 0.3579980372915555
906.0 0.4526891089111111
906.5 0.33347698334977777
907.0 0.18120784313733332
907.5 0.8869930624400001
908.0 1.0009830169822223
908.5 0.3461670441288889
909.0 0.34192475247511117
909.5 0.3385725490195555
910.0 0.5054745098044444
910.5 0.7994297029688888
911.0 0.4911223300977778
911.5 0.3178455445546667
912.0 0.25323379174844446
912.5 0.38272509960177775
913.0 0.20818677042800002
913.5 0.19263366336622223
914.0 0.24079207920800003
914.5 0.1733702970297778
915.0 0.11972848484844445
915.5 0.23574282888222223
916.0 0.3515564356435556
916.5 1.0562235319777777
917.0 0.12762682215733334
917.5 1.0739941118755556
918.0 0.3372570320075556
918.5 0.12278058252444445
919.0 0.12533597621422224
919.5 0.2213095944608889
920.0 0.3426031746031111
920.5 0.3412490118577778
921.0 0.32266138613866663
921.5 0.24903336636933335
922.0 0.39359040959022223
922.5 0.4049316154608889
923.0 0.37045301681511106
923.5 0.27298686968977776
924.0 0.32556243756222225
924.5 0.22634455445555554
925.0 0.29376633663377777
925.5 0.21101694169422222
926.0 0.11076435643555554
926.5 0.17875047619066667
927.0 0.17943131604222223
927.5 0.3082138613862222
928.0 0.4374558356675556
928.5 0.6199215686266667
929.0 0.46630583058222225
929.5 0.3576470588235556
930.0 0.11269694161244444
930.5 0.11520958083822223
931.0 0.2584055390702222
931.5 0.5186276081822222
932.0 0.7902248862266666
932.5 0.5463519239066666
933.0 0.6101276501288889
933.5 0.5511142082844444
934.0 0.48628704628888886
934.5 0.45245413500888887
935.0 0.6675828112977777
935.5 0.7318213421333334
936.0 0.5361418346000001
936.5 0.8390330450222222
937.0 0.49417079181333334
937.5 0.22129208371244447
938.0 0.36837050009733335
938.5 0.504402598831111
939.0 0.5190903703688889
939.5 0.4864
940.0 0.3684727946786666
940.5 0.47085140096444444
941.0 0.5655419651066668
941.5 0.6189694169422223
942.0 0.5440465212888889
942.5 0.5104792079199999
943.0 0.15570165016488888
943.5 0.4038344532088889
944.0 0.6754040303911112
944.5 0.6453227722755556
945.0 0.49614433443555556
945.5 0.3489930761622222
946.0 0.49170267591555555
946.5 0.3284287581697778
947.0 0.5784737363733333
947.5 0.22731988472622222
948.0 0.516196721311111
948.5 0.31016061606177775
949.0 0.5538217821777778
949.5 0.41340902090222226
950.0 0.7726033966044444
950.5 0.42615025624266667
951.0 0.5297425742577777
951.5 0.4884805280533333
952.0 0.5227922800133333
952.5 0.5239180827866667
953.0 0.8058980392177778
953.5 0.6734187018711112
954.0 0.57108558856
954.5 0.6482132280355556
955.0 0.4228990501435556
955.5 0.3274772277226667
956.0 0.18800396432088887
956.5 0.16357665677555558
957.0 0.13783318700622224
957.5 0.49077322677333335
958.0 0.39903350969999996
958.5 0.5573829578844445
959.0 0.4121602841604444
959.5 0.4836542231022222
960.0 0.5516992731066667
960.5 0.4675996035688889
961.0 0.2355937395937778
961.5 0.361188118812
962.0 0.3815955903684445
962.5 0.4045306930693333
963.0 0.5245490196088889
963.5 0.5213289328933334
964.0 0.5104792079199999
964.5 0.40176014109333336
965.0 0.28611764705866666
965.5 0.38756972111555554
966.0 0.3767547169813334
966.5 0.35125329844088893
967.0 0.2712775111111111
967.5 0.18800396432088887
968.0 0.174556741028
968.5 0.130156590684
969.0 0.19631683168311112
969.5 0.10967843137244444
970.0 0.29606956521733335
970.5 0.16035164835155555
971.0 0.24334065934044447
971.5 0.66274226376
972.0 0.8161814058977778
972.5 0.6651446331466667
973.0 0.7485101565111111
973.5 0.6920061122044445
974.0 0.6463054812177778
974.5 0.8577724972488889
975.0 0.8364791968355555
975.5 1.0263228271244444
976.0 0.9387377067377778
976.5 0.7518941616355556
977.0 1.0389894549911112
977.5 0.6990718954266666
978.0 0.9020099900088888
978.5 0.5933032762266667
979.0 0.8404111444133333
979.5 0.7384679738577778
980.0 0.7645983776666667
980.5 0.8325635220133333
981.0 0.6373163285022222
981.5 0.7552985698577778
982.0 0.5755488955511111
982.5 0.4864189036577778
983.0 0.6593096296311111
983.5 0.8679924519911112
984.0 0.9202886002888889
984.5 0.7701339637511112
985.0 0.8172646361155556
985.5 0.8536443323066667
986.0 0.8987492507511111
986.5 0.5537899100177778
987.0 0.6475409035422223
987.5 0.5281426710755556
988.0 0.7825496149600001
988.5 0.6526522366533334
989.0 0.6564222665777778
989.5 0.6691086691066667
990.0 0.5683546710888889
990.5 0.3792851540617778
991.0 0.3735212404808889
991.5 0.315844155844
992.0 0.429554250924
992.5 0.5066298850577778
993.0 0.24733993399333334
993.5 0.3991423001951111
994.0 0.4304992784991111
994.5 0.1894720616568889
995.0 0.42614017094000006
995.5 0.6289532689511111
996.0 0.6092708470844445
996.5 0.5312507433111111
997.0 0.4627052947066667
997.5 0.7237968131733333
998.0 0.6556480089111111
998.5 0.6970756901155556
999.0 0.75628322872
999.5 0.24503646170444446
1000.0 0.3497527200791111
1000.5 0.5854099009911111
1001.0 0.6590871891733333
1001.5 0.65802469136
1002.0 0.6475617161733334
1002.5 0.49083955147999997
1003.0 0.6301473406
1003.5 0.4292496732026667
1004.0 0.6556648325111111
1004.5 0.8453603750933333
1005.0 0.9139137254888888
1005.5 0.8523174603155556
1006.0 0.6807363051688889
1006.5 0.6295097001777777
1007.0 0.6253544973555556
1007.5 0.6478574257422223
1008.0 0.3126446376813333
1008.5 0.5928173863955556
1009.0 0.5880835671955555
1009.5 0.7611872571866667
1010.0 0.6134767303733334
1010.5 0.8212801064533334
1011.0 0.7542244116044444
1011.5 0.5379112419600001
1012.0 0.5852174492177777
1012.5 0.5293675213688889
1013.0 0.6347969196933333
1013.5 0.5089434173688888
1014.0 0.43009900990088884
1014.5 0.4769917211333334
1015.0 0.55925720572
1015.5 0.6212990880311111
1016.0 0.7963172078622223
1016.5 0.45506211723555556
1017.0 0.49045502645333333
1017.5 0.4925525645288889
1018.0 0.6046504606488888
1018.5 0.6419451602266667
1019.0 0.33420207743155556
1019.5 0.294009240924
1020.0 0.4114603174604445
1020.5 0.313321915636
1021.0 0.11943317230266666
1021.5 0.5090940728666666
1022.0 0.21714335512000002
1022.5 0.6772872033688889
1023.0 0.5692557319244445
1023.5 0.6503863384355556
1024.0 0.7076358873599999
1024.5 0.5362850482844445
1025.0 0.6440630119733333
1025.5 0.7353009536488888
1026.0 0.48061620842222214
1026.5 0.5573786492355556
1027.0 0.5374576382088888
1027.5 0.46431843184444443
1028.0 0.5319142857155555
1028.5 0.6063841584177778
1029.0 0.5340191229822222
1029.5 0.3606812993853334
1030.0 0.4386884825151111
1030.5 0.5853453213466666
1031.0 0.6042121012088889
1031.5 0.58042242044
1032.0 0.5438010878
1032.5 0.5571474507199999
1033.0 0.45227722772444445
1033.5 0.5856188256177778
1034.0 0.4397841601391111
1034.5 0.7075307163466666
1035.0 0.7193468674977779
1035.5 0.5645499573022222
1036.0 0.6860143156044445
1036.5 0.4814152505466666
1037.0 0.5853148514844445
1037.5 0.6261896589644443
1038.0 0.6598983238977777
1038.5 0.6418827107688889
1039.0 0.7398112998133333
1039.5 0.5134563214577778
1040.0 0.6000209502444445
1040.5 0.6151920792088889
1041.0 0.5505096893555556
1041.5 0.6369377821822223
1042.0 0.5152033862444444
1042.5 0.7142155622177778
1043.0 0.5577852659377778
1043.5 0.6100850260844444
1044.0 0.6446722270177778
1044.5 0.7325510045511111
1045.0 0.4711426496533333
1045.5 0.6576221357555555
1046.0 0.912872016871111
1046.5 0.7388534215022222
1047.0 0.7771151515155555
1047.5 0.7562734391555556
1048.0 0.640309024311111
1048.5 0.5510533219288888
1049.0 0.6028150724622222
1049.5 0.6018319144311112
1050.0 0.48139604635111116
1050.5 0.4586844266844445
1051.0 0.5161283762311111
1051.5 0.7302990342977776
1052.0 0.6161097584533334
1052.5 1.0218709248177777
1053.0 0.5856568465199999
1053.5 0.6001678321688889
1054.0 0.6118351672044445
1054.5 0.7784855144844444
1055.0 0.6612694610800001
1055.5 0.7458997219822222
1056.0 0.6395130634488889
1056.5 0.5756839506177778
1057.0 0.6917007407422222
1057.5 0.6455682539688888
1058.0 0.5745543345555555
1058.5 0.5108613839777778
1059.0 0.5928569888977778
1059.5 0.6049533769066666
1060.0 0.6393783993777777
1060.5 0.5490130718933333
1061.0 0.7021860640311112
1061.5 0.7853835053822222
1062.0 0.7655799512088889
1062.5 0.7239314888
1063.0 0.7332396730711112
1063.5 0.6902288822266667
1064.0 0.8291365832222222
1064.5 0.7174022531466666
1065.0 0.7015231758711112
1065.5 0.5913850897466667
1066.0 0.5841616939377777
1066.5 0.6461913886133334
1067.0 0.5731264291244444
1067.5 0.46803660130666663
1068.0 0.6700783660799999
1068.5 0.6931816578488889
1069.0 0.6258804405955555
1069.5 0.8050046685333334
1070.0 0.81356064124
1070.5 0.8161043670533333
1071.0 0.8257587918000001
1071.5 0.8775338212444445
1072.0 0.59743552472
1072.5 0.8277660117644445
1073.0 0.7831642046666666
1073.5 0.9256663336666667
1074.0 0.8209935103244445
1074.5 0.8379034299022222
1075.0 0.8521540681555556
1075.5 0.7355919272577777
1076.0 0.6760133942177777
1076.5 0.9011433011422222
1077.0 0.7078799330755555
1077.5 0.8749437229422222
1078.0 0.9760372960355556
1078.5 0.68730788804
1079.0 0.8104887210177778
1079.5 0.6118022244266667
1080.0 0.7965119325111112
1080.5 0.8803075075066666
1081.0 1.0510982350977778
1081.5 0.6760980392177779
1082.0 0.8780872460888888
1082.5 0.7526162726177777
1083.0 0.5881484333244444
1083.5 0.6693225236444444
1084.0 0.4374582582582222
1084.5 0.6943436743688888
1085.0 0.7670178217822222
1085.5 0.7068063492044444
1086.0 0.6910735042755555
1086.5 0.6286651280355556
1087.0 0.6577493617511111
1087.5 0.6583745143733333
1088.0 0.6303513641066667
1088.5 0.6509308868488889
1089.0 0.7442754651022222
1089.5 0.7751875389422223
1090.0 0.7047257594666667
1090.5 0.7062967992222222
1091.0 0.8574504612933334
1091.5 0.67455843868
1092.0 0.6983068783066666
1092.5 0.6660255300266666
1093.0 0.7715058275066666
1093.5 0.5403915343911111
1094.0 0.71896028328
1094.5 0.72548148148
1095.0 0.6507306027288889
1095.5 0.7897280035244445
1096.0 0.75228852176
1096.5 0.7155180428133333
1097.0 0.6969446738222222
1097.5 0.7278695693155556
1098.0 0.7958589487688889
1098.5 0.6580181784444444
1099.0 0.8104180264177777
1099.5 0.6929873688711111
1100.0 0.6045296074533333
1100.5 0.7705950665777778
1101.0 0.6866697746711111
1101.5 0.9270714791244443
1102.0 0.6089736648844445
1102.5 0.5921263544533334
1103.0 0.7510981818177777
1103.5 0.8550240870222222
1104.0 0.8458208458222223
1104.5 0.5384087145955555
1105.0 0.7508964360577778
1105.5 0.7606325426533332
1106.0 0.7380966853866666
1106.5 0.5782507337511111
1107.0 0.7235200709688888
1107.5 0.6912493573244444
1108.0 0.9857875457866666
1108.5 0.6878774558755555
1109.0 0.6643631923644445
1109.5 0.6853945058044445
1110.0 0.6181800421822222
1110.5 0.7337515817511111
1111.0 0.5893899457777778
1111.5 0.68827390688
1112.0 0.6333663492044445
1112.5 0.7176702449777778
1113.0 0.8101308494133334
1113.5 0.788806961688889
1114.0 0.7242608602844444
1114.5 0.7849616026711111
1115.0 0.78998559876
1115.5 0.4046050486982222
1116.0 0.6924169164177778
1116.5 0.7351851158933335
1117.0 0.5059935619955555
1117.5 0.5543683931777778
1118.0 0.64542066796
1118.5 0.6290633688044445
1119.0 0.6783844054577778
1119.5 0.8670401567111111
1120.0 0.8577240392044444
1120.5 0.6734614652711112
1121.0 1.195710955711111
1121.5 0.8886544566533333
1122.0 0.9264868464888889
1122.5 0.7213087071244444
1123.0 0.8969625929644445
1123.5 0.6923174603155555
1124.0 0.7449456642266666
1124.5 0.7716925711822222
1125.0 0.7090059405955556
1125.5 0.6582917491733333
1126.0 0.6105135313511111
1126.5 0.6502301430133334
1127.0 0.5217206931688889
1127.5 0.5022877192977778
1128.0 0.5442273282266666
1128.5 0.7608007928622222
1129.0 0.5752982456133333
1129.5 0.7240581640577778
1130.0 0.6319027004755556
1130.5 0.6917629629644444
1131.0 0.6701125649022223
1131.5 0.7131353135333334
1132.0 0.6837614290044445
1132.5 0.608933719808889
1133.0 0.76852214452
1133.5 0.81809171076
1134.0 0.5882840958622223
1134.5 0.5207787610622222
1135.0 0.5586336088133333
1135.5 0.5628114811466667
1136.0 0.5262582278488889
1136.5 0.6584935716533333
1137.0 0.9149325467066666
1137.5 0.9380166500177777
1138.0 0.9049381738177776
1138.5 0.6923572293822221
1139.0 0.6865425742577776
1139.5 0.8826176989333333
1140.0 0.7822350465866666
1140.5 0.7818758620711111
1141.0 0.7126686332355555
1141.5 0.7959623352177778
1142.0 0.6341741080533333
1142.5 0.6876326041999999
1143.0 0.48694416694222215
1143.5 0.6733461072577778
1144.0 0.5552598177822222
1144.5 0.6181679821911111
1145.0 0.6624912864933333
1145.5 0.6210854119422222
1146.0 0.6369368062444444
1146.5 0.7398152489733333
1147.0 0.8955382395377778
1147.5 0.5113698602177777
1148.0 0.7367999119022222
1148.5 0.7301384126977778
1149.0 0.7485365749644445
1149.5 0.714127946128889
1150.0 0.7181237498622223
1150.5 0.73548140748
1151.0 0.45391792563999994
1151.5 0.7509242937866666
1152.0 0.6098896658888889
1152.5 0.5824972961955556
1153.0 0.5742722777288888
1153.5 0.6370857835022222
1154.0 0.5929942969511112
1154.5 0.7059323671511111
1155.0 0.6015933200488889
1155.5 0.6616041728177778
1156.0 0.6867379379377777
1156.5 0.6494791392177778
1157.0 0.6301925076933333
1157.5 0.7020034188044444
1158.0 0.7630094350088888
1158.5 0.7885638247333334
1159.0 0.6388884573911111
1159.5 0.7015384615377779
1160.0 0.5857975308622222
1160.5 0.9117248677244446
1161.0 0.7700840484044446
1161.5 0.6070214624888889
1162.0 0.6085769980488889
1162.5 0.7011228771244444
1163.0 0.5468159457155556
1163.5 0.8061246396088889
1164.0 0.57991785992
1164.5 0.705202821871111
1165.0 0.6456468686888889
1165.5 0.6425107642088889
1166.0 0.7416739853644444
1166.5 0.6906622266622221
1167.0 0.6886427476222222
1167.5 0.6313636552444445
1168.0 0.7242004357288888
1168.5 0.6451021150355555
1169.0 0.5446032379688889
1169.5 0.46030497627555556
1170.0 0.4305573358466667
1170.5 0.4710678288755555
1171.0 0.5900765900755556
1171.5 0.5457341017066667
1172.0 0.7245510406355554
1172.5 0.5049692753644445
1173.0 0.6811570651555555
1173.5 0.50861254832
1174.0 0.8271287477955555
1174.5 0.7360140953644444
1175.0 0.43843362922133333
1175.5 0.6550533910533334
1176.0 0.6285385620933334
1176.5 0.7253662551422222
1177.0 0.7986431346444444
1177.5 0.4812063492044445
1178.0 0.47823716153333334
1178.5 0.3746775492435556
1179.0 0.1973593953608889
1179.5 0.48422333222222225
1180.0 0.5680304360533334
1180.5 0.56632722172
1181.0 0.6713890553911112
1181.5 0.5306001511733334
1182.0 0.6174283524888888
1182.5 0.5921761495066666
1183.0 0.6595750915733334
1183.5 0.47998270644
1184.0 0.5815940740755555
1184.5 0.7134234654222222
1185.0 0.7767250302844445
1185.5 0.5892752475244445
1186.0 0.6198710223066667
1186.5 0.49703323836444446
1187.0 0.5292170811022222
1187.5 0.5025010893244445
1188.0 0.5847628282844445
1188.5 0.7631550671555556
1189.0 0.6941755313288889
1189.5 0.543403921568889
1190.0 0.4809377289377777
1190.5 0.4475797143111111
1191.0 0.5995194719466667
1191.5 0.4706710671066667
1192.0 0.5661206120622223
1192.5 0.5692413041111111
1193.0 0.6665044228711111
1193.5 0.7526908646888889
1194.0 0.5585105105111111
1194.5 0.6038391019644445
1195.0 0.7455381642533333
1195.5 0.8478952158933333
1196.0 0.6094060125555556
1196.5 0.6478463758444445
1197.0 0.5576360266044444
1197.5 0.5615578154444444
1198.0 0.5924067044088889
1198.5 0.5053869081288889
1199.0 0.6081903062755556
1199.5 0.52329039548
1200.0 0.6121123224311111
1200.5 0.5988875582177778
1201.0 0.5315132275111111
1201.5 0.4413366255142222
1202.0 0.639190143191111
1202.5 0.4983838784266667
1203.0 0.5719498989911111
1203.5 0.7461374181377778
1204.0 0.5426564405111111
1204.5 0.5859196123777778
1205.0 0.208811427476
1205.5 0.10945094509466667
1206.0 0.4192605951306667
1206.5 0.6723942723955556
1207.0 0.4555076792711112
1207.5 0.5383302380177778
1208.0 0.4989547892711111
1208.5 0.5741591804577778
1209.0 0.6848618048622223
1209.5 0.5296493827155556
1210.0 0.4741632924622223
1210.5 0.6591368374355555
1211.0 0.6674542451288888
1211.5 0.5263941193111111
1212.0 0.7579478299466667
1212.5 0.48360212036
1213.0 0.7742834942844445
1213.5 0.5466473047288888
1214.0 0.6006749529200001
1214.5 0.6455696649022222
1215.0 0.5525124758133334
1215.5 0.6712122004355555
1216.0 0.777892051031111
1216.5 0.5387572427555556
1217.0 0.5993473193466666
1217.5 0.5932351062666666
1218.0 0.5969883388355556
1218.5 0.6360822068355555
1219.0 0.6683738977066667
1219.5 0.783635236831111
1220.0 0.5168880053022222
1220.5 0.5107749494933334
1221.0 0.5876681481466667
1221.5 0.6390271027111111
1222.0 1.230305882351111
1222.5 0.6079360639377779
1223.0 0.7375540138755556
1223.5 0.6572613116888889
1224.0 0.6982765023955556
1224.5 0.60642246164
1225.0 0.5775765512933333
1225.5 0.7865131950533333
1226.0 0.7658785301511112
1226.5 0.8076545073377778
1227.0 0.7508587288355556
1227.5 1.089458870168889
1228.0 0.9424815184800001
1228.5 0.5640510018222222
1229.0 0.8730505050488889
1229.5 0.8202812107155556
1230.0 0.7343435542355556
1230.5 0.962109890111111
1231.0 0.64106760316
1231.5 1.0645851925866665
1232.0 0.9168118048666667
1232.5 0.7931373789644445
1233.0 0.9829477477466667
1233.5 0.9566622683022222
1234.0 1.0397460317466667
1234.5 0.8283097643111111
1235.0 0.8703086646266667
1235.5 0.8416686159822221
1236.0 0.7240119880133333
1236.5 0.5037557997555556
1237.0 0.8738209448311111
1237.5 0.8532622932622221
1238.0 0.9121546616755555
1238.5 0.9516026869288888
1239.0 0.9141258741244443
1239.5 1.0506543332222222
1240.0 1.1823172717288888
1240.5 1.1579567099555554
1241.0 1.0523845391466666
1241.5 1.1828746016044445
1242.0 1.2042144522133333
1242.5 1.237202821871111
1243.0 1.1943287128711113
1243.5 1.0098947601644443
1244.0 0.8214675052400001
1244.5 0.975712574848889
1245.0 0.8434356261022221
1245.5 0.8438121510666666
1246.0 0.7958398433688889
1246.5 1.1710529470533333
1247.0 0.8661812575688889
1247.5 0.9322173817377778
1248.0 0.8174746812400001
1248.5 1.0787485148533331
1249.0 0.840931133111111
1249.5 0.7978666666666666
1250.0 0.9718281718266666
1250.5 0.7406338508977778
1251.0 0.9198257425733334
1251.5 0.8192844884488889
1252.0 0.9988189218933333
1252.5 1.0883661166133334
1253.0 1.2922259962266665
1253.5 1.0412527254711113
1254.0 0.6570744810755557
1254.5 0.8171188195111111
1255.0 1.0498534653466667
1255.5 0.6578693069288889
1256.0 0.8042455445555556
1256.5 0.6722592962577778
1257.0 0.8058123752488888
1257.5 0.72177070908
1258.0 0.4642521891422222
1258.5 0.7922405021466666
1259.0 1.446617382617778
1259.5 1.0983953309111112
1260.0 1.1343966852044445
1260.5 1.4334465534444443
1261.0 1.057410145408889
1261.5 0.9415808831644443
1262.0 1.0727984031955555
1262.5 0.9437213403866666
1263.0 0.8718996699688888
1263.5 0.8287864550266666
1264.0 1.0402217821777777
1264.5 0.8169047304711111
1265.0 0.9400022200000001
1265.5 0.8738363451022222
1266.0 1.2655094339644444
1266.5 0.7730940511777779
1267.0 0.8707588175333334
1267.5 0.5254469772044444
1268.0 0.5204644244622222
1268.5 0.5827168316844444
1269.0 0.44340946094622224
1269.5 0.3900831683168889
1270.0 0.24821197252222224
1270.5 0.39961453790222223
1271.0 0.3258407766991111
1271.5 0.34473009708755553
1272.0 0.22634455445555554
1272.5 0.21285350593333333
1273.0 0.2745029702968889
1273.5 0.2527372549017778
1274.0 0.21802132102444446
1274.5 0.28639842983333336
1275.0 0.2504237623764444
1275.5 0.1958082788671111
1276.0 0.18106666666666665
1276.5 0.17629803921555556
1277.0 0.1715294117648889
1277.5 0.38488625123644443
1278.0 0.245247863248
1278.5 0.5823922475511111
1279.0 0.48374012406222217
1279.5 0.5557896589644444
1280.0 0.6062239806577777
1280.5 0.51048287972
1281.0 0.8999853479866666
1281.5 0.7021754782755556
1282.0 0.9359559956
1282.5 0.7590283008488888
1283.0 0.511146189008889
1283.5 0.307469710272
1284.0 0.43108118811866664
1284.5 0.7801940281955555
1285.0 0.85678770036
1285.5 0.6699447154488888
1286.0 1.1699114188355555
1286.5 0.9820235294133334
1287.0 0.9043021693644445
1287.5 1.1991445544533332
1288.0 0.6723978244
1288.5 1.0163039426533333
1289.0 0.9885860255466667
1289.5 1.2320440480133332
1290.0 1.3235315315333334
1290.5 1.5056836496844443
1291.0 1.1464090638044444
1291.5 1.4247157287155554
1292.0 1.063607972688889
1292.5 1.0684413793111112
1293.0 1.087288888888889
1293.5 1.4091508491511109
1294.0 1.2918459318444444
1294.5 0.9262451271866667
1295.0 1.0458317188977777
1295.5 1.32609950836
1296.0 1.449568316831111
1296.5 1.1780965700977777
1297.0 0.8421975308622223
1297.5 0.7437327117333333
1298.0 1.1710529470533333
1298.5 0.9484409171066667
1299.0 1.1127432567422222
1299.5 0.6982772822355555
1300.0 0.8138772277244445
1300.5 0.6908539399955557
1301.0 1.0009830169822223
1301.5 0.9060309976000002
1302.0 0.8051537953777778
1302.5 0.8092514851466667
1303.0 0.8013166116622222
1303.5 1.144192696191111
1304.0 1.1170928311866668
1304.5 1.1661938061955557
1305.0 0.8376170025333334
1305.5 1.00584215784
1306.0 0.84148457596
1306.5 0.9864055944044444
1307.0 0.7873548673555555
1307.5 0.8154920634933333
1308.0 0.7110065359466667
1308.5 0.11727407407422223
1309.0 2.377260073262222
1309.5 0.9260215897955556
1310.0 0.8138772277244445
1310.5 0.45404796479555554
1311.0 0.9966431372533333
1311.5 1.0474538794533335
1312.0 1.2675139798355555
1312.5 1.0346878727644444
1313.0 0.7065816733066667
1313.5 0.8354147414755556
1314.0 1.011326732671111
1314.5 0.8133570722044445
1315.0 1.2532588157022222
1315.5 1.0530270329911111
1316.0 0.9527498793333334
1316.5 1.0794006672711112
1317.0 1.0433073375244444
1317.5 1.0400212223244445
1318.0 1.0333014393688889
1318.5 1.018098765431111
1319.0 0.9477181149999999
1319.5 0.8009580838311111
1320.0 0.59419317932
1320.5 0.5576869391822222
1321.0 0.5366838966222222
1321.5 0.4787496947511111
1322.0 0.7940635234622223
1322.5 0.9177949565022222
1323.0 1.13360833888
1323.5 1.4669206349200001
1324.0 0.8968808968800001
1324.5 1.4027988107022222
1325.0 1.2908008385733332
1325.5 1.2521652819333333
1326.0 1.1133090909111112
1326.5 1.3216863136844446
1327.0 1.1419762459777778
1327.5 0.9952557319244444
1328.0 1.0540606060622222
1328.5 1.3055832515555557
1329.0 1.4227088467066666
1329.5 1.435030747031111
1330.0 1.4692510425333334
1330.5 1.3685986394577778
1331.0 1.3490260850266667
1331.5 1.318335097
1332.0 0.7699666777022222
1332.5 0.8429641434266667
1333.0 0.5498918621288889
1333.5 0.45572932932888893
1334.0 0.5147853610266667
1334.5 0.5599340427555556
1335.0 0.8552087912088889
1335.5 0.6645720572044445
1336.0 1.01574979424
1336.5 0.8762928918533333
1337.0 0.5976743256755556
1337.5 0.7412010265200001
1338.0 0.8211948051955557
1338.5 0.2954695573622222
1339.0 0.5442237762222222
1339.5 0.5194564475288889
1340.0 0.9185897831244444
1340.5 1.0019213729111112
1341.0 0.9657394109155556
1341.5 1.1829242937866666
1342.0 1.5676376956355556
1342.5 1.3643982117555555
1343.0 1.4285874125866667
1343.5 1.6894662266222225
1344.0 0.9814883823377779
1344.5 0.9984149184133333
1345.0 0.992253716551111
1345.5 1.0470773670755555
1346.0 1.3848551448533335
1346.5 0.9814114774133333
1347.0 1.03366037736
1347.5 0.8370900210888889
1348.0 0.6033230769244444
1348.5 0.7338666666666667
1349.0 0.21227217268888887
1349.5 0.26023346303511113
1350.0 0.2806153846155556
1350.5 0.32266138613866663
1351.0 0.38484488448844445
1351.5 0.7464554455466668
1352.0 0.4212724724724444
1352.5 0.15259607843155557
1353.0 0.17643921568622223
1353.5 0.30996078431377777
1354.0 0.37081980198
1354.5 0.6814873487333334
1355.0 1.1121566556666667
1355.5 0.8044648684666668
1356.0 0.7337110005511112
1356.5 0.7300540061955556
1357.0 0.6318599273200001
1357.5 0.7304517704533334
1358.0 0.8427687568755555
1358.5 0.8554525852577778
1359.0 0.7101465346533332
1359.5 0.7148904428888888
1360.0 1.02468564432
1360.5 1.0739326732666667
1361.0 0.927850158728889
1361.5 0.894049523808889
1362.0 0.8780481740488889
1362.5 1.158966633631111
1363.0 1.0132871572888889
1363.5 1.2682357642355555
1364.0 1.1794718643333333
1364.5 1.1326400176177778
1365.0 1.1001689716799998
1365.5 1.2485391476711112
1366.0 0.9366882006888889
1366.5 1.1113771611066667
1367.0 1.415857425742222
1367.5 1.2320896801866668
1368.0 1.601387018702222
1368.5 1.775302031302222
1369.0 1.302210678208889
1369.5 1.2893015873022222
1370.0 1.1881546085244445
1370.5 1.0455515951599998
1371.0 0.9518659118666667
1371.5 1.362768786768889
1372.0 1.3096666666666668
1372.5 1.3211353135333332
1373.0 1.34111932512
1373.5 1.4966615606622222
1374.0 1.7200790320800001
1374.5 1.09941167384
1375.0 1.5010624930622223
1375.5 1.33421623356
1376.0 1.4048941176488887
1376.5 1.4265272505288886
1377.0 1.3815162615155556
1377.5 1.5814892632977777
1378.0 0.7276227642266666
1378.5 2.5561469676844446
1379.0 0.8737795379555555
1379.5 1.2435635475644446
1380.0 1.2910160187733333
1380.5 1.3168271728266667
1381.0 1.2016403479777777
1381.5 1.22803960396
1382.0 0.9230750275022223
1382.5 0.7905372937288889
1383.0 0.97875715236
1383.5 1.314688690671111
1384.0 1.323689643688889
1384.5 1.3769180183155554
1385.0 1.0875814924711111
1385.5 1.2722899118533333
1386.0 1.1113630657422224
1386.5 1.3228265068266667
1387.0 1.6897946497955554
1387.5 1.0810530451866665
1388.0 1.2412831612844444
1388.5 1.2469076092933336
1389.0 1.4027146187155557
1389.5 1.0091293910355554
1390.0 0.9117016683022222
1390.5 0.5001503208044445
1391.0 0.8591952894977778
1391.5 1.4042917082933333
1392.0 1.315999556
1392.5 1.1730017271155557
1393.0 1.2377347097333333
1393.5 1.3842411441155555
1394.0 1.2663993783999998
1394.5 1.1772037215288889
1395.0 1.3657768976888889
1395.5 1.1308358110355556
1396.0 0.9333491592488888
1396.5 0.282735930736
1397.0 0.8878730158711111
1397.5 0.6927952522266666
1398.0 0.7886683127555556
1398.5 1.2243369245822222
1399.0 1.20691503268
1399.5 0.7986389713155556
1400.0 0.4820614469777778
1400.5 0.4865898597644444
1401.0 0.6122517482533333
1401.5 0.41753280839911117
1402.0 0.6201115537866666
1402.5 0.4223233532933333
1403.0 0.38092341308844446
1403.5 0.47195247524888884
1404.0 0.5441900990088889
1404.5 0.5259380619377778
1405.0 0.4868820614488889
1405.5 0.21671287128711111
1406.0 0.28362393162399996
1406.5 0.5019263212533334
1407.0 0.56051809524
1407.5 0.20029051490533334
1408.0 0.24796862745111112
1408.5 0.20981960784311113
1409.0 0.34434142259422224
1409.5 0.17557853658533332
1410.0 0.29278446601955554
1410.5 0.194502832244
1411.0 0.23809790209777779
1411.5 0.6642567901244444
1412.0 0.8950658230666667
1412.5 1.0610052910044445
1413.0 0.5573829578844445
1413.5 0.2298375227688889
1414.0 0.14362204724400002
1414.5 0.4897946161511111
1415.0 0.4093465346533333
1415.5 0.3352807192808889
1416.0 0.5651256325644445
1416.5 0.6852778328399999
1417.0 0.6291082536533333
1417.5 0.6017088649022222
1418.0 0.5482491803288889
1418.5 0.5779009900977778
1419.0 0.4858085808577777
1419.5 0.3703213675213333
1420.0 0.7070222222222222
1420.5 0.9805128205111111
1421.0 0.9018600300044444
1421.5 1.21021956088
1422.0 0.8987092795066668
1422.5 1.155174980728889
1423.0 0.9120855472000001
1423.5 0.8886153846133333
1424.0 0.930140041928889
1424.5 1.0351639471644443
1425.0 1.5572019092
1425.5 1.14786193176
1426.0 1.1171267172222223
1426.5 1.1451177117733333
1427.0 1.1025742574266666
1427.5 1.1541631701644444
1428.0 1.5787945387955558
1428.5 1.537809523808889
1429.0 1.2122048232577778
1429.5 1.1078841158844444
1430.0 0.7885694169422223
1430.5 0.7834308300399999
1431.0 0.6178510427022222
1431.5 0.6294588235288888
1432.0 0.5201108910888889
1432.5 0.4397940594057778
1433.0 0.707928712871111
1433.5 0.4013377337733333
1434.0 0.3560197823937778
1434.5 0.4965232903866666
1435.0 0.41145211483688887
1435.5 0.37415384615377784
1436.0 0.1983378640777778
1436.5 0.2774811881186667
1437.0 0.18338988860311112
1437.5 0.2864031936128889
1438.0 0.1412682068208889
1438.5 0.2886646884271111
1439.0 0.2470786012191111
1439.5 0.3385725490195555
1440.0 0.22676345876355553
1440.5 0.36636669970266666
1441.0 0.25247257940444445
1441.5 0.21337347670266668
1442.0 0.42917647058844444
1442.5 0.2646686488271111
1443.0 0.29917373564844446
1443.5 0.3554461538462222
1444.0 0.2974086554342222
1444.5 0.3756356435644444
1445.0 0.3371089108911111
1445.5 0.1923417475728889
1446.0 0.22634455445555554
1446.5 0.21168743818
1447.0 0.18525
1447.5 0.233141846324
1448.0 0.47195247524888884
1448.5 0.31926072607244443
1449.0 0.4053333333333333
1449.5 0.1977140461217778
1450.0 0.16893858267733336
1450.5 0.17643921568622223
1451.0 0.2394121012102222
1451.5 0.4811078140444444
1452.0 0.4962281481466666
1452.5 0.5142540617155555
1453.0 0.45040174291999996
1453.5 0.38402447285022223
1454.0 0.44660330120888886
1454.5 0.42618828282844445
1455.0 0.6260594059422223
1455.5 0.31526864686488887
1456.0 0.30042352941155553
1456.5 0.17944854368933336
1457.0 0.18597647058844446
1457.5 0.2940375404528889
1458.0 0.2821104510448889
1458.5 0.12970666666666666
1459.0 0.3322930693071111
1459.5 0.27561504811911114
1460.0 0.29141592166888886
1460.5 0.3957960784315555
1461.0 0.3307229922991111
1461.5 0.3199467110742222
1462.0 0.33234401497644445
1462.5 0.36438107810799997
1463.0 0.39871950271955553
1463.5 0.59372139632
1464.0 0.3467405940595556
1464.5 0.2764522799
1465.0 0.18152332485155556
1465.5 0.2118970297031111
1466.0 0.21671287128711111
1466.5 0.50887863248
1467.0 0.7378186258177778
1467.5 0.6785825349644444
1468.0 0.5773905390533333
1468.5 0.6280688200666666
1469.0 0.6288273906888889
1469.5 0.6290598290577778
1470.0 0.7493201189288888
1470.5 0.8800124320133333
1471.0 0.9242118709377779
1471.5 0.8921851481866666
1472.0 0.6898254393822222
1472.5 0.8022759650266665
1473.0 0.9118871252222222
1473.5 1.230584459831111
1474.0 1.30211832612
1474.5 1.0374905094888889
1475.0 0.3340121356808889
1475.5 0.9572507492488889
1476.0 0.9476771280711112
1476.5 1.01995781996
1477.0 0.9349877766755555
1477.5 0.7267704692311111
1478.0 0.6879841740844445
1478.5 0.4302133995035555
1479.0 0.6948571428577778
1479.5 0.7391132540444444
1480.0 0.9320239520977777
1480.5 0.7644479964488888
1481.0 0.9535366336622223
1481.5 0.6128209150311111
1482.0 0.5013439048577778
1482.5 0.23354787841066663
1483.0 0.3948990099008889
1483.5 0.6641982160533333
1484.0 0.8406313686311111
1484.5 0.7050596259644445
1485.0 0.6309281829288889
1485.5 0.7705845885200001
1486.0 0.94872079208
1486.5 0.4985240924088889
1487.0 0.30266783523244445
1487.5 0.4455816345288888
1488.0 0.43914425907733334
1488.5 0.5192851592844444
1489.0 0.7199773198133333
1489.5 0.8191772671777778
1490.0 1.12763677176
1490.5 1.0357111770533334
1491.0 1.0750505961333332
1491.5 1.1142528582533333
1492.0 1.1226943934755556
1492.5 0.927861031671111
1493.0 0.9475324675333332
1493.5 0.837094319048889
1494.0 0.6849150849155555
1494.5 0.8436075322088888
