0.0 1.5764635364624997
0.5 1.45198404785625
1.0 1.6311288711281249
1.5 1.3919960079843747
2.0 1.55938061938125
2.5 1.489326732671875
3.0 1.52548481880625
3.5 1.43799851190625
4.0 1.4944655344656248
4.5 1.381924927815625
5.0 1.60146389713125
5.5 1.2275636363625
6.0 1.7370354645343749
6.5 1.2032739169687499
7.0 0.9803842459187501
7.5 1.6584615384625
8.0 1.5558283433125
8.5 1.4791338582687499
9.0 1.5353493013968749
9.5 1.70629370629375
10.0 1.5232167832156247
10.5 1.5867132867125
11.0 1.4378021978031248
11.5 1.25405189620625
12.0 1.4910489510499998
12.5 1.296427145709375
13.0 1.5969630369625
13.5 1.4433498513375
14.0 1.6482117882124998
14.5 1.37894945490625
15.0 1.573046953046875
15.5 1.2165069860281248
16.0 1.5198001998
16.5 1.5441716566875
17.0 0.944217356040625
17.5 1.24305694305625
18.0 1.4773826173812499
18.5 1.4138861138874999
19.0 1.545158730159375
19.5 1.5368831168843748
20.0 1.56963036963125
20.5 1.3746322827124997
21.0 1.3139268051437498
21.5 1.648034026465625
22.0 1.54913086913125
22.5 1.464687800190625
23.0 1.484534653465625
23.5 1.4711108512625
24.0 1.583296703296875
24.5 1.42955044955
25.0 1.45343313373125
25.5 1.64479520479375
26.0 1.4993006992999998
26.5 1.5407543520312499
27.0 1.692627372628125
27.5 1.62409181636875
28.0 1.6174625374625
28.5 1.3320675944343747
29.0 1.4773826173812499
29.5 1.385670789725
30.0 1.4369292123625
30.5 1.4924018264843748
31.0 1.446633366634375
31.5 1.573046953046875
32.0 1.407052947053125
32.5 1.400655412115625
33.0 1.2753653846156248
33.5 1.32021978021875
34.0 1.525214785215625
34.5 1.256723276721875
35.0 1.5969630369625
35.5 1.505447316103125
36.0 1.2996504854374997
36.5 1.615630413859375
37.0 1.6721278721281247
37.5 1.334876190475
38.0 1.65384405940625
38.5 1.5027172827187498
39.0 1.5764635364624997
39.5 1.53004995005
40.0 1.5898344693281248
40.5 1.5949650349656248
41.0 1.6139985014999998
41.5 0.8624450549437499
42.0 1.4207192807187499
42.5 1.692662013959375
43.0 1.54624254473125
43.5 1.614617676265625
44.0 1.41046953046875
44.5 1.6174625374625
45.0 1.3489685314687498
45.5 1.4262456140343749
46.0 1.615653040878125
46.5 1.5751593625499998
47.0 1.511457085828125
47.5 1.6230218687875
48.0 1.307972027971875
48.5 1.6074177467593749
49.0 1.4295409181624998
49.5 1.18920159680625
50.0 1.5324027916249998
50.5 1.4128444003968748
51.0 1.342316831684375
51.5 1.3355445544562499
52.0 1.36607319485625
52.5 1.4773851148843749
53.0 1.37151696606875
53.5 1.443216783215625
54.0 1.561458128078125
54.5 1.3045554445562497
55.0 1.4944655344656248
55.5 1.390496031746875
56.0 1.45004995005
56.5 1.344135864134375
57.0 1.066327345309375
57.5 1.368103277059375
58.0 1.562797202796875
58.5 1.2899900695125
59.0 1.5149650349656247
59.5 1.4402962962968748
60.0 1.2416383616375
60.5 1.238221778221875
61.0 1.47249500998125
61.5 1.2538767395625
62.0 1.467603960396875
62.5 1.0742257742249999
63.0 1.2928871128875
63.5 1.14054474708125
64.0 1.2279720279718749
64.5 1.212658730159375
65.0 1.34071928071875
65.5 1.2758572844406249
66.0 1.0388431372562499
66.5 1.265554445553125
67.0 1.38171828171875
67.5 1.25063872255625
68.0 1.3796620278343747
68.5 1.21650449101875
69.0 1.265554445553125
69.5 1.081410129096875
70.0 1.053726273725
70.5 1.2211388611375
71.0 1.1986413586406248
71.5 1.1187686196625
72.0 1.4978821178812498
72.5 1.166473526475
73.0 1.088202581925
73.5 0.87164356435625
74.0 0.86825742574375
74.5 0.852147852146875
75.0 0.8216650148656249
75.5 0.827623762375
76.0 0.8268131868125
76.5 0.7018181818187499
77.0 0.7037227182531249
77.5 0.79948051948125
78.0 0.672534687809375
78.5 0.6437362637375
79.0 0.8386124876125001
79.5 0.7788118811875
80.0 0.82085148515
80.5 0.8589735264749999
81.0 0.794073426571875
81.5 0.6771323529406249
82.0 0.8482411067187499
82.5 0.6867658730156249
83.0 0.46589858490624997
83.5 0.516352941175
84.0 0.39821257005625
84.5 0.556903096903125
85.0 0.485623762375
85.5 0.8712287712281249
86.0 0.7267591674937499
86.5 0.55490509490625
87.0 0.41053571428437496
87.5 0.44241121495312496
88.0 0.478321678321875
88.5 0.45419226957500003
89.0 0.589070929071875
89.5 1.095128712871875
90.0 0.9384371909
90.5 0.970802775025
91.0 0.992227772228125
91.5 1.186973026971875
92.0 0.924265873015625
92.5 0.55490509490625
93.0 0.45689587426249995
93.5 0.593392680515625
94.0 0.874645354646875
94.5 0.57819444444375
95.0 0.8031256182
95.5 0.716590683846875
96.0 0.96689310689375
96.5 0.8863136863125
97.0 0.713908730159375
97.5 0.62445544554375
98.0 0.8541458541468749
98.5 0.6894210009812499
99.0 0.590009891196875
99.5 0.74823176823125
100.0 0.46500982318125
100.5 0.705234765234375
101.0 0.7355203171468749
101.5 0.615788423153125
102.0 0.7308730158718749
102.5 0.7413986013999999
103.0 0.774212091178125
103.5 0.835064935065625
104.0 0.7386626746499999
104.5 0.817678571428125
105.0 0.695564356434375
105.5 0.730148662040625
106.0 0.72915084915
106.5 0.778645731109375
107.0 0.794065934065625
107.5 0.72915084915
108.0 0.754623015871875
108.5 0.8059009900999999
109.0 0.6481584158406251
109.5 0.673814870259375
110.0 0.796178075396875
110.5 0.8498826173812499
111.0 0.86233894945625
111.5 0.800534653465625
112.0 0.7971485148499999
112.5 0.934145854146875
113.0 1.053726273725
113.5 0.9073015873031249
114.0 0.878924528303125
114.5 0.94639360639375
115.0 0.818275520315625
115.5 0.831648351646875
116.0 0.7538751238843749
116.5 0.7667332667343749
117.0 0.662817182815625
117.5 0.7173015873031249
118.0 0.6650891089093749
118.5 0.8566930693062499
119.0 0.62106930693125
119.5 0.6539860139875
120.0 0.7253518335
120.5 0.616403596403125
121.0 0.7599000999
121.5 0.835064935065625
122.0 0.872830188678125
122.5 0.8111488511499999
123.0 1.22685076645625
123.5 1.600379620378125
124.0 1.463716283715625
124.5 1.14739260739375
125.0 1.2143056943062498
125.5 1.0120995024875
126.0 0.783816183815625
126.5 0.805103857565625
127.0 0.571408730159375
127.5 1.0027101879312499
128.0 0.746233766234375
128.5 0.678624754421875
129.0 0.5309890109875
129.5 0.62568807339375
130.0 0.6792215568875
130.5 0.6537856440500001
131.0 0.7456181998031249
131.5 0.7449504950499999
132.0 0.6881518481531249
132.5 0.9030128840437499
133.0 0.90640237859375
133.5 0.7268785046718749
134.0 0.8541458541468749
134.5 0.6198201798187499
135.0 0.59457135778125
135.5 0.616277227721875
136.0 0.5585279685968749
136.5 0.6730669330656249
137.0 0.55490509490625
137.5 0.6010211946062499
138.0 0.5329870129875
138.5 0.4736380952375
139.0 0.48857142857187497
139.5 0.512321428571875
140.0 0.421658341659375
140.5 0.389322865553125
141.0 0.24182178217812497
141.5 0.38223529411874996
142.0 0.435882352940625
142.5 0.21473267326718748
143.0 0.20788235294125
143.5 0.201176470588125
144.0 0.1760792079209375
144.5 0.1560582524271875
145.0 0.19590291262125
145.5 0.1962178217821875
146.0 0.1024975024975
146.5 0.1779583746284375
147.0 0.18047058823531248
147.5 0.1756346153846875
148.0 0.43048951049062495
148.5 0.35332667332812495
149.0 0.7396428571437499
149.5 0.657402597403125
150.0 0.558321678321875
150.5 0.817678571428125
151.0 0.7257342657343749
151.5 0.7496503496499999
152.0 0.7257342657343749
152.5 0.83125
153.0 0.753066933065625
153.5 0.7504856293374998
154.0 0.7456181998031249
154.5 0.7912801484218749
155.0 0.8059009900999999
155.5 0.7606541129843749
156.0 0.674485514484375
156.5 0.741254545453125
157.0 0.8199800199812499
157.5 0.7599000999
158.0 0.728202581925
158.5 0.6915779816500001
159.0 0.19867219916999998
159.5 0.703663274746875
160.0 0.5214653465343749
160.5 0.84116831683125
161.0 1.11883168316875
161.5 1.1256039603968748
162.0 0.7267591674937499
162.5 0.5078001752843749
163.0 0.72773226773125
163.5 0.689474727453125
164.0 0.68131868131875
164.5 0.536071428571875
165.0 0.489990009990625
165.5 0.47791873141875
166.0 0.471612265084375
166.5 0.582415841584375
167.0 0.5202195608781249
167.5 0.5366037735843749
168.0 0.5127128712875
168.5 0.70311377245625
169.0 0.758015873015625
169.5 0.80773226773125
170.0 0.6585686274499999
170.5 0.684677898909375
171.0 0.6710689310687499
171.5 0.8008991008999999
172.0 0.711793855303125
172.5 0.6284613478687499
173.0 0.5804356435656249
173.5 0.7178613861375
174.0 0.548071928071875
174.5 0.724633663365625
175.0 0.577621407334375
175.5 0.62106930693125
176.0 0.5722574257437499
176.5 0.505940594059375
177.0 0.693566433565625
177.5 0.5924875124875
178.0 0.713908730159375
178.5 0.69014985015
179.0 0.6759167492562499
179.5 0.589070929071875
180.0 0.860979020978125
180.5 0.8292658730156249
181.0 0.794065934065625
181.5 0.86825742574375
182.0 0.787770069375
182.5 0.738178217821875
183.0 0.6887450980406249
183.5 0.694985014984375
184.0 0.825054509415625
184.5 0.8911481481468749
185.0 0.9142857142843749
185.5 0.8194455445531249
186.0 0.553346534653125
186.5 0.837644710578125
187.0 0.790535714284375
187.5 0.62665584415625
188.0 0.6623587710593749
188.5 0.91956087824375
189.0 0.8628816793906249
189.5 0.81574850299375
190.0 0.737131630646875
190.5 0.753066933065625
191.0 0.6859144676968749
191.5 0.9839760239750001
192.0 0.763316683315625
192.5 0.8284365708624999
193.0 0.845322177821875
193.5 0.713908730159375
194.0 1.010475247525
194.5 0.7960639360625
195.0 0.8453146853156249
195.5 0.8478842315374999
196.0 0.7738905472625
196.5 0.69014985015
197.0 0.62106930693125
197.5 0.610910891090625
198.0 0.553778213934375
198.5 0.40733926805
199.0 0.5067909715406249
199.5 0.40295049504999997
200.0 0.221504950495
200.5 0.54516831683125
201.0 0.28980158730156247
201.5 0.664905284146875
202.0 0.57704950495
202.5 0.7016322314062499
203.0 0.8370629370625
203.5 0.553894945490625
204.0 0.6083003952562499
204.5 0.3067658730159375
205.0 0.32506930693124997
205.5 0.500239760240625
206.0 0.8059009900999999
206.5 0.632854291415625
207.0 0.6466931479656249
207.5 0.8233966033968749
208.0 0.73256743256875
208.5 0.8564087301593749
209.0 0.664235764234375
209.5 0.7558572844406249
210.0 0.7659680638718749
210.5 0.7987301587312499
211.0 0.6260279441125
211.5 0.8575624375625
212.0 0.806315789475
212.5 0.786990099009375
213.0 0.698401598403125
213.5 0.46097125867187494
214.0 0.41988118811875
214.5 0.343076923078125
215.0 0.48130822596562495
215.5 0.46329692154999996
216.0 0.32733798604062503
216.5 0.1863300970875
217.0 0.1697281553396875
217.5 0.136669838249375
218.0 0.188214285714375
218.5 0.195380811078125
219.0 0.1863300970875
219.5 0.16314868804656252
220.0 0.1556083086053125
220.5 0.21794117647062497
221.0 0.37924752475312495
221.5 0.15898039215687498
222.0 0.16442307692312497
222.5 0.209184466019375
223.0 0.2404158415840625
223.5 0.36949119373749995
224.0 0.671785714284375
224.5 0.6669860279437501
225.0 0.63951652089375
225.5 0.5228653846156249
226.0 0.7496503496499999
226.5 0.5326785714281249
227.0 0.34649350649375
227.5 0.185216240070625
228.0 0.670598290596875
228.5 0.1050743310209375
229.0 0.39290709290625003
229.5 0.597958374628125
230.0 0.696983016984375
230.5 0.7908632395718749
231.0 0.7945490584749999
231.5 0.7523153692624999
232.0 0.7685393258437501
232.5 0.7323333333343749
233.0 0.5924875124875
233.5 0.556428571428125
234.0 0.5822377622375
234.5 0.6510843373499999
235.0 0.7077029702968749
235.5 0.539801980196875
236.0 0.635964391690625
236.5 0.7701498501499999
237.0 0.8274051896218749
237.5 0.8844289970218749
238.0 1.159640359640625
238.5 0.9785614385624999
239.0 1.053726273725
239.5 0.96254220456875
240.0 1.029810189809375
240.5 0.825054509415625
241.0 0.6041216879281249
241.5 0.598722554890625
242.0 0.77498015873125
242.5 0.961478521478125
243.0 0.98441117764375
243.5 0.86761061946875
244.0 0.9478121878124999
244.5 1.053726273725
245.0 1.0159724950875
245.5 1.019560439559375
246.0 1.0385926660062499
246.5 0.7583848454625
247.0 0.813108242303125
247.5 0.8213986014
248.0 0.7757823129249999
248.5 0.9449814814812499
249.0 1.3988011987999998
249.5 1.521798201796875
250.0 1.3660539460531251
250.5 1.4889572989062498
251.0 1.176723276721875
251.5 0.992225274725
252.0 0.8555599603562499
252.5 0.71998017839375
253.0 0.6656346153843749
253.5 0.929310689309375
254.0 0.597958374628125
254.5 0.83848151848125
255.0 0.834231536925
255.5 0.8328143712562499
256.0 0.8895920397999999
256.5 0.8179820179812499
257.0 0.746233766234375
257.5 0.8835515873031249
258.0 0.9775848303406249
258.5 0.940979020978125
259.0 0.84843462246875
259.5 0.968435643565625
260.0 0.835064935065625
260.5 0.7018181818187499
261.0 0.9378373015874999
261.5 0.6039238095249999
262.0 0.753214285715625
262.5 0.54465534465625
263.0 0.585801980196875
263.5 0.574257228315625
264.0 0.76556107249375
264.5 0.8201947115374999
265.0 0.7960639360625
265.5 0.7496503496499999
266.0 0.60194444444375
266.5 0.6354845154843749
267.0 0.45240759240624995
267.5 0.541415929203125
268.0 0.54465534465625
268.5 0.698105451296875
269.0 0.99764235764375
269.5 0.69948969578125
270.0 0.903396603396875
270.5 0.7496503496499999
271.0 0.940551181103125
271.5 0.89136590229375
272.0 0.8756981132062499
272.5 1.05788118811875
273.0 0.7185728444
273.5 0.6198201798187499
274.0 0.796686626746875
274.5 0.42666011787812497
275.0 0.3721764705875
275.5 0.1300792079209375
276.0 0.9088111888125
276.5 0.920479520478125
277.0 0.8013280475718749
277.5 0.7701498501499999
278.0 0.67998015873125
278.5 0.9122277722281249
279.0 0.9669369369374999
279.5 0.951314814815625
280.0 0.9646313799625
280.5 0.968435643565625
281.0 0.9307292707281251
281.5 1.0861869158875
282.0 1.185788423153125
282.5 0.79868263473125
283.0 0.818129353234375
283.5 0.7667332667343749
284.0 0.7328118811875001
284.5 0.5500699300687499
285.0 0.47885148515000003
285.5 0.726071428571875
286.0 0.8008991008999999
286.5 0.7707755203156249
287.0 0.5111225961531249
287.5 0.47380198019687497
288.0 0.32532673267187495
288.5 0.31656862745
289.0 0.5722574257437499
289.5 0.42467326732812494
290.0 0.5146930693062499
290.5 0.47885148515000003
291.0 0.52641176470625
291.5 0.43056862744999996
292.0 0.34535294117499993
292.5 0.30166501486624997
293.0 0.3109090909090625
293.5 0.46283730158749997
294.0 0.519334500875
294.5 0.6525674325687499
295.0 0.29342230695906246
295.5 0.384075924075
296.0 0.3154857703625
296.5 0.314867776690625
297.0 0.16765624999999998
297.5 0.2076787463271875
298.0 0.1944705882353125
298.5 0.209940594059375
299.0 0.16269573835468748
299.5 0.14686449060343748
300.0 0.1262973760934375
300.5 0.1690576923078125
301.0 0.2835764235765625
301.5 0.37962338949374996
302.0 0.259314397649375
302.5 0.1476741903828125
303.0 0.247874632713125
303.5 0.1950342836521875
304.0 0.34041944709375
304.5 0.39279207920937503
305.0 0.305417075564375
305.5 0.13063663075406248
306.0 0.194349514563125
306.5 0.1388316831684375
307.0 0.25259475218656247
307.5 0.59398019801875
308.0 0.16362361822593752
308.5 0.437322677321875
309.0 0.12854599406531247
309.5 0.1554733994590625
310.0 0.2047301275759375
310.5 0.1997821782178125
311.0 0.443584158415625
311.5 0.2884115884115625
312.0 0.307773467804375
312.5 0.118514851485
313.0 0.19207692307687502
313.5 0.2801598401596875
314.0 0.12893032384687497
314.5 0.3109090909090625
315.0 0.56604558969375
315.5 0.494802371540625
316.0 0.5225
316.5 0.5025544554468749
317.0 0.511076923078125
317.5 0.603529411765625
318.0 0.44703111858749994
318.5 0.27884086443999995
319.0 0.19481188118812498
319.5 0.1388316831684375
320.0 0.365143385753125
320.5 0.7789810189812499
321.0 0.812301587303125
321.5 0.47584830339375
322.0 0.895714285715625
322.5 0.694985014984375
323.0 0.45898166501562493
323.5 0.70093069306875
324.0 0.5881642156875
324.5 0.63998019801875
325.0 0.6915684315687499
325.5 0.8420019821593749
326.0 0.6396806387218749
326.5 0.78375
327.0 0.684735264734375
327.5 0.787770069375
328.0 0.8760639360625
328.5 0.9436868186312499
329.0 1.0947252747249998
329.5 0.8897302697312499
330.0 1.004697720515625
330.5 0.9246097337
331.0 0.8840119760468749
331.5 0.7667332667343749
332.0 0.633737574553125
332.5 0.5587128712875
333.0 0.394198019803125
333.5 0.468071928071875
334.0 0.1839917012446875
334.5 0.5748520710062499
335.0 0.1894615384615625
335.5 0.1708291708290625
336.0 0.30877330716374995
336.5 0.10747784045125
337.0 0.18168691922812502
337.5 0.11512871287125
338.0 0.1922477522478125
338.5 0.1762537165509375
339.0 0.2267260138478125
339.5 0.1931219028740625
340.0 0.16682926829281247
340.5 0.15795024875625
341.0 0.21332673267312496
341.5 0.2801598401596875
342.0 0.395647058825
342.5 0.33324752475312497
343.0 0.11411187438656249
343.5 0.148110236220625
344.0 0.25547808764937496
344.5 0.17071287128718748
345.0 0.19782352941187498
345.5 0.19762977473062499
346.0 0.206554455445625
346.5 0.2033696729434375
347.0 0.1119272727271875
347.5 0.25511374876375
348.0 0.440832507434375
348.5 0.35789566755
349.0 0.38979187314062497
349.5 0.35181008902187494
350.0 0.186422200198125
350.5 0.18048
351.0 0.74229930624375
351.5 0.7120679320687499
352.0 0.707123015871875
352.5 0.72659754948125
353.0 0.8199800199812499
353.5 0.7403171456875
354.0 0.7091089108906249
354.5 0.74795042898125
355.0 0.78142433234375
355.5 0.756483516484375
356.0 0.7267591674937499
356.5 0.7403554724031249
357.0 0.813146853146875
357.5 0.746233766234375
358.0 0.735984015984375
358.5 0.739579751671875
359.0 0.8233966033968749
359.5 0.6635653692625
360.0 0.7383987090374999
360.5 0.8268131868125
361.0 0.7394005993999999
361.5 0.7437066402375
362.0 0.7267591674937499
362.5 0.80973026973125
363.0 0.677902097903125
363.5 0.673196924603125
364.0 0.6982452830187499
364.5 0.78923076923125
365.0 0.68269573835625
365.5 0.701641938675
366.0 0.708404360753125
366.5 0.6874650698593749
367.0 0.6608191808187499
367.5 0.667730426165625
368.0 0.1987740693196875
368.5 0.6083003952562499
369.0 1.3275254865625
369.5 1.4193006993000001
370.0 1.6030495049499998
370.5 1.37217046580625
371.0 1.18355644355625
371.5 1.166473526475
372.0 1.3748851148843748
372.5 1.1948957298906249
373.0 1.383752495009375
373.5 1.433450834878125
374.0 1.0269599807125
374.5 1.92311377245625
375.0 1.3797202797187498
375.5 1.3783016983031249
376.0 1.407460317459375
376.5 1.64479520479375
377.0 1.4196233894937498
377.5 1.4705494505499999
378.0 1.289470529471875
378.5 1.3421378621374997
379.0 1.2703373015875
379.5 1.2712079207906248
380.0 1.21364356435625
380.5 1.2245554445562499
381.0 1.078383641675
381.5 1.1120594059406248
382.0 0.9375649350656249
382.5 0.984213592234375
383.0 0.9729075309812499
383.5 1.02639360639375
384.0 1.0742257742249999
384.5 1.185515873015625
385.0 1.34071928071875
385.5 1.0758771060468748
386.0 1.060559440559375
386.5 1.08604558969375
387.0 1.180139860140625
387.5 0.9683730158718749
388.0 0.6300699300687499
388.5 0.6996432111
389.0 1.0673926073937499
389.5 1.327052947053125
390.0 1.084475524475
390.5 1.1469941060906248
391.0 1.206673247778125
391.5 1.1084723523906248
392.0 1.4110578842312498
392.5 1.3133866133874998
393.0 1.2740148698875
393.5 0.3047524752475
394.0 0.41763461538437496
394.5 0.467450980390625
395.0 0.771626168225
395.5 0.755108910890625
396.0 0.8111488511499999
396.5 0.89962338949375
397.0 0.664235764234375
397.5 0.9310696761531249
398.0 1.207472527471875
398.5 1.3639841427156247
399.0 1.26318496538125
399.5 1.248910891090625
400.0 0.96603773585
400.5 1.3097522299312498
401.0 1.2416383616375
401.5 1.38855144855
402.0 1.339603174603125
402.5 1.39196803196875
403.0 1.3236363636375
403.5 1.348971028971875
404.0 1.4329670329656248
404.5 1.4156461232593749
405.0 1.150809190809375
405.5 1.4739660339656249
406.0 1.355158730159375
406.5 0.981978021978125
407.0 0.7572646184343749
407.5 0.8282317682312499
408.0 0.774212091178125
408.5 1.087892107890625
409.0 1.03520317145625
409.5 0.7449174311937499
410.0 1.122057942059375
410.5 0.886814244465625
411.0 1.084475524475
411.5 1.2245554445562499
412.0 1.47738011988125
412.5 1.220608242303125
413.0 0.6881993006999999
413.5 1.143666997028125
414.0 1.1019009900999999
414.5 0.8692307692312499
415.0 1.108391608390625
415.5 1.2873015873031248
416.0 1.11664335664375
416.5 1.145974025975
417.0 1.02944444444375
417.5 0.7901079489687499
418.0 0.48857142857187497
418.5 0.681411530815625
419.0 0.26876227897843746
419.5 0.362316831684375
420.0 0.684735264734375
420.5 0.7979385530218749
421.0 0.7872327672312499
421.5 0.813478691775
422.0 0.7223176823187499
422.5 0.6115163528249999
423.0 0.3975960591125
423.5 0.302865671641875
424.0 0.47207920792187497
424.5 0.692019417475
425.0 0.7960639360625
425.5 0.8664509803906248
426.0 0.87948051948125
426.5 0.998908730159375
427.0 1.4289416419375
427.5 1.04689310689375
428.0 1.11664335664375
428.5 0.9412627669437499
429.0 1.149390609390625
429.5 0.8317516218718749
430.0 0.54231912785
430.5 0.45409523809374996
431.0 0.538396039603125
431.5 0.45758176412187496
432.0 0.384075924075
432.5 0.5261538461531249
433.0 0.333577799803125
433.5 0.4817382617375
434.0 0.32394610202187496
434.5 0.21416829745593746
435.0 0.17148533585625
435.5 0.19388235294125
436.0 0.26462291870718746
436.5 0.31293069306874993
437.0 0.1678115799803125
437.5 0.2559880239521875
438.0 0.21692765113968748
438.5 0.1893103448275
439.0 0.1849539985846875
439.5 0.413928571428125
440.0 0.43046580773125
440.5 0.21811881188124999
441.0 0.206554455445625
441.5 0.5534865134875
442.0 0.7872327672312499
442.5 0.730148662040625
443.0 0.6917196261687499
443.5 0.8268131868125
444.0 0.8792864222
444.5 1.0058966033968748
445.0 0.8318334985125
445.5 0.8216650148656249
446.0 0.85724282888125
446.5 0.849795673078125
447.0 0.9181437125749999
447.5 0.773566433565625
448.0 0.785938430984375
448.5 0.7971485148499999
449.0 0.7960639360625
449.5 0.71998017839375
450.0 1.05449504950625
450.5 1.068039603959375
451.0 1.1086732673281248
451.5 0.895346534653125
452.0 0.7496503496499999
452.5 0.707115575396875
453.0 0.787314903846875
453.5 0.8028971028968749
454.0 0.7173015873031249
454.5 0.6915684315687499
455.0 0.7558572844406249
455.5 0.783816183815625
456.0 0.701110279440625
456.5 0.874247765640625
457.0 1.13230519480625
457.5 0.893274509803125
458.0 1.018542914171875
458.5 1.327052947053125
459.0 1.4583912611718748
459.5 1.130309690309375
460.0 1.01614385614375
460.5 1.0799800399187498
461.0 1.0665472636812499
461.5 1.042272727271875
462.0 0.808593448940625
462.5 1.17330669330625
463.0 1.1345908183625
463.5 0.8965634365624999
464.0 0.960099403578125
464.5 0.941828171828125
465.0 0.74054945055
465.5 0.934145854146875
466.0 1.29748015873125
466.5 1.0725120307999998
467.0 0.99749514563125
467.5 0.99085436893125
468.0 1.128891108890625
468.5 1.2621378621375001
469.0 1.565515873015625
469.5 1.0673926073937499
470.0 1.00569444444375
470.5 1.11664335664375
471.0 1.2758041958031248
471.5 1.1738703339874998
472.0 0.9190495049499999
472.5 0.963932135728125
473.0 0.9887301587312499
473.5 0.882897102896875
474.0 1.0673926073937499
474.5 1.20626746506875
475.0 1.1538767395625
475.5 1.3988011987999998
476.0 0.9402973240843749
476.5 0.7523153692624999
477.0 0.7689597815281249
477.5 0.693566433565625
478.0 0.934145854146875
478.5 0.9867722772281249
479.0 0.99564435564375
479.5 1.0697405189625
480.0 1.051888667990625
480.5 1.096433962265625
481.0 0.71064935065
481.5 0.58202158979375
482.0 0.6184015984031249
482.5 0.4865873015875
483.0 0.5891881188125
483.5 0.61368941641875
484.0 0.617683168315625
484.5 0.552487611496875
485.0 0.5635049504937499
485.5 0.5432367632374999
486.0 0.47207920792187497
486.5 0.7003996003999999
487.0 0.7394005993999999
487.5 1.03219560878125
488.0 0.99069582505
488.5 0.8863136863125
489.0 0.847101879328125
489.5 0.9931082423031249
490.0 0.903374125875
490.5 0.818297819621875
491.0 1.05057768924375
491.5 0.94210124164375
492.0 0.94585727525625
492.5 0.96603773585
493.0 1.0010589410593749
493.5 0.83848151848125
494.0 0.7987301587312499
494.5 0.6887450980406249
495.0 0.7182499999999999
495.5 0.8336463536468749
496.0 0.872647352646875
496.5 0.6867187499999999
497.0 0.6397976190468749
497.5 0.690772277228125
498.0 0.80773226773125
498.5 0.7701498501499999
499.0 0.7667857142843749
499.5 0.746233766234375
500.0 0.6555797819625
500.5 0.8453146853156249
501.0 0.852147852146875
501.5 0.8780619380625
502.0 0.79952333664375
502.5 1.1323076923062498
503.0 1.2453518334999998
503.5 1.01949257425625
504.0 0.7200499500499999
504.5 0.7098116947468749
505.0 0.610910891090625
505.5 1.01371257485
506.0 0.6127308838125
506.5 0.8760639360625
507.0 0.98775024776875
507.5 1.465668662675
508.0 1.3113886113875
508.5 1.6072127872125
509.0 1.52772591856875
509.5 1.4758374628343751
510.0 1.24
510.5 1.521798201796875
511.0 1.2792207792218748
511.5 1.230907354346875
512.0 1.035608782434375
512.5 1.305249500996875
513.0 1.405447316103125
513.5 1.2279720279718749
514.0 1.118641358640625
514.5 1.190618762475
515.0 1.2813572854281248
515.5 1.28007976071875
516.0 1.310544015825
516.5 1.04689310689375
517.0 0.9436868186312499
517.5 0.9030128840437499
518.0 0.746233766234375
518.5 0.7189010989
519.0 0.47369351669999993
519.5 0.26411881188124997
520.0 0.401158841159375
520.5 0.7470961347875
521.0 0.8601197604781249
521.5 0.706202158978125
522.0 0.824815184815625
522.5 0.7173015873031249
523.0 0.655984015984375
523.5 0.5127128712875
524.0 0.42874635568437497
524.5 0.274941176470625
525.0 0.33630069238437493
525.5 0.43046580773125
526.0 0.7531311881187499
526.5 0.60156862745
527.0 0.6525674325687499
527.5 0.6454112983156249
528.0 0.776983016984375
528.5 0.8475996292875
529.0 0.963476523475
529.5 0.7979385530218749
530.0 0.6786336633656249
530.5 0.8760639360625
531.0 0.720485981309375
531.5 0.7396428571437499
532.0 0.59059405940625
532.5 0.753066933065625
533.0 1.0434765234749999
533.5 0.883283858996875
534.0 0.9080232558124999
534.5 1.0328373015874999
535.0 1.058633495146875
535.5 1.190397102896875
536.0 0.872507433103125
536.5 0.72801980198125
537.0 1.04689310689375
537.5 1.132376237625
538.0 1.1349033696718749
538.5 1.139140859140625
539.0 1.176723276721875
539.5 1.40567779960625
540.0 0.8453146853156249
540.5 0.9980638722562499
541.0 0.63650446871875
541.5 0.8404795204781249
542.0 0.6053373015875
542.5 0.497140058765625
543.0 0.9729075309812499
543.5 0.987903846153125
544.0 0.9752380952375
544.5 1.0138613861374999
545.0 1.1015584415593749
545.5 0.8843217960718749
546.0 1.0008928571437499
546.5 0.64031968031875
547.0 0.6334865134875001
547.5 0.6880673934593751
548.0 0.9161477045906249
548.5 0.57644051130625
549.0 0.5124875124875
549.5 0.4309911678125
550.0 0.6530434782593749
550.5 0.624259077528125
551.0 0.42123752495
551.5 0.487131630646875
552.0 0.4817382617375
552.5 0.500239760240625
553.0 0.540873015871875
553.5 0.75848151848125
554.0 0.636903096903125
554.5 0.7987301587312499
555.0 1.0742257742249999
555.5 0.8521233894937499
556.0 0.567152847153125
556.5 0.355599209834375
557.0 0.341330724071875
557.5 0.36606541129687503
558.0 0.370409590409375
558.5 0.49196428571562495
559.0 0.45374257425625
559.5 0.32941058940937495
560.0 0.3118334985134375
560.5 0.365574425575
561.0 0.3304178814375
561.5 0.39617821782187496
562.0 0.363213572853125
562.5 0.2734649555775
563.0 0.1448866995075
563.5 0.2289110889109375
564.0 0.45221010901875
564.5 0.487603960396875
565.0 0.36592452830312494
565.5 0.420239760240625
566.0 0.45758176412187496
566.5 0.421658341659375
567.0 0.5369970559375
567.5 0.48900990099062497
568.0 0.568871287128125
568.5 0.48223762376249996
569.0 0.6061188118812499
569.5 0.5412387612374999
570.0 0.51859266600625
570.5 0.390909090909375
571.0 0.41012884043750003
571.5 0.27059280855187495
572.0 0.33449101796562497
572.5 0.485178571428125
573.0 0.53302970296875
573.5 0.5113069306937499
574.0 0.28499500499499997
574.5 0.26438057482656246
575.0 0.20274052478125
575.5 0.2904095904096875
576.0 0.448991008990625
576.5 0.56265609514375
577.0 0.390909090909375
577.5 0.413108910890625
578.0 0.2906563039725
578.5 0.1537404580153125
579.0 0.1760792079209375
579.5 0.40315684315625
580.0 0.549960396040625
580.5 0.6467524752468751
581.0 0.726039603959375
581.5 0.6115163528249999
582.0 0.362117647059375
582.5 0.2904095904096875
583.0 0.37658252427187494
583.5 0.420239760240625
584.0 0.30621323529406247
584.5 0.8575624375625
585.0 0.742817182815625
585.5 1.19348560079375
586.0 0.6915684315687499
586.5 0.49099009900937496
587.0 0.18263002944062498
587.5 0.1095728155340625
588.0 0.18865403788625001
588.5 0.288679245283125
589.0 0.408210717528125
589.5 0.9547053320875
590.0 0.996527643065625
590.5 0.92589410589375
591.0 0.6691377601593749
591.5 0.8213986014
592.0 0.626828793775
592.5 0.529570429571875
593.0 0.447413280475
593.5 0.3908118811875
594.0 0.306017699115
594.5 0.32685403444999994
595.0 0.331513353115625
595.5 0.45419226957500003
596.0 0.26627696078437496
596.5 0.2782941176471875
597.0 0.2131157270028125
597.5 0.33555996035624996
598.0 0.30277227722781247
598.5 0.39290709290625003
599.0 0.40901653611874994
599.5 0.399564356434375
600.0 0.566021934196875
600.5 0.61343166175
601.0 0.570277227721875
601.5 0.693566433565625
602.0 0.63185332011875
602.5 0.567152847153125
603.0 0.238671952428125
603.5 0.40999000999062496
604.0 0.570842418234375
604.5 0.788443113771875
605.0 0.490428015565625
605.5 0.48421782178124995
606.0 0.27124561403499997
606.5 0.5637362637375
607.0 0.632854291415625
607.5 0.1959363153903125
608.0 0.571408730159375
608.5 0.567152847153125
609.0 0.53694747274375
609.5 0.74823176823125
610.0 0.6123752494999999
610.5 0.524428997021875
611.0 0.6033300297312499
611.5 0.595904095903125
612.0 0.559821428571875
612.5 0.4745256917
613.0 0.511813676909375
613.5 0.47508840864374996
614.0 0.542694610778125
614.5 0.49966303270624995
615.0 0.655984015984375
615.5 0.5617382617375
616.0 0.607544910178125
616.5 0.55499503475625
617.0 0.5127128712875
617.5 0.278435
618.0 0.2775375
618.5 0.26634499999999994
619.0 0.26606
619.5 0.278495
620.0 0.28050749999999997
620.5 0.2795375
621.0 0.280545
621.5 0.278375
622.0 0.273275
622.5 0.27550749999999996
623.0 0.2786925
623.5 0.2749525
624.0 0.2738525
624.5 0.28058
625.0 0.280005
625.5 0.2630725
626.0 0.27992
626.5 0.28022499999999995
627.0 0.2803525
627.5 0.28137249999999997
628.0 0.2768425
628.5 0.2596775
629.0 0.27531
629.5 0.28049
630.0 0.2809
630.5 0.27294749999999995
631.0 0.2736475
631.5 0.2762925
632.0 0.2755225
632.5 0.2734525
633.0 0.2767075
633.5 0.2816025
634.0 0.2807225
634.5 0.281735
635.0 0.2750025
635.5 0.2759
636.0 0.276315
636.5 0.27371999999999996
637.0 0.26607499999999995
637.5 0.28160999999999997
638.0 0.2816225
638.5 0.28040499999999996
639.0 0.28132
639.5 0.281455
640.0 0.2817825
640.5 0.281745
641.0 0.28195499999999996
641.5 0.28174
642.0 0.28161499999999995
642.5 0.28159
643.0 0.28172749999999996
643.5 0.281395
644.0 0.2815125
644.5 0.281735
645.0 0.28167
645.5 0.2813575
646.0 0.28165999999999997
646.5 0.276565
647.0 0.2761975
647.5 0.2803425
648.0 0.2646225
648.5 0.276835
649.0 0.27377999999999997
649.5 0.282035
650.0 0.2818925
650.5 0.28163
651.0 0.280995
651.5 0.252305
652.0 0.28112249999999994
652.5 0.2816225
653.0 0.2816325
653.5 0.28188749999999996
654.0 0.28208
654.5 0.2818075
655.0 0.25490749999999995
655.5 0.28137999999999996
656.0 0.28095
656.5 0.281755
657.0 0.2620575
657.5 0.281865
658.0 0.281655
658.5 0.28152
659.0 0.28168249999999995
659.5 0.28163499999999997
660.0 0.2806725
660.5 0.2819425
661.0 0.281155
661.5 0.2814525
662.0 0.2818575
662.5 0.281835
663.0 0.28120249999999997
663.5 0.28189749999999997
664.0 0.2817475
664.5 0.28095749999999997
665.0 0.27661499999999994
665.5 0.2816
666.0 0.2816
666.5 0.28158
667.0 0.28092249999999996
667.5 0.28106749999999997
668.0 0.281475
668.5 0.2810825
669.0 0.28032999999999997
669.5 0.25725
670.0 0.28159
670.5 0.2817125
671.0 0.2807575
671.5 0.28169249999999996
672.0 0.2813075
672.5 0.28117
673.0 0.28133499999999995
673.5 0.2817325
674.0 0.2815975
674.5 0.2817
675.0 0.2818225
675.5 0.2814675
676.0 0.2815225
676.5 0.28155749999999996
677.0 0.281675
677.5 0.28110999999999997
678.0 0.28104
678.5 0.2816125
679.0 0.28163499999999997
679.5 0.2819375
680.0 0.28170249999999997
680.5 0.2815625
681.0 0.27310999999999996
681.5 0.2815275
682.0 0.28161499999999995
682.5 0.281595
683.0 0.281485
683.5 0.2795875
684.0 0.28162
684.5 0.28032999999999997
685.0 0.28139
685.5 0.28164249999999996
686.0 0.28153999999999996
686.5 0.2570825
687.0 0.28173
687.5 0.281935
688.0 0.28148249999999997
688.5 0.25911
689.0 0.2819175
689.5 0.2815775
690.0 0.2821975
690.5 0.2808425
691.0 0.28114249999999996
691.5 0.28155749999999996
692.0 0.28157
692.5 0.28188749999999996
693.0 0.27024499999999996
693.5 0.2817225
694.0 0.28153999999999996
694.5 0.2777175
695.0 0.281185
695.5 0.2723625
696.0 0.2818075
696.5 0.28152
697.0 0.28133499999999995
697.5 0.28175999999999995
698.0 0.28189499999999995
698.5 0.28214
699.0 0.28195499999999996
699.5 0.28180499999999997
700.0 0.2813675
700.5 0.28107
701.0 0.2794675
701.5 0.28156749999999997
702.0 0.2818675
702.5 0.28097
703.0 0.280565
703.5 0.2815
704.0 0.2813
704.5 0.28163499999999997
705.0 0.281495
705.5 0.2814975
706.0 0.281585
706.5 0.16546499999999997
707.0 0.27918499999999996
707.5 0.2818075
708.0 0.281145
708.5 0.2787475
709.0 0.281325
709.5 0.28148249999999997
710.0 0.28145749999999997
710.5 0.2817425
711.0 0.281645
711.5 0.28147999999999995
712.0 0.2815775
712.5 0.2816875
713.0 0.281565
713.5 0.2816375
714.0 0.2815175
714.5 0.28185499999999997
715.0 0.28141
715.5 0.2817
716.0 0.28163499999999997
716.5 0.28185249999999995
717.0 0.281485
717.5 0.2816025
718.0 0.280475
718.5 0.26869
719.0 0.2794525
719.5 0.281275
720.0 0.2816
720.5 0.28140499999999996
721.0 0.28157499999999996
721.5 0.2817575
722.0 0.281455
722.5 0.2814975
723.0 0.28161749999999997
723.5 0.28168
724.0 0.281745
724.5 0.28154999999999997
725.0 0.28100749999999997
725.5 0.28104
726.0 0.28185
726.5 0.27682249999999997
727.0 0.28192999999999996
727.5 0.2819325
728.0 0.281755
728.5 0.2819925
729.0 0.28176999999999996
729.5 0.2819075
730.0 0.2820025
730.5 0.28187249999999997
731.0 0.28199749999999996
731.5 0.279275
732.0 0.28189499999999995
732.5 0.27710999999999997
733.0 0.28097
733.5 0.27982999999999997
734.0 0.2803225
734.5 0.28115999999999997
735.0 0.28120249999999997
735.5 0.28123
736.0 0.28173
736.5 0.280095
737.0 0.2692
737.5 0.28132
738.0 0.28123
738.5 0.280085
739.0 0.2811625
739.5 0.2811175
740.0 0.2811725
740.5 0.28126999999999996
741.0 0.281145
741.5 0.28107499999999996
742.0 0.28081249999999996
742.5 0.28078749999999997
743.0 0.28113
743.5 0.28095749999999997
744.0 0.28075249999999996
744.5 0.28080499999999997
745.0 0.28102499999999997
745.5 0.28075
746.0 0.2808375
746.5 0.2811475
747.0 0.281005
747.5 0.28085
748.0 0.281195
748.5 0.28112
749.0 0.2812375
749.5 0.28112499999999996
750.0 0.28108
750.5 0.28103249999999996
751.0 0.2805275
751.5 0.24965
752.0 0.280935
752.5 0.28017749999999997
753.0 0.28129
753.5 0.28121999999999997
754.0 0.28121999999999997
754.5 0.27904999999999996
755.0 0.27925999999999995
755.5 0.2808025
756.0 0.2810175
756.5 0.281095
757.0 0.281095
757.5 0.28084749999999997
758.0 0.2802
758.5 0.2811825
759.0 0.28089749999999997
759.5 0.27985
760.0 0.2809325
760.5 0.2810175
761.0 0.280435
761.5 0.2747
762.0 0.2813975
762.5 0.281205
763.0 0.280425
763.5 0.2813625
764.0 0.28084499999999996
764.5 0.28107499999999996
765.0 0.28112249999999994
765.5 0.28058
766.0 0.28113499999999997
766.5 0.28150749999999997
767.0 0.2809925
767.5 0.28128749999999997
768.0 0.584085
768.5 0.6433625
769.0 0.650955
769.5 0.6116925
770.0 0.6773075000000001
770.5 0.6062275
771.0 0.622185
771.5 0.604335
772.0 0.563685
772.5 0.6051949999999999
773.0 0.598495
773.5 0.6781275
774.0 0.5843849999999999
774.5 0.6339174999999999
775.0 0.5463975
775.5 0.6015974999999999
776.0 0.6343825
776.5 0.601075
777.0 0.6321374999999999
777.5 0.6539174999999999
778.0 0.598565
778.5 0.5927625
779.0 0.6537424999999999
779.5 0.6188325
780.0 0.6233074999999999
780.5 0.5767749999999999
781.0 0.6061799999999999
781.5 0.6428999999999999
782.0 0.6394099999999999
782.5 0.5884275
783.0 0.6393925
783.5 0.631035
784.0 0.5801025
784.5 0.6339075
785.0 0.6271475
785.5 0.5838949999999999
786.0 0.6007625
786.5 0.635845
787.0 0.64281
787.5 0.484035
788.0 0.6679274999999999
788.5 0.5877899999999999
789.0 0.6097975
789.5 0.6310574999999999
790.0 0.5380825
790.5 0.61849
791.0 0.68014
791.5 0.5776074999999999
792.0 0.6438
792.5 0.5784849999999999
793.0 0.64088
793.5 0.604625
794.0 0.6619925
794.5 0.5738675
795.0 0.5294274999999999
795.5 0.514765
796.0 0.6631525
796.5 0.2964525
797.0 0.6612899999999999
797.5 0.6315850000000001
798.0 0.5588925
798.5 0.64662
799.0 0.6409075
799.5 0.6251524999999999
800.0 0.6450975
800.5 0.5224725
801.0 0.533995
801.5 0.5116225
802.0 0.46954250000000003
802.5 0.66458
803.0 0.5924524999999999
803.5 0.65704
804.0 0.7338224999999999
804.5 0.4054975
805.0 0.5224899999999999
805.5 0.613025
806.0 0.6495674999999999
806.5 0.49169499999999994
807.0 0.5982275
807.5 0.511945
808.0 0.6401125
808.5 0.52205
809.0 0.5181899999999999
809.5 0.6400524999999999
810.0 0.5051524999999999
810.5 0.6196825
811.0 0.6135949999999999
811.5 0.6255875
812.0 0.4841675
812.5 0.684735
813.0 0.64403
813.5 0.6818249999999999
814.0 0.2935375
814.5 0.6402074999999999
815.0 0.7064574999999998
815.5 0.6317524999999999
816.0 0.6541225
816.5 0.373115
817.0 0.45307
817.5 0.5175774999999999
818.0 0.5202199999999999
818.5 0.4120625
819.0 0.4240225
819.5 0.4193725
820.0 0.46727749999999996
820.5 0.430305
821.0 0.4321875
821.5 0.46324249999999995
822.0 0.42000999999999994
822.5 0.4349775
823.0 0.44253
823.5 0.4553775
824.0 0.42222
824.5 0.515335
825.0 0.437615
825.5 0.33305
826.0 0.44137999999999994
826.5 0.4288625
827.0 0.4247274999999999
827.5 0.4597575
828.0 0.45160249999999996
828.5 0.42660249999999994
829.0 0.4331775
829.5 0.44117499999999993
830.0 0.46834749999999997
830.5 0.43015749999999997
831.0 0.53375
831.5 0.387385
832.0 0.5196075
832.5 0.4772375
833.0 0.5676325
833.5 0.3748825
834.0 0.37402749999999996
834.5 0.43855999999999995
835.0 0.45491249999999994
835.5 0.4237775
836.0 0.4383625
836.5 0.5228975
837.0 0.47442749999999995
837.5 0.549445
838.0 0.38937499999999997
838.5 0.3396125
839.0 0.5503725
839.5 0.5471349999999999
840.0 0.4395575
840.5 0.52213
841.0 0.5523775
841.5 0.60251
842.0 0.4761625
842.5 0.41255
843.0 0.432395
843.5 0.28737512487499994
844.0 0.50961843409375
844.5 0.556678082190625
845.0 0.23828869047624998
845.5 0.2495445544553125
846.0 0.153267699115
846.5 0.21882920792093746
847.0 0.1834876237625
847.5 0.133113445378125
848.0 0.1313370535715625
848.5 0.19207692307687502
849.0 0.160070388349375
849.5 0.1637058823528125
850.0 0.15211428571437502
850.5 0.18047058823531248
851.0 0.1387301980196875
851.5 0.1945445544553125
852.0 0.1821544117646875
852.5 0.17086633663375
853.0 0.193695544554375
853.5 0.149316176470625
854.0 0.1659207920790625
854.5 0.1875808823528125
855.0 0.1019423076921875
855.5 0.1005882352940625
856.0 0.18636613386625
856.5 0.172864222001875
857.0 0.1254554455446875
857.5 0.1261747572815625
858.0 0.1062178217821875
858.5 0.13255392156874998
859.0 0.156430693069375
859.5 0.12390346534656249
860.0 0.19094708209687497
860.5 0.23580940594062497
861.0 0.2254241071428125
861.5 0.18789912280687499
862.0 0.20337376237625
862.5 0.153606476938125
863.0 0.14207715133531248
863.5 0.1365436893203125
864.0 0.1493130841121875
864.5 0.27830198019812497
865.0 0.24399754901968748
865.5 0.349475247525
866.0 0.2877829724409375
866.5 0.24915099009906247
867.0 0.358721278721875
867.5 0.26400891972249996
868.0 0.31573514851562495
868.5 0.19205677290843748
869.0 0.23862291666656246
869.5 0.28835294117656246
870.0 0.1931452380953125
870.5 0.19663636363625
871.0 0.1998058252428125
871.5 0.20663429054062502
872.0 0.268004975124375
872.5 0.24276723276718748
873.0 0.347890342959375
873.5 0.2378589108909375
874.0 0.3079245754246875
874.5 0.36909405940625
875.0 0.324509900990625
875.5 0.243201884920625
876.0 0.15914851485156248
876.5 0.138421704658125
877.0 0.14402972749781248
877.5 0.13042976424375
878.0 0.17897614761468747
878.5 0.17489051094875002
879.0 0.1851588785046875
879.5 0.1690576923078125
880.0 0.158075471698125
880.5 0.19116880341875
881.0 0.1974059405940625
881.5 0.1998058252428125
882.0 0.160440594059375
882.5 0.17392539525687498
883.0 0.159169007490625
883.5 0.18047058823531248
884.0 0.1911666666665625
884.5 0.199326923076875
885.0 0.185390404515625
885.5 0.18791705716968748
886.0 0.1911666666665625
886.5 0.289363136863125
887.0 0.1695038494440625
887.5 0.1697281553396875
888.0 0.18154496541125
888.5 0.1829375
889.0 0.19275
889.5 0.1884269662921875
890.0 0.17585148514843751
890.5 0.1664077669903125
891.0 0.1736924583740625
891.5 0.16912415784406248
892.0 0.12070588235281249
892.5 0.182217391304375
893.0 0.18628982300875002
893.5 0.188355140186875
894.0 0.1842285237696875
894.5 0.1094804156675
895.0 0.1905294117646875
895.5 0.17696706312906252
896.0 0.1849056603775
896.5 0.192605042016875
897.0 0.1853655544653125
897.5 0.15579654510562502
898.0 0.19238322211625
898.5 0.1739059405940625
899.0 0.19197211155375
899.5 0.19824933687000001
900.0 0.1694747274528125
900.5 0.18659742828874998
901.0 0.1476741903828125
901.5 0.12823267326718749
902.0 0.1182653508771875
902.5 0.11938482886218749
903.0 0.12644103773593748
903.5 0.13671287128718748
904.0 0.238995049505
904.5 0.22996078431375
905.0 0.365431119921875
905.5 0.307935714285625
906.0 0.1994603960396875
906.5 0.225190594059375
907.0 0.2708910891090625
907.5 0.338972772278125
908.0 0.44714851484999996
908.5 0.20815411298312497
909.0 0.2100955882353125
909.5 0.1015841584159375
910.0 0.178923076923125
910.5 0.15639185257031252
911.0 0.1855753040225
911.5 0.1974059405940625
912.0 0.1690576923078125
912.5 0.1582945544553125
913.0 0.1063486394559375
913.5 0.1598185483871875
914.0 0.33705514365
914.5 0.329534722221875
915.0 0.37994312561875
915.5 0.33239593657187494
916.0 0.4851998002
916.5 0.2658696729434375
917.0 0.17445945945937502
917.5 0.370131469115625
918.0 0.28670658682625
918.5 0.2349475190840625
919.0 0.19460817307687497
919.5 0.314683168315625
920.0 0.30957467853625
920.5 0.18410942100093747
921.0 0.1892621359221875
921.5 0.1696941747571875
922.0 0.470354645353125
922.5 0.70875624375625
923.0 0.39348860257812496
923.5 0.5621633663375
924.0 0.37247524752499994
924.5 0.282514851485
925.0 0.349207943925
925.5 0.50098842018125
926.0 0.483738872403125
926.5 0.2439628099175
927.0 0.32845544554375
927.5 0.35215841584062496
928.0 0.36088453914687496
928.5 0.4057266355125
929.0 0.575882352940625
929.5 0.5959603960406249
930.0 0.6410639360625
930.5 0.783933566434375
931.0 0.6948685515874999
931.5 0.49279455445625
932.0 0.571240384615625
932.5 0.694681603775
933.0 0.7813328387749999
933.5 0.6476412289406249
934.0 0.5458948598125
934.5 0.77551948051875
935.0 0.743072348859375
935.5 0.75848151848125
936.0 0.48706101190624995
936.5 0.46538118811875
937.0 0.5587128712875
937.5 0.474313725490625
938.0 0.546653346653125
938.5 0.429444990178125
939.0 0.48808721506562497
939.5 0.38511488511562497
940.0 0.57564356435625
940.5 0.42948969578125
941.0 0.55406353820625
941.5 0.582415841584375
942.0 0.46473984142812497
942.5 0.40678662150625
943.0 0.37247524752499994
943.5 0.352404317959375
944.0 0.18287091988124998
944.5 0.19659068384531247
945.0 0.1759050445103125
945.5 0.271569306930625
946.0 0.28810703667
946.5 0.15073457394718748
947.0 0.1261747572815625
947.5 0.126930693069375
948.0 0.1696605237634375
948.5 0.1659207920790625
949.0 0.28488043478249997
949.5 0.26636538461531245
950.0 0.189737609329375
950.5 0.1902200704225
951.0 0.14752941176468748
951.5 0.15494362745093748
952.0 0.23898170731718751
952.5 0.3108214285715625
953.0 0.22687128712875
953.5 0.2192301980196875
954.0 0.23801709401718749
954.5 0.31182352941187497
955.0 0.33410576923124996
955.5 0.530671828171875
956.0 0.47264235764375
956.5 0.508171568628125
957.0 0.77379370629375
957.5 0.795302279484375
958.0 0.6770304695312499
958.5 0.700566933065625
959.0 0.39215525793749995
959.5 0.2473026973028125
960.0 0.46093283582187494
960.5 0.6806138613874999
961.0 0.5708366633374999
961.5 0.34704003813125
962.0 0.32474777448125
962.5 0.355324675325
963.0 0.30311835106375
963.5 0.19132867132875
964.0 0.247188118811875
964.5 0.28344152626375
965.0 0.365341246290625
965.5 0.555801980196875
966.0 0.40601732673125
966.5 0.46151485148437493
967.0 0.35386881188124997
967.5 0.40427475247499994
968.0 0.3618235294125
968.5 0.4325294117656249
969.0 0.35713118811875
969.5 0.32580555555625
970.0 0.314910891090625
970.5 0.3065059940059375
971.0 0.440634291378125
971.5 0.1634684684684375
972.0 0.49242603550312497
972.5 0.37242792792812496
973.0 0.474059405940625
973.5 0.3537537092
974.0 0.3095529640428125
974.5 0.382633663365625
975.0 0.2881691176471875
975.5 0.40315684315625
976.0 0.322333994053125
976.5 0.5227372627375
977.0 0.43351337958437497
977.5 0.32947572815625
978.0 0.4063366336625
978.5 0.30136633663375
979.0 0.1609705882353125
979.5 0.1113731574865625
980.0 0.42841487279687496
980.5 0.16135168650781248
981.0 0.19720019821593748
981.5 0.345259900990625
982.0 0.46926573426562496
982.5 0.528533201190625
983.0 0.55423076923125
983.5 0.522068584071875
984.0 0.659460539459375
984.5 0.638131813678125
985.0 0.492197720515625
985.5 0.639370664025
986.0 0.621222772278125
986.5 0.6564035964031251
987.0 0.5425595805531249
987.5 0.45758176412187496
988.0 0.2378256611165625
988.5 0.172827988338125
989.0 0.1527378640778125
989.5 0.1979702970296875
990.0 0.15383333333343752
990.5 0.167058823529375
991.0 0.188355140186875
991.5 0.1998058252428125
992.0 0.196941176470625
992.5 0.1683316683315625
993.0 0.1644003964321875
993.5 0.1553714285715625
994.0 0.1561739130434375
994.5 0.1984705882353125
995.0 0.162480769230625
995.5 0.1502941176471875
996.0 0.1894615384615625
996.5 0.1956
997.0 0.1697281553396875
997.5 0.1977259615384375
998.0 0.1536470588234375
998.5 0.15753271028031252
999.0 0.19975751697375
999.5 0.19488354806750002
1000.0 0.1690576923078125
1000.5 0.1766936274509375
1001.0 0.16772277227718752
1001.5 0.1922477522478125
1002.0 0.17585728443999998
1002.5 0.157011682243125
1003.0 0.1388316831684375
1003.5 0.1576410153103125
1004.0 0.1531262135921875
1004.5 0.19465000000000002
1005.0 0.1219009900990625
1005.5 0.1958137254903125
1006.0 0.4292506812
1006.5 0.419249323715625
1007.0 0.44462037962187495
1007.5 0.5507317682312499
1008.0 0.568940496575
1008.5 0.8961113886125
1009.0 0.7206608910906249
1009.5 0.8704270729281249
1010.0 1.3483771060468748
1010.5 1.1229145854156248
1011.0 0.85979930624375
1011.5 1.008485528940625
1012.0 0.8698401598406249
1012.5 1.1466583912625
1013.0 0.751945554446875
1013.5 0.915324578790625
1014.0 0.75371238938125
1014.5 0.980864135865625
1015.0 0.97300792864375
1015.5 0.706158415840625
1016.0 0.9676948051937501
1016.5 0.8153710094906249
1017.0 1.0945783433125
1017.5 0.9506729094062499
1018.0 0.734792079209375
1018.5 0.6314836795250001
1019.0 0.8484615384624999
1019.5 0.7843749999999999
1020.0 0.504035608309375
1020.5 0.5287611496531249
1021.0 0.487603960396875
1021.5 0.25089950980406245
1022.0 0.357162561575
1022.5 0.19320118929625
1023.0 0.238058823529375
1023.5 0.29371534653468745
1024.0 0.2917058823528125
1024.5 0.154855491329375
1025.0 0.12285436893218749
1025.5 0.1956348039215625
1026.0 0.2835764235765625
1026.5 0.31998542274062497
1027.0 0.410265486725
1027.5 0.250814356435625
1028.0 0.40931750741875
1028.5 0.27670713577812495
1029.0 0.433425742575
1029.5 0.30190039643218747
1030.0 0.20586407766999998
1030.5 0.15950980392156247
1031.0 0.31152475247531247
1031.5 0.203176823176875
1032.0 0.37886227544999995
1032.5 0.2451965174128125
1033.0 0.466974459725
1033.5 0.30674476570281245
1034.0 0.501196883853125
1034.5 0.58122029703125
1035.0 0.546915841584375
1035.5 0.667924610053125
1036.0 0.6327683896624999
1036.5 0.714103960396875
1037.0 0.38749999999999996
1037.5 0.490222277721875
1038.0 0.660076335878125
1038.5 0.816435643565625
1039.0 0.9363886113875
1039.5 0.785081764121875
1040.0 0.561774752475
1040.5 0.5129999999999999
1041.0 0.2917058823528125
1041.5 0.53239510489375
1042.0 0.7520597014937499
1042.5 0.56424800796875
1043.0 0.3721764705875
1043.5 0.28223300970875
1044.0 0.25624375624375
1044.5 0.23387512388499998
1045.0 0.155459459459375
1045.5 0.1828846153846875
1046.0 0.189085714285625
1046.5 0.1998058252428125
1047.0 0.19603846153843751
1047.5 0.18484390485625002
1048.0 0.308785591026875
1048.5 0.247369970559375
1049.0 0.20915677546968747
1049.5 0.16589197224968746
1050.0 0.22148101898093747
1050.5 0.20260245901624999
1051.0 0.1369738072965625
1051.5 0.16030859662000002
1052.0 0.16932673267312498
1052.5 0.2688732394365625
1053.0 0.17246019900499998
1053.5 0.1858285714284375
1054.0 0.1742075471696875
1054.5 0.1855
1055.0 0.170200391006875
1055.5 0.10153617442999999
1056.0 0.1791666666665625
1056.5 0.16437314172437498
1057.0 0.1536753183153125
1057.5 0.1469023323615625
1058.0 0.19985148514843748
1058.5 0.14916333666343748
1059.0 0.148211788211875
1059.5 0.1474603174603125
1060.0 0.1446633663365625
1060.5 0.164056930693125
1061.0 0.14691287878781248
1061.5 0.33082173913124996
1062.0 0.41049450549374994
1062.5 0.34913582842812496
1063.0 0.4409905660375
1063.5 0.4861988012
1064.0 0.386958456971875
1064.5 0.47047952047812497
1065.0 0.44398957299062497
1065.5 0.44815934065937496
1066.0 0.629821782178125
1066.5 0.42927403369687495
1067.0 0.584235764234375
1067.5 0.458527227721875
1068.0 0.567152847153125
1068.5 0.48579420579374993
1069.0 0.50660714285625
1069.5 0.53139460784375
1070.0 0.58341176470625
1070.5 0.347862745096875
1071.0 0.35656843156874996
1071.5 0.347629594721875
1072.0 0.33589285714375
1072.5 0.161885714285625
1073.0 0.19570474777437502
1073.5 0.17234615384625002
1074.0 0.15417821782187502
1074.5 0.1502941176471875
1075.0 0.15038674033156252
1075.5 0.187929759704375
1076.0 0.1704980903884375
1076.5 0.1796432111
1077.0 0.19757281553406247
1077.5 0.10675
1078.0 0.23530882352937502
1078.5 0.328814903846875
1079.0 0.381695804196875
1079.5 0.20201133144468747
1080.0 0.30079129574687496
1080.5 0.35776237623749996
1081.0 0.41998267326874994
1081.5 0.43602970296875
1082.0 0.348235148515625
1082.5 0.39916997026874995
1083.0 0.35145153313437494
1083.5 0.39719530469375
1084.0 0.51770564915625
1084.5 0.5331782178218749
1085.0 0.52634405940625
1085.5 0.45409653465312494
1086.0 0.5028045454531249
1086.5 0.551940594059375
1087.0 0.40840099009999997
1087.5 0.407410194175
1088.0 0.474059405940625
1088.5 0.395876623378125
1089.0 0.399881070365625
1089.5 0.471125118934375
1090.0 0.44637880274687497
1090.5 0.358674019609375
1091.0 0.40315684315625
1091.5 0.30006194251749996
1092.0 0.37886227544999995
1092.5 0.3138490099
1093.0 0.35522477522499996
1093.5 0.42368681863124996
1094.0 0.3012524752475
1094.5 0.369266169153125
1095.0 0.43003960395937496
1095.5 0.305074257425625
1096.0 0.35557920792187503
1096.5 0.38601980198124997
1097.0 0.3473788328375
1097.5 0.501645193259375
1098.0 0.40274504950624995
1098.5 0.410454545453125
1099.0 0.40611885245937496
1099.5 0.433358108109375
1100.0 0.511813676909375
1100.5 0.3095074257425
1101.0 0.32799200799062495
1101.5 0.24351337958375
1102.0 0.287821782178125
1102.5 0.287537091988125
1103.0 0.30907920792093746
1103.5 0.419117647059375
1104.0 0.2825123762375
1104.5 0.25912128712875
1105.0 0.3050545094153125
1105.5 0.25237512487499997
1106.0 0.42582352941249996
1106.5 0.32467892156874995
1107.0 0.38118069306875
1107.5 0.5603196803187499
1108.0 0.28101239669406247
1108.5 0.48125748503125
1109.0 0.41404455445625
1109.5 0.505
1110.0 0.5631268731281249
1110.5 0.6203002729749999
1111.0 0.50633784928125
1111.5 0.7435193452375
1112.0 0.68418081918125
1112.5 0.700308671065625
1113.0 0.722678571428125
1113.5 0.586963794684375
1114.0 0.589689814815625
1114.5 0.7516483516468749
1115.0 0.5688740079375
1115.5 0.7043168316843749
1116.0 0.52672354105
1116.5 0.6934718100874999
1117.0 0.835701668303125
1117.5 0.43925898203437497
1118.0 0.6514285714281249
1118.5 0.4662958374625
1119.0 0.6348502994
1119.5 0.45381862745
1120.0 0.507418397625
1120.5 0.3747325809625
1121.0 0.41576470588125
1121.5 0.26073267326718746
1122.0 0.17905627490031248
1122.5 0.2336435643565625
1123.0 0.30166501486624997
1123.5 0.339285059578125
1124.0 0.45098901098749994
1124.5 0.37840388446249995
1125.0 0.388121878121875
1125.5 0.36256385068749997
1126.0 0.50784459459375
1126.5 0.5129999999999999
1127.0 0.36287175648750003
1127.5 0.40579781962187494
1128.0 0.37235396039687496
1128.5 0.36013366336562497
1129.0 0.3095427927928125
1129.5 0.45440559440625
1130.0 0.358164023784375
1130.5 0.2882591493571875
1131.0 0.2508225966303125
1131.5 0.197714285714375
1132.0 0.178321782178125
1132.5 0.46686363636249995
1133.0 0.460514851484375
1133.5 0.47677475247499995
1134.0 0.34029191616875
1134.5 0.31924528301874994
1135.0 0.2659917355371875
1135.5 0.2336435643565625
1136.0 0.19300990098999998
1136.5 0.1821507064365625
1137.0 0.405591259640625
1137.5 0.46443756194374997
1138.0 0.1995845697328125
1138.5 0.18473736372656252
1139.0 0.18465346534656252
1139.5 0.19957292707281252
1140.0 0.189736638265
1140.5 0.27967858994312494
1141.0 0.399740259740625
1141.5 0.378825569871875
1142.0 0.45327970296875
1142.5 0.38231930693125
1143.0 0.46174575424687503
1143.5 0.39080398517187503
1144.0 0.468527227721875
1144.5 0.35205147058749997
1145.0 0.31574344023437495
1145.5 0.25011519607843746
1146.0 0.272311881188125
1146.5 0.40315684315625
1147.0 0.3024405351834375
1147.5 0.30816651501375
1148.0 0.38607392607499996
1148.5 0.36520708582812494
1149.0 0.35025742574374996
1149.5 0.38685564435625
1150.0 0.42805198019687496
1150.5 0.511813676909375
1151.0 0.376547029703125
1151.5 0.23533254716968752
1152.0 0.331513353115625
1152.5 0.2852796859665625
1153.0 0.1343651960784375
1153.5 0.15237623762375
1154.0 0.1639960039959375
1154.5 0.2528271728271875
1155.0 0.18285148514843746
1155.5 0.2512103960396875
1156.0 0.11887717690187499
1156.5 0.193098478783125
1157.0 0.12407926829281249
1157.5 0.13366875
1158.0 0.1542352941175
1158.5 0.17168689320375
1159.0 0.10835643564343748
1159.5 0.10346634615374999
1160.0 0.17044212962968752
1160.5 0.18465346534656252
1161.0 0.1822063106796875
1161.5 0.1219009900990625
1162.0 0.194326732673125
1162.5 0.1145923423421875
1163.0 0.1633703878903125
1163.5 0.1629566003615625
1164.0 0.2380653883971875
1164.5 0.2174826732671875
1165.0 0.21091666666656247
1165.5 0.200819306930625
1166.0 0.2004645354646875
1166.5 0.1551410891090625
1167.0 0.21248001998
1167.5 0.2210064292778125
1168.0 0.2321927651140625
1168.5 0.2621403596403125
1169.0 0.1173110555903125
1169.5 0.26553518335
1170.0 0.2120608439646875
1170.5 0.23679525222562497
1171.0 0.2165089197225
1171.5 0.19790594059406247
1172.0 0.18105882352937497
1172.5 0.1212439961575
1173.0 0.14407113821125
1173.5 0.1560582524271875
1174.0 0.1453316831684375
1174.5 0.251421859545
1175.0 0.26438057482656246
1175.5 0.21599504950499998
1176.0 0.24511764705874997
1176.5 0.2596064356434375
1177.0 0.277797249334375
1177.5 0.35554455445625
1178.0 0.22703921568625
1178.5 0.25376873126875
1179.0 0.40354558969375
1179.5 0.444803286853125
1180.0 0.40370689655312497
1180.5 0.37312323943750003
1181.0 0.314325674325
1181.5 0.2459117938553125
1182.0 0.38265734265624995
1182.5 0.235553075396875
1183.0 0.265304455445625
1183.5 0.321089130434375
1184.0 0.25482352941187497
1184.5 0.1015841584159375
1185.0 0.1107428571428125
1185.5 0.20561881188124997
1186.0 0.29505882352937496
1186.5 0.22136363636375
1187.0 0.29911895360312496
1187.5 0.497210216109375
1188.0 0.2941258741259375
1188.5 0.366841584159375
1189.0 0.18171681415937502
1189.5 0.1024137931034375
1190.0 0.342207050646875
1190.5 0.2376248775709375
1191.0 0.35215841584062496
1191.5 0.2529504906334375
1192.0 0.32917355371874996
1192.5 0.31152475247531247
1193.0 0.1701683168315625
1193.5 0.28835294117656246
1194.0 0.14481435643562499
1194.5 0.1195339805825
1195.0 0.176
1195.5 0.164528301886875
1196.0 0.17562304687500002
1196.5 0.133986287953125
1197.0 0.1628571428571875
1197.5 0.13663118811875
1198.0 0.10337531486156248
1198.5 0.1138399805446875
1199.0 0.12824999999999998
1199.5 0.1219009900990625
1200.0 0.1400490196078125
1200.5 0.1234975490196875
1201.0 0.12285436893218749
1201.5 0.1692794117646875
1202.0 0.154336448598125
1202.5 0.187651376146875
1203.0 0.150242814668125
1203.5 0.1062758775878125
1204.0 0.19441089108906248
1204.5 0.13898284313718748
1205.0 0.1919038642790625
1205.5 0.19967013888875002
1206.0 0.2557195652175
1206.5 0.2148100242521875
1207.0 0.2237261698440625
1207.5 0.121331908831875
1208.0 0.108787276341875
1208.5 0.1215321782178125
1209.0 0.18535156249999998
1209.5 0.2804651675484375
1210.0 0.46927052423437493
1210.5 0.368981665015625
1211.0 0.341560344828125
1211.5 0.392990099009375
1212.0 0.45827172827187496
1212.5 0.28610787171999996
1213.0 0.23285049019593748
1213.5 0.28275247524749997
1214.0 0.46465534465624997
1214.5 0.36514851485
1215.0 0.4088825569875
1215.5 0.452047952046875
1216.0 0.3355471698125
1216.5 0.41806930693125
1217.0 0.322024281465625
1217.5 0.39036647992499995
1218.0 0.409722772278125
1218.5 0.399564356434375
1219.0 0.22692021803781248
1219.5 0.38949050949062497
1220.0 0.309901960784375
1220.5 0.41690782953437494
1221.0 0.325833333334375
1221.5 0.440634291378125
1222.0 0.33508094357187496
1222.5 0.45374257425625
1223.0 0.362850397615625
1223.5 0.2311729622265625
1224.0 0.243801980198125
1224.5 0.189318181818125
1225.0 0.254212091179375
1225.5 0.17946534653468751
1226.0 0.1309241071428125
1226.5 0.22009900990093748
1227.0 0.1713739130434375
1227.5 0.1307647058825
1228.0 0.18887573964499998
1228.5 0.17266421568625
1229.0 0.18878846153843748
1229.5 0.1005882352940625
1230.0 0.1907524509803125
1230.5 0.158943148688125
1231.0 0.1307647058825
1231.5 0.1028106796115625
1232.0 0.19132867132875
1232.5 0.1462390670553125
1233.0 0.11222933070874999
1233.5 0.1676470588234375
1234.0 0.15587499999999999
1234.5 0.11675735294124999
1235.0 0.2029673590503125
1235.5 0.1659316154609375
1236.0 0.13557107843125
1236.5 0.106252427184375
1237.0 0.16867531831531252
1237.5 0.10443534100968749
1238.0 0.1646725663715625
1238.5 0.1583333333334375
1239.0 0.153222331048125
1239.5 0.16404494382031248
1240.0 0.1822641509434375
1240.5 0.18340077071281252
1241.0 0.1894615384615625
1241.5 0.18170553935875
1242.0 0.199326923076875
1242.5 0.15263071895437502
1243.0 0.160950495049375
1243.5 0.180549558390625
1244.0 0.1728458498025
1244.5 0.1669931439765625
1245.0 0.183319444444375
1245.5 0.16130188679250002
1246.0 0.1984247787609375
1246.5 0.14124759615375
1247.0 0.1569653465346875
1247.5 0.1880396039603125
1248.0 0.15119953051656249
1248.5 0.1667317073171875
1249.0 0.1663653846153125
1249.5 0.12070588235281249
1250.0 0.1739108910890625
1250.5 0.119429422548125
1251.0 0.1481231953803125
1251.5 0.13936991869906248
1252.0 0.14349650349656248
1252.5 0.10791952895
1253.0 0.1907063106796875
1253.5 0.10729411764718749
1254.0 0.19648367952531248
1254.5 0.1106729834790625
1255.0 0.1362609649121875
1255.5 0.1704873908825
1256.0 0.1980716388615625
1256.5 0.25964816650156247
1257.0 0.1262425910246875
1257.5 0.18813366336624998
1258.0 0.28730099502499995
1258.5 0.2364
1259.0 0.210542563143125
1259.5 0.2398226773228125
1260.0 0.34538613861249995
1260.5 0.26394607843125
1261.0 0.12282843137249999
1261.5 0.251735148515
1262.0 0.1997821782178125
1262.5 0.26003964321124995
1263.0 0.21793316831687498
1263.5 0.2563391089109375
1264.0 0.21763118811874999
1264.5 0.2252153465346875
1265.0 0.1848310810809375
1265.5 0.260474777448125
1266.0 0.1939246778990625
1266.5 0.1307647058825
1267.0 0.1935272727271875
1267.5 0.1997772277228125
1268.0 0.1922477522478125
1268.5 0.10846382556999999
1269.0 0.1659207920790625
1269.5 0.198559405940625
1270.0 0.10393356643343749
1270.5 0.16317468106
1271.0 0.19481188118812498
1271.5 0.1198191593353125
1272.0 0.1073391089109375
1272.5 0.15094554455437498
1273.0 0.155063063063125
1273.5 0.1326971544715625
1274.0 0.135445544554375
1274.5 0.136691176470625
1275.0 0.1760074257425
1275.5 0.154295704295625
1276.0 0.12765655577312499
1276.5 0.13987262737249997
1277.0 0.1701608910890625
1277.5 0.193556930693125
1278.0 0.16844117647062498
1278.5 0.18765686274499999
1279.0 0.15331854043406248
1279.5 0.11520098039218749
1280.0 0.1488289473684375
1280.5 0.18968636363624997
1281.0 0.1779975247525
1281.5 0.187901785714375
1282.0 0.20293518518531248
1282.5 0.21876715686281248
1283.0 0.2318520357496875
1283.5 0.211828171828125
1284.0 0.130157016683125
1284.5 0.240178041543125
1285.0 0.16825884086437498
1285.5 0.1480766028309375
1286.0 0.17197937131625
1286.5 0.15237623762375
1287.0 0.1368333333334375
1287.5 0.18107892107906248
1288.0 0.15815163528249998
1288.5 0.15917920353968748
1289.0 0.1944705882353125
1289.5 0.15125990099
1290.0 0.13153846153843748
1290.5 0.28026126126125
1291.0 0.2409313725490625
1291.5 0.19328186274499998
1292.0 0.15400990099
1292.5 0.19664950980406248
1293.0 0.27862983151625
1293.5 0.36915924826875
1294.0 0.350460852328125
1294.5 0.37996813725625
1295.0 0.2045294117646875
1295.5 0.1621756487025
1296.0 0.30166501486624997
1296.5 0.17233511154218747
1297.0 0.2487347436940625
1297.5 0.38864950980312496
1298.0 0.352353379721875
1298.5 0.22855588526218748
1299.0 0.32878097125937494
1299.5 0.1871687840290625
1300.0 0.25395089285718747
1300.5 0.2733266733265625
1301.0 0.22918483647187501
1301.5 0.243801980198125
1302.0 0.1995222772278125
1302.5 0.2835764235765625
1303.0 0.1765360576921875
1303.5 0.1760792079209375
1304.0 0.410044160940625
1304.5 0.4376928783374999
1305.0 0.33187062937187495
1305.5 0.26425592625125
1306.0 0.46508910890937494
1306.5 0.39982107843125003
1307.0 0.247450495049375
1307.5 0.235747572815625
1308.0 0.19725461613218748
1308.5 0.18374142997062498
1309.0 0.10846382556999999
1309.5 0.16094117647062497
1310.0 0.1986949069540625
1310.5 0.167058823529375
1311.0 0.209184466019375
1311.5 0.17448284313718748
1312.0 0.1851957383546875
1312.5 0.18985509660218747
1313.0 0.336059405940625
1313.5 0.27913118811875
1314.0 0.2579783653846875
1314.5 0.2112352941175
1315.0 0.13658649173968748
1315.5 0.2528271728271875
1316.0 0.1719910179640625
1316.5 0.1223490099009375
1317.0 0.206554455445625
1317.5 0.15231930693062498
1318.0 0.1885772357725
1318.5 0.215221238938125
1319.0 0.1408391089109375
1319.5 0.17933613445374996
1320.0 0.19111764705875
1320.5 0.15438613861374997
1321.0 0.2089605647515625
1321.5 0.1353115727003125
1322.0 0.19968285431125
1322.5 0.2242821782178125
1323.0 0.2640553907021875
1323.5 0.1622667638484375
1324.0 0.17788027477906249
1324.5 0.1838456345634375
1325.0 0.1576214073340625
1325.5 0.180549558390625
1326.0 0.101571782178125
1326.5 0.173048543689375
1327.0 0.19539823008843749
1327.5 0.2119270833334375
1328.0 0.19445714285718751
1328.5 0.1903340707965625
1329.0 0.1542352941175
1329.5 0.15588393731625
1330.0 0.15753271028031252
1330.5 0.19316504854375
1331.0 0.1357932220040625
1331.5 0.18069265144000002
1332.0 0.135788135593125
1332.5 0.12866322314062498
1333.0 0.12811956521749998
1333.5 0.1524044117646875
1334.0 0.22734900990093748
1334.5 0.22124752475249998
1335.0 0.22671828171843747
1335.5 0.1941520833334375
1336.0 0.2865686274509375
1336.5 0.195544651619375
1337.0 0.2138895833334375
1337.5 0.3000424575425
1338.0 0.23990825688062498
1338.5 0.398474246840625
1339.0 0.40448879551874994
1339.5 0.365579545453125
1340.0 0.38725966303125
1340.5 0.33586881188125
1341.0 0.398608
1341.5 0.430077433628125
1342.0 0.192628458498125
1342.5 0.1872778827978125
1343.0 0.1507920792078125
1343.5 0.13205940594062499
1344.0 0.2575272277228125
1344.5 0.360858910890625
1345.0 0.34381618381562495
1345.5 0.3851864573125
1346.0 0.391515984015625
1346.5 0.365923535253125
1347.0 0.2965
1347.5 0.28321782178218746
1348.0 0.2894856577646875
1348.5 0.38655688622812495
1349.0 0.3019607355865625
1349.5 0.24364744110468747
1350.0 0.3152229930625
1350.5 0.2031683168315625
1351.0 0.2112352941175
1351.5 0.19070429570437497
1352.0 0.2013738959765625
1352.5 0.17770588235281248
1353.0 0.19300990098999998
1353.5 0.1470090090090625
1354.0 0.1708291708290625
1354.5 0.19320118929625
1355.0 0.1244346049046875
1355.5 0.2514705882353125
1356.0 0.1634862610403125
1356.5 0.2031683168315625
1357.0 0.19379040156718752
1357.5 0.1645614469771875
1358.0 0.16478564307093752
1358.5 0.173035714285625
1359.0 0.1405921704659375
1359.5 0.1454599406528125
1360.0 0.358226773228125
1360.5 0.303493557978125
1361.0 0.36225024975
1361.5 0.4075216554375
1362.0 0.351599173553125
1362.5 0.1788762135921875
1363.0 0.2053560830859375
1363.5 0.2779385530228125
1364.0 0.18488106796124998
1364.5 0.18962376237624998
1365.0 0.14376485148499998
1365.5 0.20594274432374998
1366.0 0.14261307767937498
1366.5 0.16638716814156249
1367.0 0.16094117647062497
1367.5 0.10394762845843748
1368.0 0.1219009900990625
1368.5 0.18047058823531248
1369.0 0.1505048076921875
1369.5 0.1095728155340625
1370.0 0.1773451327434375
1370.5 0.18126732673281248
1371.0 0.17162128712875
1371.5 0.1553714285715625
1372.0 0.1085169762971875
1372.5 0.272066176470625
1373.0 0.2362795454546875
1373.5 0.247309405940625
1374.0 0.1901238850346875
1374.5 0.1370004945596875
1375.0 0.1202571008815625
1375.5 0.170554465161875
1376.0 0.2181039603959375
1376.5 0.19495049504937498
1377.0 0.28658168316843746
1377.5 0.2751887254903125
1378.0 0.2997376237625
1378.5 0.279520479520625
1379.0 0.32864222001875
1379.5 0.35215841584062496
1380.0 0.273551980198125
1380.5 0.2287982195846875
1381.0 0.2711595639246875
1381.5 0.192010489510625
1382.0 0.28863591756624996
1382.5 0.1474455984175
1383.0 0.24846172718343748
1383.5 0.26586881188125
1384.0 0.2829451038575
1384.5 0.2763330300271875
1385.0 0.34131736526874995
1385.5 0.3077028688525
1386.0 0.43767857142812494
1386.5 0.433253480753125
1387.0 0.6196633663375
1387.5 0.5672524752468749
1388.0 0.505034687809375
1388.5 0.333418065153125
1389.0 0.4914566929125
1389.5 0.174245754245625
1390.0 0.30136633663375
1390.5 0.23036676646718748
1391.0 0.34199999999999997
1391.5 0.2852796859665625
1392.0 0.164280719280625
1392.5 0.21815505397437499
1393.0 0.15396551724125
1393.5 0.11781584062187499
1394.0 0.15576237623749997
1394.5 0.21714285714281248
1395.0 0.22344061876250002
1395.5 0.35215841584062496
1396.0 0.23305392156875
1396.5 0.228
1397.0 0.1726601941746875
1397.5 0.11977227722781249
1398.0 0.2573465346534375
1398.5 0.10729411764718749
1399.0 0.15642889908250002
1399.5 0.10324528301875
1400.0 0.1697281553396875
1400.5 0.16265540540531248
1401.0 0.1825714285715625
1401.5 0.1635711206896875
1402.0 0.2401283226396875
1402.5 0.22734896302968746
1403.0 0.3173366336625
1403.5 0.28164565826343746
1404.0 0.401031633615625
1404.5 0.449475247525
1405.0 0.39428821178749995
1405.5 0.3666567460312499
1406.0 0.425797029703125
1406.5 0.5774375624375
1407.0 0.395439560440625
1407.5 0.6846607669625
1408.0 0.6612412587406249
1408.5 0.7017970297031249
1409.0 0.745376237625
1409.5 0.702935643565625
1410.0 0.628692129628125
1410.5 0.849880239521875
1411.0 0.646581532415625
1411.5 0.741564356434375
1412.0 1.8688419483093748
1412.5 0.7541718749999999
1413.0 1.080059940059375
1413.5 0.6339927184468749
1414.0 0.93425495049375
1414.5 0.8987187812187499
1415.0 0.99337325349375
1415.5 1.1347288557218749
1416.0 1.3666333666343748
1416.5 0.7063899900906249
1417.0 0.8347233201593749
1417.5 0.22814257028124998
1418.0 1.52401960784375
1418.5 0.6168880079281249
1419.0 0.5584097706875
1419.5 0.6416766467062499
1420.0 0.48737586891874995
1420.5 0.522940677965625
1421.0 0.71064935065
1421.5 0.5912957467843749
1422.0 0.7446754212093749
1422.5 0.7337202970312499
1423.0 0.767893478259375
1423.5 0.680647058825
1424.0 0.5633791208781249
1424.5 0.8270366699687499
1425.0 0.7252352941187499
1425.5 0.661272277228125
1426.0 0.74823176823125
1426.5 0.49578047571874995
1427.0 0.5620990099
1427.5 0.44388972055937503
1428.0 0.628326684396875
1428.5 0.668051980196875
1429.0 0.6193288423156249
1429.5 0.53814484126875
1430.0 0.588
1430.5 0.6154745254749999
1431.0 0.523819921490625
1431.5 0.53564935065
1432.0 0.47935827552187493
1432.5 0.5379320679312499
1433.0 0.5513069705093749
1433.5 0.5553267326718749
1434.0 0.38925574425625
1434.5 0.46257317073125
1435.0 0.5353496503499999
1435.5 0.484467401284375
1436.0 0.522826190475
1436.5 0.6723952095812499
1437.0 0.562194940475
1437.5 0.65417244796875
1438.0 0.49783216783125
1438.5 0.47829670329687496
1439.0 0.527752725471875
1439.5 0.5502077151343749
1440.0 0.503574257425
1440.5 0.6365940594062499
1441.0 0.471940594059375
1441.5 0.43579781962187497
1442.0 0.459352941175
1442.5 0.41399115044374996
1443.0 0.60131868131875
1443.5 0.535660891090625
1444.0 0.6437647058812499
1444.5 0.5428621378625
1445.0 0.5734266600593749
1445.5 0.772147852146875
1446.0 0.489078421578125
1446.5 0.4885615079375
1447.0 0.4023490099
1447.5 0.45335294117499997
1448.0 0.552487611496875
1448.5 0.387702297703125
1449.0 0.60950495049375
1449.5 0.6345396039593749
1450.0 0.552465346534375
1450.5 0.58755476190625
1451.0 0.71003427419375
1451.5 0.947602397603125
1452.0 0.8372051536187499
1452.5 0.572727272728125
1453.0 0.48192419825
1453.5 0.10927570093468748
1454.0 0.5722574257437499
1454.5 0.32506930693124997
1455.0 0.1945098039215625
1455.5 0.603133004925
1456.0 0.7091608391593749
1456.5 0.65754523809375
1457.0 0.72773226773125
1457.5 0.383973214284375
1458.0 0.505654345653125
1458.5 0.438654608521875
1459.0 0.37924752475312495
1459.5 0.36195845697187495
1460.0 0.361542079209375
1460.5 0.494376237625
1461.0 0.26249999999999996
1461.5 0.495404595403125
1462.0 0.33818632309062496
1462.5 0.440634291378125
1463.0 0.16796488625124997
1463.5 0.43006598240625
1464.0 0.39877010406875
1464.5 0.43580607476562494
1465.0 0.45468487394999996
1465.5 0.535009900990625
1466.0 0.4588014705875
1466.5 0.5034480198031249
1467.0 0.50299519230625
1467.5 0.4368118811875
1468.0 0.329009900990625
1468.5 0.44707292707187496
1469.0 0.45709313725624995
1469.5 0.58089692765
1470.0 0.43818922925000003
1470.5 0.47381200396875
1471.0 0.5143156843156249
1471.5 0.47008096172812497
1472.0 0.49099009900937496
1472.5 0.40806930693125
1473.0 0.5737355769218749
1473.5 0.6248951048937499
1474.0 0.5299058473749999
1474.5 0.6625874125875
1475.0 0.649268766178125
1475.5 0.860979020978125
1476.0 0.78440287413125
1476.5 0.7611377245500001
1477.0 0.6049695692874999
1477.5 0.7678931750749999
1478.0 0.537695544553125
1478.5 0.8028971028968749
1479.0 0.6778871128874999
1479.5 0.678237338628125
1480.0 0.701141025640625
1480.5 0.629821782178125
1481.0 0.515272277228125
1481.5 0.6252347652343749
1482.0 0.478543111990625
1482.5 0.7110891089093749
1483.0 0.55696460176875
1483.5 0.6575619425187499
1484.0 0.567152847153125
1484.5 0.42776237623749996
1485.0 0.57564356435625
1485.5 0.43833088235312495
1486.0 0.592889324190625
1486.5 0.594636542240625
1487.0 0.46083823529374995
1487.5 0.6662337662343749
1488.0 0.56426980198125
1488.5 0.6515909090906249
1489.0 0.8063136863125
1489.5 0.6670436702656249
1490.0 0.616096023278125
1490.5 0.7185728444
1491.0 0.5892232767218749
1491.5 0.6734235352531249
1492.0 0.6436428571437499
1492.5 0.7755644355656249
1493.0 0.6309140859156249
1493.5 0.55502698724375
1494.0 0.6799000999
1494.5 0.48583168316875
