0.0 0.59402997003
0.5 0.7447849355799999
1.0 0.67822044622
1.5 0.6517844311366666
2.0 0.9001558441566666
2.5 0.58284920635
3.0 0.5916030636033334
3.5 0.7497865612633333
4.0 0.6417212843433333
4.5 0.5866324472966666
5.0 0.6934811881199999
5.5 0.12490688259100001
6.0 1.7882816537466668
6.5 0.52625711482
7.0 0.5965510406333333
7.5 0.6970930693066667
8.0 0.40814257425666667
8.5 0.37443121693
9.0 0.5284315684299999
9.5 0.7434485514500001
10.0 0.50991486575
10.5 0.5995722772266666
11.0 0.39068384538999995
11.5 0.50205148515
12.0 0.48049636963666664
12.5 0.6158961038966667
13.0 0.4662940204833333
13.5 0.5634534653466666
14.0 0.41986904762
14.5 0.5779009901
15.0 0.5035870795866667
15.5 0.6593760144266666
16.0 0.7981138861133333
16.5 0.59420130719
17.0 0.6548477039966667
17.5 0.5571868131866667
18.0 0.5516266666666666
18.5 0.5899047619033333
19.0 0.43435497835333337
19.5 0.60434464752
20.0 0.7757863501500001
20.5 0.6750019493166667
21.0 0.8058155178166667
21.5 0.7497542457533334
22.0 0.8628502993999999
22.5 0.6765527177466667
23.0 0.6137276057266666
23.5 0.5873949674866666
24.0 0.65375049505
24.5 0.4542358974366667
25.0 0.53455841584
25.5 0.6304735264733333
26.0 0.3876118811866667
26.5 0.4374707631333334
27.0 0.38285940593999995
27.5 0.51697902098
28.0 0.49629435609666667
28.5 0.3969139465866667
29.0 0.19479428323933334
29.5 0.7121610561066666
30.0 0.4263682983666666
30.5 0.5170109018833333
31.0 0.4487807451366667
31.5 0.4135553353166667
32.0 0.29740990099000003
32.5 0.278114851485
33.0 0.32744358974366666
33.5 0.38994605394666665
34.0 0.24152152837166665
34.5 0.36043113772333335
35.0 0.14920868113533334
35.5 0.17584950495033336
36.0 0.168833869239
36.5 0.18453696498066668
37.0 0.138488888889
37.5 0.13329230769233333
38.0 0.14663529411766665
38.5 0.19766336633666667
39.0 0.19843687746133334
39.5 0.178803824596
40.0 0.11594123408433334
40.5 0.194397565923
41.0 0.20039650145766666
41.5 0.34600599400666665
42.0 0.290288734721
42.5 0.3239603960396667
43.0 0.26952156862733334
43.5 0.28210621468933333
44.0 0.30290196078433335
44.5 0.216712871287
45.0 0.25271551155099997
45.5 0.38438888889
46.0 0.18953333333333333
46.5 0.36883515031333336
47.0 0.36446753246666663
47.5 0.320859770115
48.0 0.3600079207933333
48.5 0.36596407185666663
49.0 0.32966037735833337
49.5 0.12030508474566666
50.0 0.12517647058833334
50.5 0.30638151815166664
51.0 0.131696732026
51.5 0.18418005697999998
52.0 0.30817982017966666
52.5 0.3407158609
53.0 0.5095437895433333
53.5 0.5393511727766667
54.0 0.5946853146866666
54.5 0.7515018315033334
55.0 0.71738099967
55.5 0.72767293109
56.0 0.7369084249100001
56.5 1.0212421875
57.0 0.9426547025600001
57.5 1.0013942857133333
58.0 0.9599547571533332
58.5 1.0225081585066667
59.0 1.0780153180166667
59.5 0.9758091451299999
60.0 0.9143900311533333
60.5 1.1665241425233333
61.0 1.3809257409266669
61.5 1.2518350645266667
62.0 1.4539753579766668
62.5 1.3301615963366666
63.0 1.3309543789533334
63.5 1.13366899767
64.0 1.1579841269833333
64.5 1.3516644423266666
65.0 1.6237388724033333
65.5 0.4123015671333334
66.0 2.41008822554
66.5 1.53062937063
67.0 1.2807318695933334
67.5 1.4296686626733335
68.0 1.0563956181533334
68.5 1.0605074925066666
69.0 0.8711555111566667
69.5 1.3883369672933332
70.0 1.2079174159166668
70.5 1.1158730158733332
71.0 1.4014252873566668
71.5 1.73106893107
72.0 1.3323263403266667
72.5 1.2256180072833334
73.0 0.12436363636366667
73.5 2.1397047335333332
74.0 1.36028486647
74.5 1.3268705882366667
75.0 1.1176023976033334
75.5 1.2121697792866668
76.0 1.5889390609399998
76.5 0.9564188965966666
77.0 1.0971114845933332
77.5 1.5342737262733335
78.0 1.2778883382900001
78.5 1.2245748503
79.0 1.3161731601733333
79.5 1.30388910891
80.0 0.5688018648033334
80.5 0.9363130118299999
81.0 1.06839143731
81.5 1.0911212698400001
82.0 0.79021958457
82.5 0.7250534653466666
83.0 1.19671754212
83.5 0.6468331668333334
84.0 0.12565104460766666
84.5 2.08497707924
85.0 0.9038001998
85.5 1.02205148515
86.0 1.1484462204466668
86.5 1.0125820105833332
87.0 0.7517356125366667
87.5 1.1714845154833333
88.0 1.1730798679866667
88.5 1.2001516966066668
89.0 1.06011154345
89.5 1.0876643356633333
90.0 1.53062937063
90.5 0.9896060907
91.0 0.9803316683333333
91.5 0.9594005994
92.0 1.55103270565
92.5 1.32010922411
93.0 0.43614239482333333
93.5 2.1335118215133333
94.0 0.8035908639533332
94.5 0.8479413919400001
95.0 0.8631901910466667
95.5 1.16254945055
96.0 0.6507448275866666
96.5 1.1423709570966667
97.0 0.9410643478266666
97.5 0.9693986014
98.0 0.6530981169466666
98.5 0.5761716171633333
99.0 0.42662438057333335
99.5 0.37136036927
100.0 0.4170178926433334
100.5 0.35663630363
101.0 0.299786138614
101.5 0.18175957375966667
102.0 0.290423300971
102.5 0.3446929133866667
103.0 0.19064836601299998
103.5 0.20587722772266667
104.0 0.10835643564366666
104.5 0.2925623762376667
105.0 0.38583403656666665
105.5 0.4428417910433333
106.0 0.30233789954333334
106.5 0.36950943396333336
107.0 0.20279339933999999
107.5 0.5033472106566667
108.0 0.7187643564366667
108.5 0.6043236763233334
109.0 0.7459179894166666
109.5 0.5973649851633334
110.0 0.5506547737033333
110.5 0.5773106893100001
111.0 0.8746453546466667
111.5 0.83924875125
112.0 0.8436496836499999
112.5 1.1038862433866667
113.0 1.0511275391266668
113.5 0.81082010582
114.0 0.5764087591233333
114.5 0.9548211788200001
115.0 0.8327827529033334
115.5 1.1424856293366668
116.0 0.8770059405933334
116.5 1.0293861386133334
117.0 0.198
117.5 2.21949653122
118.0 0.8691868131866666
118.5 0.8681731086900001
119.0 0.5109406671766666
119.5 0.8307326732666667
120.0 0.6786360306366667
120.5 0.5558304779066666
121.0 0.7726033966033333
121.5 0.4780601255366667
122.0 0.5721638361633333
122.5 0.4706864882733333
123.0 0.68986930693
123.5 0.6220250825066667
124.0 0.7762477522466668
124.5 0.6932720612733334
125.0 0.64525404691
125.5 0.6499115044233333
126.0 0.8235089108899999
126.5 0.5433709943833334
127.0 0.6039294039299999
127.5 0.6905530227933333
128.0 0.52997136197
128.5 0.6797066402366667
129.0 0.2524732026143333
129.5 0.2672792079206667
130.0 0.33229306930700003
130.5 0.30931766242233333
131.0 0.3755294117633334
131.5 0.23985868498533333
132.0 0.2776155339806667
132.5 0.32539147670966667
133.0 0.19142970297033335
133.5 0.2636673267326667
134.0 0.17171139405799998
134.5 0.16614653465333332
135.0 0.139345739471
135.5 0.13859421560033333
136.0 0.24921980198033333
136.5 0.1917544554456667
137.0 0.14875339805833335
137.5 0.11422309197666668
138.0 0.199072744908
138.5 0.17076232654266665
139.0 0.18418461538466668
139.5 0.18500194174766665
140.0 0.17990857142866667
140.5 0.15003532763533334
141.0 0.19910769230766667
141.5 0.3751066666666667
142.0 0.36741599999999996
142.5 0.38121333333333335
143.0 0.41662933333333335
143.5 0.31870666666666664
144.0 0.3754773333333334
144.5 0.40019999999999994
145.0 0.3762906666666667
145.5 0.27447733333333335
146.0 0.36893333333333334
146.5 0.17709333333333332
147.0 0.26527466666666666
147.5 0.402544
148.0 0.40198666666666666
148.5 0.319048
149.0 0.4220026666666667
149.5 0.3910133333333334
150.0 0.400512
150.5 0.3721466666666667
151.0 0.4052826666666667
151.5 0.4012826666666667
152.0 0.37308800000000003
152.5 0.404768
153.0 0.42410666666666663
153.5 0.3631066666666667
154.0 0.42783466666666664
154.5 0.37367733333333336
155.0 0.415448
155.5 0.40385066666666664
156.0 0.36024799999999996
156.5 0.3540453333333333
157.0 0.17745333333333335
157.5 0.3928293333333333
158.0 0.12777066666666667
158.5 0.13610133333333332
159.0 0.38748266666666664
159.5 0.33556
160.0 0.3067573333333333
160.5 0.38241600000000003
161.0 0.40012000000000003
161.5 0.4159386666666667
162.0 0.36956799999999995
162.5 0.19066133333333335
163.0 0.232872
163.5 0.254648
164.0 0.27462666666666663
164.5 0.19949066666666668
165.0 0.3711466666666667
165.5 0.38963466666666663
166.0 0.390176
166.5 0.27046933333333334
167.0 0.38653333333333334
167.5 0.40385333333333334
168.0 0.33371733333333337
168.5 0.12284
169.0 0.34475733333333336
169.5 0.32304533333333335
170.0 0.30781600000000003
170.5 0.31703200000000004
171.0 0.10514933333333333
171.5 0.37573866666666667
172.0 0.35525333333333337
172.5 0.369752
173.0 0.40094399999999997
173.5 0.38648
174.0 0.31140266666666666
174.5 0.3423386666666666
175.0 0.20634933333333336
175.5 0.18722933333333333
176.0 0.28666933333333333
176.5 0.372072
177.0 0.32280000000000003
177.5 0.4073386666666667
178.0 0.407128
178.5 0.39849333333333337
179.0 0.3791466666666667
179.5 0.367856
180.0 0.3917333333333333
180.5 0.17201333333333335
181.0 0.31747200000000003
181.5 0.3736346666666666
182.0 0.27395200000000003
182.5 0.376704
183.0 0.36356000000000005
183.5 0.3375013333333334
184.0 0.375584
184.5 0.3593466666666667
185.0 0.3622533333333333
185.5 0.3740506666666667
186.0 0.16541066666666665
186.5 0.24378666666666668
187.0 0.35549600000000003
187.5 0.32406399999999996
188.0 0.37850933333333336
188.5 0.3185653333333333
189.0 0.3739706666666667
189.5 0.305936
190.0 0.18452266666666667
190.5 0.2608293333333333
191.0 0.3888293333333333
191.5 0.4093546666666667
192.0 0.3291173333333333
192.5 0.34177066666666667
193.0 0.323408
193.5 0.39594666666666667
194.0 0.3435493333333333
194.5 0.22419466666666665
195.0 0.3382213333333333
195.5 0.32780000000000004
196.0 0.3540826666666667
196.5 0.3684266666666667
197.0 0.36889866666666665
197.5 0.4228186666666667
198.0 0.3809546666666667
198.5 0.4241706666666667
199.0 0.36676533333333333
199.5 0.36312266666666665
200.0 0.179512
200.5 0.16298666666666667
201.0 0.37286400000000003
201.5 0.220288
202.0 0.12481866666666667
202.5 0.15721600000000002
203.0 0.18316266666666667
203.5 0.12672533333333333
204.0 0.3147706666666667
204.5 0.13725600000000002
205.0 0.23074399999999998
205.5 0.3584
206.0 0.11986400000000001
206.5 0.193344
207.0 0.12724266666666667
207.5 0.18784266666666669
208.0 0.28376
208.5 0.38080800000000004
209.0 0.3369546666666667
209.5 0.34924266666666665
210.0 0.3617146666666667
210.5 0.40896266666666664
211.0 0.39138133333333336
211.5 0.2371093333333333
212.0 0.11802666666666667
212.5 0.2717306666666667
213.0 0.1814106666666667
213.5 0.18997866666666666
214.0 0.192312
214.5 0.18885600000000002
215.0 0.30002666666666666
215.5 0.38982933333333336
216.0 0.4044986666666666
216.5 0.4151466666666667
217.0 0.16038933333333333
217.5 0.41370666666666667
218.0 0.13716799999999998
218.5 0.21947466666666668
219.0 0.177624
219.5 0.34457333333333334
220.0 0.35101333333333334
220.5 0.14083199999999998
221.0 0.42672266666666664
221.5 0.3314586666666667
222.0 0.27206400000000003
222.5 0.160936
223.0 0.18494666666666668
223.5 0.19963466666666668
224.0 0.28805600000000003
224.5 0.2778986666666667
225.0 0.37908000000000003
225.5 0.347768
226.0 0.36622933333333335
226.5 0.3310826666666667
227.0 0.35757866666666666
227.5 0.1883706666666667
228.0 0.15803466666666668
228.5 0.27541866666666664
229.0 0.37590133333333337
229.5 0.330968
230.0 0.37036800000000003
230.5 0.20512533333333335
231.0 0.38460266666666665
231.5 0.307024
232.0 0.41003733333333336
232.5 0.28029333333333334
233.0 0.22161866666666666
233.5 0.20978133333333335
234.0 0.36220800000000003
234.5 0.3402213333333333
235.0 0.21724533333333332
235.5 0.31517866666666666
236.0 0.3999626666666667
236.5 0.3602266666666667
237.0 0.37694133333333335
237.5 0.36647466666666667
238.0 0.345456
238.5 0.37811466666666665
239.0 0.3391493333333333
239.5 0.18855200000000003
240.0 0.337488
240.5 0.34534400000000004
241.0 0.31774399999999997
241.5 0.39860266666666666
242.0 0.378792
242.5 0.3732506666666667
243.0 0.41528533333333334
243.5 0.381936
244.0 0.114712
244.5 0.342208
245.0 0.314656
245.5 0.37274133333333337
246.0 0.21817333333333333
246.5 0.17168266666666668
247.0 0.219048
247.5 0.16487733333333335
248.0 0.161848
248.5 0.21242133333333335
249.0 0.397472
249.5 0.40703466666666666
250.0 0.32089066666666666
250.5 0.166848
251.0 0.11090133333333334
251.5 0.15368533333333334
252.0 0.19066933333333336
252.5 0.2931493333333333
253.0 0.35975466666666667
253.5 0.332768
254.0 0.38022399999999995
254.5 0.3512933333333333
255.0 0.375664
255.5 0.40562933333333334
256.0 0.26699466666666666
256.5 0.303056
257.0 0.23657333333333333
257.5 0.36856533333333336
258.0 0.4030293333333333
258.5 0.37544533333333335
259.0 0.157648
259.5 0.16084266666666666
260.0 0.37278933333333336
260.5 0.3458586666666667
261.0 0.19717600000000002
261.5 0.16296533333333335
262.0 0.290088
262.5 0.202048
263.0 0.1673066666666667
263.5 0.18802933333333333
264.0 0.362416
264.5 0.21585600000000002
265.0 0.41797599999999996
265.5 0.37896799999999997
266.0 0.3224053333333333
266.5 0.36875199999999997
267.0 0.16650933333333334
267.5 0.16707466666666665
268.0 0.18100799999999997
268.5 0.362616
269.0 0.3421653333333334
269.5 0.13201333333333334
270.0 0.22557066666666667
270.5 0.22210666666666667
271.0 0.18561066666666667
271.5 0.10993333333333333
272.0 0.3107813333333333
272.5 0.17141866666666666
273.0 0.289248
273.5 0.38561333333333336
274.0 0.3520746666666667
274.5 0.308072
275.0 0.18695733333333334
275.5 0.18177600000000002
276.0 0.22251466666666667
276.5 0.3103573333333333
277.0 0.3494986666666667
277.5 0.3502
278.0 0.402336
278.5 0.15737600000000002
279.0 0.149816
279.5 0.384984
280.0 0.18333333333333335
280.5 0.17349333333333336
281.0 0.2551653333333333
281.5 0.315328
282.0 0.37404
282.5 0.21169866666666667
283.0 0.37634133333333336
283.5 0.37012533333333336
284.0 0.3515546666666667
284.5 0.19124
285.0 0.15798933333333334
285.5 0.2672373333333333
286.0 0.18809066666666668
286.5 0.20401066666666667
287.0 0.3115546666666667
287.5 0.26833066666666666
288.0 0.20405333333333334
288.5 0.362936
289.0 0.35184
289.5 0.134792
290.0 0.229024
290.5 0.3569866666666666
291.0 0.26407733333333333
291.5 0.34834933333333334
292.0 0.3022373333333333
292.5 0.345272
293.0 0.3764826666666667
293.5 0.3558133333333333
294.0 0.2851146666666667
294.5 0.108968
295.0 0.365672
295.5 0.10416533333333333
296.0 0.17762133333333335
296.5 0.16346133333333332
297.0 0.12038399999999999
297.5 0.121736
298.0 0.12058933333333333
298.5 0.12693066666666666
299.0 0.12270933333333334
299.5 0.20962666666666666
300.0 0.18742133333333333
300.5 0.20948266666666668
301.0 0.20943733333333334
301.5 0.21018933333333334
302.0 0.21005333333333334
302.5 0.21034133333333335
303.0 0.21021066666666666
303.5 0.20873866666666666
304.0 0.21011733333333335
304.5 0.21096
305.0 0.20866666666666667
305.5 0.11761066666666666
306.0 0.21052800000000002
306.5 0.2085813333333333
307.0 0.20948266666666668
307.5 0.20859733333333333
308.0 0.20920533333333333
308.5 0.20975466666666667
309.0 0.210328
309.5 0.210216
310.0 0.21065866666666666
310.5 0.21049866666666664
311.0 0.20416800000000002
311.5 0.2109093333333333
312.0 0.21001333333333336
312.5 0.20952800000000002
313.0 0.20915733333333333
313.5 0.21055466666666667
314.0 0.20597866666666667
314.5 0.21137333333333333
315.0 0.20680266666666666
315.5 0.21040266666666665
316.0 0.210552
316.5 0.20944533333333334
317.0 0.20594666666666664
317.5 0.20521866666666666
318.0 0.20614666666666667
318.5 0.2064
319.0 0.20768
319.5 0.208856
320.0 0.124728
320.5 0.12452533333333334
321.0 0.12496
321.5 0.124096
322.0 0.125048
322.5 0.124704
323.0 0.12468533333333333
323.5 0.123984
324.0 0.19922133333333333
324.5 0.12272266666666666
325.0 0.123728
325.5 0.12424533333333333
326.0 0.12270666666666667
326.5 0.12239466666666667
327.0 0.12420266666666667
327.5 0.12445066666666667
328.0 0.11642133333333334
328.5 0.124552
329.0 0.12252
329.5 0.12436799999999999
330.0 0.12081599999999999
330.5 0.12225066666666667
331.0 0.12417600000000001
331.5 0.12424
332.0 0.12266666666666666
332.5 0.12465333333333334
333.0 0.123928
333.5 0.12489333333333334
334.0 0.125192
334.5 0.12424800000000001
335.0 0.12440533333333333
335.5 0.165344
336.0 0.12526400000000001
336.5 0.12395733333333332
337.0 0.12517066666666668
337.5 0.12353333333333333
338.0 0.125888
338.5 0.124408
339.0 0.12446133333333333
339.5 0.12283466666666666
340.0 0.123888
340.5 0.12213066666666667
341.0 0.12503733333333333
341.5 0.12524266666666667
342.0 0.123744
342.5 0.12453866666666667
343.0 0.12197066666666667
343.5 0.12415733333333334
344.0 0.19542933333333334
344.5 0.12456533333333332
345.0 0.124888
345.5 0.12422666666666667
346.0 0.12432266666666668
346.5 0.124464
347.0 0.12429866666666667
347.5 0.11816533333333333
348.0 0.12357066666666666
348.5 0.12438933333333334
349.0 0.124768
349.5 0.124552
350.0 0.12113600000000001
350.5 0.12418666666666667
351.0 0.12438133333333333
351.5 0.12408799999999999
352.0 0.12522666666666668
352.5 0.12457333333333333
353.0 0.12236000000000001
353.5 0.18333333333333335
354.0 0.12373333333333332
354.5 0.12239733333333334
355.0 0.12412266666666666
355.5 0.124288
356.0 0.12400800000000001
356.5 0.12407466666666667
357.0 0.12410666666666666
357.5 0.124768
358.0 0.12443466666666668
358.5 0.12370666666666667
359.0 0.122616
359.5 0.124568
360.0 0.188976
360.5 0.12215466666666668
361.0 0.12494666666666666
361.5 0.12168266666666666
362.0 0.125104
362.5 0.12155466666666666
363.0 0.12410933333333334
363.5 0.101632
364.0 0.12423466666666666
364.5 0.20501866666666668
365.0 0.205808
365.5 0.20517333333333332
366.0 0.195032
366.5 0.11703200000000001
367.0 0.205896
367.5 0.20450666666666664
368.0 0.20348533333333332
368.5 0.205064
369.0 0.20326666666666668
369.5 0.2081626666666667
370.0 0.20496
370.5 0.20619733333333334
371.0 0.20542133333333334
371.5 0.20372533333333334
372.0 0.13123733333333334
372.5 0.20451733333333333
373.0 0.20596
373.5 0.20489866666666667
374.0 0.20404266666666668
374.5 0.204288
375.0 0.13168266666666667
375.5 0.13373066666666666
376.0 0.20555733333333334
376.5 0.20677866666666667
377.0 0.20496
377.5 0.20532266666666665
378.0 0.20417333333333332
378.5 0.20674933333333334
379.0 0.20341066666666666
379.5 0.20422133333333334
380.0 0.20531733333333335
380.5 0.142912
381.0 0.15421866666666667
381.5 0.205496
382.0 0.20526933333333333
382.5 0.20563466666666666
383.0 0.18417333333333333
383.5 0.20554933333333333
384.0 0.20448533333333332
384.5 0.20435999999999999
385.0 0.20508266666666666
385.5 0.20819200000000002
386.0 0.20797333333333334
386.5 0.20421866666666666
387.0 0.20950133333333332
387.5 0.20699733333333334
388.0 0.194128
388.5 0.202272
389.0 0.20342400000000002
389.5 0.20418666666666666
390.0 0.20714133333333332
390.5 0.13278933333333334
391.0 0.20715733333333333
391.5 0.13400266666666666
392.0 0.20845066666666667
392.5 0.2073866666666667
393.0 0.20694133333333334
393.5 0.20766133333333334
394.0 0.206792
394.5 0.20820533333333333
395.0 0.20740266666666665
395.5 0.20796
396.0 0.15308533333333335
396.5 0.20675733333333335
397.0 0.20864533333333335
397.5 0.207744
398.0 0.20744266666666666
398.5 0.20699199999999998
399.0 0.208936
399.5 0.2070213333333333
400.0 0.20862933333333333
400.5 0.20759733333333333
401.0 0.207032
401.5 0.20710933333333334
402.0 0.15768533333333334
402.5 0.20776533333333333
403.0 0.20366933333333334
403.5 0.18323466666666668
404.0 0.20773866666666665
404.5 0.20798133333333335
405.0 0.206928
405.5 0.20674133333333333
406.0 0.20712266666666668
406.5 0.18839466666666668
407.0 0.15183466666666667
407.5 0.1705066666666667
408.0 0.20405600000000002
408.5 0.207224
409.0 0.20877066666666666
409.5 0.20645333333333335
410.0 0.20791733333333332
410.5 0.20782133333333333
411.0 0.20586666666666667
411.5 0.20626133333333332
412.0 0.206392
412.5 0.209288
413.0 0.20771733333333334
413.5 0.17519466666666667
414.0 0.20743466666666666
414.5 0.20931466666666665
415.0 0.20656266666666667
415.5 0.20840266666666665
416.0 0.2079386666666667
416.5 0.20219733333333334
417.0 0.20653333333333335
417.5 0.208144
418.0 0.2075813333333333
418.5 0.20719466666666667
419.0 0.20818666666666666
419.5 0.20572533333333332
420.0 0.20814666666666667
420.5 0.124552
421.0 0.12438133333333333
421.5 0.12349066666666668
422.0 0.124432
422.5 0.124384
423.0 0.12428
423.5 0.12321333333333334
424.0 0.122152
424.5 0.123936
425.0 0.124056
425.5 0.12386133333333334
426.0 0.121104
426.5 0.12369866666666667
427.0 0.124448
427.5 0.12418666666666667
428.0 0.122624
428.5 0.12397866666666667
429.0 0.12430666666666666
429.5 0.12357333333333333
430.0 0.12346133333333333
430.5 0.12358400000000001
431.0 0.12403199999999999
431.5 0.12441600000000001
432.0 0.11981866666666667
432.5 0.11452533333333333
433.0 0.122104
433.5 0.12440266666666666
434.0 0.12373066666666667
434.5 0.123608
435.0 0.12196800000000001
435.5 0.12448
436.0 0.12409333333333333
436.5 0.12418133333333332
437.0 0.124352
437.5 0.12373066666666667
438.0 0.12242399999999999
438.5 0.12316266666666666
439.0 0.12438133333333333
439.5 0.12387733333333334
440.0 0.12466666666666666
440.5 0.12426933333333333
441.0 0.12414133333333333
441.5 0.12328533333333334
442.0 0.12434933333333333
442.5 0.12410399999999999
443.0 0.123632
443.5 0.12419999999999999
444.0 0.12496
444.5 0.17906933333333336
445.0 0.12275733333333333
445.5 0.123728
446.0 0.12442666666666667
446.5 0.12467466666666667
447.0 0.15614933333333333
447.5 0.180432
448.0 0.12358666666666666
448.5 0.12453866666666667
449.0 0.100688
449.5 0.18333333333333335
450.0 0.124456
450.5 0.12402400000000001
451.0 0.12245333333333334
451.5 0.12411733333333334
452.0 0.12491200000000001
452.5 0.12414133333333333
453.0 0.124384
453.5 0.176736
454.0 0.12433066666666666
454.5 0.12417866666666666
455.0 0.123544
455.5 0.12334400000000001
456.0 0.12412533333333332
456.5 0.12205333333333333
457.0 0.12461866666666667
457.5 0.12238133333333334
458.0 0.12402933333333332
458.5 0.12384533333333332
459.0 0.12397066666666667
459.5 0.123728
460.0 0.12407466666666667
460.5 0.12176533333333334
461.0 0.12397599999999999
461.5 0.12338933333333334
462.0 0.12378133333333334
462.5 0.123648
463.0 0.12425866666666667
463.5 0.12385866666666667
464.0 0.124544
464.5 0.12395733333333332
465.0 0.12377866666666666
465.5 0.12376
466.0 0.203928
466.5 0.203344
467.0 0.20456
467.5 0.2008
468.0 0.20497600000000002
468.5 0.2036106666666667
469.0 0.20422933333333335
469.5 0.20534133333333335
470.0 0.20352266666666666
470.5 0.20449333333333333
471.0 0.20512
471.5 0.204304
472.0 0.20216266666666668
472.5 0.20552
473.0 0.2031706666666667
473.5 0.20675466666666667
474.0 1.0045069306933334
474.5 0.7838829008633333
475.0 0.49535149156999997
475.5 0.26890718954233334
476.0 0.4255820512833333
476.5 0.56557359736
477.0 0.8137968697966667
477.5 0.6524222008333334
478.0 0.9720751730966667
478.5 1.2218830525266666
479.0 0.8943349983333334
479.5 0.8058490245966666
480.0 0.6947452547466666
480.5 1.1222465935533334
481.0 0.62097572528
481.5 1.04089240924
482.0 0.5603029333333334
482.5 1.0582632612966667
483.0 1.2099860418733333
483.5 0.9303549783533334
484.0 1.1492888452733332
484.5 0.8962850482866668
485.0 1.29472127872
485.5 0.9167474548433333
486.0 1.0686520292733335
486.5 1.0621629629633333
487.0 1.3244622044633334
487.5 0.8732201132199999
488.0 1.1455526238633333
488.5 1.0967307925
489.0 1.1107627933266666
489.5 1.0624579710133333
490.0 0.5890858356066667
490.5 1.0795881188133334
491.0 0.85596923077
491.5 1.1288211221133333
492.0 0.8905993769466667
492.5 1.0961758241766668
493.0 0.8728684648699999
493.5 1.0791534391533333
494.0 1.0933146853133333
494.5 0.80626839827
495.0 1.08912962963
495.5 0.9496775757566667
496.0 1.19578349835
496.5 1.1683383283366666
497.0 0.9337494089833333
497.5 1.1798281718266665
498.0 0.8224468864466666
498.5 1.0336623719866667
499.0 0.8754930693066667
499.5 0.75620899471
500.0 0.8338402402399999
500.5 0.8051841491833334
501.0 0.6338526594
501.5 0.5569321100933333
502.0 1.02180547313
502.5 1.0624442224433335
503.0 0.9030937790166668
503.5 0.8167246087233333
504.0 0.9686184340933334
504.5 1.01278987679
505.0 1.0142257742266667
505.5 0.5186243386233333
506.0 0.6430313842100001
506.5 0.7054600660066667
507.0 0.70299241675
507.5 1.00085629336
508.0 0.89176956377
508.5 1.09716137566
509.0 0.8338822006466667
509.5 0.9687168195733333
510.0 0.9730352628066666
510.5 0.5489703843733333
511.0 0.5936729936733333
511.5 1.0432977099233334
512.0 1.2230116550099999
512.5 1.0622876927933333
513.0 1.1984418300666666
513.5 1.0552256410266667
514.0 1.0760093567266666
514.5 1.23562837163
515.0 0.7977826230599999
515.5 0.9319054279066666
516.0 1.03701973867
516.5 1.12721145521
517.0 0.7627518296733333
517.5 1.0427460317466666
518.0 0.9195231435233334
518.5 0.9082851485133333
519.0 1.0680132802133333
519.5 0.9045119388733333
520.0 1.3068067393466667
520.5 0.7682424242433333
521.0 1.0757185332
521.5 0.9787205128199999
522.0 0.9281557755766667
522.5 0.6467907590766667
523.0 0.5152936936933333
523.5 0.91104095904
524.0 0.6154529236866667
524.5 0.9136866666666666
525.0 1.1826640264033335
525.5 1.1788105228099999
526.0 1.2858341658333334
526.5 1.1110558434066666
527.0 0.8784948384933333
527.5 1.0682037962033333
528.0 0.7996066790366667
528.5 1.1487019647033334
529.0 0.9699504459866667
529.5 1.01152982456
530.0 1.1440079207933334
530.5 0.94744988345
531.0 0.9066111661699999
531.5 0.9111863117866666
532.0 1.0116102941166667
532.5 1.10124009324
533.0 1.1856166194533333
533.5 1.1054465534466666
534.0 0.9044440039633334
534.5 0.6816729936733333
535.0 0.6886580086566667
535.5 0.9256193313466667
536.0 0.53175553353
536.5 0.6315145357033333
537.0 0.7801663366333332
537.5 0.68617029703
538.0 0.7639427239433334
538.5 0.6265785123966666
539.0 0.87975255018
539.5 0.6480767957633333
540.0 0.8123564356433333
540.5 0.8902151815166667
541.0 0.6990952380966666
541.5 0.8639147519133333
542.0 0.7138285045366667
542.5 0.8147852147866667
543.0 0.79228278824
543.5 0.9436883116866667
544.0 0.6496352403966666
544.5 0.6794418604666667
545.0 0.88566100566
545.5 0.7351782265133333
546.0 0.9175843137266666
546.5 0.9391861471866667
547.0 1.32557042957
547.5 1.3538368021133333
548.0 1.00759470797
548.5 1.4189644400133332
549.0 1.1766575028633333
549.5 1.0465001665
550.0 1.0523742923733332
550.5 1.03497384972
551.0 1.1307039627033333
551.5 1.04441158841
552.0 0.5397972805933333
552.5 1.5275924075933334
553.0 1.1093067198933333
553.5 1.1713413063466667
554.0 1.2535837495833333
554.5 0.9858802502233334
555.0 1.35878908849
555.5 1.0051131725433333
556.0 1.3725847485833331
556.5 1.0583744652833333
557.0 1.1248431568433335
557.5 1.0070023217233333
558.0 1.0267534516766668
558.5 1.0602253147766667
559.0 1.0332147852133333
559.5 1.2841440370000001
560.0 1.0224343234333333
560.5 1.1272840984699999
561.0 1.0257194029866665
561.5 1.1848517887566665
562.0 1.3695877455866665
562.5 1.0800771789766668
563.0 1.4514690499833334
563.5 1.2179820179833334
564.0 0.7077505222333333
564.5 0.9843942723933333
565.0 0.9998470161566666
565.5 1.0221351981366666
566.0 1.11681694803
566.5 1.0023825545166667
567.0 1.0865362608133333
567.5 0.9911666666666666
568.0 1.1747398139233334
568.5 1.4051335331333332
569.0 1.15484459652
569.5 1.1259779958366667
570.0 1.2150467679466666
570.5 0.8970573426566667
571.0 1.06238271605
571.5 1.2954777448066668
572.0 1.2499827012633333
572.5 0.9543727242633334
573.0 1.0247631950333334
573.5 0.8815858946866667
574.0 0.6450509490499999
574.5 0.6279511067066667
575.0 0.6204178019966667
575.5 0.93531089109
576.0 0.9423349983333332
576.5 0.9693941798933333
577.0 1.34233997344
577.5 1.3923896620266667
578.0 1.1420617283966668
578.5 1.0466013986
579.0 1.00535997336
579.5 0.9914751914766667
580.0 1.0014458113633333
580.5 0.9093285241966668
581.0 0.9195044955033334
581.5 0.43742319128
582.0 0.6840519480533334
582.5 0.6983523143533333
583.0 0.6682857142866667
583.5 0.5298381618366667
584.0 0.8600333000333333
584.5 0.8963468072633334
585.0 0.9634091816366667
585.5 0.6470228471
586.0 0.8331481851466668
586.5 0.8482477522466666
587.0 0.86198148148
587.5 0.7424335664333334
588.0 0.7448264026400001
588.5 0.9322224442233332
589.0 0.9028280423266667
589.5 0.6566020646033334
590.0 1.0554725274733332
590.5 1.0506349206333334
591.0 0.81570456754
591.5 1.09832079208
592.0 0.59382261787
592.5 1.1250269730266667
593.0 0.58710351035
593.5 0.79603839788
594.0 0.8473692614766667
594.5 0.95542857143
595.0 0.9159347319333334
595.5 1.01262962963
596.0 1.33018981019
596.5 1.1093626373633334
597.0 1.0719365708633333
597.5 1.14308891109
598.0 1.1635846560833334
598.5 1.1436616716633334
599.0 0.6414998335000001
599.5 0.8760542866600001
600.0 0.74778460522
600.5 0.7385281385266667
601.0 1.0629454905833333
601.5 1.00631102231
602.0 0.9246937561933333
602.5 1.0978488178499999
603.0 1.4050349650333331
603.5 1.1642541806033333
604.0 1.1946884650333334
604.5 1.55153912754
605.0 1.40752847153
605.5 1.3083130203133333
606.0 1.22670619006
606.5 0.17936825141
607.0 2.0635373371466668
607.5 0.7276433799066666
608.0 0.7539939283533333
608.5 0.8069157509166667
609.0 0.7684417989433333
609.5 0.8163356643366666
610.0 0.5423693425833334
610.5 0.4015417366933333
611.0 0.6887832167833333
611.5 0.9786533466533333
612.0 0.7478228438233333
612.5 1.3112063492066668
613.0 1.3959267399266666
613.5 1.1815028349733334
614.0 1.38342951907
614.5 1.36303018242
615.0 1.00723960396
615.5 0.5935324728533333
616.0 0.9001558441566666
616.5 0.8592176308533334
617.0 1.1405234765233334
617.5 1.0449816849833333
618.0 1.0865541211533334
618.5 1.0626147186133335
619.0 1.1049232804233333
619.5 0.44287978688
620.0 0.8800925008266667
620.5 0.95402997003
621.0 1.0036481481466668
621.5 1.0124469841266668
622.0 1.0676038562666668
622.5 1.06015049505
623.0 1.0396646864699999
623.5 0.9795138195133334
624.0 1.06344389275
624.5 1.0028984348999999
625.0 1.0698661338666666
625.5 1.0626216931233332
626.0 0.9720052805266667
626.5 0.9668864468866666
627.0 0.9679067599066666
627.5 0.84001058201
628.0 0.8213280053266666
628.5 0.7952348860266666
629.0 0.8175339934
629.5 0.8819340659333333
630.0 0.6479048562933333
630.5 0.7440475247533334
631.0 0.5548344988333334
631.5 0.51056755864
632.0 0.6486953046966667
632.5 0.48060906984333335
633.0 0.5466533466533333
633.5 0.4731564356433333
634.0 0.29617425742566666
634.5 0.19565751633999998
635.0 0.26465882352933334
635.5 1.4616862745099999
636.0 0.6450509490499999
636.5 0.7230921704666667
637.0 0.56551551155
637.5 0.5725822222233333
638.0 0.7434485514500001
638.5 0.6863624338633333
639.0 0.46593267326666665
639.5 0.265708250825
640.0 0.48760396039666665
640.5 0.36599542034666666
641.0 0.2432
641.5 0.3395168316833333
642.0 0.209515511551
642.5 0.28533861386133336
643.0 0.295128115942
643.5 0.173545631068
644.0 0.14100297324066666
644.5 0.32177601585733334
645.0 0.5182435129733333
645.5 0.7075343915333333
646.0 0.7000606601233333
646.5 0.6178660049633333
647.0 0.6061682243000001
647.5 0.5466533466533333
648.0 0.43437590046
648.5 0.24052747252733334
649.0 0.19983878427500001
649.5 0.169590504451
650.0 0.10835643564366666
650.5 0.14319921491666668
651.0 0.3106217821783333
651.5 0.24234751071533334
652.0 0.33262239841433333
652.5 0.3444541254133333
653.0 0.2672792079206667
653.5 0.14447524752466667
654.0 0.13948235294133335
654.5 0.14299753086433334
655.0 0.18955294117633334
655.5 0.14577422577433333
656.0 0.163078717201
656.5 0.1950415841583333
657.0 0.14663529411766665
657.5 0.10060534124633334
658.0 0.13377205153633334
658.5 0.17524705882366667
659.0 0.17296
659.5 0.17366153846166665
660.0 0.19742433234433335
660.5 0.185084548105
661.0 0.18583529411766667
661.5 0.119192079208
662.0 0.10803828274533334
662.5 0.19845697329366666
663.0 0.3106217821783333
663.5 0.28611764705866666
664.0 0.22336696340266668
664.5 0.22195878312066666
665.0 0.211011764706
665.5 0.18789504373166666
666.0 0.12641584158400002
666.5 0.18153935860066667
667.0 0.1669903660886667
667.5 0.193908910891
668.0 0.119310208127
668.5 0.12026373626366667
669.0 0.195720116618
669.5 0.13812815533966666
670.0 0.11185756676566666
670.5 0.13725148514866667
671.0 0.13421886792466667
671.5 0.12041941747566666
672.0 0.185592079208
672.5 0.14677919528933334
673.0 0.22595004995
673.5 0.27592927308433335
674.0 0.4626202321733333
674.5 0.11444705882366667
675.0 0.12755244755233333
675.5 0.25308225966299996
676.0 0.245607920792
676.5 0.23477227722766666
677.0 0.19378338183
677.5 0.115865255053
678.0 0.19994520547933334
678.5 0.19781132075466668
679.0 0.135905882353
679.5 0.192988235294
680.0 0.19217492711366668
680.5 0.18576470588233335
681.0 0.18507692307700002
681.5 0.184093457944
682.0 0.18507692307700002
682.5 0.186814678899
683.0 0.18611881188133333
683.5 0.14825287356333333
684.0 0.1824
684.5 0.13002772277233335
685.0 0.10474455445533333
685.5 0.14889795918366666
686.0 0.10979417475733333
686.5 0.16795294117633336
687.0 0.11444705882366667
687.5 0.17093333333333333
688.0 0.17227169811333332
688.5 0.19656470588233332
689.0 0.16538867924533335
689.5 0.192342857143
690.0 0.1717433489826667
690.5 0.19910769230766667
691.0 0.202065281899
691.5 0.18152974504233332
692.0 0.10729411764699999
692.5 0.174311111111
693.0 0.19604271844666668
693.5 0.18785660377366667
694.0 0.18962141194733334
694.5 0.16538867924533335
695.0 0.19208543689333335
695.5 0.17223762376233334
696.0 0.190297029703
696.5 0.19461671469733333
697.0 0.161401980198
697.5 0.18161867704266665
698.0 0.10474455445533333
698.5 0.135905882353
699.0 0.1950415841583333
699.5 0.14305882352933333
700.0 0.10857142857133334
700.5 0.12990952839266667
701.0 0.17653146853133334
701.5 0.17831119666333334
702.0 0.170153846154
702.5 0.30838040345833334
703.0 0.156667961165
703.5 0.11937632338800001
704.0 0.11558019801966667
704.5 0.18402373887233334
705.0 0.11087058823533334
705.5 0.16783033120266666
706.0 0.185167315175
706.5 0.12803333333333333
707.0 0.17167058823533332
707.5 0.10341348973600001
708.0 0.12666666666666668
708.5 0.17716923076933333
709.0 0.17658015267166666
709.5 0.42608580857999995
710.0 0.43536146788999996
710.5 0.6086073926066666
711.0 0.44994720046333336
711.5 0.4478732673266667
712.0 0.20743529411766667
712.5 0.166646153846
713.0 0.18659940652833334
713.5 0.12276923076933333
714.0 0.10123290386533333
714.5 0.13232941176466667
715.0 0.17550588235300002
715.5 0.11333592233
716.0 0.16437647058833332
716.5 0.192875612145
717.0 0.16381341107866668
717.5 0.16313846153833333
718.0 0.18307326732666668
718.5 0.10014117647066667
719.0 0.121719332679
719.5 0.14305882352933333
720.0 0.4883436563433334
720.5 0.6774641509433333
721.0 0.6862574257433334
721.5 0.57299145299
722.0 0.6563499005966666
722.5 0.5624861773133333
723.0 0.8418461538466667
723.5 0.6565727605733334
724.0 0.6477232004933333
724.5 0.77251764706
725.0 0.7271688311700001
725.5 0.7095949785266668
726.0 0.6629780439133334
726.5 0.7897358490566666
727.0 0.6707345987333334
727.5 0.5046686488266666
728.0 0.6887832167833333
728.5 0.5146005946466666
729.0 0.59402997003
729.5 0.19176050662066668
730.0 0.8017582417566667
730.5 0.5097169497166667
731.0 0.49755665675666666
731.5 0.5893039485766667
732.0 0.6778501498499999
732.5 0.5118176412300001
733.0 0.6461623762366667
733.5 0.8190117647066667
734.0 0.5577062937066667
734.5 0.3470842418233333
735.0 0.14212987013
735.5 0.167118008406
736.0 0.11045186640466666
736.5 0.18507692307700002
737.0 0.18507692307700002
737.5 0.18541747572800002
738.0 0.18611881188133333
738.5 0.188217142857
739.0 0.186814678899
739.5 0.18615135135133334
740.0 0.18507692307700002
740.5 0.184742857143
741.0 0.18648
741.5 0.186814678899
742.0 0.18611881188133333
742.5 0.18541747572800002
743.0 0.184742857143
743.5 0.18611881188133333
744.0 0.184742857143
744.5 0.18541747572800002
745.0 0.184125350795
745.5 0.186780934922
746.0 0.18576470588233335
746.5 0.12497369297366667
747.0 0.39330563798333334
747.5 0.37476405169666666
748.0 0.5283809523799999
748.5 0.43116883117
749.0 0.6284673267333333
749.5 0.7798921078933333
750.0 0.84874793525
750.5 0.9656157176166666
751.0 0.18171061609466665
751.5 0.42960479042
752.0 0.9352830687833333
752.5 0.9185923961100001
753.0 0.8806751717366667
753.5 0.59875857476
754.0 0.58774556575
754.5 0.65375049505
755.0 0.44823234323333333
755.5 0.5065822640433334
756.0 0.7106493506499999
756.5 0.5111004016066667
757.0 0.6122517482533333
757.5 0.39675122231666665
758.0 0.5237227722766666
758.5 0.5355442424233333
759.0 0.32506930693066666
759.5 0.195627184466
760.0 0.195627184466
760.5 0.230213592233
761.0 0.21816470588233336
761.5 0.12761165048533332
762.0 0.19469745523100002
762.5 0.18644355644366667
763.0 0.19647133757966667
763.5 0.151020979021
764.0 0.18362211981566667
764.5 0.19395180722900002
765.0 0.18569471624266667
765.5 0.19406557377033334
766.0 0.19658546168966667
766.5 0.19368862275433335
767.0 0.19295976447500002
767.5 0.193230628988
768.0 0.197288888889
768.5 0.18514450867066667
769.0 0.15066666666666667
769.5 0.18352941176466667
770.0 0.11376474182700001
770.5 0.19256
771.0 0.19573191899700002
771.5 0.15097005988033335
772.0 0.161954045954
772.5 0.18983257506833334
773.0 0.19653974484800002
773.5 0.23267619047633334
774.0 0.5794525474533333
774.5 0.6368857808866667
775.0 0.7415978835966667
775.5 0.7017237059033333
776.0 0.78767624711
776.5 0.5998055278066666
777.0 0.6022728774366667
777.5 0.6635820895533333
778.0 0.7505449735433333
778.5 0.7008818481833333
779.0 0.7157993399333332
779.5 0.70160229885
780.0 0.5589970149266666
780.5 0.46295238095333335
781.0 0.6158961038966667
781.5 0.6789999999999999
782.0 0.8487920792066667
782.5 0.63669130869
783.0 0.6797066402366667
783.5 0.64038894439
784.0 0.4844717542133334
784.5 0.4005647058833333
785.0 0.8235652750166667
785.5 0.48421556886333333
786.0 0.43392328042333334
786.5 0.54300899101
787.0 0.49281268582666665
787.5 0.5495500495533333
788.0 0.3553166833166667
788.5 0.32038323353299997
789.0 0.35365772923
789.5 0.12268249258166668
790.0 0.22754851485133332
790.5 0.2817267326733333
791.0 0.34730082918666666
791.5 0.31752417794966664
792.0 0.278114851485
792.5 0.31483398692799996
793.0 0.3395168316833333
793.5 0.318160555005
794.0 0.3752585236666666
794.5 0.35049411764666666
795.0 0.18402373887233334
795.5 0.27332210788899997
796.0 0.4613647058833333
796.5 0.3286811881186667
797.0 0.2600554455446667
797.5 0.17422056074766668
798.0 0.16862574257433333
798.5 0.213100990099
799.0 0.13470658682633332
799.5 0.311764243615
800.0 0.10729411764699999
800.5 0.16253465346533333
801.0 0.36759643917
801.5 0.5206263627366666
802.0 0.3729443889433333
802.5 0.58932011893
803.0 0.33709306930666666
803.5 0.35757623762333335
804.0 0.34222754491
804.5 0.35132067932000005
805.0 0.3508380765466667
805.5 0.26333729372933334
806.0 0.42638961039
806.5 0.45557407407333333
807.0 0.4883436563433334
807.5 0.45416055500333335
808.0 0.3648
808.5 0.2728818897636667
809.0 0.261609561753
809.5 0.10534389438933334
810.0 0.17857342657333333
810.5 0.14319921491666668
811.0 0.186685148515
811.5 0.26239360639366666
812.0 0.33689065081
812.5 0.274502970297
813.0 0.12875294117633332
813.5 0.35757623762333335
814.0 0.30402875817
814.5 0.2672792079206667
815.0 0.14521165048533333
815.5 0.17223762376233334
816.0 0.19128777670833336
816.5 0.18119285498033333
817.0 0.198850346878
817.5 0.33618823529333336
818.0 0.37195294117666666
818.5 0.16747305389233333
819.0 0.10452722063033333
819.5 0.17885581085566668
820.0 0.19142970297033335
820.5 0.24199603960399999
821.0 0.2560615384616667
821.5 0.18418461538466668
822.0 0.163199230029
822.5 0.175641847314
823.0 0.10166557377033332
823.5 0.2672792079206667
824.0 0.16614653465333332
824.5 0.18789504373166666
825.0 0.16368962172633333
825.5 0.20784282907666665
826.0 0.25146053946066665
826.5 0.11444705882366667
827.0 0.17781328847766667
827.5 0.17584950495033336
828.0 0.17983254043766667
828.5 0.18619047619033335
829.0 0.18691628334866667
829.5 0.18847363374866669
830.0 0.18750280373833333
830.5 0.18576470588233335
831.0 0.18973069306933335
831.5 0.19016146789000002
832.0 0.18611881188133333
832.5 0.1875378858746667
833.0 0.18858461538466667
833.5 0.18818078020933335
834.0 0.2794462785983333
834.5 0.49739327339333333
835.0 0.7454065934066666
835.5 0.5881952861966667
836.0 0.6830037735833333
836.5 0.5358292397666666
837.0 0.5757492654266666
837.5 0.4971854759566667
838.0 0.6245180046266666
838.5 0.55362608117
839.0 0.9362936507933334
839.5 0.6708997669
840.0 0.95117948718
840.5 1.2378767898766667
841.0 1.3679866799866665
841.5 0.63875857476
842.0 0.9693001658366667
842.5 0.8607293109133334
843.0 0.9156872751066666
843.5 1.1220273060266666
844.0 0.8163356643366666
844.5 0.9027472745299999
845.0 0.5716087667633333
845.5 0.6892331926866667
846.0 0.9399713261633332
846.5 0.8491348651333334
847.0 0.7171640211633333
847.5 0.9742433234433333
848.0 1.03509438944
848.5 0.9832167832166667
849.0 1.1015925925933334
849.5 0.87078019802
850.0 1.0935144855133332
850.5 1.3222430902433333
851.0 1.3443068783066667
851.5 1.1319134199133334
852.0 1.2522927478366668
852.5 1.1583459244533334
853.0 1.2196886227533332
853.5 1.1138461538466666
854.0 1.2205763612233334
854.5 1.4217104913666667
855.0 1.17644931871
855.5 0.7929163449166667
856.0 1.66146919747
856.5 1.0679675383233334
857.0 1.4920146520133333
857.5 1.1082133333333333
858.0 1.3475138195133332
858.5 1.19729879102
859.0 1.31709090909
859.5 1.3712980352966666
860.0 1.0584622297100001
860.5 1.2107332002666666
861.0 1.0128814007266667
861.5 1.03838216978
862.0 0.59119441675
862.5 1.2189461077833335
863.0 1.15737059215
863.5 1.3099940059933333
864.0 1.20797250859
864.5 1.43293254748
865.0 1.59585362608
865.5 1.31823110223
866.0 1.4227702392666668
866.5 1.27760479042
867.0 1.0241838161833334
867.5 1.0243120288433334
868.0 1.1459747172333332
868.5 1.07741618123
869.0 1.5404142524133333
869.5 1.1511821511833333
870.0 0.9797413308333334
870.5 1.1875537795533333
871.0 1.1308851148866668
871.5 1.3642917082933332
872.0 1.3305133795833333
872.5 1.1426653346666666
873.0 0.9978227513233334
873.5 1.3504548784533332
874.0 1.1130256410266666
874.5 1.39758505408
875.0 0.228
875.5 0.19296958053166668
876.0 0.9131002331000001
876.5 1.3618141858133335
877.0 1.0563768634466666
877.5 1.0006604361366667
878.0 0.8628502993999999
878.5 0.46682766003000004
879.0 0.7298501799133333
879.5 0.8819340659333333
880.0 0.6442999669633334
880.5 0.9058331684800001
881.0 1.2389217046566667
881.5 1.0300356435633333
882.0 0.8600679320666668
882.5 0.7351350015433334
883.0 1.0077148514866667
883.5 0.5359920079933334
884.0 0.8491348651333334
884.5 0.6006190476200001
885.0 0.9621098901099999
885.5 0.75903030303
886.0 0.99443915344
886.5 0.51145443425
887.0 0.7142937062933333
887.5 0.46805727605666664
888.0 0.76895904096
888.5 0.7360767957633333
889.0 0.7546719946733332
889.5 0.7194708578900001
890.0 0.8943136863133333
890.5 1.2814731934733332
891.0 1.2135118215133334
891.5 0.8972862145799999
892.0 1.29723876124
892.5 1.4521984682
893.0 1.5560945720933335
893.5 1.3568641484433333
894.0 1.0377213061766668
894.5 0.9092830188666667
895.0 0.9899140859133334
895.5 1.1162997003000001
896.0 0.7055790849666667
896.5 1.0962370962366668
897.0 1.2828652764000001
897.5 1.4117668997666666
898.0 1.0746323432333333
898.5 1.0118665345233333
899.0 1.3977435897433335
899.5 1.5253439893433332
900.0 1.4308068783066668
900.5 1.5086460206466665
901.0 1.3018449349166665
901.5 1.4164662004666668
902.0 1.2972787212799999
902.5 1.2021868037699999
903.0 1.4703323343333334
903.5 1.4304735264733335
904.0 1.3122328042333333
904.5 1.11969139466
905.0 1.3528422442233332
905.5 1.1945986928099999
906.0 1.4604435564433331
906.5 1.1615557775566667
907.0 1.5401105561100001
907.5 1.1687212242166667
908.0 1.4078937583
908.5 1.0475364635366666
909.0 1.2863083583100001
909.5 1.09618616847
910.0 1.5130709290700002
910.5 1.4263973597366668
911.0 1.2482267912766667
911.5 1.5213453213466668
912.0 1.4147932067933333
912.5 1.1784492468899999
913.0 1.5379740259733332
913.5 1.0604170804366666
914.0 1.3025308085366667
914.5 1.1976457077233333
915.0 1.2626620689666666
915.5 1.4758894438899999
916.0 1.3782697302700002
916.5 1.0469417989433334
917.0 1.3698035298033335
917.5 1.1663163503166667
918.0 1.22864
918.5 1.3399187479199999
919.0 1.5078462557999999
919.5 1.2403986798666666
920.0 1.18712871287
920.5 1.5109940594066666
921.0 1.52683849484
921.5 0.59305026455
922.0 1.1701491749166666
922.5 1.35709239766
923.0 1.5912434232433332
923.5 1.5085820845833335
924.0 1.2075582169
924.5 1.48341716567
925.0 1.29870119522
925.5 1.1871541791533333
926.0 1.0716990920866667
926.5 1.04011988012
927.0 1.27167692817
927.5 1.26459140859
928.0 1.12289044289
928.5 1.5511313531366666
929.0 1.4387266067266669
929.5 1.3273819513833334
930.0 1.03572062231
930.5 0.89017116217
931.0 1.1390769230766666
931.5 1.0021978021966667
932.0 0.83757817698
932.5 1.35226984127
933.0 1.06893906094
933.5 1.22902164502
934.0 1.2337022977033334
934.5 1.1940918635166666
935.0 0.17027670753066668
935.5 2.0487203667333334
936.0 0.7042641744533333
936.5 0.9584655344666667
937.0 0.9602690405533334
937.5 1.2589224109233335
938.0 1.0582983286033334
938.5 1.1990782550766668
939.0 1.22108732231
939.5 1.21532867133
940.0 0.9468410967966667
940.5 0.8995300330033333
941.0 0.8123742923733334
941.5 1.2146973026966668
942.0 1.4285483977533333
942.5 1.2188078588066666
943.0 1.3561318681333334
943.5 0.8696987752399999
944.0 0.7101351981366667
944.5 0.7484003964333333
945.0 0.92285940594
945.5 0.7770016649999999
946.0 1.2505160224633334
946.5 1.1381412541266667
947.0 1.04924142524
947.5 0.7279656862733334
948.0 0.7791137724566667
948.5 0.4548971028966667
949.0 0.6013584905666667
949.5 0.6450509490499999
950.0 0.9495011655
950.5 0.7020952380966667
951.0 2.0412221131833332
951.5 1.02815850816
952.0 0.9404171617166667
952.5 1.2573026973033332
953.0 0.5486836935166667
953.5 0.6185293729366667
954.0 0.65844022644
954.5 0.8759054279066666
955.0 0.9653280475733333
955.5 0.5956620462033334
956.0 0.65962837163
956.5 0.5557974180733333
957.0 0.6960719280733333
957.5 0.188907059421
958.0 0.30977022977033336
958.5 0.3868543112
959.0 0.34985814185666664
959.5 0.319635282458
960.0 0.48282352941333334
960.5 0.4189782178233334
961.0 0.4300339660333334
961.5 0.5350882061433333
962.0 0.32763600395633335
962.5 0.5929355797833333
963.0 0.5867412587399999
963.5 0.19779651112833335
964.0 2.099234099233333
964.5 0.9110811881199999
965.0 0.9094196825399999
965.5 0.5857046580766666
966.0 0.3973069306933333
966.5 0.46511888112
967.0 0.7559826839833333
967.5 0.9373333333333332
968.0 0.6661966996700001
968.5 0.7073220113233334
969.0 0.7285674325666666
969.5 0.5138042328033333
970.0 0.6818244224433333
970.5 0.7621544554466667
971.0 0.6720993464066667
971.5 0.6315960396033333
972.0 0.5412560772566667
972.5 0.6003543123533334
973.0 0.53524263489
973.5 0.5366553446566666
974.0 0.41577799801666665
974.5 0.46784948385
975.0 0.42081918081999997
975.5 0.59402997003
976.0 0.58165873016
976.5 0.5266205077466667
977.0 0.48857142857
977.5 0.55676057276
978.0 0.5808548241666667
978.5 0.7181724941733334
979.0 0.69709079243
979.5 0.6907625707633334
980.0 0.7107696369633333
980.5 0.68511419142
981.0 0.47376623376666666
981.5 0.282369337979
982.0 0.49927672327666667
982.5 0.7721665001666667
983.0 0.8604796828533333
983.5 0.6154529236866667
984.0 0.6025875370933333
984.5 0.46382046204666666
985.0 0.5320671462833334
985.5 0.58932011893
986.0 0.7050148662033333
986.5 0.5394045954033333
987.0 0.7507372627366666
987.5 0.8649523809533334
988.0 0.6782231102233333
988.5 1.0021978021966667
989.0 0.7106072018499999
989.5 0.9293106893099999
990.0 0.68768021143
990.5 0.5171058201066666
991.0 0.3399000999
991.5 0.5903856143866667
992.0 0.54393121693
992.5 0.485457303
993.0 0.7013994053533333
993.5 0.48382424843
994.0 0.59537091988
994.5 0.5802059405933333
995.0 0.71696333003
995.5 0.6192154512166667
996.0 0.48151480781333333
996.5 0.21931244707866668
997.0 0.7231846712933333
997.5 0.71279663757
998.0 0.5393646353633333
998.5 0.7744761904766667
999.0 0.8396803196799999
999.5 0.9440908059033334
1000.0 0.40402133333333334
1000.5 0.4034533333333334
1001.0 0.418576
1001.5 0.40470933333333337
1002.0 0.40697333333333335
1002.5 0.404984
1003.0 0.40408
1003.5 0.40001333333333333
1004.0 0.415192
1004.5 0.4206373333333333
1005.0 0.38935733333333333
1005.5 0.42190666666666665
1006.0 0.39867733333333333
1006.5 0.392264
1007.0 0.41216800000000003
1007.5 0.4173626666666667
1008.0 0.4037466666666667
1008.5 0.411248
1009.0 0.403224
1009.5 0.4001226666666667
1010.0 0.40939733333333334
1010.5 0.40547466666666665
1011.0 0.8076106666666667
1011.5 0.8303413333333333
1012.0 1.4374906666666665
1012.5 1.4487973333333333
1013.0 1.4605866666666667
1013.5 0.8128613333333333
1014.0 0.8191413333333334
1014.5 0.8801733333333334
1015.0 0.8637946666666667
1015.5 0.8092106666666666
1016.0 0.8030773333333333
1016.5 0.7099226666666666
1017.0 1.4347493333333334
1017.5 1.43884
1018.0 1.4307813333333332
1018.5 1.3960160000000001
1019.0 1.413168
1019.5 1.3741066666666668
1020.0 0.8741599999999999
1020.5 0.3967333333333333
1021.0 0.643536
1021.5 1.4781413333333333
1022.0 1.484096
1022.5 1.4354746666666667
1023.0 1.4230586666666667
1023.5 1.4150773333333333
1024.0 0.3458053333333333
1024.5 0.8085306666666666
1025.0 0.8218346666666667
1025.5 0.853184
1026.0 1.2542426666666666
1026.5 1.3959599999999999
1027.0 1.2070853333333333
1027.5 0.2617973333333333
1028.0 0.258208
1028.5 0.24593866666666667
1029.0 0.259032
1029.5 0.253104
1030.0 0.26762400000000003
1030.5 0.2576346666666667
1031.0 0.251896
1031.5 0.23831466666666667
1032.0 0.26024533333333333
1032.5 0.25006666666666666
1033.0 0.26404
1033.5 0.24955466666666667
1034.0 0.24983200000000003
1034.5 0.26128266666666666
1035.0 0.25653333333333334
1035.5 0.26178133333333337
1036.0 0.26132266666666665
1036.5 0.25667733333333337
1037.0 0.2553626666666667
1037.5 0.25858933333333334
1038.0 0.251888
1038.5 0.26037333333333335
1039.0 0.25967466666666666
1039.5 0.25156533333333336
1040.0 0.26033066666666665
1040.5 0.26269333333333333
1041.0 0.264552
1041.5 0.2252293333333333
1042.0 0.261784
1042.5 0.25182133333333334
1043.0 0.2510346666666667
1043.5 0.2565173333333333
1044.0 0.24944
1044.5 0.25055466666666665
1045.0 0.2642906666666667
1045.5 0.25623466666666667
1046.0 0.2590213333333333
1046.5 0.24956266666666668
1047.0 0.24978133333333333
1047.5 0.263384
1048.0 0.25665866666666665
1048.5 0.2559493333333333
1049.0 0.26318400000000003
1049.5 0.26099466666666665
1050.0 0.2627253333333333
1050.5 0.259656
1051.0 0.2636133333333333
1051.5 0.2600426666666667
1052.0 0.26066666666666666
1052.5 0.2579226666666667
1053.0 0.25852800000000004
1053.5 0.2703706666666667
1054.0 0.26613333333333333
1054.5 0.25706666666666667
1055.0 0.249552
1055.5 0.266488
1056.0 0.265448
1056.5 0.26696533333333333
1057.0 0.26224
1057.5 0.26610666666666666
1058.0 0.26198133333333334
1058.5 0.2672506666666667
1059.0 0.24609333333333336
1059.5 0.2591946666666667
1060.0 0.25753866666666664
1060.5 0.2624
1061.0 0.2512506666666667
1061.5 0.257776
1062.0 0.25253333333333333
1062.5 0.26783466666666667
1063.0 0.25131466666666663
1063.5 0.26720266666666664
1064.0 0.26505066666666666
1064.5 0.256992
1065.0 0.2588106666666667
1065.5 0.2579146666666667
1066.0 0.26552000000000003
1066.5 0.25449333333333335
1067.0 0.25186933333333333
1067.5 0.2581386666666667
1068.0 1.515656
1068.5 0.8707066666666666
1069.0 0.8664666666666667
1069.5 0.8072159999999999
1070.0 0.8167706666666666
1070.5 1.429856
1071.0 1.4135786666666668
1071.5 1.4414266666666666
1072.0 1.441552
1072.5 1.414472
1073.0 0.8223626666666667
1073.5 0.8217546666666666
1074.0 0.8179626666666667
1074.5 1.4459386666666667
1075.0 1.4184933333333334
1075.5 1.3985866666666666
1076.0 0.26671466666666666
1076.5 0.8657813333333334
1077.0 1.3538213333333333
1077.5 1.4107626666666666
1078.0 0.8503386666666667
1078.5 0.8398880000000001
1079.0 0.8089333333333334
1079.5 1.3854346666666668
1080.0 1.4492133333333335
1080.5 0.827768
1081.0 0.25879199999999997
1081.5 1.429768
1082.0 0.16743466666666665
1082.5 0.9789653333333334
1083.0 1.3980053333333335
1083.5 1.412064
1084.0 0.630576
1084.5 0.26237333333333335
1085.0 1.404632
1085.5 1.4127786666666668
1086.0 1.3891600000000002
1086.5 0.26628266666666667
1087.0 1.4076826666666669
1087.5 0.8308053333333333
1088.0 1.4214746666666667
1088.5 1.2449946666666667
1089.0 1.3902693333333334
1089.5 1.478792
1090.0 0.7871093333333333
1090.5 0.2571386666666667
1091.0 1.4003093333333334
1091.5 1.3919893333333333
1092.0 0.26422133333333336
1092.5 1.4490586666666667
1093.0 1.4126213333333333
1093.5 1.4329253333333334
1094.0 1.384144
1094.5 1.4008
1095.0 0.2547253333333333
1095.5 1.4445759999999999
1096.0 1.425896
1096.5 1.4599386666666667
1097.0 1.3039226666666666
1097.5 1.1230026666666666
1098.0 1.0869546666666667
1098.5 1.4094879999999999
1099.0 1.3766239999999998
1099.5 0.8150746666666667
1100.0 0.857568
1100.5 0.25964266666666663
1101.0 1.4257466666666667
1101.5 1.4518666666666666
1102.0 1.437896
1102.5 1.4201626666666665
1103.0 1.361632
1103.5 1.3076586666666665
1104.0 1.3815359999999999
1104.5 1.4060906666666666
1105.0 1.381232
1105.5 1.3989333333333331
1106.0 0.7987173333333333
1106.5 1.406784
1107.0 1.4295653333333334
1107.5 1.4481386666666667
1108.0 1.4747386666666669
1108.5 1.429848
1109.0 1.4432266666666667
1109.5 1.4131973333333334
1110.0 1.3461306666666666
1110.5 1.3857226666666669
1111.0 0.8476426666666667
1111.5 0.7418613333333334
1112.0 1.1743706666666667
1112.5 1.4070960000000001
1113.0 1.4175173333333333
1113.5 1.4303386666666666
1114.0 1.424696
1114.5 1.4334239999999998
1115.0 1.3656906666666666
1115.5 1.3471653333333335
1116.0 0.8449866666666667
1116.5 0.8476453333333334
1117.0 0.2650346666666667
1117.5 0.26403733333333335
1118.0 0.26260266666666665
1118.5 0.26892
1119.0 0.2601813333333333
1119.5 0.2634826666666667
1120.0 0.263392
1120.5 0.25916266666666665
1121.0 0.26425333333333334
1121.5 0.2613973333333333
1122.0 0.253936
1122.5 0.261944
1123.0 0.263096
1123.5 0.25865066666666664
1124.0 0.26819466666666664
1124.5 0.25709866666666664
1125.0 0.2621466666666667
1125.5 0.264824
1126.0 0.255592
1126.5 0.256696
1127.0 0.25568266666666667
1127.5 0.263136
1128.0 0.25731466666666664
1128.5 0.255552
1129.0 0.2533493333333333
1129.5 0.26049866666666666
1130.0 0.265128
1130.5 0.26210666666666665
1131.0 0.26965333333333336
1131.5 0.2688426666666667
1132.0 0.26508
1132.5 0.2525866666666667
1133.0 0.2667093333333333
1133.5 0.27085866666666664
1134.0 0.25684266666666666
1134.5 0.25306666666666666
1135.0 0.264664
1135.5 0.26341333333333333
1136.0 0.2610746666666667
1136.5 0.264888
1137.0 0.263352
1137.5 0.2346693333333333
1138.0 0.265128
1138.5 0.25614133333333333
1139.0 0.25332
1139.5 0.26632
1140.0 0.25697333333333333
1140.5 0.2674533333333333
1141.0 0.26345599999999997
1141.5 0.25390133333333337
1142.0 0.2603706666666667
1142.5 0.2633546666666667
1143.0 0.26489066666666666
1143.5 0.2622
1144.0 0.26023999999999997
1144.5 0.2716266666666667
1145.0 0.26376533333333335
1145.5 0.26721333333333336
1146.0 0.220016
1146.5 0.24801066666666668
1147.0 0.26032533333333335
1147.5 0.2696773333333333
1148.0 0.260936
1148.5 0.247232
1149.0 0.2644053333333333
1149.5 0.2614053333333333
1150.0 0.26430133333333333
1150.5 0.15184
1151.0 0.16245066666666666
1151.5 0.2601733333333333
1152.0 0.25291199999999997
1152.5 0.6852106666666667
1153.0 0.2633546666666667
1153.5 0.25617866666666667
1154.0 0.24769333333333332
1154.5 0.256328
1155.0 0.27033599999999997
1155.5 0.2614933333333333
1156.0 1.437896
1156.5 1.4488
1157.0 1.413424
1157.5 0.841224
1158.0 0.25753066666666663
1158.5 0.9402373333333333
1159.0 1.3939466666666667
1159.5 1.4244960000000002
1160.0 1.4234266666666666
1160.5 1.4040106666666665
1161.0 1.419144
1161.5 1.2135466666666666
1162.0 1.3482
1162.5 1.084136
1163.0 1.3902933333333334
1163.5 0.18810933333333335
1164.0 0.1832693333333333
1164.5 0.189536
1165.0 0.187288
1165.5 0.18789066666666665
1166.0 0.18139466666666668
1166.5 0.18362133333333333
1167.0 0.184096
1167.5 0.19001066666666666
1168.0 0.18246933333333334
1168.5 0.18028533333333333
1169.0 0.18477333333333334
1169.5 0.18803466666666668
1170.0 0.18506933333333334
1170.5 0.190416
1171.0 0.18733599999999997
1171.5 0.18755999999999998
1172.0 0.178184
1172.5 0.18323733333333334
1173.0 0.18751733333333334
1173.5 0.18511999999999998
1174.0 0.18176266666666666
1174.5 0.18989866666666666
1175.0 0.19223733333333334
1175.5 0.18827466666666667
1176.0 0.19298933333333335
1176.5 0.19489066666666666
1177.0 0.19024533333333335
1177.5 0.18713333333333335
1178.0 0.19073866666666664
1178.5 0.19041333333333332
1179.0 0.17383733333333332
1179.5 0.185968
1180.0 0.18612266666666666
1180.5 0.189824
1181.0 0.19286666666666666
1181.5 0.19437333333333331
1182.0 0.19225066666666668
1182.5 0.1937013333333333
1183.0 0.19267733333333334
1183.5 0.18742133333333333
1184.0 0.18658133333333335
1184.5 0.18767999999999999
1185.0 0.18923199999999998
1185.5 0.19443733333333335
1186.0 0.192704
1186.5 0.183352
1187.0 0.18726933333333332
1187.5 0.193944
1188.0 0.194344
1188.5 0.187744
1189.0 0.13932
1189.5 0.1868
1190.0 0.19010933333333332
1190.5 0.18934399999999998
1191.0 0.193424
1191.5 0.19411733333333334
1192.0 0.18614133333333335
1192.5 0.18311999999999998
1193.0 0.18707466666666664
1193.5 0.177496
1194.0 0.19243733333333335
1194.5 0.17702133333333334
1195.0 0.18800533333333333
1195.5 0.187832
1196.0 0.18683733333333333
1196.5 0.17097333333333334
1197.0 0.19277866666666665
1197.5 0.18598933333333334
1198.0 0.18832266666666667
1198.5 0.18917066666666668
1199.0 0.18670133333333336
1199.5 0.19441866666666666
1200.0 0.186376
1200.5 0.18856266666666666
1201.0 0.19274133333333332
1201.5 0.18440533333333334
1202.0 0.18773600000000001
1202.5 0.19146133333333334
1203.0 0.19084533333333334
1203.5 0.18674666666666664
1204.0 0.1883733333333333
1204.5 0.18799999999999997
1205.0 0.18590933333333334
1205.5 0.188504
1206.0 0.190032
1206.5 0.17990399999999998
1207.0 0.19057333333333334
1207.5 0.18999466666666667
1208.0 0.19311999999999999
1208.5 0.182528
1209.0 0.19033866666666666
1209.5 0.19324
1210.0 0.18373333333333333
1210.5 0.18790666666666667
1211.0 0.18904266666666666
1211.5 0.19311733333333334
1212.0 0.18957333333333334
1212.5 0.18877600000000003
1213.0 0.18896266666666664
1213.5 0.1918133333333333
1214.0 0.18793066666666666
1214.5 0.182048
1215.0 0.19493066666666667
1215.5 0.184832
1216.0 0.2211253333333333
1216.5 0.22242666666666666
1217.0 0.22083733333333333
1217.5 0.22000266666666668
1218.0 0.21613333333333332
1218.5 0.22278399999999998
1219.0 0.21818933333333335
1219.5 0.219368
1220.0 0.21686666666666665
1220.5 0.221952
1221.0 0.218832
1221.5 0.20857066666666668
1222.0 0.21741066666666667
1222.5 0.21022666666666667
1223.0 0.21822133333333335
1223.5 0.18225333333333335
1224.0 0.21531999999999998
1224.5 0.2175946666666667
1225.0 0.21705066666666664
1225.5 0.21825333333333333
1226.0 0.22088266666666667
1226.5 0.214328
1227.0 0.22285600000000003
1227.5 0.22150133333333333
1228.0 0.22117866666666666
1228.5 0.21744266666666667
1229.0 0.21842399999999998
1229.5 0.22087733333333334
1230.0 0.2187066666666667
1230.5 0.2256986666666667
1231.0 0.22184
1231.5 0.22280533333333333
1232.0 0.22427733333333333
1232.5 0.21465333333333333
1233.0 0.21613333333333332
1233.5 0.22174933333333333
1234.0 0.22049866666666665
1234.5 0.21304
1235.0 0.214944
1235.5 0.221552
1236.0 0.218104
1236.5 0.2154613333333333
1237.0 0.21862666666666666
1237.5 0.21816266666666664
1238.0 0.21828266666666665
1238.5 0.22315733333333332
1239.0 0.2151546666666667
1239.5 0.21698399999999998
1240.0 0.21919733333333333
1240.5 0.16268
1241.0 0.21835733333333332
1241.5 0.21843466666666667
1242.0 0.21729066666666666
1242.5 0.22005066666666664
1243.0 0.220384
1243.5 0.21564533333333333
1244.0 0.21641333333333335
1244.5 0.21633066666666667
1245.0 0.22237866666666664
1245.5 0.21752000000000002
1246.0 0.21677333333333335
1246.5 0.21943733333333335
1247.0 0.21678133333333335
1247.5 0.21935466666666667
1248.0 0.21852266666666667
1248.5 0.21853066666666665
1249.0 0.21620533333333333
1249.5 0.21638133333333334
1250.0 0.22069066666666667
1250.5 0.22364799999999999
1251.0 0.219208
1251.5 0.21708799999999998
1252.0 0.21409599999999998
1252.5 0.22461066666666665
1253.0 0.221592
1253.5 0.22504000000000002
1254.0 0.21794666666666665
1254.5 0.21450666666666665
1255.0 0.21425066666666667
1255.5 0.217392
1256.0 0.21830133333333335
1256.5 0.22139466666666666
1257.0 0.20669066666666666
1257.5 0.205576
1258.0 0.16949066666666668
1258.5 0.20428266666666664
1259.0 0.20352800000000001
1259.5 0.21091466666666667
1260.0 0.20281333333333332
1260.5 0.20201333333333335
1261.0 0.209376
1261.5 0.20830400000000002
1262.0 0.20236266666666666
1262.5 0.20210399999999998
1263.0 0.20615733333333333
1263.5 0.20364000000000002
1264.0 0.20389333333333334
1264.5 0.20556
1265.0 0.204504
1265.5 0.20338933333333334
1266.0 0.20530133333333334
1266.5 0.181648
1267.0 0.20349333333333333
1267.5 0.19047466666666668
1268.0 0.209296
1268.5 0.20530133333333334
1269.0 0.20485333333333333
1269.5 0.20564533333333335
1270.0 0.20095466666666664
1270.5 0.20826933333333333
1271.0 0.20319733333333334
1271.5 0.19440266666666664
1272.0 0.19964266666666666
1272.5 0.20666933333333334
1273.0 0.20198133333333335
1273.5 0.20392533333333332
1274.0 0.1964773333333333
1274.5 0.20305066666666668
1275.0 0.20486133333333334
1275.5 0.200912
1276.0 0.197232
1276.5 0.20810133333333333
1277.0 0.20299733333333334
1277.5 0.20740533333333333
1278.0 0.20639466666666664
1278.5 0.2083866666666667
1279.0 0.19542933333333334
1279.5 0.205032
1280.0 0.20468266666666668
1280.5 0.20741066666666666
1281.0 0.20579733333333336
1281.5 0.20849333333333334
1282.0 0.20469866666666667
1282.5 0.20548533333333333
1283.0 0.20448266666666667
1283.5 0.2004986666666667
1284.0 0.20328533333333332
1284.5 0.208152
1285.0 0.20235999999999998
1285.5 0.21069866666666667
1286.0 0.20580266666666666
1286.5 0.20384533333333332
1287.0 0.20284266666666664
1287.5 0.20766133333333334
1288.0 0.20229066666666665
1288.5 0.20471733333333333
1289.0 0.20266933333333334
1289.5 0.20305333333333334
1290.0 0.20325066666666666
1290.5 0.20486933333333335
1291.0 0.20443466666666665
1291.5 0.208936
1292.0 0.199632
1292.5 0.208048
1293.0 0.20354933333333333
1293.5 0.21038133333333334
1294.0 0.186632
1294.5 0.20167733333333335
1295.0 0.20157066666666668
1295.5 0.202344
1296.0 0.20492266666666667
1296.5 0.20620266666666667
1297.0 0.20729333333333333
1297.5 0.204408
1298.0 0.21915733333333332
1298.5 0.214704
1299.0 0.221552
1299.5 0.20610133333333333
1300.0 0.21739733333333333
1300.5 0.21957866666666667
1301.0 0.21329333333333333
1301.5 0.2191253333333333
1302.0 0.2124
1302.5 0.21509866666666666
1303.0 0.217832
1303.5 0.22080533333333333
1304.0 0.21144533333333335
1304.5 0.219464
1305.0 0.22256266666666666
1305.5 0.22352799999999998
1306.0 0.22319466666666665
1306.5 0.218576
1307.0 0.21967466666666668
1307.5 0.22272533333333333
1308.0 0.21721866666666667
1308.5 0.2216
1309.0 0.221384
1309.5 0.21429333333333334
1310.0 0.18295466666666668
1310.5 0.21831733333333334
1311.0 0.217328
1311.5 0.21843466666666667
1312.0 0.22346666666666667
1312.5 0.20961333333333332
1313.0 0.15792799999999999
1313.5 0.22417866666666666
1314.0 0.221136
1314.5 0.21748266666666669
1315.0 0.19883733333333334
1315.5 0.217272
1316.0 0.214456
1316.5 0.21364799999999998
1317.0 0.22173866666666667
1317.5 0.221248
1318.0 0.22287733333333334
1318.5 0.22088
1319.0 0.21805866666666665
1319.5 0.216288
1320.0 0.20797333333333334
1320.5 0.2094986666666667
1321.0 0.22451466666666667
1321.5 0.2233413333333333
1322.0 0.2189306666666667
1322.5 0.21830666666666665
1323.0 0.21432266666666666
1323.5 0.21675466666666665
1324.0 0.219016
1324.5 0.21782933333333332
1325.0 0.21889333333333336
1325.5 0.21989066666666668
1326.0 0.21474400000000002
1326.5 0.21571733333333332
1327.0 0.22229600000000002
1327.5 0.21650933333333333
1328.0 0.21630133333333335
1328.5 0.2187066666666667
1329.0 0.218288
1329.5 0.22311999999999999
1330.0 0.223104
1330.5 0.22024266666666667
1331.0 0.21778666666666668
1331.5 0.22296000000000002
1332.0 0.22326933333333332
1332.5 0.21718933333333335
1333.0 0.21652000000000002
1333.5 0.22239466666666666
1334.0 0.21278933333333336
1334.5 0.21772266666666665
1335.0 0.20643199999999998
1335.5 0.22138933333333333
1336.0 0.21935733333333332
1336.5 0.21710666666666667
1337.0 0.1997226666666667
1337.5 0.20973066666666665
1338.0 0.21602133333333332
1338.5 0.220776
1339.0 0.20834133333333335
1339.5 0.20138933333333334
1340.0 0.20590666666666668
1340.5 0.20323466666666667
1341.0 0.19816533333333333
1341.5 0.20468533333333336
1342.0 0.20760266666666669
1342.5 0.19723466666666667
1343.0 0.20493333333333333
1343.5 0.20608
1344.0 0.21164000000000002
1344.5 0.213264
1345.0 0.16538933333333333
1345.5 0.39197333333333334
1346.0 0.35247466666666666
1346.5 0.379592
1347.0 0.37821600000000005
1347.5 0.3954533333333334
1348.0 0.40409866666666666
1348.5 0.3883546666666667
1349.0 0.3141066666666667
1349.5 0.39703466666666665
1350.0 0.39152800000000004
1350.5 0.3564426666666667
1351.0 0.30638666666666664
1351.5 0.4106053333333333
1352.0 0.42368266666666665
1352.5 0.3517413333333333
1353.0 0.409416
1353.5 0.35226399999999997
1354.0 0.37735199999999997
1354.5 0.39516
1355.0 0.3529333333333333
1355.5 0.2777013333333333
1356.0 0.42664799999999997
1356.5 0.4249253333333333
1357.0 0.3444453333333333
1357.5 0.3936266666666666
1358.0 0.397944
1358.5 0.42887733333333333
1359.0 0.41309066666666666
1359.5 0.3940106666666667
1360.0 0.3730693333333333
1360.5 0.2641173333333333
1361.0 0.4491306666666666
1361.5 0.396328
1362.0 0.3990746666666667
1362.5 0.4398933333333333
1363.0 0.39190400000000003
1363.5 0.48296
1364.0 0.4570266666666667
1364.5 0.5151519999999999
1365.0 0.4304346666666667
1365.5 0.45701600000000003
1366.0 0.47070933333333337
1366.5 0.45415199999999994
1367.0 0.4796
1367.5 0.4656293333333333
1368.0 0.48368000000000005
1368.5 0.49252266666666666
1369.0 0.452264
1369.5 0.46703199999999995
1370.0 0.44571999999999995
1370.5 0.48245333333333335
1371.0 0.47813866666666666
1371.5 0.47462133333333334
1372.0 0.47581333333333337
1372.5 0.48066666666666663
1373.0 0.437216
1373.5 0.44448533333333334
1374.0 0.3808
1374.5 0.3282853333333333
1375.0 0.30271733333333334
1375.5 0.47192266666666666
1376.0 0.4282346666666667
1376.5 0.4471066666666667
1377.0 0.41430133333333335
1377.5 0.4301706666666667
1378.0 0.39951200000000003
1378.5 0.431592
1379.0 0.492392
1379.5 0.40037066666666665
1380.0 0.362368
1380.5 0.37800266666666665
1381.0 0.41602933333333336
1381.5 0.514528
1382.0 0.40698666666666666
1382.5 0.503472
1383.0 0.464496
1383.5 0.35457066666666665
1384.0 0.39884000000000003
1384.5 0.4696826666666667
1385.0 0.4231466666666666
1385.5 0.47391200000000006
1386.0 0.4740533333333334
1386.5 0.3780746666666666
1387.0 0.40474933333333335
1387.5 0.4855973333333334
1388.0 0.4472666666666667
1388.5 0.37837066666666663
1389.0 0.4456346666666667
1389.5 0.388328
1390.0 0.33258933333333335
1390.5 0.4163573333333333
1391.0 0.43480266666666667
1391.5 0.45458400000000004
1392.0 0.41750133333333334
1392.5 0.36329866666666666
1393.0 0.41352000000000005
1393.5 0.42354933333333333
1394.0 0.45205333333333336
1394.5 0.44292533333333334
1395.0 0.43245333333333336
1395.5 0.36780266666666667
1396.0 0.41897066666666666
1396.5 0.43795466666666666
1397.0 0.45414133333333334
1397.5 0.4222346666666667
1398.0 0.43228266666666665
1398.5 0.39665866666666666
1399.0 0.4009546666666666
1399.5 0.4170666666666667
1400.0 0.3648133333333334
1400.5 0.4550693333333333
1401.0 0.4484106666666667
1401.5 0.42262133333333335
1402.0 0.4208773333333333
1402.5 0.44436800000000004
1403.0 0.45365866666666665
1403.5 0.43673333333333336
1404.0 0.19187200000000001
1404.5 0.33641066666666664
1405.0 0.3745973333333333
1405.5 0.444864
1406.0 0.362064
1406.5 0.4642826666666667
1407.0 0.3531333333333333
1407.5 0.3991013333333333
1408.0 0.38332533333333335
1408.5 0.42284799999999995
1409.0 0.481624
1409.5 0.3612666666666667
1410.0 0.4098346666666666
1410.5 0.38943466666666665
1411.0 0.3689226666666667
1411.5 0.41095466666666663
1412.0 0.41574133333333335
1412.5 0.45035733333333333
1413.0 0.42064266666666666
1413.5 0.45363200000000004
1414.0 0.45968800000000004
1414.5 0.3794853333333333
1415.0 0.412544
1415.5 0.43436
1416.0 0.3414373333333333
1416.5 0.36843733333333334
1417.0 0.34368266666666664
1417.5 0.36794666666666664
1418.0 0.43126400000000004
1418.5 0.4756
1419.0 0.3919253333333333
1419.5 0.40972800000000004
1420.0 0.414952
1420.5 0.41429333333333335
1421.0 0.43935199999999996
1421.5 0.44181066666666663
1422.0 0.462016
1422.5 0.45391200000000004
1423.0 0.42770933333333333
1423.5 0.41930399999999995
1424.0 0.481784
1424.5 0.4526133333333333
1425.0 0.31845866666666667
1425.5 0.4056933333333333
1426.0 0.43665333333333334
1426.5 0.2543786666666667
1427.0 0.42605066666666663
1427.5 0.461736
1428.0 0.4825093333333333
1428.5 0.5041653333333334
1429.0 0.37198933333333334
1429.5 0.45649333333333336
1430.0 0.5049813333333334
1430.5 0.43918666666666667
1431.0 0.45738933333333337
1431.5 0.4044026666666667
1432.0 0.46418133333333333
1432.5 0.26346933333333333
1433.0 0.41431733333333337
1433.5 0.48394133333333333
1434.0 0.39255466666666666
1434.5 0.4211386666666667
1435.0 0.45998933333333336
1435.5 0.417176
1436.0 0.4183333333333333
1436.5 0.4501573333333333
1437.0 0.3778533333333333
1437.5 0.326584
1438.0 0.5080773333333334
1438.5 0.41609066666666666
1439.0 0.4012266666666667
1439.5 0.480528
1440.0 0.48545866666666665
1440.5 0.4479866666666667
1441.0 0.5113706666666666
1441.5 0.43685599999999997
1442.0 0.3873493333333333
1442.5 0.45596533333333333
1443.0 0.4037786666666667
1443.5 0.41917866666666664
1444.0 0.4427973333333333
1444.5 0.42277866666666664
1445.0 0.47588800000000003
1445.5 0.428928
1446.0 0.434568
1446.5 0.445616
1447.0 0.44906666666666667
1447.5 0.46071733333333337
1448.0 0.45609866666666665
1448.5 0.36894933333333335
1449.0 0.48020799999999997
1449.5 0.46202666666666664
1450.0 0.44645333333333337
1450.5 0.4403253333333333
1451.0 0.4438
1451.5 0.438048
1452.0 0.44948800000000005
1452.5 0.430584
1453.0 0.43582133333333334
1453.5 0.45428
1454.0 0.4605413333333333
1454.5 0.4502026666666667
1455.0 0.46066133333333337
1455.5 0.384968
1456.0 0.3979893333333333
1456.5 0.47456800000000005
1457.0 0.48237599999999997
1457.5 0.361448
1458.0 0.39456
1458.5 0.34791466666666665
1459.0 0.43112533333333336
1459.5 0.5139333333333334
1460.0 0.40815466666666667
1460.5 0.4441173333333333
1461.0 0.400928
1461.5 0.4383493333333333
1462.0 0.4506266666666667
1462.5 0.4534666666666667
1463.0 0.40432266666666666
1463.5 0.3949146666666667
1464.0 0.4462346666666666
1464.5 0.47491733333333336
1465.0 0.475784
1465.5 0.460008
1466.0 0.40504
1466.5 0.448888
1467.0 0.42460800000000004
1467.5 0.396904
1468.0 0.3664986666666667
1468.5 0.38587733333333335
1469.0 0.38430666666666663
1469.5 0.3811786666666667
1470.0 0.3766213333333333
1470.5 0.39232533333333336
1471.0 0.35217066666666663
1471.5 0.3768666666666667
1472.0 0.3206426666666667
1472.5 0.38101066666666666
1473.0 0.360496
1473.5 0.364192
1474.0 0.378392
1474.5 0.3941226666666667
1475.0 0.38832
1475.5 0.3856853333333334
1476.0 0.375664
1476.5 0.3848133333333333
1477.0 0.37676533333333334
1477.5 0.3904906666666667
1478.0 0.39148266666666665
1478.5 0.3779253333333333
1479.0 0.35184
1479.5 1.4471973333333334
1480.0 1.4209893333333332
1480.5 1.4293786666666666
1481.0 1.4972079999999999
1481.5 1.457808
1482.0 1.4503173333333335
1482.5 1.448952
1483.0 1.4777226666666667
1483.5 1.4549013333333332
1484.0 1.4533866666666666
1484.5 1.4290773333333335
1485.0 1.3332
1485.5 1.4879040000000001
1486.0 1.4602346666666666
1486.5 1.3946933333333333
1487.0 1.4478373333333332
1487.5 1.433992
1488.0 1.4577973333333334
1488.5 1.47388
1489.0 1.4696746666666665
1489.5 1.459712
1490.0 1.5068933333333332
1490.5 1.442552
1491.0 1.4087573333333332
1491.5 1.500856
1492.0 0.34636
1492.5 1.521432
1493.0 1.4575973333333332
1493.5 1.4843760000000001
1494.0 1.4528346666666667
1494.5 1.473808
