0.0 0.7197602397611111
0.5 0.5326483867416667
1.0 0.664431137725
1.5 0.5141917687305556
2.0 0.62865134865
2.5 0.32431952662777774
3.0 0.6025498007972222
3.5 0.6818981018972222
4.0 0.8252644204555555
4.5 0.6709727095527778
5.0 0.5881278826
5.5 0.5781448412694444
6.0 0.7188268582
6.5 1.0436637835444444
7.0 0.9662017026861112
7.5 0.9475946275944445
8.0 0.8629170829166667
8.5 0.6329218107
9.0 0.7144057084611111
9.5 0.6651881188111111
10.0 0.4827810781083333
10.5 0.4752629262916666
11.0 0.5242418235888888
11.5 0.405820419825
12.0 0.6711688311694444
12.5 0.2820966853861111
13.0 0.7349450549444445
13.5 0.6412597731527778
14.0 0.7040115440111111
14.5 0.6742057942055556
15.0 0.5597530864194444
15.5 0.5973795379527778
16.0 0.5301636363638889
16.5 0.42481665015000003
17.0 0.3780597180583333
17.5 0.495024975025
18.0 0.4384647257666666
18.5 0.45193260654166667
19.0 0.4152342971083333
19.5 0.39930927948888884
20.0 0.6134665334666667
20.5 0.6480452880444444
21.0 0.644396467125
21.5 0.5337059214916666
22.0 0.7227972027972221
22.5 0.6926439819416667
23.0 0.6388789976916667
23.5 0.9180198019805555
24.0 0.6456345270888889
24.5 0.644911703411111
25.0 0.5007548559333334
25.5 0.6472937293722223
26.0 0.4982139352305555
26.5 0.14372057205722222
27.0 0.32495504495555555
27.5 0.4515648056388889
28.0 0.37932955933055557
28.5 0.43480258899722224
29.0 0.3475120076861111
29.5 0.5234060846555555
30.0 0.39788379205
30.5 0.5297425742583333
31.0 0.49198801198888886
31.5 0.5426962081138889
32.0 0.6073926073916667
32.5 0.5001387512388888
33.0 0.43751137751111113
33.5 0.5724479682861111
34.0 0.4576712176722222
34.5 0.4471688140083333
35.0 0.6377622377611112
35.5 0.4367233115472222
36.0 0.5814866204166667
36.5 0.3755888555888889
37.0 0.6266798810694444
37.5 0.4797113997111111
38.0 0.5453320118916666
38.5 0.45487348735
39.0 0.5718811881194444
39.5 0.4086490649055555
40.0 0.34011881188055554
40.5 0.2473725490197222
41.0 0.2162178649236111
41.5 0.2935172413805555
42.0 0.25711442786083333
42.5 0.25631372549027776
43.0 0.15378877887777778
43.5 0.23176237623749998
44.0 0.27179786200194445
44.5 0.13365879943972223
45.0 0.17223762376250001
45.5 0.16253465346527776
46.0 0.11738613861388889
46.5 0.16554455445555555
47.0 0.10434533641666666
47.5 0.10629370629361111
48.0 0.17303238469083332
48.5 0.18110556110555556
49.0 0.12114921223361111
49.5 0.17378640776694443
50.0 0.16621782178222222
50.5 0.16430769230777778
51.0 0.16415841584166668
51.5 0.11016650342805555
52.0 0.12409310496277777
52.5 0.11956735496555555
53.0 0.1526153846152778
53.5 0.18065313557111112
54.0 0.1795145631066667
54.5 0.1797455968688889
55.0 0.1792870905588889
55.5 0.12919444444444445
56.0 0.15171089536138888
56.5 0.16770737073694444
57.0 0.10744520772
57.5 0.16767232767222223
58.0 0.14803418803416665
58.5 0.16642880740000002
59.0 0.15902970297027777
59.5 0.15262293262305554
60.0 0.15371715189194446
60.5 0.24052805280527778
61.0 0.14944242424249998
61.5 0.1699552938611111
62.0 0.16841804180416667
62.5 0.1959973623475
63.0 0.26980918111444446
63.5 0.21442239858916667
64.0 0.1398953997225
64.5 0.19061538461527777
65.0 0.37099578620555557
65.5 0.12235525024527778
66.0 0.19768452380944446
66.5 0.185034965035
67.0 0.18579980372916668
67.5 0.18572699812222224
68.0 0.19942517343916666
68.5 0.17014319014305557
69.0 0.11476174899138888
69.5 0.16570540570527778
70.0 0.1412735797622222
70.5 0.12132542037583334
71.0 0.12684549122222222
71.5 0.19119172113277777
72.0 0.18186804880694446
72.5 0.16013847675555556
73.0 0.15408761241666669
73.5 0.11457113187944444
74.0 0.12603960396027777
74.5 0.19426368159194446
75.0 0.12766049382722222
75.5 0.1393283175225
76.0 0.14098624338611113
76.5 0.1488111888111111
77.0 0.18144037000333335
77.5 0.12333547008555557
78.0 0.12340594059416667
78.5 0.16588966588972223
79.0 0.17393826005611113
79.5 0.1934285714286111
80.0 0.18477995642694445
80.5 0.19932673267333334
81.0 0.1552525252525
81.5 0.18142857142861113
82.0 0.15303703703694443
82.5 0.10431372549027777
83.0 0.1986209150327778
83.5 0.10913114754111111
84.0 0.14359259259249998
84.5 0.11355925925916667
85.0 0.17238095238083334
85.5 0.1954579439252778
86.0 0.29292502258333336
86.5 0.27556875687555554
87.0 0.2601474147413889
87.5 0.3229126429138889
88.0 0.2969025875194444
88.5 0.36988122988055555
89.0 0.3488514480777778
89.5 0.37996910898611114
90.0 0.4205940594055555
90.5 0.29811715079999995
91.0 0.4191008991
91.5 0.3598063806388889
92.0 0.48808721506388886
92.5 0.36187146187222224
93.0 0.36687592592499996
93.5 0.4755643564361111
94.0 0.4020359281444444
94.5 0.4343462429666667
95.0 0.48513751374999997
95.5 0.45437673437777776
96.0 0.32507275132222224
96.5 0.25035294117638884
97.0 0.16994604118499998
97.5 0.17849541284416665
98.0 0.16409146409138886
98.5 0.371516352825
99.0 0.40934653465277776
99.5 0.34921078921111115
100.0 0.3305186653444444
100.5 0.2998635863583333
101.0 0.31272007913055555
101.5 0.2550644202180556
102.0 0.29239353891388886
102.5 0.3381132075472222
103.0 0.1162459546925
103.5 0.17882352941166665
104.0 0.1722508250825
104.5 0.22815621562166666
105.0 0.14748514851472222
105.5 0.2458635863586111
106.0 0.3848906648916667
106.5 0.5079295929583333
107.0 0.2952380952388889
107.5 0.29052216748888887
108.0 0.1703894389438889
108.5 0.20467326732666666
109.0 0.2684497671325
109.5 0.48311948853611114
110.0 0.33463806380555555
110.5 0.4123564356444444
111.0 0.22147704590805556
111.5 0.15986205410055554
112.0 0.1937800986363889
112.5 0.14797195253499998
113.0 0.10781616161611111
113.5 0.24213084112138888
114.0 0.23382178217833333
114.5 0.22055885588555557
115.0 0.1559172113288889
115.5 0.10835643564361111
116.0 0.1950452135952778
116.5 0.11879827400222223
117.0 0.11336604514222222
117.5 0.1387123987125
118.0 0.10909031198694444
118.5 0.17285823754777777
119.0 0.130691588785
119.5 0.16130914057166668
120.0 0.15162638798166667
120.5 0.10108496732027777
121.0 0.2169746974697222
121.5 0.2179874213836111
122.0 0.20551481114416664
122.5 0.1090717161825
123.0 0.12499029126222222
123.5 0.15884373967611112
124.0 0.12271746031749999
124.5 0.10512149532722223
125.0 0.1496237623761111
125.5 0.12093729372944444
126.0 0.12942574257416667
126.5 0.19404604604611111
127.0 0.18769230769222223
127.5 0.12018867924527778
128.0 0.2271773504272222
128.5 0.33574425574444444
129.0 0.34356579984166663
129.5 0.3886113779472222
130.0 0.36442464246388884
130.5 0.34798493408611114
131.0 0.3491159612
131.5 0.37342879342777774
132.0 0.42434898434999996
132.5 0.5786768786777777
133.0 0.513729575163889
133.5 0.6910422910416667
134.0 0.6513580246916666
134.5 0.22682947867805556
135.0 0.16925829223472222
135.5 0.17592407592416667
136.0 0.17758415841583333
136.5 0.16400728597444442
137.0 0.2899922299916667
137.5 0.2601365488383333
138.0 0.3061430143027778
138.5 0.3146094609472222
139.0 0.23578696051416667
139.5 0.46896817531111107
140.0 0.29361635220000004
140.5 0.30535908535833334
141.0 0.2831372549027778
141.5 0.14586279044166664
142.0 0.28043607532222226
142.5 0.40162282162222224
143.0 0.3585324947583334
143.5 0.22596630327055556
144.0 0.1935087135086111
144.5 0.3155974011666667
145.0 0.19835294117638888
145.5 0.11454467076194444
146.0 0.21046759639055557
146.5 0.31623311546944444
147.0 0.13572073560194445
147.5 0.3082794279416667
148.0 0.4385104510444444
148.5 0.438725718725
149.0 0.526574336375
149.5 0.6278635863583334
150.0 0.5884546128583333
150.5 0.7144939004277777
151.0 0.49216949152499995
151.5 0.5184770784777778
152.0 0.47989186803611106
152.5 0.40499500499444446
153.0 0.3448717101638889
153.5 0.36164525993888885
154.0 0.38285003349722224
154.5 0.4037447359888888
155.0 0.2976223776222222
155.5 0.28063616557777776
156.0 0.3520314033361111
156.5 0.16193839383944444
157.0 0.3308235294111111
157.5 0.21279867986805556
158.0 0.2976223776222222
158.5 0.31366589582777776
159.0 0.27363006923833333
159.5 0.22949019607833332
160.0 0.1758793084461111
160.5 0.3491485148527778
161.0 0.3046797646805555
161.5 0.45193260654166667
162.0 0.30934842934722223
162.5 0.1480956598761111
163.0 0.19436563436555557
163.5 0.1971699152075
164.0 0.28895049505
164.5 0.21355371900833334
165.0 0.37887240356111107
165.5 0.22486950776333334
166.0 0.16253465346527776
166.5 0.2588514851486111
167.0 0.18187096774194444
167.5 0.18047058823527778
168.0 0.10034951456305555
168.5 0.17453418803416668
169.0 0.16623097112861113
169.5 0.185034965035
170.0 0.16246193715583335
170.5 0.18559223300972222
171.0 0.16418029350111113
171.5 0.18427722772277777
172.0 0.19932673267333334
172.5 0.17770077007694446
173.0 0.1818553791886111
173.5 0.19922848664694442
174.0 0.17658784148583334
174.5 0.1904598737602778
175.0 0.16108714596944446
175.5 0.1203960396038889
176.0 0.17484142394833335
176.5 0.18728712871277778
177.0 0.1590491803277778
177.5 0.17578139980833335
178.0 0.1577722129475
178.5 0.1768124392613889
179.0 0.18184761904750002
179.5 0.18110942760944446
180.0 0.15601700921333334
180.5 0.19329301725527778
181.0 0.1915840621963889
181.5 0.1949227179936111
182.0 0.1879459980713889
182.5 0.15675229357805556
183.0 0.10044703595722222
183.5 0.15670767076694445
184.0 0.11226433430527777
184.5 0.16477105347416665
185.0 0.18476923076916668
185.5 0.16649770078055556
186.0 0.18427722772277777
186.5 0.17071459695000002
187.0 0.17494010330805557
187.5 0.10133333333333333
188.0 0.1771111111111111
188.5 0.16357979797972222
189.0 0.11933267909722223
189.5 0.17644660194166667
190.0 0.1775459770113889
190.5 0.179126784215
191.0 0.10281539635805555
191.5 0.10059405940583332
192.0 0.1769651416122222
192.5 0.15848315158666668
193.0 0.12408163265305555
193.5 0.1763149946063889
194.0 0.18476923076916668
194.5 0.1938855885588889
195.0 0.17456995884777776
195.5 0.10233663366333333
196.0 0.17880043149944447
196.5 0.17788215200694446
197.0 0.10279019544333333
197.5 0.10133333333333333
198.0 0.1662461873638889
198.5 0.181679261125
199.0 0.19612597731527776
199.5 0.1930333033302778
200.0 0.17847999127694447
200.5 0.1791306042886111
201.0 0.15333333333333332
201.5 0.19455214858777778
202.0 0.1864435564436111
202.5 0.18951717734444445
203.0 0.18340659340666668
203.5 0.18160680529305556
204.0 0.1825714285713889
204.5 0.18107806691444445
205.0 0.1804
205.5 0.18268817204305557
206.0 0.15535903250194444
206.5 0.21610789980722223
207.0 0.26567216721666664
207.5 0.35093121693055557
208.0 0.413525252525
208.5 0.4612803261972222
209.0 0.631774891775
209.5 0.6215959418583332
210.0 0.6517975797583333
210.5 0.5540215340222222
211.0 0.5571065435416667
211.5 0.7900543900555556
212.0 0.4662988657638889
212.5 0.6898217821777778
213.0 0.8568618318916666
213.5 0.7589527681
214.0 0.996280909988889
214.5 1.0828344895944444
215.0 0.7965079365083333
215.5 0.9554778554777777
216.0 0.8557330031972222
216.5 1.0927633621638888
217.0 0.9718525918527777
217.5 0.9313930513916667
218.0 0.8968376917138888
218.5 0.8791002178638888
219.0 0.8696703296694445
219.5 0.9753801753805555
220.0 0.7966590189
220.5 0.7140291583833334
221.0 0.5808059316583334
221.5 0.5466533466527778
222.0 0.5652680652694444
222.5 0.5859788359777778
223.0 0.5294150294138888
223.5 0.5692409240916666
224.0 0.46000220021944443
224.5 0.18979464979472221
225.0 0.6080430680444445
225.5 0.8041399095222223
226.0 0.8102564102555555
226.5 0.76232353265
227.0 0.6996211870944444
227.5 0.4260775909444444
228.0 0.1544516129033333
228.5 0.1581502890172222
229.0 0.3371028971027778
229.5 0.4207740813222222
230.0 1.3391875746722222
230.5 0.38037438423611114
231.0 0.4124886677722222
231.5 0.5720755124055555
232.0 0.3796203796194444
232.5 0.3494680267638889
233.0 0.6081083471527778
233.5 0.5391483699277777
234.0 0.6509303350972222
234.5 0.4899515951583333
235.0 0.4659354696611111
235.5 0.4597835249055555
236.0 0.4911000991083333
236.5 0.32325452325555554
237.0 0.7163813963805555
237.5 0.7494086554333333
238.0 0.7070729270722222
238.5 0.5970443783722222
239.0 0.7163564356444444
239.5 0.4106868886694444
240.0 0.37000973709722224
240.5 0.2034765234763889
241.0 0.19310875842166664
241.5 0.16094117647055553
242.0 0.16860066006611113
242.5 0.3792475247527778
243.0 0.28019821605555556
243.5 0.19113772455083333
244.0 0.21206915537944443
244.5 0.46769230769166664
245.0 0.30350234434722223
245.5 0.36540670859444446
246.0 0.2590401567091667
246.5 0.18059405940583334
247.0 0.3400814888222222
247.5 0.41302697302777774
248.0 0.20641118819499998
248.5 0.18606779661027778
249.0 0.13256689791861112
249.5 0.3067062314527778
250.0 0.24092060345777777
250.5 0.2618613861386111
251.0 0.22615891856249998
251.5 0.24225461613222224
252.0 0.18096171802055555
252.5 0.2945854145861111
253.0 0.1737095727922222
253.5 0.1944881889763889
254.0 0.17006993007
254.5 0.19147544476416667
255.0 0.3457254901972222
255.5 0.15646204620472223
256.0 0.2956523652361111
256.5 0.17099999999999999
257.0 0.2699581958194444
257.5 0.303023643025
258.0 0.30926770179444446
258.5 0.37349394939444447
259.0 0.39104950495
259.5 0.3535331335333333
260.0 0.3945611165638889
260.5 0.3163556434777778
261.0 0.3016622574944444
261.5 0.35643704429166667
262.0 0.4112857454694444
262.5 0.4034267912777778
263.0 0.48709514071388893
263.5 0.4682164433944444
264.0 0.5062402402388888
264.5 0.6102231102222222
265.0 0.5304636053305555
265.5 0.4110099009888889
266.0 0.4311111111111111
266.5 0.49503684563055556
267.0 0.4678321678333333
267.5 0.21318882253194446
268.0 0.49309135309166663
268.5 0.6015631528972222
269.0 0.5728582528583334
269.5 0.6069974469972221
270.0 0.6031746031749999
270.5 0.5217205720583333
271.0 0.6863536463527777
271.5 0.40589142165
272.0 0.6200396039611111
272.5 0.5455722055722222
273.0 0.6387314172444445
273.5 0.47867711053055556
274.0 0.5891708291694444
274.5 0.5007341269833333
275.0 0.6742057942055556
275.5 0.6455389055388888
276.0 0.5763125763138889
276.5 0.54603773585
277.0 0.6290693069305555
277.5 0.22638268295111108
278.0 0.39390702274999995
278.5 0.4120701520694444
279.0 0.36495590828888885
279.5 0.2652549019608333
280.0 0.3123266293
280.5 0.7006166721722222
281.0 0.5072438672444445
281.5 0.5187301587305556
282.0 0.3970237303166666
282.5 0.4987033398833334
283.0 0.4139726939722222
283.5 0.5754608523277777
284.0 0.4292973692972222
284.5 0.611009900988889
285.0 0.45541666666666664
285.5 0.5418575498583333
286.0 0.7276755687444445
286.5 0.6672638472638889
287.0 0.6229607583777778
287.5 0.6726384726388889
288.0 0.5114063576416666
288.5 0.6590209790222222
289.0 0.5296560846555556
289.5 0.4905605505611111
290.0 0.6698079698083333
290.5 0.48156746031666664
291.0 0.6043556443555556
291.5 0.3822067901222222
292.0 0.5863650793638888
292.5 0.8564235764222222
293.0 0.8305827505833333
293.5 0.5929559329555556
294.0 1.0595049395055556
294.5 0.8824276193611111
295.0 0.7138106338111111
295.5 0.9860206460194444
296.0 0.9997069597083333
296.5 1.214834715311111
297.0 0.9955844155833332
297.5 0.9507958707972222
298.0 0.6482936507944445
298.5 0.9068096809694444
299.0 0.833078107811111
299.5 0.7253861386138888
300.0 0.6827683427694444
300.5 0.7123466578583334
301.0 0.8721789321777778
301.5 0.8961460761472222
302.0 0.7804099042861111
302.5 1.040561660561111
303.0 0.8525977315277777
303.5 0.9337583966527777
304.0 0.6820594059416666
304.5 0.6345987346
305.0 0.9836427706194444
305.5 0.2755204028311111
306.0 1.740723720725
306.5 0.5520174291944444
307.0 0.6658490937749999
307.5 0.7932192192194444
308.0 0.8429972752055555
308.5 1.123676323675
309.0 0.5467283950611111
309.5 0.5688448408777778
310.0 0.7008383233527778
310.5 0.58301666115
311.0 0.5624440008861111
311.5 0.6845215284666666
312.0 0.6964635364638888
312.5 0.634336774336111
313.0 0.7682854311194445
313.5 0.6463737473833333
314.0 0.5831428256805556
314.5 0.6772427572416666
315.0 0.5548888888888889
315.5 0.6380990098999999
316.0 0.5133710654361111
316.5 0.7015384615388889
317.0 0.6260764233027777
317.5 0.6395471195472222
318.0 0.5972915972916667
318.5 0.5086020858416667
319.0 0.5562255043916666
319.5 0.7503992015972222
320.0 0.9214961933138889
320.5 0.7666955266944444
321.0 0.764046783625
321.5 0.8112139334805556
322.0 0.714090038313889
322.5 0.7404950604944444
323.0 0.6787834832222222
323.5 0.8190771941416667
324.0 1.0358811881194445
324.5 0.8708225108222222
325.0 0.5862834489583334
325.5 0.4263976273694444
326.0 0.6007810781083334
326.5 0.704575424575
327.0 0.6731912531916666
327.5 0.6126638035472222
328.0 0.8321760176027777
328.5 0.6277014418999999
329.0 0.7803751803749999
329.5 0.8420579420583333
330.0 0.8876565255722222
330.5 0.9298634698638889
331.0 1.08286538035
331.5 0.9553880070555555
332.0 0.639733509525
332.5 0.6816539016527778
333.0 0.6688448844888888
333.5 0.6116479520916667
334.0 0.7106564729861111
334.5 0.8313439787083333
335.0 0.7209139621888888
335.5 0.8951260874361111
336.0 0.9577444777444445
336.5 0.619588823475
337.0 0.8547097347111111
337.5 0.760661534075
338.0 0.7144394796944444
338.5 0.7949685534583333
339.0 0.7498619201722222
339.5 0.769024309025
340.0 0.9486664464277778
340.5 0.8200462046194444
341.0 0.5948387799555556
341.5 0.5185540031055555
342.0 0.53215125305
342.5 0.6570775750888889
343.0 0.8170065359472223
343.5 0.7735445544555555
344.0 0.54907150715
344.5 0.8779075907583334
345.0 0.8685714285722222
345.5 0.7633100233111111
346.0 0.8210526315777777
346.5 0.6099510284027777
347.0 0.7927231915111111
347.5 0.69365079365
348.0 0.4606571206583333
348.5 0.5231588613416667
349.0 0.8047952047944444
349.5 0.6305716505722222
350.0 0.6265301178277777
350.5 0.832607260725
351.0 0.5991463146305556
351.5 0.8321278721277778
352.0 0.48088624338611113
352.5 0.5692107892111111
353.0 0.4912464090444444
353.5 0.6013186813194443
354.0 0.5678273317916666
354.5 0.6865129556444444
355.0 0.7431283068777778
355.5 0.8913808486361111
356.0 0.99004995005
356.5 0.25127525252527777
357.0 1.670035484586111
357.5 0.5946609997972222
358.0 0.7258341658333334
358.5 0.5093641364138889
359.0 0.5460338484166666
359.5 0.38861757105833333
360.0 0.6929633300305554
360.5 0.5018892218888888
361.0 1.0113086913083333
361.5 0.7929270729277778
362.0 0.6069689948138889
362.5 0.6815723270444444
363.0 0.9384215784222222
363.5 0.6538994339
364.0 0.6659949841888889
364.5 0.8474603174611111
365.0 0.45908250825
365.5 0.5989702970305556
366.0 0.5169056271333333
366.5 0.6802797202805555
367.0 0.632458112875
367.5 0.6438361638361111
368.0 0.5259552912666666
368.5 0.6411854811861111
369.0 0.8534920634916666
369.5 0.5571139971138889
370.0 0.6094527034472222
370.5 0.6954645354638889
371.0 0.555447637925
371.5 0.6439072039083332
372.0 0.7520030833611111
372.5 0.7288911088916666
373.0 0.6331535131527778
373.5 0.5123567019388889
374.0 0.5785151143777778
374.5 0.6468597354944444
375.0 0.8070259481027777
375.5 0.6952730883805556
376.0 0.7353157953166667
376.5 0.6105246913583333
377.0 0.763035714286111
377.5 0.9263905325444445
378.0 0.8925594250972222
378.5 0.7934036707333334
379.0 0.6673736372638889
379.5 0.7082406482416667
380.0 0.73039832285
380.5 0.7791202938472221
381.0 0.9594028194027777
381.5 0.9050149850138889
382.0 0.684942680775
382.5 0.6615184815194444
383.0 0.7592407592416666
383.5 0.6590895061722223
384.0 0.8243601685527778
384.5 1.061587301586111
385.0 0.9155423542361111
385.5 0.9691663891666666
386.0 0.8423132423138889
386.5 0.6005445326277778
387.0 0.46221414141388883
387.5 0.6250781078111112
388.0 0.6752558552555555
388.5 0.9451089108916667
389.0 0.8734875013777778
389.5 0.8018723679944444
390.0 0.8351648351638888
390.5 0.7592407592416666
391.0 0.5656188605111111
391.5 0.7750793650805555
392.0 0.6614518814527778
392.5 1.0447152847166667
393.0 0.82255078255
393.5 0.8444444444444444
394.0 0.5162837162833334
394.5 0.6582010582
395.0 0.5780194931777777
395.5 0.9110889110888889
396.0 0.9160306360305555
396.5 0.8881274281277778
397.0 0.7082224094361111
397.5 0.75595071595
398.0 0.6687765664583334
398.5 0.5922662266222223
399.0 0.6501782178222223
399.5 0.507925252525
400.0 0.7517060717055556
400.5 0.5883671883666667
401.0 0.5671506271500001
401.5 0.5562462760666667
402.0 0.5790341034111112
402.5 0.6847485847472222
403.0 0.5427705627694445
403.5 0.5281407922333333
404.0 0.5135025827027777
404.5 0.5802106897305556
405.0 0.5951543209888889
405.5 0.5895505000555555
406.0 0.47163968725833333
406.5 0.5428794373
407.0 0.43622508534166665
407.5 0.40981710540277777
408.0 0.5162837162833334
408.5 0.4851322751333333
409.0 0.6863536463527777
409.5 0.5937654321
410.0 0.4866067266055556
410.5 0.7440559440555555
411.0 0.5748802824666667
411.5 0.6057120657111111
412.0 0.7080277502472222
412.5 0.5983150183138889
413.0 0.7328571428583333
413.5 0.5982817182805555
414.0 0.1935136317886111
414.5 1.2260769708250001
415.0 0.44590683845277773
415.5 0.5213311331138889
416.0 0.5918570318583333
416.5 0.5883184671305556
417.0 0.5293328893333333
417.5 0.6507829534194445
418.0 0.5373839383944444
418.5 0.5021144114416667
419.0 0.5253946053944445
419.5 0.448273809525
420.0 0.3775289065083333
420.5 0.5345054945055555
421.0 0.5433455433444444
421.5 0.5448170193999999
422.0 0.5102235306944445
422.5 0.46769230769166664
423.0 0.1804234026175
423.5 0.25456669912361113
424.0 0.6189221556888889
424.5 0.570237895325
425.0 0.6856686626749999
425.5 0.6095767195777778
426.0 0.5447983014861111
426.5 0.5906468253972222
427.0 0.560288888888889
427.5 0.5213843017333334
428.0 0.4961410628027778
428.5 0.491335041275
429.0 0.6091289505555555
429.5 0.5240115440111112
430.0 0.6031615568611112
430.5 0.7856858846916666
431.0 0.6488711819388889
431.5 0.6173315661583333
432.0 0.7531668331666667
432.5 0.5297760210805555
433.0 0.4573201320138889
433.5 0.5418625818638889
434.0 0.1678438778722222
434.5 0.17592407592416667
435.0 0.16266084606583334
435.5 0.10705820105833333
436.0 0.13481626440527777
436.5 0.20199301462555555
437.0 0.28904597701111107
437.5 0.3399955952
438.0 0.29173493173611115
438.5 0.3388085012666666
439.0 0.2411643709825
439.5 0.3731287128722222
440.0 0.35421649598055555
440.5 0.37324897325
441.0 0.2666111666111111
441.5 0.3616605616611111
442.0 0.27764967529583334
442.5 0.3459574074083333
443.0 0.3428837828833333
443.5 0.3698146298138889
444.0 0.3719474787611111
444.5 0.29388323917222225
445.0 0.3762940785083333
445.5 0.31257651641666667
446.0 0.32339766081944443
446.5 0.28167610167499996
447.0 0.3057035103
447.5 0.28387402268611106
448.0 0.23860377358499998
448.5 0.28434898434999994
449.0 0.36608099341944444
449.5 0.35728590250277775
450.0 0.31453695916388885
450.5 0.3739645228
451.0 0.41166013071944446
451.5 0.25070663121416664
452.0 0.39397229805
452.5 0.33730172170555556
453.0 0.3428431372555556
453.5 0.3381093274583333
454.0 0.3098039215694444
454.5 0.29366175024444446
455.0 0.3086601307194444
455.5 0.30444054580833335
456.0 0.2142303771661111
456.5 0.23634587634583332
457.0 0.2696619253761111
457.5 0.35570144835555556
458.0 0.33974106280277777
458.5 0.2643255148111111
459.0 0.15063323690138888
459.5 0.33276547765555553
460.0 0.38065268065277774
460.5 0.33763462173888886
461.0 0.36539682539722224
461.5 0.2838476508194444
462.0 0.4015126705666667
462.5 0.5182373182361111
463.0 0.24933597621416667
463.5 0.3225294117638889
464.0 0.26209568209555556
464.5 0.24555555555555555
465.0 0.19412541254138888
465.5 0.21875679875666665
466.0 0.25692810457527776
466.5 0.23671661671666666
467.0 0.2951899570527778
467.5 0.2983217707305556
468.0 0.30299449945
468.5 0.3533794984777778
469.0 0.37031191031111116
469.5 0.20586058804083332
470.0 0.23315057113194443
470.5 0.2638288424663889
471.0 0.22836691994277777
471.5 0.21641584158416666
472.0 0.22271947194722222
472.5 0.2269372366377778
473.0 0.1659744268077778
473.5 0.26279276279277775
474.0 0.21352494218694446
474.5 0.15552915291527777
475.0 0.18937735849055556
475.5 0.284624242425
476.0 0.2826039536472222
476.5 0.305629335975
477.0 0.2764124764125
477.5 0.26195379537944447
478.0 0.2514612928091667
478.5 0.2608400820644444
479.0 0.2325440313111111
479.5 0.3515498236333333
480.0 0.25579757975805556
480.5 0.3066556655666666
481.0 0.1949203354297222
481.5 0.31829059829166667
482.0 0.3858473736361111
482.5 0.2365910999161111
483.0 0.23742944077222222
483.5 0.2562684268427778
484.0 0.2542507645261111
484.5 0.24526253687305555
485.0 0.2852321232111111
485.5 0.29469526952777775
486.0 0.29162596259722223
486.5 0.1942419354838889
487.0 0.27752247752250003
487.5 0.3425503799138889
488.0 0.3108887050833333
488.5 0.39108934595833333
489.0 0.3640996168583333
489.5 0.35987471150555556
490.0 0.3164056821944444
490.5 0.21500427350416665
491.0 0.29506050605
491.5 0.30384948385
492.0 0.24550484832305555
492.5 0.32776975531388886
493.0 0.31785024154722225
493.5 0.2950094350083333
494.0 0.3005506001555555
494.5 0.26989119683472224
495.0 0.29841650033333333
495.5 0.2968830917861111
496.0 0.25443001443
496.5 0.26370515756194446
497.0 0.2551026751027778
497.5 0.23725140403027778
498.0 0.23283006535944445
498.5 0.23448254556694445
499.0 0.24794581932999998
499.5 0.30651485148611113
500.0 0.19219444444444442
500.5 0.2557973856208333
501.0 0.19037235627055557
501.5 0.25199524234305554
502.0 0.2777777777777778
502.5 0.24127037037027776
503.0 0.3087602224416666
503.5 0.20171677559916668
504.0 0.24242512077305556
504.5 0.23256394129972222
505.0 0.2460872460872222
505.5 0.28231692545000003
506.0 0.2351199119911111
506.5 0.25233227513222223
507.0 0.23398553072027775
507.5 0.25001541782305553
508.0 0.25916989375444444
508.5 0.35336633663333333
509.0 0.2393443344333333
509.5 0.2500110011
510.0 0.28956502587777777
510.5 0.2659325396825
511.0 0.2568724279836111
511.5 0.3621098997916667
512.0 0.2041279261458333
512.5 0.30830583058333333
513.0 0.27046376811583334
513.5 0.20405902433638887
514.0 0.2326101769425
514.5 0.27553312945972225
515.0 0.27476427829694444
515.5 0.25017196993111107
516.0 0.34494616494722224
516.5 0.2611228641172222
517.0 0.24929736929750002
517.5 0.19855849961833333
518.0 0.1442943969611111
518.5 0.1630152505447222
519.0 0.16863028709194441
519.5 0.10120953630805554
520.0 0.11732026143777777
520.5 0.10233663366333333
521.0 0.17841928721166667
521.5 0.13174634575222222
522.0 0.1343440233236111
522.5 0.11061437908499999
523.0 0.15076805419
523.5 0.22997463216638886
524.0 0.2744400352733333
524.5 0.12401392845833333
525.0 0.22161198600166665
525.5 0.17001401401388888
526.0 0.2735382955772222
526.5 0.2881899109805555
527.0 0.27320323156027776
527.5 0.307779614325
528.0 0.20298789878999998
528.5 0.19831027253666667
529.0 0.21914049586777778
529.5 0.208
530.0 0.2099777777777778
530.5 0.13541238717722223
531.0 0.14825549157611112
531.5 0.23098656178305557
532.0 0.21453025302527776
532.5 0.1793522012577778
533.0 0.2527436743675
533.5 0.22751914751916666
534.0 0.2051382006386111
534.5 0.18136718320694445
535.0 0.12794822714416668
535.5 0.13586897377305557
536.0 0.1014327772325
536.5 0.19746283448972224
537.0 0.14950873722388888
537.5 0.198354978355
538.0 0.19957610789972224
538.5 0.17808191808194446
539.0 0.19239215686277777
539.5 0.15876543209888888
540.0 0.10180418041805556
540.5 0.11208595387833334
541.0 0.13792727272722222
541.5 0.16904357298472222
542.0 0.13401010101
542.5 0.1928206820683333
543.0 0.19655437921083332
543.5 0.1847863247863889
544.0 0.19749271137027777
544.5 0.19754578754583335
545.0 0.23540508123444442
545.5 0.23171939171944445
546.0 0.23409240924083333
546.5 0.20067266067277778
547.0 0.15980787704138888
547.5 0.1477670940172222
548.0 0.18366972477055554
548.5 0.10866886688666666
549.0 0.15757442348
549.5 0.24851198257083332
550.0 0.20442684268416667
550.5 0.286074074075
551.0 0.25521691213305553
551.5 0.3202461809
552.0 0.24668928470444443
552.5 0.255009920635
553.0 0.2356393762183333
553.5 0.2580758807588889
554.0 0.14002777777777778
554.5 0.1372629262925
555.0 0.1122405787711111
555.5 0.14735822046027777
556.0 0.18640826873388888
556.5 0.17218701870194444
557.0 0.14584550264555554
557.5 0.2415869875811111
558.0 0.13298435946111112
558.5 0.18385987958388889
559.0 0.17588765887666666
559.5 0.18653644999472221
560.0 0.12917079616777777
560.5 0.1972198046611111
561.0 0.19875471698111113
561.5 0.18927149758444445
562.0 0.18172173913055556
562.5 0.16314540059333332
563.0 0.18114026563000002
563.5 0.1973980582525
564.0 0.19707966457027778
564.5 0.16788349514555556
565.0 0.17183278327833335
565.5 0.18416561047750002
566.0 0.15972495088416666
566.5 0.17083495145638888
567.0 0.15130913091305556
567.5 0.16377622377611112
568.0 0.1977330716388889
568.5 0.17378640776694443
569.0 0.15116993464055556
569.5 0.1685490196077778
570.0 0.1898899889988889
570.5 0.17223762376250001
571.0 0.182
571.5 0.19711957671944444
572.0 0.10534653465333334
572.5 0.11863366336638888
573.0 0.17708737864083335
573.5 0.16344554455444443
574.0 0.16258823529416666
574.5 0.18776897689777777
575.0 0.17450980392166668
575.5 0.18481725146194444
576.0 0.13845544554444444
576.5 0.17520792079194444
577.0 0.16138461538472224
577.5 0.19768627450972223
578.0 0.11764136413638888
578.5 0.1578525852586111
579.0 0.22302335734555556
579.5 0.15298361310944444
580.0 0.2293573093572222
580.5 0.20907627865972223
581.0 0.18671507150722222
581.5 0.14083388338833333
582.0 0.14100171774694445
582.5 0.23972915972916664
583.0 0.16723139653416666
583.5 0.22555775577555556
584.0 0.2242069716775
584.5 0.18701719576722223
585.0 0.3240186294083333
585.5 0.18701210120999998
586.0 0.18375213675222224
586.5 0.19768627450972223
587.0 0.18016788159916666
587.5 0.1921386138613889
588.0 0.1533294346977778
588.5 0.20668646864694443
589.0 0.19908250825083332
589.5 0.20226998961583334
590.0 0.30359882005833333
590.5 0.34462266226666666
591.0 0.23493729372944444
591.5 0.19494169416944443
592.0 0.1623397649147222
592.5 0.17378747795416669
593.0 0.1387823691461111
593.5 0.1764053579272222
594.0 0.1267052767052778
594.5 0.16723076923083335
595.0 0.17660623781666668
595.5 0.1407263713761111
596.0 0.10040713837333333
596.5 0.18495009980027777
597.0 0.15801772589722224
597.5 0.1661523244313889
598.0 0.1905502645502778
598.5 0.16138461538472224
599.0 0.18595996360333333
599.5 0.1890592466402778
600.0 0.1631539187913889
600.5 0.16915924826916667
601.0 0.19960246668861112
601.5 0.18603773584916666
602.0 0.16695489548944445
602.5 0.1854375614552778
603.0 0.19330693069305555
603.5 0.12142587757472222
604.0 0.17385811467444445
604.5 0.10381738173805556
605.0 0.12413808413805556
605.5 0.16279982363305556
606.0 0.15364705882361113
606.5 0.1985914085913889
607.0 0.1608384130038889
607.5 0.1837777777777778
608.0 0.17300672430361114
608.5 0.19339940535194444
609.0 0.1615805340225
609.5 0.17276595744694445
610.0 0.15255855255861112
610.5 0.16327056491583333
611.0 0.15620682068194444
611.5 0.17787192118222223
612.0 0.16296738529583332
612.5 0.18941176470583332
613.0 0.16592307692305558
613.5 0.15417821782166669
614.0 0.11079241192416667
614.5 0.18353287536805557
615.0 0.16323107177972224
615.5 0.10233663366333333
616.0 0.10753575357527777
616.5 0.11254584681777777
617.0 0.11066457023055556
617.5 0.17825742574250003
618.0 0.15844875943916667
618.5 0.18941176470583332
619.0 0.1746256742177778
619.5 0.16948571428583334
620.0 0.18574719673805556
620.5 0.15417821782166669
621.0 0.1942718446602778
621.5 0.13077667766777779
622.0 0.19821122112222223
622.5 0.17843744531944444
623.0 0.1967772304325
623.5 0.234759535655
624.0 0.2601800766283333
624.5 0.3149328932888889
625.0 0.2165698569858333
625.5 0.31179097909722225
626.0 0.19733553355333333
626.5 0.2824282828277778
627.0 0.2788209936416666
627.5 0.3052678857888889
628.0 0.2671662075297222
628.5 0.29130275229444447
629.0 0.31758415841666665
629.5 0.2534953934952778
630.0 0.2172359872261111
630.5 0.24476678407527777
631.0 0.23566787798694444
631.5 0.24656856856861112
632.0 0.3481320132
632.5 0.24952255225527778
633.0 0.2516572316572222
633.5 0.24097481190722222
634.0 0.21153333333333332
634.5 0.22721251348444443
635.0 0.2787458745861111
635.5 0.2808162816277778
636.0 0.29131757131666663
636.5 0.29283828382777777
637.0 0.352266885425
637.5 0.2812287581694444
638.0 0.2932156732166667
638.5 0.3183205795333333
639.0 0.2957274633111111
639.5 0.3171717171722222
640.0 0.3245721836805555
640.5 0.17673150895694442
641.0 0.20838972882166665
641.5 0.21623931623944442
642.0 0.18909534909527775
642.5 0.28586998281388887
643.0 0.3300122100111111
643.5 0.27920283436666665
644.0 0.3093985728861111
644.5 0.3095106837611111
645.0 0.3129320388361111
645.5 0.27806349206388886
646.0 0.2739421030225
646.5 0.27279223461388885
647.0 0.3103960396027778
647.5 0.32484708470833334
648.0 0.31442904290555557
648.5 0.2777999778
649.0 0.2374782512938889
649.5 0.27956644880277776
650.0 0.21552035203527778
650.5 0.2996051779944444
651.0 0.3373179317944444
651.5 0.3271023102305555
652.0 0.30401269841388884
652.5 0.35861915861944443
653.0 0.352408325075
653.5 0.28499710144999996
654.0 0.34809634809722223
654.5 0.35838827838888887
655.0 0.35541446208055555
655.5 0.2934623015861111
656.0 0.39105616001666665
656.5 0.28409051348888886
657.0 0.3130713730722222
657.5 0.22589556769888888
658.0 0.25270463741055554
658.5 0.3718725099611111
659.0 0.39941439965
659.5 0.34644444444444444
660.0 0.39277389277499997
660.5 0.36110118062499996
661.0 0.2815191352611111
661.5 0.26654487179499997
662.0 0.35779775779722217
662.5 0.3732055940972222
663.0 0.27697777777777777
663.5 0.47134865135
664.0 0.2854726368166667
664.5 0.34829392829444444
665.0 0.3635209235222222
665.5 0.3624274522777778
666.0 0.34170787998611113
666.5 0.3753110890861111
667.0 0.3718326118333333
667.5 0.37101565101666667
668.0 0.2667851574680556
668.5 0.3495098039222222
669.0 0.2821388888888889
669.5 0.35723165723055555
670.0 0.3395132694638889
670.5 0.2677236714975
671.0 0.3664781548027778
671.5 0.2935710243361111
672.0 0.3328910891083333
672.5 0.1971361971361111
673.0 0.1927072927072222
673.5 0.21719332048805556
674.0 0.23480673934583335
674.5 0.2137381738175
675.0 0.19181008902083332
675.5 0.10691129929
676.0 0.1262943969611111
676.5 0.13398628795305553
677.0 0.16041680164138888
677.5 0.15856880733944445
678.0 0.196264498645
678.5 0.11974892632972221
679.0 0.16673584089916665
679.5 0.14618874573277776
680.0 0.11000617283944444
680.5 0.1908011869436111
681.0 0.15846395971055555
681.5 0.21755115511555553
682.0 0.15902832243999998
682.5 0.17452069716777777
683.0 0.18018962962972224
683.5 0.16695269526944445
684.0 0.2012387612388889
684.5 0.2502169364608333
685.0 0.28308250825
685.5 0.3284514781833333
686.0 0.24845281356666665
686.5 0.27795436508055554
687.0 0.2285185185186111
687.5 0.27937839937777775
688.0 0.289037900875
688.5 0.3287414741472222
689.0 0.21436601307194444
689.5 0.27659938837916664
690.0 0.39355555555555555
690.5 0.25348994709
691.0 0.13481739130444445
691.5 0.1944237726097222
692.0 0.16233009708749999
692.5 0.13298381877027776
693.0 0.21342592592583334
693.5 0.18515406162472223
694.0 0.16622891016861113
694.5 0.16124542124555558
695.0 0.12251763668416667
695.5 0.2652192252191667
696.0 0.20895359417638887
696.5 0.1898129092611111
697.0 0.16939303482583332
697.5 0.1636526684163889
698.0 0.2762351672061111
698.5 0.24502614379083332
699.0 0.20086710239638889
699.5 0.22710506424805554
700.0 0.17829059829055555
700.5 0.17405341880333333
701.0 0.1490979097911111
701.5 0.18400220022
702.0 0.2544532453244444
702.5 0.15855153723944446
703.0 0.14677564102555554
703.5 0.1113663366336111
704.0 0.1521122417513889
704.5 0.10243805748277776
705.0 0.17560171447416667
705.5 0.21941034103416665
706.0 0.20700323624583333
706.5 0.26239841427166666
707.0 0.15310707070694443
707.5 0.1740242024202778
708.0 0.14757281553388887
708.5 0.19934608198694445
709.0 0.18345098039222224
709.5 0.1567944936086111
710.0 0.15573763299333335
710.5 0.1813478691775
711.0 0.1981129083413889
711.5 0.18199800199805555
712.0 0.16958994709
712.5 0.19414585414583335
713.0 0.16876676480222222
713.5 0.16486905916583333
714.0 0.17462089616083332
714.5 0.15609967320249998
715.0 0.19974322396583333
715.5 0.17393387928416668
716.0 0.154885114885
716.5 0.1524514298188889
717.0 0.27243395845944446
717.5 0.24877112637666665
718.0 0.1833956079975
718.5 0.17257339093833335
719.0 0.14074946266694444
719.5 0.2034690198311111
720.0 0.2605461953530555
720.5 0.17822008547
721.0 0.28173425651111106
721.5 0.23170294976916667
722.0 0.168911129645
722.5 0.12629080118694444
723.0 0.17636585636583332
723.5 0.2150540265036111
724.0 0.20532760709166664
724.5 0.26160130718944447
725.0 0.296570881225
725.5 0.2467326079788889
726.0 0.20613588811805555
726.5 0.21385544768055553
727.0 0.23753878406722223
727.5 0.2199786324786111
728.0 0.1931828521436111
728.5 0.1967326732672222
729.0 0.13922312556472222
729.5 0.15946754675472222
730.0 0.14939529914527777
730.5 0.173413943355
731.0 0.2786402640277778
731.5 0.21330104463444444
732.0 0.24982178217833334
732.5 0.16105610561055556
733.0 0.24201941747583333
733.5 0.15050147492638888
734.0 0.21171014492749998
734.5 0.2351393018388889
735.0 0.1846688241638889
735.5 0.15735849056611112
736.0 0.1941949664797222
736.5 0.2293620463047222
737.0 0.2599295231802778
737.5 0.2964048404833333
738.0 0.18017381738166666
738.5 0.20442701525055557
739.0 0.18196479647972222
739.5 0.23173717948722222
740.0 0.30637472766944446
740.5 0.35088008800833337
741.0 0.3307570621472222
741.5 0.49507159507222226
742.0 0.28878720474444447
742.5 0.3020134099611111
743.0 0.2784629629638889
743.5 0.31600843600833334
744.0 0.2830833608638889
744.5 0.2491288102261111
745.0 0.3501764705888889
745.5 0.28071858774722225
746.0 0.34659185918611113
746.5 0.2685404896422222
747.0 0.31157065156944447
747.5 0.2941820987666667
748.0 0.3745236523638889
748.5 0.2858561020027778
749.0 0.28722712899444447
749.5 0.15907590759083332
750.0 0.2621639344261111
750.5 0.30325656565555553
751.0 0.2917222222222222
751.5 0.23736566302499998
752.0 0.35023015086388887
752.5 0.21529168029666668
753.0 0.23027365644583334
753.5 0.2217271617272222
754.0 0.385625485625
754.5 0.24779648335194443
755.0 0.2683608360836111
755.5 0.30184444444444447
756.0 0.4036141636138889
756.5 0.34879629629722225
757.0 0.27185774243416666
757.5 0.2003951890033333
758.0 0.2694240722386111
758.5 0.2699201761630556
759.0 0.3092334532777778
759.5 0.32890341321666666
760.0 0.37109779109722224
760.5 0.311267408075
761.0 0.29017509085
761.5 0.3265379065388889
762.0 0.27537306339694445
762.5 0.28955200709722223
763.0 0.3199977976
763.5 0.36904275195
764.0 0.39471114727499995
764.5 0.32052579365
765.0 0.2413197754475
765.5 0.23881623931611112
766.0 0.32217381738055556
766.5 0.24721056721055554
767.0 0.24740412979361112
767.5 0.26107834375944444
768.0 0.22636065573777775
768.5 0.23998679868
769.0 0.1010827886711111
769.5 0.19459188034194447
770.0 0.1669357798163889
770.5 0.18813223140500002
771.0 0.19071428571416668
771.5 0.1821538461538889
772.0 0.1879026455027778
772.5 0.2575
773.0 0.28742557651944445
773.5 0.1748384948386111
774.0 0.20342253055833331
774.5 0.14111328976027776
775.0 0.26656130268194445
775.5 0.30838494838611114
776.0 0.18821715670083333
776.5 0.14000855523472222
777.0 0.18878777887666667
777.5 0.1117485265225
778.0 0.12861538461527777
778.5 0.1126402640263889
779.0 0.19030583058305556
779.5 0.18502310231027777
780.0 0.17773634651611112
780.5 0.2287612761275
781.0 0.27225160517999997
781.5 0.36875894725277775
782.0 0.426
782.5 0.33545608465555554
783.0 0.38472832113611105
783.5 0.2639904885430555
784.0 0.33097469746944447
784.5 0.27839033816388886
785.0 0.26319806763277775
785.5 0.16872167216722223
786.0 0.23478703703694442
786.5 0.23192519251916666
787.0 0.20455773420472223
787.5 0.2634323432344444
788.0 0.12498129812972221
788.5 0.17770085470083335
789.0 0.18888372093027778
789.5 0.16499572649583333
790.0 0.1526153846152778
790.5 0.1526153846152778
791.0 0.19234422657944444
791.5 0.15118802619277777
792.0 0.15657198824694446
792.5 0.18947224948194447
793.0 0.1929783223375
793.5 0.19431486880472223
794.0 0.1822958566875
794.5 0.1365890985325
795.0 0.11215533980583334
795.5 0.19853744776611112
796.0 0.1041095890411111
796.5 0.18746016045722225
797.0 0.19330693069305555
797.5 0.18218066337333333
798.0 0.14501727586833332
798.5 0.17380128205138887
799.0 0.17865734265722222
799.5 0.13281553398055557
800.0 0.1314582121388889
800.5 0.15593613298333334
801.0 0.15313031005194444
801.5 0.14525918525916667
802.0 0.16218013468
802.5 0.15532567049805557
803.0 0.19677546983194444
803.5 0.17453155245833332
804.0 0.25863691863694444
804.5 0.2652818991097222
805.0 0.2599084477736111
805.5 0.31604617604722224
806.0 0.29022882288333335
806.5 0.3789854589861111
807.0 0.28114016631666666
807.5 0.2617645764577778
808.0 0.24444003964333333
808.5 0.3976956376944444
809.0 0.29394184839166665
809.5 0.44242424242499995
810.0 0.2949318503972222
810.5 0.3940346585111111
811.0 0.2730740740741667
811.5 0.17563276967027777
812.0 0.3460643274861111
812.5 0.3264226325444444
813.0 0.41718591859166665
813.5 0.32961284230277776
814.0 0.35291954023055555
814.5 0.3653091309138889
815.0 0.35531702344444444
815.5 0.411697148475
816.0 0.41930555555555554
816.5 0.42859708193055557
817.0 0.38478843515833333
817.5 0.28032626427499996
818.0 0.2665931690444444
818.5 0.24709909909916666
819.0 0.22239366963388887
819.5 0.19032772364916667
820.0 0.2851243124305555
820.5 0.27105170517055555
821.0 0.2553062330622222
821.5 0.2732696136997222
822.0 0.27670073634472225
822.5 0.25697669579694443
823.0 0.3045132645138889
823.5 0.18656775469833334
824.0 0.2771758804927778
824.5 0.18395159515944445
825.0 0.2189114844286111
825.5 0.2186794532627778
826.0 0.1613949394938889
826.5 0.137769470405
827.0 0.29911865911944446
827.5 0.23831956832944445
828.0 0.2707700770077778
828.5 0.18290141773833335
829.0 0.29589252285
829.5 0.12015442561194443
830.0 0.1907619675011111
830.5 0.22203903609194445
831.0 0.1272925526113889
831.5 0.15053433453055554
832.0 0.2912873031611111
832.5 0.29696949891111113
833.0 0.40554015401666665
833.5 0.34100410041111107
834.0 0.35292745638333334
834.5 0.33005467519166665
835.0 0.38097326302222223
835.5 0.4244925358166667
836.0 0.5011188811194445
836.5 0.38292038321666666
837.0 0.2548362748363889
837.5 0.20738685166833334
838.0 0.3347854785472222
838.5 0.1692626262625
839.0 0.20166116611666668
839.5 0.21036819172111113
840.0 0.17826649134333333
840.5 0.15004444444444442
841.0 0.2301460317461111
841.5 0.24968756875694445
842.0 0.21928932893277778
842.5 0.23344138634055556
843.0 0.28145415318333333
843.5 0.24287581699333333
844.0 0.3543773584916666
844.5 0.43598039215555556
845.0 0.466020162175
845.5 0.31309941520555556
846.0 0.2918129812972222
846.5 0.26092521367527777
847.0 0.35341254125277777
847.5 0.30984598459722223
848.0 0.24912418300666664
848.5 0.2477821782177778
849.0 0.21203996486611112
849.5 0.24038910505833333
850.0 0.19142184557444444
850.5 0.2260990099011111
851.0 0.2492936507936111
851.5 0.3122232332416666
852.0 0.2771672118147222
852.5 0.2806631654833333
853.0 0.21839433551194445
853.5 0.22809770114944444
854.0 0.2627726809377778
854.5 0.4573386560222222
855.0 0.354307310225
855.5 0.48054619535277776
856.0 0.514921892188889
856.5 0.3509671957666667
857.0 0.4013968253972222
857.5 0.40395971668888886
858.0 0.35652486772499997
858.5 0.21001211320333332
859.0 0.17876363636361112
859.5 0.21466226622666668
860.0 0.23582417582416668
860.5 0.2094861497272222
861.0 0.3375291375277778
861.5 0.2183173659288889
862.0 0.25682317682305555
862.5 0.2644217687075
863.0 0.2703747664577778
863.5 0.1843695628236111
864.0 0.12665346534666666
864.5 0.1863668430336111
865.0 0.1954609460947222
865.5 0.17182257356166666
866.0 0.11849814451
866.5 0.11536032156194445
867.0 0.2258148148147222
867.5 0.2541544537988889
868.0 0.22345950345944443
868.5 0.20110143244277776
869.0 0.25758823529416663
869.5 0.24485292485305554
870.0 0.1937022484175
870.5 0.23499669966999998
871.0 0.20855698428388889
871.5 0.25528245787916665
872.0 0.17042405708472222
872.5 0.18854368932027776
873.0 0.18507692307694446
873.5 0.1831758646063889
874.0 0.17989096063666665
874.5 0.16838294624361108
875.0 0.2135198135197222
875.5 0.1985349794238889
876.0 0.2577107857211111
876.5 0.2939820293666667
877.0 0.2899376026277778
877.5 0.254156862745
878.0 0.1909914529913889
878.5 0.14166990291249998
879.0 0.19242852654722223
879.5 0.23673214842527776
880.0 0.2818518518527778
880.5 0.32913580246944446
881.0 0.21015621562166667
881.5 0.22489108910888886
882.0 0.1877491749175
882.5 0.1324004400438889
883.0 0.17719595959583334
883.5 0.23739053905388888
884.0 0.1094609460947222
884.5 0.18190539053916666
885.0 0.1827524752475
885.5 0.13024531024527777
886.0 0.24513015873027777
886.5 0.23546532368055553
887.0 0.21726952695277776
887.5 0.26865126512638887
888.0 0.2130598290597222
888.5 0.2726274509802778
889.0 0.16006903991361113
889.5 0.13093949394944443
890.0 0.12799128540305554
890.5 0.20277007700777777
891.0 0.20426426426416666
891.5 0.33908587870833334
892.0 0.23614151464888888
892.5 0.27741254125416664
893.0 0.3155071507138889
893.5 0.18630555555555553
894.0 0.16596226415083332
894.5 0.28273021308888885
895.0 0.1978657865786111
895.5 0.1596281628163889
896.0 0.12442905813833333
896.5 0.19895259691166667
897.0 0.18605982905972224
897.5 0.10625242718444444
898.0 0.12231599607444443
898.5 0.13398156407972223
899.0 0.29080528052777777
899.5 0.2909712509722222
900.0 0.24373306904527778
900.5 0.23955555555555558
901.0 0.24682728272833332
901.5 0.17509683995916664
902.0 0.2543314500941667
902.5 0.31016983016944444
903.0 0.3449176018611111
903.5 0.40982050434999995
904.0 0.28858948769166665
904.5 0.36799448384444444
905.0 0.3574464646472222
905.5 0.4141103341111111
906.0 0.32421546178055555
906.5 0.32383838383888885
907.0 0.5521176081916667
907.5 0.5082222222222221
908.0 0.377429153925
908.5 0.5231204258138888
909.0 0.4089081567111111
909.5 0.4257440674194445
910.0 0.4067066267055555
910.5 0.3824129433194445
911.0 0.40056811594166664
911.5 0.4217034839
912.0 0.31912124215277776
912.5 0.3171944444444444
913.0 0.30466886688611106
913.5 0.3439306829777778
914.0 0.24892202729055554
914.5 0.30697551789166666
915.0 0.2756830917875
915.5 0.26136769078305555
916.0 0.24402461809
916.5 0.36797551789166666
917.0 0.4310866462805556
917.5 0.4109690309694444
918.0 0.3760538979777778
918.5 0.43556221556111113
919.0 0.30830525272500003
919.5 0.2590334412083333
920.0 0.24221101774055553
920.5 0.4153957153944444
921.0 0.40961347869166664
921.5 0.2941113957694444
922.0 0.3777222777222222
922.5 0.4231106701944444
923.0 0.23410561056111112
923.5 0.4583415923361111
924.0 0.4528678547083333
924.5 0.37588591564722224
925.0 0.22630573916694444
925.5 0.1948499835147222
926.0 0.15548067393472223
926.5 0.1719215686275
927.0 0.12076159654805554
927.5 0.19865447726194446
928.0 0.29818522189166663
928.5 0.31291350697777776
929.0 0.27777112441777774
929.5 0.22070304401083332
930.0 0.259800995025
930.5 0.26136349355944444
931.0 0.3291710758388889
931.5 0.27912464319722224
932.0 0.2638632478633333
932.5 0.25747863247861114
933.0 0.281370271075
933.5 0.3035476425972222
934.0 0.19674190382722223
934.5 0.25367077367083335
935.0 0.18168316831694445
935.5 0.11202461937166666
936.0 0.29320132013333333
936.5 0.26210686690611107
937.0 0.21763241933694444
937.5 0.1259324618736111
938.0 0.11391361688111111
938.5 0.18742994220916667
939.0 0.10718903036249999
939.5 0.11855302279472223
940.0 0.21529001883249999
940.5 0.2997734204805555
941.0 0.20743559488694444
941.5 0.12486908690861111
942.0 0.12029922992305556
942.5 0.27732848805194443
943.0 0.3583638583638889
943.5 0.2943530448194444
944.0 0.31078107810833333
944.5 0.2920967920972222
945.0 0.2563870699511111
945.5 0.2535185185186111
946.0 0.21370077007694444
946.5 0.24420912420916666
947.0 0.2364627630575
947.5 0.18741666666666665
948.0 0.27349417989416663
948.5 0.28320790320833333
949.0 0.3255588203277778
949.5 0.28949074074166664
950.0 0.2316391639163889
950.5 0.17743927904166665
951.0 0.22354586499277776
951.5 0.250930637095
952.0 0.2707865168538889
952.5 0.3053419633222222
953.0 0.3474636752138889
953.5 0.34048993875833333
954.0 0.3396432923444444
954.5 0.16160699588472222
955.0 0.31211011211111106
955.5 0.294908049775
956.0 0.3180819180805555
956.5 0.3559872260777777
957.0 0.2970473047305556
957.5 0.2706071706072222
958.0 0.2701706860477778
958.5 0.28816501650277776
959.0 0.2712598512597222
959.5 0.26433201058194444
960.0 0.3035830835833333
960.5 0.35781773781666665
961.0 0.35323633156944445
961.5 0.40601842601944443
962.0 0.3011133113305555
962.5 0.34449939553888886
963.0 0.22122453076388887
963.5 0.31779109779166664
964.0 0.2544125728102778
964.5 0.26318288010472224
965.0 0.3778437190888889
965.5 0.26082640966
966.0 0.2840912178555555
966.5 0.28656499636944444
967.0 0.31992592592499997
967.5 0.3521700521694444
968.0 0.3100261096611111
968.5 0.3593317947027778
969.0 0.24358790552333334
969.5 0.34092629263055557
970.0 0.2748183760683333
970.5 0.3116778797138889
971.0 0.18115054986722223
971.5 0.18575424575416666
972.0 0.11649377821833333
972.5 0.17283543485277778
973.0 0.3215967404472222
973.5 0.25329990167166666
974.0 0.40872238872222216
974.5 0.3448390652555556
975.0 0.34359767467499996
975.5 0.3031865828083334
976.0 0.3460450660444444
976.5 0.2782791817083334
977.0 0.34170433145
977.5 0.3867976467972222
978.0 0.27806754412777773
978.5 0.3142363636361111
979.0 0.3580429505138889
979.5 0.2540725940725
980.0 0.23414753596583332
980.5 0.31487727874444443
981.0 0.3048376526666667
981.5 0.27039820755666666
982.0 0.3087130453888889
982.5 0.2969012223333333
983.0 0.28662486248611113
983.5 0.24361634181249997
984.0 0.24393096008638887
984.5 0.30537684537777776
985.0 0.3380640898583333
985.5 0.25165279165277776
986.0 0.26023299263666666
986.5 0.2797398589055555
987.0 0.2848108632388889
987.5 0.29050703303888886
988.0 0.26643452380944443
988.5 0.2931443755527778
989.0 0.3060450660444444
989.5 0.17367952809194445
990.0 0.19508269508277779
990.5 0.19886135888111112
991.0 0.22866466866472224
991.5 0.3143586358638889
992.0 0.2821386138611111
992.5 0.27450250959555555
993.0 0.32899533146666665
993.5 0.31401269841388885
994.0 0.3502442244222222
994.5 0.3049869869861111
995.0 0.32113943355
995.5 0.2620943396227778
996.0 0.30199045671388886
996.5 0.30541523750000005
997.0 0.3193773377333333
997.5 0.25303567787972225
998.0 0.26113816425111114
998.5 0.2658116760827778
999.0 0.23703630363027778
999.5 0.24363916391638887
1000.0 0.17295815295805553
1000.5 0.24050655214194444
1001.0 0.24069708069694443
1001.5 0.3717784320138889
1002.0 0.25988778877888885
1002.5 0.3038850038861111
1003.0 0.3042640264027778
1003.5 0.2968058151611111
1004.0 0.3456790123444444
1004.5 0.19879962013305555
1005.0 0.22663558663555555
1005.5 0.19923576698611112
1006.0 0.190025984825
1006.5 0.18015096015083334
1007.0 0.15463518518527777
1007.5 0.19421122112222222
1008.0 0.13623765432111112
1008.5 0.1871111111111111
1009.0 0.20043290043277776
1009.5 0.195018169805
1010.0 0.1484689092761111
1010.5 0.22272167216722222
1011.0 0.19931154684083333
1011.5 0.144938271605
1012.0 0.1908668866886111
1012.5 0.1876061606161111
1013.0 0.19387724867722222
1013.5 0.27495929592972224
1014.0 0.19993399339944443
1014.5 0.20466422466416667
1015.0 0.3215020372194444
1015.5 0.2816523652361111
1016.0 0.2519625962597222
1016.5 0.2663982398238889
1017.0 0.2951186515861111
1017.5 0.24168016412916665
1018.0 0.16341729364305554
1018.5 0.20044664466444442
1019.0 0.21092629262916665
1019.5 0.15007700770083335
1020.0 0.144126687435
1020.5 0.14671028241194442
1021.0 0.23163197779916667
1021.5 0.3052431243111111
1022.0 0.33450771450833333
1022.5 0.2554424603175
1023.0 0.3322387402277778
1023.5 0.3544070407027778
1024.0 0.2451896207586111
1024.5 0.30188932980555555
1025.0 0.3087448559666667
1025.5 0.33022222222222225
1026.0 0.32864864865
1026.5 0.15962444444444446
1027.0 0.19895555555555555
1027.5 0.17042000000000002
1028.0 0.1817133333333333
1028.5 0.1676088888888889
1029.0 0.12537555555555555
1029.5 0.11621111111111111
1030.0 0.10880888888888889
1030.5 0.18968222222222222
1031.0 0.10355555555555555
1031.5 0.19670444444444446
1032.0 0.18436000000000002
1032.5 0.16954222222222223
1033.0 0.16989333333333334
1033.5 0.16808666666666666
1034.0 0.17080222222222224
1034.5 0.16115333333333334
1035.0 0.16485555555555556
1035.5 0.1614888888888889
1036.0 0.16012222222222222
1036.5 0.1984288888888889
1037.0 0.17557111111111112
1037.5 0.15331777777777778
1038.0 0.15403777777777777
1038.5 0.15042444444444444
1039.0 0.15237777777777778
1039.5 0.15169555555555556
1040.0 0.19738222222222224
1040.5 0.19369555555555557
1041.0 0.19648666666666667
1041.5 0.19951333333333332
1042.0 0.19831555555555558
1042.5 0.1502911111111111
1043.0 0.19805777777777778
1043.5 0.19880222222222224
1044.0 0.19949111111111112
1044.5 0.17994222222222223
1045.0 0.17924
1045.5 0.15698
1046.0 0.1671488888888889
1046.5 0.15914444444444445
1047.0 0.16296888888888889
1047.5 0.16602444444444445
1048.0 0.20185777777777777
1048.5 0.19131555555555554
1049.0 0.17860666666666666
1049.5 0.1923222222222222
1050.0 0.18304222222222222
1050.5 0.20894444444444443
1051.0 0.1739733333333333
1051.5 0.19198666666666667
1052.0 0.18568666666666664
1052.5 0.1981622222222222
1053.0 0.17836
1053.5 0.15764666666666668
1054.0 0.15747333333333333
1054.5 0.1865022222222222
1055.0 0.15633333333333332
1055.5 0.16776444444444444
1056.0 0.14057333333333333
1056.5 0.1521488888888889
1057.0 0.16393333333333332
1057.5 0.14365999999999998
1058.0 0.13529333333333332
1058.5 0.13132222222222223
1059.0 0.13226666666666667
1059.5 0.12345333333333333
1060.0 0.12294
1060.5 0.11476444444444445
1061.0 0.12770222222222222
1061.5 0.1292911111111111
1062.0 0.11274666666666668
1062.5 0.12383555555555555
1063.0 0.12717555555555557
1063.5 0.15839333333333333
1064.0 0.16254222222222223
1064.5 0.11750222222222222
1065.0 0.11444222222222222
1065.5 0.10673111111111111
1066.0 0.10794666666666666
1066.5 0.11423555555555555
1067.0 0.10485777777777777
1067.5 0.11318666666666666
1068.0 0.10867555555555555
1068.5 0.19474444444444444
1069.0 0.10588444444444445
1069.5 0.1941
1070.0 0.19448444444444446
1070.5 0.1524711111111111
1071.0 0.1975288888888889
1071.5 0.19499111111111112
1072.0 0.15455555555555556
1072.5 0.19843333333333335
1073.0 0.1891377777777778
1073.5 0.18920666666666666
1074.0 0.19559555555555558
1074.5 0.1970177777777778
1075.0 0.18195111111111112
1075.5 0.1951688888888889
1076.0 0.19627333333333336
1076.5 0.19948888888888888
1077.0 0.1920311111111111
1077.5 0.10092666666666666
1078.0 0.18943555555555558
1078.5 0.19683555555555554
1079.0 0.1955
1079.5 0.19313333333333332
1080.0 0.19863555555555557
1080.5 0.1946088888888889
1081.0 0.10114222222222222
1081.5 0.15376222222222224
1082.0 0.18976222222222222
1082.5 0.20240666666666665
1083.0 0.18101777777777778
1083.5 0.20243333333333333
1084.0 0.1945
1084.5 0.1876511111111111
1085.0 0.17629777777777778
1085.5 0.1771088888888889
1086.0 0.18763111111111108
1086.5 0.18256444444444445
1087.0 0.19770666666666667
1087.5 0.1869222222222222
1088.0 0.2032111111111111
1088.5 0.1858111111111111
1089.0 0.19384222222222222
1089.5 0.19264
1090.0 0.19913333333333333
1090.5 0.1774777777777778
1091.0 0.1802688888888889
1091.5 0.15803777777777778
1092.0 0.18533555555555556
1092.5 0.17400666666666667
1093.0 0.15347555555555556
1093.5 0.17974222222222225
1094.0 0.14249777777777778
1094.5 0.17135777777777778
1095.0 0.17489333333333335
1095.5 0.17100444444444446
1096.0 0.17970000000000003
1096.5 0.18638888888888888
1097.0 0.1577822222222222
1097.5 0.19567777777777778
1098.0 0.16419333333333336
1098.5 0.16952222222222224
1099.0 0.16343555555555556
1099.5 0.16158
1100.0 0.18462444444444445
1100.5 0.18735333333333334
1101.0 0.17907333333333333
1101.5 0.1735488888888889
1102.0 0.16539333333333334
1102.5 0.16526444444444444
1103.0 0.16174
1103.5 0.15741333333333335
1104.0 0.16143555555555555
1104.5 0.15911111111111112
1105.0 0.15724888888888888
1105.5 0.15151555555555557
1106.0 0.16405333333333333
1106.5 0.1614422222222222
1107.0 0.16177333333333332
1107.5 0.16003333333333333
1108.0 0.15961333333333333
1108.5 0.16182666666666667
1109.0 0.18207555555555557
1109.5 0.16029555555555555
1110.0 0.1950288888888889
1110.5 0.1637222222222222
1111.0 0.16052222222222223
1111.5 0.15989555555555557
1112.0 0.16312888888888888
1112.5 0.15968222222222223
1113.0 0.15936444444444445
1113.5 0.18578666666666668
1114.0 0.15897777777777777
1114.5 0.16018222222222223
1115.0 0.15910444444444444
1115.5 0.16106444444444445
1116.0 0.15916222222222223
1116.5 0.16475333333333333
1117.0 0.16606222222222222
1117.5 0.16310888888888891
1118.0 0.1609488888888889
1118.5 0.16240444444444446
1119.0 0.16347777777777778
1119.5 0.16025555555555557
1120.0 0.1615066666666667
1120.5 0.15936
1121.0 0.16186222222222224
1121.5 0.16583333333333333
1122.0 0.19383333333333333
1122.5 0.1650066666666667
1123.0 0.1654311111111111
1123.5 0.16632
1124.0 0.15364444444444444
1124.5 0.1588288888888889
1125.0 0.16001333333333334
1125.5 0.16295777777777778
1126.0 0.16441777777777777
1126.5 0.1616511111111111
1127.0 0.15241333333333335
1127.5 0.15802444444444444
1128.0 0.19774444444444444
1128.5 0.15975555555555557
1129.0 0.19892
1129.5 0.16389555555555557
1130.0 0.1654422222222222
1130.5 0.16091111111111112
1131.0 0.16305555555555556
1131.5 0.16203777777777778
1132.0 0.15938000000000002
1132.5 0.1615888888888889
1133.0 0.1939377777777778
1133.5 0.15972
1134.0 0.16145777777777778
1134.5 0.15598
1135.0 0.15874
1135.5 0.1567288888888889
1136.0 0.18068
1136.5 0.15820222222222222
1137.0 0.15918
1137.5 0.15909777777777778
1138.0 0.15844666666666668
1138.5 0.15840222222222222
1139.0 0.15083333333333332
1139.5 0.15932222222222223
1140.0 0.19692
1140.5 0.1752488888888889
1141.0 0.15862444444444446
1141.5 0.15601777777777778
1142.0 0.15509777777777778
1142.5 0.15366222222222223
1143.0 0.15944444444444444
1143.5 0.19692444444444446
1144.0 0.15537777777777778
1144.5 0.15242444444444445
1145.0 0.15982888888888888
1145.5 0.15803777777777778
1146.0 0.12305555555555556
1146.5 0.11480222222222222
1147.0 0.11840444444444445
1147.5 0.11106888888888888
1148.0 0.16283333333333333
1148.5 0.10651555555555556
1149.0 0.21158444444444446
1149.5 0.21709777777777778
1150.0 0.20378444444444446
1150.5 0.2093422222222222
1151.0 0.19678888888888887
1151.5 0.18103555555555553
1152.0 0.2381511111111111
1152.5 0.6195404595416667
1153.0 0.9943478743472223
1153.5 0.9837153459944443
1154.0 1.0339329806
1154.5 1.314952317586111
1155.0 1.304812389563889
1155.5 1.3071550671555554
1156.0 1.4185014985027777
1156.5 1.2152913752916668
1157.0 1.3982639582638887
1157.5 1.020879169427778
1158.0 1.2858963258972222
1158.5 1.2919702519694443
1159.0 1.255470504852778
1159.5 1.33145077145
1160.0 1.160004361575
1160.5 1.291963591963889
1161.0 1.389159729161111
1161.5 1.0856331780888888
1162.0 1.1166323252472221
1162.5 1.4090042137944445
1163.0 1.2476767676777776
1163.5 1.4620401820388889
1164.0 1.2142701742694446
1164.5 1.5318903318916666
1165.0 1.2385658785666667
1165.5 1.4894339204611111
1166.0 1.0390871828944444
1166.5 1.539270970575
1167.0 1.3708227988472221
1167.5 1.5197424797416665
1168.0 1.4013988490472222
1168.5 1.3015249705916665
1169.0 1.407374847375
1169.5 1.3920603237972222
1170.0 1.4438184038194444
1170.5 1.250713730713889
1171.0 1.2433788433777777
1171.5 1.3318267419972223
1172.0 1.4254335772888889
1172.5 1.4329315129305555
1173.0 1.4848525171888889
1173.5 1.218061938061111
1174.0 1.260625138061111
1174.5 1.3739682539694444
1175.0 1.1019025419027777
1175.5 1.2846129962305557
1176.0 1.3321316545166666
1176.5 1.4590032190027777
1177.0 1.5073497449555555
1177.5 1.5106315906305556
1178.0 1.244639804638889
1178.5 1.2828593628583334
1179.0 1.0871862907694445
1179.5 1.1715009360194446
1180.0 1.3253768453777777
1180.5 1.1958019845166667
1181.0 1.3648573648583333
1181.5 1.3691552891555554
1182.0 1.4438184038194444
1182.5 1.223063522413889
1183.0 1.4347075147083332
1183.5 0.836425796425
1184.0 1.4086358086361113
1184.5 1.4104118104111112
1185.0 1.242730715136111
1185.5 1.4195226995222223
1186.0 1.2160461760472223
1186.5 1.329674769675
1187.0 1.3945855379194443
1187.5 0.958745895561111
1188.0 1.0085701725472223
1188.5 1.5182398239833335
1189.0 1.2949744954527775
1189.5 1.404337884338889
1190.0 1.0686419753083332
1190.5 1.3496725496722224
1191.0 1.3813031413027776
1191.5 1.2281940281944446
1192.0 1.2281940281944446
1192.5 1.252318216925
1193.0 1.4316705516694443
1193.5 1.1370294148222222
1194.0 1.5106315906305556
1194.5 1.256787656788889
1195.0 0.9609412809416666
1195.5 1.2583499005972223
1196.0 1.2694680632583333
1196.5 1.4590032190027777
1197.0 1.3934509934500001
1197.5 1.4003799425666668
1198.0 1.259824619825
1198.5 1.4038635863583333
1199.0 1.3178261826194444
1199.5 1.407374847375
1200.0 1.262861582861111
1200.5 1.2933222994583333
1201.0 1.337652365236111
1201.5 0.9711023965138889
1202.0 0.9829023329388888
1202.5 1.516635101011111
1203.0 1.4468553668555555
1203.5 1.1765656565666667
1204.0 1.3308087829638888
1204.5 1.3587834387833333
1205.0 1.329674769675
1205.5 1.3132289932277776
1206.0 1.0767186670916666
1206.5 1.3527095127083333
1207.0 1.2585636585638889
1207.5 1.1717526917527776
1208.0 1.3513595032166668
1208.5 1.3175269175277777
1209.0 1.2505295743499998
1209.5 1.2937782182583333
1210.0 1.0188844533166668
1210.5 1.6227938406999998
1211.0 1.2750094350083334
1211.5 1.3240541139944444
1212.0 1.2191261920611112
1212.5 1.324914111763889
1213.0 1.3988536155194444
1213.5 1.3648573648583333
1214.0 1.3010549498944444
1214.5 1.547075147075
1215.0 1.3357486957499998
1215.5 1.5273275670888888
1216.0 1.3859924595250002
1216.5 1.2662237495222222
1217.0 1.1003467597
1217.5 1.5327934348333332
1218.0 1.4211399423388889
1218.5 1.3101441561333333
1219.0 1.3378885565527778
1219.5 1.3759817959805554
1220.0 1.2444200487916666
1220.5 1.2312309912305557
1221.0 1.2847172717277777
1221.5 1.3893315801
1222.0 1.1705243568694446
1222.5 0.9245399045388889
1223.0 1.1732628565138887
1223.5 1.5197424797416665
1224.0 1.4086358086361113
1224.5 1.2346980004111112
1225.0 1.4550319031916665
1225.5 1.2485984598472222
1226.0 1.5167055167055554
1226.5 1.3236008436
1227.0 1.4013009212999998
1227.5 1.2459827379
1228.0 1.3978437843777778
1228.5 1.3509350935083335
1229.0 1.3284138084138888
1229.5 1.2576366164055555
1230.0 1.4681141081138889
1230.5 1.2377601410944443
1231.0 1.262861582861111
1231.5 1.4393435351527777
1232.0 1.2945823678694444
1232.5 1.3830791430777776
1233.0 1.193011433011111
1233.5 1.43839665235
1234.0 1.2324919524916667
1234.5 1.197824397825
1235.0 1.1674547674555555
1235.5 1.0745163714444443
1236.0 1.4626134740083334
1236.5 1.2932312132305555
1237.0 1.2546107256916668
1237.5 1.277447744775
1238.0 1.0472372072361111
1238.5 1.5258164058166668
1239.0 1.3385339506166667
1239.5 1.5197424797416665
1240.0 1.2810833610833332
1240.5 1.503056110002778
1241.0 1.3374495453527777
1241.5 1.4175904640277779
1242.0 1.4399823982388888
1242.5 1.2841203241194443
1243.0 1.3709312909305555
1243.5 1.2886766422583333
1244.0 1.550112110111111
1244.5 1.4055988456
1245.0 1.4438184038194444
1245.5 1.2812345679000001
1246.0 1.4104118104111112
1246.5 1.1839005439
1247.0 1.2099722499722223
1247.5 1.32052408955
1248.0 1.4235234641166667
1248.5 1.3131064860694444
1249.0 1.3105566556666666
1249.5 1.3081566137555556
1250.0 1.4195226995222223
1250.5 1.3656790123444444
1251.0 1.4741880341888889
1251.5 1.2737369705027777
1252.0 1.1856765456777778
1252.5 1.2858963258972222
1253.0 1.0520523920527778
1253.5 1.3378131916777778
1254.0 1.1510253025305555
1254.5 1.2035795206972222
1255.0 1.3800421800416667
1255.5 1.2555266955277777
1256.0 1.258567309825
1256.5 1.33699123855
1257.0 0.9132915291527778
1257.5 1.0297626968277778
1258.0 1.4534544653666666
1258.5 1.3418292818305555
1259.0 1.1996628964305556
1259.5 1.2906808605
1260.0 1.258567309825
1260.5 1.4195204795194445
1261.0 1.1560122968805555
1261.5 1.392190032188889
1262.0 1.0773100509305555
1262.5 1.3648573648583333
1263.0 1.274723262588889
1263.5 1.4286335886333332
1264.0 1.2776075092777779
1264.5 1.3664231059388887
1265.0 1.177713115636111
1265.5 1.256787656788889
1266.0 1.3435986236
1266.5 1.2324919524916667
1267.0 1.3772903511694445
1267.5 1.1947874347861112
1268.0 1.337931337063889
1268.5 1.3365596707805556
1269.0 1.392190032188889
1269.5 1.2980441780444445
1270.0 1.2993051393055555
1270.5 1.420908593322222
1271.0 1.0624220224222223
1271.5 1.1324069385833333
1272.0 1.4760634920638889
1272.5 1.3253768453777777
1273.0 1.1432263697888887
1273.5 1.0793828393833333
1274.0 1.4286335886333332
1274.5 1.1133638943472222
1275.0 1.4104140304138888
1275.5 1.2465448435194444
1276.0 0.6134665334666667
1276.5 1.1581563469138887
1277.0 1.3423365204972222
1277.5 1.2974594198333333
1278.0 1.4954467754472223
1278.5 1.3752292152305556
1279.0 1.4231402405388889
1279.5 1.2900043572972224
1280.0 1.4438184038194444
1280.5 1.3630813630805556
1281.0 1.3759185480305556
1281.5 1.2828387669111112
1282.0 1.4279229922999999
1282.5 1.3357686757694445
1283.0 1.4741880341888889
1283.5 1.2209171075833332
1284.0 1.4134487734499999
1284.5 1.2696677667777778
1285.0 1.4650771450777778
1285.5 1.2799647615888887
1286.0 1.4675904139444444
1286.5 1.381034103411111
1287.0 1.3301219782666667
1287.5 1.278046398047222
1288.0 1.407374847375
1288.5 1.2555333776888888
1289.0 1.4347075147083332
1289.5 0.9296407185638889
1290.0 1.120124320125
1290.5 1.357371139686111
1291.0 1.2278094072027779
1291.5 1.3891530691527778
1292.0 0.9781159066888889
1292.5 0.9660501219777777
1293.0 1.3891530691527778
1293.5 1.2769518775472222
1294.0 1.0384139433555555
1294.5 1.4104118104111112
1295.0 1.2051592851583333
1295.5 1.3446496745
1296.0 1.3284138084138888
1296.5 1.120124320125
1297.0 1.1261728395055555
1297.5 1.2190831390833332
1298.0 1.1825351517083333
1298.5 1.4802619602611111
1299.0 1.2450440917111112
1299.5 1.0165928862472222
1300.0 1.4681141081138889
1300.5 1.3495852738972223
1301.0 1.406904916613889
1301.5 1.4620401820388889
1302.0 1.3478965478972222
1302.5 1.4225596625583334
1303.0 1.258355952775
1303.5 1.5273275670888888
1304.0 1.0277544677555555
1304.5 1.2100266134388888
1305.0 1.5691163604555556
1305.5 1.4177466977472222
1306.0 1.421570311638889
1306.5 1.5987035187027778
1307.0 1.34624821055
1307.5 1.5167055167055554
1308.0 1.2689355089361112
1308.5 1.3743487307527777
1309.0 1.5440315240305555
1309.5 1.358306353925
1310.0 1.4741880341888889
1310.5 1.3191322541583332
1311.0 1.5227552031722222
1311.5 1.4298945498944444
1312.0 1.4298945498944444
1312.5 1.504680101311111
1313.0 1.296756875688889
1313.5 1.4590032190027777
1314.0 0.9542680776027778
1314.5 1.0654589854583334
1315.0 1.2124303490805555
1315.5 1.1006415806416667
1316.0 1.1431590631583333
1316.5 1.0821869488527778
1317.0 1.1553069153055555
1317.5 1.1613808413805555
1318.0 0.9657978607277777
1318.5 1.1378656995277778
1319.0 1.1778266178277776
1319.5 1.1431590631583333
1320.0 1.1870644185027777
1320.5 1.3227886710249999
1321.0 1.4468553668555555
1321.5 1.261601241961111
1322.0 1.4666489243722223
1322.5 1.1947360433611112
1323.0 1.4316705516694443
1323.5 1.3084160284166666
1324.0 1.340561660561111
1324.5 1.0947268202972222
1325.0 1.4169237472777778
1325.5 1.2602004357305556
1326.0 1.5106315906305556
1326.5 1.244639804638889
1327.0 1.1776707530638888
1327.5 0.7696547896555554
1328.0 1.4059332238638889
1328.5 0.9986457986444444
1329.0 1.4605810601027778
1329.5 1.1472232453444444
1330.0 1.4255966255972223
1330.5 1.3266378066388889
1331.0 1.4790299823638888
1331.5 1.2010715854194445
1332.0 1.424173874472222
1332.5 1.2468363019500002
1333.0 1.4899138589027778
1333.5 1.220346320347222
1334.0 1.424173874472222
1334.5 1.2898254914944445
1335.0 1.4620401820388889
1335.5 1.2267358409
1336.0 1.392190032188889
1336.5 1.2868955191944444
1337.0 1.4696828565083335
1337.5 1.3242336407555555
1338.0 1.51068741035
1338.5 1.305379065377778
1339.0 1.2755111998222222
1339.5 1.264393688625
1340.0 1.4559662559666668
1340.5 1.2631393298055555
1341.0 1.3284138084138888
1341.5 1.3499658119666667
1342.0 1.4316705516694443
1342.5 1.3630813630805556
1343.0 1.4609347442694445
1343.5 1.4193657130194446
1344.0 1.416485736486111
1344.5 1.1869375069388888
1345.0 1.3201017136527777
1345.5 1.1558253968249999
1346.0 1.4681141081138889
1346.5 1.1492329892333333
1347.0 1.329674769675
1347.5 1.377002997002778
1348.0 1.0167848238472221
1348.5 1.237094186175
1349.0 1.2281940281944446
1349.5 1.3950942559333332
1350.0 1.3456396635666668
1350.5 1.2889066311833333
1351.0 1.3678943278944444
1351.5 1.123674183913889
1352.0 1.3891530691527778
1352.5 1.1359823982388888
1353.0 1.0813769063194445
1353.5 1.528853368852778
1354.0 1.3175269175277777
1354.5 1.433791887125
1355.0 1.1564387182027778
1355.5 1.5045576645583332
1356.0 1.4055988456
1356.5 1.337524697525
1357.0 1.4055988456
1357.5 1.2069803401805554
1358.0 1.2228348237222224
1358.5 1.3284138084138888
1359.0 1.1472839506166665
1359.5 1.2689355089361112
1360.0 1.4104118104111112
1360.5 1.4238206238194444
1361.0 1.4984837384833334
1361.5 0.9863839187111111
1362.0 0.7827495291888888
1362.5 0.8498806930166667
1363.0 1.5136685536694445
1363.5 1.2058377425055555
1364.0 1.2828593628583334
1364.5 1.208371089536111
1365.0 1.072774477447222
1365.5 1.25375069375
1366.0 1.4590032190027777
1366.5 1.2764691603222222
1367.0 1.2889332889333334
1367.5 1.1353091353083333
1368.0 1.2494527694527777
1368.5 1.3363426351833334
1369.0 1.337524697525
1369.5 1.2588712522055556
1370.0 0.8672403560833333
1370.5 0.9784627930694445
1371.0 1.0793828393833333
1371.5 1.1371082479916668
1372.0 1.0763458763472222
1372.5 1.1006415806416667
1373.0 1.346551341761111
1373.5 1.4878864493222221
1374.0 1.3183327805416667
1374.5 1.2312309912305557
1375.0 1.0467217266833333
1375.5 1.0442002442
1376.0 1.1086382789972222
1376.5 0.8739777349611111
1377.0 1.3162659562666668
1377.5 0.935012149325
1378.0 0.9852369852361111
1378.5 1.0066186893472222
1379.0 0.9591652791666666
1379.5 1.2858963258972222
1380.0 1.3239070586944444
1380.5 1.0745698745694443
1381.0 1.1006415806416667
1381.5 0.9210934744277778
1382.0 1.1158263958277777
1382.5 1.1613808413805555
1383.0 1.0459964726638888
1383.5 1.5106315906305556
1384.0 1.3843401043388888
1384.5 1.4984837384833334
1385.0 1.0185877662361111
1385.5 1.4650771450777778
1386.0 1.278046398047222
1386.5 1.4348775894527777
1387.0 1.2828387669111112
1387.5 1.486335886336111
1388.0 1.3084160284166666
1388.5 1.4787846529166666
1389.0 1.1508195272805555
1389.5 1.4590032190027777
1390.0 1.4177466977472222
1390.5 1.5926295926305554
1391.0 1.3894635638583333
1391.5 1.3035929387333334
1392.0 1.3132289932277776
1392.5 1.2880644832166666
1393.0 1.0559647964805556
1393.5 1.2919702519694443
1394.0 1.2375950711694443
1394.5 1.5075946275944445
1395.0 1.3374428919944445
1395.5 1.3220777230444443
1396.0 1.3573324471027777
1396.5 1.4717297356583334
1397.0 1.3058048078
1397.5 1.5303203004194443
1398.0 1.3661183261194443
1398.5 1.429495548961111
1399.0 0.6998046398055556
1399.5 1.262861582861111
1400.0 1.378178649236111
1400.5 1.1360261919388888
1401.0 1.2312309912305557
1401.5 1.450448188525
1402.0 1.095828615827778
1402.5 1.4986543332222222
1403.0 1.129235209236111
1403.5 1.2524897324888888
1404.0 1.117746728763889
1404.5 1.2889088489694442
1405.0 1.378946436475
1405.5 1.2335489548944443
1406.0 1.4195226995222223
1406.5 1.3617143490805557
1407.0 1.545537813261111
1407.5 1.346551341761111
1408.0 1.3546912361527779
1408.5 1.3448595848583333
1409.0 1.340561660561111
1409.5 1.146164175872222
1410.0 1.3709312909305555
1410.5 0.9478465291638888
1411.0 1.4055988456
1411.5 1.2919702519694443
1412.0 1.3322977558833333
1412.5 1.2555266955277777
1413.0 1.421728395061111
1413.5 1.2950291818083333
1414.0 1.4429922992305555
1414.5 1.307110223997222
1415.0 1.3861161061166667
1415.5 1.2264180264166666
1416.0 1.4438184038194444
1416.5 1.2919405633166667
1417.0 1.426112145663889
1417.5 1.4954467754472223
1418.0 1.3266378066388889
1418.5 1.5683338883333333
1419.0 1.3175269175277777
1419.5 1.4727167886444443
1420.0 1.4055988456
1420.5 1.4009520675666665
1421.0 1.4832989233
1421.5 1.2286206520555554
1422.0 1.5001804180416665
1422.5 1.3570074370083334
1423.0 1.5379642579638888
1423.5 1.368694885361111
1424.0 1.3977421719555556
1424.5 1.4438184038194444
1425.0 1.3777425044083333
1425.5 1.568336108336111
1426.0 1.414709734711111
1426.5 1.408212374225
1427.0 1.5167055167055554
1427.5 1.3313816810833332
1428.0 1.486335886336111
1428.5 1.362350342388889
1429.0 1.4150720780666666
1429.5 1.2721869488527777
1430.0 1.3162659562666668
1430.5 1.2901942501944446
1431.0 1.4802619602611111
1431.5 1.1305161854777777
1432.0 1.4302417387444444
1432.5 1.2347023809527777
1433.0 0.7628188068305555
1433.5 1.4193657130194446
1434.0 1.4909203814583334
1434.5 1.3818551686027778
1435.0 1.3449152915277778
1435.5 1.562259962261111
1436.0 1.3873770673777777
1436.5 1.550112110111111
1437.0 1.2719724719722223
1437.5 1.489372849372222
1438.0 1.4135104028333334
1438.5 1.4329315129305555
1439.0 1.5136685536694445
1439.5 1.3600421800416667
1440.0 1.5075946275944445
1440.5 1.380481555113889
1441.0 1.3674945533777778
1441.5 1.4681141081138889
1442.0 1.4352123212333332
1442.5 1.5227794427805554
1443.0 1.346551341761111
1443.5 1.4166921457861112
1444.0 1.307110223997222
1444.5 1.418175661375
1445.0 1.3800421800416667
1445.5 1.340561660561111
1446.0 1.0745698745694443
1446.5 1.2889332889333334
1447.0 1.226530958438889
1447.5 1.2997826569083333
1448.0 0.6080459009166667
1448.5 1.3678943278944444
1449.0 1.2314523269638888
1449.5 1.4120381459305553
1450.0 1.2205978148833332
1450.5 1.4681141081138889
1451.0 1.265898545897222
1451.5 1.4790299823638888
1452.0 1.256787656788889
1452.5 1.4022420438277776
1453.0 1.2644204557833332
1453.5 1.3361898425361112
1454.0 1.3171335641583333
1454.5 1.4711510711499998
1455.0 1.209060158425
1455.5 1.4377444777444446
1456.0 1.2148325571083334
1456.5 1.2810833610833332
1457.0 1.3054043914805555
1457.5 1.2324919524916667
1458.0 1.4650771450777778
1458.5 1.1998059964722223
1459.0 1.5015207015194443
1459.5 1.1230456635666666
1460.0 1.4590032190027777
1460.5 1.2780486180500001
1461.0 1.4514792636944445
1461.5 1.272959646213889
1462.0 1.3453434443333334
1462.5 1.2980441780444445
1463.0 1.234295852738889
1463.5 1.2221201021194443
1464.0 1.2011037388111112
1464.5 1.2919702519694443
1465.0 1.2281940281944446
1465.5 1.2191261920611112
1466.0 1.404337884338889
1466.5 1.215444997236111
1467.0 0.8577158119666666
1467.5 1.058124098125
1468.0 1.43697249725
1468.5 1.254618261825
1469.0 1.4013009212999998
1469.5 1.338785658786111
1470.0 1.404337884338889
1470.5 1.3192459525388889
1471.0 1.5182293050027775
1471.5 1.3418226218222222
1472.0 1.1149130913083334
1472.5 1.219466584286111
1473.0 1.337524697525
1473.5 1.3512664509166665
1474.0 1.3435986236
1474.5 1.1996628964305556
1475.0 1.0022726391305554
1475.5 1.2737484737472222
1476.0 1.4238206238194444
1476.5 1.375126087436111
1477.0 1.2555385920277777
1477.5 1.3830791430777776
1478.0 1.3069946062555555
1478.5 1.2950072150083332
1479.0 1.3417815195916667
1479.5 1.4529292929305555
1480.0 1.2184042328055555
1480.5 1.1219003219
1481.0 1.4438184038194444
1481.5 1.2807598851333333
1482.0 1.2919702519694443
1482.5 1.4845576645583332
1483.0 1.4939543135944444
1483.5 1.3519408584361112
1484.0 1.3599660729444445
1484.5 1.3010811410805556
1485.0 1.337524697525
1485.5 0.97348004315
1486.0 1.4498723498722221
1486.5 1.2063369040111112
1487.0 1.1156835146083333
1487.5 1.5136459002361111
1488.0 1.4104118104111112
1488.5 1.2436714975833334
1489.0 1.357427367486111
1489.5 1.2817266820833333
1490.0 1.3266378066388889
1490.5 1.4316705516694443
1491.0 1.1063139329805556
1491.5 1.4559662559666668
1492.0 1.1529063180833332
1492.5 1.3336270381166666
1493.0 1.2859905296777778
1493.5 1.4225596625583334
1494.0 1.1856765456777778
1494.5 1.3843401043388888
