0.0 0.22291333333333335
0.5 0.20959666666666668
1.0 0.2143566666666667
1.5 0.22786
2.0 0.2253666666666667
2.5 0.22708333333333336
3.0 0.2238466666666667
3.5 0.19187333333333334
4.0 0.2289366666666667
4.5 0.19606333333333334
5.0 0.2091366666666667
5.5 0.17644
6.0 0.22051
6.5 0.20922333333333334
7.0 0.16789
7.5 0.18982666666666667
8.0 0.22844333333333333
8.5 0.20941333333333337
9.0 0.2277266666666667
9.5 0.22583000000000003
10.0 0.20289666666666667
10.5 0.18973666666666666
11.0 0.22342333333333336
11.5 0.19042
12.0 0.22408666666666666
12.5 0.17257333333333333
13.0 0.20123
13.5 0.17663
14.0 0.22967333333333337
14.5 0.2186666666666667
15.0 0.23432
15.5 0.21824000000000002
16.0 0.21862666666666666
16.5 0.22827666666666668
17.0 0.21786333333333335
17.5 0.22521333333333335
18.0 0.20962
18.5 0.1798266666666667
19.0 0.14523
19.5 0.18908333333333333
20.0 0.21786666666666668
20.5 0.23202333333333336
21.0 0.2213066666666667
21.5 0.22213000000000002
22.0 0.22089666666666666
22.5 0.22339666666666666
23.0 0.20099333333333333
23.5 0.23434000000000002
24.0 0.19715666666666667
24.5 0.18666
25.0 0.18073333333333333
25.5 0.19697
26.0 0.20003
26.5 0.20568666666666666
27.0 0.21227333333333334
27.5 0.19769
28.0 0.20762333333333335
28.5 0.19872
29.0 0.16989
29.5 0.19939333333333334
30.0 0.18801333333333334
30.5 0.18683333333333335
31.0 0.20928000000000002
31.5 0.15622333333333333
32.0 0.21433333333333332
32.5 0.20267333333333334
33.0 0.1920166666666667
33.5 0.21069666666666667
34.0 0.21202333333333334
34.5 0.20905000000000004
35.0 0.18505666666666667
35.5 0.20418333333333333
36.0 0.15584666666666666
36.5 0.19409333333333334
37.0 0.14238
37.5 0.16440666666666667
38.0 0.19285333333333332
38.5 0.21367999999999998
39.0 0.19390000000000002
39.5 0.18508333333333332
40.0 0.21304666666666666
40.5 0.19166333333333335
41.0 0.21157333333333334
41.5 0.20172333333333334
42.0 0.18752666666666667
42.5 0.19124333333333335
43.0 0.19319333333333333
43.5 0.18958
44.0 0.21179333333333333
44.5 0.19349333333333335
45.0 0.19877666666666666
45.5 0.2029
46.0 0.2032566666666667
46.5 0.18268333333333334
47.0 0.18832333333333334
47.5 0.19625333333333334
48.0 0.20198000000000002
48.5 0.18914
49.0 0.21486333333333335
49.5 0.21371333333333337
50.0 0.20694
50.5 0.19967333333333334
51.0 0.19960666666666665
51.5 0.19826333333333332
52.0 0.19165333333333334
52.5 0.14771
53.0 0.19751333333333335
53.5 0.18895
54.0 0.19696000000000002
54.5 0.19763
55.0 0.20302
55.5 0.20146666666666668
56.0 0.17353666666666667
56.5 0.17014666666666667
57.0 0.20732
57.5 0.21127666666666667
58.0 0.14136333333333334
58.5 0.15796666666666667
59.0 0.18805666666666668
59.5 0.15392666666666666
60.0 0.1952
60.5 0.20655
61.0 0.19415666666666667
61.5 0.20143
62.0 0.19235333333333335
62.5 0.2056
63.0 0.18652
63.5 0.18731
64.0 0.19552666666666668
64.5 0.17512
65.0 0.20371999999999998
65.5 0.19873666666666667
66.0 0.16659000000000002
66.5 0.22406
67.0 0.21212333333333333
67.5 0.20791666666666667
68.0 0.18622
68.5 0.21394333333333335
69.0 0.21933666666666668
69.5 0.19787
70.0 0.19238666666666668
70.5 0.19218666666666667
71.0 0.21347666666666668
71.5 0.16490000000000002
72.0 0.21123
72.5 0.21387
73.0 0.2199166666666667
73.5 0.21654666666666667
74.0 0.22884000000000002
74.5 0.21391666666666667
75.0 0.20294333333333334
75.5 0.20271333333333333
76.0 0.18343
76.5 0.17031000000000002
77.0 0.20612666666666665
77.5 0.2218966666666667
78.0 0.16417333333333334
78.5 0.22917000000000004
79.0 0.22512666666666667
79.5 0.19811
80.0 0.15766333333333335
80.5 0.2108966666666667
81.0 0.2111
81.5 0.21272333333333335
82.0 0.20616333333333334
82.5 0.2102066666666667
83.0 0.21462
83.5 0.18644666666666668
84.0 0.19693
84.5 0.18421333333333334
85.0 0.20268666666666668
85.5 0.20097
86.0 0.2197666666666667
86.5 0.1957566666666667
87.0 0.2093666666666667
87.5 0.20221666666666666
88.0 0.19495666666666667
88.5 0.18549333333333334
89.0 0.20038999999999998
89.5 0.20993333333333333
90.0 0.20858000000000002
90.5 0.2100666666666667
91.0 0.16708333333333336
91.5 0.20868000000000003
92.0 0.2237
92.5 0.19244
93.0 0.20486666666666667
93.5 0.20364000000000002
94.0 0.18914333333333336
94.5 0.16723666666666667
95.0 0.18712333333333334
95.5 0.20500333333333334
96.0 0.22581666666666667
96.5 0.22188
97.0 0.18366333333333335
97.5 0.21952666666666668
98.0 0.20450000000000002
98.5 0.21208333333333335
99.0 0.18626333333333334
99.5 0.1920366666666667
100.0 0.22325666666666666
100.5 0.17814333333333332
101.0 0.21840666666666667
101.5 0.17823666666666665
102.0 0.20076333333333332
102.5 0.22276666666666667
103.0 0.19237333333333334
103.5 0.20680666666666667
104.0 0.19573000000000002
104.5 0.21830666666666665
105.0 0.2132133333333333
105.5 0.21093
106.0 0.20634333333333335
106.5 0.20047333333333334
107.0 0.19632
107.5 0.15435000000000001
108.0 0.20770666666666668
108.5 0.17408333333333334
109.0 0.20229
109.5 0.20838
110.0 0.21144333333333334
110.5 0.20015333333333335
111.0 0.20362333333333335
111.5 0.18700666666666668
112.0 0.20125
112.5 0.19286
113.0 0.8635200000000001
113.5 0.7899066666666666
114.0 0.8088633333333334
114.5 0.81276
115.0 0.86065
115.5 0.71924
116.0 0.7457633333333334
116.5 0.7557699999999999
117.0 0.7877233333333333
117.5 0.8706566666666667
118.0 0.7803766666666666
118.5 0.7879266666666667
119.0 0.73126
119.5 0.7451533333333333
120.0 0.7792
120.5 0.8041766666666667
121.0 0.8024833333333333
121.5 0.8692866666666668
122.0 0.7983333333333333
122.5 0.8479566666666666
123.0 0.7664733333333333
123.5 1.3558400000000002
124.0 1.20193
124.5 1.3245666666666667
125.0 1.8502
125.5 1.6458633333333335
126.0 1.9502933333333337
126.5 1.3561733333333335
127.0 1.9368
127.5 1.8407133333333334
128.0 1.8262133333333335
128.5 1.7665000000000002
129.0 1.8794933333333335
129.5 1.4789266666666667
130.0 1.6881666666666666
130.5 1.6507500000000002
131.0 1.78424
131.5 1.7333833333333335
132.0 1.77891
132.5 2.0357533333333335
133.0 1.762
133.5 1.7887533333333336
134.0 1.7496866666666666
134.5 1.66511
135.0 1.78177
135.5 0.8346433333333333
136.0 1.847886666666667
136.5 1.8622633333333336
137.0 1.8537933333333334
137.5 2.58679
138.0 1.7522766666666667
138.5 1.7275566666666669
139.0 1.93236
139.5 1.1723133333333333
140.0 1.16974
140.5 1.8128933333333335
141.0 1.2682566666666668
141.5 1.1962033333333333
142.0 1.1627733333333332
142.5 1.8187566666666666
143.0 1.2895466666666666
143.5 1.3405900000000002
144.0 0.6601866666666667
144.5 0.6300133333333334
145.0 0.6612433333333333
145.5 0.68837
146.0 0.6780966666666667
146.5 0.6628233333333333
147.0 0.6448633333333333
147.5 0.6596266666666667
148.0 0.6719766666666667
148.5 0.6619833333333334
149.0 0.6526633333333334
149.5 0.6433766666666667
150.0 0.7144566666666667
150.5 0.6945166666666668
151.0 0.6376200000000001
151.5 0.6537633333333334
152.0 0.6830733333333333
152.5 0.6588433333333333
153.0 0.5945233333333333
153.5 0.6298033333333334
154.0 0.6232933333333334
154.5 0.6632133333333333
155.0 0.6711
155.5 0.6952366666666667
156.0 0.6984133333333333
156.5 0.6059866666666668
157.0 0.5833066666666668
157.5 0.6328533333333334
158.0 0.6627233333333333
158.5 0.6364666666666667
159.0 0.6724766666666667
159.5 0.6235733333333333
160.0 0.64095
160.5 0.6792900000000001
161.0 0.7161533333333334
161.5 0.7404833333333334
162.0 0.6723666666666667
162.5 0.6734033333333334
163.0 0.6340766666666667
163.5 0.6962833333333334
164.0 0.6204033333333334
164.5 0.6493466666666667
165.0 0.7091566666666667
165.5 0.6956033333333334
166.0 0.6951166666666667
166.5 0.6800566666666668
167.0 0.65995
167.5 0.6801366666666667
168.0 0.63681
168.5 0.49807333333333337
169.0 0.6421300000000001
169.5 0.6786566666666667
170.0 0.6638733333333334
170.5 0.7023766666666668
171.0 0.7266233333333333
171.5 0.7150166666666667
172.0 0.6886000000000001
172.5 0.66594
173.0 0.6580966666666667
173.5 0.6514033333333334
174.0 0.6980533333333333
174.5 0.70889
175.0 0.6820066666666668
175.5 0.7127966666666667
176.0 0.7007800000000001
176.5 0.6598766666666667
177.0 0.69382
177.5 0.7177133333333334
178.0 0.6689266666666667
178.5 0.6573633333333333
179.0 0.6802366666666667
179.5 0.6477900000000001
180.0 0.6635133333333334
180.5 0.6483466666666667
181.0 0.7186166666666667
181.5 0.6463466666666666
182.0 0.6198666666666667
182.5 0.6822933333333334
183.0 0.6397633333333334
183.5 0.6139333333333334
184.0 0.6446766666666667
184.5 0.68811
185.0 1.7746733333333335
185.5 1.8936600000000001
186.0 1.8448000000000002
186.5 1.09599
187.0 2.48186
187.5 2.1682833333333336
188.0 1.8388033333333336
188.5 1.8778566666666667
189.0 1.7959
189.5 1.85107
190.0 1.5141166666666668
190.5 1.3648233333333335
191.0 1.1972500000000001
191.5 1.8362300000000003
192.0 1.7350833333333335
192.5 2.738166666666667
193.0 2.60032
193.5 0.5125500000000001
194.0 1.47772
194.5 1.4228766666666668
195.0 0.5842033333333334
195.5 1.8995266666666666
196.0 1.6684700000000001
196.5 1.8629033333333334
197.0 2.0947133333333334
197.5 2.9330266666666667
198.0 1.92201
198.5 1.9045433333333333
199.0 1.3860166666666667
199.5 1.80441
200.0 1.7639533333333335
200.5 1.8646866666666666
201.0 2.2614233333333336
201.5 2.0135833333333335
202.0 1.90012
202.5 1.1416266666666668
203.0 1.71513
203.5 2.6279833333333333
204.0 1.8828533333333335
204.5 2.396786666666667
205.0 1.8399100000000002
205.5 1.8261966666666667
206.0 1.3561266666666667
206.5 2.3392866666666667
207.0 2.0714433333333333
207.5 1.8076800000000002
208.0 1.788006666666667
208.5 1.6546666666666667
209.0 0.5729733333333333
209.5 1.8665666666666667
210.0 0.5938133333333333
210.5 2.499356666666667
211.0 2.5607833333333336
211.5 1.9007033333333334
212.0 1.90797
212.5 1.7685433333333334
213.0 1.8630333333333335
213.5 1.965466666666667
214.0 1.8229366666666666
214.5 1.6956900000000001
215.0 1.7957500000000002
215.5 2.2001933333333334
216.0 0.1925666666666667
216.5 0.39675000000000005
217.0 0.4125566666666667
217.5 0.40211
218.0 0.4002233333333333
218.5 0.17889666666666668
219.0 0.17619
219.5 0.38538333333333336
220.0 0.39849
220.5 0.21068333333333333
221.0 0.21805000000000002
221.5 0.40096333333333334
222.0 0.17565333333333333
222.5 1.1492966666666669
223.0 0.19012333333333334
223.5 0.18800666666666668
224.0 1.1562466666666669
224.5 0.7922466666666667
225.0 1.13013
225.5 1.1150566666666668
226.0 1.1502566666666667
226.5 1.1647066666666668
227.0 0.27547333333333335
227.5 0.8618233333333335
228.0 0.15079333333333333
228.5 0.23441333333333333
229.0 1.1604333333333334
229.5 0.23181
230.0 1.09127
230.5 1.0959633333333334
231.0 1.1565333333333334
231.5 1.1437666666666666
232.0 1.15571
232.5 0.5586033333333333
233.0 1.1381966666666667
233.5 1.1497
234.0 0.19276
234.5 0.4648033333333334
235.0 1.1493533333333334
235.5 0.3277566666666667
236.0 0.16073666666666667
236.5 1.1235000000000002
237.0 1.1585033333333334
237.5 1.1301466666666669
238.0 1.1499933333333334
238.5 1.1482333333333334
239.0 1.1029
239.5 1.1699133333333334
240.0 0.8753433333333333
240.5 0.15228000000000003
241.0 0.20142666666666667
241.5 0.15128333333333333
242.0 0.21864666666666668
242.5 0.15104
243.0 0.3298233333333333
243.5 0.33204000000000006
244.0 0.31749333333333335
244.5 0.30968666666666667
245.0 0.3281633333333333
245.5 0.32577
246.0 0.3225566666666667
246.5 0.18668333333333334
247.0 0.32228
247.5 0.17204333333333333
248.0 0.32333333333333336
248.5 0.32187666666666664
249.0 0.3261566666666667
249.5 0.32419
250.0 0.3216766666666667
250.5 0.31733000000000006
251.0 0.32172
251.5 0.32965333333333335
252.0 0.3284033333333333
252.5 0.16878
253.0 0.31725333333333333
253.5 0.33159666666666665
254.0 0.3141466666666667
254.5 0.32851
255.0 0.32122
255.5 0.3185266666666667
256.0 0.18081
256.5 0.2782233333333333
257.0 0.2975966666666667
257.5 0.17568666666666666
258.0 0.31461
258.5 0.14182999999999998
259.0 0.19861
259.5 0.17519333333333337
260.0 0.32101
260.5 0.32595
261.0 0.31460000000000005
261.5 0.3312366666666667
262.0 0.3115966666666667
262.5 0.3207066666666667
263.0 0.23951
263.5 0.3225766666666667
264.0 0.19659666666666667
264.5 0.11141666666666668
265.0 0.32754333333333335
265.5 0.32772333333333337
266.0 0.33729333333333333
266.5 0.32245
267.0 0.31658000000000003
267.5 0.32064000000000004
268.0 0.27804333333333336
268.5 0.32798
269.0 0.30733333333333335
269.5 0.31851666666666667
270.0 0.34027999999999997
270.5 0.32383666666666666
271.0 0.31987000000000004
271.5 0.32916
272.0 0.3249166666666667
272.5 0.33662000000000003
273.0 0.3255566666666667
273.5 0.3258866666666667
274.0 0.3192833333333333
274.5 0.3164066666666667
275.0 0.3214266666666667
275.5 0.3275466666666667
276.0 0.3288433333333334
276.5 0.32974
277.0 0.32239666666666666
277.5 0.32175333333333334
278.0 0.32284
278.5 0.32481333333333334
279.0 0.32073
279.5 0.31292000000000003
280.0 0.32067
280.5 0.32599
281.0 0.32033
281.5 0.3299033333333334
282.0 0.3279666666666667
282.5 0.17271666666666668
283.0 0.30817666666666665
283.5 0.32829
284.0 0.3173433333333333
284.5 1.1322933333333334
285.0 1.1043
285.5 1.1591133333333334
286.0 1.15737
286.5 1.1674366666666667
287.0 0.5214033333333333
287.5 0.25041
288.0 0.5916466666666668
288.5 1.1540133333333333
289.0 1.10833
289.5 0.3863066666666667
290.0 1.1426233333333333
290.5 1.1121699999999999
291.0 1.1138266666666667
291.5 0.32619333333333334
292.0 0.9930033333333335
292.5 0.9252166666666667
293.0 1.1558
293.5 1.1369300000000002
294.0 1.1398933333333334
294.5 0.33418333333333333
295.0 1.1551333333333333
295.5 1.14026
296.0 0.3385166666666667
296.5 1.1089733333333334
297.0 1.12607
297.5 0.37033333333333335
298.0 1.1522966666666667
298.5 0.9401266666666668
299.0 1.16337
299.5 1.1612066666666667
300.0 0.16982000000000003
300.5 1.12914
301.0 1.1232
301.5 1.15661
302.0 1.1504933333333334
302.5 1.1571533333333335
303.0 1.1569033333333334
303.5 0.3276866666666667
304.0 1.1139766666666668
304.5 1.1481266666666667
305.0 1.1502766666666666
305.5 0.32966666666666666
306.0 0.29686666666666667
306.5 1.1089333333333333
307.0 1.15483
307.5 0.57152
308.0 1.16433
308.5 1.1407266666666669
309.0 1.1551066666666667
309.5 0.32495
310.0 0.28858333333333336
310.5 0.23310333333333333
311.0 0.3248566666666667
311.5 1.0598400000000001
312.0 0.4734166666666667
312.5 1.1501566666666667
313.0 0.24016333333333334
313.5 1.14785
314.0 0.28087333333333336
314.5 1.1500733333333333
315.0 1.1540533333333334
315.5 1.1095833333333334
316.0 0.5442666666666667
316.5 1.1435933333333335
317.0 1.0923866666666668
317.5 0.69009
318.0 1.1413266666666666
318.5 1.12476
319.0 1.1390033333333334
319.5 1.1408066666666667
320.0 1.1560266666666668
320.5 1.1431166666666668
321.0 1.15032
321.5 1.1487366666666667
322.0 1.1523266666666667
322.5 1.11256
323.0 1.1512533333333335
323.5 1.11646
324.0 0.6649933333333334
324.5 0.1388
325.0 0.23030333333333333
325.5 1.03048
326.0 1.15324
326.5 1.1422
327.0 1.1367266666666667
327.5 1.1487433333333334
328.0 1.1581766666666669
328.5 1.1487366666666667
329.0 1.1541866666666667
329.5 1.1607866666666666
330.0 1.1271600000000002
330.5 0.31237000000000004
331.0 1.1002866666666666
331.5 1.1468666666666667
332.0 1.1552033333333334
332.5 1.14594
333.0 1.1258833333333333
333.5 0.77363
334.0 0.14867333333333335
334.5 1.1430033333333334
335.0 1.1143933333333333
335.5 1.1488166666666666
336.0 1.1216133333333334
336.5 1.1248733333333334
337.0 1.1430733333333334
337.5 1.1484266666666667
338.0 1.1296533333333334
338.5 1.1570200000000002
339.0 0.5203133333333334
339.5 1.12406
340.0 0.30378333333333335
340.5 0.31005
341.0 0.32522333333333336
341.5 0.32176333333333335
342.0 0.3155866666666667
342.5 0.2923066666666667
343.0 0.32489666666666667
343.5 0.3325266666666667
344.0 0.32993666666666666
344.5 0.32802333333333333
345.0 0.3231366666666667
345.5 0.32008333333333333
346.0 0.21703333333333336
346.5 0.32521333333333335
347.0 0.31743
347.5 0.33215666666666666
348.0 0.3241
348.5 0.3290766666666667
349.0 0.33159
349.5 0.3232933333333334
350.0 0.32998
350.5 0.26803666666666665
351.0 0.32354333333333335
351.5 0.3132433333333334
352.0 0.3126966666666667
352.5 0.32889999999999997
353.0 0.3294366666666667
353.5 0.2880033333333334
354.0 0.32265000000000005
354.5 0.11074
355.0 0.3297833333333333
355.5 0.31814333333333333
356.0 0.32482000000000005
356.5 0.33347000000000004
357.0 0.31870333333333334
357.5 0.31600666666666666
358.0 0.32494666666666666
358.5 0.33179333333333333
359.0 0.32675333333333334
359.5 0.3270266666666667
360.0 0.32513333333333333
360.5 0.3317733333333333
361.0 0.3183366666666667
361.5 0.3130266666666667
362.0 0.30957666666666667
362.5 0.33168
363.0 0.18226
363.5 0.16832666666666668
364.0 0.29622333333333334
364.5 0.3198666666666667
365.0 0.3211466666666667
365.5 0.32732333333333336
366.0 0.3251466666666667
366.5 0.32548666666666665
367.0 0.17041666666666666
367.5 0.3258466666666667
368.0 0.30586
368.5 0.3120266666666667
369.0 0.32381
369.5 0.32516
370.0 0.32617666666666667
370.5 0.2653666666666667
371.0 0.18020333333333333
371.5 0.32559
372.0 0.30025333333333337
372.5 0.11249
373.0 0.12947
373.5 0.13285666666666665
374.0 0.19654666666666668
374.5 0.33033
375.0 0.31404333333333334
375.5 0.17927333333333334
376.0 0.3320666666666667
376.5 0.12698666666666666
377.0 0.3202933333333334
377.5 0.31720333333333334
378.0 0.3316766666666667
378.5 0.12294333333333334
379.0 0.3298066666666667
379.5 0.3027133333333334
380.0 0.32072666666666666
380.5 0.32183666666666666
381.0 0.18744
381.5 0.32626000000000005
382.0 0.3197566666666667
382.5 0.31234
383.0 0.32275
383.5 0.33105333333333337
384.0 0.32988
384.5 0.17025666666666667
385.0 1.1293833333333334
385.5 1.10668
386.0 1.1126
386.5 1.12448
387.0 1.1525633333333334
387.5 1.1517366666666669
388.0 0.62857
388.5 1.1407200000000002
389.0 1.1547233333333333
389.5 1.1579166666666667
390.0 1.1407966666666667
390.5 0.19382666666666667
391.0 1.1249666666666667
391.5 1.1126500000000001
392.0 1.15233
392.5 1.1527200000000002
393.0 0.19799666666666668
393.5 0.11681
394.0 0.11241000000000001
394.5 0.12233333333333335
395.0 0.11821666666666668
395.5 0.11643
396.0 0.11232666666666667
396.5 0.11187666666666668
397.0 0.11606666666666667
397.5 0.11297
398.0 0.10941
398.5 0.11335
399.0 0.10736666666666668
399.5 0.10522
400.0 0.10376
400.5 0.10515
401.0 0.11719
401.5 0.11827666666666667
402.0 0.10234
402.5 0.11656666666666668
403.0 0.11252999999999999
403.5 0.1173
404.0 0.11376
404.5 0.11231333333333335
405.0 0.10993000000000001
405.5 0.11514000000000002
406.0 0.11343666666666667
406.5 0.11657000000000001
407.0 0.11315333333333333
407.5 0.11054
408.0 0.11654666666666667
408.5 0.1098
409.0 0.11234666666666666
409.5 0.11299666666666666
410.0 0.11345333333333332
410.5 0.11585666666666668
411.0 0.10751666666666666
411.5 0.11293
412.0 0.11907333333333332
412.5 0.11492333333333334
413.0 0.10963333333333335
413.5 0.11718333333333333
414.0 0.11637666666666667
414.5 0.11921000000000001
415.0 0.10927666666666667
415.5 0.11094
416.0 0.11482333333333333
416.5 0.11557
417.0 0.11677333333333334
417.5 0.11648333333333333
418.0 0.11666666666666668
418.5 0.11509666666666667
419.0 0.12113000000000002
419.5 0.11585333333333335
420.0 0.11804
420.5 0.11268666666666668
421.0 0.11286333333333334
421.5 0.11154333333333334
422.0 0.1142
422.5 0.11180666666666668
423.0 0.11646666666666666
423.5 0.11238333333333335
424.0 0.12043000000000001
424.5 0.10861666666666668
425.0 0.11944333333333333
425.5 0.11818666666666668
426.0 0.11766666666666667
426.5 0.11444000000000001
427.0 0.11758
427.5 0.11092
428.0 0.11864333333333334
428.5 0.11670666666666668
429.0 0.11875666666666666
429.5 0.11356000000000001
430.0 0.11830333333333334
430.5 0.11554
431.0 0.11548666666666668
431.5 0.11564666666666668
432.0 0.1192
432.5 0.11520000000000001
433.0 0.11992333333333334
433.5 0.11232333333333333
434.0 0.11904
434.5 0.11363333333333335
435.0 0.11833000000000002
435.5 0.12046333333333333
436.0 0.12160333333333334
436.5 0.12217333333333333
437.0 0.11817666666666667
437.5 0.10961333333333333
438.0 0.12073
438.5 0.11994666666666667
439.0 0.11560000000000001
439.5 0.11698666666666668
440.0 0.10942333333333334
440.5 0.11794666666666667
441.0 0.11802
441.5 0.11394
442.0 0.1778866666666667
442.5 0.11857666666666668
443.0 0.11984
443.5 0.1141
444.0 0.11735666666666668
444.5 0.11698
445.0 0.11777333333333334
445.5 0.11392666666666668
446.0 0.11506000000000001
446.5 0.11624666666666668
447.0 0.11678333333333332
447.5 0.11561333333333333
448.0 0.11734
448.5 0.11643
449.0 0.11297333333333333
449.5 0.12273666666666667
450.0 0.11154666666666667
450.5 0.10564666666666667
451.0 0.11950333333333334
451.5 0.11532333333333335
452.0 0.11793666666666668
452.5 0.11723333333333334
453.0 0.12253
453.5 0.11694666666666666
454.0 0.19924666666666668
454.5 0.11276333333333333
455.0 0.11627333333333335
455.5 0.19784333333333334
456.0 0.11723333333333334
456.5 0.11457
457.0 0.11259999999999999
457.5 0.11820666666666667
458.0 0.11553000000000001
458.5 0.10998666666666666
459.0 0.11548666666666668
459.5 0.11834
460.0 0.11549
460.5 0.11394
461.0 0.11577333333333334
461.5 0.12050333333333335
462.0 0.11922
462.5 0.11981000000000001
463.0 0.11587666666666668
463.5 0.11285666666666666
464.0 0.19093666666666667
464.5 0.11319333333333334
465.0 0.11569333333333334
465.5 0.11246333333333333
466.0 0.11528333333333333
466.5 0.11513666666666668
467.0 0.11894333333333333
467.5 0.17976333333333333
468.0 0.11604333333333333
468.5 0.11520333333333334
469.0 0.10797666666666667
469.5 0.11536666666666667
470.0 0.11433666666666667
470.5 0.11088666666666666
471.0 0.11616
471.5 0.11501
472.0 0.11646333333333334
472.5 0.11805000000000002
473.0 0.11872333333333335
473.5 0.11294333333333335
474.0 0.11469666666666668
474.5 0.11649
475.0 0.11747333333333335
475.5 0.11439
476.0 0.11270333333333334
476.5 0.11611333333333333
477.0 0.11621
477.5 0.11214666666666667
478.0 0.11005333333333332
478.5 0.11226333333333334
479.0 0.11426666666666667
479.5 0.11248000000000001
480.0 0.11618666666666666
480.5 0.11496666666666668
481.0 0.11529
481.5 0.11941
482.0 0.11843
482.5 0.11367333333333333
483.0 0.11969
483.5 0.11716
484.0 0.11502333333333335
484.5 0.11354000000000002
485.0 0.11901333333333333
485.5 0.11636
486.0 0.18668
486.5 0.11665333333333333
487.0 0.11694666666666666
487.5 0.10645666666666667
488.0 0.11650333333333335
488.5 0.11203666666666667
489.0 0.11867666666666668
489.5 0.10755666666666666
490.0 0.11144000000000001
490.5 0.11052666666666668
491.0 0.11152333333333334
491.5 0.11276333333333333
492.0 0.11828333333333335
492.5 0.11155000000000001
493.0 0.11393333333333334
493.5 0.11899333333333334
494.0 0.11164333333333334
494.5 0.11035333333333333
495.0 0.10339
495.5 0.11592999999999999
496.0 0.18480333333333332
496.5 0.11452
497.0 0.10453666666666667
497.5 0.10070000000000001
498.0 0.11910333333333334
498.5 0.11653
499.0 0.17767666666666668
499.5 0.18341000000000002
500.0 0.17830000000000001
500.5 0.10035000000000001
501.0 0.11326333333333334
501.5 0.11268666666666668
502.0 0.11265333333333334
502.5 0.12070666666666667
503.0 0.11149333333333333
503.5 0.11558333333333333
504.0 0.11848
504.5 0.11726
505.0 0.10944666666666668
505.5 0.11396666666666666
506.0 0.11537000000000001
506.5 0.11004333333333334
507.0 0.11415333333333333
507.5 0.10760000000000002
508.0 0.11095333333333335
508.5 0.11583333333333334
509.0 0.12078000000000001
509.5 0.11622666666666669
510.0 0.11601666666666668
510.5 0.11187666666666668
511.0 0.11240333333333334
511.5 0.11424333333333334
512.0 0.10676333333333335
512.5 0.11413666666666668
513.0 0.11373333333333333
513.5 0.10661666666666667
514.0 0.10976
514.5 0.10404333333333333
515.0 0.11172333333333333
515.5 0.11167000000000002
516.0 0.11675666666666668
516.5 0.12050000000000001
517.0 0.10341
517.5 0.11453666666666668
518.0 0.1151
518.5 0.11127666666666668
519.0 0.11437333333333334
519.5 0.11264666666666666
520.0 0.109
520.5 0.11233333333333334
521.0 0.11715666666666666
521.5 0.10151666666666667
522.0 0.10657
522.5 0.18969666666666668
523.0 0.1106
523.5 0.11842333333333335
524.0 0.11208666666666668
524.5 0.10913666666666667
525.0 0.11349333333333335
525.5 0.11208666666666668
526.0 0.11859
526.5 0.11939666666666666
527.0 0.11232333333333333
527.5 0.10428
528.0 0.10528000000000001
528.5 0.10531333333333333
529.0 0.10034
529.5 0.11228333333333333
530.0 0.11687000000000002
530.5 0.11381333333333334
531.0 0.11255666666666667
531.5 0.12171333333333333
532.0 0.11212666666666668
532.5 0.11294666666666667
533.0 0.11392666666666668
533.5 0.11242333333333333
534.0 0.11490333333333334
534.5 0.12039666666666667
535.0 0.10807666666666667
535.5 0.11528
536.0 0.11560333333333332
536.5 0.19848000000000002
537.0 0.10943666666666667
537.5 0.11413666666666668
538.0 0.11330333333333334
538.5 0.10809333333333333
539.0 0.11932666666666668
539.5 0.11531
540.0 0.11474333333333335
540.5 0.11420666666666668
541.0 0.11407333333333335
541.5 0.11503333333333333
542.0 0.11471666666666668
542.5 0.11784000000000001
543.0 0.10338333333333334
543.5 0.11218333333333333
544.0 0.11085
544.5 0.11530666666666667
545.0 0.11620000000000001
545.5 0.10851
546.0 0.11490666666666668
546.5 0.11571666666666668
547.0 0.11055333333333334
547.5 0.11006666666666667
548.0 0.11556333333333334
548.5 0.11422666666666667
549.0 0.10907333333333334
549.5 0.11708666666666666
550.0 0.11135333333333333
550.5 0.11592999999999999
551.0 0.10734
551.5 0.10619666666666666
552.0 0.11554333333333333
552.5 0.11489666666666667
553.0 0.11478333333333333
553.5 0.11756000000000001
554.0 0.10925666666666667
554.5 0.10023666666666667
555.0 0.10821666666666667
555.5 0.10434666666666667
556.0 0.11437000000000001
556.5 0.11913
557.0 0.11891666666666667
557.5 0.11748
558.0 0.11506333333333334
558.5 0.11778666666666666
559.0 0.10563000000000002
559.5 0.11391333333333335
560.0 0.11137333333333332
560.5 0.10762666666666666
561.0 0.11301333333333333
561.5 0.11179
562.0 0.11172
562.5 0.10956333333333335
563.0 0.10689333333333334
563.5 0.11345666666666666
564.0 0.10776666666666666
564.5 0.11697333333333333
565.0 0.10836666666666667
565.5 0.17753000000000002
566.0 0.11563
566.5 0.11179333333333333
567.0 0.11217666666666667
567.5 0.11135666666666667
568.0 0.11102666666666666
568.5 0.11407333333333335
569.0 0.11602333333333333
569.5 0.11025666666666668
570.0 0.11144333333333332
570.5 0.11522
571.0 0.11559333333333334
571.5 0.11063000000000002
572.0 0.10962
572.5 0.11389000000000002
573.0 0.38405303030291665
573.5 1.2227025296208334
574.0 0.17741184298083335
574.5 0.4457825802208334
575.0 0.45017955401250004
575.5 0.35324101549625003
576.0 0.5607858807875
576.5 0.43570364238333337
577.0 0.5696120271583334
577.5 0.40310852067708336
578.0 0.6178042328041666
578.5 0.5633564127916667
579.0 0.39136989732041666
579.5 0.5664018536916667
580.0 0.55864801865
580.5 0.39773746312666663
581.0 0.5462137862125
581.5 0.5365001665000001
582.0 0.5528439153458333
582.5 0.42989531680416665
583.0 0.5695639246791666
583.5 0.44925203252083334
584.0 0.5515034619208333
584.5 0.5779133597875
585.0 0.34078020932458336
585.5 0.5704294681208334
586.0 0.37516393442625
586.5 0.5670895770875
587.0 0.43572977481249997
587.5 0.5850449550458334
588.0 0.4203942029
588.5 0.5617848817833334
589.0 0.5678288378291667
589.5 0.5418187830708333
590.0 0.6114290429041668
590.5 0.5495102840333334
591.0 0.5786913086916666
591.5 0.45592010477916667
592.0 0.6056274509791667
592.5 0.3679969135804167
593.0 0.445249501
593.5 0.5619254863166666
594.0 0.5677722277708334
594.5 0.5818683862416667
595.0 0.4508724608708333
595.5 0.4246763285041667
596.0 0.33126333059875
596.5 0.16855144855125
597.0 0.13675825973166666
597.5 0.39568678160916665
598.0 0.4325691347
598.5 0.4702973240833333
599.0 0.4790888888875
599.5 0.5412385620916667
600.0 0.5877122877125001
600.5 0.6116957453333334
601.0 0.5597359735958334
601.5 0.5064488448833334
602.0 0.4202442244208333
602.5 0.3515412541254167
603.0 0.32700877193
603.5 0.3654346405229167
604.0 0.35758241758250003
604.5 0.39293359762125
605.0 0.40615454545458335
605.5 0.40495689655166667
606.0 0.38766666666666666
606.5 0.5078844270333334
607.0 0.4176022244041667
607.5 0.41510084033625
608.0 0.39387128712874997
608.5 0.20755445544541667
609.0 0.31365708622416666
609.5 0.3316217116216667
610.0 0.3822077922079167
610.5 0.326974459725
611.0 0.23597069597083337
611.5 0.30992340992333334
612.0 0.25121362433875
612.5 0.2880811078141667
613.0 0.36696226415083333
613.5 0.22407788162
614.0 0.22753551371000003
614.5 0.2639603960395833
615.0 0.32262071262083336
615.5 0.26776346217375
616.0 0.3055781683625
616.5 0.4400726792208334
617.0 0.19931506849333336
617.5 0.3386754241925
618.0 0.36139860139875
618.5 0.28330481893375
619.0 0.4894098252541667
619.5 0.33914379084958335
620.0 0.3938
620.5 0.36266022827041666
621.0 0.36731129476583335
621.5 0.33699346405208336
622.0 0.4614951714958334
622.5 0.35986693280125004
623.0 0.3790367428004167
623.5 0.40472860472875
624.0 0.42079816813750004
624.5 0.10827956989250001
625.0 0.31508491508500003
625.5 0.35909150974541665
626.0 0.2597656765675
626.5 0.30946892655375
627.0 0.34843489843500003
627.5 0.25643181818166666
628.0 0.24099125364416668
628.5 0.46566336633750005
629.0 0.36146349206333334
629.5 0.33149586776875
630.0 0.48073593073750004
630.5 0.3896870386775
631.0 0.5159973359958334
631.5 0.40240345999375005
632.0 0.42720054200416663
632.5 0.4232301032291667
633.0 0.43333005572083333
633.5 0.40494011976041666
634.0 0.48843822843749995
634.5 0.4766237198541667
635.0 0.44062604062500005
635.5 0.4999067599083334
636.0 0.4294323432333333
636.5 0.2951146037983334
637.0 0.42775498575416665
637.5 0.46565443425
638.0 0.4135331335333333
638.5 0.31813016187625
639.0 0.29153825136625006
639.5 0.354981830195
640.0 0.34439227439208336
640.5 0.3193531353133333
641.0 0.29843657817125
641.5 0.3560578842316667
642.0 0.38896856581541667
642.5 0.32898019802
643.0 0.33331683168333337
643.5 0.3011687087654167
644.0 0.34505700325750005
644.5 0.41537462537458336
645.0 0.2756718228691667
645.5 0.3694405594404167
646.0 0.2983616383616667
646.5 0.3329897588370833
647.0 0.37744940476208333
647.5 0.39673992674
648.0 0.397839444995
648.5 0.4456303630375
649.0 0.3075313531354167
649.5 0.32310365669375
650.0 0.4133962889329167
650.5 0.39132867132875
651.0 0.391355987055
651.5 0.5068055555541666
652.0 0.3457109557108334
652.5 0.36454924607
653.0 0.4311867998791667
653.5 0.42799009900833335
654.0 0.191549002085
654.5 0.27283828382833336
655.0 0.24599400599416668
655.5 0.12286752560291668
656.0 0.21369636963708333
656.5 0.18151456310666667
657.0 0.17406600660083335
657.5 0.16073457394708332
658.0 0.10846382557000002
658.5 0.1928325180525
659.0 0.2519273927391667
659.5 0.22244663382583335
660.0 0.1931052048725
660.5 0.169809264305
661.0 0.30560130718958334
661.5 0.33540395480208335
662.0 0.40090606060625
662.5 0.40581103402708335
663.0 0.5994172494166666
663.5 0.4585544554458334
664.0 0.47743970928333335
664.5 0.4306460206458334
665.0 0.28034454470875003
665.5 0.3180852480854167
666.0 0.36206396307291666
666.5 0.5356438265458334
667.0 0.37619848335000006
667.5 0.5328937728958334
668.0 0.4633498513375
668.5 0.4436993076166667
669.0 0.3107121581370833
669.5 0.4430057803458334
670.0 0.41191369047625004
670.5 0.4546600660083333
671.0 0.31998001998000003
671.5 0.3657446163179167
672.0 0.3622871287129167
672.5 0.2077689768975
673.0 0.2532368596141667
673.5 0.20729535036
674.0 0.18333993399333334
674.5 0.2110802775025
675.0 0.17693306693291666
675.5 0.32620132013208336
676.0 0.27795362318833333
676.5 0.24052706552708336
677.0 0.15037827352083336
677.5 0.10739941118750002
678.0 0.16095238095250003
678.5 0.367657480315
679.0 0.31518408941500003
679.5 0.2225444552216667
680.0 0.17685185185166666
680.5 0.14548190842125
681.0 0.14227327327333336
681.5 0.14752941176458334
682.0 0.18402857142875
682.5 0.15604201680666668
683.0 0.2729038652129167
683.5 0.4325470763125
684.0 0.30078586035625
684.5 0.4022023809525
685.0 0.31865283267458333
685.5 0.26430000000000003
686.0 0.34868171409875
686.5 0.40929702970291665
687.0 0.3336066066066667
687.5 0.3744543650791667
688.0 0.25952627045666665
688.5 0.38476755687458336
689.0 0.437251984125
689.5 0.49802863802916675
690.0 0.42939153439166666
690.5 0.44592149035416667
691.0 0.34985592665375004
691.5 0.16659021406708335
692.0 0.25340196078416666
692.5 0.25051815181500003
693.0 0.1743529411766667
693.5 0.17759075907583333
694.0 0.1496825396825
694.5 0.10237605238541668
695.0 0.16948571428583337
695.5 0.194
696.0 0.10684190691541667
696.5 0.16981409759875
697.0 0.16903448275875002
697.5 0.2182574257425
698.0 0.19345424836583336
698.5 0.21792854801708336
699.0 0.10943982763916667
699.5 0.13605389797875
700.0 0.19980685980666668
700.5 0.12070588235291667
701.0 0.18791212121208334
701.5 0.19375700934583334
702.0 0.17785754985750002
702.5 0.19612418300666667
703.0 0.21694771241833333
703.5 0.1697540453075
704.0 0.23636963696375002
704.5 0.21708849557541668
705.0 0.3263529411766667
705.5 0.12037460317458333
706.0 0.10394449950458334
706.5 0.15307468477208336
707.0 0.19334616618541667
707.5 0.14291870715
708.0 0.13487128712875002
708.5 0.16171639396875
709.0 0.13479537953791668
709.5 0.14800457965333333
710.0 0.15158432147583334
710.5 0.10325066137583333
711.0 0.14635313531333333
711.5 0.12198269079458333
712.0 0.1926719056975
712.5 0.12629080118708333
713.0 0.12851311953333333
713.5 0.1940915032679167
714.0 0.12964705882333336
714.5 0.13544554455458335
715.0 0.19105940594041668
715.5 0.18520011195083336
716.0 0.11298315163541668
716.5 0.18525056579375002
717.0 0.19388235294125
717.5 0.1676181649675
718.0 0.10624342105250001
718.5 0.12641584158416666
719.0 0.14733333333333334
719.5 0.19607619047625002
720.0 0.19883743842375
720.5 0.12336231884041668
721.0 0.10282352941166667
721.5 0.15482524271833334
722.0 0.20768316831666667
722.5 0.19598349835
723.0 0.16982352941166667
723.5 0.21538412698416665
724.0 0.26460206460208335
724.5 0.33313706247958336
725.0 0.26836633663375004
725.5 0.38938745168
726.0 0.40369012223333334
726.5 0.35199685534583336
727.0 0.3949705882354167
727.5 0.18577570093458334
728.0 0.23031353135333332
728.5 0.2143594771241667
729.0 0.2841584158416667
729.5 0.17536928104583333
730.0 0.22657469077083336
730.5 0.16109911678125002
731.0 0.17511111111125
731.5 0.22574257425750002
732.0 0.20921568627458334
732.5 0.14507260726083335
733.0 0.11725714285708333
733.5 0.11510679611666667
734.0 0.17600881334583335
734.5 0.28801980198000005
735.0 0.18485798237041667
735.5 0.18578217821791668
736.0 0.19981512605041668
736.5 0.104223918575
737.0 0.12827619980416669
737.5 0.22209117938541667
738.0 0.16667301587291666
738.5 0.23076658736458336
739.0 0.22205873966333334
739.5 0.18973737373750002
740.0 0.44469636963750003
740.5 0.34789108910875
741.0 0.40227160493833336
741.5 0.40892815076541666
742.0 0.24778206364500002
742.5 0.21335620915041667
743.0 0.16380582524291668
743.5 0.12198818897625001
744.0 0.13158208955208334
744.5 0.15299966964
745.0 0.1767524752475
745.5 0.17461818181833333
746.0 0.16452830188666667
746.5 0.17671028037375003
747.0 0.15330065359458334
747.5 0.11176470588250001
748.0 0.18323856209166667
748.5 0.11057225994166668
749.0 0.18505070330375
749.5 0.11287128712875001
750.0 0.1763069306929167
750.5 0.12265129683000002
751.0 0.17727360308291668
751.5 0.19297087378625
752.0 0.19932673267333334
752.5 0.18254248366
753.0 0.12070588235291667
753.5 0.18201557632416668
754.0 0.11510679611666667
754.5 0.19189967637541666
755.0 0.10835643564375
755.5 0.18430065359458334
756.0 0.12964705882333336
756.5 0.10607371794875
757.0 0.19844946025500002
757.5 0.18760806916416667
758.0 0.10084615384625001
758.5 0.1964615384616667
759.0 0.15682695453041667
759.5 0.19545195052333336
760.0 0.19288888888875
760.5 0.5311666666666667
761.0 0.5420079920083334
761.5 0.5559101420541667
762.0 0.5415791212416667
762.5 0.4295545722708334
763.0 0.5839682539666667
763.5 0.3792075238975
764.0 0.27937953795375
764.5 0.43064026402500005
765.0 0.35508824508833337
765.5 0.43482854495
766.0 0.5079079365083333
766.5 0.5847272122416667
767.0 0.5727832351
767.5 0.4314833333333334
768.0 0.5026173826166668
768.5 0.6251998678541667
769.0 0.4256943056958334
769.5 0.5392864222
770.0 0.24251602564083333
770.5 0.3890497076025
771.0 0.4367568379916667
771.5 0.4206803302041667
772.0 0.5086534653458334
772.5 0.3836934258341667
773.0 0.3820171108916667
773.5 0.4290078585458334
774.0 0.4485381285375
774.5 0.31506404527833337
775.0 0.35970226537208333
775.5 0.3701041666666667
776.0 0.36918461096750005
776.5 0.6729437229416667
777.0 0.4851984127
777.5 0.4215049504958333
778.0 0.3783753046304167
778.5 0.5408905852416667
779.0 0.49539127539166666
779.5 0.5357227722791668
780.0 0.5277436405666668
780.5 0.42867327277916667
781.0 0.47768564768750005
781.5 0.413360166965
782.0 0.4504159021416667
782.5 0.4680294117666667
783.0 0.43199544548749996
783.5 0.41303393213583334
784.0 0.41486468646875
784.5 0.42219887955
785.0 0.437675657675
785.5 0.4231272489375
786.0 0.4743356643375
786.5 0.5730528052791667
787.0 0.4277141298416667
787.5 0.5602281746041667
788.0 0.4213162393166667
788.5 0.30512295081958335
789.0 0.387408844065
789.5 0.43868847043333337
790.0 0.5306296296291667
790.5 0.4832991453
791.0 0.5555954757166667
791.5 0.5423893805291667
792.0 0.39869904596708333
792.5 0.491375661375
793.0 0.31274305555541665
793.5 0.48666666666666664
794.0 0.4623848484833334
794.5 0.4646006600666667
795.0 0.37020489296625003
795.5 0.5391862745083333
796.0 0.42956535947916674
796.5 0.45742923742916664
797.0 0.3497519247220834
797.5 0.49847975077916673
798.0 0.5256372549
798.5 0.4699887005666667
799.0 0.45414005602083335
799.5 0.3640100250625
800.0 0.46363036303750005
800.5 0.22002267573708334
801.0 0.33567099567083336
801.5 0.26709125999458333
802.0 0.21976363636375
802.5 0.30772063492083335
803.0 0.26260073260083333
803.5 0.2761504564054167
804.0 0.28533027522916665
804.5 0.34764356435625
805.0 0.19421576999708334
805.5 0.25727782450250003
806.0 0.41157642414
806.5 0.41894667975000005
807.0 0.28959365708625
807.5 0.3100528052804167
808.0 0.3176818622695834
808.5 0.19972580112333335
809.0 0.21129773184041667
809.5 0.25179867986791665
810.0 0.17542361792625
810.5 0.10182524271833333
811.0 0.19514851485166668
811.5 0.17600000000000002
812.0 0.13963725490208334
812.5 0.21318627451
813.0 0.45386486486666666
813.5 0.218
814.0 0.3534019607841667
814.5 0.28959486166
815.0 0.39732809430250005
815.5 0.34621121548541667
816.0 0.35079489695791666
816.5 0.2534174174175
817.0 0.22086217948708337
817.5 0.3082508250825
818.0 0.3741699346404167
818.5 0.44893729372916663
819.0 0.3828871128870833
819.5 0.38538461538458335
820.0 0.47912698412500004
820.5 0.16909900990083335
821.0 0.2959209419679167
821.5 0.43446105919166667
822.0 0.477623762375
822.5 0.4011608187133333
823.0 0.47353795379583336
823.5 0.5244975124375
824.0 0.3294195688225
824.5 0.5128646864666667
825.0 0.39409807355500004
825.5 0.21776312386875002
826.0 0.434013875125
826.5 0.44252066115833333
827.0 0.5901287128708333
827.5 0.4355148514833334
828.0 0.48043290043333337
828.5 0.3582605820104167
829.0 0.36539127539125
829.5 0.5007026307041667
830.0 0.49413538659166667
830.5 0.4884348984333334
831.0 0.1608211409775
831.5 0.20975448536375
832.0 0.16320792079208335
832.5 0.120890625
833.0 0.17600000000000002
833.5 0.19917647058833335
834.0 0.15417821782166669
834.5 0.19209790209791666
835.0 0.4809873015875
835.5 0.24752287581708332
836.0 0.20456909144041668
836.5 0.690395647875
837.0 0.4655314412916667
837.5 0.680925740925
838.0 0.6471721176083334
838.5 0.5166899766916667
839.0 0.5597918731416667
839.5 0.40581103402708335
840.0 0.42480682839166667
840.5 0.48888888888750004
841.0 0.43727825808333337
841.5 0.3889273927391667
842.0 0.44867584097916663
842.5 0.42507476635416674
843.0 0.4792236537833333
843.5 0.43466540999166664
844.0 0.4810156510166667
844.5 0.5772018500166667
845.0 0.5031612021875
845.5 0.5248067393458333
846.0 0.5481918081916667
846.5 0.5674151601666667
847.0 0.5976719576708334
847.5 0.30672988505750004
848.0 0.4904166666666667
848.5 0.6587312687333334
849.0 0.5713558201041667
849.5 0.18515692104375
850.0 0.43794717197916666
850.5 0.46681494154583336
851.0 0.5152772585666667
851.5 0.48024309024166667
852.0 0.4241202090583333
852.5 0.4338277777791667
853.0 0.42205555555416663
853.5 0.453726495725
854.0 0.45424722222083336
854.5 0.44461978740833336
855.0 0.5170241641833333
855.5 0.43958707958750004
856.0 0.45777998017916666
856.5 0.3894125412541667
857.0 0.7100065941291667
857.5 0.5169421487583333
858.0 0.5207059607041667
858.5 0.45069966996666666
859.0 0.44817641228750005
859.5 0.37352011494250004
860.0 0.5251182151166667
860.5 0.4753013653
861.0 0.5498649951791666
861.5 0.6390309690291667
862.0 0.5047247706416668
862.5 0.38783180428125
863.0 0.5955383780833333
863.5 0.6479453879458335
864.0 0.4978989098125
864.5 0.44505446622916667
865.0 0.4013797704829167
865.5 0.60339940535
866.0 0.35906729264458337
866.5 0.4584857423791667
867.0 0.44087215064583335
867.5 0.3474931129475
868.0 0.3629455128204167
868.5 0.39877667568375
869.0 0.45416171617083334
869.5 0.499024309025
870.0 0.48099438387916665
870.5 0.5163069306916667
871.0 0.4419388379208333
871.5 0.3337561942516667
872.0 0.48383616383750006
872.5 0.4190815989416667
873.0 0.44482847896250005
873.5 0.44552145214583333
874.0 0.43387945387916665
874.5 0.33216054209
875.0 0.34921369102666666
875.5 0.4013531047266667
876.0 0.422663690475
876.5 0.33365942029
877.0 0.24267421602791667
877.5 0.24988344988333333
878.0 0.15526146936166668
878.5 0.14035042735041667
879.0 0.12396116504875
879.5 0.16092556634291666
880.0 0.15604469273750002
880.5 0.19290291262125
881.0 0.19562046204625
881.5 0.2918019801979167
882.0 0.3296831683166667
882.5 0.18762464986000002
883.0 0.20811551155125002
883.5 0.2844356435641667
884.0 0.24888444888458336
884.5 0.3162570762570834
885.0 0.32843470483000003
885.5 0.3308932038833334
886.0 0.2840429042904167
886.5 0.21420132013208332
887.0 0.16733333333333333
887.5 0.15350495049500001
888.0 0.11370550161791666
888.5 0.1403076923075
889.0 0.19007040097958333
889.5 0.10232195121958333
890.0 0.196
890.5 0.16717542120916667
891.0 0.18932419196875
891.5 0.19835294117666669
892.0 0.17755128205125
892.5 0.11287128712875001
893.0 0.12190099009916668
893.5 0.18549514563125002
894.0 0.18211111111125
894.5 0.18151456310666667
895.0 0.2004125412541667
895.5 0.17101633986916667
896.0 0.22159563924666667
896.5 0.21944554455458334
897.0 0.18625783053083333
897.5 0.12339423076916668
898.0 0.1816909620991667
898.5 0.14909330695666667
899.0 0.13673083092708335
899.5 0.27089108910875004
900.0 0.2481181275525
900.5 0.32687458745875
901.0 0.35342492639833334
901.5 0.25370957095708335
902.0 0.18922875817
902.5 0.20660396039583334
903.0 0.2873533745945833
903.5 0.22822374877333335
904.0 0.20877777777791665
904.5 0.3327206127204167
905.0 0.26895322211333333
905.5 0.13545424836583334
906.0 0.11287128712875001
906.5 0.16377622377625
907.0 0.1812673267325
907.5 0.19262890955208334
908.0 0.1981844380404167
908.5 0.16028328611916667
909.0 0.18251428571416667
909.5 0.16378964401291668
910.0 0.10228037383166666
910.5 0.19388235294125
911.0 0.18646706586833334
911.5 0.17575786769416668
912.0 0.10797066666666667
912.5 0.1416699029125
913.0 0.12277669902916669
913.5 0.11966374269
914.0 0.10857142857125002
914.5 0.101263864565
915.0 0.16541176470583335
915.5 0.18490291262125003
916.0 0.19649107901458335
916.5 0.16688524590166667
917.0 0.157917019475
917.5 0.1729943502825
918.0 0.16333333333333333
918.5 0.19388888888875
919.0 0.16833166833166668
919.5 0.16705882352958334
920.0 0.24530218068541665
920.5 0.53314851485
921.0 0.5820344827583334
921.5 0.4718431372541667
922.0 0.48567310383333334
922.5 0.7656376956375001
923.0 0.7465196494208334
923.5 0.5251848217208334
924.0 0.30039643211083333
924.5 0.4354620462041667
925.0 0.23615384615375
925.5 0.2819805825241667
926.0 0.4517670286291667
926.5 0.3197933070866667
927.0 0.21511538461541668
927.5 0.27567888999
928.0 0.20075483666333335
928.5 0.4422838283833333
929.0 0.5027227722791667
929.5 0.4025174825175
930.0 0.46785320568750005
930.5 0.4608349835
931.0 0.4141307189541667
931.5 0.4054318677891667
932.0 0.38986346986333337
932.5 0.33191278493541665
933.0 0.37273691186208335
933.5 0.24692563081
934.0 0.44221021020833334
934.5 0.5380580283541667
935.0 0.6423145400583334
935.5 0.3919029615625
936.0 0.5127372627375
936.5 0.37231158772708334
937.0 0.5186554344250001
937.5 0.22986349206333334
938.0 0.3789261947975
938.5 0.3961080752883333
939.0 0.39665498101083335
939.5 0.39790615676708335
940.0 0.7019970631416667
940.5 0.8344864148458333
941.0 0.5833533133541667
941.5 0.7726047358833333
942.0 0.7465397631125
942.5 0.7526303630375001
943.0 0.40010907924291667
943.5 0.5340064102583334
944.0 0.5539705882333333
944.5 0.30632648401833334
945.0 0.6218414918416667
945.5 0.7293306693291667
946.0 0.5764450516083334
946.5 0.7599533799541668
947.0 0.4527767175583333
947.5 0.44342647473749996
948.0 0.5217435394166667
948.5 0.5175624375625
949.0 0.6897765534125
949.5 0.7615571136416667
950.0 0.7375163957791667
950.5 0.8053213453208334
951.0 0.6593095474083334
951.5 0.5667465069875
952.0 0.71302579365
952.5 0.7013790849666667
953.0 1.0319108910875001
953.5 0.5884268950208333
954.0 0.7672488356625
954.5 0.8058714380375
955.0 0.7046807909625
955.5 0.8092873792875
956.0 0.7586529680375
956.5 0.8382650682666667
957.0 0.6688859649125
957.5 0.4835453840166667
958.0 0.66024975025
958.5 0.8803400063541666
959.0 0.7792915531333333
959.5 0.6888837353125
960.0 0.5078952473333334
960.5 0.5003363303375
961.0 0.5519482645708333
961.5 0.5512287712291667
962.0 0.5030292294083334
962.5 0.4424809043708333
963.0 0.4654757152375
963.5 0.4850283050291667
964.0 0.4434148397958334
964.5 0.5220845820833334
965.0 0.47065086887916663
965.5 0.6443492695875
966.0 0.6950858085791667
966.5 0.4416174134083333
967.0 0.648075258075
967.5 0.44943930473750004
968.0 0.3638777777779167
968.5 0.3789288928891667
969.0 0.42295011562500007
969.5 0.4797868797875
970.0 0.5254608523291667
970.5 0.4924719471958333
971.0 0.4508185153833334
971.5 0.49353485299166666
972.0 0.5722410922416667
972.5 0.4723786276125
973.0 0.5675961247333333
973.5 0.6750030581041667
974.0 0.6629339934
974.5 0.7630629739541667
975.0 0.7997727926375
975.5 0.7073960396041666
976.0 0.6436161011291668
976.5 0.6541840450166667
977.0 0.3633794922520833
977.5 0.38392541707541666
978.0 0.553623762375
978.5 0.20646864686458333
979.0 0.18047058823541667
979.5 0.13448140900208333
980.0 0.17549668874166668
980.5 0.25563924677916666
981.0 0.17109240924083333
981.5 0.14820462046208333
982.0 0.1743529411766667
982.5 0.16587458745875
983.0 0.19031391585750002
983.5 0.18862046204625002
984.0 0.45562706270833336
984.5 0.17290880503125
985.0 0.33423432343250004
985.5 0.4554740667333334
986.0 0.34391868723958335
986.5 0.39586468646875006
987.0 0.49368298368333335
987.5 0.3856907701354167
988.0 0.5155621890541666
988.5 0.30343758805291665
989.0 0.43410460112500004
989.5 0.41235973597375003
990.0 0.38331023102291667
990.5 0.3070234555666667
991.0 0.33807051909875
991.5 0.4032409240925
992.0 0.2501530456075
992.5 0.32162215628083335
993.0 0.33142381902875
993.5 0.2791468253966667
994.0 0.2547359735975
994.5 0.2937058823529167
995.0 0.22737293729375002
995.5 0.2915470085470833
996.0 0.2745854145854167
996.5 0.22588158325166668
997.0 0.20056209150333332
997.5 0.20137389597625
998.0 0.20964686468666668
998.5 0.22089266450916667
999.0 0.36027900146833336
999.5 0.3590518665345834
1000.0 0.45160173160000006
1000.5 0.457998668
1001.0 0.47867758568333335
1001.5 0.34123724909500003
1002.0 0.15350495049500001
1002.5 0.20494736842125
1003.0 0.19394356955375
1003.5 0.2495562130179167
1004.0 0.3089454424483334
1004.5 0.1620757138275
1005.0 0.15396774193541668
1005.5 0.17748502994
1006.0 0.17678877887791666
1006.5 0.13389429312583334
1007.0 0.1260441370225
1007.5 0.16125736738708332
1008.0 0.18638613861375
1008.5 0.2773240660295833
1009.0 0.3869676153091667
1009.5 0.355485148515
1010.0 0.48429903430000004
1010.5 0.4641871115458333
1011.0 0.40224442224458334
1011.5 0.4337374717083334
1012.0 0.49837301587500005
1012.5 0.4091841491841667
1013.0 0.29708292038333334
1013.5 0.5521545121541667
1014.0 0.41516150516166667
1014.5 0.3502116402116667
1015.0 0.41507590759083335
1015.5 0.40222111222125
1016.0 0.5793273393291667
1016.5 0.4979927248666667
1017.0 0.4723150816541667
1017.5 0.6503296703291667
1018.0 0.32538486005083334
1018.5 0.5162852852833334
1019.0 0.5495610561041667
1019.5 0.4745169798875001
1020.0 0.566539624925
1020.5 0.5685942295875
1021.0 0.6295437895458333
1021.5 0.57752314815
1022.0 0.38242424242416667
1022.5 0.4040980392158333
1023.0 0.43740924092500005
1023.5 0.5358193208041666
1024.0 0.4617553351375
1024.5 0.3755555555554167
1025.0 0.40451960784333335
1025.5 0.27554487179500003
1026.0 0.34742574257416664
1026.5 0.37234653465333334
1027.0 0.3880919080920833
1027.5 0.30323615160333334
1028.0 0.29766006600666667
1028.5 0.24584407003625003
1029.0 0.23511374876375002
1029.5 0.33121122112208334
1030.0 0.3411683168316667
1030.5 0.3327392739275
1031.0 0.24107207207208337
1031.5 0.2157790735341667
1032.0 0.1912
1032.5 0.22470957095708335
1033.0 0.41532013201333334
1033.5 0.33003330003333337
1034.0 0.3802510327295833
1034.5 0.49091575091666667
1035.0 0.3991005291004167
1035.5 0.41982017982083336
1036.0 0.41466200466208336
1036.5 0.21635634859083333
1037.0 0.29832531280083335
1037.5 0.2505
1038.0 0.41335620915041665
1038.5 0.33417647058833333
1039.0 0.20247712418291666
1039.5 0.21770192307708336
1040.0 0.35532467532458334
1040.5 0.30782539682541665
1041.0 0.393339940535
1041.5 0.16567656765666666
1042.0 0.10933066933083334
1042.5 0.2643772712258333
1043.0 0.42947576656666664
1043.5 0.4196936396916667
1044.0 0.4633300264541667
1044.5 0.443376623375
1045.0 0.4271803956291667
1045.5 0.39718787878791667
1046.0 0.4661244979916667
1046.5 0.5486276455041666
1047.0 0.2698052805279167
1047.5 0.23744224422458332
1048.0 0.340938271605
1048.5 0.38938283828375003
1049.0 0.34328675981375
1049.5 0.21272684198041666
1050.0 0.31153795379541666
1050.5 0.29896833170083337
1051.0 0.26877122877125004
1051.5 0.4381751581750001
1052.0 0.4054146956795834
1052.5 0.4420378857333334
1053.0 0.4335536119208333
1053.5 0.37834653465333334
1054.0 0.30350148367958335
1054.5 0.36209682695458334
1055.0 0.2956052631579167
1055.5 0.27120546120541666
1056.0 0.2610160256408333
1056.5 0.28923686818625
1057.0 0.23102970297041667
1057.5 0.21962455109375
1058.0 0.2296002642879167
1058.5 0.24445544554458337
1059.0 0.3048725490195833
1059.5 0.23871159563916666
1060.0 0.22731948565791665
1060.5 0.19792203501833333
1061.0 0.20204129204125001
1061.5 0.22408176722708337
1062.0 0.22741249591083337
1062.5 0.21826143790833336
1063.0 0.22346878097125
1063.5 0.2137773777379167
1064.0 0.3182783882783333
1064.5 0.32404691113333334
1065.0 0.25711881188125
1065.5 0.322160555005
1066.0 0.30756346851291666
1066.5 0.3433066933066667
1067.0 0.3932043650791667
1067.5 0.30953712953708334
1068.0 0.3408415841583334
1068.5 0.32548804780875
1069.0 0.27998341625208334
1069.5 0.388406504065
1070.0 0.24132228719958335
1070.5 0.2492485722875
1071.0 0.28821468926541666
1071.5 0.3207945928125
1072.0 0.35045706823375
1072.5 0.5126818783083333
1073.0 0.4507359307375
1073.5 0.47066043613749997
1074.0 0.5971023102291667
1074.5 0.5233531241166667
1075.0 0.5151548451541667
1075.5 0.5933036303625
1076.0 0.649973359975
1076.5 0.5723941798958334
1077.0 0.5279087579083334
1077.5 0.40335973597375
1078.0 0.3566274179983333
1078.5 0.4196963696375
1079.0 0.4245987346
1079.5 0.4478130161875
1080.0 0.36926797385625004
1080.5 0.31798201798208336
1081.0 0.33196564255041666
1081.5 0.436338935575
1082.0 0.4039875389408334
1082.5 0.36919393939375
1083.0 0.23984818481833334
1083.5 0.37979907773375005
1084.0 0.32919973544958336
1084.5 0.43223110222916666
1085.0 0.39651139742333336
1085.5 0.4205808580875
1086.0 0.41355753379500004
1086.5 0.37098089535208334
1087.0 0.23345631067958336
1087.5 0.2958275058275
1088.0 0.3210422049958333
1088.5 0.38235119047625
1089.0 0.31118151815166667
1089.5 0.2999911504425
1090.0 0.30017973856208335
1090.5 0.25298349835000006
1091.0 0.44610784313750007
1091.5 0.42496369637083337
1092.0 0.5133633033625
1092.5 0.42560361888750003
1093.0 0.4761556214958334
1093.5 0.3502487984166667
1094.0 0.3855777555779167
1094.5 0.44564585397916673
1095.0 0.5098877887791667
1095.5 0.5985014985
1096.0 0.48155595996250006
1096.5 0.4488898305083333
1097.0 0.4605679012333333
1097.5 0.46755045871666673
1098.0 0.5004195804208333
1098.5 0.42702675916666666
1099.0 0.4221452145208333
1099.5 0.3436567656766667
1100.0 0.331501650165
1100.5 0.35530065359458335
1101.0 0.3663465346533334
1101.5 0.4328737864083334
1102.0 0.5277953795375
1102.5 0.4405973943458334
1103.0 0.47257032007916666
1103.5 0.49195379537916667
1104.0 0.5460429042916667
1104.5 0.49685148515
1105.0 0.5397745098041666
1105.5 0.49858807858750004
1106.0 0.44130147280000004
1106.5 0.5872760572750001
1107.0 0.4247482236625
1107.5 0.5627572427583334
1108.0 0.4452014652
1108.5 0.4918682310458333
1109.0 0.6066033966041666
1109.5 0.31367360422875
1110.0 0.4306640237875
1110.5 0.43795709570833335
1111.0 0.524825174825
1111.5 0.442640264025
1112.0 0.42214119214166673
1112.5 0.44579365079166666
1113.0 0.4379208250166666
1113.5 0.4472156084666667
1114.0 0.36796279627958334
1114.5 0.5172727272708333
1115.0 0.39576719576708336
1115.5 0.45159075907500007
1116.0 0.42296037295833333
1116.5 0.35893424036291666
1117.0 0.4194727272708334
1117.5 0.46380373831666666
1118.0 0.3313516819570833
1118.5 0.4953006535958333
1119.0 0.3505768115941667
1119.5 0.43902640264166665
1120.0 0.40144224422458336
1120.5 0.4325074925083333
1121.0 0.3890622182145833
1121.5 0.41354885057458335
1122.0 0.48847490888750006
1122.5 0.492489096575
1123.0 0.4473787878791667
1123.5 0.5089471947208334
1124.0 0.47916171617083336
1124.5 0.37360726072625
1125.0 0.38898101898083337
1125.5 0.4400948642458334
1126.0 0.41889265536666664
1126.5 0.44239094239166665
1127.0 0.321697742885
1127.5 0.40055115511541667
1128.0 0.5108791208791668
1128.5 0.4147595682041667
1129.0 0.4327831715208333
1129.5 0.4824174757291667
1130.0 0.6674817760125
1130.5 0.5180179282875
1131.0 0.3872970297029167
1131.5 0.43253869047500004
1132.0 0.44685256410416674
1132.5 0.4900424242416667
1133.0 0.4305176393
1133.5 0.17501742160291667
1134.0 0.22999030067875
1134.5 0.1922091503266667
1135.0 0.2708875931325
1135.5 0.27964391691375
1136.0 0.10999676060916667
1136.5 0.11957098765416667
1137.0 0.135595800525
1137.5 0.19966336633666668
1138.0 0.13505366161625001
1138.5 0.13359375
1139.0 0.16859496124041667
1139.5 0.11761904761916668
1140.0 0.19175050301791668
1140.5 0.50861
1141.0 0.5945733333333334
1141.5 0.5381633333333334
1142.0 0.5651033333333333
1142.5 0.5705566666666667
1143.0 0.5692633333333333
1143.5 0.5009066666666666
1144.0 0.5840266666666667
1144.5 0.58969
1145.0 0.5389266666666667
1145.5 0.5611433333333333
1146.0 0.5503733333333334
1146.5 0.5297833333333334
1147.0 0.5588433333333334
1147.5 0.5579266666666667
1148.0 0.5536966666666667
1148.5 0.55933
1149.0 0.5550366666666666
1149.5 0.5119933333333334
1150.0 0.5337933333333333
1150.5 0.5767466666666667
1151.0 0.5241933333333334
1151.5 0.5247633333333334
1152.0 1.73262
1152.5 1.7603733333333336
1153.0 1.6918233333333332
1153.5 1.71673
1154.0 1.8097666666666667
1154.5 1.8426666666666667
1155.0 1.9372800000000001
1155.5 0.8406766666666667
1156.0 1.6427066666666665
1156.5 1.7978333333333334
1157.0 1.73771
1157.5 0.8655400000000001
1158.0 1.65933
1158.5 1.7229366666666668
1159.0 0.44421666666666665
1159.5 0.6053533333333333
1160.0 1.5755233333333334
1160.5 1.7748866666666667
1161.0 1.7992300000000003
1161.5 1.7542333333333335
1162.0 1.8231400000000002
1162.5 1.7436099999999999
1163.0 1.7504133333333336
1163.5 1.8175066666666666
1164.0 1.7222333333333333
1164.5 0.5767500000000001
1165.0 0.4200400000000001
1165.5 1.7481966666666668
1166.0 1.8080933333333336
1166.5 1.8401
1167.0 1.7205400000000002
1167.5 1.71651
1168.0 1.7114133333333335
1168.5 1.6044533333333333
1169.0 1.7036266666666666
1169.5 1.5787166666666668
1170.0 1.7775333333333332
1170.5 0.22241999999999998
1171.0 1.89392
1171.5 1.7327400000000002
1172.0 1.8130600000000001
1172.5 1.8408233333333335
1173.0 0.44949666666666666
1173.5 0.4475133333333334
1174.0 0.4657833333333333
1174.5 0.45420666666666665
1175.0 0.44913333333333333
1175.5 0.46262
1176.0 0.46038666666666667
1176.5 0.13105000000000003
1177.0 0.4515366666666667
1177.5 0.4621133333333334
1178.0 0.46503333333333335
1178.5 0.46732999999999997
1179.0 0.43587333333333333
1179.5 0.46157666666666675
1180.0 0.4660133333333334
1180.5 0.4321266666666667
1181.0 0.4710433333333333
1181.5 0.45291333333333333
1182.0 0.4484066666666667
1182.5 0.44416000000000005
1183.0 0.46686
1183.5 0.4671433333333333
1184.0 0.45238
1184.5 0.43466
1185.0 0.45643
1185.5 0.4396733333333333
1186.0 0.46257000000000004
1186.5 0.42790999999999996
1187.0 0.45177666666666666
1187.5 0.4606533333333334
1188.0 0.45406666666666673
1188.5 0.4570166666666667
1189.0 0.45681333333333335
1189.5 0.43080666666666667
1190.0 0.46465666666666666
1190.5 0.4530133333333333
1191.0 0.45974
1191.5 0.44227
1192.0 0.43870000000000003
1192.5 0.4601466666666667
1193.0 0.4417533333333334
1193.5 0.19369666666666668
1194.0 0.38426333333333335
1194.5 0.46447666666666665
1195.0 0.47240000000000004
1195.5 0.41458666666666666
1196.0 0.4395866666666667
1196.5 0.46712000000000004
1197.0 0.42104
1197.5 0.4553666666666667
1198.0 0.45115
1198.5 0.46940333333333334
1199.0 0.4492733333333334
1199.5 0.32744
1200.0 0.18663666666666667
1200.5 0.12418666666666667
1201.0 0.25516000000000005
1201.5 0.46069333333333334
1202.0 0.4560866666666667
1202.5 0.43616
1203.0 0.45061333333333337
1203.5 0.4645533333333333
1204.0 0.4383066666666667
1204.5 0.4465233333333333
1205.0 0.4387433333333333
1205.5 0.45342000000000005
1206.0 0.11886333333333335
1206.5 0.45354
1207.0 0.4355766666666667
1207.5 0.46721333333333337
1208.0 0.46772
1208.5 0.4428566666666667
1209.0 0.4598433333333333
1209.5 0.45323666666666673
1210.0 0.4315833333333334
1210.5 0.43773
1211.0 0.2600766666666667
1211.5 0.4491833333333334
1212.0 0.26681000000000005
1212.5 0.4599766666666667
1213.0 0.4648933333333334
1213.5 0.43415000000000004
1214.0 0.4218166666666667
1214.5 0.4268466666666667
1215.0 0.4514666666666667
1215.5 0.4563133333333333
1216.0 1.7915033333333334
1216.5 1.0003900000000001
1217.0 1.2181899999999999
1217.5 1.0002266666666668
1218.0 1.2285866666666667
1218.5 1.7013300000000002
1219.0 1.8057966666666667
1219.5 1.84817
1220.0 1.8186833333333334
1220.5 1.7174466666666666
1221.0 0.41528333333333334
1221.5 1.8097766666666668
1222.0 1.77178
1222.5 1.7403600000000001
1223.0 1.70624
1223.5 0.9577466666666667
1224.0 1.6130900000000001
1224.5 1.6439966666666668
1225.0 1.8505433333333332
1225.5 1.8038500000000002
1226.0 1.6733466666666668
1226.5 0.45451
1227.0 1.4521433333333333
1227.5 1.9095
1228.0 0.4220966666666667
1228.5 1.8350966666666668
1229.0 0.9913133333333334
1229.5 1.0961
1230.0 1.2523166666666667
1230.5 1.7263300000000001
1231.0 1.0109866666666667
1231.5 0.94612
1232.0 1.7121233333333334
1232.5 1.8378833333333333
1233.0 1.8081800000000001
1233.5 1.6651766666666667
1234.0 0.6299866666666667
1234.5 1.8088966666666666
1235.0 1.77809
1235.5 1.0186333333333333
1236.0 0.24133333333333337
1236.5 1.8208866666666668
1237.0 1.71262
1237.5 1.70302
1238.0 1.57596
1238.5 1.8285933333333335
1239.0 1.65698
1239.5 1.7598266666666667
1240.0 1.7486033333333333
1240.5 1.7469500000000002
1241.0 1.7585300000000001
1241.5 1.7729300000000001
1242.0 0.43906333333333336
1242.5 1.8800100000000002
1243.0 0.4418733333333334
1243.5 1.7411533333333333
1244.0 1.7351733333333335
1244.5 1.69489
1245.0 0.9973566666666667
1245.5 1.6159866666666667
1246.0 1.7212733333333334
1246.5 1.6829233333333335
1247.0 1.7747900000000003
1247.5 1.7011333333333334
1248.0 1.6895233333333335
1248.5 1.7132266666666667
1249.0 1.6945266666666667
1249.5 1.7136333333333336
1250.0 1.5586933333333335
1250.5 1.7220933333333333
1251.0 0.3242833333333333
1251.5 1.6004
1252.0 1.7931833333333334
1252.5 1.3705500000000002
1253.0 1.6849466666666668
1253.5 1.7315800000000001
1254.0 0.2899366666666667
1254.5 1.92989
1255.0 1.7415366666666665
1255.5 1.5867566666666666
1256.0 1.7610833333333336
1256.5 1.77393
1257.0 1.72893
1257.5 1.5074666666666667
1258.0 1.73321
1258.5 0.3075266666666667
1259.0 1.7723133333333334
1259.5 0.4426066666666667
1260.0 0.47840000000000005
1260.5 0.22147666666666668
1261.0 0.47325666666666666
1261.5 0.5223766666666667
1262.0 0.47265333333333337
1262.5 0.46498333333333336
1263.0 0.46176000000000006
1263.5 0.56141
1264.0 0.65726
1264.5 1.6700666666666668
1265.0 1.7320133333333332
1265.5 1.7047333333333334
1266.0 1.7723166666666668
1266.5 1.7082833333333334
1267.0 0.2983733333333333
1267.5 0.48215
1268.0 1.7943266666666668
1268.5 1.7836733333333332
1269.0 1.7713866666666667
1269.5 1.58351
1270.0 1.7915333333333336
1270.5 1.7306766666666666
1271.0 1.7719099999999999
1271.5 0.69686
1272.0 0.4396966666666667
1272.5 0.43273
1273.0 0.45963000000000004
1273.5 0.4229266666666667
1274.0 0.4700766666666667
1274.5 0.4618266666666667
1275.0 0.4560966666666667
1275.5 0.4560333333333333
1276.0 0.47365
1276.5 0.45646000000000003
1277.0 0.44190666666666667
1277.5 0.4669166666666667
1278.0 0.46653
1278.5 0.42641333333333337
1279.0 0.46719000000000005
1279.5 0.45793333333333336
1280.0 0.46603
1280.5 0.4642266666666667
1281.0 0.4410966666666667
1281.5 0.4613033333333333
1282.0 0.12583333333333332
1282.5 0.45449
1283.0 0.46096333333333334
1283.5 0.45737333333333335
1284.0 0.4298466666666667
1284.5 0.47503
1285.0 0.4405033333333333
1285.5 0.4599666666666667
1286.0 0.41402
1286.5 0.45827666666666667
1287.0 0.12691333333333332
1287.5 0.44033333333333335
1288.0 0.4376233333333333
1288.5 0.46349333333333337
1289.0 0.46373
1289.5 0.46876333333333337
1290.0 0.4473133333333334
1290.5 0.4431733333333333
1291.0 0.4431866666666667
1291.5 0.4667233333333334
1292.0 0.47850000000000004
1292.5 0.45531333333333335
1293.0 0.44987
1293.5 0.44206000000000006
1294.0 0.46130000000000004
1294.5 0.46415000000000006
1295.0 0.43966
1295.5 0.44303333333333333
1296.0 0.4562833333333334
1296.5 0.44694333333333336
1297.0 0.44535
1297.5 0.46880666666666665
1298.0 0.45446
1298.5 0.45891333333333334
1299.0 0.4646233333333334
1299.5 0.46191000000000004
1300.0 0.4061133333333333
1300.5 0.45894666666666667
1301.0 0.46275000000000005
1301.5 0.4618933333333333
1302.0 0.10124333333333334
1302.5 0.46040333333333333
1303.0 0.47378666666666674
1303.5 0.46756000000000003
1304.0 0.46259999999999996
1304.5 0.46873333333333334
1305.0 0.46764333333333336
1305.5 0.4516366666666667
1306.0 0.4635533333333333
1306.5 0.46529
1307.0 0.46492666666666665
1307.5 0.45181333333333334
1308.0 0.43615333333333334
1308.5 0.46751666666666664
1309.0 0.4239966666666667
1309.5 0.46560666666666667
1310.0 0.4656133333333334
1310.5 0.46080000000000004
1311.0 0.18429
1311.5 0.4041
1312.0 0.15728333333333333
1312.5 0.46976333333333337
1313.0 0.45082000000000005
1313.5 0.45273
1314.0 0.19166666666666668
1314.5 0.18325333333333332
1315.0 0.46463666666666664
1315.5 0.19275333333333333
1316.0 0.45638000000000006
1316.5 0.46776000000000006
1317.0 0.44254
1317.5 1.87447
1318.0 1.8729366666666667
1318.5 1.7517133333333335
1319.0 0.9666766666666667
1319.5 1.74049
1320.0 0.36216333333333334
1320.5 1.9369733333333337
1321.0 1.8479966666666667
1321.5 1.9044066666666668
1322.0 1.8767433333333337
1322.5 1.8628333333333333
1323.0 1.7895933333333334
1323.5 1.842406666666667
1324.0 1.09989
1324.5 1.89559
1325.0 1.8450533333333334
1325.5 0.36044666666666664
1326.0 0.3963066666666667
1326.5 0.4010066666666667
1327.0 0.4176333333333334
1327.5 0.4316466666666667
1328.0 0.43034
1328.5 0.34242
1329.0 0.2902133333333334
1329.5 0.40103333333333335
1330.0 0.42005666666666663
1330.5 0.43915000000000004
1331.0 0.4420233333333334
1331.5 0.41890333333333335
1332.0 0.41456000000000004
1332.5 0.43310333333333334
1333.0 0.40510666666666667
1333.5 0.41241
1334.0 0.5311133333333333
1334.5 1.1681233333333334
1335.0 1.17616
1335.5 1.07034
1336.0 1.2499233333333335
1336.5 1.2165533333333334
1337.0 1.1304366666666668
1337.5 1.2130766666666668
1338.0 1.1947666666666668
1338.5 1.1904466666666667
1339.0 1.0899866666666667
1339.5 0.86559
1340.0 1.1970800000000001
1340.5 0.8599100000000001
1341.0 0.9576266666666666
1341.5 0.7794733333333334
1342.0 1.1046799999999999
1342.5 1.2209466666666666
1343.0 1.4023700000000001
1343.5 1.2281300000000002
1344.0 1.1955733333333334
1344.5 1.2679366666666667
1345.0 1.13891
1345.5 1.16197
1346.0 1.16016
1346.5 0.42694000000000004
1347.0 0.83377
1347.5 0.96569
1348.0 1.2563833333333334
1348.5 1.24571
1349.0 1.2735266666666667
1349.5 1.3580133333333333
1350.0 1.2829833333333334
1350.5 1.1465733333333334
1351.0 1.3018533333333335
1351.5 1.3644200000000002
1352.0 0.9388933333333332
1352.5 0.9813100000000001
1353.0 0.9521733333333334
1353.5 0.9647966666666667
1354.0 0.9936833333333334
1354.5 0.98217
1355.0 0.31856666666666666
1355.5 0.31521666666666665
1356.0 0.31770000000000004
1356.5 0.33462000000000003
1357.0 0.33156
1357.5 0.30076
1358.0 0.3217933333333333
1358.5 0.28754
1359.0 0.30056
1359.5 0.2561366666666667
1360.0 0.31839333333333336
1360.5 0.3290733333333334
1361.0 0.31976333333333334
1361.5 0.3407
1362.0 0.33384
1362.5 0.30701333333333336
1363.0 0.32965
1363.5 0.3220466666666667
1364.0 0.2957166666666667
1364.5 0.28592
1365.0 0.22768333333333335
1365.5 0.2919566666666667
1366.0 0.31556333333333336
1366.5 0.3262966666666667
1367.0 0.3330666666666667
1367.5 0.29656333333333335
1368.0 0.34882
1368.5 0.33019666666666664
1369.0 0.32259333333333334
1369.5 0.2983
1370.0 0.29585333333333336
1370.5 0.3369766666666667
1371.0 0.18594
1371.5 0.26948333333333335
1372.0 0.32848000000000005
1372.5 0.35218333333333335
1373.0 0.32917
1373.5 0.32229
1374.0 0.34309333333333336
1374.5 0.32885000000000003
1375.0 0.31988666666666665
1375.5 0.3101066666666667
1376.0 0.29100333333333334
1376.5 0.35045333333333334
1377.0 0.32028333333333336
1377.5 0.30247
1378.0 0.34589333333333333
1378.5 0.3346733333333334
1379.0 0.31796
1379.5 0.33819333333333335
1380.0 0.3347233333333334
1380.5 0.30946
1381.0 0.32121000000000005
1381.5 0.19974333333333333
1382.0 0.33050333333333337
1382.5 0.30617333333333335
1383.0 0.3240033333333333
1383.5 0.32848666666666665
1384.0 0.3541066666666667
1384.5 0.3364066666666667
1385.0 0.32577
1385.5 0.3311766666666667
1386.0 0.31627666666666665
1386.5 0.32348333333333334
1387.0 0.3163966666666667
1387.5 0.32210666666666665
1388.0 0.29739000000000004
1388.5 0.31049666666666664
1389.0 0.31816000000000005
1389.5 0.3214266666666667
1390.0 0.33008333333333334
1390.5 0.3300466666666667
1391.0 0.33057
1391.5 0.3164633333333333
1392.0 0.30532
1392.5 0.31930333333333333
1393.0 0.3004366666666667
1393.5 0.30211666666666664
1394.0 0.30061
1394.5 0.32943
1395.0 0.35641
1395.5 0.32731000000000005
1396.0 0.33635333333333334
1396.5 0.31737333333333334
1397.0 0.3391466666666667
1397.5 1.1646500000000002
1398.0 1.1320266666666667
1398.5 1.17611
1399.0 1.0848866666666666
1399.5 1.09037
1400.0 1.1684433333333333
1400.5 1.1427933333333333
1401.0 1.2027733333333332
1401.5 1.2156966666666666
1402.0 1.2199933333333333
1402.5 1.11918
1403.0 0.7661066666666667
1403.5 1.24072
1404.0 0.6239333333333335
1404.5 0.96223
1405.0 0.60833
1405.5 0.8304633333333333
1406.0 0.9229633333333334
1406.5 1.26458
1407.0 1.26991
1407.5 1.2801166666666668
1408.0 0.3351266666666667
1408.5 0.3367833333333333
1409.0 0.31826333333333334
1409.5 1.1971966666666667
1410.0 1.1183733333333332
1410.5 0.80088
1411.0 0.82962
1411.5 1.0028066666666666
1412.0 1.15598
1412.5 1.2228700000000001
1413.0 1.2324133333333334
1413.5 1.2938366666666667
1414.0 1.1884266666666667
1414.5 1.15056
1415.0 1.1056666666666668
1415.5 1.10972
1416.0 1.0614766666666666
1416.5 1.0658866666666666
1417.0 0.9648
1417.5 0.79903
1418.0 1.1089233333333335
1418.5 1.13151
1419.0 1.20962
1419.5 1.2231500000000002
1420.0 1.1493166666666668
1420.5 1.2232433333333335
1421.0 0.9411700000000001
1421.5 1.1709833333333335
1422.0 1.0799866666666667
1422.5 1.1045866666666668
1423.0 0.28912333333333334
1423.5 0.51794
1424.0 0.3521066666666667
1424.5 1.2394866666666668
1425.0 1.2142833333333334
1425.5 1.2146266666666667
1426.0 1.1684033333333335
1426.5 1.2552533333333336
1427.0 1.1990733333333334
1427.5 1.1433366666666667
1428.0 0.5345466666666667
1428.5 1.07938
1429.0 1.0549533333333334
1429.5 1.16917
1430.0 1.2595433333333335
1430.5 1.23432
1431.0 1.20317
1431.5 1.1946500000000002
1432.0 1.1678133333333334
1432.5 1.1930233333333333
1433.0 1.16544
1433.5 1.1263533333333333
1434.0 1.1453366666666667
1434.5 1.0185266666666668
1435.0 1.1903866666666667
1435.5 1.1321233333333334
1436.0 1.2468033333333335
1436.5 1.19758
1437.0 0.10446333333333334
1437.5 1.0019133333333334
1438.0 1.2007666666666668
1438.5 1.20571
1439.0 1.1433200000000001
1439.5 1.0873933333333334
1440.0 1.1102233333333333
1440.5 1.0286700000000002
1441.0 0.7617866666666666
1441.5 1.1731833333333335
1442.0 1.2174233333333335
1442.5 1.28888
1443.0 1.2268733333333335
1443.5 1.1758966666666668
1444.0 1.1532433333333334
1444.5 1.1696300000000002
1445.0 0.6957966666666667
1445.5 1.1908933333333334
1446.0 1.0020166666666668
1446.5 1.0338166666666668
1447.0 1.0756033333333335
1447.5 1.2185100000000002
1448.0 1.2867766666666667
1448.5 1.3002166666666668
1449.0 1.2402
1449.5 1.4147
1450.0 1.3674700000000002
1450.5 1.1893766666666667
1451.0 1.1933533333333333
1451.5 0.8546800000000001
1452.0 0.8185133333333333
1452.5 0.29695333333333335
1453.0 0.32542333333333334
1453.5 0.33856
1454.0 0.32346
1454.5 0.3374433333333334
1455.0 0.3199666666666667
1455.5 0.34044
1456.0 0.32460333333333335
1456.5 0.33519333333333334
1457.0 0.31373
1457.5 0.32244
1458.0 0.27538
1458.5 0.31579
1459.0 0.32604666666666665
1459.5 0.34636
1460.0 0.3283266666666667
1460.5 0.33741
1461.0 0.3314433333333333
1461.5 0.33782333333333336
1462.0 0.3095333333333333
1462.5 0.3383933333333333
1463.0 0.32870000000000005
1463.5 0.28225
1464.0 0.29818333333333336
1464.5 0.31282
1465.0 0.3258566666666667
1465.5 0.31853000000000004
1466.0 0.32155
1466.5 0.30534333333333336
1467.0 0.30165000000000003
1467.5 0.31241
1468.0 0.30396333333333336
1468.5 0.27862
1469.0 0.32216333333333336
1469.5 0.17870000000000003
1470.0 0.10402333333333333
1470.5 0.30704000000000004
1471.0 0.3329166666666667
1471.5 0.34162
1472.0 0.3237466666666667
1472.5 0.30654333333333333
1473.0 0.29672
1473.5 0.31773333333333337
1474.0 0.32850666666666667
1474.5 0.32806
1475.0 0.31747000000000003
1475.5 0.31853000000000004
1476.0 0.32192
1476.5 0.3530933333333333
1477.0 0.31585
1477.5 0.3479066666666667
1478.0 0.3414833333333333
1478.5 0.3187466666666667
1479.0 0.3163866666666667
1479.5 0.31783
1480.0 0.31606333333333336
1480.5 0.28364333333333336
1481.0 0.3145366666666667
1481.5 0.17754333333333333
1482.0 0.33543
1482.5 0.33465
1483.0 0.33793333333333336
1483.5 0.33945
1484.0 0.32706
1484.5 0.3037066666666667
1485.0 0.3165366666666667
1485.5 0.33410666666666666
1486.0 0.27446
1486.5 0.30545
1487.0 0.22989333333333334
1487.5 0.32420333333333334
1488.0 0.34098666666666666
1488.5 0.35031333333333337
1489.0 0.35112
1489.5 0.3226366666666667
1490.0 0.30462333333333336
1490.5 0.30770000000000003
1491.0 0.32430333333333333
1491.5 0.18926
1492.0 0.2868133333333333
1492.5 0.3287066666666667
1493.0 0.2875566666666667
1493.5 0.31909333333333334
1494.0 0.32078333333333336
1494.5 0.3464566666666667
