0.0 0.5346670061979798
0.5 0.489772774650505
1.0 0.5949043836404041
1.5 0.4175278617737374
2.0 0.5885757469333334
2.5 0.5699213991474747
3.0 0.5854664791353535
3.5 0.5951445489373738
4.0 0.7755536573777778
4.5 0.6273746312686869
5.0 0.5823674242424243
5.5 0.582958557539394
6.0 0.4479014456161617
6.5 0.540369474210101
7.0 0.4890332623434344
7.5 0.3821693777006061
8.0 0.29018446006505055
8.5 0.4483440554909091
9.0 0.4117565030828283
9.5 0.539318749870707
10.0 0.5184315821333333
10.5 0.5169245721818182
11.0 0.5873996603191919
11.5 0.6137346979717172
12.0 0.5677436291838384
12.5 0.39819085471838384
13.0 0.4191654332525252
13.5 0.4787736663111111
14.0 0.4896666108606061
14.5 0.5550930996727274
15.0 0.4954550743030303
15.5 0.30889549231919194
16.0 0.32046051917010104
16.5 0.6375706105656567
17.0 0.6243578643595961
17.5 0.5013173560686869
18.0 0.5155518230787879
18.5 0.5062556998545454
19.0 0.6663650328161617
19.5 0.6348351073131313
20.0 0.5284205875838385
20.5 0.6982967183515152
21.0 0.3877256778311111
21.5 0.3147872507458586
22.0 0.21746832689535356
22.5 0.26824398491353535
23.0 0.3246845513018182
23.5 0.5785405985171718
24.0 0.7291964628969697
24.5 0.8446804326464646
25.0 0.691069259220202
25.5 0.7866673009535354
26.0 0.7417962068161615
26.5 0.7138018252242424
27.0 0.7151843963676768
27.5 0.7236006321737375
28.0 0.6731499481171718
28.5 0.6978246888363636
29.0 0.6119259087030303
29.5 0.5602016354020203
30.0 0.4316388099232324
30.5 0.25443697050262626
31.0 0.33481150106828284
31.5 0.1618956259761616
32.0 0.1352364909127273
32.5 0.14447178414464645
33.0 0.2737796422537374
33.5 0.29109335636646466
34.0 0.2175394058581818
34.5 0.2270562535927273
35.0 0.6545361662585859
35.5 0.8565157750343436
36.0 0.8951282680929293
36.5 0.6253111198585859
37.0 0.6466894716848485
37.5 0.7888151354828282
38.0 0.8372693376727273
38.5 0.6525687402383838
39.0 0.6703640175353537
39.5 0.5746749082868687
40.0 0.7110578535676768
40.5 0.7096262113535353
41.0 0.6686004146262627
41.5 0.5997226833333333
42.0 0.6440216573535354
42.5 0.8210913605333334
43.0 0.9961923874505051
43.5 0.8310004584202021
44.0 0.8286790407797979
44.5 0.7887552535232324
45.0 0.7155500509171717
45.5 0.772774187369697
46.0 0.7704255492929294
46.5 0.8604821025777779
47.0 0.8817746846464648
47.5 0.8346806543959596
48.0 0.8163343537858587
48.5 0.7968670663838383
49.0 0.79443322109899
49.5 0.7726859757818182
50.0 0.5993021120282828
50.5 0.7482701879111112
51.0 0.39507133767999997
51.5 0.5009279865616162
52.0 0.6409866102909091
52.5 0.6850400916363637
53.0 0.6159069240242424
53.5 0.6130475349898991
54.0 0.5697907563313132
54.5 0.5962774410787879
55.0 0.35776101021656564
55.5 0.6497141446343435
56.0 0.620537287769697
56.5 0.5412785388121212
57.0 0.599678883070707
57.5 0.5442018064242424
58.0 0.17675734416484848
58.5 0.22975234736323236
59.0 0.1527966030460606
59.5 0.5212953884808081
60.0 0.5349116828646464
60.5 0.4980523953656566
61.0 0.721372063050505
61.5 0.9149588831515153
62.0 0.7332801492323232
62.5 0.6606984644646465
63.0 0.6320305788686869
63.5 0.6739411336202021
64.0 0.6139572542707071
64.5 0.6900462867959596
65.0 0.7259286865737374
65.5 0.6192099249090909
66.0 0.679351522339394
66.5 0.6872214348363638
67.0 0.7304767794545456
67.5 0.8198266821212122
68.0 0.6598465447555556
68.5 0.7268352699919193
69.0 0.8578168784606062
69.5 0.760882761260606
70.0 0.7306634977212122
70.5 1.0053068500121212
71.0 1.0054901148242426
71.5 0.7482735078585859
72.0 0.7813118944565657
72.5 0.7850593850585859
73.0 0.7864529741858587
73.5 0.7981089141737373
74.0 0.8252318253858585
74.5 0.9306555753616162
75.0 0.9337165945171718
75.5 0.7783204072404041
76.0 0.6878797830505051
76.5 0.6772405922464647
77.0 0.7592643258868687
77.5 0.7778790724161616
78.0 0.7745140412161616
78.5 0.7643486073656566
79.0 0.8446802300646467
79.5 0.8739273647151515
80.0 0.9582259375353536
80.5 0.7141566417939395
81.0 0.5935748024969697
81.5 0.5468076476282828
82.0 0.5837008920080808
82.5 0.6686004146262627
83.0 0.5600218838343435
83.5 0.5160995473333333
84.0 0.5962488987232324
84.5 0.5725025709050505
85.0 0.551411519139394
85.5 0.5627972027959597
86.0 0.3935450209341414
86.5 0.30678372510141416
87.0 1.1323288439959598
87.5 1.2085745403313133
88.0 0.7984653744646465
88.5 0.7522077922060606
89.0 0.7977400985616162
89.5 0.8057172884929295
90.0 0.7915757844040404
90.5 0.7975982936929293
91.0 0.803771043769697
91.5 0.8113628593616161
92.0 0.8088186209939394
92.5 0.8549553435434344
93.0 0.9492420926989898
93.5 0.8268727272727273
94.0 0.5347999105737374
94.5 0.9261528435717171
95.0 0.8170189884040405
95.5 0.7558810500040405
96.0 0.8855605560565656
96.5 0.8355728407070707
97.0 0.7109081512808081
97.5 0.7280606357252526
98.0 0.8340545294626264
98.5 0.9690242526787881
99.0 0.7952639800080809
99.5 0.8017713131313132
100.0 0.9679244053454545
100.5 0.8204871519515152
101.0 0.6896724678424243
101.5 0.8509543434343435
102.0 0.8139227509575759
102.5 0.7558587907474746
103.0 0.7328117314020203
103.5 0.7297912123717172
104.0 0.7901986983111112
104.5 0.8432661415919193
105.0 0.8685763409171718
105.5 0.6728209855191919
106.0 0.660808487288889
106.5 0.6539092881535354
107.0 0.6659410430828284
107.5 0.6972990215111111
108.0 0.7642057884525254
108.5 0.8646414610505051
109.0 0.6570536130545455
109.5 0.6514345331232324
110.0 0.7117192544000001
110.5 0.8069657468525252
111.0 0.6118087019070707
111.5 0.6596728345414141
112.0 0.6523039545777779
112.5 0.6250470970262626
113.0 0.7132605857818183
113.5 0.6346684426666667
114.0 0.5899312791434344
114.5 0.5428984995595959
115.0 0.5334825608
115.5 0.4034261692064647
116.0 0.22982733654626264
116.5 0.5702244560040405
117.0 0.742839755579798
117.5 0.5160440164525253
118.0 0.477290674989899
118.5 0.4914125437131313
119.0 0.5089280400888889
119.5 0.43920633949090915
120.0 0.4112631349454545
120.5 0.440067808169697
121.0 0.34903581267232325
121.5 0.3382731695866667
122.0 0.23565357719191923
122.5 0.32411993782303034
123.0 0.4699464124808081
123.5 0.406558609349495
124.0 0.2853819581090909
124.5 0.34361304165292933
125.0 0.4593376408282828
125.5 0.4935194952929293
126.0 0.42732440686060613
126.5 0.23449100622464647
127.0 0.17152554961373737
127.5 0.4287170443515152
128.0 0.2181469996189899
128.5 0.14472753424202023
129.0 0.17690588305939395
129.5 0.15121964138060606
130.0 0.19872115949050506
130.5 0.2549247311826263
131.0 0.16918562284606062
131.5 0.14534263977494952
132.0 0.24807280728080813
132.5 0.28727292068606064
133.0 0.3334352921830303
133.5 0.6157266936888889
134.0 0.7021075440888889
134.5 0.6766965758747475
135.0 0.6526066266868688
135.5 0.35898429152727274
136.0 0.2520187305789899
136.5 0.18126659159353534
137.0 0.34930914989292927
137.5 0.2095026511450505
138.0 0.2648980826226263
138.5 0.23284070767959597
139.0 0.19170043307434345
139.5 0.3573564529620202
140.0 0.3042838064068687
140.5 0.32451422920080814
141.0 0.43131921532121215
141.5 0.2572800292076768
142.0 0.4246535747676768
142.5 0.333914233019394
143.0 0.1671838757951515
143.5 0.5151195882545455
144.0 0.7529599020525253
144.5 0.7169720190424242
145.0 0.6642681798060607
145.5 0.7440689618707071
146.0 0.6669148762464646
146.5 0.6816824379878789
147.0 0.7105278965010101
147.5 0.6223963209333333
148.0 0.5816060606060607
148.5 0.6544091034424243
149.0 0.6404154838141415
149.5 0.5836083433737373
150.0 0.5679243774626263
150.5 0.5139035456242425
151.0 0.6786741198383838
151.5 0.6556975497818182
152.0 0.5471656158909092
152.5 0.4928066875636364
153.0 0.6045679165454546
153.5 0.7775987725373739
154.0 0.6515106312686869
154.5 0.5569993642707071
155.0 0.6652417027434344
155.5 0.8519028583717172
156.0 0.8374620456040405
156.5 0.8397863990222222
157.0 0.3592820912993939
157.5 0.7031329164646465
158.0 0.4836160940525252
158.5 0.4996209832444445
159.0 0.5342624232282829
159.5 0.6010299451838385
160.0 0.6895589278101011
160.5 0.7126561805737374
161.0 0.7288606672080808
161.5 0.7086264000565657
162.0 0.5822676286666667
162.5 0.6895817704161616
163.0 0.6599304105777778
163.5 0.7304761904767677
164.0 0.9308067096282828
164.5 0.7697497245898991
165.0 0.7473388932929294
165.5 0.8964581845373738
166.0 0.8078197011919191
166.5 0.7517264517979799
167.0 0.7997323169414142
167.5 0.8189854589858586
168.0 1.029088302379798
168.5 1.03195038100202
169.0 0.6539850114060607
169.5 0.7964829992000001
170.0 0.7384021089454545
170.5 0.6252717992646465
171.0 0.7413585060525253
171.5 0.6819439843232323
172.0 0.6245188729414142
172.5 0.807580250610101
173.0 0.7151113559838383
173.5 0.7052504846424243
174.0 0.8541696969696969
174.5 0.6678967776444446
175.0 0.732485598690909
175.5 0.8410298031272726
176.0 0.7054063018222223
176.5 0.7764898989898991
177.0 0.8400884263515153
177.5 0.6321566374666667
178.0 0.7755370898626263
178.5 0.7890003863757576
179.0 0.6775659981454546
179.5 0.8669541930949495
180.0 0.898002902929293
180.5 0.961001408230303
181.0 0.893989385377778
181.5 0.783868552189899
182.0 0.9228530705818182
182.5 0.9465406291070709
183.0 0.8274458874464647
183.5 0.8011854939070707
184.0 0.7769433984808081
184.5 0.7867568324969697
185.0 0.8794703962707072
185.5 1.04763187429899
186.0 0.8571670190262627
186.5 0.771717995450505
187.0 0.7394646732565656
187.5 0.8098594642060606
188.0 1.0821468741454547
188.5 1.051550087341414
189.0 1.067582709688889
189.5 0.7247855175111111
190.0 0.7910245310262627
190.5 0.8926000748242425
191.0 0.7542738675232323
191.5 0.6841584441575758
192.0 0.5284905345737374
192.5 0.46053150084444444
193.0 0.4912838463919192
193.5 0.5922096524767677
194.0 0.5986386386383838
194.5 0.9582531346828285
195.0 0.9778921962989898
195.5 0.9067752148363638
196.0 0.8600155400161617
196.5 0.8411958073333333
197.0 1.0744833217939393
197.5 1.1371772773616164
198.0 1.2568853545414143
198.5 0.8228352490424243
199.0 0.8943838383838384
199.5 1.0989190147070707
200.0 0.8903755657454546
200.5 0.75962362570101
201.0 0.6744355179717173
201.5 0.7079487050222223
202.0 0.9402416552040403
202.5 0.7004480899232325
203.0 0.6865510195191918
203.5 0.7325177050707071
204.0 0.7873217613010102
204.5 0.5901996325010102
205.0 1.0044345032040405
205.5 1.0990802434262628
206.0 1.1523572567797982
206.5 0.959658729070707
207.0 0.9339852911959596
207.5 0.9249079473979799
208.0 0.6145488215474747
208.5 1.209000830820202
209.0 1.0915906670545454
209.5 0.8781997187070707
210.0 0.6482325603434343
210.5 0.3806241599127273
211.0 0.38476707372242425
211.5 0.6378013287959596
212.0 0.797144609030303
212.5 0.9262850729535353
213.0 0.8409300101616162
213.5 0.7752325944000001
214.0 0.8130791977737375
214.5 0.9914635718909092
215.0 0.862588703939394
215.5 0.7863969270181818
216.0 0.7837351223959597
216.5 0.9003084443191919
217.0 0.7948483514141415
217.5 0.8820752374222223
218.0 0.9982830096282829
218.5 0.9063654371919192
219.0 0.9086742861131314
219.5 0.9344146334424243
220.0 1.0625571702141416
220.5 0.8408885822181819
221.0 0.7552906110303031
221.5 0.7436693060282829
222.0 0.8104016913333333
222.5 0.8490834268606061
223.0 0.8819258665939395
223.5 0.8686718112808082
224.0 0.660884534569697
224.5 0.7391852297818183
225.0 0.6955426690868688
225.5 0.3389090909090909
226.0 0.6252345763878788
226.5 0.3046367398917172
227.0 0.57956459
227.5 0.6443254704484849
228.0 0.5605899828727273
228.5 0.4399798405696969
229.0 0.36464905767111117
229.5 0.4898886298868687
230.0 0.6113554783353536
230.5 0.4081428878828283
231.0 0.800969696969697
231.5 0.4703695491515152
232.0 0.8775955704161617
232.5 0.8524334251595961
233.0 0.8268573938141416
233.5 0.7286614892646465
234.0 0.7187114387111112
234.5 0.7215562365212121
235.0 0.712501689939394
235.5 0.7523994663636363
236.0 0.643557677430303
236.5 0.6559687879797981
237.0 0.6289860267515152
237.5 0.3742784756537374
238.0 0.3876274242977778
238.5 0.32245637524000004
239.0 0.6231672256363637
239.5 0.32328035775717173
240.0 0.4853477347717172
240.5 0.4184162189252525
241.0 1.0558759618868687
241.5 1.0244913906666666
242.0 1.0072998588444444
242.5 0.9235687983515152
243.0 1.1089970724525253
243.5 1.2041330502464647
244.0 0.4766940387070708
244.5 0.7833791605212123
245.0 0.5789281705939394
245.5 0.7830147202060607
246.0 1.213336728630303
246.5 1.0331945607070707
247.0 0.8211240154868689
247.5 0.5713040856323233
248.0 0.6727009857616162
248.5 0.5382180993616162
249.0 0.9914020474545455
249.5 0.7794044067636364
250.0 0.9299637354262625
250.5 1.0109884297535354
251.0 0.8890738867191921
251.5 0.5690289679030304
252.0 0.6027924345131314
252.5 0.35595003585050505
253.0 0.2424224741947475
253.5 0.3745750184775758
254.0 0.7407586629494949
254.5 0.5850538967838385
255.0 0.39763613452727276
255.5 0.5120132268969697
256.0 0.5012765649333334
256.5 0.36726034720444445
257.0 0.5670633515515152
257.5 0.5642977546181819
258.0 0.523917435220202
258.5 0.6199608077010101
259.0 0.8532762618141415
259.5 1.0114894199434346
260.0 1.0449344508929295
260.5 1.0922056520242427
261.0 1.1615794306707072
261.5 0.9286901706505052
262.0 1.0840088831595962
262.5 1.2745740178141414
263.0 0.615592340149495
263.5 0.4198631476040404
264.0 0.8305852604121212
264.5 1.28160376139798
265.0 1.2172680148323234
265.5 1.1651994783717172
266.0 0.6176938716242425
266.5 0.9392432046747475
267.0 1.0902971994989898
267.5 1.4670802513333332
268.0 1.4456980682949494
268.5 1.4038465803636366
269.0 1.389193000670707
269.5 1.3201476837333335
270.0 1.3138465110868687
270.5 1.199674028420202
271.0 1.1986197743878788
271.5 1.235444150238384
272.0 1.1732534332080808
272.5 0.797075141660606
273.0 0.7940334706424244
273.5 0.7061420781777777
274.0 0.3403066521789899
274.5 0.5087279763717173
275.0 0.38327143748363635
275.5 0.22517048898949496
276.0 0.3282098765430303
276.5 0.3415488215486869
277.0 0.29029233580727276
277.5 0.5595010507757575
278.0 0.6816171305373738
278.5 0.6600551803757576
279.0 0.48531543811717176
279.5 0.4505926305777778
280.0 0.45466813644848486
280.5 0.36878587726666673
281.0 0.4281280335838384
281.5 0.3739830878763637
282.0 0.6077779818383838
282.5 0.5906666217252526
283.0 0.6420827209737374
283.5 0.6540672219272727
284.0 0.7481677170585859
284.5 0.8719537622222223
285.0 0.6186750623111111
285.5 0.7410506401818182
286.0 0.7552906110303031
286.5 0.9451377697050506
287.0 0.8525326661090911
287.5 0.9852174638949496
288.0 1.1184199537252526
288.5 1.0926262626262628
289.0 1.1415278324363636
289.5 0.9580855768
290.0 0.9912699018141414
290.5 1.0606445876848485
291.0 1.22499663299798
291.5 0.8115894826141413
292.0 0.8823631110141416
292.5 1.0940774077414142
293.0 1.0189339940282829
293.5 1.0776098332727273
294.0 1.2255068330343435
294.5 0.9291504712767678
295.0 0.9164681939555557
295.5 1.1052680652686868
296.0 1.1077240490020204
296.5 1.077006716379798
297.0 0.9366487302949494
297.5 0.8851226125575758
298.0 0.8644418208040405
298.5 0.8504612103434344
299.0 1.128586662379798
299.5 1.1386259760727275
300.0 1.2462822201939394
300.5 1.2397048202222223
301.0 1.107743346840404
301.5 1.126307519640404
302.0 1.1791873561090909
302.5 1.1272647580323234
303.0 1.1270822878464648
303.5 0.8734622823999999
304.0 1.0621932176525253
304.5 1.2580669344040405
305.0 0.9726214526222222
305.5 0.9409359947151515
306.0 0.9515475022787879
306.5 0.8272829994868687
307.0 0.7061351427757576
307.5 0.8218662818666668
308.0 0.9244599595959597
308.5 0.8711930363555557
309.0 0.7254796136565657
309.5 0.8443528346060606
310.0 0.89042089789899
310.5 0.8854652443434343
311.0 0.9167433060767678
311.5 0.9078068713010102
312.0 0.8946967272727274
312.5 0.8435784845696971
313.0 0.19940779220767677
313.5 0.7285272615676767
314.0 0.6932799695070707
314.5 0.7714105154101011
315.0 0.8057804141575758
315.5 0.7765972574909091
316.0 0.5569994768404041
316.5 0.35826312235595964
317.0 0.3461897102662626
317.5 0.2710553615818182
318.0 0.40843159707474747
318.5 0.5869137232202021
319.0 0.5513877301777778
319.5 0.47900031240404045
320.0 0.563380496840404
320.5 0.6763417963434343
321.0 0.665981721979798
321.5 0.7264268024606061
322.0 0.6854675723474748
322.5 0.762925704840404
323.0 0.7365087204808081
323.5 0.7067288267272728
324.0 0.6459187255313132
324.5 0.40613666589898995
325.0 0.4448228986909091
325.5 0.28248624145010104
326.0 0.5382179111191919
326.5 0.447866067579798
327.0 0.4931271902707071
327.5 0.47576749006868685
328.0 0.44919438285252533
328.5 0.431644329620202
329.0 0.45600241305858585
329.5 0.4389104528444445
330.0 0.4275391679030303
330.5 0.49383395709898986
331.0 0.4522269909414142
331.5 0.4625955842747475
332.0 0.5375651990303031
332.5 0.5376685308
333.0 0.538218054989899
333.5 0.567088564020202
334.0 0.4882277318626263
334.5 0.5246327641414141
335.0 0.4301306433373738
335.5 0.43481725068686866
336.0 0.5047743255353536
336.5 0.44126910515555556
337.0 0.4042075584525253
337.5 0.31570326686343436
338.0 0.3523571099402021
338.5 0.3741055374036364
339.0 0.3928490648109091
339.5 0.41558049469090913
340.0 0.3870257804133334
340.5 0.32921505179393945
341.0 0.3914843189692929
341.5 0.27872174842222225
342.0 0.20471412749414142
342.5 0.31535353535353533
343.0 0.31650094063838385
343.5 0.42515634639191924
344.0 0.38346630606262627
344.5 0.44436977825858587
345.0 0.43092618761212115
345.5 0.36305130785252526
346.0 0.37473216009818183
346.5 0.43920021507878787
347.0 0.41711869625454545
347.5 0.4579733452444445
348.0 0.3913341723947475
348.5 0.3943091936311111
349.0 0.41046983453333336
349.5 0.4054492511313131
350.0 0.39689986940646466
350.5 0.46376357461010104
351.0 0.4576490834262626
351.5 0.45135389406464643
352.0 0.5114057812808082
352.5 0.4760740249212121
353.0 0.35506568793535354
353.5 0.4780456125454546
354.0 0.4494900221737374
354.5 0.40767655010101006
355.0 0.317515013460202
355.5 0.3115821043684849
356.0 0.38722857198666666
356.5 0.44258278992323236
357.0 0.47512239512323234
357.5 0.5085055567070708
358.0 0.48018833319595955
358.5 0.5182839144121213
359.0 0.4398259187636364
359.5 0.3683930083931313
360.0 0.4165620490626263
360.5 0.33409468838020207
361.0 0.3750243172464647
361.5 0.3419395484060606
362.0 0.3865234909389899
362.5 0.34541300005696973
363.0 0.31946475059878787
363.5 0.30336532309656566
364.0 0.36200589970505054
364.5 0.33796541538060604
365.0 0.3496909076812121
365.5 0.4014134657612121
366.0 0.2938720538719192
366.5 0.3564932670278788
367.0 0.3324040404040404
367.5 0.325982259139798
368.0 0.4258724386707071
368.5 0.4238494779515152
369.0 0.3282431457430303
369.5 0.3873153022763636
370.0 0.4373680444969697
370.5 0.3874733778460606
371.0 0.40307954257858586
371.5 0.42322399250101017
372.0 0.4123485012161617
372.5 0.38137164191232326
373.0 0.30791533424686873
373.5 0.3528509980185859
374.0 0.3833619655721212
374.5 0.4635927799030304
375.0 0.3464558191151515
375.5 0.3333096809983839
376.0 0.27435302694545455
376.5 0.26689254901979803
377.0 0.1757572185159596
377.5 0.17645421685010101
378.0 0.3258061810088889
378.5 0.36277516711474744
379.0 0.4002413602412122
379.5 0.43864319504646465
380.0 0.42044019138585864
380.5 0.3832528033777778
381.0 0.3742237387276768
381.5 0.463491860610101
382.0 0.49279246784646463
382.5 0.42886685817373743
383.0 0.3907353148852526
383.5 0.3957605952767677
384.0 0.385940286230303
384.5 0.3847719687721212
385.0 0.32709198301979797
385.5 0.2220884839066667
386.0 0.2131545371947475
386.5 0.35372535334141414
387.0 0.22058722422343435
387.5 0.22831955922868688
388.0 0.18946489690303028
388.5 0.1858840963018182
389.0 0.2304055380828283
389.5 0.26212020804484853
390.0 0.242733533229899
390.5 0.24956266894303034
391.0 0.3529728530218182
391.5 0.3245820322953536
392.0 0.3558173434476768
392.5 0.34882205229858587
393.0 0.29986924879717175
393.5 0.17908309327636365
394.0 0.16999492618262627
394.5 0.13904526915434343
395.0 0.19850032795474748
395.5 0.24376071432121213
396.0 0.22823586040929292
396.5 0.11886536598868687
397.0 0.12412004193171718
397.5 0.1340216824569697
398.0 0.13088617913050504
398.5 0.19451476067030304
399.0 0.12177504628484849
399.5 0.10892912742383838
400.0 0.10671070962181821
400.5 0.19567095862343437
401.0 0.12120720886666668
401.5 0.11556222341292928
402.0 0.12094577392121213
402.5 0.1949301569668687
403.0 0.4535898669212121
403.5 0.47061680635959596
404.0 0.3003400257721212
404.5 0.33610868324040405
405.0 0.27023694501939394
405.5 0.401804272230303
406.0 0.33945159303030303
406.5 0.5665136423717173
407.0 0.8109359036606062
407.5 0.4404097831111111
408.0 0.5697658758141414
408.5 0.8464826610060608
409.0 0.25416383790222224
409.5 0.11805749805737374
410.0 0.21795135208606065
410.5 0.19540927376121212
411.0 0.20485364957333332
411.5 0.14378669099272728
412.0 0.2094673818880808
412.5 0.17478942033010103
413.0 0.1468068016747475
413.5 0.19011856083959597
414.0 0.2819961005668687
414.5 0.2779588380331313
415.0 0.2669153692311111
415.5 0.2891398531676768
416.0 0.3225755661236364
416.5 0.3603732045482828
417.0 0.46061604924444444
417.5 0.48189935609696977
418.0 0.7104006246020202
418.5 0.796016112040404
419.0 0.48176530404848483
419.5 0.7971035318303031
420.0 0.9412336127232325
420.5 0.7602356902343436
421.0 0.8105143151272727
421.5 0.9615060364242424
422.0 0.5446680134666667
422.5 0.19877589915313132
423.0 0.3825742355058586
423.5 0.13860765873737374
424.0 0.23698643135030303
424.5 0.38194615588808084
425.0 0.1721655169090909
425.5 0.14365417088808083
426.0 0.18485562381414145
426.5 0.1904627958977778
427.0 0.23750899306464648
427.5 0.2782519270036364
428.0 0.2463943186129293
428.5 0.36288786964080805
429.0 0.2693571553688889
429.5 0.38712893792525255
430.0 0.4859371785737374
430.5 0.38000989724323236
431.0 0.509005553369697
431.5 0.26390359737737373
432.0 0.16599227662666668
432.5 0.2700551900747475
433.0 0.339337059919596
433.5 0.4913131313131313
434.0 0.44733979022222226
434.5 0.24768447035353536
435.0 0.21883865818666667
435.5 0.23933884297535357
436.0 0.5426920097010101
436.5 0.4031499375535354
437.0 0.5524157234989899
437.5 0.7387349509858586
438.0 0.7172110852121213
438.5 0.5305692742303031
439.0 0.44263173706666675
439.5 0.5960958618989899
440.0 0.4203523608161617
440.5 0.5797530077292931
441.0 0.5463423546868686
441.5 0.3758706907951515
442.0 0.5815885167474748
442.5 0.5165053295959596
443.0 0.6395212595838384
443.5 0.7094307433010102
444.0 0.5724541293090909
444.5 0.5080013247232323
445.0 0.5848411964242425
445.5 0.6456520105212121
446.0 0.6872214348363638
446.5 0.5285939564404041
447.0 0.46305025564444446
447.5 0.3819915076157576
448.0 0.5425767497252526
448.5 0.27521162465535354
449.0 0.2933691413911111
449.5 0.3034514526371717
450.0 0.12032337455515152
450.5 0.1314439591446465
451.0 0.28949269581131315
451.5 0.1608132854731313
452.0 0.2256309642020202
452.5 0.3906223381721212
453.0 0.34552532160121213
453.5 0.40192908235878794
454.0 0.44396069538989896
454.5 0.40952482215757574
455.0 0.2907673083721212
455.5 0.12840422616969696
456.0 0.10682128459838386
456.5 0.1907789045179798
457.0 0.18202794317737375
457.5 0.18480661599111112
458.0 0.11241757515676769
458.5 0.2845153828359596
459.0 0.5066117007636365
459.5 0.592295961389899
460.0 0.5878683421616161
460.5 0.4996092412
461.0 0.1530345462258586
461.5 0.23524840325858587
462.0 0.477720733070707
462.5 0.5550117476969697
463.0 0.5714558368080808
463.5 0.6011261903272728
464.0 0.3707333345781818
464.5 0.2541930554949495
465.0 0.2788583933620202
465.5 0.26217884423232324
466.0 0.3665134245454546
466.5 0.28431622238060605
467.0 0.3207944767539394
467.5 0.26006354626060607
468.0 0.2939248948820202
468.5 0.4638819568242425
469.0 0.379290043290101
469.5 0.4200539574747475
470.0 0.5296221473979799
470.5 0.5199113814707071
471.0 0.40014101561898996
471.5 0.3543107561959596
472.0 0.2988145649866667
472.5 0.29023296730909093
473.0 0.4245987250020202
473.5 0.40570243334949496
474.0 0.3817629958117172
474.5 0.3464570315123232
475.0 0.2894796449341414
475.5 0.3036186729511111
476.0 0.25127715951232327
476.5 0.24568568568565655
477.0 0.23625692375797983
477.5 0.32739897084040404
478.0 0.15579325996646465
478.5 0.2266913053777778
479.0 0.2462814885911111
479.5 0.25638472896000003
480.0 0.15982621346626263
480.5 0.19794224253292933
481.0 0.20045172702020206
481.5 0.2201588081026263
482.0 0.24581521711919194
482.5 0.3139093015559596
483.0 0.42296405711515156
483.5 0.3087167826339394
484.0 0.33518867605818187
484.5 0.29460634821454545
485.0 0.3883998261240404
485.5 0.3393882653333333
486.0 0.3006905807187879
486.5 0.33239391848080807
487.0 0.30100031004727273
487.5 0.28861644186141416
488.0 0.3030457069406061
488.5 0.28504091885454547
489.0 0.2592615089951515
489.5 0.2822336949745455
490.0 0.24610837161616164
490.5 0.22463872652646466
491.0 0.2039928622549495
491.5 0.3212909401709091
492.0 0.27757713030626263
492.5 0.1964591637317172
493.0 0.30356433904242425
493.5 0.3502489787676768
494.0 0.29680332739151516
494.5 0.28765319865333333
495.0 0.27151667046383837
495.5 0.30957787481818183
496.0 0.32947195714060606
496.5 0.27753755575797984
497.0 0.2808106326420202
497.5 0.2948489039773738
498.0 0.2767361201858586
498.5 0.3213199578836364
499.0 0.30690749426222225
499.5 0.23393352933454545
500.0 0.3272812533305051
500.5 0.32478678409696976
501.0 0.3092590290064647
501.5 0.3224545562808081
502.0 0.32617278435474745
502.5 0.29545357936444444
503.0 0.27877740515838384
503.5 0.21756989949212122
504.0 0.29579202455393944
504.5 0.32296935456242426
505.0 0.29681733612080813
505.5 0.2870574907959596
506.0 0.4046260574747475
506.5 0.36370278123717176
507.0 0.3197728356525253
507.5 0.31428127428121216
508.0 0.3267667327478788
508.5 0.3501898131381818
509.0 0.34133629876767674
509.5 0.3744099206541414
510.0 0.21223269880808082
510.5 0.3214276879583839
511.0 0.3783566627127273
511.5 0.3994003167038384
512.0 0.38806608667878795
512.5 0.41541155141010105
513.0 0.37535450427555556
513.5 0.36765204991070705
514.0 0.4016958016432324
514.5 0.3634965490682829
515.0 0.23563672505898992
515.5 0.4126032660888889
516.0 0.23527443708929294
516.5 0.4168944015878788
517.0 0.4777970790707071
517.5 0.40310080364565665
518.0 0.4882277318626263
518.5 0.5325121047757576
519.0 0.5405598068242424
519.5 0.4942153631797981
520.0 0.5042424242424243
520.5 0.4419321691757576
521.0 0.48091410771717175
521.5 0.41077556682828287
522.0 0.40677810129696973
522.5 0.4253651903636364
523.0 0.40346660710303034
523.5 0.26367747093818183
524.0 0.20668953989616165
524.5 0.2581364992739394
525.0 0.1979090468589899
525.5 0.1699295356977778
526.0 0.16703391776484852
526.5 0.1719932513858586
527.0 0.3445378299527273
527.5 0.4177783620727273
528.0 0.34944341753939395
528.5 0.2110953070529293
529.0 0.20040663664767677
529.5 0.1729129511345455
530.0 0.3200837200836364
530.5 0.5308348187757576
531.0 0.3750164749094949
531.5 0.45022983457777777
532.0 0.40371653249696976
532.5 0.39683142727919196
533.0 0.48703022841616167
533.5 0.5636638678262627
534.0 0.6241703340444444
534.5 0.4898609713373738
535.0 0.4088556149737374
535.5 0.5051738705939394
536.0 0.4362240343636364
536.5 0.5439711544121212
537.0 0.5582575757575757
537.5 0.512310153559596
538.0 0.3171960569551515
538.5 0.4005583881139394
539.0 0.4418037746707071
539.5 0.4153704290303031
540.0 0.40856565656565663
540.5 0.319306305059798
541.0 0.355860903229495
541.5 0.3422083894642425
542.0 0.44943435624646466
542.5 0.38019600031878786
543.0 0.4721614431232323
543.5 0.45826819923232326
544.0 0.41310414605252527
544.5 0.45241276635151517
545.0 0.3251046924088889
545.5 0.47720374476363636
546.0 0.5024183961818183
546.5 0.423981283010101
547.0 0.42340674033131315
547.5 0.3892939244662626
548.0 0.32137673026545455
548.5 0.37424187294424244
549.0 0.45513812053333336
549.5 0.4598568056040404
550.0 0.4179718694020202
550.5 0.49447105324444446
551.0 0.4445947457858586
551.5 0.3376367247660606
552.0 0.4404709028808081
552.5 0.37888049137454544
553.0 0.4782209082707071
553.5 0.3306590883349495
554.0 0.2431262669026263
554.5 0.13761695938424243
555.0 0.2251296681830303
555.5 0.17367626556404045
556.0 0.24265970151555558
556.5 0.29664646464646466
557.0 0.33506576358262624
557.5 0.2462299118060606
558.0 0.44559187854949495
558.5 0.5067747399313132
559.0 0.49775593775757576
559.5 0.49443694318383846
560.0 0.6020108780121213
560.5 0.5846664965858587
561.0 0.6119930031030303
561.5 0.6340272288080808
562.0 0.46520480745454545
562.5 0.7707851054303031
563.0 0.48592507754747477
563.5 0.4380306562141414
564.0 0.5699080069454546
564.5 0.4411732904848486
565.0 0.3631900722945454
565.5 0.3788754868363637
566.0 0.4342021977737374
566.5 0.43583436706262635
567.0 0.3971170627434344
567.5 0.40819688908686863
568.0 0.4158673918666667
568.5 0.30497304430383837
569.0 0.3982740294937374
569.5 0.46874680580606065
570.0 0.43557270315959595
570.5 0.5660620439272728
571.0 0.565653063680808
571.5 0.40579570539797977
572.0 0.32451422920080814
572.5 0.31521353489737375
573.0 0.47718977484444447
573.5 0.5511640737050505
574.0 0.4676495693616162
574.5 0.3451538080929293
575.0 0.3582733206989899
575.5 0.4524614889414142
576.0 0.6055977248202021
576.5 0.4189228973131313
577.0 0.4204650050787879
577.5 0.49660213484848487
578.0 0.4908352112565657
578.5 0.49137561910707067
579.0 0.505729132779798
579.5 0.40110762800404043
580.0 0.47220567356767673
580.5 0.41992958153131316
581.0 0.39689986940646466
581.5 0.3408275307632323
582.0 0.3960424760424243
582.5 0.45875920816161614
583.0 0.463560227159596
583.5 0.39031802162868695
584.0 0.3676242813991919
584.5 0.4444817280121213
585.0 0.337529137529293
585.5 0.42035277819797984
586.0 0.3991097806989899
586.5 0.3168828100246465
587.0 0.33703227561818183
587.5 0.33700279907515157
588.0 0.3239470875834343
588.5 0.8974138443272728
589.0 1.0407606164444445
589.5 0.9113521772363637
590.0 0.8647035056444444
590.5 0.8358350803636364
591.0 0.670089041220202
591.5 0.7687083003959597
592.0 0.8209991809979797
592.5 0.8381409814343436
593.0 0.7379084827030303
593.5 0.6971277196121212
594.0 0.6838748868
594.5 0.39513333333333334
595.0 0.6478431372565657
595.5 0.6086043870666668
596.0 0.7546793233535354
596.5 0.8851226125575758
597.0 0.9806559145777779
597.5 0.856742312339394
598.0 0.7693981405373737
598.5 0.743269734379798
599.0 1.0044161289454547
599.5 0.739607512529293
600.0 0.7190852288161617
600.5 0.9639719633171718
601.0 0.8042916560565657
601.5 1.0133390644040403
602.0 1.0408936423070707
602.5 0.8109180695838384
603.0 0.7638100088525253
603.5 0.8745356411676769
604.0 0.8525238471676767
604.5 0.6908277150909091
605.0 0.9680387934787879
605.5 0.8627976737050506
606.0 0.7198731805737374
606.5 0.715406918929293
607.0 0.5325230182020202
607.5 0.3977185600747475
608.0 0.5338802528404041
608.5 0.4423869904727273
609.0 0.5525478479919191
609.5 0.5089245182343435
610.0 0.6762860454666667
610.5 0.5684140288404042
611.0 0.4331413280767677
611.5 0.6027932872040405
612.0 0.562844574779798
612.5 0.4539188789777778
613.0 0.6341978577575759
613.5 0.5218562029656566
614.0 0.5347525608565656
614.5 0.6254709070464647
615.0 0.4399901453575758
615.5 0.2774504687656566
616.0 0.42937551951515157
616.5 0.517804128238384
617.0 0.37746872472606063
617.5 0.36135472370747473
618.0 0.47404843677979797
618.5 0.3273965728929293
619.0 0.35000385534747475
619.5 0.6396075773696971
620.0 0.3157023964246465
620.5 0.2040966944989899
621.0 0.6066139657454547
621.5 0.8026704187959597
622.0 0.9037575757575759
622.5 0.946349330210101
623.0 1.0262376662383839
623.5 1.2870330895151516
624.0 1.1218458698666667
624.5 1.0275507719919192
625.0 1.1342233933535353
625.5 1.0399475621454546
626.0 0.6322450983474748
626.5 0.4612179469090909
627.0 0.5507084785131314
627.5 0.2503030303030303
628.0 0.6565157962585859
628.5 0.7569593213090909
629.0 0.6061748801131314
629.5 0.7706167317171717
630.0 0.7532656434464647
630.5 0.5909405162747475
631.0 0.5396513029454546
631.5 0.8171894382424242
632.0 1.1339480109131312
632.5 1.210312175248485
633.0 1.2872085938747475
633.5 1.0713885119838384
634.0 1.0224029200767677
634.5 0.9941119055717172
635.0 1.0215297610626262
635.5 1.082064179208081
636.0 0.6485686680484849
636.5 0.921430849850505
637.0 0.8380211202949495
637.5 0.7968022593979799
638.0 0.867177357329293
638.5 0.7561610656969697
639.0 0.7778790724161616
639.5 0.9996323092525253
640.0 1.152737127369697
640.5 1.0090427113777778
641.0 0.9156193123919193
641.5 0.8103587515515152
642.0 0.8132599239878787
642.5 1.0258406444565658
643.0 0.9152114950464646
643.5 0.844691018949495
644.0 1.1258051099232325
644.5 1.1559872012040404
645.0 1.1960402208040406
645.5 1.451608429979798
646.0 1.5588088135232325
646.5 1.35116868429899
647.0 1.258017276840404
647.5 1.2130747825333335
648.0 1.2073879020080809
648.5 0.9837427060969698
649.0 1.0153743473818182
649.5 1.0914982335676768
650.0 1.0904787520161616
650.5 1.1884699427555556
651.0 1.159160839159596
651.5 1.1529140534949496
652.0 1.7110869377535354
652.5 1.6850139953737375
653.0 1.7012447051151518
653.5 0.9211854445414143
654.0 1.0500118219232324
654.5 0.9369408992727274
655.0 0.9947341079959595
655.5 1.1006027145171717
656.0 1.0296264716121213
656.5 1.105018181818182
657.0 1.2462346542343434
657.5 1.20634164379798
658.0 1.1552837058181817
658.5 0.88863518909899
659.0 0.7072885776444444
659.5 0.7402966432484849
660.0 0.8573253493010101
660.5 0.7184224080161616
661.0 0.8228359124929293
661.5 0.5047208841979798
662.0 0.8204871519515152
662.5 0.49658779576565665
663.0 0.9249503732969697
663.5 0.7493407823878789
664.0 0.4249012358464647
664.5 0.21024870852646463
665.0 0.3137129158250505
665.5 0.17896638105171717
666.0 0.14374574278464647
666.5 0.12918698741494952
667.0 0.19151896518828285
667.5 0.18254915626020202
668.0 0.18019331199555555
668.5 0.1808075805260606
669.0 0.18725546673575758
669.5 0.18600100126626262
670.0 0.10303604202868688
670.5 0.1832422655107071
671.0 0.18463284876808084
671.5 0.2042507919430303
672.0 0.4032013082674748
672.5 0.5305394449656566
673.0 0.5235682549818182
673.5 0.5236227966989899
674.0 0.6215519594828284
674.5 0.7026807007030303
675.0 0.7999283695676769
675.5 0.803760238488889
676.0 0.8011252930464647
676.5 0.9509906518585859
677.0 0.9761220597575758
677.5 1.0570215177818183
678.0 1.3672125910262627
678.5 1.019830850880808
679.0 0.7166117313494951
679.5 0.8141195261535353
680.0 1.341073080929293
680.5 1.3398309626868687
681.0 1.0961704439353535
681.5 1.1738311243838384
682.0 1.3593505608242424
682.5 1.345189117450505
683.0 1.2410743500565657
683.5 1.159160839159596
684.0 0.8638500951555557
684.5 1.0705731107878789
685.0 1.118849292929293
685.5 1.1317293102707071
686.0 0.8237414737777778
686.5 0.9789474859070708
687.0 1.1917682317696972
687.5 0.8927100969212122
688.0 1.022290598290909
688.5 1.1792720251474746
689.0 1.0574336668121214
689.5 1.0705539981292929
690.0 1.349334726577778
690.5 1.2703424488808082
691.0 1.1300942885414142
691.5 1.2182046509333333
692.0 1.2543915343919192
692.5 1.407108927107071
693.0 1.4121850079757579
693.5 1.2750816048525253
694.0 1.2795589153818183
694.5 1.0586404803515153
695.0 1.041318753058586
695.5 1.037749199309091
696.0 1.1718705301171717
696.5 1.280544274359596
697.0 1.252686022529293
697.5 1.2383404572040404
698.0 1.2103603196121213
698.5 1.1988815081939395
699.0 1.596433609842424
699.5 1.6013748343151517
700.0 1.4279209486181819
700.5 1.2984770150464648
701.0 1.626472827967677
701.5 1.763313712666667
702.0 1.6856196248202024
702.5 1.4069480701212125
703.0 1.277263098270707
703.5 1.0109694393858586
704.0 1.2300537670707072
704.5 1.3013231413212123
705.0 1.2716292974585859
705.5 1.2742398342383838
706.0 1.3097441607676767
706.5 1.31803409589899
707.0 1.4428139260646464
707.5 1.4190375499474748
708.0 1.2330212010222223
708.5 1.2766791199676768
709.0 1.4111474188888888
709.5 1.409954086319192
710.0 1.4103041106262628
710.5 1.3672125910262627
711.0 1.2535420875434344
711.5 1.2826311423393941
712.0 1.3334379768929292
712.5 1.398068686868687
713.0 1.483654625349495
713.5 1.402626697078788
714.0 1.2427299077737375
714.5 1.2447985472686869
715.0 1.2622665006222225
715.5 1.2035856177050506
716.0 1.044113040517172
716.5 1.1506883506868688
717.0 1.2282035074666668
717.5 1.1953518086868686
718.0 1.0547717171717172
718.5 1.1506904092484849
719.0 1.1250126663474749
719.5 1.1180506091838385
720.0 0.9136715218464647
720.5 0.9342550283151517
721.0 0.9366112822060607
721.5 0.3919655811426263
722.0 0.26182415212323235
722.5 0.49184085755555557
723.0 0.39445329863919193
723.5 0.4300898957212121
724.0 0.340081636409697
724.5 0.33460050925616164
725.0 0.4487825624686868
725.5 0.32272748099555554
726.0 0.15210720001171718
726.5 0.13748167530949496
727.0 0.16165937167555558
727.5 0.19071292106585858
728.0 0.2496483580355556
728.5 0.369978925950303
729.0 0.3253942017579798
729.5 0.24237202395515153
730.0 0.2793788885709091
730.5 0.22727842690222225
731.0 0.24024685020727277
731.5 0.14427882509656567
732.0 0.19438622005131312
732.5 0.19938585858585858
733.0 0.15246545286989902
733.5 0.21632315148808082
734.0 0.23429793652565659
734.5 0.20095753597858587
735.0 0.17494010795030304
735.5 0.2512791263822222
736.0 0.3091611940589899
736.5 0.3002287393777778
737.0 0.314634924339798
737.5 0.3873715487111111
738.0 0.24780762370828288
738.5 0.27902644245656566
739.0 0.31410425705858586
739.5 0.31380348944
740.0 0.2993717485737374
740.5 0.36472454448
741.0 0.30012292019353537
741.5 0.2982740736715152
742.0 0.34663474663474747
742.5 0.3389795389793939
743.0 0.36739712648121214
743.5 0.4243756781131313
744.0 0.4462772981212122
744.5 0.21959052699838386
745.0 0.14885145779313133
745.5 0.23620857025252526
746.0 0.2748487209636364
746.5 0.16835484108
747.0 0.2664371765826263
747.5 0.22630998630989904
748.0 0.2752103714307071
748.5 0.37408385852848486
749.0 0.4170213645414142
749.5 0.4051422803515152
750.0 0.4545110593090909
750.5 0.3807663410969697
751.0 0.2310913777579798
751.5 0.17722707045010103
752.0 0.31060790289535356
752.5 0.3213437748270707
753.0 0.24709569190141414
753.5 0.2764076826969697
754.0 0.18587338833818182
754.5 0.19589772797050506
755.0 0.1901813399228283
755.5 0.2794669124707071
756.0 0.24794361525696973
756.5 0.19659710084767676
757.0 0.4773296681737374
757.5 0.49900566237171723
758.0 0.509017327749495
758.5 0.573928819878788
759.0 0.5040239159959596
759.5 0.476739704739394
760.0 0.45979151515151523
760.5 0.35905538140040405
761.0 0.35921120400767675
761.5 0.37790880143838385
762.0 0.40548184548282834
762.5 0.5230807088565658
763.0 0.4499724945333334
763.5 0.43549352273939396
764.0 0.466026887159596
764.5 0.3775464881846465
765.0 0.40178510546262625
765.5 0.3651221087349495
766.0 0.3347539377260606
766.5 0.2557969899438384
767.0 0.2693323432250505
767.5 0.32738560442545456
768.0 0.28397909051595965
768.5 0.21970087616484849
769.0 0.38361335619232323
769.5 0.3862893712537374
770.0 0.2332806914537374
770.5 0.3370901531915152
771.0 0.3310735259571717
771.5 0.4739728626989899
772.0 0.49577571042424246
772.5 0.47790527274343436
773.0 0.38686675761696976
773.5 0.3562390934432324
774.0 0.36318233278949497
774.5 0.35836929206101015
775.0 0.3355777372307071
775.5 0.3824823065086869
776.0 0.4882721031030304
776.5 0.4594785986424243
777.0 0.5473082929373737
777.5 0.3853290670682828
778.0 0.48125341001212124
778.5 0.44741355718383846
779.0 0.5169245721818182
779.5 0.5331418603717172
780.0 0.5106002170464647
780.5 0.427217322189899
781.0 0.3910750092133333
781.5 0.4299416045737374
782.0 0.44452236203232326
782.5 0.4848449483878789
783.0 0.5326326852323232
783.5 0.41346551258181824
784.0 0.3397662179381818
784.5 0.40003796352808085
785.0 0.4286877338707071
785.5 0.4600531632121212
786.0 0.45152898851717177
786.5 0.31206981275959594
787.0 0.39309926777494947
787.5 0.4143301206909091
788.0 0.3733059716808081
788.5 0.3051613726242424
789.0 0.27293571916606063
789.5 0.3797313339579798
790.0 0.42935646214949497
790.5 0.27412053989979795
791.0 0.2706836227147475
791.5 0.24692286353010104
792.0 0.3544026396921212
792.5 0.36209240168
793.0 0.3938743695551516
793.5 0.3506391184573738
794.0 0.3120218373022222
794.5 0.1608882389579798
795.0 0.24493843680606062
795.5 0.1968820588779798
796.0 0.17640015411151513
796.5 0.2924339938549495
797.0 0.38063164845575764
797.5 0.46012121212121215
798.0 0.48733365134545453
798.5 0.5621777567717172
799.0 0.4407246680161616
799.5 0.507119105878788
800.0 0.4457227183676768
800.5 0.36818589482262626
801.0 0.27893631625333337
801.5 0.5138757655313132
802.0 1.027675497111111
802.5 0.5959261299878789
803.0 0.5124388842545454
803.5 0.5069256361818182
804.0 0.487289044969697
804.5 0.20562579478343435
805.0 0.2281506914638384
805.5 0.21981130504080806
806.0 0.1707910636505051
806.5 0.2998343708521212
807.0 0.17238196947434345
807.5 0.14471138801777778
808.0 0.15700590911676768
808.5 0.16835629641050506
809.0 0.2787536743090909
809.5 0.2776021974472727
810.0 0.2724613017591919
810.5 0.34993510524242427
811.0 0.42172391518787883
811.5 0.5009371228767677
812.0 0.46253153545050507
812.5 0.4531173287717172
813.0 0.4684063096323232
813.5 0.5377177255959597
814.0 0.2086899522921212
814.5 0.27706628222868684
815.0 0.4386430908121213
815.5 0.4769636564969697
816.0 0.4742931388565657
816.5 0.4144073049010102
817.0 0.35853910281858586
817.5 0.43400664213737383
818.0 0.35420473390626267
818.5 0.36609500531838385
819.0 0.2552863992585859
819.5 0.2358776958775758
820.0 0.21116679776767677
820.5 0.22516114491757577
821.0 0.2261646770739394
821.5 0.13194507301818184
822.0 0.2839993323317172
822.5 0.40157861442707077
823.0 0.4788987766343434
823.5 0.4361839454060606
824.0 0.25945626968
824.5 0.2577190017082828
825.0 0.2074795290181818
825.5 0.18232326525777778
826.0 0.11368813436000001
826.5 0.2100608796771717
827.0 0.3040079177947475
827.5 0.18586829406949498
828.0 0.24639647912363638
828.5 0.34369533522949497
829.0 0.3650975944606061
829.5 0.373316071259798
830.0 0.4308562242626263
830.5 0.31477867477858584
831.0 0.28929947245737375
831.5 0.2631521869527273
832.0 0.313419913419798
832.5 0.3369182703761617
833.0 0.3726981040351516
833.5 0.4068645499353536
834.0 0.5545628025414141
834.5 0.5463131313131314
835.0 0.5436967614303031
835.5 0.33250743515313136
836.0 0.3276555023923233
836.5 0.17101742264323236
837.0 0.23563843173939394
837.5 0.296634306999596
838.0 0.35795141106626266
838.5 0.2748388541737374
839.0 0.43302283105050504
839.5 0.49498127341010106
840.0 0.510020535939394
840.5 0.7315431689171717
841.0 0.8997198370505051
841.5 1.0441101208161616
842.0 0.8542187709212122
842.5 0.8213845013858586
843.0 0.7119568187434343
843.5 0.5346318276
844.0 0.6787603696525254
844.5 0.7455154843757575
845.0 0.7668476729454546
845.5 0.7656856565656566
846.0 0.7461138803191919
846.5 0.7497962677616162
847.0 0.7218061938060606
847.5 1.0396302898262626
848.0 1.0118173987959596
848.5 0.907780022448485
849.0 0.790840306549495
849.5 0.9023560320484849
850.0 0.9624447289818182
850.5 0.7361037430020203
851.0 0.8893625465616162
851.5 0.7925754111757577
852.0 0.7482145998222224
852.5 0.7930109606707072
853.0 0.9189917592121213
853.5 0.7064886149616162
854.0 0.7851777442949496
854.5 0.8406816343919191
855.0 0.852621043260606
855.5 0.8223315508040404
856.0 0.7636383788000001
856.5 0.8576679234747476
857.0 0.8689517913898991
857.5 0.8268655613818181
858.0 0.7568556000242425
858.5 0.5893554860484849
859.0 0.7020752984404042
859.5 0.4841796318141414
860.0 0.19043282718424245
860.5 0.1330249671919192
861.0 0.2160452598549495
861.5 0.2728745583919192
862.0 0.371554252199596
862.5 0.3028221414141414
863.0 0.4376423576404041
863.5 0.49588732583838385
864.0 0.7881778414060606
864.5 0.7726859757818182
865.0 0.664213927688889
865.5 0.2393690273660606
866.0 0.17099106870868688
866.5 0.2735205777830303
867.0 0.16866348338060608
867.5 0.24508580503030306
868.0 0.2713483067680808
868.5 0.28795262066909094
869.0 0.4241112697656566
869.5 0.3917968167280808
870.0 0.41037983246868687
870.5 0.44143033220202027
871.0 0.39381198802949496
871.5 0.364598231449293
872.0 0.3631536673006061
872.5 0.3935745207175758
873.0 0.20810094298464646
873.5 0.3360095920008081
874.0 0.38309076375272727
874.5 0.4447964305616163
875.0 0.45505579862626266
875.5 0.3973917391737374
876.0 0.3976930457187879
876.5 0.32245691415515154
877.0 0.22623527583515154
877.5 0.305439327360404
878.0 0.42569625086868695
878.5 0.5125768899757576
879.0 0.3705799354804041
879.5 0.44351359646464655
880.0 0.41558049469090913
880.5 0.36156355801777784
881.0 0.32018367872040404
881.5 0.252662470529697
882.0 0.3389310581543435
882.5 0.42051431235555564
883.0 0.43599546128888894
883.5 0.4556882354909091
884.0 0.3566589350294949
884.5 0.3326373411535354
885.0 0.4004998270141414
885.5 0.3626544514917172
886.0 0.3495415369628283
886.5 0.34183324526060604
887.0 0.31577270794343437
887.5 0.21421330525575757
888.0 0.21053669222343438
888.5 0.2814512774808081
889.0 0.2140060629288889
889.5 0.4488967977656566
890.0 0.3363280401268687
890.5 0.43040071675151514
891.0 0.4728488806141414
891.5 0.39689053273616165
892.0 0.4335096703474748
892.5 0.37408385852848486
893.0 0.35446815985939395
893.5 0.3374591248969698
894.0 0.3414085383886869
894.5 0.323317384370101
895.0 0.3762700564290909
895.5 0.4046127457454545
896.0 0.4088179462666666
896.5 0.28599595959595964
897.0 0.3513973909955556
897.5 0.5221642164202019
898.0 0.38488610240323234
898.5 0.38878660438707074
899.0 0.33420927300727277
899.5 0.342390363259798
900.0 0.3780875612456566
900.5 0.368449749219798
901.0 0.269352390449293
901.5 0.2465913318880808
902.0 0.39106265654666666
902.5 0.36895424135111116
903.0 0.3190923852303031
903.5 0.34052836052848484
904.0 0.3279114799446465
904.5 0.28909305064767676
905.0 0.15767114166707072
905.5 0.19783145310181818
906.0 0.4283462750262626
906.5 0.3564231336117172
907.0 0.2477635819967677
907.5 0.36334515091151515
908.0 0.33482015146262634
908.5 0.34249851455717173
909.0 0.2595043712614142
909.5 0.3184687153066667
910.0 0.17686835641050505
910.5 0.34304912928565656
911.0 0.5053255811878788
911.5 0.5034194002626262
912.0 0.47666446760808084
912.5 0.5382857338181819
913.0 0.41469243667878786
913.5 0.42552188552323233
914.0 0.5184243134343435
914.5 0.41497651102222227
915.0 0.4702930196686869
915.5 0.5191975886101011
916.0 0.22065287311797985
916.5 0.4510440864525253
917.0 0.34944341753939395
917.5 0.23891996892
918.0 0.15821576577454546
918.5 0.19914161018949494
919.0 0.14723353713252527
919.5 0.1663924756060606
920.0 0.4080179247030304
920.5 0.44806526806464647
921.0 0.4769766197818182
921.5 0.4580326646262627
922.0 0.4038696304545455
922.5 0.4654801378787879
923.0 0.41297199864242423
923.5 0.3549527359151515
924.0 0.3523723931329293
924.5 0.26193324344161617
925.0 0.3513135367046465
925.5 0.3205019234109091
926.0 0.22976517587434342
926.5 0.2105217495620202
927.0 0.159008549690101
927.5 0.14600874706545455
928.0 0.16193911229616162
928.5 0.12114970846666667
929.0 0.10481527315030303
929.5 0.1360468498210101
930.0 0.19261718721171717
930.5 0.2120651735850505
931.0 0.4626357570464647
931.5 0.4039140003385859
932.0 0.42403729603636364
932.5 0.580339640949495
933.0 0.4878948966787879
933.5 0.5559839908525253
934.0 0.5370513979555557
934.5 0.5660861782383839
935.0 0.5044459119030303
935.5 0.6490244268606061
936.0 0.6039090047878789
936.5 0.7024592592606062
937.0 0.5825974906747474
937.5 0.7346724386707071
938.0 0.5700876799838385
938.5 0.5520819975272727
939.0 0.39327633797333333
939.5 0.6409000502262626
940.0 0.6545802641818182
940.5 0.6358267826787879
941.0 0.6787584405090908
941.5 0.5676465724848486
942.0 0.6456769672565656
942.5 0.7240548340565658
943.0 0.792088610238384
943.5 0.799333192060606
944.0 0.800687417159596
944.5 0.6377122683151516
945.0 0.7610690638424242
945.5 0.9850901467515153
946.0 0.6742795214868688
946.5 0.434758193579798
947.0 0.6390828190383838
947.5 0.5351102251959596
948.0 0.6250250250262627
948.5 0.7713605327030303
949.0 0.5789453654787878
949.5 0.680031974420202
950.0 0.5910250172686868
950.5 0.5015201258828283
951.0 0.5599708249575758
951.5 0.4655763201212122
952.0 0.5656692290181818
952.5 0.6493340815555556
953.0 0.5936151322141414
953.5 0.7821685565737374
954.0 0.6507480398383839
954.5 0.5770828636484848
955.0 0.3060392577519192
955.5 0.3416809778650505
956.0 0.3149521310375758
956.5 0.38507177033494955
957.0 0.4446203381737374
957.5 0.30950130122181824
958.0 0.33395199104202017
958.5 0.4334850470626263
959.0 0.4293950816727273
959.5 0.3987602520937374
960.0 0.4757882375959596
960.5 0.4067209331797979
961.0 0.45733477949494955
961.5 0.39557499041050503
962.0 0.5003117922262627
962.5 0.4104381564000001
963.0 0.39736853132202027
963.5 0.48287802136161617
964.0 0.45310194455757585
964.5 0.328810413849697
965.0 0.30997579096767675
965.5 0.34200138832121213
966.0 0.32695295685131315
966.5 0.3442371939458586
967.0 0.35538741035151517
967.5 0.4149647926949495
968.0 0.48287190777777783
968.5 0.5971692560121212
969.0 0.6131882148525253
969.5 0.5591667404323233
970.0 0.4564882047313132
970.5 0.4861316461333333
971.0 0.4602968720121212
971.5 0.4860609147232324
972.0 0.46121711817777783
972.5 0.5138377485535354
973.0 0.4479626945212121
973.5 0.41313489928888897
974.0 0.4114002152767677
974.5 0.4671904227474748
975.0 0.5123322276565657
975.5 0.44582366878787877
976.0 0.40024464831797985
976.5 0.381294272649697
977.0 0.39015834656161624
977.5 0.4229075792808081
978.0 0.455869035179798
978.5 0.3740597686711111
979.0 0.3614849526189899
979.5 0.25996534381454545
980.0 0.26896705305131313
980.5 0.2766807820525253
981.0 0.2928671501240404
981.5 0.28387320818020206
982.0 0.3010006013107071
982.5 0.35400619528606064
983.0 0.38721701696646466
983.5 0.34182608480888893
984.0 0.34038479415030304
984.5 0.3254597874957576
985.0 0.2731274522577778
985.5 0.31563268007717177
986.0 0.3406486304824243
986.5 0.2225978693135354
987.0 0.26754144128444446
987.5 0.2671701325220202
988.0 0.249001457359596
988.5 0.24493198181454548
989.0 0.22969767360000004
989.5 0.1055645993349495
990.0 0.19246679449414142
990.5 0.19243631714545456
991.0 0.1085312849579798
991.5 0.1306762810008081
992.0 0.19763002771636365
992.5 0.18129912745171717
993.0 0.21863765863757575
993.5 0.19076517767555556
994.0 0.16928723858303033
994.5 0.11063717157090909
995.0 0.14813543260525255
995.5 0.10437730449616162
996.0 0.2715473368105051
996.5 0.5816445320323232
997.0 0.956311203640404
997.5 1.351606151608081
998.0 1.450943219660606
998.5 1.5890809464525253
999.0 1.6491363244848485
999.5 1.5778502469414144
1000.0 1.4168759841777778
1000.5 1.4033022305171718
1001.0 1.5602432816242426
1001.5 1.5632605573818183
1002.0 1.811559124367677
1002.5 1.8738466633535353
1003.0 1.882467225446465
1003.5 1.6503608953858586
1004.0 1.6526071100606063
1004.5 1.5585008291878788
1005.0 1.5661380578949495
1005.5 1.5902071932242423
1006.0 1.6380011256242424
1006.5 1.6116409376767677
1007.0 1.5767676767676768
1007.5 1.5734875823757577
1008.0 1.3131533516969698
1008.5 1.3282123341131313
1009.0 1.536969696969697
1009.5 1.5497283392929295
1010.0 1.7322733831838386
1010.5 1.7278683491434343
1011.0 1.7188936988929295
1011.5 1.726229681430303
1012.0 1.6893820379030304
1012.5 1.554411116238384
1013.0 1.5466532359595961
1013.5 1.3219391914141416
1014.0 1.3300936971515152
1014.5 1.5507737165454545
1015.0 1.5526587512565657
1015.5 1.6849807162545456
1016.0 1.664367484367677
1016.5 1.6726552145656566
1017.0 1.6809830261373742
1017.5 1.6813404634585858
1018.0 1.6785919804121212
1018.5 1.6907422852363638
1019.0 1.6936361376646465
1019.5 1.7315415019757578
1020.0 1.727700190307071
1020.5 1.5282226848646465
1021.0 1.4878315065535357
1021.5 1.5068167388161617
1022.0 1.6259554748161618
1022.5 1.7414200977818182
1023.0 1.8000150886464648
1023.5 1.7593036750464648
1024.0 1.6822503516161615
1024.5 1.681259441260606
1025.0 1.6935144548929293
1025.5 1.67597074190303
1026.0 1.6875776634262625
1026.5 1.7076734558707072
1027.0 1.6888978179595961
1027.5 1.6417526255919193
1028.0 1.646388888888889
1028.5 1.5271822222222224
1029.0 1.5237650579878788
1029.5 1.4524842629171717
1030.0 1.449548626359596
1030.5 1.4549075453979798
1031.0 1.4464203128525253
1031.5 1.408864807010101
1032.0 1.3900109318303029
1032.5 1.3852728023717171
1033.0 1.3750748868
1033.5 1.3840275698141413
1034.0 1.5446503126505051
1034.5 1.5478820550505052
1035.0 1.4692113941454548
1035.5 1.480769198258586
1036.0 1.2879286987515153
1036.5 1.2330498786303032
1037.0 1.531078527208081
1037.5 1.5318787878787878
1038.0 1.532381477107071
1038.5 1.5602189492686869
1039.0 1.54600850130101
1039.5 1.5723009128121213
1040.0 1.5870521305010101
1040.5 1.6555515035757578
1041.0 1.6439033816444448
1041.5 1.4652192688565657
1042.0 1.4633798394505053
1042.5 1.3365235521535352
1043.0 1.3407280350666666
1043.5 1.3216207845050505
1044.0 1.607520476977778
1044.5 1.6842935377858586
1045.0 1.6687683373252524
1045.5 1.5466532359595961
1046.0 1.555910729717172
1046.5 1.6845312726101012
1047.0 1.7491284942464647
1047.5 1.73532448669899
1048.0 1.679890140072727
1048.5 1.6793617860282828
1049.0 1.6516155263313133
1049.5 1.659596473640404
1050.0 1.5835339545050504
1050.5 1.538709315377778
1051.0 1.5617873651757577
1051.5 1.4475245765494948
1052.0 1.4259753545696972
1052.5 1.3765740546343432
1053.0 1.4098392374464648
1053.5 1.3847144714464648
1054.0 1.2677544677535355
1054.5 1.4340510025292932
1055.0 1.4735093135111113
1055.5 1.630840738210101
1056.0 1.6213190730828282
1056.5 1.4290083632000001
1057.0 1.4137863483313131
1057.5 1.259279979280808
1058.0 1.2462346542343434
1058.5 1.2204509027919193
1059.0 1.220719696969697
1059.5 1.2227620202020202
1060.0 1.3849421590222224
1060.5 1.5884757118909094
1061.0 1.4991972076808082
1061.5 1.299210207337374
1062.0 1.39196408529697
1062.5 1.6045805650101013
1063.0 1.599087572420202
1063.5 1.5934465534464648
1064.0 1.5935474596161618
1064.5 1.7403388902585857
1065.0 1.8089241933898992
1065.5 1.805758719268687
1066.0 1.4929231400282832
1066.5 1.491386508767677
1067.0 1.9078546259959595
1067.5 1.8987482801454547
1068.0 1.8925338950989898
1068.5 1.479377559377778
1069.0 1.4626522698262627
1069.5 1.2313626834383837
1070.0 1.2224469130222222
1070.5 0.8688760952686869
1071.0 0.9171730440686869
1071.5 0.9438339193050506
1072.0 0.9823402163232323
1072.5 0.7946678293737374
1073.0 0.8069657468525252
1073.5 0.8973839662464647
1074.0 1.0842622589535356
1074.5 0.9577975532686868
1075.0 0.6770814746464646
1075.5 0.6351605439878788
1076.0 0.7690389917818182
1076.5 0.7056913792
1077.0 0.5677009690828283
1077.5 0.5482882540727273
1078.0 0.6330406101818182
1078.5 0.6685091728444444
1079.0 0.6425152067111112
1079.5 0.6655975686060607
1080.0 0.8455561989333334
1080.5 0.8249905584040406
1081.0 0.761890292569697
1081.5 0.7264367045292929
1082.0 0.6786903372969698
1082.5 0.6979923779919193
1083.0 0.7871195076888888
1083.5 0.7710916698383837
1084.0 0.7902456717494951
1084.5 0.8199358288767677
1085.0 0.8011512979272727
1085.5 0.8238566737333334
1086.0 0.803771043769697
1086.5 0.8138670657171718
1087.0 1.01316462659798
1087.5 0.8611883108121213
1088.0 0.7691553836242425
1088.5 0.7745880349171718
1089.0 0.9326159844040404
1089.5 0.4104187736969697
1090.0 0.1962231394787879
1090.5 0.26467580009979796
1091.0 0.2672719926537374
1091.5 0.28412138488040406
1092.0 0.30719308309414145
1092.5 0.3455881725781818
1093.0 0.3894483294484849
1093.5 0.3393448851660606
1094.0 0.35112836227434346
1094.5 0.3080005088670707
1095.0 0.2713789233329293
1095.5 0.3245448323066667
1096.0 0.22318524292040406
1096.5 0.2597326803385858
1097.0 0.25346842220888893
1097.5 0.2531054961252525
1098.0 0.1816772984020202
1098.5 0.12406728245010101
1099.0 0.18579898602868689
1099.5 0.19417583964000001
1100.0 0.19579392900727274
1100.5 0.10575161560363637
1101.0 0.13447913058343433
1101.5 0.19530676234949496
1102.0 0.1602746978577778
1102.5 0.21542526661252526
1103.0 0.18130319589333335
1103.5 0.19038945981535352
1104.0 0.11835076960080809
1104.5 0.13804806392848484
1105.0 0.13777437102909093
1105.5 0.1263853617579798
1106.0 0.3307036020355556
1106.5 0.8164107020040404
1107.0 1.125805724589899
1107.5 1.4457961817131313
1108.0 1.5046548821535355
1108.5 1.648682170541414
1109.0 1.64735978570101
1109.5 1.4096399018424244
1110.0 1.3981661478505052
1110.5 1.5747055037898992
1111.0 1.5694246816000001
1111.5 1.8638692573575757
1112.0 1.8701854667070705
1112.5 1.7855334688000004
1113.0 1.6568006474222223
1113.5 1.6638919160040404
1114.0 1.5635675908
1114.5 1.5669276094262627
1115.0 1.6238816297535354
1115.5 1.6450995158707071
1116.0 1.5977927849939395
1116.5 1.572496219680808
1117.0 1.499359572739394
1117.5 1.3051501314505052
1118.0 1.3469552669535354
1118.5 1.5357575757575759
1119.0 1.5450109255838385
1119.5 1.669330430048485
1120.0 1.727700190307071
1120.5 1.7561155413777776
1121.0 1.6649543049535354
1121.5 1.7579528619515152
1122.0 1.5502356902343435
1122.5 1.4434989405252525
1123.0 1.3266166249656566
1123.5 1.413457653458586
1124.0 1.5589182144040405
1124.5 1.584881511507071
1125.0 1.667951972557576
1125.5 1.6588106319151519
1126.0 1.692138684137374
1126.5 1.6846589888080807
1127.0 1.6842452068888891
1127.5 1.6750313950303033
1128.0 1.6904099821737375
1128.5 1.7301913393737374
1129.0 1.7238124259353536
1129.5 1.500320570977778
1130.0 1.5002828282828284
1130.5 1.6234639073656567
1131.0 1.6292543411636364
1131.5 1.6177839228808084
1132.0 1.62991129569697
1132.5 1.6343788764848484
1133.0 1.7528427128444448
1133.5 1.8043304207717175
1134.0 1.7533868413858587
1134.5 1.6840593619474749
1135.0 1.6809506833050507
1135.5 1.693319800880808
1136.0 1.6842144522141416
1136.5 1.6832109454343438
1137.0 1.7117959927151514
1137.5 1.7139902521737376
1138.0 1.6433617512161616
1138.5 1.6574432754828285
1139.0 1.5495141895151516
1139.5 1.5332105586262628
1140.0 1.468867397377778
1140.5 1.4553840673737375
1141.0 1.4394585448404043
1141.5 1.4474374816121214
1142.0 1.4216881061333335
1142.5 1.3981661478505052
1143.0 1.3831354911636364
1143.5 1.3783968563919193
1144.0 1.4496760890545455
1144.5 1.5447112004
1145.0 1.5010734798989898
1145.5 1.4693205741616164
1146.0 1.4332981993858587
1146.5 1.2376871876646465
1147.0 1.3311951372121213
1147.5 1.530286146771717
1148.0 1.5151052761939396
1148.5 1.562087918290909
1149.0 1.5584977370141415
1149.5 1.552908128909091
1150.0 1.5576451160121214
1150.5 1.6412899364
1151.0 1.675371900828283
1151.5 1.6529592871959595
1152.0 1.4634025292282828
1152.5 1.2289826096
1153.0 1.3618855218868688
1153.5 1.3447707847717174
1154.0 1.3385427882909093
1154.5 1.6059995639838383
1155.0 1.6755507796646467
1155.5 1.6879518924646464
1156.0 1.5491760698303032
1156.5 1.5453229974141414
1157.0 1.7239704201373736
1157.5 1.75399711399596
1158.0 1.7053737373737372
1158.5 1.6695768350181819
1159.0 1.666689292929293
1159.5 1.6658883109010103
1160.0 1.6472069532525253
1160.5 1.5419837398383838
1161.0 1.531265597147475
1161.5 1.4452572564040402
1162.0 1.4317344877333333
1162.5 1.3923738545535354
1163.0 1.3939690094666668
1163.5 1.2664073044848485
1164.0 1.1951605947111112
1164.5 1.3295756739232323
1165.0 1.4499548009292929
1165.5 1.4500789715353537
1166.0 1.6204179536404044
1166.5 1.6259476975272726
1167.0 1.4320804050464648
1167.5 1.4252449683878787
1168.0 1.2639422799434343
1168.5 1.2511307359313133
1169.0 1.216546342969697
1169.5 1.2227114233656566
1170.0 1.2224469130222222
1170.5 1.2797545958505052
1171.0 1.5958810966828283
1171.5 1.5530358126707071
1172.0 1.299817850638384
1172.5 1.3276301476282828
1173.0 1.600519320630303
1173.5 1.5975962441333333
1174.0 1.5987781298222223
1174.5 1.594289218060606
1175.0 1.7413191971919193
1175.5 1.810409830791919
1176.0 1.7137931241212125
1176.5 1.4841921864161618
1177.0 1.5072384219555557
1177.5 1.890240678387879
1178.0 1.899121830549495
1178.5 1.6130083711717174
1179.0 1.4845995306585857
1179.5 1.3491035919717174
1180.0 1.2263494063030305
1180.5 0.9772295893898991
1181.0 0.8820622630101012
1181.5 0.934544016678788
1182.0 0.9648245771313132
1182.5 0.900245287519192
1183.0 0.7999066477050505
1183.5 0.8082934609252527
1184.0 0.861268889119192
1184.5 1.0847400070747475
1185.0 0.9755426606505052
1185.5 0.9671360952525254
1186.0 0.9449740649737374
1186.5 0.44845736274343445
1187.0 0.7592991135838384
1187.5 0.6233579417737374
1188.0 0.5109583467191919
1188.5 0.5980996218989899
1189.0 0.6620063650181819
1189.5 0.6647187817616161
1190.0 0.5785435506909091
1190.5 0.8423423139555557
1191.0 0.8325682355474747
1191.5 0.7891521273333334
1192.0 0.7383828624404041
1192.5 0.7062810440606061
1193.0 0.651095090969697
1193.5 0.7834382124929293
1194.0 0.7600059710424243
1194.5 0.8121670513898991
1195.0 0.8153711023272728
1195.5 0.8007461076929293
1196.0 0.8066961689212122
1196.5 0.884567924569697
1197.0 0.9307029717454546
1197.5 1.0237318237333333
1198.0 0.8015511902949495
1198.5 0.7729457518666667
1199.0 0.7816302786909092
1199.5 1.002206356759596
1200.0 0.926293731478788
1200.5 0.9216245791232324
1201.0 1.0856919609333335
1201.5 1.1181963749979797
1202.0 1.152533725777778
1202.5 1.3320685112000001
1203.0 1.3500386011151517
1203.5 1.1329784662020204
1204.0 1.1465365060000001
1204.5 1.3738173817373738
1205.0 1.343781365971717
1205.5 1.2782908733333336
1206.0 1.2302530730303032
1206.5 1.1785459336444444
1207.0 1.0572299263838383
1207.5 1.015106929260606
1208.0 1.0645481027515153
1208.5 1.1021913794424243
1209.0 1.1242978887070707
1209.5 0.9319757575757576
1210.0 0.8774183091676768
1210.5 0.869691305579798
1211.0 1.0742438643030303
1211.5 1.0887063224848486
1212.0 1.114259633369697
1212.5 1.0814853216484848
1213.0 1.0165331560565658
1213.5 0.7206539623030302
1214.0 0.9071049004727273
1214.5 0.9304157120404041
1215.0 0.9220254154464648
1215.5 0.8392959902060606
1216.0 0.8376859504121213
1216.5 0.9404414329616162
1217.0 0.9370695187151514
1217.5 0.9003875614141413
1218.0 0.8977451646505051
1218.5 0.8686718112808082
1219.0 0.8674109516202022
1219.5 0.8434531715151515
1220.0 0.9857551874787879
1220.5 0.8358451567717172
1221.0 0.8579742954828283
1221.5 0.9071520667434343
1222.0 1.0454890643111112
1222.5 0.6419370562949495
1223.0 0.4687552776444445
1223.5 0.6736081309979798
1224.0 0.946349330210101
1224.5 0.9682898198747476
1225.0 0.9913402283111111
1225.5 1.047410598880808
1226.0 1.2591490029818182
1226.5 1.1383478420565656
1227.0 0.9328484848484849
1227.5 0.8295536093656565
1228.0 0.9097418218868687
1228.5 0.9018735140282829
1229.0 0.8287891944040404
1229.5 0.7637683768363637
1230.0 0.7294134944808081
1230.5 0.8524334251595961
1231.0 0.8547289913575757
1231.5 0.7268352699919193
1232.0 0.8245681622424242
1232.5 0.7812470200808082
1233.0 0.8726894235111112
1233.5 1.110269282149495
1234.0 0.8391037334828283
1234.5 0.7232476380282828
1235.0 0.6168251798343435
1235.5 0.4564882047313132
1236.0 0.5027043158868687
1236.5 0.4029715560513132
1237.0 0.28672994023151516
1237.5 0.3017906229931313
1238.0 0.2143424626678788
1238.5 0.2175394058581818
1239.0 0.20157285595030305
1239.5 0.2636326225216162
1240.0 0.47888026075959605
1240.5 0.46062897532525254
1241.0 0.5266977891959597
1241.5 0.49706105755151514
1242.0 0.7805552911313133
1242.5 0.6198913357171718
1243.0 0.8233645092888889
1243.5 0.6808008225979799
1244.0 0.45404739216161616
1244.5 0.3269374396646465
1245.0 0.687804987139394
1245.5 0.7432499754828283
1246.0 0.6115463506909091
1246.5 0.9237368430343436
1247.0 0.9930767130747475
1247.5 0.8645117845131315
1248.0 0.7949240912121213
1248.5 0.9456524427959597
1249.0 1.0571407840202023
1249.5 0.5914569114585859
1250.0 0.8922317566909092
1250.5 0.8687777470747475
1251.0 0.9118277424444446
1251.5 1.096969696969697
1252.0 1.1003711533939395
1252.5 1.1640007591555557
1253.0 1.252219675749495
1253.5 1.343605179309091
1254.0 1.3193977510949495
1254.5 1.3184646464646466
1255.0 1.2471169798545454
1255.5 1.1232297619636364
1256.0 0.9410057187919191
1256.5 0.9369662632000001
1257.0 0.9458916567797981
1257.5 0.9939802821818181
1258.0 1.2450909090909092
1258.5 1.2242607434545456
1259.0 1.1404213353939394
1259.5 0.9286901706505052
1260.0 0.8456168881050506
1260.5 0.9181653572767678
1261.0 1.147392619478788
1261.5 1.1783813443070708
1262.0 1.2724223680080808
1262.5 1.1653652807151516
1263.0 1.0364648209212122
1263.5 0.7639830152323231
1264.0 0.6783795853252524
1264.5 0.7982686148525252
1265.0 1.0291427091434344
1265.5 0.841170166678788
1266.0 0.8606583823838384
1266.5 0.9836316340646465
1267.0 0.6520131973010102
1267.5 0.715148496169697
1268.0 0.6185316367151515
1268.5 0.8061590851555556
1269.0 0.8079257519838384
1269.5 0.7702829750303031
1270.0 0.7093719806747475
1270.5 0.7156222074747475
1271.0 0.6998420743636364
1271.5 0.9371784963717174
1272.0 0.9903416776444445
1272.5 0.9840819542949495
1273.0 1.0189928808363635
1273.5 0.8999804902626263
1274.0 0.7551886373737374
1274.5 0.887417027418182
1275.0 0.7459081094949496
1275.5 0.8193184920444444
1276.0 0.7840947405090909
1276.5 0.6975220807111112
1277.0 0.6951978270949496
1277.5 0.7078296892969699
1278.0 2.090232012961616
1278.5 2.0990293916606064
1279.0 1.1960402208040406
1279.5 0.7933892228646465
1280.0 0.6641282582989899
1280.5 0.5185637626262627
1281.0 0.881210200258586
1281.5 0.9243429334666667
1282.0 1.0198324997535355
1282.5 1.1149084002424243
1283.0 0.9102798687515152
1283.5 0.7373515521252526
1284.0 0.6247149460727273
1284.5 0.7175880128282829
1285.0 0.8794264410666668
1285.5 0.7751060671717172
1286.0 0.7279897153333335
1286.5 0.9323744107757577
1287.0 1.1033176957858586
1287.5 0.9037811311515153
1288.0 0.8457732455838385
1288.5 0.9534145854141415
1289.0 0.9264680417616162
1289.5 0.9133867888525252
1290.0 0.9148029312727274
1290.5 0.91135520149899
1291.0 0.8934402852040405
1291.5 0.8969789586424244
1292.0 0.8344572561414143
1292.5 0.7076169098383839
1293.0 0.5354312018666667
1293.5 0.48669232743030305
1294.0 0.44532918610505057
1294.5 0.6134441833858587
1295.0 0.772121834678788
1295.5 0.8709914823111111
1296.0 1.000932634618182
1296.5 1.2473431085050506
1297.0 1.289324762779798
1297.5 0.8340065590989899
1298.0 0.985815830258586
1298.5 1.2301441146666667
1299.0 1.1883064993373738
1299.5 1.1381633882666666
1300.0 1.1043543123555557
1300.5 1.0722762332525253
1301.0 0.9858045637414142
1301.5 1.0543236538747476
1302.0 1.1589321263636365
1302.5 1.0079107679111112
1303.0 0.9745550936808081
1303.5 0.8753217636323233
1304.0 0.9232369980808081
1304.5 1.0353572084484848
1305.0 1.1514983863515151
1305.5 1.2467136375030303
1306.0 1.253335086218182
1306.5 1.2603259259272728
1307.0 1.2661236569535355
1307.5 1.2961364292282829
1308.0 1.2536188957252525
1308.5 1.2095078444000003
1309.0 1.185930765559596
1309.5 1.1811045188727274
1310.0 1.1577338603434344
1310.5 1.0207299663313132
1311.0 0.6817360417373738
1311.5 0.7439403912202022
1312.0 0.4771927062828283
1312.5 0.4255305530545455
1313.0 0.48317497082020205
1313.5 0.7514103194101011
1314.0 0.615889289369697
1314.5 0.8067799345212121
1315.0 0.8361813001818182
1315.5 0.6887418765979798
1316.0 0.5525539686141415
1316.5 0.6558395341333333
1317.0 0.6964630667313131
1317.5 0.3540040404040405
1318.0 0.46421850907878787
1318.5 0.725352071438384
1319.0 0.799178066379798
1319.5 0.8088740162343435
1320.0 0.8498754037858586
1320.5 0.9940504625494949
1321.0 1.0791135232929292
1321.5 1.3781212121212123
1322.0 1.335656058068687
1322.5 1.202059890367677
1323.0 1.2415934627151515
1323.5 1.2494383422909092
1324.0 1.3975252525252524
1324.5 1.4916670282787878
1325.0 1.0022639509858586
1325.5 0.8637792559757577
1326.0 0.8768562182141415
1326.5 0.8743409669212121
1327.0 0.902229310650505
1327.5 0.9673881673898991
1328.0 1.2197421368161618
1328.5 1.0240310800323233
1329.0 0.8618343914626263
1329.5 0.905270578121212
1330.0 0.8007294894060607
1330.5 0.6862585337737374
1331.0 0.5443982486989899
1331.5 0.48332926636767687
1332.0 0.23120211379636366
1332.5 0.34060749847232324
1333.0 0.613222352278788
1333.5 0.2754115473806061
1334.0 0.22387308669535355
1334.5 0.5202401777373739
1335.0 0.9562230362222223
1335.5 0.8978044178060607
1336.0 0.6924493763919193
1336.5 0.6420211308484849
1337.0 0.6200868943515152
1337.5 0.5823947767272727
1338.0 0.667021909919192
1338.5 0.7436132236121212
1339.0 0.7521839080444445
1339.5 0.625098786610101
1340.0 0.6316614243717172
1340.5 0.8868686868686869
1341.0 0.9288704033818181
1341.5 0.912398551070707
1342.0 0.8119025274464646
1342.5 0.7875851472484849
1343.0 0.7674661400969697
1343.5 0.8976556562424243
1344.0 1.0202199949212123
1344.5 0.8948271143717172
1345.0 1.028547353878788
1345.5 1.1179143009050507
1346.0 1.0432338393333334
1346.5 1.0242261442262628
1347.0 0.996610507349495
1347.5 0.9676875580727273
1348.0 1.0099925045494949
1348.5 1.107870707070707
1349.0 1.1101861993414144
1349.5 0.8255783571797979
1350.0 0.9781690590101011
1350.5 1.099735360989899
1351.0 1.2751412211272728
1351.5 1.2268084352282829
1352.0 1.2322099499676769
1352.5 1.4010498288323232
1353.0 1.4232087947757577
1353.5 1.5774677685939393
1354.0 1.5638254889333334
1354.5 1.1456704980848487
1355.0 1.1361935950060607
1355.5 0.21579981492444447
1356.0 0.32904270185616163
1356.5 0.3357613284549495
1357.0 0.4116354585050505
1357.5 0.39523502684848494
1358.0 0.3065622964759596
1358.5 0.3573219666347475
1359.0 0.30282337392606057
1359.5 0.2607627293341414
1360.0 0.2689365253220202
1360.5 0.2881154618759596
1361.0 0.36137703566262624
1361.5 0.39122112211232324
1362.0 0.40501650164848485
1362.5 0.32773491688
1363.0 0.4203918378424243
1363.5 0.3367638222856566
1364.0 0.46425123070303037
1364.5 0.3169478390460606
1365.0 0.3151682753458586
1365.5 0.385696727029899
1366.0 0.319039712190303
1366.5 0.31174336195838387
1367.0 0.33251086329656565
1367.5 0.3160024994218182
1368.0 0.35981468823555557
1368.5 0.30694051145171714
1369.0 0.34730504257494954
1369.5 0.3562058765531313
1370.0 0.22285595004323233
1370.5 0.20019086571232325
1371.0 0.13389817320969696
1371.5 0.2563958577519192
1372.0 0.20237622602828284
1372.5 0.19835580771434344
1373.0 0.29775870290909096
1373.5 0.23723975146666668
1374.0 0.35209474390464646
1374.5 0.4306352822060606
1375.0 0.41499251386666675
1375.5 0.40537166957979803
1376.0 0.4155297523515151
1376.5 0.35775247757616163
1377.0 0.4152036540808081
1377.5 0.40101833199757575
1378.0 0.2946182584537374
1378.5 0.24178364776848485
1379.0 0.3554053584860606
1379.5 0.423657620379798
1380.0 0.4680743743151515
1380.5 0.38521139693979806
1381.0 0.41420381663838385
1381.5 0.32921470477414144
1382.0 0.2226224023676768
1382.5 0.287630743359192
1383.0 0.4210596605171717
1383.5 0.5099516124686868
1384.0 0.38367816695070706
1384.5 0.5205957883919192
1385.0 0.41391763451717173
1385.5 0.33366628583878793
1386.0 0.3610275988230303
1386.5 0.3118336008056566
1387.0 0.21254735807919192
1387.5 0.2580165648658586
1388.0 0.427105751389899
1388.5 0.4319061424727273
1389.0 0.4551979395191919
1389.5 0.35641065830707075
1390.0 0.33581245174424246
1390.5 0.3945450274416162
1391.0 0.35559716229050503
1391.5 0.34348516971838383
1392.0 0.35173669277050507
1392.5 0.3132874610767677
1393.0 0.2062688967951515
1393.5 0.21948175871151518
1394.0 0.27250574712646464
1394.5 0.2232722547107071
1395.0 0.42707601971313136
1395.5 0.33229911850585864
1396.0 0.4415843497535354
1396.5 0.4754430014424243
1397.0 0.39564430112848487
1397.5 0.43460385262222223
1398.0 0.36970929793050505
1398.5 0.34155672212484856
1399.0 0.37066309884282833
1399.5 0.3293458662775758
1400.0 0.33579354622828284
1400.5 0.3990717459515152
1401.0 0.4021979115575758
1401.5 0.4096109240565657
1402.0 0.36209682269212123
1402.5 0.38144708475636363
1403.0 0.3958284895963637
1403.5 0.3666426418258586
1404.0 0.34480822249373744
1404.5 0.38978254280404045
1405.0 0.3339861962735354
1405.5 0.3727483023656566
1406.0 0.29613626885494954
1406.5 0.27513689273696973
1407.0 0.31595914577535356
1407.5 0.4121245628363637
1408.0 0.32194356467919194
1408.5 0.3371715129046465
1409.0 0.31722582972565655
1409.5 0.3068800652646465
1410.0 0.21915025252525255
1410.5 0.13661994980323233
1411.0 0.41861789459797977
1411.5 0.35608534322828284
1412.0 0.2475146585519192
1412.5 0.34911010340929294
1413.0 0.3426538735878788
1413.5 0.3375774271640404
1414.0 0.2672002096892929
1414.5 0.3374939497571717
1415.0 0.17214478445535356
1415.5 0.29945886783353537
1416.0 0.5045505362545455
1416.5 0.501866684969697
1417.0 0.5007905138343435
1417.5 0.4990476951434344
1418.0 0.45701341281616165
1418.5 0.4074207557454546
1419.0 0.4468686868686869
1419.5 0.5317724776282828
1420.0 0.5370528091515151
1420.5 0.465070707070707
1421.0 0.45785399211717176
1421.5 0.19479283177535353
1422.0 0.47899940754343445
1422.5 0.29731046482707074
1423.0 0.21027582870949493
1423.5 0.17443065222060605
1424.0 0.1884573536840404
1424.5 0.14679749428646466
1425.0 0.18910998028686868
1425.5 0.4190411309818182
1426.0 0.5013238553373738
1426.5 0.45779386917575765
1427.0 0.4245317519151515
1427.5 0.43337419135353533
1428.0 0.44385037263838384
1428.5 0.43517993568888885
1429.0 0.3244949187179798
1429.5 0.34038412291919196
1430.0 0.2460828060828283
1430.5 0.35421127992565654
1431.0 0.3163313954484849
1431.5 0.2395025328359596
1432.0 0.2176949360367677
1432.5 0.13612109343555553
1433.0 0.15044910726343433
1433.5 0.13735237498747477
1434.0 0.12452633299919193
1434.5 0.14528724538020202
1435.0 0.19939007752242424
1435.5 0.34530276308040403
1436.0 0.30986170172
1436.5 0.8776505731474749
1437.0 0.8397606395717173
1437.5 0.8374587574585859
1438.0 0.8136509001454546
1438.5 0.715465829220202
1439.0 0.8087531873454545
1439.5 0.8500139860121213
1440.0 0.4585202973131313
1440.5 0.3283121725911112
1441.0 0.18317950904121214
1441.5 0.17523101464646465
1442.0 0.44467201159595965
1442.5 0.44553441390707077
1443.0 0.5506666666666667
1443.5 0.37767738585373745
1444.0 0.33362654507797984
1444.5 0.2876860648674748
1445.0 0.6792042877737375
1445.5 0.5991885800161616
1446.0 0.5642933311878787
1446.5 0.6351978738909091
1447.0 0.5447929588282828
1447.5 0.5696738816727273
1448.0 0.7832379722666668
1448.5 0.7844656968727274
1449.0 0.7205322991515152
1449.5 0.6828234555838385
1450.0 0.6912184343434343
1450.5 0.7093343805212121
1451.0 0.6690365272080809
1451.5 0.6343836911030304
1452.0 0.6913980424848485
1452.5 0.6562479073252526
1453.0 0.7025891620606061
1453.5 0.23530845646545454
1454.0 0.4319239083434343
1454.5 0.4254962568686869
1455.0 0.3410787926488889
1455.5 0.3057394429470707
1456.0 0.21916363190909094
1456.5 0.2409524506290909
1457.0 0.12852673974262627
1457.5 0.14579858601414145
1458.0 0.21446278604848487
1458.5 0.27487733780727275
1459.0 0.3720462106088889
1459.5 0.47475812387474753
1460.0 0.5971570247919192
1460.5 0.5306375627515152
1461.0 0.4795280702626263
1461.5 0.27412309887030306
1462.0 0.5288937180565657
1462.5 0.2787186147187879
1463.0 0.1854202502476768
1463.5 0.2335321197749495
1464.0 0.3225625193575758
1464.5 0.2743069854012122
1465.0 0.3853463328941415
1465.5 0.42268557130909096
1466.0 0.4890538459515152
1466.5 0.4916722783393939
1467.0 0.6492990911272728
1467.5 0.7881778414060606
1468.0 0.81311721869899
1468.5 1.0464005130666667
1469.0 0.8381749914666666
1469.5 0.7239611642464646
1470.0 0.5498144947555555
1470.5 0.6926682532121213
1471.0 0.7529619137535354
1471.5 0.7751601162181818
1472.0 0.7555679875676767
1472.5 0.7409016999272727
1473.0 0.7357124713656567
1473.5 0.8191461138262627
1474.0 1.0744833217939393
1474.5 0.9031134661737373
1475.0 0.839592740149495
1475.5 0.8181333333333334
1476.0 1.0166801457737376
1476.5 0.766218762549495
1477.0 0.8142647643313131
1477.5 0.8700917673454547
1478.0 0.7445629595070707
1478.5 0.7611398420686869
1479.0 0.8505762258343434
1479.5 0.9223722372242423
1480.0 0.6749309740565658
1480.5 0.7729457518666667
1481.0 0.8414437500808082
1481.5 0.8558334462343434
1482.0 0.8188011924404042
1482.5 0.7761049087353536
1483.0 0.8220821481414142
1483.5 0.8680132842747477
1484.0 0.8274132769858586
1484.5 0.7553177382464646
1485.0 0.629633797959596
1485.5 0.6705382759151516
1486.0 0.5017149468242424
1486.5 0.18897590133535355
1487.0 0.12535046332606062
1487.5 0.21257817319636366
1488.0 0.2800724279834344
1488.5 0.3292900289474748
1489.0 0.2787779470682828
1489.5 0.5305690155313132
1490.0 0.6281421954343435
1490.5 0.6731331967676768
1491.0 0.6368043660202021
1491.5 0.722461827579798
1492.0 0.652918955010101
1492.5 0.5511765233777778
1493.0 0.6568539693333334
1493.5 0.6635456141535354
1494.0 0.6456010751272727
1494.5 0.684290325939394
