0.0 0.9198453539538461
0.5 0.9020667726538462
1.0 0.91621301775
1.5 0.8935054207538462
2.0 0.9472278664730769
2.5 1.071436328376923
3.0 0.8529495283461538
3.5 0.8804854846653847
4.0 1.1066702717307693
4.5 1.2942042101115383
5.0 1.4355369075384614
5.5 1.51897806165
6.0 1.6120718306076924
6.5 1.623953049676923
7.0 1.5062278481
7.5 1.5116563436576922
8.0 1.4795370147076923
8.5 1.4896496572730769
9.0 1.291848341230769
9.5 1.145137201980769
10.0 1.4239265212384615
10.5 1.5565709494846152
11.0 1.5407154547576922
11.5 1.4723446153846154
12.0 1.472805594403846
12.5 1.6258265139115384
13.0 1.6732220609576924
13.5 1.6564363636346155
14.0 1.5998065934076924
14.5 1.5999043443615386
15.0 1.6416077616076923
15.5 1.6536357259769232
16.0 1.6677684691538461
16.5 1.57895104895
17.0 1.5690793144692308
17.5 1.6032158808923076
18.0 1.6146499866923079
18.5 1.6091778708384614
19.0 1.6987367903653845
19.5 1.702835279903846
20.0 1.6879823052346152
20.5 1.67433610975
21.0 1.6272462448807692
21.5 1.3667848101269229
22.0 1.3778491411499998
22.5 1.7593390313384614
23.0 1.7586192201153845
23.5 1.6599339311
24.0 1.6122625761346152
24.5 1.5707420814461537
25.0 1.1724703490346153
25.5 1.0836316843
26.0 0.902374298026923
26.5 0.9711709567038462
27.0 0.9800996901538461
27.5 0.9253187523307692
28.0 1.1133920704846154
28.5 1.3005178605192307
29.0 1.255522496373077
29.5 1.2314361500576922
30.0 1.0262225047692306
30.5 0.8979741051038461
31.0 1.3434492895653847
31.5 1.3290209790192307
32.0 1.0178791829653846
32.5 1.0636287960538462
33.0 1.2895454545461538
33.5 1.3142917771884615
34.0 1.2801183431961538
34.5 1.4593917710192308
35.0 1.7562110616653845
35.5 1.7569871794884615
36.0 1.4961872909692306
36.5 1.4542618582346154
37.0 1.0789634246346154
37.5 0.8960791541384615
38.0 1.370543723376923
38.5 1.3567877283999998
39.0 1.312754998303846
39.5 1.3133774834423078
40.0 1.0411228842730769
40.5 1.0874937965269231
41.0 1.3168894125576922
41.5 1.3629
42.0 1.5298317307692306
42.5 1.5288954635115384
43.0 1.3316119777653845
43.5 1.3374548406730769
44.0 1.3499492194846152
44.5 1.3591326794
45.0 1.2709163601461537
45.5 1.2316773504269232
46.0 1.1303225806461539
46.5 0.9426469826461538
47.0 0.6360072882846154
47.5 0.7742994116346155
48.0 0.4657929399384615
48.5 0.4123491196692307
49.0 0.7001843397346154
49.5 0.88032647585
50.0 0.9539288350807692
50.5 0.9426946386961539
51.0 0.9422870418153846
51.5 0.9684965671846154
52.0 0.8743052109192307
52.5 0.7968905905538461
53.0 0.6740276134115384
53.5 0.4307041744461538
54.0 0.47608465608461537
54.5 0.7296578999423077
55.0 0.8467407102692308
55.5 0.9489709095076923
56.0 1.0171775592846153
56.5 1.033423944476923
57.0 1.045112148126923
57.5 1.0952706552692308
58.0 1.184946841776923
58.5 1.4561601685999999
59.0 1.7136361249653844
59.5 1.7062101313307692
60.0 1.2533310890423075
60.5 1.2480987654307691
61.0 1.3366433566423077
61.5 1.3308538461538462
62.0 1.1209934460153845
62.5 1.1309009387692306
63.0 1.3638403701576922
63.5 1.3785721468076921
64.0 1.0568118628346155
64.5 0.9940116710884614
65.0 0.6425554106923077
65.5 0.5514091350807692
66.0 0.6268825910923077
66.5 0.6339633699615385
67.0 0.6387159913884615
67.5 0.5229734334576923
68.0 0.4669087037538461
68.5 0.5775492200115385
69.0 0.3635654645584615
69.5 0.18515691407038462
70.0 0.313311626645
70.5 0.224669689285
71.0 0.24624191550846156
71.5 0.2169119478523077
72.0 0.2680264015646154
72.5 0.1765442904923077
73.0 0.2721584237238462
73.5 0.14521802115038462
74.0 0.17929926872153845
74.5 0.20354430379730767
75.0 0.1944496132
75.5 0.14558060076884616
76.0 0.16524394880230767
76.5 0.18505091649692307
77.0 0.17478589247692308
77.5 0.143377031745
78.0 0.1464397688953846
78.5 0.18885819098923076
79.0 0.21831918970692304
79.5 0.24443062067692306
80.0 0.21396946770423078
80.5 0.1771843541073077
81.0 0.1989170305676923
81.5 0.2676540667746154
82.0 0.2133942905746154
82.5 0.2721032277826923
83.0 0.2595640046976923
83.5 0.2129514733053846
84.0 0.17982876485038463
84.5 0.19449730744538463
85.0 0.3659771156676923
85.5 0.29931612966884613
86.0 0.3963324466653846
86.5 0.44907484407307685
87.0 0.3654399308557692
87.5 0.32918284208
88.0 0.2924035252846154
88.5 0.2979464955411538
89.0 0.18693905817192308
89.5 0.2452154842996154
90.0 0.29322317188999997
90.5 0.13682360742692307
91.0 0.16995554696576923
91.5 0.22330687995999998
92.0 0.14619554001961538
92.5 0.12290499618153845
93.0 0.19473413164653847
93.5 0.10223090239230768
94.0 0.13595867441538462
94.5 0.19744679141153848
95.0 0.19064287192461538
95.5 0.12984330850230769
96.0 0.13540822952961537
96.5 0.13656786517730768
97.0 0.18387755679423076
97.5 0.18566525579692306
98.0 0.24645484949846153
98.5 0.25305523510692307
99.0 0.27453954496192307
99.5 0.14307295245961538
100.0 0.12577032446230768
100.5 0.20278770550384614
101.0 0.27420475926961535
101.5 0.2700452488688462
102.0 0.3061163227015385
102.5 0.25633855506192305
103.0 0.3760907944515385
103.5 0.3073183917107692
104.0 0.35686448953038463
104.5 0.34815814269038464
105.0 0.3655577090153846
105.5 0.3427145299146154
106.0 0.4760309658384615
106.5 0.4231578947384615
107.0 0.42856236546923077
107.5 0.3532726853984615
108.0 0.4107975846692307
108.5 0.4216241299307692
109.0 0.43450842057307687
109.5 0.4352330151615384
110.0 0.43146641877692304
110.5 0.48693120520384614
111.0 0.4503501066615384
111.5 0.47705717133461534
112.0 0.41956813262307696
112.5 0.3695032051280769
113.0 0.38866894198076923
113.5 0.4412390131538461
114.0 0.3147620167803846
114.5 0.34863226059653846
115.0 0.38639641608461534
115.5 0.35239459285499997
116.0 0.4896355641230769
116.5 0.370663779305
117.0 0.2503762836657692
117.5 0.21268634738115386
118.0 0.29311225309153843
118.5 0.20513295346615384
119.0 0.14783706293692306
119.5 0.2058996342707692
120.0 0.3087149374407692
120.5 0.31977280858692303
121.0 0.25064066852384614
121.5 0.26063996609461537
122.0 0.23810603431653848
122.5 0.28278910399192303
123.0 0.22910180420769227
123.5 0.2484326879626923
124.0 0.24565423536923076
124.5 0.27480719590153846
125.0 0.31259723654346155
125.5 0.32056602022807695
126.0 0.3683751904734615
126.5 0.35021084047384615
127.0 0.40364503713461536
127.5 0.4198338870423077
128.0 0.4524023668653846
128.5 0.46090176489999996
129.0 0.44559989030769226
129.5 0.40499974910769226
130.0 0.3483817590861538
130.5 0.37397435897423076
131.0 0.4741372141384615
131.5 0.26790277380615385
132.0 0.15796153846153846
132.5 0.15343428880461538
133.0 0.4115318199615384
133.5 0.25594957394653844
134.0 0.35877297333423075
134.5 0.37979214994884614
135.0 0.5635120781230769
135.5 0.39809006679615383
136.0 0.34291517773192304
136.5 0.35237213662192307
137.0 0.32128882438307693
137.5 0.36411260709923077
138.0 0.3685799191307692
138.5 0.16712900414038462
139.0 0.13006666555846152
139.5 0.3383985102419231
140.0 0.3261828898476923
140.5 0.4191699337576923
141.0 0.3074604620353846
141.5 0.3386074713530769
142.0 0.4347474258038461
142.5 0.3901941603692307
143.0 0.3279564212611538
143.5 0.3547230769230769
144.0 0.3626751592357692
144.5 0.3414221388369231
145.0 0.23401404961076924
145.5 0.21547315120846153
146.0 0.2818891988838461
146.5 0.2270143064480769
147.0 0.1448042184773077
147.5 0.31927496857384613
148.0 0.40837873712307693
148.5 0.4093279352230769
149.0 0.40316085924230766
149.5 0.5322368522384615
150.0 0.5187265366230769
150.5 0.4098824371923077
151.0 0.3344411822273077
151.5 0.32622137056307693
152.0 0.3528627450980769
152.5 0.4766363107923077
153.0 0.3312563029719231
153.5 0.3385928205126923
154.0 0.30231198968615386
154.5 0.3130874364815384
155.0 0.32564165103192305
155.5 0.31128744939269226
156.0 0.34415221142499997
156.5 0.2619509421088462
157.0 0.23031898376846152
157.5 0.19567724583115384
158.0 0.2975440559442307
158.5 0.23028701594538462
159.0 0.23410471881076922
159.5 0.10099441063576924
160.0 0.24665173997192308
160.5 0.3515654673753846
161.0 0.3065759479957692
161.5 0.3282825501346154
162.0 0.36022745221923075
162.5 0.3996996458884615
163.0 0.39112068476923073
163.5 0.39131034482692306
164.0 0.4012048583
164.5 0.39272067165769226
165.0 0.3915996639884615
165.5 0.3680742583053846
166.0 0.45679287536923074
166.5 0.4076482648653846
167.0 0.4699219288192307
167.5 0.4922508231076923
168.0 0.3938973221884615
168.5 0.4743595525115385
169.0 0.4784535836461538
169.5 0.47717435486923077
170.0 0.5182578397230768
170.5 0.5558621703038461
171.0 0.37221790827461537
171.5 0.5188090185692308
172.0 0.43893719806923076
172.5 0.44103257103076926
173.0 0.48427957828846147
173.5 0.5146500346499999
174.0 0.561968275626923
174.5 0.5194066140807693
175.0 0.40746633648076924
175.5 0.4898323471384615
176.0 0.39195920101923076
176.5 0.5000219538961538
177.0 0.4138450167730769
177.5 0.5082823678384616
178.0 0.49471075530769226
178.5 0.49279542920769226
179.0 0.46531661708461536
179.5 0.3886044843923077
180.0 0.4892282838307692
180.5 0.5081768129615384
181.0 0.34668190650346153
181.5 0.3019371381307692
182.0 0.38445742254846155
182.5 0.3942321678307692
183.0 0.32877315590461537
183.5 0.37877632454
184.0 0.31664319560692306
184.5 0.30330337078653846
185.0 0.32272532470384613
185.5 0.3098640172611538
186.0 0.36507276507269226
186.5 0.3935552447538461
187.0 0.41872165915
187.5 0.46158367129999994
188.0 0.48085053158076924
188.5 0.41583013277692304
189.0 0.4707692307692307
189.5 0.36383723522846156
190.0 0.4182637691153846
190.5 0.4777083467
191.0 0.38883076923076926
191.5 0.46883150507692306
192.0 0.46533351264230766
192.5 0.4712187341423077
193.0 0.40315884115769235
193.5 0.38980824333076924
194.0 0.37497162393153843
194.5 0.38137123745807694
195.0 0.40215315934230766
195.5 0.3896848525923077
196.0 0.37526455026461536
196.5 0.39620022389230763
197.0 0.33704381694269225
197.5 0.3165389465515384
198.0 0.35614782982384613
198.5 0.3423049603873077
199.0 0.3169207155084615
199.5 0.3827935468784615
200.0 0.3164689469380769
200.5 0.4026010023961538
201.0 0.44524542124615385
201.5 0.43771486791538455
202.0 0.41046196228076925
202.5 0.3310851419030769
203.0 0.34416776600115384
203.5 0.34960911680923074
204.0 0.34567401581769225
204.5 0.4102031602692308
205.0 0.41457684165
205.5 0.3840703579834615
206.0 0.42035433293846153
206.5 0.4759581076192308
207.0 0.40067433292307686
207.5 0.3184131591676923
208.0 0.4568839829807692
208.5 0.4588914319846154
209.0 0.445278592376923
209.5 0.4737159963538461
210.0 0.44238042759615387
210.5 0.47618064861923076
211.0 0.4201128601115385
211.5 0.4010586080576923
212.0 0.4002974490307692
212.5 0.46589585798846156
213.0 0.3649022930080769
213.5 0.45392397485769226
214.0 0.48000262985
214.5 0.5311734419423076
215.0 0.4523526265115384
215.5 0.4751245157730769
216.0 0.3961880470692308
216.5 0.42504577339230765
217.0 0.3670156356219231
217.5 0.3727339764634615
218.0 0.41632036674999995
218.5 0.4547718756884615
219.0 0.38846982163461535
219.5 0.3104356513053846
220.0 0.35438109335923074
220.5 0.5172998430153846
221.0 0.3480560275546154
221.5 0.37641534103307694
222.0 0.35863956043961537
222.5 0.3846301876807692
223.0 0.34483582642538463
223.5 0.2994549763034615
224.0 0.3872061223346154
224.5 0.3691688893630769
225.0 0.2856931868130769
225.5 0.21306266828576922
226.0 0.26506201056615386
226.5 0.25412233549576924
227.0 0.164569201905
227.5 0.1619821221707692
228.0 0.21859586871115383
228.5 0.19149510631115382
229.0 0.38577390221153846
229.5 0.4912631280153846
230.0 0.5010287118076923
230.5 0.41558319125384613
231.0 0.3968723981884615
231.5 0.19797313372999997
232.0 0.26086398756
232.5 0.36652816333846155
233.0 0.14507851093846152
233.5 0.3469681490384615
234.0 0.3368750384923077
234.5 0.23811869036769232
235.0 0.2576700256076923
235.5 0.24293997550038463
236.0 0.17588023339615383
236.5 0.20911489042653847
237.0 0.3799358974357692
237.5 0.5252023121384616
238.0 0.5273387653653846
238.5 0.39751282051153847
239.0 0.4678636678653846
239.5 0.4392507665653846
240.0 0.44925079802307694
240.5 0.45713491925769234
241.0 0.5081552528923077
241.5 0.4390137090615384
242.0 0.438
242.5 0.4911686909576923
243.0 0.5233585397653846
243.5 0.37726389552461537
244.0 0.38749726057307693
244.5 0.5652503871961538
245.0 0.4447116752384615
245.5 0.5051414640423078
246.0 0.4251470685
246.5 0.48156227673076923
247.0 0.37920531865153845
247.5 0.4755855236
248.0 0.40202909574999995
248.5 0.3990471763884615
249.0 0.4474396072
249.5 0.3965459486423077
250.0 0.30570781426961535
250.5 0.3545745447557692
251.0 0.3791073730738461
251.5 0.27364721485423077
252.0 0.171899130095
252.5 0.3888129692076923
253.0 0.3483707160419231
253.5 0.37223883808499997
254.0 0.43442164393076926
254.5 0.5185350844269231
255.0 0.5603743131884615
255.5 0.45909509686538463
256.0 0.5046452050153847
256.5 0.40213206046153843
257.0 0.34891942599269227
257.5 0.32880885636923074
258.0 0.3308822481292308
258.5 0.3684656471126923
259.0 0.34224673439769226
259.5 0.2671583767719231
260.0 0.2909299655569231
260.5 0.32638517279807694
261.0 0.32382597268499996
261.5 0.3600253807107692
262.0 0.4301857961461538
262.5 0.47547252747307694
263.0 0.43579059829230765
263.5 0.3317667732946154
264.0 0.3859743003
264.5 0.4104847836076923
265.0 0.33072236586961534
265.5 0.27788788915653845
266.0 0.2906301714646154
266.5 0.28937890170346153
267.0 0.18633290994153845
267.5 0.21232303855730766
268.0 0.15989250201576924
268.5 0.21109455651346154
269.0 0.32415680473384617
269.5 0.36254124189076925
270.0 0.3090476190476923
270.5 0.28754546481423077
271.0 0.2922888386123077
271.5 0.34434089117615385
272.0 0.2842935415676923
272.5 0.28430959359884617
273.0 0.3101236894803846
273.5 0.40835722727692303
274.0 0.29634342265923075
274.5 0.20209405501346153
275.0 0.28250873243807695
275.5 0.27181473456115385
276.0 0.2364426404046154
276.5 0.2943972693973077
277.0 0.3747377427911538
277.5 0.44566259114999995
278.0 0.48068620268461537
278.5 0.4834600419038461
279.0 0.34185629754846153
279.5 0.30755918779999997
280.0 0.18689090171692307
280.5 0.3286928129980769
281.0 0.4271127417461538
281.5 0.39117673992692303
282.0 0.3838166299853846
282.5 0.3549506903353846
283.0 0.5527496067692307
283.5 0.4585149985153846
284.0 0.5683630603961538
284.5 0.4827283332192308
285.0 0.5085860670307693
285.5 0.5378170268807693
286.0 0.5868815198038462
286.5 0.46306103745384614
287.0 0.3990228690230769
287.5 0.553578152826923
288.0 0.4613659712076923
288.5 0.44958579881538463
289.0 0.5227300930730769
289.5 0.5084637552653846
290.0 0.42182372302692306
290.5 0.517024898576923
291.0 0.5118422220807692
291.5 0.5409267472076923
292.0 0.6043597090576923
292.5 0.6695830886653846
293.0 0.6400163956807693
293.5 0.5769030100346154
294.0 0.4981562774346154
294.5 0.5164561184076922
295.0 0.5220874811461538
295.5 0.5186268277192307
296.0 0.4612913280653846
296.5 0.5480772355192307
297.0 0.5603089447884615
297.5 0.5243092294884615
298.0 0.48703931294999997
298.5 0.44691243347692305
299.0 0.5457288237038461
299.5 0.5768885478615384
300.0 0.43502975856153847
300.5 0.47634907926153847
301.0 0.46633629191153847
301.5 0.33331377661884615
302.0 0.4357845485423077
302.5 0.42858490566153845
303.0 0.5547265199384614
303.5 0.4582280351730769
304.0 0.560609949423077
304.5 0.305542727315
305.0 0.3135316472284615
305.5 0.29542052404192304
306.0 0.44458965035000003
306.5 0.500314636
307.0 0.6291712707192307
307.5 0.5478789703461538
308.0 0.48550556361923075
308.5 0.5670699010538461
309.0 0.5018875958
309.5 0.5848771367538461
310.0 0.3778033929815385
310.5 0.41798800233461536
311.0 0.4989928946538461
311.5 0.4703970223307692
312.0 0.42449212163461536
312.5 0.3144320611380769
313.0 0.2892321373603846
313.5 0.2485129169984615
314.0 0.24787436985461536
314.5 0.14500638828615384
315.0 0.16961357210192307
315.5 0.1551445329746154
316.0 0.16273434000038461
316.5 0.18056357749192306
317.0 0.2081301775146154
317.5 0.3540125811084615
318.0 0.34081193853999997
318.5 0.40758157615769236
319.0 0.43999535558846153
319.5 0.4876132674653846
320.0 0.35710909289846154
320.5 0.28407965638423077
321.0 0.3963822198576923
321.5 0.38556826849615383
322.0 0.36155107187884616
322.5 0.340154337675
323.0 0.4125107895423077
323.5 0.2865088211280769
324.0 0.3834899983738461
324.5 0.4793671328653846
325.0 0.37010710808192304
325.5 0.3592514763403846
326.0 0.33130509939499997
326.5 0.20575879137653846
327.0 0.29391294826153846
327.5 0.35616254785923074
328.0 0.14735988530961538
328.5 0.33112337801999997
329.0 0.3984440559423077
329.5 0.39884880636538456
330.0 0.36474343282192306
330.5 0.3777523809523077
331.0 0.3110570242157692
331.5 0.33640221503384615
332.0 0.38283617146230764
332.5 0.3225798816569231
333.0 0.3425395828661538
333.5 0.3402392186984615
334.0 0.3601901251334615
334.5 0.422061102926923
335.0 0.3045390131103846
335.5 0.3091767469173077
336.0 0.26024298392115386
336.5 0.2795296114446154
337.0 0.3831118587046154
337.5 0.4563425490576923
338.0 0.3524903407096154
338.5 0.3754501267961538
339.0 0.2906229454307692
339.5 0.19484628731576922
340.0 0.21703041144884616
340.5 0.23046598758923076
341.0 0.29583150183153845
341.5 0.27432912766230766
342.0 0.2130512431423077
342.5 0.26732258189269226
343.0 0.3372125852373077
343.5 0.133250557765
344.0 0.4615816843384615
344.5 0.3037047105296154
345.0 0.24199013895115382
345.5 0.27476952863192305
346.0 0.21601707069653847
346.5 0.17898549153115384
347.0 0.23345058737653848
347.5 0.4547407266
348.0 0.5190012708384615
348.5 0.5328343728346153
349.0 0.40655079926923077
349.5 0.46017182817307695
350.0 0.4354686770307692
350.5 0.4561018118
351.0 0.47572450805
351.5 0.4907572815538462
352.0 0.4388978186
352.5 0.47319247863076924
353.0 0.5440294634653846
353.5 0.4217830267576923
354.0 0.35427884615384614
354.5 0.5286254096769231
355.0 0.5431293165038462
355.5 0.4590181283692307
356.0 0.5064415736923077
356.5 0.41355685131153846
357.0 0.5041595441576923
357.5 0.4912631280153846
358.0 0.3462281167107692
358.5 0.45699255583076925
359.0 0.38953988274999996
359.5 0.40845469071153845
360.0 0.43973141383846154
360.5 0.32626295690115387
361.0 0.3309691519473077
361.5 0.3906749517884615
362.0 0.3352642140469231
362.5 0.16472934472923076
363.0 0.33766174801346155
363.5 0.36626034758192305
364.0 0.37339581304769226
364.5 0.4077360850538462
365.0 0.4978630137
365.5 0.5659493108038461
366.0 0.44045741884999995
366.5 0.504202593523077
367.0 0.44425537652692304
367.5 0.37483315055615385
368.0 0.2878617899511538
368.5 0.3360696917157692
369.0 0.36085765709384615
369.5 0.36705882352923075
370.0 0.33329304029307694
370.5 0.2856443464030769
371.0 0.3139893076480769
371.5 0.32441631117846154
372.0 0.3325658744019231
372.5 0.41907816044615387
373.0 0.38430495900038464
373.5 0.3609273224957692
374.0 0.30105409429269225
374.5 0.3319167121296154
375.0 0.34957568401346156
375.5 0.3833135397307692
376.0 0.4067270681576923
376.5 0.31901792382384614
377.0 0.27527989527999996
377.5 0.29135456017269235
378.0 0.2890396365346154
378.5 0.1878297898226923
379.0 0.2111278810980769
379.5 0.15217617028653846
380.0 0.21568518574384615
380.5 0.32703754298384613
381.0 0.3628504011326923
381.5 0.30732411499923074
382.0 0.2894871794873077
382.5 0.2920857385780769
383.0 0.3467391097130769
383.5 0.2866728266726923
384.0 0.2830235162373077
384.5 0.3295832934188461
385.0 0.39491212051923075
385.5 0.25652287168961535
386.0 0.23589081131615383
386.5 0.2797801067826923
387.0 0.2608800723084615
387.5 0.23706860706846153
388.0 0.2621529507234615
388.5 0.36056438127076923
389.0 0.5057040998230768
389.5 0.4812432012423077
390.0 0.4737804544192307
390.5 0.4950993779384615
391.0 0.32116101530692304
391.5 0.1953904074496154
392.0 0.3218610228430769
392.5 0.3933137942615384
393.0 0.41376438769615387
393.5 0.38265523383461536
394.0 0.3571790518480769
394.5 0.4589926739923077
395.0 0.49214762116538463
395.5 0.567168732126923
396.0 0.4845859219884615
396.5 0.4911262306884615
397.0 0.5344746550076922
397.5 0.5696551724153847
398.0 0.5135099515884616
398.5 0.3779836645130769
399.0 0.5368999421615385
399.5 0.4822981775615384
400.0 0.4270140995884615
400.5 0.4939287054423077
401.0 0.521151550923077
401.5 0.47170621931153844
402.0 0.4384215591923077
402.5 0.5174975117307692
403.0 0.5112277126846154
403.5 0.5706214870730769
404.0 0.6393021784307692
404.5 0.6528861061423077
405.0 0.606464224426923
405.5 0.5262073113692307
406.0 0.5010049627807692
406.5 0.5213785990538461
407.0 0.4858158104884615
407.5 0.46154914529999996
408.0 0.5457072792961538
408.5 0.5650678733038461
409.0 0.5231259089153846
409.5 0.4807772996230769
410.0 0.43857026807307686
410.5 0.5310325969615385
411.0 0.581421711703846
411.5 0.4226774557
412.0 0.4814399124
412.5 0.46670758782692306
413.0 0.3352494084696154
413.5 0.4370291777192307
414.0 0.4246131435923077
414.5 0.5588837660769231
415.0 0.46490313390384613
415.5 0.5618844609192307
416.0 0.3116280237715384
416.5 0.3065372953303846
417.0 0.31809541420115384
417.5 0.4601050462076923
418.0 0.5375947063692308
418.5 0.26442274931192306
419.0 0.1509493225223077
419.5 0.25050063950307694
420.0 0.12468427095307692
420.5 0.27224505430115387
421.0 0.22070103922884612
421.5 0.366413214115
422.0 0.29193110088807694
422.5 0.3214954549896154
423.0 0.3374125210023077
423.5 0.3071218416619231
424.0 0.3489175078315384
424.5 0.33092213727423075
425.0 0.315628647215
425.5 0.29891509620307694
426.0 0.3171856906534615
426.5 0.34567401581769225
427.0 0.3693495934957692
427.5 0.32331061343730766
428.0 0.29246804697461537
428.5 0.35860736877692306
429.0 0.2985249614930769
429.5 0.28696945466192303
430.0 0.2943470483003846
430.5 0.3227617577776923
431.0 0.32189026944
431.5 0.33792284866461536
432.0 0.19653643653653846
432.5 0.2544553262969231
433.0 0.23232273039346155
433.5 0.27421681141423077
434.0 0.31164591190499996
434.5 0.328222895215
435.0 0.2469077111230769
435.5 0.25369929712961536
436.0 0.24165398557923073
436.5 0.1816897693053846
437.0 0.21782245611807693
437.5 0.26292767862692307
438.0 0.26846466541576924
438.5 0.3110896677288461
439.0 0.2998959818807692
439.5 0.25696335078538457
440.0 0.20493640655384615
440.5 0.1839742596676923
441.0 0.146822742475
441.5 0.12529253566538462
442.0 0.18246981030923076
442.5 0.28004840466307696
443.0 0.3383989437134615
443.5 0.2975976754230769
444.0 0.29544105699730766
444.5 0.4159862341461538
445.0 0.3526382628084615
445.5 0.243009040175
446.0 0.28950744558999997
446.5 0.2782916767773077
447.0 0.2587951086346154
447.5 0.2388739020176923
448.0 0.20558430973
448.5 0.11000046648307692
449.0 0.1977620108742308
449.5 0.12503974998615383
450.0 0.10150119176615384
450.5 0.15900262709115384
451.0 0.23800335570461537
451.5 0.2244667935126923
452.0 0.2605328917657692
452.5 0.17942486391384616
453.0 0.22566535057846154
453.5 0.42486339856538463
454.0 0.42925955541153843
454.5 0.5107018528923077
455.0 0.5566929000576923
455.5 0.613106789673077
456.0 0.5069360519
456.5 0.3725157933853846
457.0 0.23906569162884617
457.5 0.46156710628461534
458.0 0.6621020390307693
458.5 0.39038238849615386
459.0 0.31295811832461534
459.5 0.48074074074230766
460.0 0.46846521899230764
460.5 0.4184345479076923
461.0 0.30979476055384614
461.5 0.2747400458619231
462.0 0.20866562009423076
462.5 0.16701919111807692
463.0 0.219895960155
463.5 0.13345488221346155
464.0 0.19634482758615385
464.5 0.20199578199576923
465.0 0.21019846049115382
465.5 0.18119170852346153
466.0 0.17038714495653845
466.5 0.13973008327230768
467.0 0.11037327720807691
467.5 0.11665343131461539
468.0 0.203270725185
468.5 0.17193583130192305
469.0 0.23527569204999998
469.5 0.12365223613576921
470.0 0.18553424897961537
470.5 0.14778698224846154
471.0 0.10167115421807692
471.5 0.10930231136115383
472.0 0.10254131054115384
472.5 0.1363944849
473.0 0.17260957066192306
473.5 0.21506149676884617
474.0 0.33280348188115383
474.5 0.3255071275676923
475.0 0.21612800796923073
475.5 0.2645633888973077
476.0 0.38380108370884614
476.5 0.37038220316269227
477.0 0.3369767681980769
477.5 0.3029977926784615
478.0 0.16587671812692306
478.5 0.193365349095
479.0 0.13936565803846152
479.5 0.18480827440846154
480.0 0.12712002972884615
480.5 0.11583295063153845
481.0 0.31060063224461537
481.5 0.3426832468911538
482.0 0.26340956340961535
482.5 0.241588488615
483.0 0.6153224861846154
483.5 0.6034732351730769
484.0 0.5110738766192308
484.5 0.7115202086038461
485.0 0.6675908260615384
485.5 0.6832603550307692
486.0 0.5763793466807692
486.5 0.48804284323461533
487.0 0.4484505411807692
487.5 0.5274468085115385
488.0 0.4419040943884615
488.5 0.26985266306038463
489.0 0.3209698461538461
489.5 0.503844731976923
490.0 0.5008144796384615
490.5 0.42590659340769227
491.0 0.3671346648211538
491.5 0.2500717240330769
492.0 0.28387106980423077
492.5 0.5159510044076923
493.0 0.47721371524615386
493.5 0.40819686642307695
494.0 0.4546107784423077
494.5 0.37629859387923076
495.0 0.36498999818153843
495.5 0.47370483935384616
496.0 0.5075057405269231
496.5 0.49037733736538464
497.0 0.39448871633076926
497.5 0.36573950204384614
498.0 0.16359345723384613
498.5 0.12601508132692307
499.0 0.15766509739576923
499.5 0.2733699822030769
500.0 0.3202772412226923
500.5 0.32493140316
501.0 0.3771460103742308
501.5 0.24619929756884615
502.0 0.19497291440961537
502.5 0.35128332063961537
503.0 0.4226170271
503.5 0.5165675658769231
504.0 0.5052646699692307
504.5 0.5167119722384615
505.0 0.6544758672692308
505.5 0.7301804368461539
506.0 0.5275962408615384
506.5 0.5288541905846154
507.0 0.47682372708076926
507.5 0.4338270721538462
508.0 0.3259944836042308
508.5 0.3574823196603846
509.0 0.4433088519538461
509.5 0.39316214066538463
510.0 0.4698901098884615
510.5 0.513960774326923
511.0 0.5960266239769231
511.5 0.5339785783846154
512.0 0.6961538461538461
512.5 0.5980568145538461
513.0 0.5775307608615384
513.5 0.7057213930346153
514.0 0.7473423831076923
514.5 0.4737804544192307
515.0 0.47812454212307687
515.5 0.4862735433884615
516.0 0.47246714070384616
516.5 0.6126820360653846
517.0 0.4931052346230769
517.5 0.5206109528346153
518.0 0.5684726153846154
518.5 0.6028036147230769
519.0 0.5039919557576923
519.5 0.4474405174423077
520.0 0.34370883882153846
520.5 0.3614830387003846
521.0 0.5249970052192308
521.5 0.7856637879076923
522.0 1.307338129496154
522.5 0.6505596728846154
523.0 0.4867503924653846
523.5 0.36974856858346156
524.0 0.3953942157692308
524.5 0.3208188441423077
525.0 0.4241063229961538
525.5 0.5448402577807692
526.0 0.41151169016538464
526.5 0.3824685138538461
527.0 0.3954324206884615
527.5 0.25774752793115385
528.0 0.5038298475730769
528.5 0.5551491365769231
529.0 0.6989403128
529.5 0.658866823376923
530.0 0.6866945752653846
530.5 0.8016079404461538
531.0 0.8087241701115385
531.5 0.7898777453192308
532.0 0.559689068826923
532.5 0.640870026526923
533.0 0.6546945000461538
533.5 0.6890452666615384
534.0 0.7208508922269231
534.5 0.7603943661961539
535.0 0.8109626373615384
535.5 0.848252747253846
536.0 0.6647764800653846
536.5 0.8871122320307693
537.0 0.8824743795538462
537.5 0.8945599793846153
538.0 0.9894080640538461
538.5 0.9588714574884616
539.0 0.9085443786999999
539.5 0.7351323347230769
540.0 0.7101991409615385
540.5 0.9238263027307692
541.0 1.0089421157692309
541.5 0.9368332198769231
542.0 0.9767734650653846
542.5 1.0059619254
543.0 1.0686137958423076
543.5 1.0587009877269231
544.0 1.0493608878692309
544.5 1.044230769230769
545.0 0.9122259006807693
545.5 1.0636287960538462
546.0 1.143951612903846
546.5 1.0191032496923076
547.0 1.0162771579576924
547.5 1.016256617876923
548.0 0.8854230769230769
548.5 0.8796389529653845
549.0 0.8767466927961538
549.5 1.1792048401038462
550.0 1.1768228980307691
550.5 1.0605832376576922
551.0 0.9412906556538462
551.5 0.9018803418807692
552.0 1.2547174089076922
552.5 1.2267216494846154
553.0 1.0467404537923077
553.5 1.092528490026923
554.0 1.1663148479423078
554.5 0.7699999999999999
555.0 0.6729156753884615
555.5 0.6000193517192307
556.0 0.6866124260346154
556.5 0.8739575596807692
557.0 1.0205715910692306
557.5 1.068658412826923
558.0 1.2374711927730768
558.5 1.2490249187423077
559.0 1.3127377521615384
559.5 1.3143950884807691
560.0 1.3662899931923076
560.5 1.3598392652115385
561.0 1.370393334626923
561.5 1.375058084773077
562.0 1.362232277526923
562.5 1.3549543968346154
563.0 1.2976420968076923
563.5 1.2926145322807692
564.0 1.526095317726923
564.5 1.5967105567115383
565.0 1.4919336626692308
565.5 1.38308497785
566.0 1.436452290876923
566.5 1.5493217768153846
567.0 1.5381196581192307
567.5 1.679508420573077
568.0 1.6785213373192307
568.5 0.4963733686192307
569.0 2.2547435897423074
569.5 2.253203026480769
570.0 1.5989590050653844
570.5 1.3754561717346154
571.0 1.1590334913576923
571.5 1.0300357781769232
572.0 1.0615124410461538
572.5 1.1081919268846154
573.0 1.5438606676346152
573.5 1.5505521472384616
574.0 0.9368332198769231
574.5 0.9968942667807692
575.0 1.1209934460153845
575.5 1.045226625226923
576.0 1.0190492653423076
576.5 1.2227335563
577.0 1.2267885960192306
577.5 0.4895777591961538
578.0 1.419119703826923
578.5 0.6620770128346154
579.0 0.6395043882307692
579.5 0.8479764821153846
580.0 0.853793825223077
580.5 0.6375046153846154
581.0 0.6524981401576923
581.5 0.9558974358961537
582.0 0.8757933026653846
582.5 0.7038022895038462
583.0 0.598644287473077
583.5 0.6187601809961538
584.0 0.49856100795769226
584.5 0.7440583885538461
585.0 0.5293238434153846
585.5 0.47470447985769226
586.0 0.6386634745499999
586.5 0.7695888254961538
587.0 0.8387076923076923
587.5 0.6935718826615385
588.0 0.8442750170192308
588.5 0.9273726273730769
589.0 1.0808003936346153
589.5 0.906616142476923
590.0 0.850885585003846
590.5 1.4659730677
591.0 1.4718799872307693
591.5 1.0305882352923077
592.0 0.8901944478423077
592.5 0.5949547947230769
593.0 0.887427572426923
593.5 0.8540755947346154
594.0 0.7964284415346153
594.5 0.6658835094615384
595.0 0.8217973071692307
595.5 0.8381061097423077
596.0 0.8804412191576924
596.5 0.9206607818423076
597.0 0.9410701157230769
597.5 0.9252959842423076
598.0 0.8954889178615384
598.5 0.7162691259692308
599.0 1.797415786826923
599.5 1.842593856653846
600.0 1.4016638176653846
600.5 0.7068772893769231
601.0 0.6968842354115384
601.5 0.6713876694038461
602.0 0.5969397811730769
602.5 0.5432882072153846
603.0 0.4786884338692307
603.5 0.7215270373192307
604.0 0.5892444141230769
604.5 0.642065709226923
605.0 0.51579439915
605.5 0.6119362261653847
606.0 0.5560836083615385
606.5 0.5462443438923077
607.0 0.7497768147346153
607.5 0.7691739644961538
608.0 0.5558322429576923
608.5 0.7021578163769231
609.0 0.7506104571576923
609.5 0.7371040724
610.0 1.1990989376692307
610.5 1.793076923076923
611.0 1.4623711340192307
611.5 0.7301620984384615
612.0 0.7157650951192308
612.5 0.46657134686923074
613.0 0.40944419741923077
613.5 0.7513174576
614.0 0.5491325695576923
614.5 0.4563010033461538
615.0 0.5542539388307692
615.5 0.4255698788384616
616.0 0.3731654186523077
616.5 0.3174079110742308
617.0 0.4843810650884615
617.5 0.47649138055769225
618.0 0.4867060063230769
618.5 0.49971131006923075
619.0 0.4916733425961538
619.5 0.3939132645269231
620.0 0.40363636363461536
620.5 0.47162697918076923
621.0 0.3969489551653846
621.5 0.4608104605961538
622.0 0.4089722430615384
622.5 0.30064246909692305
623.0 0.2827595640873077
623.5 0.28895373720884615
624.0 0.17873603124653845
624.5 0.11912173263615383
625.0 0.14372659278269231
625.5 0.23982376195807692
626.0 0.23538359450769228
626.5 0.18040396039615383
627.0 0.2845184490307692
627.5 0.3845349171376923
628.0 0.3706138200780769
628.5 0.3458653234876923
629.0 0.3527635924284615
629.5 0.39226136473461537
630.0 0.34218339852230767
630.5 0.4236972916269231
631.0 0.42692941093846154
631.5 0.18443450802076922
632.0 0.219350088855
632.5 0.14766925696307692
633.0 0.26928565827653844
633.5 0.22798852491846155
634.0 0.29380834977
634.5 0.2646470588234615
635.0 0.22261719456999998
635.5 0.294495684105
636.0 0.15691090916
636.5 0.25731738542
637.0 0.28339254559884614
637.5 0.1833341255380769
638.0 0.1938306960096154
638.5 0.12130541950769232
639.0 0.1625377558223077
639.5 0.3523476383265384
640.0 0.26187970195461535
640.5 0.2337846153846154
641.0 0.2863909348442308
641.5 0.35358100817
642.0 0.21491382255192307
642.5 0.26383275827076924
643.0 0.31888269922153845
643.5 0.36423849243115386
644.0 0.2844525130973077
644.5 0.2885374493926923
645.0 0.29535182849923075
645.5 0.23258140632384613
646.0 0.21038190582115385
646.5 0.2996419932269231
647.0 0.37084208270846153
647.5 0.30170118343192304
648.0 0.2511838516092308
648.5 0.24578618467153845
649.0 0.17632266964461538
649.5 0.33512261022653844
650.0 0.3095008233357692
650.5 0.2682486860061538
651.0 0.3839023020773077
651.5 0.4589926739923077
652.0 0.48141419162307686
652.5 0.5748405797115385
653.0 0.39726122341923076
653.5 0.3784862130653846
654.0 0.3964548495
654.5 0.3668640646030769
655.0 0.4096620534269231
655.5 0.4613301592038461
656.0 0.38109508903384615
656.5 0.4003912990653846
657.0 0.48178815948461534
657.5 0.37994515803153844
658.0 0.29305406003384615
658.5 0.3814226633580769
659.0 0.3930284728230769
659.5 0.3600850853326923
660.0 0.34481467164884616
660.5 0.31095300603846154
661.0 0.4560319814307692
661.5 0.34552741617346155
662.0 0.39548679025
662.5 0.5176620644307692
663.0 0.4124455793153846
663.5 0.2998932173226923
664.0 0.3590812512296154
664.5 0.41735056152692307
665.0 0.4676370071346153
665.5 0.42470937422692306
666.0 0.40194307221923076
666.5 0.3889739963
667.0 0.3972626931576923
667.5 0.46340722134999995
668.0 0.5191492223615384
668.5 0.4223962331730769
669.0 0.32249014394423076
669.5 0.39298180018846146
670.0 0.32743857001384613
670.5 0.3229985063480769
671.0 0.18287134446499997
671.5 0.1936947746130769
672.0 0.3233067512011538
672.5 0.23327925097
673.0 0.38184820512807693
673.5 0.24047573739307693
674.0 0.1448182679153846
674.5 0.2371231797157692
675.0 0.26807671684884615
675.5 0.40289721958846153
676.0 0.5350760154307692
676.5 0.4980437744076923
677.0 0.45330948121538456
677.5 0.44540077968846153
678.0 0.42156534489999997
678.5 0.3632522407169231
679.0 0.26728233897923076
679.5 0.24161943319846155
680.0 0.31534596057192305
680.5 0.20644579513769232
681.0 0.12482573116076923
681.5 0.16168664538269228
682.0 0.16570931174076922
682.5 0.202819176815
683.0 0.1820627131003846
683.5 0.3526881165773077
684.0 0.3589329832307692
684.5 0.4032413864884616
685.0 0.47826366559615385
685.5 0.3632881974453846
686.0 0.3616646035957692
686.5 0.4654435124038462
687.0 0.5339471106769231
687.5 0.4357977630692308
688.0 0.4943164607423077
688.5 0.30161644058153847
689.0 0.4533947984038461
689.5 0.4925327660730769
690.0 0.4879777571807692
690.5 0.45963215731538465
691.0 0.4865885828846154
691.5 0.47549060542692306
692.0 0.5373630592038461
692.5 0.5598939953961538
693.0 0.56648226385
693.5 0.47308361203846155
694.0 0.366582405625
694.5 0.33012915279
695.0 0.29188656163115384
695.5 0.3692399131330769
696.0 0.34797453106192305
696.5 0.3661037007323077
697.0 0.3621966044853846
697.5 0.37448651521192305
698.0 0.43377541998076924
698.5 0.3964868314192308
699.0 0.3218310302923077
699.5 0.4980442804423077
700.0 0.5170071458576924
700.5 0.48422175174615384
701.0 0.2823772187103846
701.5 0.45008877713461537
702.0 0.3781572273880769
702.5 0.3816335664334615
703.0 0.4377455416538461
703.5 0.3726223226169231
704.0 0.3226663520526923
704.5 0.3432230084453846
705.0 0.35688070013807693
705.5 0.48687397708846153
706.0 0.3512297479226923
706.5 0.38247350704384614
707.0 0.3687613122173077
707.5 0.47779141104230766
708.0 0.4494685421692307
708.5 0.4449770378884615
709.0 0.4498122350076923
709.5 0.39508603633461536
710.0 0.42179467591153846
710.5 0.3813762132407692
711.0 0.37320559782115387
711.5 0.4755001031153846
712.0 0.39576020851538457
712.5 0.3445737278107692
713.0 0.4475094760307692
713.5 0.4237638640423077
714.0 0.4178541888230769
714.5 0.46531661708461536
715.0 0.374858882125
715.5 0.39793995754615386
716.0 0.4162453292115385
716.5 0.36800776510538463
717.0 0.4069587513923077
717.5 0.4246841975923077
718.0 0.30283197249692306
718.5 0.39049405878846155
719.0 0.28918676483038463
719.5 0.4092330586076923
720.0 0.3839829302988461
720.5 0.32272532470384613
721.0 0.3287346286930769
721.5 0.26652457534076923
722.0 0.28692389265038465
722.5 0.2979845736919231
723.0 0.3056967989080769
723.5 0.35917782622230765
724.0 0.3974054847692307
724.5 0.36680363115153847
725.0 0.39880491232307697
725.5 0.35645663890230767
726.0 0.34566826052653843
726.5 0.3564739069111538
727.0 0.32552937837076923
727.5 0.3093210566307692
728.0 0.35942708621346153
728.5 0.33236863778615383
729.0 0.37737330630538457
729.5 0.35330240948346153
730.0 0.3838747685573077
730.5 0.35068538274384614
731.0 0.27585798816576923
731.5 0.2975353959096154
732.0 0.1923030350073077
732.5 0.19322541029346155
733.0 0.16289122947153847
733.5 0.29915749196846153
734.0 0.4129027398538462
734.5 0.30386143657653847
735.0 0.3319427436030769
735.5 0.3701783805076923
736.0 0.34461240020884615
736.5 0.30533884113
737.0 0.29887895050692304
737.5 0.26943524829615384
738.0 0.46590446358461535
738.5 0.4130501719730769
739.0 0.4875746980307692
739.5 0.40635952838461536
740.0 0.33322738386307693
740.5 0.33208331521499995
741.0 0.3240593645484615
741.5 0.3118239838765384
742.0 0.3345844122873077
742.5 0.2757888265580769
743.0 0.21429711029692308
743.5 0.1889093848053846
744.0 0.16506425170923075
744.5 0.29483495145615385
745.0 0.20722883334269232
745.5 0.15180999924346153
746.0 0.1995092644580769
746.5 0.18870834333884615
747.0 0.14653729046076922
747.5 0.23928994082846156
748.0 0.36072937187884613
748.5 0.29993779304576923
749.0 0.33961706415846155
749.5 0.3579369515123077
750.0 0.37156157609
750.5 0.32902532975384613
751.0 0.31042212781346157
751.5 0.38828769458076917
752.0 0.3159156983165385
752.5 0.3236690647480769
753.0 0.18078784909346152
753.5 0.13362068592461537
754.0 0.14581110208115383
754.5 0.13654768143807694
755.0 0.16179562638653844
755.5 0.1753866363523077
756.0 0.20720184447692305
756.5 0.13753098517423076
757.0 0.11717338217346154
757.5 0.18378308368076923
758.0 0.18488170567461537
758.5 0.19978106302499998
759.0 0.22248239436615383
759.5 0.19177926421423078
760.0 0.14176871863153845
760.5 0.143915681325
761.0 0.2686562593615385
761.5 0.1944166872784615
762.0 0.32777239854153845
762.5 0.2909299655569231
763.0 0.30942827889153846
763.5 0.28673731454923074
764.0 0.28772819472615385
764.5 0.24685532084499998
765.0 0.2662646153846154
765.5 0.2946189960273077
766.0 0.33117122877115385
766.5 0.2782198255353846
767.0 0.18977375565615384
767.5 0.19128049350423076
768.0 0.1751588252523077
768.5 0.3109806429892308
769.0 0.34744584894884617
769.5 0.37191689339615386
770.0 0.3516169729976923
770.5 0.3467132867134615
771.0 0.20061623312923074
771.5 0.25131645777
772.0 0.18443716259230766
772.5 0.1202647253473077
773.0 0.1330891220242308
773.5 0.10415183070192308
774.0 0.12100435044730769
774.5 0.2880087412588462
775.0 0.25526085564923073
775.5 0.18162400827884614
776.0 0.18038087023615385
776.5 0.2095233768003846
777.0 0.6672251366730768
777.5 0.8694369547961538
778.0 0.7144423742346153
778.5 0.5740158474153846
779.0 0.6397393756692308
779.5 0.7707058234615385
780.0 0.7608624287115385
780.5 0.8615728405653846
781.0 0.9770340479192308
781.5 0.9384227129346153
782.0 0.65318483985
782.5 0.8151507904884615
783.0 0.7503970842115384
783.5 0.7317583892615384
784.0 0.6093935525038461
784.5 0.5021214574884615
785.0 0.7258723487423077
785.5 0.9300832745230769
786.0 1.0998590254384615
786.5 1.12819370045
787.0 1.1621877742038462
787.5 0.9908465835846154
788.0 0.9128657314615385
788.5 0.8483822843807691
789.0 0.6640463192730769
789.5 0.5903405881384616
790.0 0.6038248100384614
790.5 0.5540941295538461
791.0 0.36629444369346154
791.5 0.40110239429615385
792.0 0.3828943937419231
792.5 0.3513809082484615
793.0 0.3883838706230769
793.5 0.39649859461923076
794.0 0.43423436376538455
794.5 0.40423753751923075
795.0 0.4085015838846153
795.5 0.4591062026461538
796.0 0.38535331905769227
796.5 0.39015384615384613
797.0 0.37820186183230764
797.5 0.3234139268780769
798.0 0.33280348188115383
798.5 0.33000092344615384
799.0 0.43667400465384615
799.5 0.48041655095769226
800.0 0.517297112826923
800.5 0.5390450928384615
801.0 0.4306135374076923
801.5 0.6816527686692307
802.0 0.9223386597307692
802.5 0.7849068322999999
803.0 0.7648999555346153
803.5 0.7805594405576923
804.0 0.7961195492423075
804.5 0.6501200161076922
805.0 0.5366590805653846
805.5 0.7466249149076923
806.0 0.7497041420115385
806.5 0.9053498260538461
807.0 0.6410033444807691
807.5 0.6140692640692307
808.0 0.6855118981730769
808.5 0.747934312876923
809.0 0.7537999538
809.5 0.5572592791807692
810.0 0.6299561876038462
810.5 0.7206766008846154
811.0 0.5400474996692307
811.5 0.7127237269769231
812.0 0.7333238072538462
812.5 0.5259461538461538
813.0 0.4730722038692307
813.5 0.61190017375
814.0 0.8007537012115384
814.5 0.6409556082692307
815.0 0.8208214046807691
815.5 0.9036313236307691
816.0 0.8148878923769232
816.5 0.6878868672307692
817.0 0.6834031298230769
817.5 0.7793472557461538
818.0 0.5914765281384615
818.5 0.83403207065
819.0 0.8747765409538462
819.5 0.8872434967076923
820.0 0.6834741366538462
820.5 0.593125
821.0 0.45155831265384616
821.5 0.5078643724692308
822.0 0.5029028377307692
822.5 0.5696818364884616
823.0 0.5081285531961538
823.5 0.6479426066153845
824.0 0.52167494865
824.5 0.6228031617500001
825.0 0.6115777800192307
825.5 0.736045972376923
826.0 0.76725052725
826.5 1.0491662531
827.0 1.025899925319231
827.5 0.7457326786692308
828.0 0.6909663703115384
828.5 1.0462790697692308
829.0 1.1422008976923077
829.5 0.7121762195807692
830.0 0.7206146861076923
830.5 0.8616854483115384
831.0 0.9478992042423078
831.5 1.0309890109884614
832.0 1.1622304333230769
832.5 1.2564522546423076
833.0 1.1284468397846155
833.5 1.1182525269846153
834.0 0.9582824025307692
834.5 0.9328539213230769
835.0 0.917386569873077
835.5 0.870576923076923
836.0 0.7874874829307692
836.5 0.7193713337038461
837.0 0.7194259737961538
837.5 0.843677996423077
838.0 0.7669874125884615
838.5 0.7694331983807693
839.0 0.8799248614615385
839.5 0.8729453441307692
840.0 0.9378512396692307
840.5 1.127646791076923
841.0 1.100267005723077
841.5 1.1106875425461538
842.0 2.161032594523077
842.5 1.4085241689423076
843.0 0.9998733469923077
843.5 1.197139514476923
844.0 1.2556671120461538
844.5 1.3797879014192307
845.0 1.370543723376923
845.5 0.9346759906769231
846.0 1.0222826230384614
846.5 1.2395
847.0 1.3107830907846154
847.5 1.3562422634846152
848.0 1.3255913249730769
848.5 1.3232038834961537
849.0 1.226420427173077
849.5 1.2076338851038462
850.0 1.1926128151615385
850.5 1.1955079825846153
851.0 1.0243584986423078
851.5 1.025370983446154
852.0 1.1893205627076922
852.5 1.1824102564115384
853.0 1.1924607329846153
853.5 1.183789234023077
854.0 1.139415271076923
854.5 1.129453274
855.0 1.1217446471038461
855.5 1.380693568726923
856.0 1.5176325616115385
856.5 1.2310256410269231
857.0 0.9650425690807692
857.5 1.3564937388192306
858.0 1.4326609105192307
858.5 1.194841832323077
859.0 1.093248868776923
859.5 1.720972187423077
860.0 1.723742749053846
860.5 1.4285954045961538
861.0 1.288496420046154
861.5 1.4191846153846153
862.0 1.4984906576076922
862.5 1.4729966089576922
863.0 1.4430358974346154
863.5 1.5187335316615385
864.0 1.6794097726192307
864.5 1.6791846639153847
865.0 0.5159237576576923
865.5 2.7973603238884617
866.0 2.7894188034192307
866.5 2.4438293584153845
867.0 1.0013501882730769
867.5 1.3337203166230769
868.0 1.724139313453846
868.5 1.7227881503615385
869.0 1.5013906213923076
869.5 1.4996729840192307
870.0 1.2744082147346154
870.5 1.2783123543115384
871.0 1.3391661773346153
871.5 1.2256096284653846
872.0 0.9393818924423077
872.5 0.9850694444461539
873.0 1.3612307692307692
873.5 1.3447707847692307
874.0 1.342328259976923
874.5 1.0450895334192307
875.0 0.9806440071538461
875.5 0.8258953846153846
876.0 0.9099644286346154
876.5 0.9638739926730769
877.0 1.0343388198423076
877.5 1.393234844626923
878.0 1.376978021976923
878.5 1.9999690242653845
879.0 2.468713692946154
879.5 2.4556442713423077
880.0 1.207090301003846
880.5 0.8995791652307691
881.0 0.8374193548384616
881.5 0.8216159225384615
882.0 0.9298545509076923
882.5 1.0677785765653844
883.0 0.7099375134653846
883.5 0.7371551812692307
884.0 0.7514314257153846
884.5 0.724301859276923
885.0 0.9072201455846153
885.5 0.8148837209307692
886.0 0.6618585197307693
886.5 0.7395964993076923
887.0 0.7934040415307692
887.5 0.8144403500692307
888.0 0.7587595287576923
888.5 0.5607754398076923
889.0 0.6443240589192307
889.5 0.7990304229538462
890.0 0.5535395565307693
890.5 0.7379803901730768
891.0 0.8256282847576922
891.5 0.9885761047461538
892.0 1.1362117452423077
892.5 0.9048907718769231
893.0 0.8661562689269231
893.5 0.8344358578038461
894.0 1.0191630990192309
894.5 0.9896282051269231
895.0 0.9663037115076922
895.5 1.065233192003846
896.0 1.0032509825923077
896.5 0.9452253233500001
897.0 0.6746534074307692
897.5 0.6188894332846153
898.0 0.4650030284692308
898.5 0.501593790823077
899.0 0.5787351841538462
899.5 0.7053846153846154
900.0 0.917386569873077
900.5 0.9205404682269229
901.0 0.8517464615384615
901.5 0.5987581759576922
902.0 0.8147829598230769
902.5 0.6668778280538461
903.0 0.6381892237884615
903.5 0.6402582818653846
904.0 0.5941124992076923
904.5 0.5930176192538462
905.0 0.6127429805615384
905.5 0.7273752201999999
906.0 0.7157650951192308
906.5 0.7492996555692307
907.0 0.6088869296884615
907.5 0.5821251742230769
908.0 0.6382499108307692
908.5 0.6656399414538462
909.0 0.655484256676923
909.5 0.7077597303076922
910.0 0.16162336293846152
910.5 0.17186009405423078
911.0 0.20713624484384616
911.5 0.18813629050307693
912.0 0.14379935853615386
912.5 0.11159300901692308
913.0 0.20094092017230766
913.5 0.1595067024126923
914.0 0.15392427725653846
914.5 0.2203418803419231
915.0 0.13597344363730768
915.5 0.10195623714230768
916.0 0.12501710674923075
916.5 0.1932581397096154
917.0 0.13257404002346154
917.5 0.15463556577653845
918.0 0.33584503088153844
918.5 0.3082355696053846
919.0 0.17386540649346152
919.5 0.15786518777153846
920.0 0.1577285318557692
920.5 0.16664652014653847
921.0 0.20201605394923075
921.5 0.29806727623538465
922.0 0.34045441417153843
922.5 0.37599244505499996
923.0 0.35166738773038464
923.5 0.36398113905307694
924.0 0.37006472306538457
924.5 0.30281235960653846
925.0 0.3305491918323077
925.5 0.30592900770115383
926.0 0.1984995657380769
926.5 0.3710242005184615
927.0 0.30076747051576924
927.5 0.2663482957719231
928.0 0.16212612612615382
928.5 0.15409170633923075
929.0 0.3314874657792307
929.5 0.27423824555576926
930.0 0.27016398479192305
930.5 0.38554105081538464
931.0 0.4327814486961538
931.5 0.4072697310346154
932.0 0.31962381916346155
932.5 0.40665528809230767
933.0 0.16642206980961538
933.5 0.15921391837192306
934.0 0.3232349366207692
934.5 0.24754162585692308
935.0 0.2752526101042308
935.5 0.2511044992742308
936.0 0.3160322862976923
936.5 0.4060592644769231
937.0 0.2949443402126923
937.5 0.3535985556773077
938.0 0.49003008165
938.5 0.46107387174615383
939.0 0.5270613398499999
939.5 0.4616761594807692
940.0 0.5460524575692307
940.5 0.5120473372769231
941.0 0.5175574940538461
941.5 0.2692481504592308
942.0 0.2993270083953846
942.5 0.41502280633846156
943.0 0.3858427601807692
943.5 0.35661299940384616
944.0 0.5141756651461539
944.5 0.4618627037076922
945.0 0.5871378367807693
945.5 0.48180337043846155
946.0 0.5029247675384616
946.5 0.5413838998192307
947.0 0.5791071260038462
947.5 0.4849463831884615
948.0 0.39107604017307696
948.5 0.5419330116384615
949.0 0.4595523936576923
949.5 0.4456018240730769
950.0 0.5214973092769231
950.5 0.5065405786884615
951.0 0.41711795928076917
951.5 0.5043818227961538
952.0 0.5201218136692307
952.5 0.5072605790653846
953.0 0.5784424666230769
953.5 0.6500663967615384
954.0 0.6319715429076923
954.5 0.5738883479384616
955.0 0.5088961189884615
955.5 0.5038393355230769
956.0 0.5167786820692308
956.5 0.46146418113076926
957.0 0.46992330931923076
957.5 0.5560426504192307
958.0 0.5602788360230769
958.5 0.5191405242807692
959.0 0.4458552418038461
959.5 0.4664964848807692
960.0 0.5472728664384615
960.5 0.5906783369807692
961.0 0.3933983687846154
961.5 0.48870528648461536
962.0 0.44087606837692306
962.5 0.35093285443461536
963.0 0.4222592461307692
963.5 0.4370313483576923
964.0 0.5907897208230769
964.5 0.4572500754153846
965.0 0.4538842540884615
965.5 0.33856735307846153
966.0 0.26397968069653843
966.5 0.4033607800653846
967.0 0.47641847313846153
967.5 0.5848737781538461
968.0 0.5675282926038462
968.5 0.4925744600230769
969.0 0.5513895340884616
969.5 0.4858681318692307
970.0 0.5842701896423076
970.5 0.45214115781153846
971.0 0.3950978407538462
971.5 0.43504161412307696
972.0 0.47881856539999995
972.5 0.45810650887692306
973.0 0.5004973973384615
973.5 0.5081283089384615
974.0 0.29445940664423076
974.5 0.2506252143103846
975.0 0.2702537253323077
975.5 0.17462434404192306
976.0 0.15155251457153845
976.5 0.16357982717115382
977.0 0.1678998096876923
977.5 0.1770626159146154
978.0 0.17067318706499998
978.5 0.35797833935
979.0 0.3222523213219231
979.5 0.41878643096153845
980.0 0.42026428878461536
980.5 0.4965027322423077
981.0 0.38023002240461534
981.5 0.2655987664896154
982.0 0.38703356264230765
982.5 0.4019788934307692
983.0 0.35621240694807693
983.5 0.3503646526484615
984.0 0.36892623369384614
984.5 0.4530307495807692
985.0 0.41829201101923075
985.5 0.30282980405192306
986.0 0.23725050976692308
986.5 0.36737593052115386
987.0 0.303258725666923
987.5 0.26801052567153844
988.0 0.2619457961392308
988.5 0.17133369600692308
989.0 0.34706489041692307
989.5 0.44441318681153846
990.0 0.4046131678115385
990.5 0.4829288059807692
991.0 0.508587237626923
991.5 0.4646776266846154
992.0 0.4854492506576923
992.5 0.3954056295961539
993.0 0.4418003273307692
993.5 0.39312593223846154
994.0 0.3523898653276923
994.5 0.46306457947692303
995.0 0.3641577803084615
995.5 0.2140060484473077
996.0 0.32544321005
996.5 0.5128145842615385
997.0 0.5295130301115385
997.5 0.5821450838307692
998.0 0.48841963483846157
998.5 0.49004984507692306
999.0 0.5028729654884615
999.5 0.5711638418076923
1000.0 0.5362824409615384
1000.5 0.5568426134538461
1001.0 0.6097110694192307
1001.5 0.4299616450038461
1002.0 0.4169902740923077
1002.5 0.48210637362692305
1003.0 0.4767140468230769
1003.5 0.3753429487180769
1004.0 0.2182363360323077
1004.5 0.46017842659999997
1005.0 0.5722892122884615
1005.5 0.54118824265
1006.0 0.5273432449884615
1006.5 0.4768172142
1007.0 0.47246714070384616
1007.5 0.29307856089961537
1008.0 0.40625508685
1008.5 0.44350030337692303
1009.0 0.52597392245
1009.5 0.577962806423077
1010.0 0.6008631368615385
1010.5 0.5959907692307692
1011.0 0.5555182072846153
1011.5 0.5219620558807693
1012.0 0.5720876456884615
1012.5 0.4594034057538462
1013.0 0.5473493975884615
1013.5 0.4839006463076923
1014.0 0.5021214574884615
1014.5 0.43310200035
1015.0 0.4366023984615385
1015.5 0.4755635062615384
1016.0 0.5540650320961539
1016.5 0.6503306055653846
1017.0 0.4100844819923076
1017.5 0.5011221122115385
1018.0 0.5956726677576922
1018.5 0.43186229155384614
1019.0 0.3297077108657692
1019.5 0.3430303618196154
1020.0 0.24590454800692307
1020.5 0.4974261061115385
1021.0 0.4513149145923077
1021.5 0.5045654041384615
1022.0 0.590675754626923
1022.5 0.4711435209076923
1023.0 0.38142368392
1023.5 0.515030148
1024.0 0.5022228721846154
1024.5 0.38180213395884616
1025.0 0.4704954925307692
1025.5 0.4682393755423077
1026.0 0.4730615384615384
1026.5 0.5202864605269231
1027.0 0.49715077404999997
1027.5 0.4996661694730769
1028.0 0.4206438702846153
1028.5 0.3683119363396154
1029.0 0.41072649572692305
1029.5 0.4460549702769231
1030.0 0.3650401521553846
1030.5 0.35710909289846154
1031.0 0.30283383283384613
1031.5 0.19060642518884616
1032.0 0.1906033182503846
1032.5 0.2548438946703846
1033.0 0.19542640912692305
1033.5 0.1597326124353846
1034.0 0.1852221406276923
1034.5 0.17876882644307693
1035.0 0.25550761776076925
1035.5 0.3406422703511538
1036.0 0.25546205655384613
1036.5 0.3034595593084615
1037.0 0.33633669235346153
1037.5 0.3397010832303846
1038.0 0.2985029320453846
1038.5 0.24252694165730768
1039.0 0.2271124386834615
1039.5 0.23950410966384617
1040.0 0.23718994388730766
1040.5 0.31706716244461536
1041.0 0.34214594060423076
1041.5 0.2923038952
1042.0 0.32490882090884615
1042.5 0.29810864393346154
1043.0 0.26406325619423077
1043.5 0.3429164265130769
1044.0 0.3806328922876923
1044.5 0.5102403326384616
1045.0 0.4330779811653846
1045.5 0.4396471295846153
1046.0 0.42423329506153845
1046.5 0.36587558528423075
1047.0 0.3432230084453846
1047.5 0.2508378658376923
1048.0 0.37184999999999996
1048.5 0.36238337005461535
1049.0 0.3622197296180769
1049.5 0.4814547692307692
1050.0 0.3116981132076923
1050.5 0.21741502021307693
1051.0 0.17832350826730767
1051.5 0.24381627761923075
1052.0 0.3738166553211538
1052.5 0.3828912834738461
1053.0 0.40461692153846157
1053.5 0.2886264255103846
1054.0 0.27078097475038465
1054.5 0.21517241379307692
1055.0 0.1368024206430769
1055.5 0.24861637557307692
1056.0 0.39872748695384613
1056.5 0.29108943490961536
1057.0 0.36618394648846153
1057.5 0.44188312041153843
1058.0 0.4182766680846154
1058.5 0.4567986425346154
1059.0 0.39378383641538456
1059.5 0.3873124668423077
1060.0 0.42741528568076925
1060.5 0.386272611
1061.0 0.3694674556211538
1061.5 0.4436637455384615
1062.0 0.4379054385115384
1062.5 0.40379955123461536
1063.0 0.3676644081307692
1063.5 0.4310540276423077
1064.0 0.41305239978076924
1064.5 0.26474484419692307
1065.0 0.3385354300873077
1065.5 0.3884016783230769
1066.0 0.40977793568846155
1066.5 0.4928096755307692
1067.0 0.40884497041538465
1067.5 0.37082377002615385
1068.0 0.37864473821153843
1068.5 0.34012607345153845
1069.0 0.35951635846384616
1069.5 0.3855140344
1070.0 0.31705868878
1070.5 0.3344234628246154
1071.0 0.3825413526707692
1071.5 0.3661993995238461
1072.0 0.39909468015384614
1072.5 0.34807692307692306
1073.0 0.3849671268884615
1073.5 0.4195658254807692
1074.0 0.4058655221730769
1074.5 0.32355230508038463
1075.0 0.3303531208246154
1075.5 0.37187464387461533
1076.0 0.3452617441992308
1076.5 0.2862465324238462
1077.0 0.35204406846346153
1077.5 0.30259268842653847
1078.0 0.2121735204
1078.5 0.28909307128999995
1079.0 0.39507692307692305
1079.5 0.4562767410115384
1080.0 0.40598826241923075
1080.5 0.34915492957730765
1081.0 0.4257408136846154
1081.5 0.30138716966307694
1082.0 0.42773167131538464
1082.5 0.40442136498461534
1083.0 0.2673897972761538
1083.5 0.15831907886346153
1084.0 0.18106546385461536
1084.5 0.28445307778653844
1085.0 0.42308753315769226
1085.5 0.4927269324346154
1086.0 0.4429788182846154
1086.5 0.45361007279230764
1087.0 0.4186764705884616
1087.5 0.46313673092692303
1088.0 0.47578049069615386
1088.5 0.4841943176384615
1089.0 0.43419485542307695
1089.5 0.3755732784496154
1090.0 0.41135829959615383
1090.5 0.4513149145923077
1091.0 0.3928829431423077
1091.5 0.4389782183961538
1092.0 0.3862469579923077
1092.5 0.14663668377961536
1093.0 0.34600163666115386
1093.5 0.42436824219999997
1094.0 0.4872488771653846
1094.5 0.4583410256423076
1095.0 0.3332592592592308
1095.5 0.3240147523707692
1096.0 0.4188902455576923
1096.5 0.43129180601923073
1097.0 0.25622086247076925
1097.5 0.20880423033115383
1098.0 0.1826444280753846
1098.5 0.15932401630115384
1099.0 0.17704034198423074
1099.5 0.2615642035130769
1100.0 0.39195580375769223
1100.5 0.4762867430423077
1101.0 0.42302238381923074
1101.5 0.36417867435153845
1102.0 0.3439316239315384
1102.5 0.34680230518653843
1103.0 0.4018995795192307
1103.5 0.35136650559384613
1104.0 0.2303862437307692
1104.5 0.22498297435884615
1105.0 0.2698934911242307
1105.5 0.21944532933576924
1106.0 0.18493058161346154
1106.5 0.14048031690999999
1107.0 0.11494107822230769
1107.5 0.14439512764884616
1108.0 0.18907572200692307
1108.5 0.16204997849115382
1109.0 0.11216676258076923
1109.5 0.18821681509
1110.0 0.49543303274230766
1110.5 0.5383338788884615
1111.0 0.5819744219730769
1111.5 0.4955911932576923
1112.0 0.5336385413884616
1112.5 0.61064627995
1113.0 0.7637483953769231
1113.5 0.7003462001307692
1114.0 0.6546079163538462
1114.5 0.5251469995961537
1115.0 0.7776890156923076
1115.5 0.7243592905230769
1116.0 0.6481187290961539
1116.5 0.6202622567461539
1117.0 0.6634756343115384
1117.5 0.64803900325
1118.0 0.4475376115615385
1118.5 0.4706010540653846
1119.0 0.49130620072307696
1119.5 0.44571428571538463
1120.0 0.41723718904230767
1120.5 0.3678160076969231
1121.0 0.3731436072461538
1121.5 0.5206183290384615
1122.0 0.7183139248807692
1122.5 0.7434775450461538
1123.0 0.7725313971730768
1123.5 0.6016911901653846
1124.0 0.6180580743769231
1124.5 0.7265240322423077
1125.0 0.7717048118807691
1125.5 0.46199082167692307
1126.0 0.5662791656346153
1126.5 0.48277459913846155
1127.0 0.49328182131923076
1127.5 0.5313779527576923
1128.0 0.5295464982769231
1128.5 0.5778850832884616
1129.0 0.5308206843307692
1129.5 0.55161922685
1130.0 0.5898943545730769
1130.5 0.6048157505
1131.0 0.5516078118769231
1131.5 0.6208667158192307
1132.0 0.6727828627076923
1132.5 0.5879337056384616
1133.0 0.6440010622307691
1133.5 0.6093322422269231
1134.0 0.6279254658384615
1134.5 0.5759638402961539
1135.0 0.5574256947230769
1135.5 0.7374086680269231
1136.0 0.553355272176923
1136.5 0.5621614748884616
1137.0 0.7042455374346154
1137.5 0.5695804195807692
1138.0 0.6066148666153846
1138.5 0.6928861217115384
1139.0 0.6911084043846154
1139.5 0.7415264890769231
1140.0 0.7235451505
1140.5 0.5143757881461539
1141.0 0.4701361470384615
1141.5 0.48503456285
1142.0 0.5079307408461539
1142.5 0.4559705898730769
1143.0 0.365367397945
1143.5 0.3818327615426923
1144.0 0.2651272357130769
1144.5 0.2540717272842308
1145.0 0.3880148237192308
1145.5 0.24615639222192306
1146.0 0.27478172441346155
1146.5 0.3535373091326923
1147.0 0.3488802675584615
1147.5 0.3430837004403846
1148.0 0.3690046385776923
1148.5 0.3517812570911539
1149.0 0.28491847304807694
1149.5 0.23742172581499998
1150.0 0.21057560288692306
1150.5 0.26840393536230767
1151.0 0.24277631820115386
1151.5 0.4906266624115384
1152.0 0.5066963292538461
1152.5 0.3877647560192307
1153.0 0.4809681284461539
1153.5 0.4195359820538461
1154.0 0.3690950840203846
1154.5 0.3328944968076923
1155.0 0.29382735685384614
1155.5 0.31235926528346153
1156.0 0.3985540682269231
1156.5 0.3441252552757692
1157.0 0.2980908051607692
1157.5 0.25464780430307693
1158.0 0.2883346972176923
1158.5 0.29849630595384613
1159.0 0.21224930902769232
1159.5 0.3303358743357692
1160.0 0.3670156356219231
1160.5 0.30340665213999995
1161.0 0.2764968209903846
1161.5 0.2286141658126923
1162.0 0.2785066708896154
1162.5 0.29526398413615385
1163.0 0.28558946935423074
1163.5 0.23023422943846153
1164.0 0.23737534452499998
1164.5 0.23995415870807693
1165.0 0.1731363395226923
1165.5 0.2442762649834615
1166.0 0.278315018315
1166.5 0.32444159178423077
1167.0 0.2856507119430769
1167.5 0.2694036125819231
1168.0 0.26272363474692306
1168.5 0.3451165177234615
1169.0 0.4150818517884615
1169.5 0.3697134767073077
1170.0 0.3536910669976923
1170.5 0.41728920760769234
1171.0 0.3848809058961538
1171.5 0.36772521062846153
1172.0 0.44012080298461537
1172.5 0.36981196581192305
1173.0 0.33648174881423076
1173.5 0.39076923076923076
1174.0 0.31734857804461536
1174.5 0.4796140444923077
1175.0 0.4592964147461538
1175.5 0.5776642079384615
1176.0 0.5302916188307691
1176.5 0.6753722681807691
1177.0 0.6967840593153846
1177.5 0.7506180972692308
1178.0 0.7657142857153846
1178.5 0.7238652889384616
1179.0 0.6920415068807692
1179.5 0.7725525822076923
1180.0 0.8124590163923078
1180.5 0.8204684142653845
1181.0 0.7807125771115385
1181.5 0.37215735404653844
1182.0 0.3224525347426923
1182.5 0.9358122555423076
1183.0 0.9184161869884615
1183.5 0.8129132569576922
1184.0 0.7344163083307692
1184.5 0.6415774647884616
1185.0 0.6436003536692307
1185.5 0.7485613053615384
1186.0 0.6135301735307692
1186.5 0.6133553030961538
1187.0 0.6404738227538461
1187.5 0.6803749895384615
1188.0 0.7468121028153846
1188.5 0.730877828053846
1189.0 0.6618919803615384
1189.5 0.7108899707884615
1190.0 0.623334836323077
1190.5 0.5517244079076923
1191.0 0.6079844206423077
1191.5 0.5622904154653846
1192.0 0.6790237416923077
1192.5 0.5577272727269231
1193.0 0.67984891755
1193.5 0.8512930796807693
1194.0 0.6304483996653846
1194.5 0.5477109934615385
1195.0 0.6770708601730769
1195.5 0.6734581433692307
1196.0 0.7455203619923076
1196.5 0.8955358619884616
1197.0 0.793281285876923
1197.5 0.7820800383423077
1198.0 0.7373345495076923
1198.5 0.6843157798
1199.0 0.7262643678153846
1199.5 0.7518618881115384
1200.0 0.7828552036192308
1200.5 0.6604532059769231
1201.0 0.6092881407115385
1201.5 0.5934267259461539
1202.0 0.5685216670115384
1202.5 0.6497435897423077
1203.0 0.5665553942923077
1203.5 0.6512279377076923
1204.0 0.5434865900384616
1204.5 0.832193483373077
1205.0 0.8068624708615384
1205.5 0.7943524829615385
1206.0 0.6753226857884616
1206.5 0.7438622678307691
1207.0 0.9197053280807692
1207.5 0.7774017094000001
1208.0 0.7218742455846154
1208.5 0.7895452991461539
1209.0 0.8971362965384615
1209.5 0.8897396449692307
1210.0 0.9445178593192307
1210.5 1.0152901023884615
1211.0 1.003427055703846
1211.5 1.0327621612538462
1212.0 1.0902508361192307
1212.5 0.8821359223307691
1213.0 0.8526202969730768
1213.5 0.8704660303192306
1214.0 0.8413277444192307
1214.5 0.8908530485346154
1215.0 0.9141212429961538
1215.5 0.9310839964615385
1216.0 0.9375932043423076
1216.5 0.9510002062269229
1217.0 0.6009498680730769
1217.5 0.6955680840884616
1218.0 0.8529876753076923
1218.5 0.9457705616192307
1219.0 1.0169086987769231
1219.5 0.9436673130807691
1220.0 0.7001843397346154
1220.5 0.6205580075653846
1221.0 0.6845687645692308
1221.5 0.5768032708961538
1222.0 0.8000043830807693
1222.5 0.6605026278076923
1223.0 0.5015289721846153
1223.5 0.8242409696384615
1224.0 0.6251385712961538
1224.5 0.6090910639730769
1225.0 0.8130722891576923
1225.5 0.8614170654846154
1226.0 0.7851595677038462
1226.5 0.7109311740884615
1227.0 0.7697559908076923
1227.5 0.6872269230769231
1228.0 0.6403504888384616
1228.5 0.6720979020961538
1229.0 0.7921112040115383
1229.5 1.0221124260346155
1230.0 0.9692961092961538
1230.5 0.8939886950115384
1231.0 0.6152226720653846
1231.5 0.3660246198407692
1232.0 0.19567865775615384
1232.5 0.1790587078580769
1233.0 0.5045036094076923
1233.5 0.4299616450038461
1234.0 0.5569829147307692
1234.5 0.8271432880846153
1235.0 0.6028548770807692
1235.5 0.5522287061615384
1236.0 0.4672101841807692
1236.5 0.5048042704615384
1237.0 0.6663367401846154
1237.5 0.6590708301615384
1238.0 0.6063173541423077
1238.5 0.5832613132538461
1239.0 0.615025594276923
1239.5 0.5412158483730769
1240.0 0.5504330285115384
1240.5 0.7218742455846154
1241.0 0.45521509880384614
1241.5 0.41372362151153846
1242.0 0.46312774312692306
1242.5 0.5223407267576923
1243.0 0.38860875245000004
1243.5 0.3379719467523077
1244.0 0.3435024073453846
1244.5 0.2091826421753846
1245.0 0.17998019148230768
1245.5 0.32474040056115383
1246.0 0.48280909373846154
1246.5 0.4570092307692307
1247.0 0.42100945566153847
1247.5 0.36931721121692307
1248.0 0.49513635508846154
1248.5 0.4965968880846154
1249.0 0.4411978568692308
1249.5 0.27792556436846155
1250.0 0.1791210197353846
1250.5 0.26979601438307693
1251.0 0.34686255369
1251.5 0.2713447151353846
1252.0 0.2536816496757692
1252.5 0.4039177101961538
1253.0 0.4980794534423077
1253.5 0.4555425509423076
1254.0 0.46945054945
1254.5 0.5484405048076922
1255.0 0.5152176505653846
1255.5 0.5301410569884615
1256.0 0.45822936820384613
1256.5 0.47925390926153844
1257.0 0.6658707394307691
1257.5 0.397555228276923
1258.0 0.44558386668461536
1258.5 0.35502357134653845
1259.0 0.2765076387026923
1259.5 0.4023334286538461
1260.0 0.42884675386923077
1260.5 0.32564165103192305
1261.0 0.4439545775307693
1261.5 0.4252325646653846
1262.0 0.5821450838307692
1262.5 0.4956519097884615
1263.0 0.5115511179846154
1263.5 0.6106314580923077
1264.0 0.4994861660076923
1264.5 0.4586748433538462
1265.0 0.3701957847438461
1265.5 0.43100265251923076
1266.0 0.43569446693846153
1266.5 0.29768725803730767
1267.0 0.3716679091834615
1267.5 0.2732566498923077
1268.0 0.1597558105826923
1268.5 0.2610677664684615
1269.0 0.4079079798692308
1269.5 0.3978545045769231
1270.0 0.35501948717961535
1270.5 0.25613814756653847
1271.0 0.23377506981461535
1271.5 0.4035185866769231
1272.0 0.35784028796153844
1272.5 0.42176516049230767
1273.0 0.3414533374857692
1273.5 0.49006259946923075
1274.0 0.5457288237038461
1274.5 0.4483184257615384
1275.0 0.33501448523384614
1275.5 0.31166055526461534
1276.0 0.3818816878657692
1276.5 0.3670080153126923
1277.0 0.5002647228076923
1277.5 0.3390298507461538
1278.0 0.33492325234615383
1278.5 0.4994925493346154
1279.0 0.3118239838765384
1279.5 0.25809337302192303
1280.0 0.4683029947153846
1280.5 0.5062769230769231
1281.0 0.43324647004230765
1281.5 0.40819686642307695
1282.0 0.3818273260688462
1282.5 0.22370447770384613
1283.0 0.3754182838438462
1283.5 0.4352351788346154
1284.0 0.40210358746923075
1284.5 0.4073630359961538
1285.0 0.4036569498923077
1285.5 0.5355124804461538
1286.0 0.24350657671576922
1286.5 0.3721163047476923
1287.0 0.32109952940153846
1287.5 0.5704985143615384
1288.0 0.5466244343884615
1288.5 0.31580302542653843
1289.0 0.29256624288346156
1289.5 0.3518933018357692
1290.0 0.1971804236669231
1290.5 0.3489083258473077
1291.0 0.4306632261653846
1291.5 0.4046281315884615
1292.0 0.37371440714
1292.5 0.4437300552538461
1293.0 0.4935788426
1293.5 0.44995903504615387
1294.0 0.6550492653423077
1294.5 0.5892444141230769
1295.0 0.6130590776730769
1295.5 0.5601971201961539
1296.0 0.645741045876923
1296.5 0.6217466174653845
1297.0 0.48874493927307694
1297.5 0.5003209947961538
1298.0 0.40515646428076924
1298.5 0.4877176868692308
1299.0 0.5153146853153846
1299.5 0.5543273021346153
1300.0 0.56773711725
1300.5 0.3859981047346154
1301.0 0.3304799310276923
1301.5 0.356855345911923
1302.0 0.39293259318076923
1302.5 0.42807815978076924
1303.0 0.4290861275461539
1303.5 0.41558319125384613
1304.0 0.43443855565
1304.5 0.48185261646153843
1305.0 0.10418444441653847
1305.5 0.14682983175692307
1306.0 0.10731488885346153
1306.5 0.19537948873307692
1307.0 0.15123545910153846
1307.5 0.1578389092026923
1308.0 0.16270569337846155
1308.5 0.20390683798346151
1309.0 0.24395856292692308
1309.5 0.2845337159253846
1310.0 0.279398796115
1310.5 0.3361626123165385
1311.0 0.3286829391253846
1311.5 0.308
1312.0 0.3243817695280769
1312.5 0.3517812570911539
1313.0 0.27215890350730765
1313.5 0.2633222777223077
1314.0 0.2822746578573077
1314.5 0.2907548732673077
1315.0 0.2372179934926923
1315.5 0.18552462182153845
1316.0 0.28995544239346155
1316.5 0.2914795979657692
1317.0 0.3395069141961538
1317.5 0.2887772766061538
1318.0 0.28513949363
1318.5 0.3368892307692308
1319.0 0.2724464555053846
1319.5 0.21318712262730768
1320.0 0.1831234057026923
1320.5 0.2940351897630769
1321.0 0.46222475466923074
1321.5 0.5464590086153847
1322.0 0.47689375141153845
1322.5 0.4399154550692308
1323.0 0.42847721146153844
1323.5 0.4083216264076923
1324.0 0.5641379310346154
1324.5 0.49927339151538463
1325.0 0.4693888719961538
1325.5 0.44057011690769227
1326.0 0.37217225690384614
1326.5 0.48826069135
1327.0 0.609648753073077
1327.5 0.5934242346269231
1328.0 0.4470811703615385
1328.5 0.46745687030769234
1329.0 0.5241079171346154
1329.5 0.51579439915
1330.0 0.40279346532692306
1330.5 0.5270907195
1331.0 0.4012970198884615
1331.5 0.44547409076153843
1332.0 0.41115384615384615
1332.5 0.6328895161923077
1333.0 0.6532680764615385
1333.5 0.5594735768192307
1334.0 0.5381311939576923
1334.5 0.46136905348076923
1335.0 0.5426899480884615
1335.5 0.5215073529423077
1336.0 0.5109177149923076
1336.5 0.4949156419769231
1337.0 0.5704895104884615
1337.5 0.5277356087615385
1338.0 0.5275082696807691
1338.5 0.45428789032692307
1339.0 0.4770419580423077
1339.5 0.464677544676923
1340.0 0.4824105697423077
1340.5 0.5285890993423077
1341.0 0.5084226542692307
1341.5 0.44777668612307686
1342.0 0.4336443148692307
1342.5 0.36904736354307693
1343.0 0.27763076923076924
1343.5 0.4047198799846154
1344.0 0.5661059190038462
1344.5 0.49868878150769225
1345.0 0.40119039917307686
1345.5 0.20009160716692306
1346.0 0.22300720836576923
1346.5 0.2522289770530769
1347.0 0.41668882557692305
1347.5 0.5371799378115384
1348.0 0.6368457395384616
1348.5 0.6601739130423077
1349.0 0.5136993648538462
1349.5 0.5370113712384615
1350.0 0.5455642561038462
1350.5 0.5985106202923076
1351.0 0.633250433776923
1351.5 0.6315804195807692
1352.0 0.5697691584038461
1352.5 0.46318445766538463
1353.0 0.14951420895653844
1353.5 0.30739084670115385
1354.0 0.15384971509961537
1354.5 0.1940581971726923
1355.0 0.1596671083526923
1355.5 0.16700811259884615
1356.0 0.38760340434615387
1356.5 0.4881374321884615
1357.0 0.4057711552192308
1357.5 0.2533448205126923
1358.0 0.20625780976653846
1358.5 0.26882188849384614
1359.0 0.2363635161053846
1359.5 0.4868298155807692
1360.0 0.6104375441076924
1360.5 0.6066533258615384
1361.0 0.5565428916615385
1361.5 0.4741221762192307
1362.0 0.4675329349
1362.5 0.3077766296034615
1363.0 0.315925
1363.5 0.18201883398576924
1364.0 0.35324587820923076
1364.5 0.40515646428076924
1365.0 0.43970581826153843
1365.5 0.4858681318692307
1366.0 0.5602165696192308
1366.5 0.5714357303923077
1367.0 0.6196547390692307
1367.5 0.6839571768423077
1368.0 0.552482960076923
1368.5 0.40290128476153847
1369.0 0.5023860667615385
1369.5 0.5071017871
1370.0 0.46263034498076916
1370.5 0.4917515137923077
1371.0 0.5035947467153846
1371.5 0.4756007436653846
1372.0 0.5829883020192307
1372.5 0.5232627166653846
1373.0 0.42759849906153846
1373.5 0.5754535017230769
1374.0 0.4418019045461538
1374.5 0.47558752997692305
1375.0 0.5096214468538461
1375.5 0.4542563115423076
1376.0 0.5156970535884615
1376.5 0.5015271389153846
1377.0 0.4879197546653846
1377.5 0.4867503924653846
1378.0 0.4920426687884615
1378.5 0.5734110685692307
1379.0 0.44888555346923076
1379.5 0.5350350574115385
1380.0 0.44233774908076917
1380.5 0.5231903789423077
1381.0 0.5672727272730769
1381.5 0.5317495799538461
1382.0 0.5739433800384616
1382.5 0.5359366515846153
1383.0 0.5614511391615384
1383.5 0.6026640979769231
1384.0 0.614208855976923
1384.5 0.6463869961423077
1385.0 0.5987914735884615
1385.5 0.5320796421384615
1386.0 0.5333362553884615
1386.5 0.3979824965461538
1387.0 0.5823483231192307
1387.5 0.4905649596461538
1388.0 0.5841572649576923
1388.5 0.652442741126923
1389.0 0.7169721115538461
1389.5 0.5114178794192308
1390.0 0.5778850832884616
1390.5 0.4891075026653846
1391.0 0.5158612598076923
1391.5 0.5416566881384615
1392.0 0.6027678416384615
1392.5 0.5947503223038462
1393.0 0.5795167456807692
1393.5 0.4650030284692308
1394.0 0.48605555141923074
1394.5 0.4841149853615384
1395.0 0.36598869501115383
1395.5 0.19729898516769231
1396.0 0.2851889920423077
1396.5 0.3846398399307692
1397.0 0.6074885503307692
1397.5 0.3985010368307692
1398.0 0.41287731995000004
1398.5 0.40955638536153843
1399.0 0.4628780190769231
1399.5 0.4643417922269231
1400.0 0.38684458398846155
1400.5 0.3639512508019231
1401.0 0.3320075046903846
1401.5 0.30188731903
1402.0 0.2998989063503846
1402.5 0.26510114528923073
1403.0 0.22230084906846154
1403.5 0.2144069015096154
1404.0 0.32694464414076924
1404.5 0.28428867761461535
1405.0 0.2601943497730769
1405.5 0.3055605832076923
1406.0 0.15100020084346155
1406.5 0.32927666808346157
1407.0 0.3200430338892308
1407.5 0.2607471739730769
1408.0 0.3554008341057692
1408.5 0.4518156618153846
1409.0 0.4893716337538461
1409.5 0.5659493108038461
1410.0 0.3939020517038461
1410.5 0.3833970056788461
1411.0 0.40293750764230774
1411.5 0.35621240694807693
1412.0 0.4490260958538461
1412.5 0.41928036298461535
1413.0 0.38348440748423074
1413.5 0.4067142857153846
1414.0 0.4222717252576923
1414.5 0.4303575448923077
1415.0 0.31912164892884615
1415.5 0.33896956625923075
1416.0 0.3991578563615385
1416.5 0.35166738773038464
1417.0 0.3759556892519231
1417.5 0.3017589089719231
1418.0 0.43980569854230767
1418.5 0.361624647085
1419.0 0.383902249375
1419.5 0.5158470078692308
1420.0 0.42919452602692304
1420.5 0.3042485754984615
1421.0 0.35995368505846154
1421.5 0.4121221374038461
1422.0 0.46492534492692306
1422.5 0.4431171067730769
1423.0 0.4010496136846154
1423.5 0.39326923076923076
1424.0 0.39298180018846146
1424.5 0.4552875598384615
1425.0 0.5138045738038461
1425.5 0.4350700344423077
1426.0 0.32134127057961537
1426.5 0.4122293798153846
1427.0 0.3297801550246154
1427.5 0.33031851654692307
1428.0 0.23294009216576922
1428.5 0.14893381238923076
1429.0 0.3631251967676923
1429.5 0.24364672364653847
1430.0 0.30873426921153846
1430.5 0.2885325067296154
1431.0 0.14627013762923077
1431.5 0.16094565984461537
1432.0 0.2326205492376923
1432.5 0.30450417052807693
1433.0 0.44258970358846156
1433.5 0.5383398522384615
1434.0 0.5665204582653847
1434.5 0.5456856187307692
1435.0 0.3705919519076923
1435.5 0.3029560291526923
1436.0 0.2979420579419231
1436.5 0.13326886446884617
1437.0 0.14400507858692307
1437.5 0.16105865123076923
1438.0 0.18413869718884615
1438.5 0.19358352108153845
1439.0 0.18033003607576922
1439.5 0.3505951679434615
1440.0 0.38850980795
1440.5 0.39462567532692305
1441.0 0.4531765523615385
1441.5 0.3537702790396154
1442.0 0.4172268356653846
1442.5 0.4262872069846154
1443.0 0.5758684863538461
1443.5 0.4182305153576923
1444.0 0.4601076923076923
1444.5 0.27477716313538464
1445.0 0.45148505851538456
1445.5 0.4826164311884615
1446.0 0.5247926267269231
1446.5 0.45412190404999997
1447.0 0.4824711538461538
1447.5 0.48376582709230764
1448.0 0.5495415695423077
1448.5 0.5662003878461539
1449.0 0.5668763512115385
1449.5 0.4619867394230769
1450.0 0.3609273224957692
1450.5 0.3189568326411538
1451.0 0.29326531432
1451.5 0.36745308596038456
1452.0 0.3525653533457692
1452.5 0.36088692728038463
1453.0 0.38291444898884613
1453.5 0.30404048135384615
1454.0 0.26940119760461534
1454.5 0.24342789286192307
1455.0 0.3114895334173077
1455.5 0.3378720268553846
1456.0 0.30799001795
1456.5 0.22840944680576922
1457.0 0.21534367245653846
1457.5 0.36761155971115383
1458.0 0.4637978091923077
1458.5 0.4766802345653846
1459.0 0.4718941584730769
1459.5 0.45834309834230763
1460.0 0.5328114490153846
1460.5 0.6090120481923077
1461.0 0.6183537023730769
1461.5 0.4306970375884615
1462.0 0.3156332556330769
1462.5 0.3052431737388462
1463.0 0.26635942618307695
1463.5 0.23229244323961534
1464.0 0.306697149005
1464.5 0.31143408018076923
1465.0 0.3526583184257692
1465.5 0.3826028320969231
1466.0 0.49499300699230764
1466.5 0.58136378905
1467.0 0.5878580435961538
1467.5 0.40399532026923074
1468.0 0.3888663267576923
1468.5 0.44450774198846155
1469.0 0.34866854076153847
1469.5 0.3022902306773077
1470.0 0.2885061994442308
1470.5 0.32845973698423075
1471.0 0.4030179576538462
1471.5 0.37272718526
1472.0 0.29942627076
1472.5 0.436927696926923
1473.0 0.5462642450153846
1473.5 0.5577557567538461
1474.0 0.666454767726923
1474.5 0.5692397137730769
1475.0 0.5096318211692308
1475.5 0.5368999421615385
1476.0 0.48975399479615384
1476.5 0.2663430925080769
1477.0 0.29542052404192304
1477.5 0.3241308426461538
1478.0 0.3818332367311538
1478.5 0.32467569493923076
1479.0 0.3555125763126923
1479.5 0.23086470165346154
1480.0 0.19107143817384614
1480.5 0.20592208699692308
1481.0 0.34167264783884616
1481.5 0.2876102186680769
1482.0 0.32580129929230767
1482.5 0.2904716090453846
1483.0 0.3117126560815385
1483.5 0.165860329865
1484.0 0.2414644029903846
1484.5 0.2932746063673077
1485.0 0.3864948511615385
1485.5 0.3623304882573077
1486.0 0.2330547588003846
1486.5 0.2902580645161539
1487.0 0.4011829301423077
1487.5 0.3200953763219231
1488.0 0.24352187896500002
1488.5 0.2760910518053846
1489.0 0.2876931127480769
1489.5 0.2195036200953846
1490.0 0.30751099853346153
1490.5 0.3212087306634615
1491.0 0.2408239517619231
1491.5 0.2385251233326923
1492.0 0.39150994750769225
1492.5 0.37295913594423075
1493.0 0.48185261646153843
1493.5 0.5672931392923076
1494.0 0.7956507015
1494.5 0.7740640187692307
