0.0 0.41764478764375
0.5 0.42667364016875
1.0 0.53731587136875
1.5 0.50946096654375
2.0 0.544675324675
2.5 0.3784227071
3.0 0.463009572071875
3.5 0.35333843329375003
4.0 0.374851973684375
4.5 0.3703596059125
5.0 0.4386254529
5.5 0.34430555555625
6.0 0.419951154528125
6.5 0.42326434878437497
7.0 0.40884406354374997
7.5 0.40340846994687496
8.0 0.42961971197187493
8.5 0.4409271899875
9.0 0.440788224121875
9.5 0.429460375390625
10.0 0.38773120138437495
10.5 0.41393710691875
11.0 0.41184908789375
11.5 0.4076555869875
12.0 0.45636251541249995
12.5 0.471934647303125
13.0 0.37058345642499996
13.5 0.428310028928125
14.0 0.39014783759999994
14.5 0.4019419970625
15.0 0.467366605334375
15.5 0.5067996910406249
16.0 0.44669247787499994
16.5 0.40120634920625
17.0 0.442582444228125
17.5 0.42986069651875
18.0 0.41813093354374997
18.5 0.43714358452187496
19.0 0.382421665175
19.5 0.376798060709375
20.0 0.3834375
20.5 0.423929227940625
21.0 0.2524231523871875
21.5 0.373786231884375
22.0 0.436185515871875
22.5 0.38675108224999993
23.0 0.498183122846875
23.5 0.5481558935374999
24.0 0.44519031955
24.5 0.45601108764375
25.0 0.47546911421874993
25.5 0.221591130604375
26.0 0.2462314814815625
26.5 0.31208396656531245
27.0 0.35050122249375
27.5 0.366859626803125
28.0 0.3193553459125
28.5 0.28891895761749997
29.0 0.32108932461875
29.5 0.39441599539687494
30.0 0.467336065575
30.5 0.42185518731875
31.0 0.44229230769375
31.5 0.385139933165625
32.0 0.42421917808125
32.5 0.47442982456249994
33.0 0.47763466042187497
33.5 0.284287870471875
34.0 0.20401190919249998
34.5 0.157521126760625
35.0 0.20908357172062497
35.5 0.170673515981875
36.0 0.14702189966906248
36.5 0.19287286063562498
37.0 0.216915753029375
37.5 0.310014404609375
38.0 0.2615827922078125
38.5 0.24475414078687496
39.0 0.32944802405625
39.5 0.31690051847187495
40.0 0.36129078303437495
40.5 0.29794475655437497
41.0 0.34728942652187494
41.5 0.32825318246249996
42.0 0.318278593509375
42.5 0.34192454268437494
43.0 0.371422121896875
43.5 0.346850558659375
44.0 0.32202513966562496
44.5 0.37011
45.0 0.35681960784375
45.5 0.33120132013125
46.0 0.317028907921875
46.5 0.2935175962815625
47.0 0.31069523269
47.5 0.298488542890625
48.0 0.34031984785624997
48.5 0.33678899082499997
49.0 0.3549999999999999
49.5 0.297653294194375
50.0 0.259777510523125
50.5 0.250482227488125
51.0 0.2444618451025
51.5 0.163539433384375
52.0 0.25391051136375
52.5 0.27484492481187495
53.0 0.23628842213125
53.5 0.189565324165
54.0 0.24296985398031248
54.5 0.24535435267843747
55.0 0.35735799999999995
55.5 0.2996667817678125
56.0 0.34738554216875
56.5 0.24093718209562498
57.0 0.20922601744187497
57.5 0.2027596918490625
58.0 0.235476437079375
58.5 0.32228358725625
59.0 0.320861328125
59.5 0.283684036939375
60.0 0.2696555486284375
60.5 0.254046278924375
61.0 0.2533663987946875
61.5 0.26507194244593746
62.0 0.1343580948646875
62.5 0.164403114186875
63.0 0.16578001132499998
63.5 0.2535185185184375
64.0 0.35571952160625003
64.5 0.34256637168125
65.0 0.378216783215625
65.5 0.274060515333125
66.0 0.2084334600759375
66.5 0.173934681181875
67.0 0.138802902875625
67.5 0.321212890625
68.0 0.1773203316953125
68.5 0.23956902592843748
69.0 0.29368359374999997
69.5 0.25077291558781245
70.0 0.143742194469375
70.5 0.17384742647062498
71.0 0.11419818344249999
71.5 0.137662584459375
72.0 0.165400485436875
72.5 0.23283292682937498
73.0 0.317164484453125
73.5 0.21252289377281247
74.0 0.205720529470625
74.5 0.141515772870625
75.0 0.32582178217812496
75.5 0.35656137831874996
76.0 0.32938571428437496
76.5 0.44271531100624995
77.0 0.391856158484375
77.5 0.45286101083125
78.0 0.4012262872625
78.5 0.254190626796875
79.0 0.236375215889375
79.5 0.26965366242031247
80.0 0.26414519592062496
80.5 0.3714903403875
81.0 0.37097847358124997
81.5 0.30852096010812496
82.0 0.314189090909375
82.5 0.33094395741874993
83.0 0.384655017921875
83.5 0.4127198067625
84.0 0.4296947115375
84.5 0.36043755135625
85.0 0.30893168117875
85.5 0.32903239556562497
86.0 0.36021298882812497
86.5 0.38232608695625003
87.0 0.407570711678125
87.5 0.32947418375
88.0 0.31894911504374995
88.5 0.2807839359809375
89.0 0.2401793659621875
89.5 0.3575394390875
90.0 0.29797182175625
90.5 0.439035377359375
91.0 0.2328245464853125
91.5 0.30544389204531247
92.0 0.351362713240625
92.5 0.340788590603125
93.0 0.2969114184815625
93.5 0.3430100853375
94.0 0.33734990157499994
94.5 0.35545511221875
95.0 0.32367882808125
95.5 0.34116693038124996
96.0 0.48273560209374994
96.5 0.43130919219999997
97.0 0.40062962962812493
97.5 0.4512168141593749
98.0 0.39151360544062497
98.5 0.42927173061874996
99.0 0.29049350649343747
99.5 0.34686610169375
100.0 0.362888349515625
100.5 0.31757700769999997
101.0 0.3102223230490625
101.5 0.31669334456562503
102.0 0.44878822984374994
102.5 0.35440249266875
103.0 0.29758653241031247
103.5 0.2949826923078125
104.0 0.32318407138124994
104.5 0.378907185628125
105.0 0.2747884283246875
105.5 0.2716012613875
106.0 0.26002801120437496
106.5 0.32150858704062496
107.0 0.29907
107.5 0.32421674876875
108.0 0.27335718216843746
108.5 0.2200095419846875
109.0 0.23573885350312498
109.5 0.22073993207187498
110.0 0.1478838785734375
110.5 0.1988114571746875
111.0 0.1988472784525
111.5 0.28843256059
112.0 0.14950779870499997
112.5 0.17382638643593748
113.0 0.1900282352940625
113.5 0.14498661567874999
114.0 0.183327641623125
114.5 0.326785173978125
115.0 0.314781119715625
115.5 0.394554227940625
116.0 0.437221084953125
116.5 0.34349154496562495
117.0 0.319484705025
117.5 0.3159143835625
118.0 0.421348253275
118.5 0.41902924451562495
119.0 0.429789833821875
119.5 0.429516826921875
120.0 0.488645833334375
120.5 0.36839437819375
121.0 0.43778419593437495
121.5 0.31157467532468747
122.0 0.358797273528125
122.5 0.361163621921875
123.0 0.40858428445937495
123.5 0.41235190763124996
124.0 0.397105263159375
124.5 0.434264558234375
125.0 0.394388349515625
125.5 0.434872844828125
126.0 0.389207746478125
126.5 0.37174349240625
127.0 0.38213806970624997
127.5 0.31046394485687495
128.0 0.214865470851875
128.5 0.2262082924434375
129.0 0.2280412371134375
129.5 0.2253541666665625
130.0 0.24107565011812498
130.5 0.2884033964365625
131.0 0.35320876288749997
131.5 0.350962343096875
132.0 0.34923378839687497
132.5 0.347844754653125
133.0 0.356391975309375
133.5 0.20668984280531247
134.0 0.258716448726875
134.5 0.24769437340156247
135.0 0.2116484238178125
135.5 0.20036652542375
136.0 0.33996232269375
136.5 0.258444767441875
137.0 0.39548437499999994
137.5 0.4072589590437499
138.0 0.40926610348437503
138.5 0.45684055118124994
139.0 0.40259286412499995
139.5 0.46827244258749995
140.0 0.563493150684375
140.5 0.5998671497593749
141.0 0.417094790159375
141.5 0.47389244558125
142.0 0.45044059405937503
142.5 0.425228813559375
143.0 0.3519473058625
143.5 0.5104359122406249
144.0 0.49319369369374993
144.5 0.501507897334375
145.0 0.534894021740625
145.5 0.5735937499999999
146.0 0.599905063290625
146.5 0.61248657718125
147.0 0.5353283767031249
147.5 0.5258880597
148.0 0.553189432990625
148.5 0.58355874316875
149.0 0.6393168812593749
149.5 0.6469800884968749
150.0 0.53383680555625
150.5 0.41545209903124997
151.0 0.487086874409375
151.5 0.49906356413124997
152.0 0.475210106384375
152.5 0.453888598325
153.0 0.4312013958125
153.5 0.39905855096875
154.0 0.47929245283124994
154.5 0.48565773809374996
155.0 0.5178872437343749
155.5 0.47731025640937497
156.0 0.432318421053125
156.5 0.41916666666562497
157.0 0.432095404596875
157.5 0.53875331565
158.0 0.623550679853125
158.5 0.625374823196875
159.0 0.4747195290843749
159.5 0.484821428571875
160.0 0.49328980623437496
160.5 0.483989898990625
161.0 0.5317329873125
161.5 0.5231081081093749
162.0 0.50546728971875
162.5 0.517639593909375
163.0 0.5423795811531249
163.5 0.6131767337812499
164.0 0.7642824601375
164.5 0.5703762541812499
165.0 0.563995198903125
165.5 0.5716386138624999
166.0 0.554076175040625
166.5 0.5828139534875
167.0 0.716335059171875
167.5 0.641972111553125
168.0 0.512313109425
168.5 0.45274793388437495
169.0 0.435808823528125
169.5 0.440300695825
170.0 0.5473709862375
170.5 0.6787653239937499
171.0 0.7486290322593749
171.5 0.7515556569343749
172.0 0.74149586776875
172.5 0.7248458149781251
173.0 0.418794266440625
173.5 0.25482979664
174.0 0.2905102040815625
174.5 0.34232129420624996
175.0 0.2631200839015625
175.5 0.28916503906249996
176.0 0.32054931109374996
176.5 0.30079395604406245
177.0 0.31863871308124997
177.5 0.268715686274375
178.0 0.46794979079375
178.5 0.3108308019440625
179.0 0.39269579751562494
179.5 0.486398483571875
180.0 0.41188554216874995
180.5 0.39779365079374995
181.0 0.42144691035625
181.5 0.400833333334375
182.0 0.36014089870625
182.5 0.464258474575
183.0 0.543308333334375
183.5 0.6001930894312499
184.0 0.70295655375625
184.5 0.91409198113125
185.0 0.869194756553125
185.5 0.837098577234375
186.0 0.57735521235625
186.5 0.720087527353125
187.0 0.814245901640625
187.5 0.709883004925
188.0 0.604754901959375
188.5 0.46093718338437495
189.0 0.5436294691218749
189.5 0.2910599606815625
190.0 0.4648133543625
190.5 0.62068594104375
191.0 0.58528513825
191.5 0.37536422578124995
192.0 0.5327308707125
192.5 0.39126934984375
193.0 0.6810485074625
193.5 0.6868203497625
194.0 0.558096620909375
194.5 0.545457433290625
195.0 0.25841802782812495
195.5 0.587230617609375
196.0 0.5652738402062499
196.5 0.329924892703125
197.0 0.55613112391875
197.5 0.32585281111875003
198.0 0.560809948978125
198.5 0.3346048689125
199.0 0.3951889799625
199.5 0.2571313912009375
200.0 0.33738069800625
200.5 0.22066555953
201.0 0.23581069364156249
201.5 0.2191349397590625
202.0 0.22646107055968748
202.5 0.236307537399375
203.0 0.2468800229621875
203.5 0.34629903923124994
204.0 0.33026016260312496
204.5 0.376457089553125
205.0 0.32799703264062496
205.5 0.323041941565625
206.0 0.459798387096875
206.5 0.44868582375625
207.0 0.508531839621875
207.5 0.47138292433437495
208.0 0.41962059620625
208.5 0.370445205478125
209.0 0.41202020201875
209.5 0.2948050654525
210.0 0.47709312445624996
210.5 0.29049350649343747
211.0 0.41260282258125003
211.5 0.498366666665625
212.0 0.6768522860499999
212.5 0.538370078740625
213.0 0.537789699571875
213.5 0.3611055182687499
214.0 0.424039473684375
214.5 0.47860829959374995
215.0 0.43576988636249997
215.5 0.451502770084375
216.0 0.41165659851249997
216.5 0.27415709362437496
217.0 0.46527611044375
217.5 0.2735120801415625
218.0 0.36838327370312496
218.5 0.304758831521875
219.0 0.224474761255
219.5 0.24158073929968749
220.0 0.28228452497562495
220.5 0.23395069532249999
221.0 0.2467163774403125
221.5 0.24596568627437498
222.0 0.25221890971031247
222.5 0.34916074249687495
223.0 0.20351115241625
223.5 0.420552566225
224.0 0.2624546666665625
224.5 0.42595991561249996
225.0 0.21240336134468749
225.5 0.23233324847249998
226.0 0.209611838913125
226.5 0.2180352722771875
227.0 0.269137931034375
227.5 0.170456903431875
228.0 0.273657379056875
228.5 0.18369032663312498
229.0 0.180169921875
229.5 0.193364228456875
230.0 0.143804014496875
230.5 0.17074757281562497
231.0 0.14550407166124998
231.5 0.19855042016812502
232.0 0.101405627198125
232.5 0.12988278036749998
233.0 0.22657004197281247
233.5 0.31189029052
234.0 0.25968303826375
234.5 0.324531032078125
235.0 0.27675370619937495
235.5 0.22294712286156249
236.0 0.30850748930093747
236.5 0.24280932456656248
237.0 0.365016280753125
237.5 0.37279932546249994
238.0 0.47736420612812497
238.5 0.159437919463125
239.0 0.278031813865
239.5 0.5615039062499999
240.0 0.27230507973999996
240.5 0.35271070614999994
241.0 0.46826839826875
241.5 0.47430232558124996
242.0 0.32393527204375
242.5 0.27854674796749995
243.0 0.22793478260875
243.5 0.31660117574374996
244.0 0.6663735818468749
244.5 0.39817586206874994
245.0 0.407467222884375
245.5 0.389549222796875
246.0 0.4463064516125
246.5 0.43122658340625
247.0 0.5940515075374999
247.5 0.4070886411875
248.0 0.41056045339999997
248.5 0.487285478546875
249.0 0.394795285359375
249.5 0.31664624183124995
250.0 0.47217700915625
250.5 0.510350061959375
251.0 0.266234421365
251.5 0.421357234315625
252.0 0.2871040462428125
252.5 0.2649011948528125
253.0 0.2942050874403125
253.5 0.464703779365625
254.0 0.40173738991249996
254.5 0.3732415966375
255.0 0.300910483321875
255.5 0.481905809859375
256.0 0.318512539184375
256.5 0.2743046265328125
257.0 0.56319386331875
257.5 0.5542982456125
258.0 0.45905684104687494
258.5 0.502337209303125
259.0 0.54825466805
259.5 0.47486172566249996
260.0 0.5280160692218749
260.5 0.654293557834375
261.0 0.537564338234375
261.5 0.47306153846249993
262.0 0.5593550724624999
262.5 0.595640877596875
263.0 0.5823509933781249
263.5 0.6521131386874999
264.0 0.639996312684375
264.5 0.4721561135375
265.0 0.347784508075
265.5 0.4108872502375
266.0 0.358167251975
266.5 0.443182261209375
267.0 0.49879689174687497
267.5 0.32829936051249997
268.0 0.34078050713125
268.5 0.319916789940625
269.0 0.49904176904062497
269.5 0.337426421403125
270.0 0.519553466509375
270.5 0.625451642334375
271.0 0.581785714284375
271.5 0.6289312567124999
272.0 0.768689839571875
272.5 0.545576923078125
273.0 0.5471378091875
273.5 0.5463131313124999
274.0 0.543866666665625
274.5 0.6079489436625
275.0 0.5971459695
275.5 0.5536633663374999
276.0 0.40317375886562495
276.5 0.536052803128125
277.0 0.5903425357875
277.5 0.46959478021875
278.0 0.381639593909375
278.5 0.48327594810312496
279.0 0.43985896269374997
279.5 0.57949142156875
280.0 0.6972318181812499
280.5 0.52521750805625
281.0 0.5174561915875
281.5 0.19379110840437497
282.0 0.37775341130625
282.5 0.36092534992187497
283.0 0.376121004565625
283.5 0.550435582821875
284.0 0.570329289428125
284.5 0.5735450346406249
285.0 0.572987077534375
285.5 0.5434801762125
286.0 0.604176626825
286.5 0.599486260453125
287.0 0.4472885196375
287.5 0.385385789015625
288.0 0.5431001984125
288.5 0.492274709303125
289.0 0.5047205128218749
289.5 0.42595991561249996
290.0 0.47511278195624995
290.5 0.482859788359375
291.0 0.5192427884624999
291.5 0.49348039215625
292.0 0.5864412568312499
292.5 0.367611876075
293.0 0.397582295375
293.5 0.660621234940625
294.0 0.442643953934375
294.5 0.56674743025
295.0 0.40456862745
295.5 0.613214783821875
296.0 0.703460629921875
296.5 0.73670203735
297.0 0.7021022727281249
297.5 0.46348581213437495
298.0 0.40739858490625
298.5 0.47713742689999994
299.0 0.48218981972499997
299.5 0.4234554140125
300.0 0.36058165057187497
300.5 0.2334771986971875
301.0 0.285671931151875
301.5 0.20780136467031252
302.0 0.253989401968125
302.5 0.27942517749874995
303.0 0.26525967741937495
303.5 0.342237700059375
304.0 0.2858403010034375
304.5 0.2639852528090625
305.0 0.32565063886875
305.5 0.273728765571875
306.0 0.267004517221875
306.5 0.349250910746875
307.0 0.40377993393749995
307.5 0.357211693546875
308.0 0.22892446043156248
308.5 0.46527611044375
309.0 0.5197648376249999
309.5 0.55655743243125
310.0 0.5593578553624999
310.5 0.39222884386249995
311.0 0.49421890547187497
311.5 0.32383426966249995
312.0 0.46968274111562497
312.5 0.53712514758125
313.0 0.5135823950874999
313.5 0.5200907494156249
314.0 0.46925424628437495
314.5 0.4204646697375
315.0 0.40805421686875
315.5 0.5467805555562499
316.0 0.20539674465906246
316.5 0.458452237
317.0 0.54192695961875
317.5 0.529424019609375
318.0 0.46524427816874997
318.5 0.609765625
319.0 0.47834826427812493
319.5 0.5288550295843749
320.0 0.604204545453125
320.5 0.5363197674406249
321.0 0.40971868365312497
321.5 0.408412509896875
322.0 0.34729462875312495
322.5 0.6300387870249999
323.0 0.465077706325
323.5 0.551651785715625
324.0 0.715532477340625
324.5 0.5645
325.0 0.44198537378124997
325.5 0.471196891190625
326.0 0.49298463983124996
326.5 0.54980254350625
327.0 0.591561210453125
327.5 0.5602687823843749
328.0 0.548945945946875
328.5 0.6136891727499999
329.0 0.46248953974999996
329.5 0.46568953804374996
330.0 0.44682601880937495
330.5 0.44868582375625
331.0 0.48344730941562497
331.5 0.273435646500625
332.0 0.43740112994374997
332.5 0.43268
333.0 0.504826732671875
333.5 0.36323457223125
334.0 0.4106217228468749
334.5 0.3491363163375
335.0 0.43468776550624993
335.5 0.32527887658124993
336.0 0.297605670103125
336.5 0.3617619047625
337.0 0.45019760479062493
337.5 0.428533185840625
338.0 0.33733775296562496
338.5 0.31971940500312496
339.0 0.301239198743125
339.5 0.45192005545312497
340.0 0.38752624671874997
340.5 0.333315293296875
341.0 0.49625480153749996
341.5 0.5072677595624999
342.0 0.35171007685624994
342.5 0.426430608365625
343.0 0.5016463414625
343.5 0.6400644329906249
344.0 0.5327402957499999
344.5 0.528728571428125
345.0 0.5271668597906249
345.5 0.500269192421875
346.0 0.41316976744062495
346.5 0.37556287170624997
347.0 0.3124686073059375
347.5 0.346067779290625
348.0 0.37252271006874993
348.5 0.512449238578125
349.0 0.360742150334375
349.5 0.351272132409375
350.0 0.2794372574384375
350.5 0.32644688079062495
351.0 0.33458690569062494
351.5 0.39921962616875
352.0 0.23348092998968747
352.5 0.2170472538346875
353.0 0.2743813206425
353.5 0.33100771869687495
354.0 0.35354694996562497
354.5 0.27190785405062495
355.0 0.2917684519921875
355.5 0.3103844778253125
356.0 0.2709868421053125
356.5 0.262427977839375
357.0 0.31917405764999995
357.5 0.2876956981665625
358.0 0.27260491606718745
358.5 0.29067926296062496
359.0 0.2761953597846875
359.5 0.321423766815625
360.0 0.26438111246937496
360.5 0.21573021773749998
361.0 0.28678368391125
361.5 0.24576987215124999
362.0 0.21970993589749999
362.5 0.14426872469625
363.0 0.20919435512687498
363.5 0.23222132471718748
364.0 0.30672821024624997
364.5 0.3072222222221875
365.0 0.26642857142843746
365.5 0.28970170454531247
366.0 0.26970491071437497
366.5 0.261038095238125
367.0 0.26884615384625
367.5 0.32733685220625003
368.0 0.2400189725628125
368.5 0.20880831826406251
369.0 0.21582386363625
369.5 0.16458625218906248
370.0 0.23191690613031252
370.5 0.18657082207656248
371.0 0.19943694643624998
371.5 0.12639337508249998
372.0 0.1012795153271875
372.5 0.1519007201646875
373.0 0.2334022004890625
373.5 0.24908419023124997
374.0 0.19810072556562497
374.5 0.1056302898178125
375.0 0.1084634912959375
375.5 0.13944067796624998
376.0 0.20149695740374998
376.5 0.19317191689
377.0 0.17632682229625
377.5 0.1778518373728125
378.0 0.17326312154687498
378.5 0.3005125169146875
379.0 0.23082898172312497
379.5 0.2115320710975
380.0 0.36654220779375
380.5 0.6229145569625
381.0 0.5616272600843749
381.5 0.614489465153125
382.0 0.60277741083125
382.5 0.556713917525
383.0 0.5146226874406249
383.5 0.5524774774781249
384.0 0.516523579203125
384.5 0.33299739195312494
385.0 0.2922401732178125
385.5 0.2432674050634375
386.0 0.21966704610124999
386.5 0.318410493828125
387.0 0.2695738810546875
387.5 0.26447454114874996
388.0 0.2281374868559375
388.5 0.2054608076009375
389.0 0.23403285573125002
389.5 0.25195011668624995
390.0 0.290357651245625
390.5 0.177480483996875
391.0 0.209440819081875
391.5 0.2658268608415625
392.0 0.22949039487718748
392.5 0.361645066890625
393.0 0.19834960937499999
393.5 0.2081074669965625
394.0 0.19057758620687498
394.5 0.290218035563125
395.0 0.486476109215625
395.5 0.40022898154375
396.0 0.31755154639062494
396.5 0.3816328642375
397.0 0.2932575757575
397.5 0.26907960199
398.0 0.21468421052624997
398.5 0.4389597457625
399.0 0.39380747126562493
399.5 0.3719733924625
400.0 0.2942078780909375
400.5 0.415725480284375
401.0 0.4189804063875
401.5 0.462604871446875
402.0 0.376291291290625
402.5 0.20084715885531249
403.0 0.1743885281384375
403.5 0.18406578435187498
404.0 0.30709933973593745
404.5 0.36034399649375
405.0 0.2761142993784375
405.5 0.2768137651821875
406.0 0.30939506172843745
406.5 0.30765088945374996
407.0 0.2935063752278125
407.5 0.35367614061249997
408.0 0.33638377193124996
408.5 0.31938438928749996
409.0 0.334801587303125
409.5 0.32228730587499993
410.0 0.260117449664375
410.5 0.215683085501875
411.0 0.2042919146825
411.5 0.11728235294125
412.0 0.1447778266609375
412.5 0.16673044645843751
413.0 0.285076656775625
413.5 0.1483406813628125
414.0 0.22522029702968752
414.5 0.2056434426228125
415.0 0.251932785025625
415.5 0.21948237338624998
416.0 0.28512760416656246
416.5 0.26445991670999996
417.0 0.28494643891156246
417.5 0.32910350448125
418.0 0.26292649098468746
418.5 0.21503416588125
419.0 0.25547604967468746
419.5 0.24720182413468747
420.0 0.16272744503406247
420.5 0.22879753615437498
421.0 0.105821098745
421.5 0.125150499286875
422.0 0.21633911819874999
422.5 0.16614507102875
423.0 0.2065778934721875
423.5 0.1602314139940625
424.0 0.1917431710825
424.5 0.1839298839459375
425.0 0.1112670439928125
425.5 0.19617918781718752
426.0 0.126788755138125
426.5 0.1478088768115625
427.0 0.10379023054093749
427.5 0.126530043501875
428.0 0.1933202681209375
428.5 0.1109845161290625
429.0 0.1531070796459375
429.5 0.1334932632271875
430.0 0.1732323145603125
430.5 0.19332750327937498
431.0 0.1425145530146875
431.5 0.16729753521125
432.0 0.19026283335906252
432.5 0.162240406320625
433.0 0.18793823889125
433.5 0.199536082474375
434.0 0.2125147347740625
434.5 0.16799835255343748
435.0 0.583145752896875
435.5 0.528111753371875
436.0 0.6089292195999999
436.5 0.432483093828125
437.0 0.45938826815625
437.5 0.464485116653125
438.0 0.6354368029749999
438.5 0.52871308016875
439.0 0.5135127253437499
439.5 0.635223390275
440.0 0.5391847206375
440.5 0.59178626543125
441.0 0.494916497975
441.5 0.6229852320687499
442.0 0.456753588515625
442.5 0.35688305709062496
443.0 0.2506209503240625
443.5 0.30507592592593746
444.0 0.251601233875625
444.5 0.22235135135125
445.0 0.16836949152531247
445.5 0.15011067708343748
446.0 0.13361371841156247
446.5 0.1777823368503125
447.0 0.187691366655
447.5 0.1410471578278125
448.0 0.15691782037625002
448.5 0.16834102091031247
449.0 0.1678874752146875
449.5 0.202678130148125
450.0 0.18825641025656248
450.5 0.2618370165746875
451.0 0.1681911168446875
451.5 0.33883137255
452.0 0.10623467336687499
452.5 0.15020118964312498
453.0 0.19795115799125002
453.5 0.1268111521
454.0 0.14321008814875
454.5 0.10267920747999999
455.0 0.10556756017499999
455.5 0.145466723068125
456.0 0.300941136208125
456.5 0.31085421016
457.0 0.32600864011874997
457.5 0.399349030471875
458.0 0.38986213991874996
458.5 0.43931078331562495
459.0 0.364894901609375
459.5 0.441032977690625
460.0 0.41038580246874995
460.5 0.527895244215625
461.0 0.39419340055
461.5 0.43252749999999995
462.0 0.49599511599374996
462.5 0.4484022222218749
463.0 0.494011173184375
463.5 0.519314393940625
464.0 0.49838286713437496
464.5 0.377277706184375
465.0 0.21801567239625
465.5 0.22488414634156248
466.0 0.4118085106375
466.5 0.427549407115625
467.0 0.44824175824062495
467.5 0.34257440476249995
468.0 0.316867052021875
468.5 0.305295723385
469.0 0.262373076923125
469.5 0.18799839963406248
470.0 0.2199447619046875
470.5 0.402667844521875
471.0 0.5228303198875
471.5 0.380096153846875
472.0 0.2499508790071875
472.5 0.2568522542096875
473.0 0.52316166439375
473.5 0.389623505975
474.0 0.38888718173750003
474.5 0.201480582524375
475.0 0.1578074104234375
475.5 0.2533569868996875
476.0 0.17210718763062496
476.5 0.13014360313312498
477.0 0.153703876693125
477.5 0.1411452117078125
478.0 0.2320551529790625
478.5 0.1430100463678125
479.0 0.13933996937218748
479.5 0.1255994993740625
480.0 0.2614228958209375
480.5 0.36744596841249993
481.0 0.41223268072187497
481.5 0.40319642857187493
482.0 0.37593773873124997
482.5 0.38753358925
483.0 0.431331058021875
483.5 0.522085240275
484.0 0.61365056818125
484.5 0.582067731278125
485.0 0.7544376098406249
485.5 0.7131302170281251
486.0 0.44421719681875
486.5 0.15483674549937498
487.0 0.2242270296546875
487.5 0.292611827141875
488.0 0.335823567709375
488.5 0.307465034965
489.0 0.445361415753125
489.5 0.32503183520624995
490.0 0.265334355828125
490.5 0.28364221556874997
491.0 0.41804695062812497
491.5 0.304215137956875
492.0 0.2598314285715625
492.5 0.16008857929125
493.0 0.310432728646875
493.5 0.2440777525540625
494.0 0.477930939225
494.5 0.477905882353125
495.0 0.564896416571875
495.5 0.6699090909093749
496.0 0.6655291262124999
496.5 0.6449660633468749
497.0 0.7114641555281249
497.5 0.7259848484843751
498.0 0.53543844366875
498.5 0.57348148148125
499.0 0.5633854166656249
499.5 0.53955026455
500.0 0.4021525621125
500.5 0.39267908309375
501.0 0.413711467325
501.5 0.39235237729999994
502.0 0.31077286470156246
502.5 0.2795907990315625
503.0 0.33223032069999997
503.5 0.27419037199125
504.0 0.33167294520625
504.5 0.25961600429656245
505.0 0.29814943253468745
505.5 0.34208519179374997
506.0 0.44737191216875
506.5 0.2223606927709375
507.0 0.23652502477687498
507.5 0.26134524612281246
508.0 0.34509293680312497
508.5 0.21722178270031248
509.0 0.103317595578125
509.5 0.17906775588656249
510.0 0.1929087167975
510.5 0.1973690878378125
511.0 0.17579561744843752
511.5 0.182328085414375
512.0 0.18417547391375
512.5 0.18464979988562502
513.0 0.195246175393125
513.5 0.1875912
514.0 0.1965464652225
514.5 0.191316106884375
515.0 0.15603168469875
515.5 0.45734620024062494
516.0 0.429663370996875
516.5 0.53665838509375
517.0 0.48090764331249997
517.5 0.56557971014375
518.0 0.5400316055625
518.5 0.23747602201249998
519.0 0.23306972789125
519.5 0.2821867115221875
520.0 0.28889186900062497
520.5 0.3100697586728125
521.0 0.39872582872812495
521.5 0.4017215041125
522.0 0.430108695653125
522.5 0.5333067180625
523.0 0.363735891646875
523.5 0.470981075696875
524.0 0.471102579853125
524.5 0.44012376237499995
525.0 0.385502610965625
525.5 0.3047940613028125
526.0 0.44294285714375
526.5 0.47899896800937497
527.0 0.56418150685
527.5 0.60951766304375
528.0 0.55122278056875
528.5 0.5612316384187499
529.0 0.469401465796875
529.5 0.44165871121562494
530.0 0.45907669021249997
530.5 0.252399396378125
531.0 0.35028194006249996
531.5 0.34778717545312493
532.0 0.34215312499999995
532.5 0.382839110775
533.0 0.357892727271875
533.5 0.4124719101125
534.0 0.42840677966249996
534.5 0.355652766953125
535.0 0.2278533755275
535.5 0.47021129893124997
536.0 0.397476851853125
536.5 0.2551762246115625
537.0 0.24895961002781247
537.5 0.35489684465937493
538.0 0.36751792828749996
538.5 0.370043144775
539.0 0.38959592145
539.5 0.424806763284375
540.0 0.523064988290625
540.5 0.437416834678125
541.0 0.31545951859999993
541.5 0.38231033091249994
542.0 0.32493792325
542.5 0.354125434028125
543.0 0.398165499125
543.5 0.410748014121875
544.0 0.561068989071875
544.5 0.42204612364999994
545.0 0.442709825996875
545.5 0.30985507246375
546.0 0.29465683411218746
546.5 0.2893586387434375
547.0 0.3011840949034375
547.5 0.2419991511034375
548.0 0.2412587556653125
548.5 0.2773215434084375
549.0 0.1490502748140625
549.5 0.511023102309375
550.0 0.50311627906875
550.5 0.47763466042187497
551.0 0.467062669071875
551.5 0.47585069444375
552.0 0.42795918367499997
552.5 0.42885792120625
553.0 0.54027923784375
553.5 0.41417144906875
554.0 0.46197972973125
554.5 0.49856100795624997
555.0 0.5274972766875
555.5 0.458638519925
556.0 0.47524120603125
556.5 0.44230392156875
557.0 0.42668193717187497
557.5 0.43812314539999997
558.0 0.4041553768
558.5 0.360534883721875
559.0 0.36925218774999996
559.5 0.311301965230625
560.0 0.2789832089553125
560.5 0.32842315369374997
561.0 0.1884256449165625
561.5 0.177689580764375
562.0 0.150206980519375
562.5 0.36078112609062496
563.0 0.347245674740625
563.5 0.1824055441478125
564.0 0.1277195897140625
564.5 0.3051532887403125
565.0 0.419164603959375
565.5 0.304707430340625
566.0 0.2892621776503125
566.5 0.30975490196093747
567.0 0.28377021144281245
567.5 0.2971182943603125
568.0 0.34319318181875
568.5 0.291033898305
569.0 0.297054937413125
569.5 0.33424270755312496
570.0 0.26552814769968747
570.5 0.2637135506003125
571.0 0.19935692148749998
571.5 0.110148409139375
572.0 0.135493066255625
572.5 0.18927860169499997
573.0 0.19559759859
573.5 0.151433823529375
574.0 0.1397705812925
574.5 0.100381799163125
575.0 0.19051530951843748
575.5 0.175822077705625
576.0 0.1987014846234375
576.5 0.16500703093624997
577.0 0.17632841328406249
577.5 0.22022785132374997
578.0 0.2789972527471875
578.5 0.33652601734375
579.0 0.421889312978125
579.5 0.31972714552187503
580.0 0.28058562992124997
580.5 0.21123196248187498
581.0 0.289031501340625
581.5 0.15670037389531247
582.0 0.157197969543125
582.5 0.10461315280468748
583.0 0.1958411654134375
583.5 0.172759165613125
584.0 0.1001974044965625
584.5 0.19868235294125
585.0 0.127302189599375
585.5 0.1715995409015625
586.0 0.156337665854375
586.5 0.1283277027028125
587.0 0.18982437276
587.5 0.2220277395690625
588.0 0.3923741883125
588.5 0.5128687635562499
589.0 0.37559010773749996
589.5 0.393701690821875
590.0 0.41787028301875
590.5 0.48164228052499997
591.0 0.460850178359375
591.5 0.40047454702187496
592.0 0.40377696078437497
592.5 0.38806660899687495
593.0 0.392696897375
593.5 0.38002295332812497
594.0 0.413504304159375
594.5 0.379989733059375
595.0 0.33427259368124995
595.5 0.508894523328125
596.0 0.438457551825
596.5 0.58470568783125
597.0 0.5346142578124999
597.5 0.45522177419374993
598.0 0.41633037225
598.5 0.46044469783437497
599.0 0.362813397128125
599.5 0.525694124425
600.0 0.5223821039906249
600.5 0.5415138319687499
601.0 0.418396686159375
601.5 0.5665318302375
602.0 0.551706790125
602.5 0.5191153846156249
603.0 0.5271257142843749
603.5 0.533824343015625
604.0 0.52688968335
604.5 0.4613588667375
605.0 0.469713459515625
605.5 0.488645833334375
606.0 0.37445454545312495
606.5 0.34676610541874997
607.0 0.1296824324325
607.5 0.12848897637781248
608.0 0.15429419748906248
608.5 0.236352209243125
609.0 0.24107701516375
609.5 0.20764393939406248
610.0 0.500029806259375
610.5 0.3852616716875
611.0 0.23255231900437498
611.5 0.29366988809781247
612.0 0.52838485316875
612.5 0.36854411764687495
613.0 0.371067049809375
613.5 0.20049979261718748
614.0 0.17448892988937498
614.5 0.248044954721875
615.0 0.1520925349921875
615.5 0.132340155363125
616.0 0.1240404106028125
616.5 0.2360383678440625
617.0 0.158412969283125
617.5 0.138951585695
618.0 0.1361885245903125
618.5 0.1549340866290625
619.0 0.340431802603125
619.5 0.377241492146875
620.0 0.420102156640625
620.5 0.392532355478125
621.0 0.37869433962187493
621.5 0.400141891890625
622.0 0.45949844075
622.5 0.635087006959375
623.0 0.5927975495906249
623.5 0.6268821656062499
624.0 0.754785046728125
624.5 0.711332082553125
625.0 0.39201245704375
625.5 0.1512640056021875
626.0 0.2421060467246875
626.5 0.303160310734375
627.0 0.33608575924375
627.5 0.326191605840625
628.0 0.41072331460625
628.5 0.326422505309375
629.0 0.239129491945625
629.5 0.324622404028125
630.0 0.409
630.5 0.2610739333721875
631.0 0.2965943267259375
631.5 0.15164621318375
632.0 0.246196725571875
632.5 0.36046953255312497
633.0 0.476023920653125
633.5 0.49532135076249995
634.0 0.5831798245625
634.5 0.684504166665625
635.0 0.6516136363624999
635.5 0.687643084259375
636.0 0.7781992337156249
636.5 0.5519173960624999
637.0 0.55825757575625
637.5 0.5330443234843749
638.0 0.5259686346875
638.5 0.43117452135624995
639.0 0.38128647214999994
639.5 0.406895410415625
640.0 0.426556473828125
640.5 0.437935222671875
641.0 0.41036217303749994
641.5 0.332033653846875
642.0 0.276718828874375
642.5 0.27797845898937495
643.0 0.32923262548125
643.5 0.2703172255096875
644.0 0.28191162109375
644.5 0.35135149023749995
645.0 0.48947265624999997
645.5 0.24333793969843748
646.0 0.22641920374718746
646.5 0.27238767281093745
647.0 0.368728365384375
647.5 0.22085704607031248
648.0 0.102604239055
648.5 0.1842555163284375
649.0 0.189592001849375
649.5 0.1898644724103125
650.0 0.1769961675078125
650.5 0.1868547918684375
651.0 0.181495789995
651.5 0.19239025297625
652.0 0.18995396379531249
652.5 0.1943195718653125
653.0 0.193169158304375
653.5 0.19068678836062503
654.0 0.19630474848218749
654.5 0.2230259838546875
655.0 0.32431575829375003
655.5 0.4174424815125
656.0 0.486748269040625
656.5 0.63995245641875
657.0 0.6856057866187499
657.5 0.677006676559375
658.0 0.7024552845531249
658.5 0.6406272727281249
659.0 0.603762306609375
659.5 0.6309675036937499
660.0 0.8593894230781249
660.5 0.6213208215312499
661.0 0.612529880478125
661.5 0.753818359375
662.0 0.9327757685343749
662.5 0.902823408625
663.0 0.828752319109375
663.5 0.99294622425625
664.0 1.086670854271875
664.5 1.14416062801875
665.0 1.1798975409843748
665.5 0.990175970875
666.0 0.869416826003125
666.5 1.02280769230625
667.0 1.0450445292625
667.5 0.93492391304375
668.0 0.9261830835124999
668.5 1.184314868803125
669.0 1.186947058825
669.5 1.060287769784375
670.0 1.061137770896875
670.5 1.01090425531875
671.0 1.01832173913125
671.5 0.9800795454531249
672.0 0.978795116771875
672.5 0.96775
673.0 0.95725663716875
673.5 0.957511737090625
674.0 0.96456703910625
674.5 1.0623643410843748
675.0 0.9781924198249999
675.5 0.86569796954375
676.0 0.79373069498125
676.5 0.718997509340625
677.0 0.634257884971875
677.5 0.5929258675093749
678.0 0.61064627995
678.5 0.625362225096875
679.0 0.61093669250625
679.5 0.5723544776125
680.0 0.617395833334375
680.5 0.5005
681.0 0.33972064056875
681.5 0.6871897163124999
682.0 0.87575471698125
682.5 0.880026709403125
683.0 0.879617647059375
683.5 0.83311392405
684.0 0.8209752066125
684.5 0.768566666665625
685.0 0.6853888888874999
685.5 0.33183442742499997
686.0 0.2435776699028125
686.5 0.44638944723749996
687.0 1.3078032544375
687.5 1.4716263440875
688.0 1.435105932203125
688.5 0.42060042735
689.0 0.488282950421875
689.5 0.6256435643562499
690.0 0.408873207884375
690.5 0.43244244244374996
691.0 0.64769301470625
691.5 0.58804794520625
692.0 0.707226821190625
692.5 0.5998422818781249
693.0 0.5203469750874999
693.5 0.501887921653125
694.0 0.5125564409031249
694.5 0.4585111111125
695.0 0.545502481390625
695.5 0.780939685315625
696.0 0.81410412758125
696.5 0.7921153846156249
697.0 0.7664765372156249
697.5 0.64938721804375
698.0 0.7444388686125
698.5 0.7172003154562498
699.0 0.43574672284687493
699.5 0.30741205089812496
700.0 0.19113999999999998
700.5 0.24701741861781248
701.0 0.27153743315499995
701.5 0.2937987769365625
702.0 0.410529247909375
702.5 0.37540799561874993
703.0 0.374114173228125
703.5 0.2596607538803125
704.0 0.41227055449375
704.5 0.2392384535546875
705.0 0.23858243451468747
705.5 0.33180981595
706.0 0.2778610354221875
706.5 0.2419301728165625
707.0 0.249626593806875
707.5 0.2012717456509375
708.0 0.22052909482749997
708.5 0.23334421112374998
709.0 0.2185295230884375
709.5 0.33126453488437496
710.0 0.381639593909375
710.5 0.4232888986
711.0 0.39429445350625
711.5 0.38950988467812503
712.0 0.33230285961875
712.5 0.388385623509375
713.0 0.443830160321875
713.5 0.47025369458125
714.0 0.523043184884375
714.5 0.51457871396875
715.0 0.55655743243125
715.5 0.6626366322
716.0 0.582442477875
716.5 0.35027503525937503
717.0 0.23057
717.5 0.18645340050374998
718.0 0.366595487509375
718.5 0.42667517006875
719.0 0.36828980099374997
719.5 0.332609104590625
720.0 0.342581351690625
720.5 0.971284565915625
721.0 1.0706640625
721.5 1.0788424437312498
722.0 1.1870707656625
722.5 1.1883020231218748
723.0 0.971978114478125
723.5 0.979555873925
724.0 0.9866535433062499
724.5 1.01305962343125
725.0 1.07902901785625
725.5 1.291980874315625
726.0 1.3944636363624998
726.5 1.270071428571875
727.0 0.9484850107062499
727.5 1.0654185267843748
728.0 1.234315286625
728.5 1.227910052909375
729.0 1.251831306990625
729.5 1.24267313019375
730.0 0.940228571428125
730.5 0.9389224952749999
731.0 1.2530978260874999
731.5 1.2588775510218748
732.0 1.12610148515
732.5 0.99755467196875
733.0 0.923404365903125
733.5 0.9039621676906249
734.0 0.9672173144874999
734.5 0.963999051234375
735.0 0.9592641325531249
735.5 0.9873105134468749
736.0 1.2939931740625
736.5 1.2963139204531249
737.0 1.1901101928375
737.5 1.17709910913125
738.0 1.138660477453125
738.5 1.1360771276593749
739.0 0.9329488517749999
739.5 0.8669021739125
740.0 1.0751398601406248
740.5 1.081106442578125
741.0 1.3682360742718749
741.5 1.361222910215625
742.0 1.07379206730625
742.5 0.9642611111125
743.0 0.9568473451312499
743.5 0.96081643001875
744.0 0.860244023903125
744.5 0.837684804928125
745.0 0.793551483421875
745.5 0.77952680066875
746.0 0.7763752362937499
746.5 0.7876648351656249
747.0 0.7509157986124999
747.5 0.746727941175
748.0 0.973846525096875
748.5 1.035456674471875
749.0 1.165807823128125
749.5 1.17799586776875
750.0 1.078333333334375
750.5 1.0466868932031248
751.0 1.2260970744687498
751.5 1.2588617886187499
752.0 1.2292045454531249
752.5 1.1926900584781248
753.0 0.877919491525
753.5 1.05622350674375
754.0 1.3921991701249998
754.5 1.379049865228125
755.0 0.8804122055687499
755.5 0.978567796609375
756.0 1.154949324325
756.5 1.1391363636375
757.0 1.09805555555625
757.5 0.788588907015625
758.0 0.6133138780812499
758.5 1.8706219512187499
759.0 1.866326335878125
759.5 1.1213734177218748
760.0 0.7253913373875
760.5 0.7453365384625
761.0 0.7297955974843751
761.5 0.728942477875
762.0 0.8883267326718749
762.5 0.8991256830593749
763.0 0.9993762575437499
763.5 0.99727508650625
764.0 1.011229508196875
764.5 1.0177740492156249
765.0 1.2120048309187499
765.5 1.2202129120874998
766.0 1.277565028903125
766.5 1.279077102803125
767.0 1.071787974684375
767.5 1.295006578946875
768.0 1.16708092485625
768.5 1.138558558559375
769.0 1.0890274463
769.5 1.058848039215625
770.0 0.897313242784375
770.5 0.822365900384375
771.0 0.8326803118906249
771.5 0.912005102040625
772.0 1.0469033412875
772.5 1.080175644028125
773.0 1.1122622478375
773.5 1.03165
774.0 0.951677489178125
774.5 0.930619791665625
775.0 0.9271741453
775.5 1.0472033898312498
776.0 1.041060439559375
776.5 1.018496462265625
777.0 1.02500628140625
777.5 0.884640077821875
778.0 0.943970588234375
778.5 1.0865145502656248
779.0 1.0971045918375
779.5 1.1352427821531248
780.0 1.1159890109875
780.5 1.1135816777031249
781.0 0.8807569721124999
781.5 0.44168492268125
782.0 0.8239161849718749
782.5 0.8021027397249999
783.0 0.737153846153125
783.5 0.789404965753125
784.0 0.823617021278125
784.5 0.8012592592593749
785.0 0.7905038759687499
785.5 1.1187311015124999
786.0 1.1187346938781249
786.5 1.129696969696875
787.0 1.2601662561562499
787.5 1.352475328946875
788.0 1.3151594533031248
788.5 1.2803932584281248
789.0 1.2699831081093749
789.5 1.0906362612624998
790.0 1.096156462584375
790.5 1.2155912596406249
791.0 1.20970820189375
791.5 1.27337890625
792.0 1.2876235465124999
792.5 1.22073529411875
793.0 1.18524464831875
793.5 1.1130695443656249
794.0 1.02963125
794.5 1.091496350365625
795.0 1.2098529411749999
795.5 1.2026392251812499
796.0 1.0220301418437499
796.5 1.019586776859375
797.0 1.078068720378125
797.5 1.08608225108125
798.0 1.0702590361437498
798.5 1.060041966428125
799.0 1.1952947598249999
799.5 1.181459302325
800.0 0.8679056437375
800.5 0.802803180915625
801.0 1.5165600000000001
801.5 1.5109354304625
802.0 1.3935806451625
802.5 1.2953860294125
803.0 1.24427536231875
803.5 1.07869949495
804.0 1.1088895781625
804.5 1.2826096491218748
805.0 1.2883659217874999
805.5 1.2995117845125
806.0 1.2960427135687498
806.5 1.304673590503125
807.0 1.3255118694375
807.5 1.23623219373125
808.0 1.086670854271875
808.5 1.149714805825
809.0 1.3495078125
809.5 1.3553239202656249
810.0 1.3862957317062499
810.5 1.3975300300312499
811.0 1.35994205298125
811.5 1.3356055900625
812.0 1.334961419753125
812.5 1.0832533333343748
813.0 1.0848440860218749
813.5 1.1366066838031248
814.0 1.1424916666656248
814.5 1.018125
815.0 0.867459259259375
815.5 1.249956521740625
816.0 1.2426212937999999
816.5 1.082797202796875
817.0 0.8866393442624999
817.5 0.894517543859375
818.0 0.7085807113531251
818.5 0.668512195121875
819.0 0.7199999999999999
819.5 0.8387336065562501
820.0 0.88419892473125
820.5 1.005844947734375
821.0 0.9092154255312499
821.5 0.8447528089875
822.0 0.908522514071875
822.5 0.927840690978125
823.0 0.7828890728468749
823.5 0.3122780944625
824.0 0.558831428571875
824.5 0.441617647059375
825.0 0.6135057840625
825.5 0.5990340030906249
826.0 0.615583554378125
826.5 0.6230748865343749
827.0 0.6230625
827.5 0.6661538461531249
828.0 0.7380237741468749
828.5 0.7874658469937499
829.0 0.87912114014375
829.5 0.888564453125
830.0 0.7951980982562499
830.5 0.804633152175
831.0 0.80959249084375
831.5 0.7072932816531249
832.0 0.724718259628125
832.5 0.7617685758499999
833.0 0.9568957345968749
833.5 0.964732824428125
834.0 1.094250599521875
834.5 1.082731829575
835.0 0.882333055090625
835.5 0.8551294820718749
836.0 0.8408759842531249
836.5 0.7410986732999999
837.0 0.609239583334375
837.5 0.5194087837843749
838.0 0.536794158553125
838.5 0.55764864865
839.0 0.7255363036312499
839.5 0.7962522281624999
840.0 0.824938212928125
840.5 0.9010312500000001
841.0 0.5639077380937499
841.5 0.644541044775
842.0 0.7540711645093751
842.5 0.759106844740625
843.0 0.62973951285625
843.5 0.57602033660625
844.0 0.604873417721875
844.5 0.711393914475
845.0 0.4382092772375
845.5 0.383031511009375
846.0 0.623610719321875
846.5 0.8219364508406249
847.0 0.8287063953499999
847.5 0.66765678449375
848.0 0.8075561797749999
848.5 0.8003689236125
849.0 0.7006334841625
849.5 0.6803144654093749
850.0 0.691355932203125
850.5 0.9980202312124999
851.0 0.877088
851.5 0.7931914893625
852.0 0.8146934713374999
852.5 0.74484148550625
853.0 0.655340522134375
853.5 0.27420978576625
854.0 0.28242143225156247
854.5 0.338225806453125
855.0 0.2597093908628125
855.5 0.319714230171875
856.0 0.40177800974374994
856.5 0.484228045325
857.0 0.439153037384375
857.5 0.3358131067968749
858.0 0.23615290669281247
858.5 0.2336289525690625
859.0 0.32063336120312497
859.5 0.2198639838128125
860.0 0.1945289855071875
860.5 0.201480582524375
861.0 0.21225355969343748
861.5 0.27776780371031246
862.0 0.45109802847812497
862.5 0.446817729084375
863.0 0.46089635854374994
863.5 0.361755280409375
864.0 0.32059232480624994
864.5 0.378822927328125
865.0 0.37786129568125
865.5 0.32185375240624997
866.0 0.17383855185906247
866.5 0.318470821325
867.0 0.3509262820499999
867.5 0.43162914188749996
868.0 0.43166885964999996
868.5 0.392429543246875
869.0 0.3268448275875
869.5 0.164137589928125
870.0 0.20532794676812496
870.5 0.18460268948656247
871.0 0.156956124314375
871.5 0.28979986431468746
872.0 0.28849741768875
872.5 0.23295406266593752
873.0 0.29661414790999996
873.5 0.339152021090625
874.0 0.41134370015937494
874.5 0.23689385775875
875.0 0.15964885632593748
875.5 0.13413214837718748
876.0 0.327152042359375
876.5 0.21668915828
877.0 0.21700628140718747
877.5 0.11807597684499999
878.0 0.1986773003471875
878.5 0.2274572336265625
879.0 0.32725298804687497
879.5 0.36539082412812496
880.0 0.3476909164
880.5 0.2580813214740625
881.0 0.20725246507812498
881.5 0.33648401826562496
882.0 0.27332336523125
882.5 0.2944989669421875
883.0 0.170362234506875
883.5 0.1141437268396875
884.0 0.47429269547187497
884.5 0.444942528734375
885.0 0.43441767068125
885.5 0.67757475083125
886.0 0.7295387323937499
886.5 0.64340375586875
887.0 0.6213333333343749
887.5 0.6542551150906251
888.0 0.712569324090625
888.5 0.55302203065
889.0 0.620444646096875
889.5 0.5627470059874999
890.0 0.56046585648125
890.5 0.6335583224125
891.0 0.7565839999999999
891.5 0.73604126679375
892.0 0.7442579908687499
892.5 0.7952289048468749
893.0 0.7955125
893.5 0.809133611690625
894.0 0.754715447153125
894.5 0.8059735812125
895.0 0.9008132530124999
895.5 0.8614659685874999
896.0 0.81692434210625
896.5 0.811866197184375
897.0 0.8098687089718749
897.5 0.7557225913625
898.0 0.686415868671875
898.5 0.51052586206875
899.0 0.21926463293656248
899.5 0.14406447368406247
900.0 0.1792616443190625
900.5 0.21156599312125
901.0 0.2151358550878125
901.5 0.325442060084375
902.0 0.5312019790468749
902.5 0.74871750433125
903.0 0.6421840826249999
903.5 0.6655426356593749
904.0 0.6801990445875
904.5 0.7037519685031249
905.0 0.616084971909375
905.5 0.6406041666656249
906.0 0.672395470384375
906.5 0.8123228346468749
907.0 0.74269425675625
907.5 0.702354559746875
908.0 0.717219008265625
908.5 0.7393076923062499
909.0 0.757892
909.5 0.790920329671875
910.0 0.7169639718812499
910.5 0.6413328631874999
911.0 0.6481580779937499
911.5 0.6879438860968751
912.0 0.6804825949375
912.5 0.5892745231593749
913.0 0.552680272109375
913.5 0.512134517765625
914.0 0.456284829721875
914.5 0.384246076234375
915.0 0.21895161290312498
915.5 0.282730564944375
916.0 0.507932862190625
916.5 0.2826563458
917.0 0.634590163934375
917.5 0.621666666665625
918.0 0.6275384615374999
918.5 0.42456762294999995
919.0 0.5400788177343749
919.5 0.615633027521875
920.0 0.5362971698125
920.5 0.42606476684062494
921.0 0.39653502747187497
921.5 0.505717455621875
922.0 0.537789699571875
922.5 0.6346559633031249
923.0 0.64112068965625
923.5 0.635571236559375
924.0 0.6466736930875
924.5 0.710723110465625
925.0 0.60264285714375
925.5 0.4982332985375
926.0 0.321906146178125
926.5 0.46789314516249997
927.0 0.5053404907968749
927.5 0.7856479859906249
928.0 0.8503359173124999
928.5 0.586410861865625
929.0 0.441366768759375
929.5 0.330750670240625
930.0 0.36957351746562495
930.5 0.40860749185625
931.0 0.664906437125
931.5 0.484690241228125
932.0 0.476039130434375
932.5 0.524280185759375
933.0 0.584444774346875
933.5 0.5938382352937499
934.0 0.5393172119499999
934.5 0.44735539215625
935.0 0.45284067085937496
935.5 1.0163798076937498
936.0 0.9712104072406249
936.5 0.573375838925
937.0 0.6581480117812499
937.5 0.571162109375
938.0 0.48195924765
938.5 0.46056682577499997
939.0 0.42211538461562503
939.5 0.40672987974062497
940.0 0.39426081200312496
940.5 0.1456587781134375
941.0 0.397879484821875
941.5 0.578366910865625
942.0 0.49866339491875
942.5 0.5144419924343749
943.0 0.496402838428125
943.5 0.47731025640937497
944.0 0.441141245971875
944.5 0.5113733650406249
945.0 0.6455634328343749
945.5 0.639716535434375
946.0 0.6690351458875
946.5 0.6352586206906249
947.0 0.6002583187374999
947.5 0.32175507900624994
948.0 0.22468726016874999
948.5 0.320144766146875
949.0 0.46519929364374996
949.5 0.5195973154375
950.0 0.5078403755875
950.5 0.513727959696875
951.0 0.56920054945
951.5 0.6330023094687499
952.0 0.661775147928125
952.5 0.67765231788125
953.0 0.64242578125
953.5 0.6523785310749999
954.0 0.651171428571875
954.5 0.65149913345
955.0 0.41459118150625
955.5 0.537116666665625
956.0 0.464048086359375
956.5 0.471102579853125
957.0 0.487514955134375
957.5 0.512072254334375
958.0 0.461612669246875
958.5 0.49247141041875
959.0 0.49430244941562496
959.5 0.56495541838125
960.0 0.523459743290625
960.5 0.48897473996875
961.0 0.5702525832374999
961.5 0.709883004925
962.0 0.6956954887218749
962.5 0.6810553892218749
963.0 0.8015495207656249
963.5 0.79455724508125
964.0 0.7647707612468749
964.5 0.758234072021875
965.0 0.7559933035718749
965.5 0.621341540403125
966.0 0.356093474428125
966.5 0.57185520361875
967.0 0.44002169720312495
967.5 0.583797297296875
968.0 0.5846432522125
968.5 0.5945637119125
969.0 0.623598540146875
969.5 0.5530724009906249
970.0 0.6239722617343749
970.5 0.6406041666656249
971.0 0.63584019769375
971.5 0.5874999999999999
972.0 0.796512681159375
972.5 0.778218641115625
973.0 0.7612587719312499
973.5 0.49091373439375
974.0 0.5891573383093749
974.5 0.6426227678562499
975.0 0.67318894389375
975.5 0.6766443452375
976.0 0.54176658905625
976.5 0.468303876853125
977.0 0.571894946809375
977.5 0.6523793363499999
978.0 0.6659344262281249
978.5 0.6771174496656249
979.0 0.6781288343562499
979.5 0.6827639442218749
980.0 0.73472938144375
980.5 0.752615681234375
981.0 0.7798101265812499
981.5 0.879794847328125
982.0 1.0904225352124999
982.5 1.070990099009375
983.0 1.0791005291
983.5 0.8287559999999999
984.0 0.7338420348062499
984.5 0.79885714285625
985.0 0.864235641890625
985.5 0.9408524027468749
986.0 0.35954146169999995
986.5 0.39458013435625
987.0 0.35312232415937495
987.5 0.28922588832499996
988.0 0.1385095799559375
988.5 0.2232561088059375
989.0 0.383959491659375
989.5 0.358502653525
990.0 0.39574561403437497
990.5 0.41263924050624995
991.0 0.31820581896562494
991.5 0.337797239915625
992.0 0.33013202725625
992.5 0.33953913679687503
993.0 0.2801717687075
993.5 0.34694895591562497
994.0 0.3158157389625
994.5 0.2450370004934375
995.0 0.14439504008031248
995.5 0.1526226804125
996.0 0.23744519833
996.5 0.36255057803437496
997.0 0.40195248868749994
997.5 0.340552773496875
998.0 0.48532358155937494
998.5 0.381688580015625
999.0 0.417389737065625
999.5 0.45118435754062497
1000.0 0.38727272727187495
1000.5 0.333798463790625
1001.0 0.357328370553125
1001.5 0.333870814909375
1002.0 0.27117814276687496
1002.5 0.354493775934375
1003.0 0.44289643211249996
1003.5 0.468645833334375
1004.0 0.468734756096875
1004.5 0.42694137168124996
1005.0 0.406802050471875
1005.5 0.34620078740312493
1006.0 0.418648078725
1006.5 0.40326905204374996
1007.0 0.38443999999999995
1007.5 0.369775565965625
1008.0 0.43576437941562496
1008.5 0.44294516829687497
1009.0 0.347103053434375
1009.5 0.39707977815624995
1010.0 0.40225514201874996
1010.5 0.361703111859375
1011.0 0.37841426071875
1011.5 0.402198019803125
1012.0 0.33992756064687496
1012.5 0.355703942075
1013.0 0.33179816069687496
1013.5 0.43193181818125
1014.0 0.40690410006874994
1014.5 0.37564024390312495
1015.0 0.141981059439375
1015.5 0.2745390070921875
1016.0 0.2203054989815625
1016.5 0.16135284810125
1017.0 0.46202126032499996
1017.5 0.6792812887249999
1018.0 0.5037837837843749
1018.5 0.406699125596875
1019.0 0.5007947624843749
1019.5 0.5632731707312499
1020.0 0.466391541609375
1020.5 0.331787290378125
1021.0 0.227557565789375
1021.5 0.3011869158878125
1022.0 0.5367366628843749
1022.5 0.59270092735625
1023.0 0.6205298223343749
1023.5 0.6186347765375
1024.0 0.499275627615625
1024.5 0.5405509065562499
1025.0 0.580913642053125
1025.5 0.56418150685
1026.0 0.268786698621875
1026.5 0.532491909384375
1027.0 0.6109348093468749
1027.5 0.7151674937968749
1028.0 0.699640831759375
1028.5 0.54878769601875
1029.0 0.576084959815625
1029.5 0.70725716560625
1030.0 0.666723227753125
1030.5 0.6470981087468749
1031.0 0.615045399515625
1031.5 0.577585093896875
1032.0 0.454229471315625
1032.5 0.60276629570625
1033.0 0.69664503816875
1033.5 0.789780621571875
1034.0 0.6284393579062499
1034.5 0.6573889739656249
1035.0 0.678039682540625
1035.5 0.7059755134281249
1036.0 0.404660977859375
1036.5 0.538825934578125
1037.0 0.637942148759375
1037.5 0.6463972431062499
1038.0 0.644684750734375
1038.5 0.6178388658375
1039.0 0.578556666665625
1039.5 0.6152133712656249
1040.0 0.615172077921875
1040.5 0.6322730600281249
1041.0 0.6611871961093749
1041.5 0.7038777089781248
1042.0 0.4136688888875
1042.5 0.287808339173125
1043.0 0.547853503184375
1043.5 0.43382898695937494
1044.0 0.348387650084375
1044.5 0.341538591740625
1045.0 0.585615894040625
1045.5 0.5750796979875
1046.0 0.603972457628125
1046.5 0.6913046044875
1047.0 0.8373495145625
1047.5 0.7867107508531249
1048.0 0.802279792746875
1048.5 0.783840579709375
1049.0 0.7874517374531249
1049.5 0.988497137403125
1050.0 0.64340375586875
1050.5 0.47659090909062496
1051.0 0.39175153139375
1051.5 0.44115075107187496
1052.0 0.5178071748874999
1052.5 0.706332644628125
1053.0 0.607294022615625
1053.5 0.59709309494375
1054.0 0.69454741379375
1054.5 0.8238066202093749
1055.0 0.924042168675
1055.5 0.915688202246875
1056.0 0.896644736840625
1056.5 0.37202455183124994
1057.0 0.69582585278125
1057.5 0.879071969696875
1058.0 0.978271971496875
1058.5 0.992488938053125
1059.0 0.994199395771875
1059.5 0.45777880184374997
1060.0 0.82111823361875
1060.5 0.813428571428125
1061.0 0.34596577946874996
1061.5 0.5276235541531249
1062.0 0.48862211221249996
1062.5 0.448313894521875
1063.0 0.457729933109375
1063.5 0.46866005534999994
1064.0 0.511541060290625
1064.5 0.2861871013465625
1065.0 0.267
1065.5 0.4341603235
1066.0 0.38400888888749996
1066.5 0.17328442622937498
1067.0 0.597044506259375
1067.5 0.5605839895
1068.0 0.43093780135
1068.5 0.270106219211875
1069.0 0.316130911584375
1069.5 0.2998873348871875
1070.0 0.21510633861562498
1070.5 0.1874279180753125
1071.0 0.21558759652499998
1071.5 0.4124691064625
1072.0 0.4514561586625
1072.5 0.51995883644375
1073.0 0.655299696509375
1073.5 0.713203671328125
1074.0 0.6570881502875
1074.5 0.5130953693499999
1075.0 0.910648558759375
1075.5 0.9686148648656249
1076.0 1.0322852028625
1076.5 1.028405063290625
1077.0 0.8992023172906249
1077.5 0.26038869257937497
1078.0 0.1879098135965625
1078.5 0.281139053254375
1079.0 0.2115372109828125
1079.5 0.67066096423125
1080.0 0.8291591726624999
1080.5 0.9327710843375
1081.0 0.9166949152531249
1081.5 0.9186936936937499
1082.0 1.204587209303125
1082.5 1.2689351851843749
1083.0 0.9451267605624999
1083.5 0.918541292640625
1084.0 0.974295023696875
1084.5 0.934231391584375
1085.0 0.863295454546875
1085.5 1.032733516484375
1086.0 1.3413919667593748
1086.5 1.282241379309375
1087.0 0.979016563146875
1087.5 1.009151315790625
1088.0 1.121508027521875
1088.5 0.94444029850625
1089.0 0.695783527696875
1089.5 0.8651227678562499
1090.0 0.8363063063062499
1090.5 0.7727063789874999
1091.0 0.6848931297718749
1091.5 0.6675050709937499
1092.0 0.6841460055093749
1092.5 0.319526053215625
1093.0 0.250074324324375
1093.5 0.2325894683028125
1094.0 0.1451460804165625
1094.5 0.1980193936690625
1095.0 0.33235902255624994
1095.5 0.37291893733125
1096.0 0.2896393956671875
1096.5 0.2805601482325
1097.0 0.19833497053031252
1097.5 0.115310218978125
1098.0 0.1747424242425
1098.5 0.1815168067228125
1099.0 0.32325229357812496
1099.5 0.42713930348124995
1100.0 0.42931155778749996
1100.5 0.5166271676312499
1101.0 0.57565944881875
1101.5 0.60929326288125
1102.0 0.643258333334375
1102.5 0.8360210696906251
1103.0 0.83907442748125
1103.5 0.84441871455625
1104.0 0.499904953915625
1104.5 0.7695640569406249
1105.0 0.7389742589718749
1105.5 0.72456795301875
1106.0 0.85167536534375
1106.5 0.77993996569375
1107.0 0.6935581222062499
1107.5 0.5672686464093749
1108.0 0.47416207276874994
1108.5 0.36316330814375
1109.0 0.45642696629062496
1109.5 0.51580010225
1110.0 0.6750229007624999
1110.5 0.827892512078125
1111.0 0.8287063953499999
1111.5 0.507836079790625
1112.0 0.795636531365625
1112.5 0.7607466996687499
1113.0 0.7373333333343749
1113.5 0.7259731543625
1114.0 0.535301837271875
1114.5 0.7539628820968749
1115.0 0.7764589235124999
1115.5 0.8714805194812499
1116.0 0.7018209876531251
1116.5 0.5014054878062499
1117.0 0.820106534090625
1117.5 0.7304807692312499
1118.0 0.7173950381687499
1118.5 0.7216728763031249
1119.0 0.32119933554687496
1119.5 0.49670693277187494
1120.0 0.520322252375
1120.5 0.6528404539375
1121.0 0.678319295559375
1121.5 0.755233386075
1122.0 0.5890197568375
1122.5 0.6059399477812499
1123.0 0.7088683304656249
1123.5 1.043267441859375
1124.0 1.0480254777062499
1124.5 0.7261549707593749
1125.0 0.746664507771875
1125.5 0.7631134020624999
1126.0 0.63186805555625
1126.5 0.7625683890562499
1127.0 0.9272599164937501
1127.5 0.991115470853125
1128.0 1.0063327205875
1128.5 0.8509673366843749
1129.0 0.7490144596656249
1129.5 0.63793048973125
1130.0 0.4995256917
1130.5 0.561948891625
1131.0 0.61278014184375
1131.5 0.657360074628125
1132.0 0.6934975767374999
1132.5 0.694577235771875
1133.0 0.67099474474375
1133.5 0.6008938356156249
1134.0 0.47746894409999996
1134.5 0.448263646921875
1135.0 0.41767206477812496
1135.5 0.596573948440625
1136.0 0.5924370026531249
1136.5 0.572450527703125
1137.0 0.6378982300874999
1137.5 0.7242851681968749
1138.0 0.78947440585
1138.5 0.7967822265625
1139.0 0.6324130737125
1139.5 0.7051174242437499
1140.0 0.72562279151875
1140.5 0.7571566901406249
1141.0 0.9144344608875
1141.5 0.912853932584375
1142.0 0.9626956106874999
1142.5 0.8950202429156249
1143.0 0.81997009569375
1143.5 0.8239161849718749
1144.0 0.81893006993125
1144.5 0.7104365733124999
1145.0 0.6138648468718749
1145.5 0.5284641638218749
1146.0 0.5150952380937499
1146.5 0.6124624624624999
1147.0 0.73263437058125
1147.5 0.73878706199375
1148.0 0.486260869565625
1148.5 0.613462230215625
1149.0 0.7355143112687499
1149.5 0.5891377551031249
1150.0 0.827134446878125
1150.5 0.501996336996875
1151.0 0.37488268156562493
1151.5 0.407996411484375
1152.0 0.40547583826562494
1152.5 0.5311453541843749
1153.0 0.593515625
1153.5 0.6339207419906249
1154.0 0.823541666665625
1154.5 0.9052528089875
1155.0 0.9235644531249999
1155.5 0.8918081395343749
1156.0 0.449015151515625
1156.5 0.592961847390625
1157.0 0.8145179180874998
1157.5 0.9738065326625001
1158.0 0.987553191490625
1158.5 1.0069743276281249
1159.0 0.472215789475
1159.5 0.754770642203125
1160.0 0.6458907672312499
1160.5 0.33127873563125
1161.0 0.492822902796875
1161.5 0.57370113493125
1162.0 0.420242881071875
1162.5 0.46362995824687503
1163.0 0.450140020365625
1163.5 0.56906964656875
1164.0 0.43199617346874997
1164.5 0.23179580781906248
1165.0 0.439880174290625
1165.5 0.405497326203125
1166.0 0.2262283093703125
1166.5 0.2485673187571875
1167.0 0.578246717725
1167.5 0.49742178447187496
1168.0 0.24864086146687497
1168.5 0.46165547520625
1169.0 0.2518097014925
1169.5 0.22292653455781247
1170.0 0.1138510324484375
1170.5 0.12786936043625
1171.0 0.36246908491249996
1171.5 0.44984642497499994
1172.0 0.47422677595624996
1172.5 0.565352941175
1173.0 0.714453242834375
1173.5 0.6623351227
1174.0 0.574580985915625
1174.5 0.628914246196875
1175.0 0.965513485478125
1175.5 1.001713414634375
1176.0 1.033810096153125
1176.5 0.9341846652281249
1177.0 0.898716814159375
1177.5 0.15661362930781247
1178.0 0.25931964809374997
1178.5 0.17768144116125
1179.0 0.80529661016875
1179.5 0.8065220385687499
1180.0 0.919477611940625
1180.5 0.918351593625
1181.0 0.9499386503062499
1181.5 0.9245299145312499
1182.0 0.9486046511624999
1182.5 0.9980202312124999
1183.0 0.92911864406875
1183.5 0.975348837209375
1184.0 0.9387660550468749
1184.5 0.865584210525
1185.0 1.145545634921875
1185.5 1.340647058825
1186.0 1.2742881355937499
1186.5 0.982236308315625
1187.0 1.0307142857156248
1187.5 1.1231947743468749
1188.0 0.9087144549749999
1188.5 0.6975427960062499
1189.0 0.8651220703124999
1189.5 0.8145179180874998
1190.0 0.765958498025
1190.5 0.6736574745999999
1191.0 0.6796245874593749
1191.5 0.581094559584375
1192.0 0.2365780014378125
1192.5 0.35027503525937503
1193.0 0.18849738391093748
1193.5 0.134195068890625
1194.0 0.19115336134468747
1194.5 0.318180088775
1195.0 0.35906022635312496
1195.5 0.2811943384225
1196.0 0.25438894052031247
1196.5 0.2200205716759375
1197.0 0.10368784239375
1197.5 0.17424342710062501
1198.0 0.23062043795625
1198.5 0.31275017135
1199.0 0.421884765625
1199.5 0.43073960880312495
1200.0 0.526072303921875
1200.5 0.57647098515625
1201.0 0.609662346521875
1201.5 0.6527566964281251
1202.0 0.835570652175
1202.5 0.84086056645
1203.0 0.842851307190625
1203.5 0.5024857142843749
1204.0 0.7688425129093749
1204.5 0.7392120954
1205.0 0.725662751678125
1205.5 0.8458616071437499
1206.0 0.769772727271875
1206.5 0.7045811744374999
1207.0 0.567671660425
1207.5 0.47342573753749995
1208.0 0.362811395759375
1208.5 0.459471153846875
1209.0 0.507661384975
1209.5 0.67478405315625
1210.0 0.799449286846875
1210.5 0.6445189504375
1211.0 0.492453304596875
1211.5 0.79629888268125
1212.0 0.7745171957687499
1212.5 0.7284375
1213.0 0.47283333333437494
1213.5 0.766534653465625
1214.0 0.7511805555562499
1214.5 0.755370370371875
1215.0 0.6581034858374999
1215.5 0.8133234421375
1216.0 0.7309803921562499
1216.5 0.71958860759375
1217.0 0.3651443161625
1217.5 0.5610835762874999
1218.0 0.42626558603437503
1218.5 0.5228303198875
1219.0 0.65526725304375
1219.5 0.6915665236062499
1220.0 0.760233118971875
1220.5 0.573210014946875
1221.0 0.618176359040625
1221.5 0.7571666666656249
1222.0 1.04443654266875
1222.5 0.9162529550812499
1223.0 0.726369327075
1223.5 0.76128003696875
1224.0 0.6891013824875
1224.5 0.602710622709375
1225.0 0.923215613384375
1225.5 0.929717741934375
1226.0 0.9976010781656249
1226.5 1.0042935982343748
1227.0 0.822573770490625
1227.5 0.710652
1228.0 0.5957378706187499
1228.5 0.5022431192656249
1229.0 0.565732182628125
1229.5 0.6197764483624999
1230.0 0.6685596026499999
1230.5 0.693126142596875
1231.0 0.69664503816875
1231.5 0.672912772584375
1232.0 0.5992261904749999
1232.5 0.46508667389062497
1233.0 0.456372863246875
1233.5 0.409233058609375
1234.0 0.588006032171875
1234.5 0.5936100386093749
1235.0 0.570096011815625
1235.5 0.642372353675
1236.0 0.726735537190625
1236.5 0.7906150442468749
1237.0 0.7639392605625
1237.5 0.6277140783749999
1238.0 0.70279302670625
1238.5 0.7319364406781249
1239.0 0.75546759259375
1239.5 0.914899396378125
1240.0 0.9288972055875
1240.5 0.9640903755874999
1241.0 0.8885640495874999
1241.5 0.817632325140625
1242.0 0.814068136271875
1242.5 0.777276579353125
1243.0 0.689765990640625
1243.5 0.524078746178125
1244.0 0.5358552631593749
1244.5 0.662369909503125
1245.0 0.5931705639624999
1245.5 0.790759005146875
1246.0 0.865027932959375
1246.5 0.5784491978624999
1247.0 0.4867541766125
1247.5 0.695265100671875
1248.0 0.611125975475
1248.5 0.5938407079656249
1249.0 0.7682094594593749
1249.5 0.491809210525
1250.0 0.46077813248125
1250.5 0.413379685609375
1251.0 0.318032994925
1251.5 0.49921907216562494
1252.0 0.31533268101874995
1252.5 0.487489690721875
1253.0 0.7548769685031249
1253.5 0.376426096996875
1254.0 0.9002896341468749
1254.5 0.385547253634375
1255.0 0.949938725490625
1255.5 0.87575471698125
1256.0 0.7461096014499999
1256.5 0.7354180327875
1257.0 0.7232527472531249
1257.5 0.671202702703125
1258.0 0.6265489130437499
1258.5 0.544279411765625
1259.0 0.40083259911875
1259.5 0.5104476093593749
1260.0 0.537720944309375
1260.5 0.5306572629062499
1261.0 0.593758134490625
1261.5 0.526453367875
1262.0 0.41703601695
1262.5 0.5776967095843749
1263.0 0.564196428571875
1263.5 0.34938935681562494
1264.0 0.638124076809375
1264.5 0.820679347825
1265.0 0.609765625
1265.5 0.573375838925
1266.0 0.585691349934375
1266.5 0.5106548312
1267.0 0.75612295081875
1267.5 0.85199779249375
1268.0 0.6488364779875
1268.5 0.337174079753125
1269.0 0.46922006302499997
1269.5 0.48106152993437495
1270.0 0.48431690929375
1270.5 0.683524531025
1271.0 0.64938721804375
1271.5 0.44780735455625
1272.0 0.6589927536218749
1272.5 0.8764171374749999
1273.0 0.44066791845625
1273.5 0.673028169015625
1274.0 0.9423257080624999
1274.5 0.8075944333999999
1275.0 0.74293446244375
1275.5 0.6699090909093749
1276.0 0.645475517890625
1276.5 0.647897727271875
1277.0 0.779673768309375
1277.5 0.801552044609375
1278.0 0.748396915584375
1278.5 0.602490272375
1279.0 0.5910928961749999
1279.5 0.6474603174593749
1280.0 0.8144221698124999
1280.5 0.7742655367218749
1281.0 0.38565517241249997
1281.5 0.5040665024625
1282.0 0.69805178268125
1282.5 0.2824663362634375
1283.0 0.23366581415187498
1283.5 0.37404682274374995
1284.0 0.3067311151078125
1284.5 0.31847598760624996
1285.0 0.305802436440625
1285.5 0.394763279446875
1286.0 0.393216527196875
1286.5 0.4232888986
1287.0 0.404184782609375
1287.5 0.29814943253468745
1288.0 0.33374891209687496
1288.5 0.331735074628125
1289.0 0.417083333334375
1289.5 0.37144552529062497
1290.0 0.3837376237625
1290.5 0.29265447667093747
1291.0 0.38028855032187503
1291.5 0.212709815078125
1292.0 0.31045283018875
1292.5 0.31859525336875
1293.0 0.314986338796875
1293.5 0.4684936708875
1294.0 0.24033016376125
1294.5 0.313019338740625
1295.0 0.349180424528125
1295.5 0.35250199362187495
1296.0 0.286620418848125
1296.5 0.32649582262187493
1297.0 0.3386803165875
1297.5 0.32830081300937497
1298.0 0.32600171969062497
1298.5 0.3834474789906249
1299.0 0.46855748373124995
1299.5 0.462395013121875
1300.0 0.51410179640625
1300.5 0.39117673992812496
1301.0 0.4176471962625
1301.5 0.33031061746874996
1302.0 0.33326228323749996
1302.5 0.375442607003125
1303.0 0.32730012690312493
1303.5 0.30789565826343746
1304.0 0.3170315826812499
1304.5 0.43653672032187496
1305.0 0.36621083827187495
1305.5 0.32986246518124995
1306.0 0.27753374035999995
1306.5 0.3276726907625
1307.0 0.35166666666562496
1307.5 0.3127536962375
1308.0 0.26496935483874995
1308.5 0.2427003386003125
1309.0 0.32545334838125
1309.5 0.29957227138656245
1310.0 0.319273734178125
1310.5 0.285251612903125
1311.0 0.218868135376875
1311.5 0.24365384615375
1312.0 0.21750928677562498
1312.5 0.20544783230125
1313.0 0.1870656279509375
1313.5 0.17319910514531248
1314.0 0.1782042833609375
1314.5 0.2031374501990625
1315.0 0.1469425531915625
1315.5 0.182848565710625
1316.0 0.188600337268125
1316.5 0.141529045643125
1317.0 0.24798100120625
1317.5 0.31057288864968746
1318.0 0.33287731255937497
1318.5 0.40683441558437494
1319.0 0.4354698741
1319.5 0.32119933554687496
1320.0 0.3078548177084375
1320.5 0.34547522522499996
1321.0 0.44291440217499994
1321.5 0.401944192378125
1322.0 0.4315619349
1322.5 0.434501121075
1323.0 0.479493801653125
1323.5 0.377846330275
1324.0 0.40856557377187497
1324.5 0.30928571428562496
1325.0 0.35810382119687495
1325.5 0.35758374689687494
1326.0 0.393315621678125
1326.5 0.41358636363749995
1327.0 0.390482490271875
1327.5 0.43502203721875
1328.0 0.40553899082499995
1328.5 0.34473866498749994
1329.0 0.561356353590625
1329.5 0.32719581116874996
1330.0 0.340767932490625
1330.5 0.31282178217812495
1331.0 0.21342492984093747
1331.5 0.22453742203749996
1332.0 0.2321113306984375
1332.5 0.2651482396540625
1333.0 0.281771108179375
1333.5 0.36097132471875
1334.0 0.346213496446875
1334.5 0.35977769110625
1335.0 0.33044092465624997
1335.5 0.38989040060312496
1336.0 0.22105329311218747
1336.5 0.25279994340687495
1337.0 0.2440480877390625
1337.5 0.218542193026875
1338.0 0.1938144435353125
1338.5 0.31361111111249995
1339.0 0.24935971882624997
1339.5 0.35468408736249996
1340.0 0.42001579422499996
1340.5 0.38276095060625
1341.0 0.493760045925
1341.5 0.3975436580875
1342.0 0.42008273009374997
1342.5 0.5642645413874999
1343.0 0.59910569105625
1343.5 0.43495875634375
1344.0 0.409590517240625
1344.5 0.49917732310312496
1345.0 0.393821917809375
1345.5 0.3967405335625
1346.0 0.34332594234999997
1346.5 0.5078403755875
1347.0 0.513727959696875
1347.5 0.501911337209375
1348.0 0.5582281059062499
1348.5 0.6002146690531249
1349.0 0.6026236749125
1349.5 0.5865228245375
1350.0 0.521549232159375
1350.5 0.5349999999999999
1351.0 0.565285714284375
1351.5 0.616084605596875
1352.0 0.64112068965625
1352.5 0.622190789475
1353.0 0.49608990944375
1353.5 0.39949142156874995
1354.0 0.544824723246875
1354.5 0.47305004955312496
1355.0 0.4761363636375
1355.5 0.44373804971249997
1356.0 0.42154810644687496
1356.5 0.40524390243749997
1357.0 0.5001215805468749
1357.5 0.478968177434375
1358.0 0.546892789375
1358.5 0.49086206896562495
1359.0 0.43204653371249996
1359.5 0.4157166528593749
1360.0 0.44194776119375
1360.5 0.5763200782281249
1361.0 0.6235136674249999
1361.5 0.6264210850812499
1362.0 0.472720941403125
1362.5 0.506027568921875
1363.0 0.47274314214375
1363.5 0.51212401795625
1364.0 0.521121833534375
1364.5 0.5146226874406249
1365.0 0.52414529914375
1365.5 0.539349747475
1366.0 0.5678303684875
1366.5 0.7615494791656249
1367.0 0.6045019659249999
1367.5 0.53754178273125
1368.0 0.5874999999999999
1368.5 0.54959375
1369.0 0.584682591621875
1369.5 0.6987399355874999
1370.0 0.7021022727281249
1370.5 0.5316301907968749
1371.0 0.45746027542499995
1371.5 0.449286894271875
1372.0 0.41677818515
1372.5 0.498262847965625
1373.0 0.68223006644375
1373.5 0.725236087690625
1374.0 0.756166958040625
1374.5 0.7439926739937499
1375.0 0.737503654971875
1375.5 0.73201986755
1376.0 0.5546076051781249
1376.5 0.556787109375
1377.0 0.645573318634375
1377.5 0.5772891566249999
1378.0 0.6188087248312499
1378.5 0.65058823529375
1379.0 0.618114285715625
1379.5 0.52028061224375
1380.0 0.5339922680406249
1380.5 0.509934883721875
1381.0 0.49268722466875
1381.5 0.48130526810937496
1382.0 0.4797578763125
1382.5 0.4955836909875
1383.0 0.544371019109375
1383.5 0.599545454546875
1384.0 0.569697058825
1384.5 0.566711606096875
1385.0 0.5933061480562499
1385.5 0.60580963665
1386.0 0.616617276165625
1386.5 0.5144512195125
1387.0 0.6432715633437499
1387.5 0.44395761741249995
1388.0 0.39334745762812495
1388.5 0.40616617356875
1389.0 0.355753370340625
1389.5 0.454530386740625
1390.0 0.47575670498125
1390.5 0.5954803718999999
1391.0 0.625185810809375
1391.5 0.745811475409375
1392.0 0.476062618596875
1392.5 0.664906437125
1393.0 0.628787339971875
1393.5 0.579920550846875
1394.0 0.53420347003125
1394.5 0.5803095518874999
1395.0 0.5092181588906249
1395.5 0.517950819671875
1396.0 0.553765169903125
1396.5 0.5669422572187499
1397.0 0.5652593582875
1397.5 0.53592384519375
1398.0 0.54835044929375
1398.5 0.539062123040625
1399.0 0.52786101083125
1399.5 0.5537034813937499
1400.0 0.6165415335468749
1400.5 0.74757246376875
1401.0 0.7620017331031249
1401.5 0.778218641115625
1402.0 0.582439597315625
1402.5 0.5876290760874999
1403.0 0.5748574029125
1403.5 0.562294921875
1404.0 0.5705629370624999
1404.5 0.671646971934375
1405.0 0.50694716775625
1405.5 0.43552757158124994
1406.0 0.37758121159062497
1406.5 0.46709233261249994
1407.0 0.5359102902374999
1407.5 0.548914581065625
1408.0 0.52016470588125
1408.5 0.524881317
1409.0 0.598897058825
1409.5 0.52561490125625
1410.0 0.15136363636375
1410.5 0.2486583063646875
1411.0 0.374009661834375
1411.5 0.378216783215625
1412.0 0.32168769715937495
1412.5 0.38916040570937493
1413.0 0.42725530410312496
1413.5 0.3423985009375
1414.0 0.253031674208125
1414.5 0.19595414478625
1415.0 0.154859698681875
1415.5 0.37176754668437495
1416.0 0.71221875
1416.5 0.716028571428125
1417.0 0.6849257425749999
1417.5 0.624554263565625
1418.0 0.7132202111624999
1418.5 0.5819081942343749
1419.0 0.540904314159375
1419.5 0.485682565790625
1420.0 0.57025985663125
1420.5 0.767475247525
1421.0 0.8030276816593749
1421.5 0.8237049999999999
1422.0 0.9062727272718749
1422.5 0.81657568238125
1423.0 0.6035115431343749
1423.5 0.632044956140625
1424.0 0.6573889875656249
1424.5 0.7737159863937499
1425.0 0.8651206896562499
1425.5 0.9009279918875
1426.0 0.806637773721875
1426.5 0.8122329376843749
1427.0 0.819399193546875
1427.5 0.821540066778125
1428.0 0.8343181818187501
1428.5 0.8481879194624999
1429.0 0.8497253258843749
1429.5 0.8674899598406249
1430.0 0.846983173078125
1430.5 0.8271194605
1431.0 0.7939869888468749
1431.5 0.78815255731875
1432.0 0.8292107750468749
1432.5 0.8370871143374999
1433.0 0.846392543859375
1433.5 0.8442307692312501
1434.0 0.847157996146875
1434.5 0.8034127697843749
1435.0 0.7790260323156251
1435.5 0.7681971580812499
1436.0 0.568646458584375
1436.5 0.52857099143125
1437.0 0.5603743131875
1437.5 0.33632026627187495
1438.0 0.45358430799375
1438.5 0.709330742659375
1439.0 0.7479391304343749
1439.5 0.7483174740499999
1440.0 0.837567010309375
1440.5 0.90403673835
1441.0 0.7272039473687499
1441.5 0.718548218028125
1442.0 0.7198863636374999
1442.5 0.746855867346875
1443.0 0.827706333971875
1443.5 0.773510906040625
1444.0 0.78202020201875
1444.5 0.756433566434375
1445.0 0.846265560165625
1445.5 0.7264691444593749
1446.0 0.6070653377624999
1446.5 0.699
1447.0 0.667050195565625
1447.5 0.5710451388875
1448.0 0.638667035396875
1448.5 0.24630043227656248
1449.0 0.22851975683874998
1449.5 0.31403534370937497
1450.0 0.341146788990625
1450.5 0.2968392969240625
1451.0 0.38540452261249997
1451.5 0.40377993393749995
1452.0 0.414352198315625
1452.5 0.338996803978125
1453.0 0.2849816176471875
1453.5 0.31596324029999995
1454.0 0.38383271202187497
1454.5 0.32296976241875
1455.0 0.29461056401062496
1455.5 0.2353981042653125
1456.0 0.24077903091062497
1456.5 0.21899999999999997
1457.0 0.12765011223343747
1457.5 0.31939528962499997
1458.0 0.280225552050625
1458.5 0.2662876506025
1459.0 0.25701643192499996
1459.5 0.2666811023621875
1460.0 0.304707430340625
1460.5 0.322789768184375
1461.0 0.27434153400875
1461.5 0.21770157442750002
1462.0 0.284217105263125
1462.5 0.382429450071875
1463.0 0.3895417422875
1463.5 0.2473451071221875
1464.0 0.26411495271874996
1464.5 0.26633424408
1465.0 0.32550105857499995
1465.5 0.349913871259375
1466.0 0.37789377289375
1466.5 0.33588617265
1467.0 0.336875942684375
1467.5 0.2475285225328125
1468.0 0.32012953367812497
1468.5 0.38890188834062495
1469.0 0.48412836322812497
1469.5 0.439130785790625
1470.0 0.33360601614062496
1470.5 0.23707463066749998
1471.0 0.23361916951093747
1471.5 0.29639214334937497
1472.0 0.22716780462187497
1472.5 0.21527291997874998
1473.0 0.18704208379687498
1473.5 0.20845827439874998
1474.0 0.2694555817609375
1474.5 0.3007120253165625
1475.0 0.445952018278125
1475.5 0.45345425867499994
1476.0 0.40725485865625
1476.5 0.345625
1477.0 0.2963561643834375
1477.5 0.342197986578125
1478.0 0.37561457577812496
1478.5 0.1932252379275
1479.0 0.27959999999999996
1479.5 0.333742661446875
1480.0 0.40348626104062496
1480.5 0.444461123940625
1481.0 0.39204701835
1481.5 0.40377551020312497
1482.0 0.20134823284812498
1482.5 0.18816854807312497
1483.0 0.23021665043812498
1483.5 0.13110341880343748
1484.0 0.2173233333334375
1484.5 0.2865087322121875
1485.0 0.2403361027190625
1485.5 0.28645602365124995
1486.0 0.31340310600937493
1486.5 0.39908187984375
1487.0 0.335029873040625
1487.5 0.15700381679375
1488.0 0.1487095808384375
1488.5 0.1666931752459375
1489.0 0.3458971962625
1489.5 0.2154095643940625
1490.0 0.2025716592653125
1490.5 0.11888584047093749
1491.0 0.10357017338343749
1491.5 0.22510074013156248
1492.0 0.3080821710128125
1492.5 0.36210632818124994
1493.0 0.34691580755937496
1493.5 0.2595071868584375
1494.0 0.20307187360937498
1494.5 0.34313741064375
