0.0 0.29834990512333964
0.5 0.37368956356736244
1.0 0.19261328273244782
1.5 0.3570793168880455
2.0 0.3322322580645161
2.5 0.10278254269449716
3.0 0.21523795066413662
3.5 0.24456015180265653
4.0 0.2041593927893738
4.5 0.35446527514231496
5.0 0.3637586337760911
5.5 0.3170975332068311
6.0 0.39100113851992413
6.5 0.3725449715370019
7.0 0.1898565464895636
7.5 0.341792789373814
8.0 0.2910299810246679
8.5 0.40412296015180266
9.0 0.35032106261859586
9.5 0.15841214421252373
10.0 0.3151787476280835
10.5 0.2691278937381404
11.0 0.24112333965844404
11.5 0.3601244781783681
12.0 0.3290929791271347
12.5 0.37793396584440225
13.0 0.3269161290322581
13.5 0.3788265654648956
14.0 0.340626944971537
14.5 0.27217001897533205
15.0 0.20289943074003794
15.5 0.38740948766603417
16.0 0.34428538899430744
16.5 0.36660037950664137
17.0 0.3002626185958254
17.5 0.35165692599620496
18.0 0.3885571157495256
18.5 0.3859187855787476
19.0 0.3916903225806451
19.5 0.4290459203036053
20.0 0.3267187855787476
20.5 0.3544470588235294
21.0 0.3160318785578748
21.5 0.37090853889943076
22.0 0.35903757115749524
22.5 0.3777032258064516
23.0 0.33742390891840607
23.5 0.3196478178368122
24.0 0.33442732447817836
24.5 0.3544804554079697
25.0 0.2823316888045541
25.5 0.3740144212523719
26.0 0.31399468690702087
26.5 0.2882975332068311
27.0 0.38631347248576847
27.5 0.36459962049335864
28.0 0.34246072106261854
28.5 0.4273214421252372
29.0 0.3399286527514231
29.5 0.14244554079696395
30.0 0.40420189753320684
30.5 0.2732781783681214
31.0 0.28731081593927893
31.5 0.33249639468690706
32.0 0.37317950664136623
32.5 0.22866944971537
33.0 0.30423377609108165
33.5 0.44331840607210626
34.0 0.36804857685009484
34.5 0.40411992409867176
35.0 0.3218489563567362
35.5 0.3387779886148008
36.0 0.43376698292220117
36.5 0.3802929791271347
37.0 0.37981631878557875
37.5 0.3648182163187856
38.0 0.3466292220113852
38.5 0.3091764705882353
39.0 0.3519423149905123
39.5 0.3190375711574952
40.0 0.296734724857685
40.5 0.3582937381404175
41.0 0.20604174573055026
41.5 0.2407256166982922
42.0 0.2695681214421253
42.5 0.37488880455407975
43.0 0.38131309297912713
43.5 0.34876356736242886
44.0 0.4115339658444023
44.5 0.3406481973434535
45.0 0.23602884250474385
45.5 0.3187400379506641
46.0 0.360780265654649
46.5 0.2442201138519924
47.0 0.33635521821631875
47.5 0.38849943074003795
48.0 0.3113047438330171
48.5 0.3596174573055029
49.0 0.3570550284629981
49.5 0.35608956356736243
50.0 0.34618899430740036
50.5 0.4093844402277039
51.0 0.32717115749525616
51.5 0.35268614800759013
52.0 0.3605161290322581
52.5 0.3056759013282732
53.0 0.2875263757115749
53.5 0.33766375711574953
54.0 0.3079195445920303
54.5 0.3645480075901328
55.0 0.3461495256166983
55.5 0.286527514231499
56.0 0.3319984819734345
56.5 0.3931354838709677
57.0 0.37209259962049335
57.5 0.39666337760910814
58.0 0.22681745730550282
58.5 0.284411385199241
59.0 0.3753624288425047
59.5 0.3658110056925996
60.0 0.2746110056925996
60.5 0.31259203036053135
61.0 0.36157571157495255
61.5 0.3832865275142315
62.0 0.2939263757115749
62.5 0.38269753320683114
63.0 0.3895833017077798
63.5 0.37692296015180266
64.0 0.29995294117647053
64.5 0.33848349146110057
65.0 0.39878254269449714
65.5 0.31862770398481977
66.0 0.42691157495256166
66.5 0.17078406072106264
67.0 0.22865123339658447
67.5 0.3027309297912713
68.0 0.43950512333965847
68.5 0.43270132827324476
69.0 0.38289487666034155
69.5 0.2968075901328273
70.0 0.3235218216318786
70.5 0.3030406072106262
71.0 0.31314762808349145
71.5 0.39162352941176465
72.0 0.3742785578747628
72.5 0.37988311195445923
73.0 0.39945047438330167
73.5 0.33098140417457306
74.0 0.35703984819734347
74.5 0.4334026565464895
75.0 0.3616455407969639
75.5 0.3650641366223909
76.0 0.39007210626185956
76.5 0.3083324478178368
77.0 0.42634383301707773
77.5 0.33462466793168877
78.0 0.40777836812144214
78.5 0.2741707779886148
79.0 0.3923552182163188
79.5 0.30371461100569264
80.0 0.3898686907020873
80.5 0.37018292220113846
81.0 0.4026261859582543
81.5 0.35149601518026563
82.0 0.30430664136622393
82.5 0.33861100569259966
83.0 0.38486527514231494
83.5 0.37994686907020875
84.0 0.3854360531309298
84.5 0.3665487666034156
85.0 0.35432865275142317
85.5 0.2977426944971537
86.0 0.3542709677419355
86.5 0.3665578747628083
87.0 0.34704516129032265
87.5 0.3109586337760911
88.0 0.35259506641366223
88.5 0.3954064516129032
89.0 0.34893055028463
89.5 0.3297092979127135
90.0 0.2915218216318785
90.5 0.3300584440227704
91.0 0.37828614800759014
91.5 0.40594459203036054
92.0 0.37762732447817837
92.5 0.2855741935483871
93.0 0.3188037950664137
93.5 0.364842504743833
94.0 0.4097153700189753
94.5 0.37617912713472484
95.0 0.29028007590132826
95.5 0.3484022770398482
96.0 0.4231741935483871
96.5 0.37007058823529415
97.0 0.41229297912713475
97.5 0.4059172675521822
98.0 0.37831043643263756
98.5 0.2980159392789373
99.0 0.2992333965844402
99.5 0.2960485768500949
100.0 0.35773510436432643
100.5 0.2536986717267552
101.0 0.23918026565464895
101.5 0.19832713472485766
102.0 0.3445738140417457
102.5 0.3218064516129033
103.0 0.37209259962049335
103.5 0.39477191650853893
104.0 0.4021100569259963
104.5 0.35880075901328273
105.0 0.38850246679316885
105.5 0.22190815939278938
106.0 0.3178960151802656
106.5 0.3769047438330171
107.0 0.32928121442125236
107.5 0.3218064516129033
108.0 0.4340918406072106
108.5 0.4307734345351044
109.0 0.42016850094876657
109.5 0.2115764705882353
110.0 0.37113927893738147
110.5 0.26254573055028463
111.0 0.29641290322580643
111.5 0.3244204933586338
112.0 0.326700569259962
112.5 0.37644933586337764
113.0 0.3853024667931689
113.5 0.36847666034155596
114.0 0.3597935483870968
114.5 0.3944895635673624
115.0 0.3780857685009488
115.5 0.2689062618595825
116.0 0.3564144212523719
116.5 0.15649032258064516
117.0 0.4481366223908918
117.5 0.30093662239089186
118.0 0.350527514231499
118.5 0.3688075901328273
119.0 0.4047878557874763
119.5 0.3769897533206831
120.0 0.17362277039848198
120.5 0.3517662239089184
121.0 0.35186337760910813
121.5 0.7607567587893738
122.0 0.7859161711157495
122.5 0.9246709436470588
123.0 1.0082486773206831
123.5 0.9892255751840607
124.0 1.0184288274611006
124.5 1.024630393939279
125.0 1.1183277612106262
125.5 1.0634095753889943
126.0 1.0123978488311194
126.5 0.9040691545426944
127.0 0.935176508163188
127.5 0.8771979443719164
128.0 1.0580387354573055
128.5 1.0225451016736242
129.0 0.9896149079544592
129.5 1.0680598339051233
130.0 1.010196279028463
130.5 0.9371794919051233
131.0 1.0746354215028464
131.5 0.956032203089184
132.0 1.0153188157001898
132.5 1.0420936742618594
133.0 1.1178498920417457
133.5 1.0019637305996205
134.0 1.1226302440493359
134.5 1.0141206042542694
135.0 0.9731407841745731
135.5 0.8357153283149905
136.0 0.8520687625426945
136.5 0.4210946162163188
137.0 0.17702678321442122
137.5 0.758351964227704
138.0 0.9875028197609108
138.5 0.9690335368766602
139.0 0.7706885603187856
139.5 0.7730933548766603
140.0 0.44171266462618597
140.5 0.7977665470550285
141.0 0.7029327408842505
141.5 0.7261733581821632
142.0 0.9169669040645161
142.5 0.9329116592865274
143.0 0.9835490815445921
143.5 0.9103913164629981
144.0 1.0953812790626185
144.5 0.9081895123643264
145.0 0.8570447329373813
145.5 0.9228388309981025
146.0 0.9875028197609108
146.5 0.8958284389032257
147.0 0.918689659487666
147.5 0.85377785885389
148.0 0.6497273939924099
148.5 0.6438478738785579
149.0 0.691542131370019
149.5 0.5733030229032258
150.0 0.6092085838444022
150.5 0.4987895952865275
151.0 0.8109060203908919
151.5 0.6590067136280835
152.0 0.7675967296470588
152.5 0.6685455191688805
153.0 0.7165085388994308
153.5 0.8049392732485768
154.0 0.7549872776888046
154.5 0.785429950963947
155.0 0.7254543746603415
155.5 0.8241471433662237
156.0 0.7532983591916509
156.5 0.71311777856926
157.0 0.7957078542998103
157.5 0.855337328800759
158.0 0.653142682743833
158.5 0.7820921008842505
159.0 0.6726617933851993
159.5 0.6771801464022771
160.0 0.8117104906489564
160.5 0.7568719705351044
161.0 0.8718619318709678
161.5 0.9508593437039847
162.0 0.8066620286717268
162.5 1.0513590211802657
163.0 0.9062421449525617
163.5 1.0424505285996206
164.0 0.9394355170436434
164.5 0.947736893089184
165.0 1.026661375889943
165.5 0.9937311821669829
166.0 0.6041884616774194
166.5 0.6159247939506641
167.0 0.733423692056926
167.5 0.6754392385844402
168.0 0.7758950726679318
168.5 0.8192238319658444
169.0 0.8878714898937382
169.5 0.9355422012106263
170.0 0.6887624709259963
170.5 0.9352863455332068
171.0 0.9845228925161291
171.5 0.8754751889487666
172.0 0.7317400586793169
172.5 0.744424456
173.0 0.9220454242011386
173.5 0.935176508163188
174.0 0.9477338600683112
174.5 0.9721862964288426
175.0 1.0663370784819735
175.5 0.8854962873927893
176.0 0.7853579026527515
176.5 0.8090884447628083
177.0 0.9566847142314991
177.5 0.9105033159848197
178.0 0.9228388309981025
178.5 0.9625005151461101
179.0 1.0289945348766605
179.5 0.8771949113510438
180.0 0.8084988424857684
180.5 0.8888960663187856
181.0 1.0663370784819735
181.5 0.8931701942770398
182.0 0.8983857001593928
182.5 0.9103913164629981
183.0 1.041417376440228
183.5 0.9477338600683112
184.0 0.7568719705351044
184.5 0.9278707947248577
185.0 1.0331437063870967
185.5 0.9896149079544592
186.0 1.0846565199506641
186.5 1.1295682312713473
187.0 1.063707843825427
187.5 1.0763581769259962
188.0 1.1089868601935484
188.5 1.0668465809259962
189.0 1.1908122238292218
189.5 0.8010602090284629
190.0 0.7628839480796964
190.5 0.8620099531005692
191.0 0.6432104007362428
191.5 0.7575448059962049
192.0 0.8256851308083492
192.5 0.1040678288793169
193.0 0.5664176037039848
193.5 0.7472632455901328
194.0 0.833983473833017
194.5 0.7706885603187856
195.0 0.5721621159089184
195.5 0.4618164141328273
196.0 0.4116274215180266
196.5 0.42321549418216325
197.0 0.4174527920455408
197.5 0.5921566122466793
198.0 0.23616921531423152
198.5 0.207317338944592
199.0 0.23340975739810246
199.5 0.8505801598785578
200.0 0.9103913164629981
200.5 0.9040691545426944
201.0 0.7693194850702088
201.5 0.860301310971537
202.0 0.8232587147210627
202.5 0.8496615846375711
203.0 0.8388885340151802
203.5 0.7112310839051232
204.0 0.8232587147210627
204.5 0.671618324747628
205.0 0.28503181158595825
205.5 0.41292727375332067
206.0 0.8184484875559773
206.5 0.20557220441024668
207.0 0.76454161828463
207.5 0.5554919897647059
208.0 0.6168298044212525
208.5 0.5909051100683113
209.0 0.7621893697191652
209.5 0.7706885603187856
210.0 0.8049392732485768
210.5 0.4709643568425047
211.0 0.7219558430170777
211.5 0.6603129707400379
212.0 0.7295665733548388
212.5 0.8173867877836811
213.0 0.7220570839658443
213.5 0.789542149662239
214.0 0.5404024273396585
214.5 0.7087015451347249
215.0 0.5405750169487666
215.5 0.4153320683111955
216.0 0.2631807165537002
216.5 0.3224589024368122
217.0 0.36341555977229606
217.5 0.11401272463453511
218.0 0.17339105764440227
218.5 0.3464460628060721
219.0 0.27606397397685006
219.5 0.12097050533320682
220.0 0.11113940380986717
220.5 0.22617092828842503
221.0 0.2752447930451613
221.5 0.2175004650815939
222.0 0.3618734852611006
222.5 0.32897589569222013
223.0 0.2987311053453511
223.5 0.17469191616888047
224.0 0.259167210626186
224.5 0.4153320683111955
225.0 0.3581158567203036
225.5 0.4453838891726756
226.0 0.43589306179127135
226.5 0.41121986961669826
227.0 0.351592404601518
227.5 0.34853040697457305
228.0 0.3325679891844402
228.5 0.4700326766110057
229.0 0.613324858060721
229.5 0.384071128686907
230.0 0.5715956187666034
230.5 0.7112310839051232
231.0 0.9714407147817837
231.5 1.0835740284136621
232.0 1.3078642209563567
232.5 1.0805073484402277
233.0 0.9608009884478179
233.5 0.9310552914876661
234.0 0.893231504694497
234.5 0.8100110973510436
235.0 1.0287385251802657
235.5 0.8183534989411765
236.0 1.1742155377836814
236.5 1.1800874647172677
237.0 1.2913827896736243
237.5 1.113703753552182
238.0 1.0338692768690703
238.5 0.8825917783605314
239.0 0.7859161711157495
239.5 0.7458858537874763
240.0 0.38877986772675516
240.5 0.6431215842998103
241.0 0.492044837199241
241.5 0.7302541860417459
242.0 0.6479641480948767
242.5 0.6785127848652751
243.0 0.43760046592789376
243.5 0.55870584856926
244.0 1.0431648048349145
244.5 0.9566847142314991
245.0 0.9740821961404175
245.5 0.796939851210626
246.0 0.7591035519051232
246.5 0.7675967296470588
247.0 0.5577117379772296
247.5 0.469720791540797
248.0 0.3166392996034155
248.5 0.10392116721518026
249.0 0.7243069099620493
249.5 0.744424456
250.0 0.5351156479734345
250.5 0.5678691951954459
251.0 0.566199813259962
251.5 0.5921566122466793
252.0 0.524518365886148
252.5 0.8523029153017078
253.0 0.848793711032258
253.5 0.7693194850702088
254.0 0.8813471158823529
254.5 1.0040995058064517
255.0 1.1153138655597723
255.5 0.7830221504136623
256.0 0.7468508720872865
256.5 0.629377687316888
257.0 0.7029327408842505
257.5 0.880882682049336
258.0 0.889645458907021
258.5 0.7402752844895636
259.0 0.7540254811612903
259.5 0.6761079903074003
260.0 0.8347763353168881
260.5 0.9022789185958254
261.0 0.7501275668349147
261.5 0.7114103744326377
262.0 0.16224283924971536
262.5 1.0703582655977228
263.0 1.0091960846944972
263.5 0.7138245355370019
264.0 0.5822792722390892
264.5 0.29578544924250477
265.0 0.2610343718675522
265.5 0.15346389316546488
266.0 0.37907291949032257
266.5 0.37757460755559774
267.0 0.21575535550056923
267.5 0.37757460755559774
268.0 0.38654667743833016
268.5 0.27367021598026564
269.0 0.55870584856926
269.5 0.7953617524933587
270.0 0.97090613371537
270.5 0.7680973464667931
271.0 0.8398554007666034
271.5 1.0123978488311194
272.0 0.9103913164629981
272.5 0.77221770428463
273.0 0.7657915824781784
273.5 0.933563590110057
274.0 0.9975239182087288
274.5 0.9269910355294119
275.0 0.846902143085389
275.5 0.8007901017381404
276.0 0.8232587147210627
276.5 0.8494751523719166
277.0 0.97090613371537
277.5 1.2423250373927894
278.0 1.3009140946944973
278.5 1.2423250373927894
279.0 1.3128609530891842
279.5 1.4141638247893737
280.0 1.1086281951119545
280.5 1.2115580813889943
281.0 1.0700710014155597
281.5 1.0266149329259961
282.0 0.9550780791347249
282.5 0.6402035735028463
283.0 0.1760731803373814
283.5 0.7977665470550285
284.0 1.0597614908804556
284.5 1.0805073484402277
285.0 1.2048552754421251
285.5 1.0462058729601518
286.0 1.03071729029981
286.5 1.3834061660417456
287.0 1.2908255595066416
287.5 1.3009140946944973
288.0 1.009971432740038
288.5 1.026114521711575
289.0 0.9062421449525617
289.5 0.988055037772296
290.0 0.9707988242732447
290.5 1.0554752953965845
291.0 1.010829771764706
291.5 1.2323039389449715
292.0 1.1950414508804552
292.5 1.4331869269259963
293.0 1.1219990635559773
293.5 1.0342098129563566
294.0 0.9228388309981025
294.5 0.8887575891840608
295.0 0.9630084253472485
295.5 1.028008797309298
296.0 0.9187277133776092
296.5 0.926988002508539
297.0 0.8867080525730551
297.5 0.8962210465047439
298.0 0.7568719705351044
298.5 0.7886991355673625
299.0 0.9211160755749526
299.5 0.7858585437343452
300.0 0.6033402608349147
300.5 0.82252037057685
301.0 0.8232587147210627
301.5 0.8414290362087287
302.0 0.9128177325502846
302.5 0.7344059066110057
303.0 0.7830251564060721
303.5 0.7648689574838711
304.0 0.5686278263567363
304.5 0.5787748155066413
305.0 0.2483848643821632
305.5 0.3392435819559772
306.0 0.472902850056926
306.5 0.4564088662770398
307.0 0.24407369342466792
307.5 0.13619633044250473
308.0 0.22824922301707784
308.5 0.140376746086148
309.0 0.108417442170778
309.5 1.764079923191651
310.0 0.6032144025578747
310.5 0.37608809335256166
311.0 0.30019050481897536
311.5 0.13207951058671727
312.0 0.2510927271256167
312.5 0.1931056293483871
313.0 0.10176199512068311
313.5 0.23850752437685008
314.0 0.22417334403453512
314.5 0.22315279660265655
315.0 0.32331238850588234
315.5 0.4037950664136623
316.0 0.4976533225237192
316.5 0.3609779215092979
317.0 0.3622321309354839
317.5 0.4804821966755219
318.0 0.43716762669449716
318.5 0.440441341024668
319.0 0.3413124917806452
319.5 0.24432712720986716
320.0 0.4031164192447818
320.5 0.43146146902087285
321.0 0.36769308809449713
321.5 0.4031164192447818
322.0 0.4724350925388994
322.5 0.37033859926869067
323.0 0.3719391656519924
323.5 0.4235564657039848
324.0 0.4166399065844402
324.5 0.509484872804554
325.0 0.2972474606542695
325.5 0.22776979089753321
326.0 0.32132317539430744
326.5 0.31018980853510436
327.0 0.39516232465654644
327.5 0.4830266507703984
328.0 0.38692977622770397
328.5 0.34203817390322583
329.0 0.240214928513852
329.5 0.2631807165537002
330.0 0.2661351117332068
330.5 0.25495631916129036
331.0 0.2590685178573055
331.5 0.23198752512827323
332.0 0.29317557763149904
332.5 0.3947710748311195
333.0 0.382434478743833
333.5 0.4211516711461101
334.0 0.3577612865650854
334.5 0.40246963662618596
335.0 0.41335610124857686
335.5 0.49395290582163187
336.0 0.4782489390891841
336.5 0.4397633664478179
337.0 0.4317808630967742
337.5 0.4005906776622391
338.0 0.4317808630967742
338.5 0.4931813568766603
339.0 0.36769308809449713
339.5 0.4153320683111955
340.0 0.4688563808121442
340.5 0.40881507505502845
341.0 0.4522596947628083
341.5 0.3873136351309298
342.0 0.35025316239734344
342.5 0.456906437886148
343.0 0.4647072092979127
343.5 0.3762900498925996
344.0 0.4564088662770398
344.5 0.4075878982428842
345.0 0.37180528679051233
345.5 0.4811272474497154
346.0 0.5020497529032258
346.5 0.30301000855749527
347.0 0.39536026129791274
347.5 0.4605580377874763
348.0 0.4787224528918406
348.5 0.42784450185578743
349.0 0.30400171172144214
349.5 0.3474761303863378
350.0 0.2872850274880455
350.5 0.3049064787206831
351.0 0.3495368891726755
351.5 0.30461227576963945
352.0 0.3293019372140418
352.5 0.32897589569222013
353.0 0.35946869070208726
353.5 0.3298225248352941
354.0 0.38654667743833016
354.5 0.44000526048956357
355.0 0.524518365886148
355.5 0.650371325996205
356.0 0.5494133949525616
356.5 0.5435414680189754
357.0 0.42610764735863377
357.5 0.4687906513624288
358.0 0.44411745918406065
358.5 0.4700326766110057
359.0 0.4774878089601518
359.5 0.4455259143491461
360.0 0.4959188875370019
360.5 0.42979636919924097
361.0 0.45398245018595823
361.5 0.3709049874026566
362.0 0.4071076709184061
362.5 0.3964784789677419
363.0 0.4808235521366224
363.5 0.5026836541062619
364.0 0.4339178889032258
364.5 0.4315138372068311
365.0 0.36598568395749526
365.5 0.37929736297874767
366.0 0.35399958250512337
366.5 0.39065887613282735
367.0 0.37591748548652754
367.5 0.48496858275901333
368.0 0.42481830224667927
368.5 0.3632212643840607
369.0 0.3618734852611006
369.5 0.3623975890166983
370.0 0.24673192176888048
370.5 0.2607759219943074
371.0 0.2590685178573055
371.5 0.2728161625180266
372.0 0.25495631916129036
372.5 0.2606005134500949
373.0 0.289848291373814
373.5 0.2752447930451613
374.0 0.29637174349259965
374.5 0.29874034883529416
375.0 0.24456927500683112
375.5 0.2796295113381404
376.0 0.31118786337001897
376.5 0.3622321309354839
377.0 0.3060101076519924
377.5 0.40661880813662243
378.0 0.36634840515066414
378.5 0.2870976438239089
379.0 0.33753448564440225
379.5 0.35682874999772296
380.0 0.3125271009074004
380.5 0.2692669202979127
381.0 0.27140511394611005
381.5 0.2590685178573055
382.0 0.3207514982998102
382.5 0.3277845494163188
383.0 0.19517398442466796
383.5 0.23209733229146112
384.0 0.19738553741518025
384.5 0.2755173126421252
385.0 0.2672929152497154
385.5 0.207317338944592
386.0 0.29607830612296016
386.5 0.2590685178573055
387.0 0.23209733229146112
387.5 0.2631807165537002
388.0 0.162083153286907
388.5 0.147762370456926
389.0 0.17271234523833015
389.5 0.12622837370246678
390.0 0.1151415634922201
390.5 0.1129058049779886
391.0 0.11171275612599622
391.5 0.19772519254383303
392.0 0.18386512917836811
392.5 0.15938971424857684
393.0 0.11228211246185958
393.5 0.10002132465882353
394.0 0.11175800870626186
394.5 0.16445502515028465
395.0 0.17126765709829223
395.5 0.19365330952106263
396.0 0.17836454119089185
396.5 0.17813177522694496
397.0 0.19238527631688807
397.5 0.19810993739620494
398.0 0.10080875444440228
398.5 0.10383301707779888
399.0 0.19185228433814042
399.5 0.17736577743036053
400.0 0.16383586064326378
400.5 0.16730834281480078
401.0 0.104411034885389
401.5 0.18224397392296016
402.0 0.19584586191802655
402.5 0.19365330952106263
403.0 0.19374521659620492
403.5 0.19128177325502846
404.0 0.19983943949791272
404.5 0.19772519254383303
405.0 0.10179707556660343
405.5 0.10290685537950665
406.0 0.12610474160265653
406.5 0.15080752235066416
407.0 0.12204872925920304
407.5 0.1398147556690702
408.0 0.12032597383643263
408.5 0.11980732739734347
409.0 0.11949037679582543
409.5 0.1978633525711575
410.0 0.19458057001138518
410.5 0.17843853981328273
411.0 0.17805449354990513
411.5 0.18236046680379508
412.0 0.10876785494079698
412.5 0.13626061144326376
413.0 0.1725415120580645
413.5 0.19346488811309295
414.0 0.2117379171783681
414.5 0.22802544926907023
415.0 0.19336507545047438
415.5 0.18163209984440226
416.0 0.16192283364971538
416.5 0.22802544926907023
417.0 0.2058137107586338
417.5 0.14079053163074004
418.0 0.16069395500151804
418.5 0.12108806656318785
419.0 0.12203684671233396
419.5 0.18305287422732447
420.0 0.11992263762580646
420.5 0.19879058116432638
421.0 0.12097050533320682
421.5 0.15175594803681214
422.0 0.1439269543650854
422.5 0.13570255697305503
423.0 0.15473155486110057
423.5 0.12779448255711576
424.0 0.12903520568880456
424.5 0.1962879741483871
425.0 0.18306641366223908
425.5 0.11228211246185958
426.0 0.16579517913851993
426.5 0.18135789780834916
427.0 0.10405771506944972
427.5 0.17762676836925995
428.0 0.2895133331499051
428.5 0.17401957653055028
429.0 0.16107824534003795
429.5 0.10392423794003795
430.0 0.1080787048907021
430.5 0.19954235963833017
431.0 0.11124408172296014
431.5 0.22205872959203032
432.0 0.472902850056926
432.5 0.9311371740227704
433.0 1.402741386296015
433.5 1.597548735544592
434.0 1.3594542587590133
434.5 1.524468700182163
435.0 1.8149107059924097
435.5 1.6042779391688804
436.0 1.512021185647059
436.5 1.5849039021555975
437.0 1.5266219948235296
437.5 1.2733074041518027
438.0 1.497147255020873
438.5 1.6728027068235294
439.0 1.6811489761024667
439.5 1.5078720141328272
440.0 1.2813903364174573
440.5 1.5056886891005692
441.0 1.6198996449487666
441.5 1.632347159480076
442.0 1.6299207433927891
442.5 1.677988046110057
443.0 1.4564113021214422
443.5 1.5809777030360532
444.0 1.5856389867779885
444.5 1.739445229609108
445.0 1.6334627818330172
445.5 1.6364963309943075
446.0 1.6572421885502846
446.5 1.6017028561480076
447.0 1.481449066512334
447.5 1.406886416918406
448.0 1.404142726345351
448.5 1.3545319386679315
449.0 1.3377559821593927
449.5 1.4954244995977228
450.0 1.4290377554117646
450.5 1.199962289313093
451.0 1.4788278135521822
451.5 1.5097617541631878
452.0 1.5161703571574952
452.5 1.6009928869411765
453.0 1.4207394123908919
453.5 1.296264267043643
454.0 1.5576607496470587
454.5 1.6281979879696395
455.0 1.4982272462125237
455.5 1.698733903666034
456.0 1.6198996449487666
456.5 1.6097867718519925
457.0 1.48712615657685
457.5 1.387549073316888
458.0 1.346054325180266
458.5 1.1676399501821633
459.0 1.3958103071574952
459.5 1.5751199800303604
460.0 1.3833968687855789
460.5 1.2162150083149903
461.0 1.1824793176432637
461.5 1.1842366362277041
462.0 1.547965506979127
462.5 1.2620427011309299
463.0 1.551962488683112
463.5 1.5488709299430743
464.0 1.7509239585351044
464.5 1.443208025370019
465.0 1.8439549065730554
465.5 1.4373360984364325
466.0 1.1907364164174572
466.5 0.8446810829108159
467.0 0.9062694421328275
467.5 0.9508593437039847
468.0 0.7732695322163189
468.5 0.7886991355673625
469.0 1.0533873126148008
469.5 0.9179291499848197
470.0 0.43348826723339656
470.5 0.7592983866223909
471.0 0.7344059066110057
471.5 0.5751383735256167
472.0 0.49547416530170774
472.5 0.5933315261593928
473.0 0.6406951682087286
473.5 0.6544876002125237
474.0 0.5609664268121441
474.5 0.8215359592979127
475.0 0.7961500198406073
475.5 0.7278277699544592
476.0 0.6929116424364326
476.5 0.623884822747628
477.0 0.7600042793017078
477.5 0.744424456
478.0 0.8034697750056926
478.5 0.7776178280910816
479.0 0.7863587820493358
479.5 0.877433581889943
480.0 0.9875028197609108
480.5 0.7719768422732447
481.0 0.7049504950512334
481.5 0.97090613371537
482.0 0.889645458907021
482.5 1.0524020360834916
483.0 1.1178498920417457
483.5 1.3141223769259962
484.0 1.0708790651347249
484.5 1.3336068106451615
485.0 1.236591360865275
485.5 1.1427449211119545
486.0 0.978452948
486.5 1.0290685537950666
487.0 1.0971040344857685
487.5 0.8949406010056926
488.0 0.8241471433662237
488.5 1.0399570369829223
489.0 1.0787845930170779
489.5 1.0513590211802657
490.0 0.698783569370019
490.5 0.8823783427210626
491.0 0.922851613658444
491.5 0.8108112001859582
492.0 0.9103913164629981
492.5 0.9086685610398483
493.0 0.8513490952333965
493.5 0.8481537437912713
494.0 0.7974901960796963
494.5 0.9549756179203036
495.0 0.8066620286717268
495.5 0.869381329024668
496.0 1.0126034569335862
496.5 0.8315570577419356
497.0 0.8002662940569261
497.5 1.1054023775104365
498.0 1.2464742089032257
498.5 1.0040461246527514
499.0 1.0397817517343453
499.5 1.5867062728538899
500.0 1.5950046158785578
500.5 1.4829769850626187
501.0 1.5635339992068313
501.5 1.6837074589108159
502.0 1.5297106782125238
502.5 1.2369401614231499
503.0 1.248536107833017
503.5 1.2477036090702085
504.0 1.2713692379734345
504.5 1.3449474413434535
505.0 1.3419051536698292
505.5 1.4241184031233396
506.0 1.4897870293586337
506.5 1.257175740910816
507.0 1.395844383320683
507.5 1.290102925662239
508.0 1.3999935548311195
508.5 1.4622311275066413
509.0 1.3132874433055028
509.5 1.0205222627020873
510.0 1.2257283513434536
510.5 1.1593416071612903
511.0 1.1111894160227702
511.5 1.1325620455787475
512.0 0.9601813746034155
512.5 1.0619987475142314
513.0 1.0514631478595826
513.5 1.4774295912827324
514.0 1.270331945092979
514.5 1.1568683700796965
515.0 1.1611273225275143
515.5 1.216304260789374
516.0 1.1974286786110058
516.5 1.5618112437836813
517.0 1.6349914921935482
517.5 1.3571460494573053
518.0 1.2749013583946869
518.5 1.2921150955294118
519.0 1.317610986907021
519.5 1.2654052803719165
520.0 1.408180972580645
520.5 1.3543526682049334
521.0 1.6530930170398483
521.5 1.927199527757116
522.0 1.7905138369639468
522.5 1.9010206058178367
523.0 1.8481040780834914
523.5 1.8658233185730548
524.0 1.8605515926185958
524.5 1.503722842622391
525.0 1.0971040344857685
525.5 0.9947170265958254
526.0 0.8688996013472486
526.5 1.0167197311499052
527.0 0.9114056978671726
527.5 0.9518830315787477
528.0 1.0639106623908918
528.5 0.8694736880910816
529.0 1.0537661990853888
529.5 1.369713418056926
530.0 1.1054023775104365
530.5 0.9823559531347249
531.0 0.9835490815445921
531.5 0.9056486959127135
532.0 0.9198851034952561
532.5 1.1593604833814042
533.0 1.016547020341556
533.5 0.594509753772296
534.0 1.192534979252372
534.5 1.03071729029981
535.0 1.0630523177001898
535.5 0.7714523745502846
536.0 0.8481537437912713
536.5 0.8849989562618596
537.0 0.7830251564060721
537.5 0.6380225033510437
538.0 0.6406951682087286
538.5 1.1244254796432638
539.0 1.010196279028463
539.5 0.9726288891385197
540.0 1.0400409626223908
540.5 0.9845228925161291
541.0 1.018269775764706
541.5 1.1102936479620493
542.0 1.0680598339051233
542.5 0.9525684400151803
543.0 0.7190470249335863
543.5 0.7344033575521821
544.0 0.7179408097533206
544.5 0.8444354378140417
545.0 0.8505801598785578
545.5 0.907289423650854
546.0 0.8979438019278937
546.5 0.8183275405351044
547.0 0.71311777856926
547.5 0.8331964877760911
548.0 1.0082486773206831
548.5 0.87024295571537
549.0 0.7278277699544592
549.5 0.8397199398975331
550.0 0.6761079903074003
550.5 0.5592590226755219
551.0 0.6365459966982923
551.5 0.9721862964288426
552.0 1.0805073484402277
552.5 1.1178878852371916
553.0 1.0048093566185958
553.5 0.9523156242656546
554.0 0.9454406235673624
554.5 0.907289423650854
555.0 1.0870829360379508
555.5 1.0431264727514231
556.0 0.9804106938216318
556.5 1.0390156333244782
557.0 0.9896149079544592
557.5 0.9509728020227703
558.0 1.0746354215028464
558.5 0.8149603716963946
559.0 0.8093009246717268
559.5 0.9667569622011386
560.0 0.9684797176242884
560.5 0.9864763109563567
561.0 0.9684797176242884
561.5 0.87024295571537
562.0 0.9704788922922203
562.5 0.9022789185958254
563.0 0.9601813746034155
563.5 0.8372475154231499
564.0 0.9499178988121442
564.5 0.8979438019278937
565.0 0.7714523745502846
565.5 0.8671768459240986
566.0 0.7838011971954459
566.5 0.8398554007666034
567.0 0.930277972629981
567.5 0.84400457227704
568.0 0.84400457227704
568.5 0.9370320171081593
569.0 0.9046837131537001
569.5 0.736126112975332
570.0 0.7532781813776092
570.5 0.698783569370019
571.0 0.7680973464667931
571.5 0.9086685610398483
572.0 0.8652691303301707
572.5 0.918689659487666
573.0 0.9319870689411764
573.5 0.9875028197609108
574.0 0.8825917783605314
574.5 0.9311371740227704
575.0 1.0760566664705882
575.5 1.1078888534003795
576.0 1.0815057377798862
576.5 1.1843498689791272
577.0 1.1583308801366223
577.5 1.213098615366224
578.0 1.0141236372751423
578.5 1.0225451016736242
579.0 0.9374324050664137
579.5 0.7100551476129032
580.0 1.0497403924364326
580.5 1.0348664618102468
581.0 0.9971853878747627
581.5 1.0597614908804556
582.0 1.0749912638330172
582.5 1.1037766547058823
583.0 1.0168529060379505
583.5 1.0663370784819735
584.0 0.9535134483908918
584.5 0.9767780606489564
585.0 0.956032203089184
585.5 0.9283575795901329
586.0 0.9294144185996204
586.5 0.8505045028766604
587.0 0.889645458907021
587.5 1.0208360053624288
588.0 0.9892255751840607
588.5 1.0554752953965845
589.0 1.0597614908804556
589.5 1.0639106623908918
590.0 0.8793470076204934
590.5 1.0528377779544593
591.0 0.9452697207931688
591.5 0.926988002508539
592.0 0.7220570839658443
592.5 0.925265247085389
593.0 0.7961500198406073
593.5 0.869381329024668
594.0 0.9667569622011386
594.5 0.8902339421935485
595.0 0.894054521203036
595.5 0.8652691303301707
596.0 0.9294144185996204
596.5 0.8208476651309298
597.0 0.9187277133776092
597.5 1.03071729029981
598.0 1.0941388447286526
598.5 1.1617680232485768
599.0 1.0565223939051234
599.5 0.9809272321593927
600.0 0.9443358915863378
600.5 0.9228399120759013
601.0 1.0414420494117649
601.5 0.8743592299278937
602.0 0.9435846885578747
602.5 0.9319870689411764
603.0 0.9086685610398483
603.5 0.8331393173017078
604.0 0.6021455276470589
604.5 0.9003702180189753
605.0 0.8372504948652751
605.5 0.7942145141404174
606.0 0.6915340681480076
606.5 0.4544992599810247
607.0 0.6597182703453511
607.5 0.827407886231499
608.0 0.9443358915863378
608.5 1.07048624999241
609.0 0.8657786682998103
609.5 0.8611569316318785
610.0 0.7044357629184061
610.5 0.4709643568425047
611.0 0.3194862063931689
611.5 1.0318709979810248
612.0 0.7385525290664136
612.5 0.6432104007362428
613.0 0.6206626769829222
613.5 0.7079991650094878
614.0 0.6448443397191651
614.5 0.8422818168538899
615.0 0.7261733581821632
615.5 0.7772055535711575
616.0 0.6596591955218216
616.5 0.6124731182808348
617.0 0.6270699854876661
617.5 0.5112934276356736
618.0 0.550243662629981
618.5 0.629166400512334
619.0 0.4830266507703984
619.5 0.46102271209867174
620.0 0.2790768838455408
620.5 0.24893226107666033
621.0 0.39002212209108156
621.5 0.44867388945351044
622.0 0.3882540815749525
622.5 0.4605662539696394
623.0 0.5919333038861481
623.5 0.5870253818557875
624.0 0.6561966965237191
624.5 0.6637169326944972
625.0 0.5691878182125236
625.5 0.6189262194459203
626.0 0.5783003260796964
626.5 0.6183200233434535
627.0 0.5556970190474383
627.5 0.44171266462618597
628.0 0.4564088662770398
628.5 0.34733093214421257
629.0 0.4764103136508539
629.5 0.4770150487552183
630.0 0.43348826723339656
630.5 0.5099126383225807
631.0 0.48448506472865277
631.5 0.3357929031882353
632.0 0.3245423679187856
632.5 0.33753448564440225
633.0 0.2590685178573055
633.5 0.22157234810436433
634.0 0.28503181158595825
634.5 0.32486369699582546
635.0 0.4071076709184061
635.5 0.4252638698406072
636.0 0.5130572608538899
636.5 0.44582486332068316
637.0 0.4317808630967742
637.5 0.33720029308425054
638.0 0.2562773780960152
638.5 0.24045300079165086
639.0 0.27935292428463
639.5 0.19137850206489562
640.0 0.2757903724166983
640.5 0.3242622648808349
641.0 0.3338944078580645
641.5 0.3185556640444023
642.0 0.3207514982998102
642.5 0.3111537746026566
643.0 0.36598568395749526
643.5 0.38682888715370023
644.0 0.33720029308425054
644.5 0.21965393503301708
645.0 0.2179465308960152
645.5 0.28402292084705877
646.0 0.26554697674231503
646.5 0.2483848643821632
647.0 0.108417442170778
647.5 0.16311165563491462
648.0 0.30400171172144214
648.5 0.2779944912770399
649.0 0.30705483649449716
649.5 0.412518839256167
650.0 0.5715956187666034
650.5 0.5268830995407969
651.0 0.4782399300303606
651.5 0.4687906513624288
652.0 0.396880447886148
652.5 0.4725334908918406
653.0 0.49032258064516127
653.5 0.40004322053510427
654.0 0.5351156479734345
654.5 0.46995721248576855
655.0 0.5725856685996205
655.5 0.5845109385540797
656.0 0.5411150519316889
656.5 0.6544876002125237
657.0 0.5568542281176471
657.5 0.6121115546831118
658.0 0.43392089787855787
658.5 0.4893516448425047
659.0 0.42321549418216325
659.5 0.32689475931043643
660.0 0.28503181158595825
660.5 0.2515953875347249
661.0 0.20927584837381402
661.5 0.21287009427438328
662.0 0.1959784296223909
662.5 0.2585724938903226
663.0 0.27016746191119545
663.5 0.18730661904212523
664.0 0.16287532090626186
664.5 0.14266799426489565
665.0 0.17288351703719165
665.5 0.2138343322
666.0 0.1411322562223909
666.5 0.15065967183833018
667.0 0.23850752437685008
667.5 0.22487939807590135
668.0 0.4959188875370019
668.5 0.5974806976698293
669.0 0.5821037606527514
669.5 0.7304170992789375
670.0 0.8585994290512334
670.5 0.8455453104212525
671.0 0.7781425195711574
671.5 0.8388885340151802
672.0 0.5733030229032258
672.5 0.543348196402277
673.0 0.6541215703870968
673.5 0.2796295113381404
674.0 0.19584586191802655
674.5 0.16515012836242884
675.0 0.19677640426679316
675.5 0.11693815515559773
676.0 0.18871170391119546
676.5 0.11102936479620494
677.0 0.107826594657685
677.5 0.1151415634922201
678.0 0.1058689585889943
678.5 0.1758779740182163
679.0 0.19046837131537003
679.5 0.12622837370246678
680.0 0.13844402277039847
680.5 0.16389427142201138
681.0 0.12032597383643263
681.5 0.1099408416117647
682.0 0.1238471555605313
682.5 0.2565286304273245
683.0 0.22590640088690706
683.5 0.3456892178781783
684.0 0.2755173126421252
684.5 0.40881507505502845
685.0 0.38275700412903224
685.5 0.38654667743833016
686.0 0.2478882797358634
686.5 0.16181768895256168
687.0 0.18523233968273245
687.5 0.3125271009074004
688.0 0.21966632408235295
688.5 0.18523233968273245
689.0 0.16700060794762808
689.5 0.3376352759043643
690.0 0.5974806976698293
690.5 0.5738712122201138
691.0 0.7072981757381404
691.5 0.6308738046489564
692.0 0.7075137095825427
692.5 0.7585406038026565
693.0 0.6644292449563568
693.5 0.6526071296432638
694.0 0.5362932346375712
694.5 0.6215574064933587
695.0 0.5452611904212524
695.5 0.6050923096318785
696.0 0.561860909487666
696.5 0.6668364228576851
697.0 0.5299489298937381
697.5 0.351592404601518
698.0 0.4438352494686907
698.5 0.3577612865650854
699.0 0.3347954985252372
699.5 0.3298225248352941
700.0 0.15880343788387097
700.5 0.11666230127248578
701.0 0.1147336155305503
701.5 0.11527643190056927
702.0 0.11175800870626186
702.5 0.11074003795066414
703.0 0.1990688848683112
703.5 0.19441830474762808
704.0 0.2796295113381404
704.5 0.2878539087305503
705.0 0.17401957653055028
705.5 0.32730746581176473
706.0 0.3606176641024668
706.5 0.105310944828463
707.0 0.5604050598368121
707.5 0.49977827634914607
708.0 0.6638674418557875
708.5 0.6850106160303605
709.0 0.7900653426261859
709.5 0.930277972629981
710.0 0.8066620286717268
710.5 0.6462550517836811
711.0 0.6514347981290322
711.5 0.667883592914611
712.0 0.6826249835597723
712.5 0.6802201890018975
713.0 0.6579517913851992
713.5 0.45816145940796965
714.0 0.6265248982504743
714.5 0.6232665028045541
715.0 0.8713260174345351
715.5 0.7673361003339657
716.0 0.6415029965996204
716.5 0.5897518176850096
717.0 0.5352431249981024
717.5 0.6945917510360532
718.0 0.918689659487666
718.5 1.0023983834914612
719.0 0.8754751889487666
719.5 0.7879174714117647
720.0 0.7624096898330172
720.5 0.7360835666110056
721.0 0.7501275668349147
721.5 0.7295253894497153
722.0 0.6074033914648956
722.5 0.6579517913851992
723.0 0.5486298307248576
723.5 0.8862983219848197
724.0 0.7416735067590133
724.5 0.693243164459203
725.0 0.7813177522694497
725.5 0.956032203089184
726.0 0.7673361003339657
726.5 1.0265681187893738
727.0 1.1649056028956355
727.5 1.09966445600759
728.0 1.092954862975332
728.5 0.9892255751840607
729.0 0.9040691545426944
729.5 0.923754520512334
730.0 0.8671768459240986
730.5 0.11980151086603415
731.0 0.42321549418216325
731.5 0.918689659487666
732.0 1.0630523177001898
732.5 1.0348664618102468
733.0 1.009971432740038
733.5 1.1001541508994308
734.0 1.1288081756129034
734.5 1.1012532059962048
735.0 0.9684797176242884
735.5 1.1413391162922202
736.0 1.0639106623908918
736.5 1.0348939243187856
737.0 1.0141206042542694
737.5 0.923754520512334
738.0 0.9170177410132827
738.5 1.1949613953396585
739.0 0.9699948796736242
739.5 0.7319769414648957
740.0 0.5997871609639469
740.5 0.566199813259962
741.0 0.6389724127855787
741.5 0.6726617933851993
742.0 0.789542149662239
742.5 0.7859161711157495
743.0 0.9311371740227704
743.5 0.9937311821669829
744.0 0.937952734174573
744.5 0.8381326453434536
745.0 0.8463841450550286
745.5 0.9352863455332068
746.0 1.05698280857685
746.5 1.033851539719165
747.0 1.1012532059962048
747.5 1.050318071654649
748.0 1.009971432740038
748.5 0.8834673654421252
749.0 0.9460111046451612
749.5 0.816731390914611
750.0 0.9228388309981025
750.5 0.833983473833017
751.0 0.5826812445426944
751.5 0.4893516448425047
752.0 0.1979964630296015
752.5 0.13342987119734345
753.0 0.3028895203468691
753.5 0.6092085838444022
754.0 0.7070819123946869
754.5 0.8496615846375711
755.0 0.7813177522694497
755.5 0.5641636235977229
756.0 0.8215359592979127
756.5 0.9103913164629981
757.0 0.6438478738785579
757.5 0.7772055535711575
758.0 0.5636105220075901
758.5 0.7634475581328274
759.0 0.6603129707400379
759.5 0.810317254235294
760.0 0.7648689574838711
760.5 0.6103128111688805
761.0 0.10334673500379506
761.5 0.12215649067969639
762.0 0.13063173286375712
762.5 0.1919406888466793
763.0 0.17416814684364326
763.5 0.20782197151499052
764.0 0.3577612865650854
764.5 0.14522100290588236
765.0 0.16465096860683112
765.5 0.18675634546375713
766.0 0.47233843062998093
766.5 0.544367274
767.0 0.34780072180683114
767.5 0.4926978457419355
768.0 0.44411745918406065
768.5 0.10482720478595826
769.0 0.3858729505806451
769.5 0.3618734852611006
770.0 0.40470287636053126
770.5 0.44411745918406065
771.0 0.3087205661381404
771.5 0.3028895203468691
772.0 0.285449114171537
772.5 0.4071883022656547
773.0 0.3277845494163188
773.5 0.42156906625806445
774.0 0.3609779215092979
774.5 0.2735720210432637
775.0 0.4079154242352941
775.5 0.3413124917806452
776.0 0.2689973133935484
776.5 0.4770150487552183
777.0 0.32167875879013286
777.5 0.28462335997305505
778.0 0.6174411322770398
778.5 0.604329352235294
779.0 0.6826249835597723
779.5 0.5609664268121441
780.0 0.42766866439848195
780.5 0.36598568395749526
781.0 0.24261972307286528
781.5 0.13030025672523718
782.0 0.17030755067931688
782.5 0.25958254269449715
783.0 0.17339105764440227
783.5 0.12735206842390892
784.0 0.10610430559810248
784.5 0.3039845158857685
785.0 0.3122179742003795
785.5 0.49395290582163187
786.0 0.6158001391385198
786.5 0.6750689712903225
787.0 0.5650786255104364
787.5 0.5684364970891841
788.0 0.4280925183795066
788.5 0.35946869070208726
789.0 0.37458095358102467
789.5 0.38682888715370023
790.0 0.478877479256167
790.5 0.4279672931574952
791.0 0.41076797964705875
791.5 0.3882540815749525
792.0 0.43611905112333965
792.5 0.39002212209108156
793.0 0.37254299569297916
793.5 0.40661880813662243
794.0 0.4153320683111955
794.5 0.289848291373814
795.0 0.4724350925388994
795.5 0.5461677836470589
796.0 0.25666372329829223
796.5 0.15215135175749522
797.0 0.18256354651043646
797.5 1.0939226018140416
798.0 0.46102271209867174
798.5 0.35946869070208726
799.0 0.5417374804060721
799.5 0.47351470160151804
800.0 0.4253600616242884
800.5 0.4439613517419355
801.0 0.44102165715370023
801.5 0.5945111116963947
802.0 0.5222492344098671
802.5 0.39684456807969637
803.0 0.2606005134500949
803.5 0.2631807165537002
804.0 0.19932684963036051
804.5 0.20345528383187855
805.0 0.37832228004592033
805.5 0.4730055523225806
806.0 0.45861553419734347
806.5 0.7219558430170777
807.0 0.6774494744136622
807.5 0.7924917587172676
808.0 0.7776178280910816
808.5 0.8917080810815939
809.0 0.9377127616204933
809.5 0.7834922052296015
810.0 0.8496615846375711
810.5 0.8256851308083492
811.0 0.4915457279165085
811.5 0.5974806976698293
812.0 0.561860909487666
812.5 0.819951206288425
813.0 0.6655901972789373
813.5 0.6644292449563568
814.0 0.7053591569715371
814.5 0.5491735669297912
815.0 0.6501209842960152
815.5 0.18166641792637572
816.0 0.23139369244895636
816.5 0.10933985712827325
817.0 0.11412461150853892
817.5 0.1661918535032258
818.0 0.18916114002277037
818.5 0.2590685178573055
819.0 0.2590685178573055
819.5 0.29844220477457306
820.0 0.21943667100227707
820.5 0.24310111141214424
821.0 0.17933867522770397
821.5 0.2115305343013283
822.0 0.189889175200759
822.5 0.13844402277039847
823.0 0.19699544742049335
823.5 0.21575535550056923
824.0 0.17188911393055026
824.5 0.165457313085389
825.0 0.1900814823081594
825.5 0.24261972307286528
826.0 0.4830266507703984
826.5 0.6229981024667932
827.0 0.6191502285882353
827.5 0.9169669040645161
828.0 0.6314990512333966
828.5 0.4605662539696394
829.0 0.3087205661381404
829.5 0.33780564786261863
830.0 0.4234758343567362
830.5 0.4707681495521822
831.0 0.215809800200759
831.5 0.17699979125237195
832.0 0.8445297617950666
832.5 0.19274405408880455
833.0 0.19815421769867175
833.5 0.21003245825502848
834.0 0.1851761729358634
834.5 0.10406898604250474
835.0 0.13020909008766604
835.5 0.10410254577874763
836.0 0.14251590579316886
836.5 0.16482284505540798
837.0 0.1377686860740038
837.5 0.19232125330664138
838.0 0.2575702749218216
838.5 0.24047685996432638
839.0 0.14790458640531312
839.5 0.18093674263074006
840.0 0.162083153286907
840.5 0.20149773611119545
841.0 0.1238009049772296
841.5 0.1177383184850095
842.0 0.15352741824743832
842.5 0.20988598204250475
843.0 0.1848659057764706
843.5 0.196506596428463
844.0 0.2230487033521822
844.5 0.13437213974762807
845.0 0.15908320168994308
845.5 0.33604172703567364
846.0 0.37591748548652754
846.5 0.25245674740493357
847.0 0.4071076709184061
847.5 0.22205872959203032
848.0 0.2124768303134725
848.5 0.11306535472675522
849.0 0.3609779215092979
849.5 0.8232548430360532
850.0 0.8896363598444024
850.5 0.6850196429487666
851.0 0.8871461816622391
851.5 1.0040995058064517
852.0 0.8127922415294118
852.5 0.873048772857685
853.0 0.7862083750967741
853.5 0.6572638315294117
854.0 0.5140248370170778
854.5 0.3142345050444023
855.0 0.45234185657685005
855.5 0.6092085838444022
856.0 0.45398245018595823
856.5 0.8672102715066413
857.0 0.9667569622011386
857.5 0.8908243267893738
858.0 0.9557375016432639
858.5 0.9020838743795067
859.0 0.9426267952751424
859.5 0.7419121874231499
860.0 0.7637884342580644
860.5 0.8512251301024669
861.0 0.8002662940569261
861.5 0.8149603716963946
862.0 0.719634771825427
862.5 0.6719867736280835
863.0 0.7385525290664136
863.5 0.800573542910816
864.0 0.727182028800759
864.5 0.7207232950094877
865.0 0.43773093270967744
865.5 0.5020497529032258
866.0 0.6262943887248578
866.5 0.2769505083548387
867.0 0.2037939491222011
867.5 0.1397752152971537
868.0 0.3417031707946869
868.5 0.5450572927134725
869.0 0.5020497529032258
869.5 0.5407911253814043
870.0 0.5950430594079696
870.5 0.2790768838455408
871.0 0.39765964623529404
871.5 0.24673192176888048
872.0 0.23209733229146112
872.5 0.22914872734421254
873.0 0.4264913124440228
873.5 0.7344033575521821
874.0 0.6821868833244781
874.5 0.7261050145313093
875.0 0.40590854530550285
875.5 0.4153320683111955
876.0 0.5222492344098671
876.5 0.13336350817343454
877.0 0.16456598578709677
877.5 0.28910369460872865
878.0 0.20560993480759013
878.5 0.24845387934876662
879.0 0.23921807310891843
879.5 0.1353687947605313
880.0 0.5642873255787476
880.5 0.7426384550436432
881.0 0.833983473833017
881.5 0.6742123561252372
882.0 0.7525323613965844
882.5 0.5321810359392789
883.0 0.531093953483871
883.5 0.6282476536736242
884.0 0.8405529953927894
884.5 0.5733030229032258
885.0 0.4153320683111955
885.5 0.2845399741396584
886.0 0.5140248370170778
886.5 0.6826249835597723
887.0 0.5577117379772296
887.5 0.6115067013662239
888.0 0.546139829540797
888.5 0.699073778345351
889.0 0.6103128111688805
889.5 0.6620639900796965
890.0 0.5650786255104364
890.5 0.4687906513624288
891.0 0.3751481914667932
891.5 0.5063017284667931
892.0 0.5808840116242884
892.5 0.5779874864364326
893.0 0.6003810096394687
893.5 0.4293760685351044
894.0 0.40246963662618596
894.5 0.39536026129791274
895.0 0.37180528679051233
895.5 0.43611905112333965
896.0 0.2547041368474383
896.5 0.32625711574952565
897.0 0.15175594803681214
897.5 0.3298225248352941
898.0 0.16287532090626186
898.5 0.2216198783480076
899.0 0.1851840353783681
899.5 0.25495631916129036
900.0 0.19327333871916508
900.5 0.20129843073434536
901.0 0.46102271209867174
901.5 0.20813239085502847
902.0 0.13535030159127134
902.5 0.29607830612296016
903.0 0.3817237790664137
903.5 0.351592404601518
904.0 0.10080875444440228
904.5 0.20968220924440228
905.0 0.22617092828842503
905.5 0.2321217148246679
906.0 0.39516232465654644
906.5 0.2620342819760911
907.0 0.33786934128500945
907.5 0.5684364970891841
908.0 0.7021716213358634
908.5 0.5845711400872866
909.0 0.6573009983149906
909.5 0.8002662940569261
910.0 0.8754751889487666
910.5 0.6697393687893738
911.0 0.6793342700303605
911.5 0.7053591569715371
912.0 0.5944525832979127
912.5 0.9211160755749526
913.0 0.8191095432068312
913.5 0.7804584199278938
914.0 0.9501602761555976
914.5 0.926988002508539
915.0 0.9576338062125237
915.5 0.8570447329373813
916.0 0.7525323613965844
916.5 0.6884445863946869
917.0 0.9128177325502846
917.5 0.8126181256736243
918.0 0.602088413776091
918.5 0.5524319743567362
919.0 0.2728161625180266
919.5 0.22033071293017079
920.0 0.7095083284819734
920.5 0.7549872776888046
921.0 0.785429950963947
921.5 0.827407886231499
922.0 0.6850106160303605
922.5 0.7410827101252372
923.0 0.5717542880531309
923.5 0.7717459011574952
924.0 0.6726617933851993
924.5 0.6620639900796965
925.0 0.25847269991612903
925.5 0.2341634806500949
926.0 0.5415604420151803
926.5 0.5328167089070209
927.0 0.7779758266679319
927.5 0.9311371740227704
928.0 0.6850106160303605
928.5 0.9667569622011386
929.0 0.5579590976166983
929.5 0.8352902912751422
930.0 0.9416935014193547
930.5 0.7146663030664137
931.0 0.8711062919810245
931.5 0.8580213387248576
932.0 0.9246709436470588
932.5 1.018269775764706
933.0 0.6643682741404174
933.5 0.9228388309981025
934.0 0.5909219601821633
934.5 0.833983473833017
935.0 1.0306899931195448
935.5 1.491302625267552
936.0 1.0595915696129032
936.5 1.2049824937874765
937.0 1.1471702659544591
937.5 1.1842366362277041
938.0 1.175938293206831
938.5 1.2266740030398482
939.0 0.8813471158823529
939.5 1.0568350649108158
940.0 1.109551549020873
940.5 1.3336068106451615
941.0 1.0482816782618596
941.5 0.9809272321593927
942.0 1.1007543117647058
942.5 1.3336068106451615
943.0 1.2672200664592033
943.5 1.1131031344098672
944.0 0.9813823595218215
944.5 0.8784755041442125
945.0 1.0372928779013282
945.5 1.3087117815787475
946.0 1.2695215545844403
946.5 1.005083885996205
947.0 0.9509300185199241
947.5 0.7768717170626185
948.0 0.9715370018975332
948.5 1.1843132244895638
949.0 0.913627772918406
949.5 0.9937311821669829
950.0 0.956032203089184
950.5 1.0781938197343455
951.0 1.3253084676242883
951.5 1.2654052803719165
952.0 0.9310643094686907
952.5 1.0331437063870967
953.0 0.9809272321593927
953.5 1.375098525760911
954.0 1.525275618072106
954.5 1.3045626100645162
955.0 1.1883389300417457
955.5 1.1339944864136624
956.0 1.1700663662694497
956.5 1.110331407248577
957.0 0.9062421449525617
957.5 1.0805073484402277
958.0 1.2872624318557877
958.5 1.2340266943681215
959.0 1.1295682312713473
959.5 0.8068994382466793
960.0 0.967324440565465
960.5 0.8813471158823529
961.0 0.7796849229791271
961.5 0.8962210465047439
962.0 0.7549890240721063
962.5 0.5333597972789375
963.0 0.5767348401138519
963.5 0.5721621159089184
964.0 0.5269635748045541
964.5 0.6297899549222011
965.0 0.8728381136318786
965.5 1.0431455625085388
966.0 0.7817669996053132
966.5 0.8273711172485769
967.0 0.6891268902466793
967.5 0.7271392293889942
968.0 0.7576018633738141
968.5 1.1593416071612903
969.0 0.8637224438406071
969.5 0.925265247085389
970.0 0.47857016496774196
970.5 0.49676972876280834
971.0 0.4540492607134725
971.5 0.46467845266413665
972.0 0.4893516448425047
972.5 0.5178150734155598
973.0 0.5264188889791271
973.5 0.5450572927134725
974.0 0.8550954347590134
974.5 0.5697549380075901
975.0 0.49790058139278937
975.5 0.5203596474231499
976.0 1.0414420494117649
976.5 1.1551954686679318
977.0 0.9937311821669829
977.5 1.0348664618102468
978.0 1.088348318641366
978.5 0.7724740913738141
979.0 1.176230123385199
979.5 1.2044840055825425
980.0 1.1790336657305505
980.5 0.9671165565882354
981.0 0.9024615791423151
981.5 0.9477338600683112
982.0 0.9933747466944972
982.5 1.2215791798330171
983.0 1.0599835308425047
983.5 0.9726288891385197
984.0 1.0348939243187856
984.5 1.2879659240189754
985.0 1.5866971737950664
985.5 1.4354357802428843
986.0 1.632347159480076
986.5 1.4082918978557875
987.0 1.5784079298292217
987.5 1.421893862736243
988.0 1.5701095868083492
988.5 1.57000957229222
989.0 1.33670672570019
989.5 0.918689659487666
990.0 1.018269775764706
990.5 1.0431648048349145
991.0 1.1913580594497153
991.5 1.1953682260303604
992.0 1.2534494177191653
992.5 1.6530930170398483
993.0 1.4954244995977228
993.5 1.3336068106451615
994.0 1.020451526223909
994.5 1.1478743311233397
995.0 1.0472427469677419
995.5 1.4373360984364325
996.0 1.7147964421707778
996.5 1.5238336194686908
997.0 1.7111814182011384
997.5 1.7817173339013284
998.0 1.6340699149032256
998.5 1.6934977987476283
999.0 1.7415573986034156
999.5 1.8024631914573057
1000.0 1.8647007641328273
1000.5 1.7034394434914613
1001.0 1.9061924792485767
1001.5 1.6407291678519926
1002.0 1.7882292341328272
1002.5 1.5266664778557875
1003.0 1.6153966971650853
1003.5 1.8568416193548387
1004.0 1.5756825495863378
1004.5 1.8605515926185958
1005.0 1.7642020236774194
1005.5 1.835656563552182
1006.0 1.8149107059924097
1006.5 1.5925781997874764
1007.0 1.7904414330208729
1007.5 1.5617688623833017
1008.0 1.868849935643264
1008.5 1.779939557267552
1009.0 1.4929980835104364
1009.5 1.6116013019240987
1010.0 1.443836029036053
1010.5 1.2713692379734345
1011.0 1.0722090054155597
1011.5 1.2796675809943074
1012.0 1.3419051536698292
1012.5 1.3765211388235294
1013.0 1.1842396692485768
1013.5 1.273637828800759
1014.0 1.1634907786717268
1014.5 1.2215791798330171
1015.0 1.1595313394193547
1015.5 1.432752550398482
1016.0 1.512021185647059
1016.5 0.8432455407969639
1017.0 0.8175848197343453
1017.5 0.7534876660341557
1018.0 0.7360121442125238
1018.5 0.822014421252372
1019.0 0.8374831119544591
1019.5 0.8023438330170778
1020.0 0.807304743833017
1020.5 0.8257639468690703
1021.0 0.7720500948766603
1021.5 0.8162732447817836
1022.0 0.831004174573055
1022.5 0.7944865275142315
1023.0 0.8201715370018975
1023.5 0.7846284629981024
1024.0 0.8185624288425049
1024.5 0.8296500948766603
1025.0 0.8061449715370018
1025.5 0.8047423149905124
1026.0 0.8377654648956356
1026.5 0.7752045540796964
1027.0 0.8281017077798861
1027.5 0.8569442125237192
1028.0 0.8250474383301708
1028.5 0.8091476280834915
1029.0 0.8037282732447819
1029.5 0.8130003795066414
1030.0 0.7903635673624289
1030.5 0.8170686907020872
1031.0 0.8027476280834915
1031.5 0.7991590132827324
1032.0 0.7416743833017078
1032.5 0.7164751423149904
1033.0 0.7610717267552182
1033.5 0.7788265654648956
1034.0 0.7501662239089184
1034.5 0.807046679316888
1035.0 0.8306064516129034
1035.5 0.8317753320683111
1036.0 0.8128789373814042
1036.5 0.7869115749525617
1037.0 0.8283567362428843
1037.5 0.8140356736242884
1038.0 0.8170656546489563
1038.5 0.8358831119544592
1039.0 0.814576091081594
1039.5 0.7734193548387097
1040.0 0.828156356736243
1040.5 0.8290337760910815
1041.0 0.8119104364326376
1041.5 0.7256318785578747
1042.0 0.7730641366223909
1042.5 0.749920303605313
1043.0 0.8358102466793169
1043.5 0.8590269449715371
1044.0 0.8551863377609108
1044.5 0.8287848197343454
1045.0 0.8461115749525616
1045.5 0.8540629981024667
1046.0 0.7484751423149905
1046.5 0.8517677419354838
1047.0 0.8648804554079697
1047.5 0.8767028462998103
1048.0 0.332672485768501
1048.5 0.7810398481973435
1049.0 0.8731385199240986
1049.5 0.8640364326375712
1050.0 0.8384667931688806
1050.5 0.88186110056926
1051.0 0.9002018975332068
1051.5 0.882380265654649
1052.0 0.8012053130929792
1052.5 0.8464303605313094
1053.0 0.8476144212523719
1053.5 0.624473624288425
1054.0 0.7334709677419354
1054.5 0.7176166982922202
1055.0 0.5829039848197343
1055.5 0.8646861480075901
1056.0 0.828499430740038
1056.5 0.817508918406072
1057.0 0.8177184060721063
1057.5 0.8519013282732447
1058.0 0.784173055028463
1058.5 0.8184288425047437
1059.0 0.7555005692599621
1059.5 0.5487696394686907
1060.0 1.0082094876660341
1060.5 0.6615863377609108
1061.0 0.8782542694497154
1061.5 0.9173859582542694
1062.0 0.11941404174573055
1062.5 0.4797814041745731
1063.0 0.7491491461100569
1063.5 0.999095256166983
1064.0 0.396976091081594
1064.5 1.017341935483871
1065.0 0.9820629981024669
1065.5 0.9653889943074004
1066.0 0.9368106261859582
1066.5 0.3989920303605313
1067.0 0.9566542694497153
1067.5 0.9554489563567362
1068.0 0.6140629981024668
1068.5 1.1489578747628084
1069.0 1.105518026565465
1069.5 0.9896440227703984
1070.0 0.9343301707779886
1070.5 1.00052220113852
1071.0 0.9882535104364327
1071.5 0.9858671726755219
1072.0 1.0217776091081594
1072.5 0.9668888045540798
1073.0 0.9662512333965845
1073.5 1.009560531309298
1074.0 0.557622770398482
1074.5 0.7220554079696395
1075.0 0.6856166982922202
1075.5 0.8634474383301707
1076.0 0.6986777988614801
1076.5 0.9221070208728652
1077.0 0.8794504743833017
1077.5 0.9212629981024668
1078.0 0.9753259962049335
1078.5 0.3649457305502846
1079.0 0.9593685009487666
1079.5 0.8875840607210627
1080.0 0.8754094876660341
1080.5 0.8704880455407971
1081.0 0.8553715370018975
1081.5 0.8764751423149905
1082.0 0.7424698292220113
1082.5 0.8362595825426945
1083.0 0.8037373814041746
1083.5 0.6990178368121442
1084.0 0.8522018975332069
1084.5 0.8430876660341555
1085.0 0.8147521821631879
1085.5 0.8356918406072106
1086.0 0.8149950664136623
1086.5 0.7863559772296016
1087.0 0.8065669829222011
1087.5 0.8551893738140417
1088.0 0.8197282732447818
1088.5 0.8104197343453511
1089.0 0.8505351043643263
1089.5 0.8256819734345352
1090.0 0.767918026565465
1090.5 0.79944440227704
1091.0 0.5296000000000001
1091.5 0.8018884250474384
1092.0 0.7728759013282732
1092.5 0.8505199240986717
1093.0 0.9024850094876661
1093.5 0.929688045540797
1094.0 0.7397829222011385
1094.5 0.8784303605313093
1095.0 0.9364007590132828
1095.5 0.9090793168880456
1096.0 0.7927438330170778
1096.5 0.7749768500948766
1097.0 0.5279180265654649
1097.5 0.592992789373814
1098.0 0.4751514231499051
1098.5 0.44354307400379506
1099.0 0.6725130929791271
1099.5 0.4864242884250475
1100.0 0.8404614800759014
1100.5 0.5056303605313093
1101.0 0.5298489563567362
1101.5 0.4941358633776092
1102.0 0.6258094876660342
1102.5 0.5229237191650854
1103.0 0.5206406072106262
1103.5 0.2729593927893738
1104.0 0.4962064516129032
1104.5 0.45802808349146107
1105.0 0.523676660341556
1105.5 0.5258869070208729
1106.0 0.6163643263757115
1106.5 0.5181965844402278
1107.0 0.48199165085389
1107.5 0.26971992409867174
1108.0 0.47557647058823527
1108.5 0.5092462998102466
1109.0 0.8562398481973434
1109.5 0.5027521821631878
1110.0 0.6127787476280835
1110.5 0.781231119544592
1111.0 0.9922732447817837
1111.5 1.0161760910815938
1112.0 0.8379051233396584
1112.5 0.6542603415559772
1113.0 0.702442504743833
1113.5 0.6392895635673624
1114.0 0.6419886148007591
1114.5 0.6093571157495256
1115.0 0.6514307400379508
1115.5 0.7131962049335864
1116.0 0.7967939278937382
1116.5 0.8915096774193547
1117.0 0.8282777988614801
1117.5 0.8497609108159393
1118.0 0.8073685009487667
1118.5 0.8498732447817836
1119.0 0.7517722960151804
1119.5 0.7711544592030359
1120.0 0.7067779886148008
1120.5 0.6761958254269449
1121.0 0.5544197343453511
1121.5 0.4276371916508539
1122.0 0.48279316888045537
1122.5 0.6685540796963948
1123.0 0.6455074003795066
1123.5 0.4491354838709678
1124.0 0.6849123339658444
1124.5 0.3389267552182163
1125.0 0.7180022770398483
1125.5 0.34425199240986715
1126.0 1.4148948766603415
1126.5 0.539114990512334
1127.0 0.7276660341555977
1127.5 0.3834990512333966
1128.0 0.47768045540796966
1128.5 0.6497639468690702
1129.0 0.6976819734345352
1129.5 1.4146428842504744
1130.0 0.790050853889943
1130.5 0.8931005692599621
1131.0 0.5484447817836813
1131.5 0.8859688804554081
1132.0 0.8897244781783682
1132.5 0.8832182163187856
1133.0 0.8958087286527515
1133.5 0.8921563567362429
1134.0 0.4826504743833017
1134.5 0.946073624288425
1135.0 0.9216
1135.5 0.8773161290322581
1136.0 0.8675187855787476
1136.5 0.9693662239089184
1137.0 0.946073624288425
1137.5 0.954941935483871
1138.0 0.9691688804554079
1138.5 0.841946110056926
1139.0 0.9248333965844403
1139.5 0.8802337760910816
1140.0 0.8301905123339659
1140.5 0.933273624288425
1141.0 0.9359939278937381
1141.5 0.8983559772296016
1142.0 0.9453935483870968
1142.5 0.5731248576850094
1143.0 0.8655483870967742
1143.5 0.8685206831119545
1144.0 0.9562990512333965
1144.5 0.9074307400379508
1145.0 0.9617639468690702
1145.5 0.8529214421252371
1146.0 0.9670831119544593
1146.5 0.9360546489563568
1147.0 0.8479848197343455
1147.5 0.8503438330170777
1148.0 0.8606360531309298
1148.5 0.7908918406072106
1149.0 0.8047453510436432
1149.5 0.6870375711574952
1150.0 0.8995764705882353
1150.5 0.9097654648956356
1151.0 0.9751650853889944
1151.5 0.9710481973434535
1152.0 0.7975924098671728
1152.5 0.884885009487666
1153.0 0.7676690702087287
1153.5 0.36840379506641363
1154.0 0.8112
1154.5 0.8674003795066414
1155.0 0.8751908918406074
1155.5 0.8737487666034156
1156.0 0.6641062618595825
1156.5 0.9133024667931688
1157.0 0.8487468690702088
1157.5 0.3739575779210626
1158.0 0.46554718469829215
1158.5 0.453659756686907
1159.0 0.27953085750436435
1159.5 0.29198884606869074
1160.0 0.35046103098671727
1160.5 0.31406182842618596
1161.0 0.2908924047893738
1161.5 0.2368644899559772
1162.0 0.40879974937760916
1162.5 0.3398117349407969
1163.0 0.321478767257685
1163.5 0.3758429289817837
1164.0 0.4147139388121442
1164.5 0.5111878491802657
1165.0 0.41792427510056923
1165.5 0.45213379469449716
1166.0 0.5106817281404175
1166.5 0.356026647828463
1167.0 0.46984780705882356
1167.5 0.5141370925426945
1168.0 0.4471611879582543
1168.5 0.40396647745351044
1169.0 0.5246329870170778
1169.5 0.48557135464136625
1170.0 0.35402623941518024
1170.5 0.565192486740038
1171.0 0.292556839744592
1171.5 0.4981310909222012
1172.0 0.36240607210626186
1172.5 0.5277636974041745
1173.0 0.37023826092258066
1173.5 0.4786196725464896
1174.0 0.5001012885009487
1174.5 0.3719622646588235
1175.0 0.47430821812144214
1175.5 0.5268664399658444
1176.0 0.5301342439506641
1176.5 0.5111245490740037
1177.0 0.5469885584402278
1177.5 0.5529044011005693
1178.0 0.42169695524857687
1178.5 0.5496378384440228
1179.0 0.38258923453510435
1179.5 0.4122672250208728
1180.0 0.5003269974800759
1180.5 0.45074910581024674
1181.0 0.39979629899810243
1181.5 0.4013517808425048
1182.0 0.34671448218216316
1182.5 0.2796265053449715
1183.0 0.31747838920531307
1183.5 0.3689767205074004
1184.0 0.3649026495324478
1184.5 0.3842126741669829
1185.0 0.3868081988462998
1185.5 0.42476466867552176
1186.0 0.35676848415635676
1186.5 0.3942991338975332
1187.0 0.29660435493282733
1187.5 0.3519708300777989
1188.0 0.4056407462390892
1188.5 0.25486012737912717
1189.0 0.2787247073851992
1189.5 0.2492688916174573
1190.0 0.2333738661821632
1190.5 0.12797255875066416
1191.0 0.18055296292751424
1191.5 0.38693754063757113
1192.0 0.306659242886148
1192.5 0.30909507949373816
1193.0 0.4151066188197343
1193.5 0.40785639099430737
1194.0 0.3560524931036053
1194.5 0.40533261260721065
1195.0 0.5065441618747628
1195.5 0.3410529448971537
1196.0 0.3663757115749526
1196.5 0.33866048211385197
1197.0 0.36312897905616703
1197.5 0.4679549852523719
1198.0 0.3688486086967742
1198.5 0.42524506587476274
1199.0 0.4605865383149905
1199.5 0.3820458858026565
1200.0 0.38446279296394686
1200.5 0.3805852391878558
1201.0 0.3957946934686907
1201.5 0.40289326845540796
1202.0 0.3903985945882353
1202.5 0.4090694645996205
1203.0 0.3707160141358634
1203.5 0.45352134395825433
1204.0 0.46624560022011385
1204.5 0.39902667708538897
1205.0 0.46708625321821634
1205.5 0.5059243565882353
1206.0 0.48415190122960156
1206.5 0.38179810115749524
1207.0 0.32492862083036056
1207.5 0.4611464436888046
1208.0 0.43244819358633774
1208.5 0.34596028507438326
1209.0 0.4898679279127135
1209.5 0.18305383329525615
1210.0 0.47849531872485773
1210.5 0.17577271567931688
1211.0 0.3689906041244782
1211.5 0.4587109285388994
1212.0 0.3866619776850095
1212.5 0.4449349511954459
1213.0 0.5330927137381404
1213.5 0.44314720451612905
1214.0 0.5146351866451613
1214.5 0.47106919420493365
1215.0 0.39429564742694495
1215.5 0.3781736666022771
1216.0 0.3044978080220114
1216.5 0.48787269618975326
1217.0 0.2904601048341556
1217.5 0.3529960295313093
1218.0 0.3718646101946869
1218.5 0.37038954364250476
1219.0 0.2945491221772296
1219.5 0.4232107764857685
1220.0 0.3055682266519924
1220.5 0.3536976806185958
1221.0 0.32233667660607207
1221.5 0.31942366449032256
1222.0 0.2464490996140417
1222.5 0.3319939128637571
1223.0 0.32260054438595825
1223.5 0.37339629765920307
1224.0 0.341196058027704
1224.5 0.3187943365931689
1225.0 0.3514259099533207
1225.5 0.3327069292679317
1226.0 0.4284171567058824
1226.5 0.2767774823597723
1227.0 0.29496182907172674
1227.5 0.38518195652751425
1228.0 0.28949475961631876
1228.5 0.3396340720368122
1229.0 0.30680907201593927
1229.5 0.3286362184607211
1230.0 0.4110797885426945
1230.5 0.4248249948349146
1231.0 0.3060802575032258
1231.5 0.33105315913889943
1232.0 0.38677513292220117
1232.5 0.3653562525578748
1233.0 0.4406549008425048
1233.5 0.3873591127666034
1234.0 0.36995851156204934
1234.5 0.3952589602125237
1235.0 0.36097225987172676
1235.5 0.540168749654649
1236.0 0.33706508595332074
1236.5 0.384585786743833
1237.0 0.3424786992595825
1237.5 0.27605439719354835
1238.0 0.3500165868288425
1238.5 0.3397234046189753
1239.0 0.37893093695180263
1239.5 0.3615611861442125
1240.0 0.4963510568083491
1240.5 0.40193736261859586
1241.0 0.24158140048994303
1241.5 0.37201710970588237
1242.0 0.26776411444326376
1242.5 0.3033525594132827
1243.0 0.20396146547931687
1243.5 0.29375393752258067
1244.0 0.23987200952485765
1244.5 0.1741626256239089
1245.0 0.16814537497647056
1245.5 0.1775912490231499
1246.0 0.1291026944971537
1246.5 0.19888858769297912
1247.0 0.10836804584326376
1247.5 0.2616662934459203
1248.0 0.2707363050982922
1248.5 0.3370437164466793
1249.0 0.3743383750975332
1249.5 0.336261896143833
1250.0 0.36409867172675525
1250.5 0.4469779566944972
1251.0 0.4162346787020873
1251.5 0.4072314781973434
1252.0 0.41666444128273245
1252.5 0.3430709707749526
1253.0 0.3782278281047438
1253.5 0.34070176567058824
1254.0 0.5185398388045541
1254.5 0.4683934980910816
1255.0 0.4264705882352941
1255.5 0.39727939885009483
1256.0 0.3701906569077799
1256.5 0.3579169302129032
1257.0 0.4539290209867173
1257.5 0.33147876791157493
1258.0 0.38771187446679317
1258.5 0.3483795817912713
1259.0 0.35660067819582547
1259.5 0.189921373029222
1260.0 0.1917544912633776
1260.5 0.25816391072561673
1261.0 0.18877937888652752
1261.5 0.19625459929070208
1262.0 0.3403836398819734
1262.5 0.26905681437647055
1263.0 0.21056768493434536
1263.5 0.19400618096280833
1264.0 0.1104525329191651
1264.5 0.2848026193400379
1265.0 0.22363086403529409
1265.5 0.13605705686072106
1266.0 0.23563495499127135
1266.5 0.1879193471252372
1267.0 0.1627157956166983
1267.5 0.22525313025882354
1268.0 0.24987516228918405
1268.5 0.36503950216546494
1269.0 0.29855123058140415
1269.5 0.2900220292618596
1270.0 0.19622003672941177
1270.5 0.18827153717609107
1271.0 0.1847161687032258
1271.5 0.2900058888960152
1272.0 0.3396832434667932
1272.5 0.34397177774800763
1273.0 0.31305649533700186
1273.5 0.3151417522375712
1274.0 0.3257428896899431
1274.5 0.40458864861859584
1275.0 0.3230557781468691
1275.5 0.321661543970778
1276.0 0.30277600765388996
1276.5 0.19120950717495255
1277.0 0.179948425083871
1277.5 0.26489112668387094
1278.0 0.20272364982504745
1278.5 0.12331415799772297
1279.0 0.1979695656345351
1279.5 0.1391315995089184
1280.0 0.10462883100455408
1280.5 0.19927795164971537
1281.0 0.1758779740182163
1281.5 0.19982302215028463
1282.0 0.18323473601973433
1282.5 0.16208014729373812
1283.0 0.13844402277039847
1283.5 0.19826501020379506
1284.0 0.30430270351499045
1284.5 0.2356668363647059
1285.0 0.215450932655408
1285.5 0.27796419110588233
1286.0 0.20393942776356735
1286.5 0.229835175056926
1287.0 0.22075713453700188
1287.5 0.11595954385502848
1288.0 0.1099408416117647
1288.5 0.19130103143149907
1289.0 0.1129058049779886
1289.5 0.18027805437077798
1290.0 0.12097050533320682
1290.5 0.10768865499468692
1291.0 0.19013547065426945
1291.5 0.1924253285544592
1292.0 0.1568848766979127
1292.5 0.12250324083643263
1293.0 0.13713641572903226
1293.5 0.12593464302542695
1294.0 0.12697912430056926
1294.5 0.11129502492258064
1295.0 0.11754154095445919
1295.5 0.17401957653055028
1296.0 0.16860006263719166
1296.5 0.13159035827666032
1297.0 0.16564975937609108
1297.5 0.13436051686565467
1298.0 0.11619861474421253
1298.5 0.19046837131537003
1299.0 0.10319150280645162
1299.5 0.16128656508918407
1300.0 0.14388326161897533
1300.5 0.18110634368956358
1301.0 0.1982951648793169
1301.5 0.10844960375028465
1302.0 0.10361424266110057
1302.5 0.15990366369867173
1303.0 0.11126842796660343
1303.5 0.18635617261897536
1304.0 0.17744170066641365
1304.5 0.17805449354990513
1305.0 0.11739393264212525
1305.5 0.19640202746110058
1306.0 0.12251683431005693
1306.5 0.15958987706451613
1307.0 0.11064983741859583
1307.5 0.10588665329981026
1308.0 0.16054403328159395
1308.5 0.16389724127855787
1309.0 0.1738454865817837
1309.5 0.19011922236925996
1310.0 0.1704935465085389
1310.5 0.12097050533320682
1311.0 0.18018088458595827
1311.5 0.10189697456129031
1312.0 0.1414937518163188
1312.5 0.10887345479999998
1313.0 0.17329389440796966
1313.5 0.18357320099240987
1314.0 0.10280496740379506
1314.5 0.19154867902504746
1315.0 0.12622837370246678
1315.5 0.17900992426641366
1316.0 0.181455758
1316.5 0.1885077221134725
1317.0 0.1824071564110057
1317.5 0.18394584633814043
1318.0 0.16604716725388996
1318.5 0.1157144070918406
1319.0 0.1686088183882353
1319.5 0.15215135175749522
1320.0 0.10793764185009488
1320.5 0.12300686031233397
1321.0 0.1929329910333966
1321.5 0.17119978313889944
1322.0 0.11594341217798862
1322.5 0.13709990604440228
1323.0 0.17134123659051234
1323.5 0.18224397392296016
1324.0 0.17515532664667932
1324.5 0.1829240292053131
1325.0 0.12032597383643263
1325.5 0.15646766895332068
1326.0 0.13458132150967742
1326.5 0.15215135175749522
1327.0 0.11180339345275142
1327.5 0.17157495256166982
1328.0 0.19458057001138518
1328.5 0.11137009266603416
1329.0 0.10996465379316889
1329.5 0.168600146542315
1330.0 0.11884795310664135
1330.5 0.10994729074421253
1331.0 0.16773025835635677
1331.5 0.11293516448425048
1332.0 0.1696071542637571
1332.5 0.22517594453927892
1333.0 0.17684567344022772
1333.5 0.1487692434618596
1334.0 0.16694720392903226
1334.5 0.16721922932979127
1335.0 0.16471718754611006
1335.5 0.10376478116774195
1336.0 0.108121104285389
1336.5 0.10514287574876661
1337.0 0.16107824534003795
1337.5 0.1829592039476281
1338.0 0.1956421911574953
1338.5 0.12018862607324478
1339.0 0.10691716609981025
1339.5 0.19167598436812144
1340.0 0.16364011948235296
1340.5 0.1685499530223909
1341.0 0.16579517913851993
1341.5 0.17527908768121442
1342.0 0.18467935373320682
1342.5 0.18409956380910816
1343.0 0.19055090171385197
1343.5 0.1876900720041746
1344.0 0.17351010058595825
1344.5 0.1758050845142315
1345.0 0.16599169852485768
1345.5 0.1099408416117647
1346.0 0.11375135759544593
1346.5 0.11412461150853892
1347.0 0.11102936479620494
1347.5 0.14456672991764705
1348.0 0.15514231499051234
1348.5 0.2122766677829222
1349.0 0.13105983200872864
1349.5 0.1540819309776091
1350.0 0.1530175829658444
1350.5 0.18732857304781783
1351.0 0.22337223491119546
1351.5 0.16312541961062618
1352.0 0.1298121070060721
1352.5 0.19637663270740036
1353.0 0.220754128543833
1353.5 0.23409472636053133
1354.0 0.2756044864447818
1354.5 0.22996954379468693
1355.0 0.2789358931426945
1355.5 0.3127407424239089
1356.0 0.2826089575616698
1356.5 0.28508001544895634
1357.0 0.32571439307134725
1357.5 0.36951284010094876
1358.0 0.3067435809335864
1358.5 0.38102767392409864
1359.0 0.2594381090990512
1359.5 0.4055938753396584
1360.0 0.2890900303343453
1360.5 0.36047058823529415
1361.0 0.3645728671537002
1361.5 0.19181017829981023
1362.0 0.3627964430554079
1362.5 0.24962325045806452
1363.0 0.2884220709157495
1363.5 0.33468163714838706
1364.0 0.24399754726793169
1364.5 0.3272130357518027
1365.0 0.22775685833889944
1365.5 0.2848129842273245
1366.0 0.21256889852713473
1366.5 0.16649826784819735
1367.0 0.21091391894193548
1367.5 0.3054190591191651
1368.0 0.28803780948349145
1368.5 0.34405923280113854
1369.0 0.23648761106072105
1369.5 0.36895861123111956
1370.0 0.3599526556072106
1370.5 0.26395602957533204
1371.0 0.3184335289791272
1371.5 0.3017491047851992
1372.0 0.2651686999168881
1372.5 0.39244443609487667
1373.0 0.2759922595673624
1373.5 0.24881808104895634
1374.0 0.19535616456204935
1374.5 0.24126261972182164
1375.0 0.21922448804781783
1375.5 0.21790144099810246
1376.0 0.1751569113996205
1376.5 0.16548702430284631
1377.0 0.2513100494110057
1377.5 0.4973212745502846
1378.0 0.45498871855787476
1378.5 0.5941886636470588
1379.0 0.47881864467172675
1379.5 0.4604670471840607
1380.0 0.4294707516925996
1380.5 0.443849346
1381.0 0.3808099022694497
1381.5 0.5863096075977229
1382.0 0.548136493487666
1382.5 0.45698137790512333
1383.0 0.49434424725996207
1383.5 0.45441558370018975
1384.0 0.24237872863453513
1384.5 0.5705565781480075
1385.0 0.4726822555597723
1385.5 0.646946585658444
1386.0 0.5997287091119544
1386.5 0.43387576329032257
1387.0 0.47302835226565465
1387.5 0.4939047948235294
1388.0 0.5947964748728652
1388.5 0.46646231693738144
1389.0 0.38331182795825425
1389.5 0.5642768748462997
1390.0 0.329602228713093
1390.5 0.5277394332409868
1391.0 0.4170940288994307
1391.5 0.4028046961404174
1392.0 0.6425191274648956
1392.5 0.676949668402277
1393.0 0.5677900790436432
1393.5 0.545352181024668
1394.0 0.4279705470588235
1394.5 0.5574517812447818
1395.0 0.5373268098140417
1395.5 0.5130610817191651
1396.0 0.5785692708159393
1396.5 0.5637448681859583
1397.0 0.5333473613017078
1397.5 0.6060034841821632
1398.0 0.4013579625388994
1398.5 0.5344716027590133
1399.0 0.45896787941176465
1399.5 0.4774875296850095
1400.0 0.4724363806489564
1400.5 0.5326003298519925
1401.0 0.5438840165806451
1401.5 0.49930317478178365
1402.0 0.43111954459203033
1402.5 0.4807525439924098
1403.0 0.31864270565920305
1403.5 0.4172556096660341
1404.0 0.2449221899654649
1404.5 0.34055197550132826
1405.0 0.38853173892979126
1405.5 0.5740137101062619
1406.0 0.5880864974535105
1406.5 0.43244538063757115
1407.0 0.4057334695673624
1407.5 0.14109263927058824
1408.0 0.2812903225806452
1408.5 0.18101127357950664
1409.0 0.2331907182003795
1409.5 0.22342522609601514
1410.0 0.2932905843092979
1410.5 0.18677349075825428
1411.0 0.37639977650056927
1411.5 0.48996729783301707
1412.0 0.5933187030777989
1412.5 0.6975580308538899
1413.0 0.5184586769867173
1413.5 0.5508038205806451
1414.0 0.5422797506110056
1414.5 0.5657850612371916
1415.0 0.6411230448956358
1415.5 0.6454206135407969
1416.0 0.6385370376280834
1416.5 0.4995337987210627
1417.0 0.45124355186717263
1417.5 0.196801869856926
1418.0 0.11925376218823529
1418.5 0.1299007659032258
1419.0 0.3844989924667932
1419.5 0.2598521823495256
1420.0 0.2454262008409867
1420.5 0.13949042943187856
1421.0 0.18550954347590132
1421.5 0.18079875372789375
1422.0 0.2373687539533207
1422.5 0.2459683994963947
1423.0 0.21107696857229602
1423.5 0.17509096997419354
1424.0 0.17624141043833016
1424.5 0.1326478129950664
1425.0 0.15473155486110057
1425.5 0.15882854176356737
1426.0 0.1169545800056926
1426.5 0.1520829076045541
1427.0 0.32252599620493355
1427.5 0.44790747826565463
1428.0 0.5089923359354839
1428.5 0.4363100219468691
1429.0 0.3784736025165085
1429.5 0.27382043382087284
1430.0 0.12259600525237192
1430.5 0.30445552856774194
1431.0 0.16862000967362428
1431.5 0.1956300373870968
1432.0 0.30498185368728653
1432.5 0.269820241573814
1433.0 0.34765631959240983
1433.5 0.11416930316394687
1434.0 0.17257357591992412
1434.5 0.45640513204554084
1435.0 0.6255179355749526
1435.5 0.625448176113852
1436.0 0.6217692746337761
1436.5 0.4723907424288425
1437.0 0.5007849835180266
1437.5 0.4604601052030361
1438.0 0.31095670583719165
1438.5 0.28746518524933584
1439.0 0.3433722355628084
1439.5 0.29267251582846304
1440.0 0.16048341040151803
1440.5 0.12274133716242885
1441.0 0.2902619871476281
1441.5 0.4058590254686907
1442.0 0.3995997929981025
1442.5 0.4837858312713472
1443.0 0.4169381876091081
1443.5 0.5132203659734345
1444.0 0.5685055728690702
1444.5 0.586076542053131
1445.0 0.7174942704364327
1445.5 0.6631426764250474
1446.0 0.40353955699051236
1446.5 0.514834850288425
1447.0 0.46049597592030356
1447.5 0.48593700340037954
1448.0 0.465574733259962
1448.5 0.5090286778140418
1449.0 0.5199406316356736
1449.5 0.4518303502732448
1450.0 0.5302972802011385
1450.5 0.6539027185464896
1451.0 0.47155576870967747
1451.5 0.4373210366679317
1452.0 0.5888487224364326
1452.5 0.4349469574573055
1453.0 0.48926492685388995
1453.5 0.4828544852485768
1454.0 0.5314861553776091
1454.5 0.463460966914611
1455.0 0.5254491919127136
1455.5 0.5463242339430741
1456.0 0.4447817836812144
1456.5 0.5505191278292221
1457.0 0.47788910636812143
1457.5 0.5107783643643264
1458.0 0.5823257270474382
1458.5 0.43496641310056927
1459.0 0.5671959918633775
1459.5 0.43559931529411766
1460.0 0.48107926424667935
1460.5 0.5993151919278937
1461.0 0.536096808629981
1461.5 0.5629394514421252
1462.0 0.6164271216774194
1462.5 0.5006706981859582
1463.0 0.6088090277836812
1463.5 0.6099430740037951
1464.0 0.654242395776091
1464.5 0.6682501767324478
1465.0 0.5203738317760911
1465.5 0.5846562373738141
1466.0 0.4964204675787476
1466.5 0.3544375965973434
1467.0 0.6217566272751422
1467.5 0.47877098233776094
1468.0 0.5827755443339658
1468.5 0.6559360942656546
1469.0 0.7318541341783682
1469.5 0.5122233861100569
1470.0 0.598755941085389
1470.5 0.49112790660341554
1471.0 0.5215602246641365
1471.5 0.5330734909487667
1472.0 0.5640379506641366
1472.5 0.6368232652865274
1473.0 0.5932315815521821
1473.5 0.5981867180189753
1474.0 0.4504889666679317
1474.5 0.49249877257305497
1475.0 0.5445229616356736
1475.5 0.3457783400098672
1476.0 0.39393618484629983
1476.5 0.18713100420417456
1477.0 0.20335243391499053
1477.5 0.22551261577760912
1478.0 0.31948898115635677
1478.5 0.2811084599920304
1479.0 0.43954126567741936
1479.5 0.6191435825275142
1480.0 0.3781347951366224
1480.5 0.45883477405313094
1481.0 0.4094891542960152
1481.5 0.4178955769070209
1482.0 0.46855527030360533
1482.5 0.48833214541555975
1483.0 0.40729404249715373
1483.5 0.38168298044402277
1484.0 0.3801258759658444
1484.5 0.3334562970235294
1485.0 0.3192459515218216
1485.5 0.2950662274470588
1486.0 0.3804358340986717
1486.5 0.36076115655294116
1487.0 0.20382738084060723
1487.5 0.1854468414360531
1488.0 0.1647997267252372
1488.5 0.18949001696015177
1489.0 0.27960291464098674
1489.5 0.29361151182770395
1490.0 0.4014899711309298
1490.5 0.3173181530675522
1491.0 0.39572252099810246
1491.5 0.3946538738026565
1492.0 0.4499761399278937
1492.5 0.4683946944288425
1493.0 0.4209965327058824
1493.5 0.3861939478671727
1494.0 0.40663720576091084
1494.5 0.3797411088349146
