0.0 1.3598424809254903
0.5 1.4361422899019607
1.0 1.3198893601333335
1.5 1.3129700469137255
2.0 1.2284668534078431
2.5 1.2217941341803922
3.0 1.2507494426352943
3.5 1.238153466109804
4.0 1.2874509803921568
4.5 1.3045717900078433
5.0 1.3736092955686274
5.5 1.2901519213568629
6.0 1.0977080921803921
6.5 1.1028758169921569
7.0 1.1051182982431373
7.5 0.9650171179568626
8.0 0.9440238980509804
8.5 0.9414107646705882
9.0 0.663080440654902
9.5 0.7494793779568627
10.0 0.7619770842313726
10.5 0.7550697940980392
11.0 1.0275481520039216
11.5 0.9809473755137255
12.0 0.7930379809372549
12.5 0.7501670493215685
13.0 0.8169568858470587
13.5 0.8608894786
14.0 0.9748084187803921
14.5 0.7017504456313727
15.0 0.7967640892823531
15.5 0.87299730167451
16.0 1.020703925062745
16.5 0.9142161822588236
17.0 0.7923986225333333
17.5 0.7717736951529411
18.0 1.030865761690196
18.5 0.9521115882666668
19.0 0.9623529411764706
19.5 1.115230647172549
20.0 1.039346966254902
20.5 0.9852508431058823
21.0 1.0489525087607843
21.5 1.0304440599764706
22.0 1.0065137182431372
22.5 0.9389945043764706
23.0 0.8728709222313725
23.5 0.7957709251098039
24.0 0.7397982545607844
24.5 0.707075831572549
25.0 0.698568346
25.5 0.7289835538156862
26.0 0.6630091053607844
26.5 0.5677610960705882
27.0 0.5799388788509804
27.5 0.6081060820117646
28.0 0.6725361853843137
28.5 0.6410052307058823
29.0 0.7154823529411765
29.5 0.6531457952078431
30.0 0.638911035490196
30.5 0.4684416924666666
31.0 0.3391082366627451
31.5 0.33107986609294116
32.0 0.3808590102705882
32.5 0.43056293485098035
33.0 0.32055552509921564
33.5 0.24622497420039216
34.0 0.2907800511509804
34.5 0.32287614420000005
35.0 0.19937367131764708
35.5 0.8291067538117648
36.0 0.8409684069215687
36.5 0.8645681845647059
37.0 0.7726141431294118
37.5 0.669203733372549
38.0 0.6574627237450981
38.5 0.7800128342235294
39.0 0.7862274509803923
39.5 0.8124022229215685
40.0 0.7470762097960785
40.5 0.8253118437921568
41.0 0.8268499427254903
41.5 0.7836766584039215
42.0 0.6396425912117647
42.5 0.6618498537529413
43.0 0.8119676585176471
43.5 0.8429272722117648
44.0 0.9518130935607844
44.5 1.0784584178509804
45.0 1.0428362051882354
45.5 1.0371002577411765
46.0 0.7728171610509804
46.5 0.7348920327607843
47.0 0.760201561317647
47.5 1.0356449948392157
48.0 0.8319016681294119
48.5 0.7970024791529412
49.0 0.7969719303019609
49.5 0.7870675381254902
50.0 0.8157733053607843
50.5 0.7137210715254901
51.0 0.6739143476078432
51.5 0.7686106066588235
52.0 0.6408158346078431
52.5 0.7185673315921569
53.0 0.5091663886745098
53.5 0.790634507490196
54.0 0.7821390871568629
54.5 0.810700857662745
55.0 0.8549552524117647
55.5 0.9368195092352942
56.0 0.7874815132862746
56.5 0.8259715862392157
57.0 0.8624024132745097
57.5 0.9030247455529413
58.0 0.7843046582784314
58.5 0.8076427962470588
59.0 0.8248401826470588
59.5 0.8297251088431373
60.0 0.8059466046313725
60.5 0.9782297106431374
61.0 1.064858207745098
61.5 1.145837392282353
62.0 1.1168304688117647
62.5 1.042466819039216
63.0 0.8780005982980392
63.5 0.682462918745098
64.0 0.6391003117450981
64.5 0.9774349083882353
65.0 0.9745212461647058
65.5 0.9646303869137255
66.0 1.1082863796862745
66.5 1.1363100561843138
67.0 1.1218408685803922
67.5 0.8705348806196079
68.0 0.8280314724627451
68.5 0.9580949259921568
69.0 0.8790077367058823
69.5 0.8819263089843137
70.0 0.9036008378823531
70.5 0.9817397311215686
71.0 1.0166044047960783
71.5 1.0188692669294117
72.0 0.8989302703333335
72.5 0.8402020531215686
73.0 0.8637543168666667
73.5 0.9362386511019608
74.0 0.7227547980313725
74.5 0.6189859819215686
75.0 0.7778884644784315
75.5 0.8065814717254901
76.0 0.7989886764039215
76.5 0.8164842176980392
77.0 0.8327741037254901
77.5 0.705919892745098
78.0 0.6016382769333334
78.5 0.6312014509137255
79.0 0.6560053173803921
79.5 0.7136392156862744
80.0 0.653865168082353
80.5 0.8548682786
81.0 0.7981492453098039
81.5 0.6953338096352941
82.0 0.641372943545098
82.5 0.7282315945254902
83.0 0.7529598228588235
83.5 0.7877210751843137
84.0 0.7759009511647058
84.5 0.7365899403254903
85.0 0.6901536389803922
85.5 0.726987907172549
86.0 0.6872438411254902
86.5 0.8186769715176471
87.0 0.7763975773647059
87.5 0.734523738427451
88.0 0.763936413682353
88.5 0.8990413943372548
89.0 0.8554248366
89.5 0.7939965561294118
90.0 0.7221802673333334
90.5 0.7364163141529412
91.0 0.6153468923803921
91.5 0.7632676056352942
92.0 0.7517480061058824
92.5 0.7044570321960785
93.0 0.7797104636235295
93.5 0.9286331036901961
94.0 0.7506111429254902
94.5 0.7198668539019608
95.0 0.6134371534431372
95.5 0.6028937441647059
96.0 0.5720024257137256
96.5 0.6334528863098039
97.0 0.6827121688352942
97.5 0.5512295720980392
98.0 0.5584702240039215
98.5 0.4841217491176471
99.0 0.479775357054902
99.5 0.41384983261568625
100.0 0.38837216221843135
100.5 0.3203571739192157
101.0 0.38953123265176465
101.5 0.2074111851635294
102.0 0.20947548219921572
102.5 0.10108857336039216
103.0 0.36518342820980393
103.5 0.3714346829639216
104.0 0.43041648776470587
104.5 0.45281435376078427
105.0 0.4129515877137255
105.5 0.4164205022352942
106.0 0.30670915657529413
106.5 0.2172871188137255
107.0 0.2735479388603922
107.5 0.38718430358588235
108.0 0.32467865650941174
108.5 0.4226870428862745
109.0 0.49363372474117645
109.5 0.532093850772549
110.0 0.40367853103921564
110.5 0.45035928822352944
111.0 0.4352327694
111.5 0.4377490713529412
112.0 0.37000088953254906
112.5 0.4709589804509804
113.0 0.5502212415058824
113.5 0.612943343082353
114.0 0.5204468211529412
114.5 0.4331010230196079
115.0 0.6193985879215687
115.5 0.4080047993450981
116.0 0.3171890196078431
116.5 0.3675320295
117.0 0.4613874009176471
117.5 0.34258142926588236
118.0 0.33647597702431375
118.5 0.38788002610588235
119.0 0.27666192673411766
119.5 0.2447602856172549
120.0 0.23217196385176472
120.5 0.2893283669501961
121.0 0.35372120432862747
121.5 0.3518807523007843
122.0 0.3964367529176471
122.5 0.324701205467451
123.0 0.2748044676098039
123.5 0.2553372414258824
124.0 0.347162075592549
124.5 0.32753703912784315
125.0 0.5846415943411765
125.5 0.6239349756980392
126.0 0.6599121287450981
126.5 0.5306680548313726
127.0 0.5867887652352941
127.5 0.5332283206156863
128.0 0.5562727867960785
128.5 0.5016657802352941
129.0 0.5990452782784313
129.5 0.6528123658235294
130.0 0.4971508928352941
130.5 0.43327273583529413
131.0 0.26404632140392154
131.5 0.3476011084219608
132.0 0.3113365713258824
132.5 0.30835813843607845
133.0 0.4464318034901961
133.5 0.4270094083568628
134.0 0.39130548873843135
134.5 0.3728468948556863
135.0 0.37065810232156865
135.5 0.44889957965882354
136.0 0.48750802139215693
136.5 0.40666937119607843
137.0 0.48966709326666663
137.5 0.4595650623882353
138.0 0.5761157433843137
138.5 0.6045561139019608
139.0 0.5345111703215687
139.5 0.4718585838392157
140.0 0.4483339203960785
140.5 0.45075869087058823
141.0 0.7515648323843137
141.5 0.49791378593725494
142.0 0.5090011700901961
142.5 0.4698101675254902
143.0 0.5022540329607843
143.5 0.5189073620823529
144.0 0.49941049968235296
144.5 0.49258962256078437
145.0 0.6950023806431372
145.5 0.7741307189529412
146.0 0.6908016506745098
146.5 0.8217581386627452
147.0 0.538449920509804
147.5 0.5696867086313725
148.0 0.4853850199098039
148.5 0.6123340146862746
149.0 0.5831108981254902
149.5 0.6810680855254901
150.0 0.7485752224156864
150.5 0.6569488283137255
151.0 0.4649177763058823
151.5 0.573995624862745
152.0 0.5599856382039216
152.5 0.5126702443607843
153.0 0.3199046804984314
153.5 0.42087763583921567
154.0 0.2507950089125491
154.5 0.26976013889686273
155.0 0.2702351968082353
155.5 0.32171833048588233
156.0 0.4544534388666666
156.5 0.5246079380431373
157.0 0.648025812854902
157.5 0.7334321286352942
158.0 0.7745399698352942
158.5 0.7238642872862746
159.0 0.43279022595294125
159.5 0.22208658258705885
160.0 0.29347511485882355
160.5 0.5044130927254903
161.0 0.5644377954627452
161.5 0.6689183667254902
162.0 0.6104798233294119
162.5 0.631262044337255
163.0 0.6100988129176471
163.5 0.5391663468745099
164.0 0.5698211718705882
164.5 0.41384983261568625
165.0 0.43305796091764703
165.5 0.48799152093333337
166.0 0.48650081814901963
166.5 0.4064138087686275
167.0 0.4249122124039216
167.5 0.37361048402
168.0 0.7146825185568627
168.5 0.9075358269960785
169.0 0.9233436532509803
169.5 0.8252472402823529
170.0 0.7328921568627451
170.5 0.6598578520666666
171.0 0.7729856915725489
171.5 0.8883925999764705
172.0 0.9801239721686273
172.5 0.9752827690549021
173.0 0.9586417054705882
173.5 0.9510408432156864
174.0 1.1177027750980393
174.5 0.8753534043529411
175.0 0.7242734191607844
175.5 0.7623332718666668
176.0 0.7544854211098039
176.5 0.7457929434392158
177.0 0.7690646094509804
177.5 0.7619246074823529
178.0 0.5545349242901961
178.5 0.41006624872156866
179.0 0.36513503514627454
179.5 0.6060630281843138
180.0 0.7364586629960784
180.5 0.6830565167254902
181.0 0.5869986513137254
181.5 0.5792494130862745
182.0 0.628722589627451
182.5 0.6399382302156863
183.0 0.6857130727803922
183.5 0.6955899552784314
184.0 0.726668657309804
184.5 0.6651904246352941
185.0 0.6298553153450981
185.5 0.43061394021960786
186.0 0.5936325537960785
186.5 0.5178150743215687
187.0 0.6483697083058824
187.5 0.45008141981568633
188.0 0.5230406979215687
188.5 0.6100940659019608
189.0 0.658411717909804
189.5 0.4452435016901961
190.0 0.4003852364470588
190.5 0.47235754876470587
191.0 0.47064536661960793
191.5 0.5864935064941177
192.0 0.6993721204313726
192.5 0.39488594884313727
193.0 0.4794771241843137
193.5 0.41330503010980396
194.0 0.4167485805137255
194.5 0.4947854219176471
195.0 0.4463802754039215
195.5 0.49767172277647065
196.0 0.34249527959333337
196.5 0.39899305176470584
197.0 0.4505556378705882
197.5 0.3896018131537255
198.0 0.3636812144211765
198.5 0.5499291731882353
199.0 0.4982282554039215
199.5 0.4865331365529412
200.0 0.3113591908784314
200.5 0.3221034221419608
201.0 0.25880818542627454
201.5 0.671522656909804
202.0 0.19895951439137252
202.5 0.12004562085411767
203.0 0.1857753645047059
203.5 0.26796193555490194
204.0 0.1586735521654902
204.5 0.17583242556274511
205.0 0.19663723901215688
205.5 0.4750994521098039
206.0 0.42586430678431375
206.5 0.5543078803333333
207.0 0.6345312919686275
207.5 0.5889617675960784
208.0 0.4474412396039216
208.5 0.48177232845098034
209.0 0.49983995145490195
209.5 0.5325972508196078
210.0 0.5719711042313725
210.5 0.5486771610039215
211.0 0.5871403106705883
211.5 0.6310485933490196
212.0 0.6329394374156863
212.5 0.556739307572549
213.0 0.493251431545098
213.5 0.29568961913137254
214.0 0.37499443445490194
214.5 0.6465767808156863
215.0 0.6007202258352942
215.5 0.4536633489568627
216.0 0.38215544531058826
216.5 0.37352570251843137
217.0 0.46695107327843144
217.5 0.6476930147058825
218.0 0.6322746939137255
218.5 0.7090611059254902
219.0 0.8407702031333334
219.5 0.7796967172156862
220.0 0.7666287495137255
220.5 0.7901071554235294
221.0 0.8642320479607845
221.5 0.6655597341450981
222.0 0.7113725490196079
222.5 0.7260318954235294
223.0 0.7775627844274511
223.5 0.8652475954000001
224.0 1.0072862453529412
224.5 0.9568979292666667
225.0 0.905730469964706
225.5 0.8513165266117647
226.0 0.7612871086392157
226.5 0.7485290038352942
227.0 0.7425165633960784
227.5 0.6018492024901961
228.0 0.7893247273960785
228.5 0.740777507262745
229.0 0.6637569595725491
229.5 0.6434193821411766
230.0 0.3299456756207843
230.5 0.3157279154368628
231.0 0.6267881800588235
231.5 0.667728589717647
232.0 0.6463940242745098
232.5 0.6806841885686276
233.0 0.5861178592274511
233.5 0.4999361605098039
234.0 0.6219271874196078
234.5 0.5826155652823529
235.0 0.4459430237098039
235.5 0.35638166333921567
236.0 0.29223914088784314
236.5 0.25721726858666666
237.0 0.2908936633533334
237.5 0.13571048822196077
238.0 0.11778467957254901
238.5 0.15350132908039216
239.0 0.10594247643803922
239.5 0.1748503969062745
240.0 0.12964807741294118
240.5 0.20714166416156865
241.0 0.10824433099764708
241.5 0.39483155829019606
242.0 0.6206783838117648
242.5 0.6859852778313726
243.0 0.6826914073411765
243.5 0.6334123141372549
244.0 0.5762428842509805
244.5 0.8310209207411764
245.0 0.6572778255333334
245.5 0.6058414322235294
246.0 0.2928794749156863
246.5 0.22717916796352944
247.0 0.13883377741333333
247.5 0.2526761015372549
248.0 0.41434338576078433
248.5 0.5412781904588236
249.0 0.4751990887647059
249.5 0.5038384721921568
250.0 0.4530311796862745
250.5 0.4713018715803921
251.0 0.3564163537756863
251.5 0.4457819757490196
252.0 0.456818159627451
252.5 0.5624924255411764
253.0 0.6466431058392158
253.5 0.6886274509803921
254.0 0.6957742996313726
254.5 0.8280082254470589
255.0 0.6584327951254902
255.5 0.5749351944156863
256.0 0.6243961113843137
256.5 0.8547634069411765
257.0 0.737666271117647
257.5 0.6340113289764706
258.0 0.6347860187568628
258.5 0.6532210044980392
259.0 0.8067106304392158
259.5 0.8642987386039217
260.0 0.7452723311529411
260.5 0.6987179154235293
261.0 0.6944209673843137
261.5 0.6773456847294117
262.0 0.7154823529411765
262.5 0.6912408462901961
263.0 0.6964705882352941
263.5 0.7133483232980393
264.0 0.7143713956156863
264.5 0.6925650260117647
265.0 0.6093744164313725
265.5 0.7437124781254902
266.0 0.7248810925843138
266.5 0.7322516624039216
267.0 0.826309334545098
267.5 0.7565338393411766
268.0 0.7707701293294118
268.5 0.7814336226274511
269.0 0.7559879336352942
269.5 0.39357309763137255
270.0 0.16850718954235297
270.5 0.1530562846752941
271.0 0.16051589948862746
271.5 0.49685734698823536
272.0 0.3076089716462745
272.5 0.15354373689999998
273.0 0.42738895206666666
273.5 0.6633972039843138
274.0 0.7372817543568627
274.5 0.8076833488039217
275.0 0.9785856333058823
275.5 0.9072740246039216
276.0 0.849010402282353
276.5 0.6397407227372549
277.0 0.7190319553529413
277.5 0.7940380288313725
278.0 0.8148744410039216
278.5 0.7222834967333333
279.0 0.31369397439333335
279.5 0.3038725957494118
280.0 0.4608510389215686
280.5 0.36934545246666667
281.0 0.5571235707411765
281.5 0.885030760372549
282.0 0.6281925794666666
282.5 0.6959471637568627
283.0 0.6767563306745098
283.5 0.7528794888745098
284.0 0.7321066912392157
284.5 0.6680411193607844
285.0 0.6841663190117647
285.5 0.8072261437921568
286.0 0.9422267888235294
286.5 0.971389119027451
287.0 0.9782924408862747
287.5 0.9045247866588236
288.0 1.006936592819608
288.5 0.9990337782156863
289.0 0.9925274725294119
289.5 0.910925964690196
290.0 0.7816578028470588
290.5 0.5572549019607843
291.0 0.7405048456156863
291.5 0.7293100158980392
292.0 0.692320928372549
292.5 0.7230727298
293.0 0.5806795463294118
293.5 0.6539088943568627
294.0 0.4427389125999999
294.5 0.6585049773764706
295.0 0.6944227165960785
295.5 0.7363047983411765
296.0 0.7886159169568628
296.5 0.8050110419607844
297.0 0.7492932956156864
297.5 0.5994326900705883
298.0 0.4340886727764706
298.5 0.45100905967058824
299.0 0.33403311025019605
299.5 0.3865434017835294
300.0 0.7216555634313725
300.5 0.38206490766
301.0 0.2958165287447059
301.5 0.1895249394219608
302.0 0.5178981546627451
302.5 0.5117263163019607
303.0 0.5434152178745099
303.5 0.4920794984666666
304.0 0.5529187675058823
304.5 0.5849501767921569
305.0 0.6259166569215687
305.5 0.5213976778745099
306.0 0.6218763738666667
306.5 0.5891850805490196
307.0 0.6739161795803922
307.5 0.6756459432784315
308.0 0.7893176959254903
308.5 0.7219780415960785
309.0 0.7017339484823529
309.5 0.7550559833960785
310.0 0.8019802261882353
310.5 0.6018972505215686
311.0 0.8604337015686275
311.5 0.660534423427451
312.0 0.6438197454431372
312.5 0.5117636656784313
313.0 0.5957388515058823
313.5 0.3385511526788236
314.0 0.2939525943568628
314.5 0.37321009895294116
315.0 0.5000219665450981
315.5 0.3517425946400001
316.0 1.005795428152941
316.5 0.5088450704235294
317.0 0.3330776786968627
317.5 0.7557750941450981
318.0 0.8378811151450981
318.5 0.7002600170509804
319.0 0.6581578192235294
319.5 0.4181661077372549
320.0 0.14953542813411766
320.5 0.16066965263254904
321.0 0.2583064957827451
321.5 0.3300955562576471
322.0 0.5355406833372549
322.5 0.5174570560627451
323.0 0.32097132091254904
323.5 0.22920978216941176
324.0 0.36251682762666665
324.5 0.5473497786196079
325.0 0.5445473508549019
325.5 0.5050541615254902
326.0 0.45168230916862745
326.5 0.5744129684627451
327.0 0.5202936409568628
327.5 0.5093347269803922
328.0 0.5547656367294118
328.5 0.3333388180447059
329.0 0.6729478895686274
329.5 0.6992829260588236
330.0 0.5316615971529411
330.5 0.6513712576156863
331.0 0.2700486344929412
331.5 0.5750879320784313
332.0 0.5536348722745098
332.5 0.6050243612588236
333.0 0.4610129170156863
333.5 0.43049722475686275
334.0 0.5581366196588236
334.5 0.4082344409843137
335.0 0.22504803120156866
335.5 0.3701290112243137
336.0 0.5326633746274511
336.5 0.6301923537411764
337.0 0.542691418772549
337.5 0.5098559974588236
338.0 0.4466138763215686
338.5 0.3449712223196078
339.0 0.48176003080000007
339.5 0.5439630596274511
340.0 0.6090141934470589
340.5 0.5996946281490196
341.0 0.7154639540039215
341.5 0.5760713299411765
342.0 0.637800230682353
342.5 0.2616322079129412
343.0 0.1526056768317647
343.5 0.19303211958156863
344.0 0.3504960784313726
344.5 0.1828790306819608
345.0 0.2950074953529412
345.5 0.2137403734662745
346.0 0.2638849587941176
346.5 0.30216266134039216
347.0 0.34947728717411763
347.5 0.38105242936941175
348.0 0.44017747244705885
348.5 0.4377209853019608
349.0 0.559256965945098
349.5 0.5377525127686275
350.0 0.5846415943411765
350.5 0.546307892662745
351.0 0.6355010758941176
351.5 0.5723111471529412
352.0 0.7058252377686275
352.5 0.6787833215843136
353.0 0.6546416043137254
353.5 0.7113363499254902
354.0 0.7403003611098039
354.5 0.48871745419607837
355.0 0.6590036050313725
355.5 0.7453962080705883
356.0 0.7523088299019608
356.5 0.8268468919490196
357.0 0.8079925303450981
357.5 0.7354518819019608
358.0 0.7011916999803921
358.5 0.8055177480823529
359.0 0.7136350947176471
359.5 0.903013154627451
360.0 0.6897808535176471
360.5 0.6235145624509805
361.0 0.7422267453686274
361.5 0.6817001020078431
362.0 0.5894052984901962
362.5 0.5788414907960785
363.0 0.5587563236235294
363.5 0.5518654434235295
364.0 0.46241056784313733
364.5 0.4734662791882353
365.0 0.7505941323882354
365.5 0.6792857925294119
366.0 0.48097666812549017
366.5 0.48032947007843135
367.0 0.5486893704862745
367.5 0.6163628914235294
368.0 0.5620353966666667
368.5 0.5598737327764706
369.0 0.3757700361698039
369.5 0.37436811314705887
370.0 0.3232403269317647
370.5 0.3355653929243137
371.0 0.2616574176839216
371.5 0.24258114545254902
372.0 0.29902659750588234
372.5 0.37381379670509807
373.0 0.4073488430745098
373.5 0.39948239245490197
374.0 0.44805547884313723
374.5 0.4176657905058823
375.0 0.4039206133137256
375.5 0.43199521990196077
376.0 0.472290921654902
376.5 0.4120453530431372
377.0 0.3623870193239216
377.5 0.24026762386156864
378.0 0.19459047258901963
378.5 0.2568689698101961
379.0 0.41610031644705886
379.5 0.3503509803921569
380.0 0.21387428184156865
380.5 0.1674602972937255
381.0 0.246036878327451
381.5 0.2521731037690196
382.0 0.2549503945003922
382.5 0.2576118266721569
383.0 0.2004816811721569
383.5 0.19109802467529413
384.0 0.15891914362901963
384.5 0.12960353577921568
385.0 0.12017121039843137
385.5 0.1692616126662745
386.0 0.2556877202494117
386.5 0.2822273686376471
387.0 0.22358823529411767
387.5 0.18415764902470588
388.0 0.21172051919372548
388.5 0.1877719864317647
389.0 0.1533614992956863
389.5 0.15116118607803922
390.0 0.11190959986980394
390.5 0.16045537049686276
391.0 0.18532116294784315
391.5 0.22515759672862745
392.0 0.16176426126000001
392.5 0.22992695117254905
393.0 0.3002585667501961
393.5 0.49884541723529413
394.0 0.3795144574321569
394.5 0.16898689175333334
395.0 0.26818120351607844
395.5 0.2433664662576471
396.0 0.27406858839137255
396.5 0.48788494308627456
397.0 0.7181681800235294
397.5 0.4932658493607844
398.0 0.6366642544549019
398.5 0.5011764705882353
399.0 0.44799284956078433
399.5 0.48692056309803927
400.0 0.34311418685137257
400.5 0.3022920100286275
401.0 0.42586430678431375
401.5 0.4351906549843137
402.0 0.33046932922980393
402.5 0.2285288506854902
403.0 0.26505102313411766
403.5 0.2045164133070588
404.0 0.18994285549568626
404.5 0.28289210759686273
405.0 0.23912167762313727
405.5 0.32805118679058826
406.0 0.35809745680431376
406.5 0.3427688300411765
407.0 0.34496155441019605
407.5 0.35354977926039216
408.0 0.3662116410294118
408.5 0.3654240615878432
409.0 0.3894500022231373
409.5 0.3286209824137255
410.0 0.351674483005098
410.5 0.37508657348941177
411.0 0.2297361320192157
411.5 0.13801275053294118
412.0 0.3459669407007843
412.5 0.33211699902784314
413.0 0.24189404544941182
413.5 0.24805654607960784
414.0 0.17718601121333333
414.5 0.2711654592870588
415.0 0.21941042679372547
415.5 0.13136308279764705
416.0 0.2917123947372549
416.5 0.28382151214392154
417.0 0.2706719307713726
417.5 0.3142088410666667
418.0 0.3849211514392157
418.5 0.17284824019764708
419.0 0.3079090909090196
419.5 0.3794962136078432
420.0 0.46925180598431376
420.5 0.35480141996039216
421.0 0.4593505994196079
421.5 0.43770430800000004
422.0 0.48419233527450983
422.5 0.20874949816117647
423.0 0.5227402406039215
423.5 0.47060420096862754
424.0 0.5696880924549019
424.5 0.5503710407254903
425.0 0.4538536254509804
425.5 0.38904216179647055
426.0 0.339112245132549
426.5 0.5237439881607844
427.0 0.6589453645529412
427.5 0.6682434853843137
428.0 0.5134318371882353
428.5 0.49776567066666666
429.0 0.5191673315450981
429.5 0.5712120577764705
430.0 0.5571879896666666
430.5 0.6176674523176471
431.0 0.5403111572078432
431.5 0.5904085989843137
432.0 0.47511873553333334
432.5 0.5123529411764706
433.0 0.4448269982666666
433.5 0.6365432098784315
434.0 0.5262597114313726
434.5 0.6266622455058825
435.0 0.5258771884509804
435.5 0.6546011136627451
436.0 0.6004770568039216
436.5 0.7148471781529412
437.0 0.6014479638
437.5 0.6848476571372549
438.0 0.6479181443882353
438.5 0.6785711658039216
439.0 0.7740862745098038
439.5 0.5074767756
440.0 0.8166954044901962
440.5 0.5453758489686275
441.0 0.7120843716196079
441.5 0.6101152787921569
442.0 0.6565650935960784
442.5 0.7816966989333333
443.0 0.7856464508274511
443.5 0.633533328109804
444.0 0.7544333359176472
444.5 0.7199604197607843
445.0 0.7131587602784313
445.5 0.8004428517333334
446.0 0.7836991170745099
446.5 0.6528448492313725
447.0 0.4553067678666667
447.5 0.625059077627451
448.0 0.6209431875333333
448.5 0.5955011995607844
449.0 0.5089935605254902
449.5 0.5555615149921569
450.0 0.5762157900196079
450.5 0.401137341854902
451.0 0.48366566154509805
451.5 0.3174692442882353
452.0 0.17030618501568628
452.5 0.2606716290901961
453.0 0.6206196995254901
453.5 0.608490404427451
454.0 0.6057120221843136
454.5 0.5521664372784314
455.0 0.6628950253686275
455.5 0.6880852514901962
456.0 0.6319388985647059
456.5 0.6971061747215686
457.0 0.9033868092705882
457.5 0.7742771544862745
458.0 0.7083215275647059
458.5 0.7703401999960784
459.0 0.8233433034235293
459.5 0.8032115094549019
460.0 0.7732243350509803
460.5 0.524197343454902
461.0 0.4398415325215686
461.5 0.4358640847647059
462.0 0.31258147660235297
462.5 0.5494739919411765
463.0 0.530398185627451
463.5 0.33282161274117644
464.0 0.2804616353082353
464.5 0.23381179790117648
465.0 0.5063655111450981
465.5 0.5777986520784314
466.0 0.47225384363921563
466.5 0.5538076024627451
467.0 0.5970455550627451
467.5 0.6007764469882353
468.0 0.5190700399686276
468.5 0.6256313051529413
469.0 0.6145475740823529
469.5 0.6701848739490196
470.0 0.6725783994392157
470.5 0.7810742542627452
471.0 0.7291903858313726
471.5 0.7015887684392156
472.0 0.712748280337255
472.5 0.8566968120588235
473.0 0.6006186612588236
473.5 0.8133632338549021
474.0 0.8120446854862745
474.5 0.6362522014784314
475.0 0.5995537787921569
475.5 0.5197353443960785
476.0 0.5351895718901961
476.5 0.26984679640000003
477.0 0.3442096483039216
477.5 0.4094059549764706
478.0 0.5360179494666667
478.5 0.40304526020784315
479.0 1.010439145027451
479.5 0.3009654906247059
480.0 0.6496124645137255
480.5 0.851205072537255
481.0 0.777082597745098
481.5 0.6803317134509804
482.0 0.5720016006392158
482.5 0.22081262026313728
483.0 0.12695644994823532
483.5 0.2766054434803922
484.0 0.25892021022470585
484.5 0.4670988979529412
485.0 0.5561502885764705
485.5 0.3187790050517647
486.0 0.22654565826313725
486.5 0.3971224516313725
487.0 0.5274826120941177
487.5 0.44021267229019606
488.0 0.546193642254902
488.5 0.46159929529411764
489.0 0.5765610050980393
489.5 0.5845444059960784
490.0 0.47222944704705877
490.5 0.5744773323333333
491.0 0.3557967344380392
491.5 0.6370787528117647
492.0 0.6719937876156864
492.5 0.6935968967529412
493.0 0.4569281676039216
493.5 0.5187874486156863
494.0 0.7100247991254903
494.5 0.48787412837647054
495.0 0.45338846962352947
495.5 0.4979545852705882
496.0 0.5053086676352941
496.5 0.23341735308666667
497.0 0.3146954234827451
497.5 0.534001657
498.0 0.6259485397529413
498.5 0.5076230661058824
499.0 0.49207604132156857
499.5 0.43089101687058823
500.0 0.3638967907941177
500.5 0.5003792463490196
501.0 0.6073646977019608
501.5 0.5729872614235294
502.0 0.663080440654902
502.5 0.6382737824666667
503.0 0.6004790509647059
503.5 0.570470711945098
504.0 0.2700300957592157
504.5 0.18687769968862744
505.0 0.3646046073321569
505.5 0.3843959432047059
506.0 0.35857383677450977
506.5 0.38594932804588233
507.0 0.38755301269450976
507.5 0.5418347739333333
508.0 0.33009220578823534
508.5 0.35352200325960786
509.0 0.4458627450980392
509.5 0.3153765760584314
510.0 0.29889600724784315
510.5 0.43334046345882354
511.0 0.37409712179882354
511.5 0.4769834087490196
512.0 0.4520312089058824
512.5 0.4750994521098039
513.0 0.6233506044901961
513.5 0.9648094709568628
514.0 0.635983308654902
514.5 0.7860552725019607
515.0 0.7313813946627451
515.5 0.7505963210039216
516.0 0.8895602578392157
516.5 1.0088804554078432
517.0 0.9515279660235295
517.5 0.8299563980039216
518.0 0.6798466755137255
518.5 0.7156421644156863
519.0 0.703092823337255
519.5 0.5652353293215686
520.0 0.5781889187215686
520.5 0.702169272772549
521.0 0.8063260609411765
521.5 0.8355500732392157
522.0 0.6786158155568627
522.5 0.8362078560784315
523.0 0.8843560026235294
523.5 0.7986260836274509
524.0 0.7335997240588236
524.5 0.8974799012980393
525.0 0.8523703152156862
525.5 0.7007192105607843
526.0 0.6620941269058823
526.5 0.7388803789960785
527.0 0.7842882193529412
527.5 0.9459681372549019
528.0 0.9912860703254901
528.5 0.6993016725058824
529.0 0.7753272041882354
529.5 0.8377291101058825
530.0 0.9230252100823529
530.5 1.0576959039843137
531.0 0.8740645161294117
531.5 0.9480377632549021
532.0 1.1276881345411764
532.5 0.9815178777411765
533.0 0.9456722432078432
533.5 0.9689217446392157
534.0 0.867060076427451
534.5 0.6436442859960785
535.0 0.5562727867960785
535.5 0.7949030844431374
536.0 0.894208960090196
536.5 0.9514392991254902
537.0 0.9555123792039214
537.5 1.0548882008941176
538.0 0.828833080509804
538.5 0.7360190136666667
539.0 0.6997048716392157
539.5 0.7209500138078432
540.0 0.8114915179568628
540.5 0.9271053326980393
541.0 1.1257879836431373
541.5 1.0525284474431373
542.0 1.0381410028784315
542.5 1.1537005120509805
543.0 1.2327789046666666
543.5 1.2784186194784313
544.0 1.2874509803921568
544.5 1.2825071508509804
545.0 1.2414209533176472
545.5 1.2213874788509804
546.0 1.004286126890196
546.5 1.035101325447059
547.0 1.158557287517647
547.5 1.0414745769843137
548.0 0.990582899827451
548.5 0.8880318037882354
549.0 0.9656180002000001
549.5 1.0196620672941177
550.0 0.9574458600627452
550.5 0.9696472690941177
551.0 0.9860971649803921
551.5 1.0323894621137255
552.0 1.0745258649529412
552.5 1.1059010270784313
553.0 1.1183744465529413
553.5 1.1803948520980392
554.0 0.9375363321803921
554.5 0.9515260279764705
555.0 1.156945115945098
555.5 0.9789784555803922
556.0 0.7524505939019607
556.5 0.7013327245529412
557.0 1.1146851211058824
557.5 1.1971067538117648
558.0 1.3709723684862745
558.5 1.3257534881568627
559.0 1.2425866418784315
559.5 1.1885106896980393
560.0 1.14230114687451
560.5 1.0161849355137254
561.0 0.9662854984392156
561.5 0.9265480473176471
562.0 1.0178017225568627
562.5 1.0259713110196078
563.0 0.972872500882353
563.5 0.9961764705882352
564.0 1.00775667747451
564.5 1.029982303392157
565.0 0.9449888952352942
565.5 0.8963328218235294
566.0 0.9162808349137256
566.5 0.5067970194627451
567.0 0.5955213487254902
567.5 0.6956466278823529
568.0 0.909577627772549
568.5 0.939114650227451
569.0 0.9033868092705882
569.5 0.8852879754313726
570.0 0.8617159985019608
570.5 1.0405134715764706
571.0 1.0560272804784314
571.5 1.036204161054902
572.0 1.036183218227451
572.5 1.4254489164078432
573.0 1.3409593701019606
573.5 1.3495022624431374
574.0 0.937288106482353
574.5 0.9960542054666668
575.0 1.0190209867333333
575.5 0.9326240409215686
576.0 0.8423865546235295
576.5 0.7933118312588235
577.0 0.8056120615568628
577.5 0.8688129073019609
578.0 0.9045614035098039
578.5 0.9513470132235295
579.0 1.077227542180392
579.5 0.9755278789058823
580.0 0.9688618076705883
580.5 1.142083813917647
581.0 1.1043472431725492
581.5 1.0463853050509806
582.0 1.1600088125137256
582.5 1.1963478980862745
583.0 1.3495463857176473
583.5 1.3620286355019608
584.0 1.2858364246588236
584.5 1.2132411500235294
585.0 0.7917245989294118
585.5 0.958054793592157
586.0 1.1885636746039216
586.5 1.2028768035529411
587.0 1.230160143737255
587.5 0.795513282235294
588.0 0.8077818835529412
588.5 0.8433209159960784
589.0 0.9395670642588235
589.5 1.0003584420196079
590.0 0.9271911174117647
590.5 0.6642505527607844
591.0 0.8420326208549019
591.5 0.8290148830627451
592.0 0.7556197204745098
592.5 0.7474316146196078
593.0 0.9155725656588235
593.5 0.7193598691098039
594.0 0.8135871823333334
594.5 0.8985543260196079
595.0 0.983222506392157
595.5 0.9405460412000001
596.0 0.9998523985254901
596.5 1.0555472003215687
597.0 0.8874186564196078
597.5 0.9932026143803921
598.0 1.1377292992235295
598.5 1.1482753441803921
599.0 1.1451046578980393
599.5 0.8669494464470588
600.0 0.8296702901333334
600.5 0.8017953077176472
601.0 0.795036062482353
601.5 0.6674275680431373
602.0 0.6383918502235294
602.5 0.6893727988
603.0 0.7523088299019608
603.5 0.7866761927450981
604.0 0.7712655971490197
604.5 0.8502898833960786
605.0 0.9015321856901961
605.5 0.8740942272705884
606.0 0.8977499059333334
606.5 0.9106983729647059
607.0 0.9347030406352942
607.5 1.1356174319254904
608.0 1.033751948972549
608.5 0.9491679488705883
609.0 1.0531661399411765
609.5 1.1151211072666667
610.0 1.262551522737255
610.5 1.2244953350313725
611.0 1.1938109407176472
611.5 1.0751439299137255
612.0 1.0186634653843136
612.5 0.9517977053843137
613.0 0.9643422932078431
613.5 0.9863254003882352
614.0 0.7638470747882353
614.5 0.8445053931607843
615.0 0.8668946521568629
615.5 0.851008073819608
616.0 0.9881952440549021
616.5 1.123841284545098
617.0 1.0819109224431374
617.5 1.1080996374705883
618.0 1.1929327429882353
618.5 1.2311645231568626
619.0 1.3859232736588236
619.5 1.3083482884666666
620.0 1.170304759317647
620.5 1.1168627450980393
621.0 1.0545394142941176
621.5 0.9803439350431372
622.0 1.0018695574901961
622.5 1.0795551888078432
623.0 0.8109685265921569
623.5 0.8694476364196079
624.0 0.9812226066901961
624.5 0.9928039552
625.0 1.0283135589686274
625.5 1.0934287228392157
626.0 1.0925723160549021
626.5 1.0863596291215687
627.0 1.0121262482705882
627.5 0.9657274440039215
628.0 0.9480464083568628
628.5 1.1408842105254902
629.0 1.1556216527254903
629.5 1.1912530189529411
630.0 1.2723379896627451
630.5 1.3181365026823528
631.0 1.4277497665725492
631.5 1.4870674187490198
632.0 1.345029748047059
632.5 1.18768936467451
633.0 1.302446837890196
633.5 1.3741677629529414
634.0 1.3654243376745099
634.5 1.098339341717647
635.0 1.2526797385607844
635.5 1.428458000482353
636.0 1.4500673105058823
636.5 1.3178907291058823
637.0 1.3470381836941179
637.5 1.2334055140078433
638.0 1.0567007017843137
638.5 0.9791737346117647
639.0 0.7916675128745098
639.5 0.7000760901372548
640.0 1.0306172426313724
640.5 1.005484370937255
641.0 1.039142230909804
641.5 1.1288061819921569
642.0 1.1323498288196079
642.5 1.154264157564706
643.0 1.0485150818666666
643.5 1.0362489343568628
644.0 0.8917513621686276
644.5 0.9151759981098041
645.0 1.0661263310235294
645.5 1.1499984800117649
646.0 1.119131782945098
646.5 1.0899091004078432
647.0 1.0069735720392157
647.5 1.00162895927451
648.0 1.0642639550352941
648.5 1.1010637903568627
649.0 1.1459745228470588
649.5 1.1327068292117646
650.0 1.1376394965686274
650.5 1.083995225917647
651.0 1.162953155537255
651.5 1.1084767654078431
652.0 1.1150612745098039
652.5 0.9370121381882353
653.0 0.7614400514313725
653.5 0.7386334560470589
654.0 0.7914629077450982
654.5 0.7036696532901962
655.0 0.9456973846196078
655.5 0.9936116878117648
656.0 1.052618427901961
656.5 1.1140367742431372
657.0 1.1709075509254903
657.5 1.1090930552823528
658.0 1.1038894246235296
658.5 1.0699604712156863
659.0 1.0233462144
659.5 0.9918304186549021
660.0 1.0335798319333334
660.5 1.0069348986980393
661.0 0.9632586367882353
661.5 0.9995453253764707
662.0 0.9921443692509805
662.5 0.9846725525647059
663.0 0.5817136372235295
663.5 0.5519267391254902
664.0 0.5017777777764706
664.5 0.7323896883490196
665.0 0.4583214426313726
665.5 0.44343442464313726
666.0 0.3781301339317647
666.5 0.6371775817764705
667.0 0.797033198007843
667.5 0.9102969187686275
668.0 0.9606045999568628
668.5 0.8076307903058823
669.0 0.6556623625058824
669.5 0.6434193821411766
670.0 0.9324733751372549
670.5 0.8658522352941178
671.0 0.8673545580156863
671.5 0.8832228164
672.0 0.870145801909804
672.5 0.8531241830078433
673.0 0.7558194254431373
673.5 0.6620906225803921
674.0 0.7124275903254902
674.5 0.5666746274862745
675.0 0.8834864356705884
675.5 0.8656199779803923
676.0 0.8171563025215688
676.5 0.7823158716235294
677.0 0.8668714161843137
677.5 0.7727718246549019
678.0 0.6630158834470589
678.5 0.7711965811960785
679.0 0.9411331649215686
679.5 0.7906819513019608
680.0 0.773868369054902
680.5 0.8215686274509805
681.0 0.8417091692156862
681.5 0.7425783186823529
682.0 0.6790775562352942
682.5 0.8065686274509805
683.0 0.8288527325843137
683.5 0.7457287244784313
684.0 0.8293781512588234
684.5 0.8729531690352941
685.0 0.9112476944470589
685.5 0.8628082316509804
686.0 0.8735649220313726
686.5 0.894517973854902
687.0 0.801917869035294
687.5 0.8168523705764708
688.0 0.869197188309804
688.5 0.9310832278117647
689.0 0.9250644619725491
689.5 0.9629310765176471
690.0 1.0266836641764707
690.5 0.9038557704980393
691.0 0.8659938547294118
691.5 0.8259112304705881
692.0 0.8587611269137256
692.5 0.9129411764705883
693.0 0.9207902780901961
693.5 0.8406620830156863
694.0 0.7631383397058823
694.5 0.9159502755333334
695.0 0.9776012954549022
695.5 0.8956086196862745
696.0 0.8911920510313727
696.5 0.8883934426235295
697.0 0.8575215949019609
697.5 0.9606232257215687
698.0 0.971719030372549
698.5 0.9724365519803922
699.0 0.9178391356549019
699.5 0.9016272555529413
700.0 0.9151997747019607
700.5 0.9548090970941178
701.0 0.9080889573490195
701.5 0.8223986803137254
702.0 0.7810942717686276
702.5 0.7058492023137255
703.0 0.516371800627451
703.5 0.4056980997176471
704.0 0.471623834
704.5 0.4779674123176471
705.0 0.4748372076117647
705.5 0.5301832837529411
706.0 0.5408114440745099
706.5 0.6758341988470589
707.0 0.5961396034745098
707.5 0.666609920454902
708.0 0.6213755759607843
708.5 0.7828595963921569
709.0 0.7009457215294118
709.5 0.607676862745098
710.0 0.5827337966901961
710.5 0.5080472737058824
711.0 0.18360422230705883
711.5 0.3718901960784314
712.0 0.663304787309804
712.5 0.4974868086784314
713.0 0.36188141923450984
713.5 0.36888077586941176
714.0 0.3772514670101961
714.5 0.3428473167584314
715.0 0.29497366946784315
715.5 0.4461684000745098
716.0 0.5590083947019608
716.5 0.5602554459647059
717.0 0.5111113451647059
717.5 0.5451706985843138
718.0 0.5699121857333334
718.5 0.5079796020980393
719.0 0.6372818218196079
719.5 0.5864992694392157
720.0 0.6256741561882353
720.5 0.5954664639058824
721.0 0.7165414599568628
721.5 0.6566684655529412
722.0 0.5503859858666668
722.5 0.4111826702156863
723.0 0.5773826786862745
723.5 0.5414648445254903
724.0 0.5710730402156864
724.5 0.5101630049607844
725.0 0.5374231252392158
725.5 0.5019022655686275
726.0 0.5014018620627451
726.5 0.5085244420352941
727.0 0.5463563047058824
727.5 0.5660331825019608
728.0 0.5471157495254902
728.5 0.5804932598039216
729.0 0.558680412372549
729.5 0.457089635854902
730.0 0.22022778698509804
730.5 0.19974434453529413
731.0 0.33315537979882354
731.5 0.25822459893058824
732.0 0.1803853798082353
732.5 0.1031706687937255
733.0 0.15324096620000002
733.5 0.14943236007019609
734.0 0.11339691795529412
734.5 0.1875957826811765
735.0 0.10136419086862747
735.5 0.16488654694039218
736.0 0.3338289037486275
736.5 0.3715277621564706
737.0 0.3834540821980392
737.5 0.34539440607568633
738.0 0.4236092597960785
738.5 0.5265435476509804
739.0 0.3533830797556863
739.5 0.38540561322549016
740.0 0.5167320261450981
740.5 0.4112717846470588
741.0 0.46871975962745105
741.5 0.28747112704117644
742.0 0.15256559510941178
742.5 0.5564058175803922
743.0 1.0221401325019608
743.5 0.9865489400627451
744.0 0.9129510111254903
744.5 0.8309236492039216
745.0 0.7144102717215687
745.5 0.8639396176862745
746.0 0.8729653429999998
746.5 0.8996975904784313
747.0 0.6541574150784314
747.5 0.5569867049254902
748.0 0.6565924471960785
748.5 0.41939361749019605
749.0 0.43541108751372554
749.5 0.5469664043960785
750.0 0.5439630596274511
750.5 0.7248126668509803
751.0 0.7452087658588235
751.5 0.8332461110549021
752.0 0.8919235233019607
752.5 0.9461259966470589
753.0 1.0266836641764707
753.5 0.9884367692039217
754.0 0.9572324929960785
754.5 0.8271293886274509
755.0 0.8601029411764706
755.5 0.901564962435294
756.0 0.9552972115882352
756.5 0.9300428217254902
757.0 0.8284519813921568
757.5 0.7575156332784315
758.0 0.8151555712117647
758.5 0.6967122253254902
759.0 0.8267386620862746
759.5 0.9311340206196078
760.0 1.0447763105254901
760.5 0.7001352099137255
761.0 0.7070255898980392
761.5 0.8407689601137255
762.0 0.9706644096470588
762.5 0.8274079387843137
763.0 0.8927605508039216
763.5 0.9476623224156863
764.0 0.8863296372862745
764.5 0.8905062314784313
765.0 0.8899034240549021
765.5 0.883159879337255
766.0 0.903435136992157
766.5 0.9546625250745097
767.0 0.19990639877333335
767.5 1.1406953369568629
768.0 1.158087126254902
768.5 1.0413945270431373
769.0 1.2218688398980393
769.5 1.3116657504117648
770.0 1.4235972349019608
770.5 1.4699603374117647
771.0 1.2622367971568629
771.5 1.296093833301961
772.0 0.9868963819843138
772.5 0.6396598555215687
773.0 0.7649758919960785
773.5 0.8117636329490195
774.0 0.8340150202196078
774.5 0.9077201531490195
775.0 0.9485484842392157
775.5 0.9645315904156863
776.0 0.9688618076705883
776.5 0.9440238980509804
777.0 0.9535692062784314
777.5 1.1349905123333335
778.0 1.0838927487019607
778.5 0.9316849849058824
779.0 0.8590936612156863
779.5 0.8459959284274511
780.0 0.9374570977803921
780.5 0.9440362171843137
781.0 0.9495300130274509
781.5 0.9245228758156864
782.0 1.0377489485215687
782.5 1.1283623112980392
783.0 1.0207279209215687
783.5 0.9897303921568628
784.0 0.9202776197529413
784.5 0.9543581699333333
785.0 0.9663639858784315
785.5 0.8524905489176472
786.0 0.7492323215803922
786.5 0.9009246992901961
787.0 0.9652215585019608
787.5 0.7582174688039216
788.0 0.9043823529411766
788.5 0.9002522049725491
789.0 0.8585010662078432
789.5 1.1916825477490196
790.0 0.730849502772549
790.5 0.570779792
791.0 0.8112687945137255
791.5 0.9346306572941177
792.0 0.736304347827451
792.5 0.7863907713607844
793.0 0.8619489366745099
793.5 0.965294441745098
794.0 0.7447852204470587
794.5 0.8818454440588236
795.0 0.9262450645803922
795.5 0.7665658263294118
796.0 0.8418064246980391
796.5 0.934078035254902
797.0 1.0168191721137256
797.5 1.0339340360431373
798.0 1.0587738034705885
798.5 0.879931133427451
799.0 0.8927862503019609
799.5 0.943247668
800.0 0.9171807101215687
800.5 0.7549771531019608
801.0 0.815564248282353
801.5 1.511894850247059
802.0 1.1535471394039216
802.5 0.7652471429568628
803.0 0.8202799339137256
803.5 0.964745568
804.0 0.9794681708313725
804.5 0.9646962588705882
805.0 0.8962785586196079
805.5 0.9613722382784314
806.0 1.16581378327451
806.5 1.0416161616156863
807.0 1.004286126890196
807.5 1.0312605042
808.0 0.8980121703843137
808.5 0.8174262646235294
809.0 0.7623857920117647
809.5 0.8417500159686275
810.0 0.716228109564706
810.5 0.6617998994470589
811.0 0.6910169123098039
811.5 0.7931544547647058
812.0 0.6984237063254902
812.5 0.6812784875294118
813.0 0.8177560478745098
813.5 1.0886213235294118
814.0 0.9370164281921568
814.5 0.925862269435294
815.0 1.0468385975098038
815.5 1.0074068387568629
816.0 0.9689138829529412
816.5 0.9974497471960784
817.0 1.1011825037725491
817.5 1.2265389051529414
818.0 1.054431871317647
818.5 1.0260915032666666
819.0 1.1098347744901962
819.5 1.1017558457568628
820.0 1.0943655712784313
820.5 1.1812340936392156
821.0 1.2108392156862744
821.5 0.8121829409294118
822.0 0.8284519813921568
822.5 0.8983358471607844
823.0 1.0065137182431372
823.5 0.5749351944156863
824.0 0.5634361118862745
824.5 0.4712347826078432
825.0 0.6496705484235294
825.5 0.7628478557215687
826.0 0.8613615593725489
826.5 0.9491553822274509
827.0 1.0106543291490195
827.5 0.8520872964588236
828.0 0.8481967961882354
828.5 0.9082330435764706
829.0 1.2167595459254903
829.5 0.9665494602352941
830.0 0.6504385026745099
830.5 0.7168673362039216
831.0 0.6107874120313725
831.5 0.6378450829058824
832.0 0.6914911729803922
832.5 0.5408077493960785
833.0 0.545708432627451
833.5 0.6735800060941176
834.0 0.6717892156862745
834.5 0.6049492900627452
835.0 0.6319314497450981
835.5 0.7689360334313725
836.0 0.686102198454902
836.5 0.7138220612705882
837.0 0.3398677741988236
837.5 2.1780532714862746
838.0 2.189985134847059
838.5 0.8440956126392157
839.0 0.5926436781607843
839.5 0.6167023352039216
840.0 0.5983309060980393
840.5 0.7933432021803921
841.0 0.9612028210509805
841.5 0.8180656532274511
842.0 0.7854627808588236
842.5 0.7320615008039216
843.0 0.6769887496
843.5 0.5723574425176471
844.0 0.7091733948470589
844.5 0.5483491909176471
845.0 0.7039597688627451
845.5 0.8697129238431373
846.0 0.9033616169333333
846.5 0.8456001912941177
847.0 0.7024435622901962
847.5 0.7344754676078432
848.0 0.8114854036235295
848.5 0.8984786538745099
849.0 1.0016495356039217
849.5 0.9855678174901961
850.0 0.9910972506000001
850.5 0.9943592909411766
851.0 0.9848227407960785
851.5 0.9538259716705882
852.0 0.9855777249372549
852.5 0.9573319693098039
853.0 0.858760691219608
853.5 0.9534167052666668
854.0 1.0020275602509805
854.5 1.0969165399764707
855.0 0.9992184823999999
855.5 0.9437156353019608
856.0 0.8414555403568628
856.5 0.8938723278784314
857.0 0.9343448275843138
857.5 0.9921325429411766
858.0 0.8428511020352941
858.5 0.8145092569803922
859.0 0.6799358476901961
859.5 0.46127300150980394
860.0 0.516441111172549
860.5 0.4463802754039215
861.0 0.8683654751333334
861.5 0.942007390392157
862.0 0.979759703427451
862.5 0.8281045751647059
863.0 0.7726488113647059
863.5 0.7934862860117646
864.0 0.7703401999960784
864.5 0.7143713956156863
865.0 0.703330285482353
865.5 0.7089674651019608
866.0 0.8965582150117647
866.5 0.9743798255843137
867.0 0.9274112464352942
867.5 0.7946068724509804
868.0 0.7700836991529413
868.5 0.969911541592157
869.0 1.011809101
869.5 1.0232895240509805
870.0 0.4678035894862745
870.5 2.0990514960313726
871.0 2.096817016560784
871.5 1.499148494290196
872.0 1.1823098719254903
872.5 1.2297553357607842
873.0 1.2401120448196077
873.5 1.0153833558470589
874.0 1.009467495835294
874.5 0.9807106447882354
875.0 1.167957041737255
875.5 1.2706558069372549
876.0 1.3404242040901961
876.5 1.407309071490196
877.0 1.3620286355019608
877.5 1.2172950374196079
878.0 1.0969898203176471
878.5 0.944701894317647
879.0 1.208526635054902
879.5 1.2180670282313726
880.0 0.9868803496627452
880.5 1.0610659659058823
881.0 1.2329488096941177
881.5 1.2262462098235296
882.0 1.2157428916352941
882.5 1.202062519019608
883.0 1.1907318618666667
883.5 1.1839517345411765
884.0 1.17813229907451
884.5 1.2086071670039216
885.0 0.8601029411764706
885.5 0.5603143328980392
886.0 0.7250534225647058
886.5 0.8288217719882355
887.0 0.9512914131176472
887.5 0.6972158813764705
888.0 0.6513444037921569
888.5 0.7294876660352941
889.0 0.8467593989176471
889.5 1.2042666666666666
890.0 1.1635008912666667
890.5 1.1254638975921567
891.0 1.1774256799490195
891.5 1.2155456899725492
892.0 1.0686919044862746
892.5 1.026048408019608
893.0 0.8510288389137255
893.5 0.6486049501764707
894.0 0.7168505851960784
894.5 0.6092273509960785
895.0 0.5323529411764706
895.5 0.599827771109804
896.0 0.559625281345098
896.5 0.6399618254392158
897.0 0.6370787528117647
897.5 0.6226731426509804
898.0 0.427988720572549
898.5 0.918085742772549
899.0 0.9841375634666668
899.5 1.137958664545098
900.0 0.9332010943921568
900.5 0.7805689537529412
901.0 0.3110170724015687
901.5 0.5340932894901961
902.0 0.6128743899294118
902.5 0.5815601023019608
903.0 0.5512351265294118
903.5 0.5331301851137255
904.0 0.44641733488235297
904.5 0.15158626946941176
905.0 0.21921964745490197
905.5 0.3025565498019608
906.0 0.2801696013627451
906.5 0.26210602759607843
907.0 0.18322449194666668
907.5 0.4418516786666667
908.0 0.3805426414529412
908.5 0.4385650382784314
909.0 0.4782124344
909.5 0.5355798029058824
910.0 0.5207727050117646
910.5 0.49162278244705876
911.0 0.4310492772470588
911.5 0.5890528198235294
912.0 0.2672334664592157
912.5 0.4411988968705882
913.0 0.42631831879607845
913.5 0.45836687306666674
914.0 0.5671919483529412
914.5 0.5576215940941177
915.0 0.3863786096254902
915.5 0.34499463248980394
916.0 0.21264874560823532
916.5 0.3978123155607843
917.0 0.4881627467686274
917.5 0.49329408196470587
918.0 0.5267971779647059
918.5 0.5496918767490196
919.0 0.6182816563764706
919.5 0.5075056339294118
920.0 0.4344639955411765
920.5 0.5614012666156862
921.0 0.6265662176901962
921.5 0.6066633588784314
922.0 0.6475927460196078
922.5 0.6998271768117648
923.0 0.6739157445137255
923.5 0.5931571841843137
924.0 0.5602498567764705
924.5 0.5518533604901962
925.0 0.5663057435372549
925.5 0.6155449795882353
926.0 0.5447790459450981
926.5 0.43975373084313724
927.0 0.5747491073098039
927.5 0.5130242040117647
928.0 0.4973329507411765
928.5 0.6426786105294118
929.0 0.5118471890588235
929.5 0.6784140533176471
930.0 0.5864609450352941
930.5 0.6013003433764706
931.0 0.7342708915333334
931.5 0.702947132682353
932.0 0.6091191837254902
932.5 0.4882832557490196
933.0 0.43087079949803925
933.5 0.6410302819333333
934.0 0.7592849413490197
934.5 0.7491898681176471
935.0 0.6034232640431373
935.5 0.7308159751137255
936.0 0.9495726363921569
936.5 1.0166044047960783
937.0 0.8364121818941177
937.5 0.718294164
938.0 0.5701371074745099
938.5 0.7307872114352941
939.0 0.8702109704627451
939.5 0.9382550818509805
940.0 0.7806873760745098
940.5 0.7459204453882354
941.0 0.8299805929215687
941.5 0.8654721323882352
942.0 0.8599575870274508
942.5 0.8042218487411765
943.0 0.8242777190705882
943.5 0.8741896983215686
944.0 1.001879311282353
944.5 0.9903022701607843
945.0 0.7885516195411765
945.5 0.853214304690196
946.0 0.7666769156078431
946.5 0.7693671643411766
947.0 0.9184355667411764
947.5 0.7482684341333333
948.0 0.6884508273764706
948.5 0.9418995553607844
949.0 1.135521549909804
949.5 0.8919235233019607
950.0 0.8578009431607844
950.5 0.9060623593686273
951.0 1.210557391494118
951.5 1.1029839425490195
952.0 0.9346562091490195
952.5 0.8391248206588235
953.0 0.8600367100784315
953.5 0.8936082772588235
954.0 0.8204180024352943
954.5 0.9731023273490197
955.0 0.8207343610941177
955.5 0.593163313254902
956.0 0.6064120933294118
956.5 0.6619433163019608
957.0 0.7665063649215687
957.5 0.7130089027254902
958.0 0.6958660927803922
958.5 0.7019268476627452
959.0 0.5790914298313726
959.5 0.5285890418862745
960.0 0.43631801273725496
960.5 0.6201536186235295
961.0 0.6324060253490197
961.5 0.6741705382039216
962.0 0.6343871826
962.5 0.6576124567490197
963.0 0.7710273028431373
963.5 0.7621938690980392
964.0 0.6695896877254902
964.5 0.5488955356156863
965.0 0.4990542099176471
965.5 0.3036029121019608
966.0 0.8632200609333333
966.5 0.763498509282353
967.0 0.7739792387529412
967.5 0.7936246637098039
968.0 0.7456012694078432
968.5 0.944620497482353
969.0 0.722234105764706
969.5 0.4950015431137255
970.0 0.23255907491215685
970.5 0.6710463300352941
971.0 0.9509602815490196
971.5 0.6787400094039215
972.0 0.5420660985254901
972.5 0.5614640522862745
973.0 0.5381618307686274
973.5 0.6773936315490197
974.0 0.6656717086823529
974.5 0.8941773526
975.0 0.7198916804588236
975.5 0.6163628914235294
976.0 0.649267973854902
976.5 0.7306634977215687
977.0 0.5691810842
977.5 0.6788482432196078
978.0 0.7531963598823529
978.5 0.6772468015137255
979.0 0.6427737259450981
979.5 0.661839888172549
980.0 0.46705106658039214
980.5 0.6314318938196078
981.0 0.7452087658588235
981.5 0.6885434579058823
982.0 0.6224075021294118
982.5 0.5531940776313725
983.0 0.6672410936196078
983.5 0.5786230281568627
984.0 0.6667290996
984.5 0.6756550909529412
985.0 0.5543463064980392
985.5 0.7308140225803922
986.0 0.8153799432235295
986.5 0.834162118454902
987.0 0.8870563016196078
987.5 0.9631642072627451
988.0 1.0890478431372548
988.5 1.1031276901019609
989.0 1.0947055212509804
989.5 1.2015964523294118
990.0 1.3126676721960784
990.5 1.0685584196235294
991.0 0.9168024132745098
991.5 1.0496769298352941
992.0 0.9957369220745099
992.5 0.9374431914392157
993.0 0.9917631799803921
993.5 0.9548090970941178
994.0 0.9007181054235294
994.5 0.9170885070431374
995.0 0.9172850678745098
995.5 0.7392243658039216
996.0 0.8325502262431371
996.5 1.0078841292627452
997.0 1.222069305709804
997.5 1.190725834192157
998.0 1.1959684808509803
998.5 1.1524906132666668
999.0 0.9271053326980393
999.5 0.6589119027882353
1000.0 0.6350567289215686
1000.5 0.6377701834745099
1001.0 0.8676933192431373
1001.5 0.6579862865372549
1002.0 0.7030349785215687
1002.5 0.7410693448117648
1003.0 0.678552441109804
1003.5 0.6645008014392157
1004.0 0.8717874396117646
1004.5 0.960279849027451
1005.0 1.0274480808941175
1005.5 1.0950166684588234
1006.0 1.0665978672156862
1006.5 1.029086122082353
1007.0 0.8282604323764707
1007.5 0.9672771376588236
1008.0 1.0047764896705884
1008.5 1.0319490975215688
1009.0 0.9936220642117647
1009.5 0.8983593127764706
1010.0 0.6878450271686275
1010.5 0.4440565281137255
1011.0 0.4491330520941177
1011.5 0.22931530611411763
1012.0 0.9898988529137256
1012.5 0.9146695923725491
1013.0 0.4484679681607843
1013.5 0.5123781201058824
1014.0 0.48450461243529414
1014.5 0.637655792827451
1015.0 0.8497338496509804
1015.5 0.8127912341411765
1016.0 0.7471540072352941
1016.5 0.7414248908431372
1017.0 0.8332744806705882
1017.5 0.5944555964941177
1018.0 0.4231028551764706
1018.5 0.8774197215137255
1019.0 0.39590813695686283
1019.5 0.4582633053215686
1020.0 0.4675242440588236
1020.5 0.48060363774901954
1021.0 0.3232512349788235
1021.5 0.3859903234019608
1022.0 0.21957860615882355
1022.5 0.24648068953137256
1023.0 0.3634459847631373
1023.5 0.4013767266352941
1024.0 0.5459654370235295
1024.5 0.46444871924705877
1025.0 0.3774545256211765
1025.5 0.28800354492078434
1026.0 0.34725092231058824
1026.5 0.2585472287701961
1027.0 0.15883105975019607
1027.5 0.33559209800235296
1028.0 0.20292433571058824
1028.5 0.3401367989054902
1029.0 0.24441296586235295
1029.5 0.2324270569470588
1030.0 0.2340392156862745
1030.5 0.1786024109572549
1031.0 0.2694878548435294
1031.5 0.29285319576941177
1032.0 0.19879353441098038
1032.5 0.23128326835058824
1033.0 0.35681609850039214
1033.5 0.3805272697313726
1034.0 0.41932257504705883
1034.5 0.3913038434941177
1035.0 0.248111199694902
1035.5 0.36355739124627456
1036.0 0.3392216163258824
1036.5 0.1619047869427451
1037.0 0.11418873005686275
1037.5 0.19223165060627453
1038.0 0.17195157406470588
1038.5 0.17441802252823527
1039.0 0.18258437405725492
1039.5 0.1318068109192157
1040.0 0.19418554467058824
1040.5 0.17392034160352943
1041.0 0.14929564248431373
1041.5 0.11366408680784314
1042.0 0.19472479185215685
1042.5 0.15534550940901962
1043.0 0.48740718105490194
1043.5 0.6099898630039217
1044.0 0.6526672826196078
1044.5 0.7441943032352941
1045.0 0.6952870729137254
1045.5 0.652470140054902
1046.0 0.6593425726313725
1046.5 0.6206838726588236
1047.0 0.6723802733215686
1047.5 0.8481355603960784
1048.0 1.005559473
1048.5 0.7342929752156864
1049.0 0.7386909049333333
1049.5 0.7686325192431372
1050.0 0.5062908063333333
1050.5 0.6660076118901961
1051.0 0.688005857945098
1051.5 0.6708568358862745
1052.0 0.6211473882705882
1052.5 0.6265851681450981
1053.0 0.6812696563764705
1053.5 0.7049996417568628
1054.0 0.5842408760862745
1054.5 0.5033513249764706
1055.0 0.42904278352156866
1055.5 0.36211987637450976
1056.0 0.4088017429176471
1056.5 0.3727601809952941
1057.0 0.41394505434509804
1057.5 0.4155828220862745
1058.0 0.39808739670196086
1058.5 0.45612325825490196
1059.0 0.3857352293627451
1059.5 0.3211161199682353
1060.0 0.40155462184705887
1060.5 0.40505940883921565
1061.0 0.4219919490980393
1061.5 0.45872350099607845
1062.0 0.3861115886854902
1062.5 0.3906580470517647
1063.0 0.401055130572549
1063.5 0.39462353362352937
1064.0 0.37843192102
1064.5 0.45805660348235294
1065.0 0.3817466004082353
1065.5 0.4813572521215686
1066.0 0.4912423318666667
1066.5 0.4821993367098039
1067.0 0.45020429114117655
1067.5 0.4971011875843137
1068.0 0.5198723505607844
1068.5 0.44710232099607844
1069.0 0.510587682572549
1069.5 0.48585170874509803
1070.0 0.4843290252431373
1070.5 0.6410093488862746
1071.0 0.6501885127058823
1071.5 0.618768733772549
1072.0 0.6494286999568627
1072.5 0.6871431394509804
1073.0 0.6896394686901961
1073.5 0.6378851093137256
1074.0 0.6671723284666667
1074.5 0.6544525225803922
1075.0 0.6484749182
1075.5 0.6433774789921568
1076.0 0.6607410196078431
1076.5 0.6146915728823529
1077.0 0.6747731928588236
1077.5 0.7134435709764707
1078.0 0.9809473755137255
1078.5 0.9468754238549021
1079.0 0.9228048305411765
1079.5 0.7120843716196079
1080.0 0.7771377872431372
1080.5 0.8557378602431372
1081.0 0.5460127251607844
1081.5 0.41948837813333334
1082.0 0.6162999085647058
1082.5 0.4693564770156862
1083.0 0.5773484516274511
1083.5 0.6013033971529412
1084.0 0.5712598507058824
1084.5 0.7746390116745099
1085.0 0.6830617850078431
1085.5 0.6994483892666667
1086.0 0.8061346878588237
1086.5 0.6177751100431372
1087.0 0.7113294548588236
1087.5 0.762084281227451
1088.0 0.799659869654902
1088.5 0.9075398692823531
1089.0 0.6507659754549019
1089.5 0.6671437688431373
1090.0 0.8004726735607842
1090.5 0.6862471744745098
1091.0 0.7547753916392157
1091.5 0.7786708496745098
1092.0 0.7990563915490196
1092.5 0.8704667931686275
1093.0 0.6400702922666667
1093.5 0.5866125138196078
1094.0 0.6851065274588235
1094.5 0.725284121490196
1095.0 0.7216686406117647
1095.5 0.7271162123372549
1096.0 0.6205988341294119
1096.5 0.7600528750823529
1097.0 0.6315780460666667
1097.5 0.5997191963215687
1098.0 0.6621597321843137
1098.5 0.664772090654902
1099.0 0.6673559608666667
1099.5 0.616408742709804
1100.0 0.6936486093607844
1100.5 0.6639527951803922
1101.0 0.5216947203568628
1101.5 0.5070146407058823
1102.0 0.529638344227451
1102.5 0.49656470588235296
1103.0 0.44979782586666667
1103.5 0.5816163780941177
1104.0 0.7436080397058823
1104.5 0.8074272930666667
1105.0 0.5373194601843138
1105.5 0.5360167905137255
1106.0 0.619414806254902
1106.5 0.536830714627451
1107.0 0.47239476488235294
1107.5 0.5457597780392157
1108.0 0.5864117647058823
1108.5 0.5448062496784314
1109.0 0.5981739490431373
1109.5 0.6214406037333333
1110.0 0.6301923537411764
1110.5 0.6562199684470589
1111.0 0.5409554612235294
1111.5 0.6481094391254902
1112.0 0.5272944158666667
1112.5 0.4831151926313726
1113.0 0.46264492444313726
1113.5 0.40467915606666666
1114.0 0.48445694147450985
1114.5 0.4738879775019608
1115.0 0.21121907117686275
1115.5 0.4238703644078432
1116.0 0.4433406731686274
1116.5 0.4919616796509803
1117.0 0.47606589349803924
1117.5 0.42324054754117646
1118.0 0.33140631086862743
1118.5 0.2359578906980392
1119.0 0.18787264789529412
1119.5 0.1718825820290196
1120.0 0.22347064382666668
1120.5 0.30515055450588235
1121.0 0.3365413606729412
1121.5 0.369713095047451
1122.0 0.39760876123137256
1122.5 0.40053215077647053
1123.0 0.35675288652039217
1123.5 0.2520363056882353
1124.0 0.2669118543211765
1124.5 0.410997904745098
1125.0 0.43770430800000004
1125.5 0.39998497261960786
1126.0 0.3508370781211765
1126.5 0.32513530116705885
1127.0 0.3124112347643137
1127.5 0.362354262682353
1128.0 0.3742062515384314
1128.5 0.3246968712364706
1129.0 0.3223094979505882
1129.5 0.3072360542729412
1130.0 0.34451953831176474
1130.5 0.3057269033741177
1131.0 0.2526527689062745
1131.5 0.27554247811882354
1132.0 0.4525737874078432
1132.5 0.45865436370588236
1133.0 0.3776719723184314
1133.5 0.4357737148901961
1134.0 0.2501809121439215
1134.5 0.2881175680478431
1135.0 0.24802127791176473
1135.5 0.38003556144156864
1136.0 0.48842663635686273
1136.5 0.2910246276047059
1137.0 0.27111361502352943
1137.5 0.2165204035035294
1138.0 0.23131477809607845
1138.5 0.35610827446313725
1139.0 0.4962945178078431
1139.5 0.3351339154764706
1140.0 0.4724264257803921
1140.5 0.49468830765882355
1141.0 0.5227381484235295
1141.5 0.5924878848862746
1142.0 0.4848236345490196
1142.5 0.474414468545098
1143.0 0.4513133379843138
1143.5 0.5045449974862745
1144.0 0.44483169804313727
1144.5 0.506125661945098
1145.0 0.44037807943529406
1145.5 0.9200670093294119
1146.0 0.9813297530156864
1146.5 0.8321041618235295
1147.0 0.8526458870392157
1147.5 0.6623312945215687
1148.0 0.7586637922196079
1148.5 0.839544146427451
1149.0 0.7523707664901961
1149.5 0.620078431372549
1150.0 0.6529880326745098
1150.5 0.7123640044235294
1151.0 0.7108222550470589
1151.5 0.8618241903490196
1152.0 0.9127248140627452
1152.5 0.9158625652078433
1153.0 0.7769466892196079
1153.5 0.8811841832039216
1154.0 0.8585290860549021
1154.5 0.8123453017568628
1155.0 0.874921900964706
1155.5 0.7367579845176472
1156.0 0.6889112978509804
1156.5 0.7419357263686276
1157.0 0.8837637345960784
1157.5 0.6167210155372549
1158.0 0.740204671509804
1158.5 0.7970024791529412
1159.0 0.8101294857568627
1159.5 1.0860727527803922
1160.0 0.9328404715372548
1160.5 0.7736518485254903
1161.0 0.7748917417137254
1161.5 0.7025949717294119
1162.0 0.5543253538627452
1162.5 0.45709003932549025
1163.0 0.5194773762941176
1163.5 0.6154422457843137
1164.0 0.813924129882353
1164.5 1.077232646482353
1165.0 0.8198366938862746
1165.5 0.8365037759490196
1166.0 0.9260512216313727
1166.5 0.9211168941686273
1167.0 0.7829072187529412
1167.5 0.3842794083054902
1168.0 2.2520283134
1168.5 2.260171475435294
1169.0 1.6471732522784315
1169.5 1.0157547463411765
1170.0 1.072575556537255
1170.5 1.099817584282353
1171.0 1.3047882849333334
1171.5 1.3131129240000001
1172.0 0.9423257080627451
1172.5 1.0510644835254903
1173.0 1.198936423054902
1173.5 1.0143370254862745
1174.0 0.9956354393607844
1174.5 1.0048909451411767
1175.0 0.9876196500117648
1175.5 0.9733051206078431
1176.0 0.9739486366941176
1176.5 0.996456510807843
1177.0 0.9765665114980392
1177.5 0.9731454559019609
1178.0 0.9015321856901961
1178.5 0.6311120705176471
1179.0 0.3670834401764706
1179.5 0.6874115127843138
1180.0 0.8348803858117647
1180.5 0.9596343332039216
1181.0 1.0618986604549019
1181.5 0.9952246214941177
1182.0 0.8923301949254903
1182.5 1.0477130956
1183.0 0.9743829485803923
1183.5 0.899489096572549
1184.0 0.9833634992470587
1184.5 0.9734665705176471
1185.0 0.9598944193058824
1185.5 0.9517977053843137
1186.0 0.9379432288196079
1186.5 0.9362944018196079
1187.0 0.9557814840705882
1187.5 0.860339869282353
1188.0 0.7869914834627451
1188.5 0.8611391223137255
1189.0 0.7189655800392157
1189.5 0.700504751592157
1190.0 0.9060031034000001
1190.5 0.7461500905568629
1191.0 0.7337483141411765
1191.5 0.6883665369960785
1192.0 0.7439028073294117
1192.5 0.9328404715372548
1193.0 1.1438870446588236
1193.5 1.1194906574392156
1194.0 1.0468279743333333
1194.5 1.131795816447059
1195.0 1.2015174765568628
1195.5 1.124630562035294
1196.0 1.1285267285843137
1196.5 1.1831091255058823
1197.0 1.092194211019608
1197.5 0.9877213410980392
1198.0 1.07153912892549
1198.5 1.0340412203215688
1199.0 0.8986140384509804
1199.5 0.8897802676627452
1200.0 0.6166748828627452
1200.5 0.6659372067843138
1201.0 0.8153979396980392
1201.5 0.7842547033294118
1202.0 0.7663778325686273
1202.5 0.7429820261450981
1203.0 0.7735140890784313
1203.5 0.7228490498588235
1204.0 0.6549628783568627
1204.5 0.692320928372549
1205.0 0.7540921220549021
1205.5 0.45640838599215683
1206.0 0.31543055880666665
1206.5 0.38783995473764704
1207.0 0.569651554890196
1207.5 0.4840507375529412
1208.0 0.45247294904705887
1208.5 0.4650526448509804
1209.0 0.5800269242039215
1209.5 0.5679612765607843
1210.0 0.3277045517309804
1210.5 0.3716436282917647
1211.0 0.40801432791372555
1211.5 0.3144471291129412
1212.0 0.330268700072549
1212.5 0.36437576160392154
1213.0 0.3941914698431373
1213.5 0.4842066126666667
1214.0 0.6462143432705882
1214.5 0.7025166043294119
1215.0 0.5777389355725491
1215.5 0.5345938880039216
1216.0 0.5818943974196078
1216.5 0.6039555349686275
1217.0 0.6680882352941176
1217.5 0.8342257905960784
1218.0 0.7121063359450982
1218.5 0.6029635042431373
1219.0 0.710914043745098
1219.5 0.7962592561764706
1220.0 0.6154443178156862
1220.5 0.3559664505435294
1221.0 0.17380030339882355
1221.5 0.10959220498
1222.0 0.4241540657882353
1222.5 0.43069230975686285
1223.0 0.3807200257152941
1223.5 0.5238089947960785
1224.0 0.5036582140196079
1224.5 0.4547251825137255
1225.0 0.4282526991372549
1225.5 0.446468687917647
1226.0 0.5590875786274511
1226.5 0.5749145602
1227.0 0.7646406150627452
1227.5 0.8726811145529413
1228.0 1.024140758964706
1228.5 1.1144494720980394
1229.0 1.050175515898039
1229.5 1.0647309136431373
1230.0 1.1599292703058823
1230.5 0.9986302809764706
1231.0 0.8562298993686276
1231.5 0.8449448998588235
1232.0 1.0285533369294118
1232.5 1.0140110271294118
1233.0 0.9325409338980392
1233.5 0.984147513309804
1234.0 1.034198473282353
1234.5 1.1741752113686277
1235.0 1.2324194299764706
1235.5 1.3212740661882354
1236.0 1.2694368781999998
1236.5 1.2406653144000002
1237.0 1.4025312864156865
1237.5 1.5494415638588235
1238.0 1.525393810537255
1238.5 1.487513010564706
1239.0 1.4934531590431372
1239.5 1.233590263690196
1240.0 1.222610681545098
1240.5 1.2243385680078431
1241.0 1.22568959787451
1241.5 1.1848110951686275
1242.0 1.1701960784313725
1242.5 1.1686632643921568
1243.0 1.0245070482235294
1243.5 0.9075358269960785
1244.0 0.800465220309804
1244.5 0.7936246637098039
1245.0 0.8730221293254902
1245.5 0.7068526064078432
1246.0 0.9554722913647059
1246.5 0.725748416290196
1247.0 0.6866405228745097
1247.5 2.1360066280039214
1248.0 2.134529552827451
1248.5 0.4071291596156863
1249.0 0.4074494180156863
1249.5 0.3187209929843137
1250.0 0.357596488147451
1250.5 0.6510958868156863
1251.0 0.5261632747058823
1251.5 0.5623879323215686
1252.0 0.4766767943411765
1252.5 0.5865953654196079
1253.0 0.5125799793607843
1253.5 0.7566494380196079
1254.0 0.8091494158627451
1254.5 0.9313399225921569
1255.0 0.9300918122039215
1255.5 0.6967176470588236
1256.0 0.49395701290196076
1256.5 0.6828924492274511
1257.0 0.7851289481294118
1257.5 0.576063798654902
1258.0 0.7563312847529412
1258.5 1.064392683247059
1259.0 1.0336009060666667
1259.5 1.0267617349960785
1260.0 0.7280325434235294
1260.5 0.6871148459372548
1261.0 0.6988920418235294
1261.5 0.6636612135960784
1262.0 0.7242972136235295
1262.5 0.8437386383137254
1263.0 0.9725616190235294
1263.5 0.7752213220627451
1264.0 0.8078316538901961
1264.5 0.8416840369764707
1265.0 0.8508186274509804
1265.5 0.8782181610509805
1266.0 0.757229424254902
1266.5 0.7074673629254903
1267.0 0.749546694227451
1267.5 0.8751690123921568
1268.0 0.8179315647843138
1268.5 0.9873397941568628
1269.0 1.0582145328705883
1269.5 0.9262450645803922
1270.0 0.9422666811647059
1270.5 0.9533711315843137
1271.0 0.7150030321411766
1271.5 0.757243855290196
1272.0 0.7985294117647058
1272.5 1.0742529526431372
1273.0 1.017213622290196
1273.5 0.9872448638156862
1274.0 0.8713408951019609
1274.5 0.8483921568627452
1275.0 0.855977441145098
1275.5 1.1839794278352942
1276.0 0.9514690966274512
1276.5 0.833751892835294
1277.0 1.0000659703137256
1277.5 0.9827734827254903
1278.0 0.9704751864901962
1278.5 0.9501549127921569
1279.0 1.047374890254902
1279.5 1.0665155364470589
1280.0 0.7565338393411766
1280.5 0.7152259837803921
1281.0 0.7702101594666666
1281.5 0.9607667425411766
1282.0 0.9913162524392157
1282.5 1.1029561497333333
1283.0 0.9286372702431372
1283.5 0.7638518518509804
1284.0 0.7737942289137255
1284.5 0.8020915032666666
1285.0 0.8365560302313725
1285.5 0.8940599769333334
1286.0 1.0254625793960785
1286.5 0.7939086172117648
1287.0 0.7254578532431374
1287.5 0.7283300480666667
1288.0 0.8355191084470589
1288.5 0.7896908981921569
1289.0 0.7832238865176472
1289.5 0.8521065261921569
1290.0 0.9657548418156864
1290.5 0.9676633986941177
1291.0 0.9417890076235294
1291.5 0.8025581821529412
1292.0 0.8173393665176469
1292.5 0.8529563427568628
1293.0 1.0758852670588235
1293.5 0.5286483660117647
1294.0 0.6744580706235294
1294.5 0.9126770977764705
1295.0 0.9696456828352941
1295.5 0.8874761766313726
1296.0 0.9606634338313725
1296.5 1.021482195792157
1297.0 0.6319929762941177
1297.5 0.8129279576980392
1298.0 0.7239696356862746
1298.5 0.6908322347098039
1299.0 0.762084281227451
1299.5 0.8354121738117647
1300.0 0.7017060844941176
1300.5 0.7113221802470587
1301.0 0.7356746262862744
1301.5 0.8698555377215685
1302.0 0.971423894035294
1302.5 0.7618293672627452
1303.0 0.7104661037176471
1303.5 0.7012127517686274
1304.0 0.7018067773254902
1304.5 0.6949802917333333
1305.0 0.7021574029058825
1305.5 1.4161933587764706
1306.0 1.2167595459254903
1306.5 0.6556623625058824
1307.0 0.6042925278235294
1307.5 0.6052627838627451
1308.0 0.6955753818235295
1308.5 0.7979661933725491
1309.0 0.867450980392157
1309.5 0.8483921568627452
1310.0 0.8646528881803923
1310.5 0.9643986734156863
1311.0 0.6941595931999999
1311.5 0.653796127145098
1312.0 0.6701903475372549
1312.5 0.5565869238745098
1313.0 0.5073696929764706
1313.5 0.39142979819647056
1314.0 0.3473758988129412
1314.5 0.6751965141607843
1315.0 0.5821745512039216
1315.5 0.6720262918313725
1316.0 0.6106937394235294
1316.5 0.8148988360274511
1317.0 0.7200121914039216
1317.5 0.7620535847921568
1318.0 0.9281844035333333
1318.5 0.5732901034431372
1319.0 0.7771947515843137
1319.5 0.4995166762352941
1320.0 0.5240648949921568
1320.5 0.45199220805098045
1321.0 0.5382119514470588
1321.5 0.5160575163411765
1322.0 0.2967314826137255
1322.5 0.3043364702090196
1323.0 0.5199385425803922
1323.5 0.506125661945098
1324.0 0.4718336565411765
1324.5 0.4442680877215686
1325.0 0.2498140744972549
1325.5 0.2629693621090196
1326.0 0.5462497467411765
1326.5 0.4869174336392157
1327.0 0.42620298433725495
1327.5 0.43320551734901963
1328.0 0.35581112233529416
1328.5 0.424090345
1329.0 0.4708595512078431
1329.5 0.5515690203921568
1330.0 0.44015566987058824
1330.5 0.3777969471721569
1331.0 0.2401891665756863
1331.5 0.15091603380941176
1332.0 0.14388130611568628
1332.5 0.2256626280847059
1333.0 0.32267468699725493
1333.5 0.3296866877643137
1334.0 0.3429873417721569
1334.5 0.3580002742356863
1335.0 0.18478309458509803
1335.5 0.2984175458635294
1336.0 0.4153032816666667
1336.5 0.462062852537255
1337.0 0.5374055523215687
1337.5 0.5017384591647058
1338.0 0.5856044693529411
1338.5 0.7113363499254902
1339.0 0.6546643984823529
1339.5 0.5420320855607844
1340.0 0.5600526064078432
1340.5 0.46975490196078434
1341.0 0.4551734777294118
1341.5 0.305517326427451
1342.0 0.2709436029901961
1342.5 0.43232644409019616
1343.0 0.45486683406666667
1343.5 0.40801432791372555
1344.0 0.4924499484
1344.5 0.5815601023019608
1345.0 0.5524155015333333
1345.5 0.6604593633254902
1346.0 0.564482972137255
1346.5 0.5882000880156862
1347.0 0.6944878431372549
1347.5 0.5799482622862745
1348.0 0.46834981506274515
1348.5 0.5797911646588235
1349.0 0.43273541856862746
1349.5 0.5492583120196078
1350.0 0.5405903588862745
1350.5 0.5045317712156864
1351.0 0.5557850621176471
1351.5 0.5947462713490196
1352.0 0.619994817309804
1352.5 0.430618495572549
1353.0 0.4149781990039216
1353.5 0.3675593814760785
1354.0 0.33901588664666665
1354.5 0.5180683961411765
1355.0 0.7027591036431372
1355.5 1.3398416289607844
1356.0 0.8242403053333333
1356.5 0.4942372690078432
1357.0 0.4331010230196079
1357.5 0.38072773869098037
1358.0 0.3325078482835294
1358.5 0.40320638085882354
1359.0 0.5196142486039216
1359.5 0.46574759113333336
1360.0 0.3805150011811765
1360.5 0.4411941353137255
1361.0 0.2436591800356863
1361.5 0.5159095910666667
1362.0 0.5893638997372549
1362.5 0.7015814616745097
1363.0 0.6879768270941177
1363.5 0.7028336633254902
1364.0 0.8309473186862745
1364.5 0.817145143772549
1365.0 0.6798051455294117
1365.5 0.6064120933294118
1366.0 0.653933001145098
1366.5 0.6765543071176471
1367.0 0.7100421527843137
1367.5 0.735322417627451
1368.0 0.7967300644666667
1368.5 0.8462912521333333
1369.0 0.8019159164392157
1369.5 0.6976601643215686
1370.0 0.9022411938235294
1370.5 0.8992023172901961
1371.0 0.9309435452039216
1371.5 1.0120341407137257
1372.0 1.016310160427451
1372.5 0.924262917745098
1373.0 0.7443709037960784
1373.5 0.7277050191137255
1374.0 0.7360190136666667
1374.5 1.0283541295294116
1375.0 1.036183218227451
1375.5 0.9701562774352941
1376.0 1.0252044066509804
1376.5 1.0993334357254902
1377.0 1.086366079427451
1377.5 1.066024955435294
1378.0 0.969911541592157
1378.5 0.9387462993960786
1379.0 1.1562168396784314
1379.5 1.1274153297686276
1380.0 1.0334342118431372
1380.5 0.9300928145568627
1381.0 0.9062649089764707
1381.5 0.9010555411607845
1382.0 0.8893590588235294
1382.5 1.052678589890196
1383.0 1.2098722075882353
1383.5 1.105242400564706
1384.0 1.0857867853019607
1384.5 0.9198615916941177
1385.0 1.0349953314666667
1385.5 1.2720352140862745
1386.0 1.197610699909804
1386.5 1.0652563410666667
1387.0 1.1172433905058825
1387.5 1.1925609031490196
1388.0 0.7666769156078431
1388.5 0.685678276254902
1389.0 0.6432488800745099
1389.5 0.6388023105019608
1390.0 0.8834626497254904
1390.5 1.046987522282353
1391.0 1.0962754133921568
1391.5 1.2612663038784315
1392.0 1.287720180709804
1392.5 1.3318025041333332
1393.0 1.363792504345098
1393.5 1.3887310779215687
1394.0 1.384675865407843
1394.5 1.3971215288156864
1395.0 1.394710134654902
1395.5 1.3917692134313728
1396.0 1.3656324977254901
1396.5 1.316823435819608
1397.0 1.411993875635294
1397.5 1.6254445419960788
1398.0 1.644663101603922
1398.5 1.4052602790509805
1399.0 1.4149347258470588
1399.5 1.580062938756863
1400.0 1.5762712598862745
1400.5 1.678169934639216
1401.0 1.7122636961764706
1401.5 0.7590568379254902
1402.0 0.762330909890196
1402.5 2.296244479772549
1403.0 2.301957932262745
1403.5 1.4601114551098042
1404.0 1.4056029732156865
1404.5 1.4084298286235295
1405.0 1.0572503879254902
1405.5 1.0673720849294117
1406.0 1.0833810677843136
1406.5 1.5926968820313725
1407.0 1.560261437909804
1407.5 1.5896723906941175
1408.0 0.9848556149725489
1408.5 1.1465202614392158
1409.0 1.0552498894313727
1409.5 1.03890348372549
1410.0 1.2462707208470587
1410.5 0.4965893910666667
1411.0 0.19849830424705883
1411.5 0.358641146407451
1412.0 0.2877823186647059
1412.5 0.23095616760588236
1413.0 0.10374053859803921
1413.5 0.12218942148196078
1414.0 0.1322131363756863
1414.5 0.16936367412078432
1415.0 0.13222011385215687
1415.5 0.15317481045058823
1416.0 0.1043875632682353
1416.5 0.18585683832784317
1417.0 0.17424746450313724
1417.5 0.22333114006235297
1418.0 0.34790316698941176
1418.5 0.18874359854117648
1419.0 0.16381442466039217
1419.5 0.368185280652549
1420.0 0.4841302898666667
1420.5 0.45763381417254906
1421.0 0.3024067151945098
1421.5 0.35782108220784314
1422.0 0.423524757082353
1422.5 0.3625055595066667
1423.0 0.31579270121647063
1423.5 0.4034281639921569
1424.0 0.34487439955921567
1424.5 0.5864992694392157
1425.0 0.4062765737882353
1425.5 0.19527628546588235
1426.0 0.1039282501992157
1426.5 0.15120541377372548
1427.0 0.14004913357764706
1427.5 0.14123459264470586
1428.0 0.18796163266431373
1428.5 0.31569505069411763
1429.0 0.2608342909254902
1429.5 0.2415383424101961
1430.0 0.36152698680980394
1430.5 0.3147080482615686
1431.0 0.2087422779494118
1431.5 0.5104061235960784
1432.0 0.48491485175294113
1432.5 0.434576154482353
1433.0 0.5347180527372549
1433.5 0.5661191409882352
1434.0 0.45047381546274506
1434.5 0.4506517536588235
1435.0 0.5649605901764706
1435.5 0.46202779846274505
1436.0 0.4505169340470589
1436.5 0.3126821620886274
1437.0 0.1275927615992157
1437.5 0.3547434060611765
1438.0 0.5602110012156863
1438.5 0.5099653979254902
1439.0 0.5564223930196078
1439.5 0.5470048569882353
1440.0 0.5414804860784314
1440.5 0.7120495356039216
1441.0 0.6167649149215687
1441.5 0.6308734402862745
1442.0 0.6719937876156864
1442.5 0.6788786602156863
1443.0 0.49392454854117646
1443.5 0.398097313
1444.0 0.4202042972862745
1444.5 0.5768574599647059
1445.0 0.533012477717647
1445.5 0.4519799885019608
1446.0 0.4197720732117647
1446.5 0.4913921568627451
1447.0 0.5865606783254903
1447.5 0.43361392591372555
1448.0 0.5399446912509804
1448.5 0.593374434854902
1449.0 0.5573286317254902
1449.5 0.5355003966901961
1450.0 0.5930436808392158
1450.5 0.4429586770941176
1451.0 0.41192556230588234
1451.5 0.14612228153921566
1452.0 0.1653319512827451
1452.5 0.26625605238862743
1453.0 0.2277300894784314
1453.5 0.28212046128901963
1454.0 0.3205326188447059
1454.5 0.16118333499411766
1455.0 0.27960575349137257
1455.5 0.29428411702588236
1456.0 0.3105899918756863
1456.5 0.3907791831180392
1457.0 0.44644587246666667
1457.5 0.548924793027451
1458.0 0.41741512420392163
1458.5 0.40980493489411757
1459.0 0.39572557150196075
1459.5 0.37056062616431373
1460.0 0.45056905370980393
1460.5 0.24586857107058824
1461.0 0.25285386607490196
1461.5 0.2849561613262745
1462.0 0.2355438093082353
1462.5 0.1844501930792157
1463.0 0.2661185089419608
1463.5 0.2896240733431373
1464.0 0.24598707962901958
1464.5 0.31125017691686274
1465.0 0.3175066598066667
1465.5 0.28685984330313724
1466.0 0.34439461068313726
1466.5 0.25065679926
1467.0 0.23217251344980394
1467.5 0.3496386005384314
1468.0 0.3437334533576471
1468.5 0.40170800666274514
1469.0 0.33130105080705885
1469.5 0.37253233208196074
1470.0 0.41243226092941176
1470.5 0.39540189342352944
1471.0 0.32220810275333334
1471.5 0.36730530299215686
1472.0 0.40838033843529403
1472.5 0.3989082625450981
1473.0 0.3747629134756863
1473.5 0.18238508518156862
1474.0 0.2895812512784314
1474.5 0.2983357035121569
1475.0 0.32854589846196075
1475.5 0.3360934363403922
1476.0 0.19756236555490195
1476.5 0.22455717647058826
1477.0 0.1983448727035294
1477.5 0.16416038130156865
1478.0 0.1837960227215686
1478.5 0.24347733190901963
1479.0 0.2635399277027451
1479.5 0.2886825951282353
1480.0 0.3533056973517647
1480.5 0.30275470188078435
1481.0 0.3298332191
1481.5 0.33715319974156865
1482.0 0.3067601610180392
1482.5 0.3035854625682353
1483.0 0.29387832474392156
1483.5 0.37896079707098046
1484.0 0.40888806155294116
1484.5 0.38218282017490196
1485.0 0.308181445712549
1485.5 0.3466614320921569
1486.0 0.34088447820235296
1486.5 0.4031699346392157
1487.0 0.33881623868705885
1487.5 0.28135466538352943
1488.0 0.3194572882262745
1488.5 0.28049032457019607
1489.0 0.30766611713254904
1489.5 0.2749616400639216
1490.0 0.3695151238788235
1490.5 0.26727278786862746
1491.0 0.27189121375607844
1491.5 0.27105714135529413
1492.0 0.4095232682431373
1492.5 0.3662303399290196
1493.0 0.38042084533764714
1493.5 0.27932131244470587
1494.0 0.32712950171882355
1494.5 0.27952219968431374
