0 0.7367846032388023
0.5 0.8015099750854102
1.0 1.567344175462364
1.5 0.934678988988098
2.0 1.0580961770051123
2.5 1.4217752470133138
3.0 0.8210476893157388
3.5 1.2779775494158176
4.0 1.2502629172875248
4.5 0.8829040815911274
5.0 0.8029198905160136
5.5 1.1521452305684063
6.0 1.049243891111968
6.5 0.8400295853288693
7.0 1.1925241417407497
7.5 1.0314433992881873
8.0 1.4644575907606616
8.5 0.8318701397106348
9.0 1.1894418402042626
9.5 0.7124719242970672
10.0 0.99092831147255
10.5 0.6325876670444852
11.0 0.8923746108223024
11.5 0.8049419214164942
12.0 1.1147781828770458
12.5 1.4299745219174238
13.0 0.823986202598407
13.5 1.1355068332885234
14.0 0.6799795307141171
14.5 0.6307137613285894
15.0 1.0035757129034855
15.5 1.0142411296411293
16.0 0.7452011798419058
16.5 0.657741614738827
17.0 0.8653364104480382
17.5 1.0182569529685428
18.0 0.6300930590834958
18.5 1.0378441788430341
19.0 0.8799009447811661
19.5 1.2998543587805722
20.0 0.7969367481153363
20.5 0.9354463444501102
21.0 0.7130978965636697
21.5 0.6475946001061734
22.0 0.5912948490334526
22.5 0.8810200811650413
23.0 1.3345441523673864
23.5 0.9299817858857229
24.0 0.6461747381637656
24.5 0.8766179775435436
25.0 1.0803747826699552
25.5 0.689396920829875
26.0 1.3086523915153294
26.5 0.7874408831375488
27.0 1.0039569374693154
27.5 1.0859741880682243
28.0 1.1902914945453866
28.5 0.6046525306365229
29.0 0.6822015320786262
29.5 0.8966110289644651
30.0 0.7334973866068367
30.5 0.7770536441899567
31.0 0.654446738491326
31.5 0.8168485110678958
32.0 0.7580792018202911
32.5 0.8046924784906351
33.0 0.7735380523785296
33.5 0.7503632109933176
34.0 0.7103406948400566
34.5 0.8940188866930268
35.0 1.0376606398102783
35.5 1.440549642841938
36.0 0.8636551398454847
36.5 0.9640674780976533
37.0 1.2289354898745861
37.5 0.7845631082817544
38.0 1.3283392502917086
38.5 0.850532991372082
39.0 1.030678083564429
39.5 0.43307477442523795
40.0 1.0241892677594802
40.5 0.7993113098024633
41.0 0.6763572437214236
41.5 0.5978576342537234
42.0 1.2930295826788631
42.5 1.0472312904824401
43.0 0.7993345633996152
43.5 1.0293897357915136
44.0 1.172653908361033
44.5 0.6298085310910126
45.0 0.8849120063463378
45.5 0.8853625783271233
46.0 0.745356476469334
46.5 0.8661826726390794
47.0 0.9894384832350482
47.5 0.8107997811208165
48.0 0.48310042306525536
48.5 1.1377434944331621
49.0 0.9967312690850735
49.5 1.6778784736964059
50.0 1.4698858442744969
50.5 1.2369516448489355
51.0 0.4125574756048366
51.5 0.6500322055956437
52.0 0.8895639904867816
52.5 0.8221165023843675
53.0 0.988696163085153
53.5 1.1015665400060448
54.0 0.6313459283786476
54.5 0.4832552464974149
55.0 0.5402847514579459
55.5 0.9364864575079617
56.0 1.2168929532117918
56.5 0.9331420687162908
57.0 0.9982956582961291
57.5 1.1207875740188653
58.0 1.164180614134054
58.5 0.7149677102241973
59.0 1.026085430056522
59.5 0.9369595815595132
60.0 0.7397742540751528
60.5 1.1479825301921025
61.0 1.1968299319970548
61.5 0.959410416589626
62.0 0.8260151603212011
62.5 0.5640858310027026
63.0 1.0763958944954228
63.5 0.9441743186763245
64.0 1.017566552881497
64.5 0.8404136110467154
65.0 0.862164914405251
65.5 0.9790580506999728
66.0 0.8710367398433346
66.5 0.9376699108616896
67.0 1.2250481665106827
67.5 1.076470917276553
68.0 0.9759791406382552
68.5 0.7358856007494277
69.0 0.79208872389371
69.5 1.1865336654713068
70.0 1.634354763621804
70.5 0.683932345513295
71.0 0.8461997700604275
71.5 1.0951729507584131
72.0 0.7201161367675037
72.5 0.47203064617980645
73.0 0.7555332489770918
73.5 0.9025706106958677
74.0 1.2477746674358199
74.5 0.7673013614789311
75.0 0.7906552437827636
75.5 0.9078382162783536
76.0 1.1373608504547428
76.5 0.798834309420204
77.0 0.4399294775329435
77.5 0.7298333888504167
78.0 1.376558704701954
78.5 0.8435833062761562
79.0 1.204872066877369
79.5 1.3065693367628444
80.0 0.7878535718167445
80.5 1.1322897890656942
81.0 0.9383925637636886
81.5 0.5339878323211265
82.0 0.8548279610797953
82.5 1.3090199065591168
83.0 0.9246653763254129
83.5 0.8161037243408356
84.0 0.536136700379977
84.5 1.4350182341435742
85.0 0.8987859098463871
85.5 1.1067922049592431
86.0 0.5084780105024225
86.5 0.5796156234520595
87.0 0.9325066958033039
87.5 0.7567793050328017
88.0 0.8000274962201452
88.5 0.902143247547709
89.0 0.8930791853133233
89.5 1.7259029777685058
90.0 0.7938148660684601
90.5 0.9113993761640025
91.0 1.063130343474644
91.5 0.8938843618041243
92.0 0.7599489530177199
92.5 1.0683447699604716
93.0 1.0824322118784475
93.5 1.2621843690983519
94.0 0.8829491604598989
94.5 0.9200887269274924
95.0 1.2581291963014876
95.5 0.6190858381397342
96.0 0.8298260662231322
96.5 0.9313345339479998
97.0 0.6982994921218857
97.5 0.7402981803996136
98.0 1.0273034572987803
98.5 0.693840933097269
99.0 0.9289066165485054
99.5 0.7962330291098199
100.0 1.1117245055548715
100.5 1.214528245298006
101.0 1.3224682760011182
101.5 0.6008662234357856
102.0 0.7362901456994828
102.5 1.1390324738882813
103.0 0.6736082290216876
103.5 0.76498516162037
104.0 1.0313629105031397
104.5 1.0298793416250183
105.0 0.4305612874364506
105.5 0.9005912923140378
106.0 1.205276892662991
106.5 0.9746489079231886
107.0 0.774556826986067
107.5 0.722205958556412
108.0 0.7278072370072848
108.5 0.618206190660576
109.0 0.7676424337833949
109.5 0.530502421476096
110.0 0.9923118409625403
110.5 1.0323590574880501
111.0 1.5935778645637475
111.5 1.6855491892440209
112.0 1.2508866399628409
112.5 1.2410217762797786
113.0 0.6305229540971233
113.5 0.6282115348359312
114.0 0.7958240892768416
114.5 0.941729510925688
115.0 0.6031047962438885
115.5 0.9253588773866581
116.0 1.0267247354533904
116.5 0.9946342498393537
117.0 0.7537833510966443
117.5 1.4274381118347426
118.0 0.8841338009551083
118.5 1.092346530386822
119.0 1.0618759574618686
119.5 0.8645469307112978
120.0 1.4905192152944635
120.5 1.246788327994143
121.0 0.7645936815805559
121.5 0.6323299770621971
122.0 1.0078919947294316
122.5 0.5285847173895468
123.0 0.8175018912787495
123.5 0.5589439322901988
124.0 0.888396057604225
124.5 0.8468525835295776
125.0 0.8691525750829225
125.5 0.8734359015204384
126.0 0.7579415207558018
126.5 0.5726985774336717
127.0 0.6072436926429637
127.5 0.7336305645312835
128.0 0.8605517036456319
128.5 1.0734376178586644
129.0 1.070542348728653
129.5 0.8511983476190893
130.0 0.742299977328281
130.5 0.97207295680891
131.0 0.8658512734488916
131.5 0.9416194841758819
132.0 1.0788407512998517
132.5 0.6758172000752797
133.0 1.1303387521990858
133.5 0.6113913918805438
134.0 0.9274607345642258
134.5 0.7895842004513516
135.0 0.8659644614985682
135.5 0.8847886841876318
136.0 1.2650083967867296
136.5 0.9013710015136802
137.0 0.6031454785989427
137.5 0.8956512522281894
138.0 0.7527879313594896
138.5 0.6029003557046086
139.0 0.9455879819568409
139.5 0.8178576614551898
140.0 0.8418905319239584
140.5 0.6859525725119215
141.0 0.7907231751200219
141.5 0.6651745485344068
142.0 1.0968795145676606
142.5 0.9384997078583719
143.0 0.852401557308581
143.5 0.6818512639758874
144.0 0.888407572409398
144.5 0.5520685097071609
145.0 1.3712521170803322
145.5 0.9035007101837511
146.0 0.808946732747013
146.5 0.6399907452985714
147.0 0.806341085462134
147.5 0.8729366605219031
148.0 1.032313613499042
148.5 1.2680024351870467
149.0 0.6962658516587417
149.5 1.0820690307871375
150.0 0.8675570427710783
150.5 0.6154817897481226
151.0 0.8543099793751023
151.5 0.9724930049431622
152.0 0.6901155723228097
152.5 0.6977173842711324
153.0 0.9470449964591593
153.5 0.763589894350871
154.0 0.746382276404375
154.5 0.8071919973355817
155.0 1.0603752410537581
155.5 1.1163223366138157
156.0 0.8031700187764987
156.5 0.9191457477498064
157.0 0.8446122256076157
157.5 0.7363380872018135
158.0 0.7815773744900362
158.5 0.9480666858705011
159.0 0.6670856100288702
159.5 1.3145795406260476
160.0 0.8511424768688076
160.5 1.0088911720669829
161.0 0.7743058135236603
161.5 0.9228882641616799
162.0 0.8280840660111066
162.5 1.104735464550659
163.0 1.4180336949874481
163.5 0.7337995015065473
164.0 1.3971745174240315
164.5 0.7755688890025934
165.0 1.081833292198086
165.5 0.8914494561288471
166.0 0.7819415462466826
166.5 0.9021992098700682
167.0 0.6906796341111456
167.5 0.8841704831381505
168.0 0.8952268306197251
168.5 0.6238564016755224
169.0 0.8395584182279298
169.5 0.849047891154555
170.0 1.2149357048809253
170.5 0.8277405581639925
171.0 0.382889151218467
171.5 0.789187295846023
172.0 0.7021733902728922
172.5 0.612652941962727
173.0 1.099372115719871
173.5 0.45729097046915457
174.0 0.9386822592931485
174.5 1.14562107358735
175.0 1.1965153981195078
175.5 0.7284769733298472
176.0 0.8234838035017986
176.5 0.783764550462811
177.0 0.5570224415451729
177.5 0.8773324245705358
178.0 1.0202877417970502
178.5 0.7742443017915075
179.0 0.6161965666352139
179.5 0.5700734701291742
180.0 0.769485259448184
180.5 0.5997837209968753
181.0 0.3638701052654971
181.5 0.6960133087872133
182.0 1.0630292809721213
182.5 0.7372240357908548
183.0 1.158863935681366
183.5 1.5042583742409923
184.0 0.9080156675354303
184.5 0.6884247875056155
185.0 1.2347527279872577
185.5 1.048734679149836
186.0 0.8964853408949831
186.5 0.8592273800205501
187.0 0.8656049139115801
187.5 1.4280395574667255
188.0 0.9545830740120957
188.5 0.6722340859908021
189.0 0.7157372694467511
189.5 1.1664348295151807
190.0 0.60100998798238
190.5 0.656465306033189
191.0 1.308763269149475
191.5 1.0471766888932996
192.0 1.2688134751448925
192.5 0.6914741350795338
193.0 0.9572950181838162
193.5 1.0003886221843328
194.0 0.595001634497486
194.5 1.127504524896303
195.0 0.779158936522772
195.5 1.076080541335561
196.0 0.6424850507654125
196.5 0.7434756209403293
197.0 0.7898933209327876
197.5 0.7140827634992228
198.0 1.1379423660680452
198.5 1.3280277596351637
199.0 0.8712837337798018
199.5 0.8369444223152406
200.0 0.7621674340275073
200.5 1.0206176121737012
201.0 0.7430215288736288
201.5 0.747143318753041
202.0 0.8415243634311739
202.5 0.8762975062312576
203.0 0.8203436076903511
203.5 0.8751810910653361
204.0 0.7657815501974977
204.5 0.8517757788664841
205.0 0.761501365397836
205.5 0.4169814582466713
206.0 1.2375596379850562
206.5 0.8997135490710007
207.0 0.692797449978238
207.5 0.947963970639853
208.0 0.9422182376121921
208.5 0.6508065325777139
209.0 0.7186837156775869
209.5 1.0610072989651624
210.0 0.9104349466651146
210.5 0.9532260768508285
211.0 0.9826273194801993
211.5 1.1470123037317297
212.0 0.678148665115472
212.5 1.3182284984757304
213.0 0.8292822714986121
213.5 0.946535633645598
214.0 1.1068338042632742
214.5 0.6802652335053794
215.0 0.9704998521655215
215.5 0.5951117786842717
216.0 0.795299999020203
216.5 1.1479354786323601
217.0 1.2299136565564182
217.5 0.8053669852290932
218.0 0.8284151637015045
218.5 0.8945210721420276
219.0 0.6961272754178307
219.5 0.9455221993474958
220.0 0.7249023362493641
220.5 0.7544751301101247
221.0 0.7975695620680376
221.5 1.024068094651516
222.0 0.8646533108696854
222.5 1.2257872934977256
223.0 1.087080392940054
223.5 0.6032641341760914
224.0 1.6565765607412846
224.5 0.8254627723517087
225.0 0.6788628747982546
225.5 1.0384287351521766
226.0 1.0076837135974703
226.5 0.9287893792841473
227.0 0.5594723385573044
227.5 1.3016726107755725
228.0 0.9195777079556032
228.5 0.7349160694614381
229.0 0.6973506083702821
229.5 0.8179386593315391
230.0 0.7624906399746878
230.5 0.5958396548919234
231.0 0.7585892985698486
231.5 1.0340107561363854
232.0 0.6500886187270709
232.5 0.9662902389925078
233.0 0.5621169743941283
233.5 0.9869986440281233
234.0 0.7080134560800841
234.5 1.7117640519012884
235.0 0.810924093328031
235.5 1.430594564665573
236.0 0.5375157760478074
236.5 1.0219056085108311
237.0 1.0123880382613746
237.5 0.5830376425034717
238.0 1.175938437051744
238.5 0.8459682645718993
239.0 0.46696606619981074
239.5 0.7630057404810844
240.0 0.9059416445270266
240.5 0.9234511482937792
241.0 0.8507688816860772
241.5 1.0952286859933622
242.0 1.0994467766140352
242.5 1.1798961101275405
243.0 0.9037938011889897
243.5 0.9838987452454946
244.0 1.2384358419924193
244.5 0.9331019018692224
245.0 0.7367088664768118
245.5 0.612348175006886
246.0 0.8831393230570889
246.5 0.4917525294235945
247.0 1.0021268089227386
247.5 0.7803396824847916
248.0 0.72529695689728
248.5 0.8517433352556509
249.0 1.1263913478829193
249.5 0.7031758428420367
250.0 0.7466041471565581
250.5 0.8759540585355166
251.0 0.990575880788448
251.5 0.8728321904431248
252.0 0.913748630412784
252.5 0.830130682197
253.0 1.3940349052913343
253.5 0.6686461162274852
254.0 1.0060441329390932
254.5 0.9036426103742559
255.0 0.8639783991128342
255.5 1.6723953451945408
256.0 0.9239058001652323
256.5 0.7804366912018051
257.0 0.8143265413545953
257.5 0.8620143412505604
258.0 0.8710708689022699
258.5 0.8438386820122008
259.0 1.0119547316223845
259.5 0.8245466233473961
260.0 1.095595606622629
260.5 1.1466290224340758
261.0 0.8739019143938147
261.5 0.4906083057457165
262.0 0.846329469815256
262.5 1.1007265882703232
263.0 1.055470032308239
263.5 1.0517542832034157
264.0 1.2778446966523864
264.5 0.8111313581623071
265.0 0.6917137774200381
265.5 0.775034900108592
266.0 0.503934987452145
266.5 1.4139420388556676
267.0 1.468452985194246
267.5 0.8548491693669591
268.0 0.9018889914195167
268.5 1.193462646639636
269.0 0.9737133020431002
269.5 0.8567578351432983
270.0 1.2507418488219861
270.5 1.0519912357343397
271.0 0.8703725282857147
271.5 1.3008352213491077
272.0 1.0267222300809928
272.5 0.8405007279361043
273.0 0.7274548994481467
273.5 1.3281996843037394
274.0 0.9904225752480749
274.5 0.6827920985605869
275.0 0.7773503141298013
275.5 1.2111393913054875
276.0 0.9580237170998889
276.5 0.6214551145561444
277.0 0.8743143745596962
277.5 0.83860802838435
278.0 0.963786211404879
278.5 0.7452952138722646
279.0 0.9105777193504538
279.5 0.8347652483941271
280.0 0.6734973528150948
280.5 0.6791339643667184
281.0 1.3827667366087781
281.5 0.5845571584085335
282.0 0.9491212250305281
282.5 1.0975411001315658
283.0 0.9412232590953449
283.5 0.6519580432031609
284.0 1.0726889247579083
284.5 0.6089199042742898
285.0 0.9293589058620007
285.5 1.0036755069273409
286.0 0.5653529642246735
286.5 0.8990834130271779
287.0 0.6822016540735018
287.5 0.7590279343955677
288.0 0.9917492981785767
288.5 0.7865137680312251
289.0 1.2412020397088628
289.5 0.7702183537377716
290.0 0.7223459847164173
290.5 0.586831919880126
291.0 1.055816186701162
291.5 0.9322100451644971
292.0 0.45439232441664507
292.5 1.3143217616203375
293.0 1.0079982642236696
293.5 0.479394230209379
294.0 1.2003349746670358
294.5 0.9927734339615039
295.0 0.547416323584273
295.5 0.8803862831015615
296.0 0.664005812270819
296.5 1.1861691334063782
297.0 0.7295163639718176
297.5 0.5559469690328265
298.0 1.342781790170364
298.5 1.031282577503832
299.0 0.7840016540807201
299.5 1.5884780896427275
300.0 0.6574446724920996
300.5 0.9334500000847379
301.0 0.7916044138348288
301.5 1.3007165711354518
302.0 0.8593912489440775
302.5 0.8109430506630799
303.0 0.8126759530500139
303.5 1.0076754275933593
304.0 0.7191802249266561
304.5 0.885873074023512
305.0 1.0830107489220804
305.5 1.268641019676542
306.0 1.1552308409483363
306.5 0.849598578715288
307.0 0.7761977055597373
307.5 0.8925603153110419
308.0 1.2391449543617552
308.5 1.1246089470472167
309.0 1.2306077600683407
309.5 0.6819168844015107
310.0 1.3440329576138592
310.5 0.8357985444870332
311.0 0.7548119138110396
311.5 1.0171541293911859
312.0 0.9336708004954314
312.5 1.0355919840736167
313.0 0.5532729608341591
313.5 0.9717023337465419
314.0 1.2456089331466362
314.5 0.7454667872408336
315.0 1.3095407839583466
315.5 1.162726386232801
316.0 1.159853408298735
316.5 0.7471305519988788
317.0 0.8089965217411732
317.5 0.6256180108126748
318.0 0.9857628577549822
318.5 0.6859369966624169
319.0 0.8084048979665325
319.5 0.33084646118917177
320.0 0.8645813542739482
320.5 0.5848798780301568
321.0 0.7856392591307544
321.5 0.6990121140398
322.0 0.9785334013908291
322.5 0.854269637964852
323.0 0.4521947228485146
323.5 0.9740542188206976
324.0 1.124702771740171
324.5 0.7412591446869886
325.0 0.9611294122078176
325.5 0.5353804102835853
326.0 1.3607648351773731
326.5 0.9472048644684975
327.0 0.8749528408444346
327.5 0.8797398142635214
328.0 1.0119538219437516
328.5 1.2710468579189094
329.0 0.7427987401539873
329.5 1.533325547810891
330.0 0.7278294809028211
330.5 1.3967251239852008
331.0 0.7699041585517052
331.5 0.8659403881544079
332.0 1.3346004771022577
332.5 1.1440909333888951
333.0 0.811716092369553
333.5 1.0587253604485283
334.0 0.8173089746700006
334.5 0.8866763370808305
335.0 1.2761781499176514
335.5 2.0205245093390967
336.0 1.1988849615159496
336.5 1.1517000164870366
337.0 0.9518349011934105
337.5 0.8486925024772363
338.0 0.8028470017564477
338.5 0.7970138678629035
339.0 0.8021942554429624
339.5 1.030893274124948
340.0 0.7137487905853974
340.5 1.0949742255621786
341.0 0.962031312392658
341.5 0.7329025210851701
342.0 0.7318295829123153
342.5 0.694084789511151
343.0 0.8596849622862639
343.5 0.6617150847953377
344.0 1.3668656041721015
344.5 0.9017199232506146
345.0 0.8807382249279168
345.5 0.6007662347509387
346.0 0.9300193085323816
346.5 1.0623381985424425
347.0 0.9230293512084263
347.5 1.246232911611858
348.0 0.7563668634571201
348.5 0.6972935897777125
349.0 0.9242456690628035
349.5 0.9743328286362422
350.0 0.9257556428186631
350.5 0.5090924720277192
351.0 0.6503610959624964
351.5 0.9757168193897128
352.0 0.7845688730775008
352.5 0.9590955871647453
353.0 0.6638890923687139
353.5 1.209028867898073
354.0 0.7174325277777136
354.5 1.0252420618666291
355.0 0.7665196601292166
355.5 0.9218791560943438
356.0 0.678733450582266
356.5 1.5603781310605351
357.0 0.7959647308021577
357.5 0.9096682283887362
358.0 0.5921426076474277
358.5 1.0938055390005954
359.0 1.0088144953575686
359.5 0.9674906927057059
360.0 0.6350202074931273
360.5 0.5888993255082066
361.0 0.6605414007973063
361.5 1.0696210022752082
362.0 0.47903118183465265
362.5 0.9383467700811907
363.0 0.5673864510138804
363.5 0.8133981080573766
364.0 0.7725449526601642
364.5 1.3868753882816574
365.0 0.9026531034471968
365.5 0.8386903913433976
366.0 1.196570749204402
366.5 1.0115380247497514
367.0 1.3438078983404615
367.5 0.9332587883095959
368.0 0.8238548671805348
368.5 1.087897950531572
369.0 0.6107616867525945
369.5 0.8550697190022134
370.0 0.8672860326332733
370.5 1.0976128545239865
371.0 1.1853914300111774
371.5 0.7306374589611596
372.0 0.8402196017480946
372.5 0.7146762347520452
373.0 0.8474911119384883
373.5 0.8341150102279107
374.0 1.4820260891640666
374.5 1.2258944532937521
375.0 0.6905673744905125
375.5 0.7819508788000673
376.0 1.0942859360890205
376.5 0.616106051197586
377.0 1.0836271041257792
377.5 0.8409299931610632
378.0 0.6663202175541978
378.5 1.2915212065953945
379.0 0.846696332603662
379.5 0.9587369586024546
380.0 0.7897786223399417
380.5 1.3018618693635708
381.0 0.987054496347174
381.5 0.7203787467627039
382.0 1.1382876386433582
382.5 0.8962250461828265
383.0 0.5636392652052917
383.5 0.9578112724656398
384.0 1.347125932130602
384.5 0.9821004978742511
385.0 0.48665269583351595
385.5 0.6018608699137933
386.0 1.2558712180036804
386.5 0.662784195421219
387.0 0.8655526846598562
387.5 1.1344712548894966
388.0 0.7473921022394876
388.5 0.682012909838126
389.0 0.8397333544483652
389.5 0.8776096402344145
390.0 1.382909966273458
390.5 1.0751836338912648
391.0 0.855036612359153
391.5 0.7192129545013497
392.0 0.612579072876535
392.5 0.6752961788015726
393.0 0.9067247833962087
393.5 1.0974418791822653
394.0 1.2206169368351902
394.5 0.5740583124514376
395.0 1.3939175491952378
395.5 1.0018940597043557
396.0 0.7357817087010462
396.5 1.4058904596665645
397.0 1.257251986065748
397.5 0.7848428986314897
398.0 0.8038984916159267
398.5 0.7950233459683402
399.0 0.44524098521880634
399.5 0.9845580275662256
400.0 0.7046827292748863
400.5 0.7083287854652183
401.0 1.173425381290384
401.5 1.2415959663140854
402.0 0.6561416261191798
402.5 0.6113666443676973
403.0 1.3948970149694464
403.5 0.8512040669265447
404.0 0.672450982470189
404.5 1.059987424390386
405.0 1.084210712976101
405.5 1.306236591022929
406.0 1.3208068768755528
406.5 0.7195640453596387
407.0 0.9773237507357064
407.5 0.9608673567856005
408.0 1.0211045686814308
408.5 0.9736664409751552
409.0 0.8342700273286672
409.5 1.0561924770572235
410.0 1.4516833634351918
410.5 1.0213873140273872
411.0 0.7585128956823192
411.5 0.9713225692422929
412.0 1.1703265988036005
412.5 0.8312943403351274
413.0 1.0583000181622095
413.5 0.9396026414834334
414.0 0.7837961921677723
414.5 1.2243404029376537
415.0 0.9399490428929296
415.5 0.5256381718563706
416.0 0.6380214240117136
416.5 1.0247709253523534
417.0 0.5217189804925477
417.5 0.8192005688630508
418.0 1.3214010036219448
418.5 0.8113552033078275
419.0 0.6755727705313251
419.5 0.6569235903017714
420.0 0.8794036951214792
420.5 0.7257772091316872
421.0 1.0815230531608866
421.5 0.7140480413527943
422.0 1.07830492750666
422.5 0.8473639348887967
423.0 1.222745785669495
423.5 1.0089280079264191
424.0 0.49911237942736447
424.5 0.8000919863683849
425.0 0.7222526630259654
425.5 0.6798726204133081
426.0 0.8782734413807651
426.5 0.7219982829409535
427.0 0.6841549513054919
427.5 1.0167861624586445
428.0 0.7853747016346451
428.5 1.1772332112379786
429.0 0.7804213344583564
429.5 1.098989611187799
430.0 1.2055444180088244
430.5 0.8088145452732396
431.0 1.1544416231692765
431.5 0.6923140717557108
432.0 0.7025202190552986
432.5 0.9624350436842777
433.0 1.1244393635253929
433.5 1.2195474269667024
434.0 0.918689600187524
434.5 0.9943148872599576
435.0 0.679734698461445
435.5 0.9530250899049942
436.0 0.8039972198437615
436.5 1.3259560330409397
437.0 1.3238424902789063
437.5 0.6477567646474562
438.0 0.6216322371231493
438.5 0.5626375623242772
439.0 0.5889956524319329
439.5 1.077149487163169
440.0 0.6176123989589561
440.5 0.8698441520945381
441.0 0.899386184960945
441.5 0.4986109028306252
442.0 0.8067985425721826
442.5 0.8278687415311654
443.0 0.6822152406710044
443.5 0.7478360871269618
444.0 0.677617483707857
444.5 0.697891779432397
445.0 0.8819572089070472
445.5 0.6008505583061992
446.0 1.2595575797474092
446.5 0.8556733882779335
447.0 0.6289340295521806
447.5 0.9244165675878688
448.0 0.7438770226093171
448.5 0.6678687090036062
449.0 0.74326657668667
449.5 0.9820141076078934
450.0 1.2071448937174183
450.5 0.6463569032806256
451.0 0.7210933313416165
451.5 1.0941821691598037
452.0 0.8842721551258874
452.5 1.0871770557970082
453.0 0.9434214156554677
453.5 0.767057694430468
454.0 0.996095236170089
454.5 1.2393458418894974
455.0 0.5833466706789937
455.5 0.8785324889663126
456.0 0.7310793426497568
456.5 0.6993990962819467
457.0 1.1020284093462038
457.5 0.8278721815702691
458.0 0.7406174027562449
458.5 1.1507737804998983
459.0 0.5754813746701528
459.5 0.8852694588152392
460.0 0.792735982681553
460.5 1.0790308655826273
461.0 0.9569108469604746
461.5 0.8020921696392427
462.0 1.0616335179239889
462.5 0.9104931607347437
463.0 0.974825914107647
463.5 1.3603713236725494
464.0 1.0575024239603503
464.5 0.7923791410498464
465.0 0.7973651378761434
465.5 1.2162504518130435
466.0 0.7814461212962586
466.5 0.9541515635844691
467.0 0.9228694240190255
467.5 0.5919159067998094
468.0 0.7660751667423551
468.5 0.9946906836886256
469.0 0.6332025486997926
469.5 0.20514166504325548
470.0 1.181265088325656
470.5 1.0463791915619072
471.0 1.0444480763251094
471.5 0.8186813756698494
472.0 0.5667827202339619
472.5 0.7097733164538857
473.0 0.7666238070342468
473.5 0.8297191824112176
474.0 0.6319722534592934
474.5 0.9319872500467565
475.0 0.5482493931869101
475.5 0.7813919769082462
476.0 0.894341464719209
476.5 0.6343030951656392
477.0 0.7848512515820627
477.5 0.9114844543324961
478.0 0.9615978706186002
478.5 0.9023324788666238
479.0 0.8695810543657065
479.5 0.6652135229520664
480.0 0.6828007471588269
480.5 0.6345091580477983
481.0 0.9199423001537634
481.5 0.7217958832566255
482.0 0.7060736614052621
482.5 0.8077380743639082
483.0 1.2913942532024087
483.5 0.7504898549316688
484.0 0.9959225019601001
484.5 0.9677854613016668
485.0 1.1284232839957695
485.5 0.834591429288219
486.0 0.7024302941670261
486.5 0.8257822276585891
487.0 1.0910868840739174
487.5 1.0304071258903786
488.0 0.9790858335917872
488.5 0.898080248065172
489.0 0.969014996656069
489.5 0.8418588267664273
490.0 0.9086570201508437
490.5 1.0255278923843378
491.0 1.144213105470293
491.5 0.862478666003865
492.0 1.5129933588818734
492.5 0.8177492465674205
493.0 0.6703733475815882
493.5 0.6946291271116312
494.0 1.3400562690646813
494.5 0.8569454962718707
495.0 0.7465498158207436
495.5 1.2674434179377074
496.0 0.76896053384503
496.5 0.7669418443526375
497.0 0.5905865970240229
497.5 1.1379729076486893
498.0 0.8029330470411
498.5 1.072975536623928
499.0 0.9690744796777688
499.5 1.2843727416706816
500.0 0.9273983569156589
500.5 0.9667669128081218
501.0 1.0243242270902364
501.5 0.6631804474620699
502.0 0.8160763366474008
502.5 1.1060354329623596
503.0 0.7211407125121423
503.5 1.1595564071536995
504.0 0.6597056969871639
504.5 0.7401006957414664
505.0 0.5580996357823017
505.5 0.9910447968193064
506.0 0.796496016376976
506.5 1.2040217824033963
507.0 1.0980386047000632
507.5 1.2586617572592909
508.0 1.1063547579820034
508.5 0.7850528848331535
509.0 0.9667374035788733
509.5 0.7844956101415084
510.0 1.4489526784305031
510.5 0.8228423535139346
511.0 0.8487947033258659
511.5 1.2534253146713428
512.0 0.7013475004662074
512.5 0.837636006700029
513.0 1.0925939252667782
513.5 0.6157710169032198
514.0 0.9531853227007963
514.5 1.2105833868924858
515.0 1.0993212318257226
515.5 0.7508838856260253
516.0 0.7104665812335986
516.5 1.2438062359037567
517.0 0.9613029499890551
517.5 1.107920922056384
518.0 0.8111128527809233
518.5 1.3918589604871943
519.0 0.6730609053304495
519.5 1.3933699715027448
520.0 1.0661810593105479
520.5 0.9131010183262587
521.0 0.7568408294784699
521.5 0.5181184460507715
522.0 0.7711062448852157
522.5 0.9133854964146841
523.0 0.8059046417514466
523.5 1.2348244731943243
524.0 1.1921752740460456
524.5 0.9880786710681106
525.0 0.9308317196192384
525.5 0.6650563123009403
526.0 0.5805198608884856
526.5 1.3567120815360452
527.0 1.2170094802872886
527.5 1.5724091744773971
528.0 0.7323802177455672
528.5 1.188753449288223
529.0 0.9946239170254991
529.5 1.1728733320634328
530.0 0.8647433608260564
530.5 0.9158581434424016
531.0 1.024129917974464
531.5 0.8610367730733405
532.0 1.2527133192277262
532.5 0.7090985478333711
533.0 1.0746580841555855
533.5 0.9702541336273778
534.0 0.9332575382628342
534.5 1.1048502750207385
535.0 0.7081138661741975
535.5 0.4722085784005878
536.0 1.2594542771388944
536.5 0.6137465293578028
537.0 0.5801397552764453
537.5 0.8592987872710656
538.0 0.9458637927556004
538.5 1.321137815508154
539.0 1.0023856819005985
539.5 1.1090014726323472
540.0 0.935578949937951
540.5 0.9478426869701712
541.0 1.2930085711718569
541.5 0.4962173766667408
542.0 0.46261856986188343
542.5 1.1552368706205853
543.0 0.9789348921012477
543.5 0.8178448002209404
544.0 1.4054464285539892
544.5 0.9487598719324364
545.0 0.5549396468458053
545.5 0.7798481065517954
546.0 0.7239657605130372
546.5 0.8141638212886751
547.0 1.2585798048045378
547.5 1.0991396336086714
548.0 1.0596332138728857
548.5 1.0134265713316382
549.0 0.3823118025832929
549.5 0.6587147905963346
550.0 0.7959752688347905
550.5 0.7086355288407922
551.0 0.8047356978330229
551.5 0.9802295914956338
552.0 0.8756321973795673
552.5 1.0021758650335824
553.0 0.6296737184321939
553.5 1.2515321010773255
554.0 0.6619997240110372
554.5 0.6960237204767372
555.0 0.9505592445314499
555.5 0.7201213365747832
556.0 0.9829629119005232
556.5 0.6453534742388304
557.0 1.1429427716083667
557.5 1.1691581715140202
558.0 0.9788372050815782
558.5 0.6968474170044183
559.0 0.723843080608783
559.5 1.1091586360011596
560.0 0.7230124191080707
560.5 1.328532357879433
561.0 0.9885766169319901
561.5 0.9584868028392934
562.0 0.678779589826108
562.5 0.8116574349457216
563.0 1.4508526332523461
563.5 0.7655651024600463
564.0 1.1946187429920674
564.5 0.9299984144251257
565.0 0.7041329729682264
565.5 0.8798399102016834
566.0 0.9766043302412932
566.5 1.4013241596499704
567.0 1.3967390600213738
567.5 1.2810048669589433
568.0 0.8329157859750398
568.5 0.6807511476233812
569.0 1.2996510793307463
569.5 1.0492153581894281
570.0 0.8593987613736307
570.5 1.1864397051976645
571.0 1.0639253468290875
571.5 0.7556100437287099
572.0 0.983309020230222
572.5 1.1505250113535237
573.0 0.7714323571420938
573.5 0.7422576745515331
574.0 0.7934121014596729
574.5 0.5778536304087909
575.0 0.8842384697111736
575.5 1.13437309388487
576.0 1.0264259986362514
576.5 0.6374464967457734
577.0 0.7547113395887921
577.5 1.023732369884623
578.0 0.7688417525326784
578.5 1.123728005910179
579.0 0.7877179174560062
579.5 1.1596693020801434
580.0 0.8871024017437612
580.5 0.7258033505685233
581.0 0.6729600258657729
581.5 0.9144707249934239
582.0 0.7555687641861313
582.5 0.7778103930357934
583.0 1.0799138337604304
583.5 0.8345552257914121
584.0 0.6050994981225228
584.5 0.8260146310023767
585.0 0.7908147047556211
585.5 0.9094521363121633
586.0 1.050436263834161
586.5 0.6547301667171339
587.0 0.9581564960594033
587.5 0.7303266599236169
588.0 1.1405993865148176
588.5 1.1711674991291665
589.0 0.5420217585810341
589.5 0.807905375030267
590.0 0.7946219570714379
590.5 0.9441130546905151
591.0 0.9395747276551344
591.5 0.69083881799291
592.0 1.397167404261251
592.5 0.8986497546951714
593.0 0.9738951777202931
593.5 0.5086186969749802
594.0 0.9013793764167481
594.5 0.7488364943763723
595.0 0.8876520269751131
595.5 0.5056458932458626
596.0 1.4314229090967612
596.5 0.7628152470123892
597.0 1.2629080838084727
597.5 0.8196469200379283
598.0 0.7931054965610893
598.5 0.5493928664785466
599.0 0.9127972382053683
599.5 0.8520715082021562
600.0 1.2386734175660081
600.5 0.6943282731907412
601.0 0.8867552647210314
601.5 0.7031803044222746
602.0 0.8232449805729594
602.5 0.7920148926845394
603.0 1.0845074140936029
603.5 0.6459496450067292
604.0 0.5262922396993668
604.5 0.8010415065162634
605.0 0.8201703060660694
605.5 0.6704948380897973
606.0 0.9090457685451165
606.5 1.261617329834726
607.0 0.9491455205177546
607.5 0.45788138543047835
608.0 0.6334539742942551
608.5 1.2007360658413793
609.0 0.6786036559288633
609.5 0.7434616775235396
610.0 1.1395384621130247
610.5 0.7842682625617551
611.0 0.5717852480311566
611.5 0.5881027911987484
612.0 1.2972129862971384
612.5 0.8681302421788453
613.0 0.7864910626871447
613.5 0.7599622324473847
614.0 0.5408379937515517
614.5 0.8998535808074947
615.0 0.7988260081772818
615.5 0.7218563333696877
616.0 1.1049908134050224
616.5 1.0551707739200524
617.0 0.7683530691999552
617.5 0.7250742923683012
618.0 1.2778867165223569
618.5 0.8261341952128023
619.0 0.9912273815948227
619.5 0.7629116147204856
620.0 0.632555133185233
620.5 0.8164240002635447
621.0 1.0504705221863653
621.5 0.8039402879085138
622.0 1.1233331697896984
622.5 0.9219081801447878
623.0 1.1241351112348843
623.5 0.6434585500412147
624.0 0.963189652462777
624.5 0.8942277051444683
625.0 1.128063114578907
625.5 0.8281175356263747
626.0 1.0619821856606335
626.5 1.122793905223291
627.0 0.7246694741037223
627.5 0.7112749089407272
628.0 0.9748512096304457
628.5 0.7392937714422997
629.0 1.0967442051855056
629.5 1.0852881910734093
630.0 0.9512957938502262
630.5 0.5760055854759896
631.0 1.4623171577831426
631.5 0.7593707992231487
632.0 0.7755763812243679
632.5 0.8395590253225664
633.0 1.12872831471517
633.5 0.776686224367003
634.0 1.245755266154234
634.5 1.268749121432829
635.0 1.029618485768021
635.5 0.9978185338938369
636.0 0.9447944113850155
636.5 1.3797557956331041
637.0 0.9304567361299728
637.5 0.876067239733045
638.0 0.770510498222191
638.5 1.1565517138010333
639.0 0.8150570383718614
639.5 1.1713273859964883
640.0 1.0050234808801677
640.5 0.9176421395076988
641.0 0.784290151664967
641.5 0.8418358607917763
642.0 1.1063521471356714
642.5 0.5644264662747053
643.0 1.2747040639278546
643.5 0.7299428332453972
644.0 0.5681706336263204
644.5 0.7300938471762193
645.0 1.2784190288718178
645.5 0.9374448893536027
646.0 1.0243968976230917
646.5 1.1161836618908703
647.0 0.6721020726456908
647.5 0.8772571510639232
648.0 1.0594452264310397
648.5 0.9912394682033214
649.0 1.1479722994543853
649.5 1.0500320614292384
650.0 0.7424941070098587
650.5 0.7556229390061056
651.0 0.7821112188632604
651.5 0.6285574168743195
652.0 0.7633048822925084
652.5 1.4477436393475185
653.0 0.7529129660059012
653.5 1.2902258026058226
654.0 0.8108317933709455
654.5 0.6381646695663957
655.0 0.593924976128355
655.5 0.9752645336880725
656.0 0.6326047088383382
656.5 0.8674830347336082
657.0 0.8569790608985419
657.5 0.9725096333862919
658.0 0.7836667126875622
658.5 0.5387373268072083
659.0 0.9836164700419108
659.5 0.7752523257177476
660.0 0.7152380197800587
660.5 1.0887538618334305
661.0 1.0419662133153227
661.5 0.9748343690735501
662.0 0.9341649591322285
662.5 1.3545794378281424
663.0 0.8870998497426903
663.5 0.4893271575813098
664.0 0.8394376361936604
664.5 0.6522690001203766
665.0 0.8860210642403441
665.5 1.1354922874751145
666.0 0.6772813646386324
666.5 0.906529421514625
667.0 0.9345794868915042
667.5 1.3302674246986608
668.0 1.5279050293542633
668.5 1.0320674878330263
669.0 0.8220281864646899
669.5 1.3974818014666184
670.0 0.6720264637451641
670.5 1.0526107303389707
671.0 0.9423381899097997
671.5 1.3137721986668838
672.0 1.058799172500458
672.5 1.2373444068157236
673.0 0.6087845995121548
673.5 0.8170284476666565
674.0 0.9912180469274658
674.5 1.2793248773627188
675.0 1.0995543821242266
675.5 0.6971199088612773
676.0 0.9230495597177144
676.5 1.0069050614674673
677.0 0.47217867855900314
677.5 1.1113618029613237
678.0 0.8301215577861618
678.5 1.1132210237191469
679.0 0.9414295437787673
679.5 0.6765624479825035
680.0 1.7033099941900232
680.5 0.8260145608622242
681.0 0.8308458960998546
681.5 0.7152555209721676
682.0 0.6812677521980204
682.5 1.3987660132353543
683.0 0.9667569032195789
683.5 1.096466924730382
684.0 1.1591223602390843
684.5 0.9417083211249901
685.0 0.6850788312519575
685.5 0.9786452512380364
686.0 0.7537371680105451
686.5 1.056458184420059
687.0 1.210043570758605
687.5 0.5919745642655987
688.0 0.9524803934860774
688.5 1.124371704093928
689.0 0.4686297222756405
689.5 0.9144687317317629
690.0 0.857522503840409
690.5 1.066828772044933
691.0 0.9186743905323316
691.5 0.9976770753236267
692.0 1.2889622425131162
692.5 0.7107682513787008
693.0 0.6794220799146103
693.5 1.1287742687345186
694.0 0.8734559313651342
694.5 0.8139770522131322
695.0 1.0049541647123394
695.5 0.9503380785167174
696.0 0.8117931992329469
696.5 1.1256276722851273
697.0 1.2107418800546441
697.5 1.0165907686813191
698.0 0.8014263130128713
698.5 1.3657201744153364
699.0 0.8312186755857628
699.5 1.0226860030129277
700.0 0.6434776433519183
700.5 1.2075898969559078
701.0 1.1961462400394935
701.5 1.0024972999559272
702.0 0.7262242531223522
702.5 0.9623977840009879
703.0 0.7627537092542546
703.5 1.1334821665309942
704.0 1.1596760162349473
704.5 0.836530073168491
705.0 0.7903587573823299
705.5 0.9047162922885839
706.0 1.0827166649382183
706.5 0.77263425096154
707.0 0.4708642136856643
707.5 1.0910632691708169
708.0 1.0378857012382812
708.5 0.4447267347427268
709.0 1.0878844153887384
709.5 1.0534526233864465
710.0 0.9993518817823538
710.5 0.5512864013149227
711.0 0.7886817388781618
711.5 1.1191214046859483
712.0 1.1096578089057632
712.5 1.0662537989117877
713.0 0.6749027366441163
713.5 1.1846898263163608
714.0 0.5518430552429181
714.5 1.261750170385983
715.0 0.6538369665036776
715.5 0.9902032476866094
716.0 1.0715646508226295
716.5 0.7325416437630767
717.0 0.7547358160385532
717.5 1.0444824044661118
718.0 0.933538098457251
718.5 1.0618524477181652
719.0 0.7939787067778963
719.5 0.9216920412561168
720.0 1.0366842953332474
720.5 1.1285078236845467
721.0 0.7332406854450388
721.5 0.7321480803154259
722.0 0.6998832568737442
722.5 0.6257413308912252
723.0 1.4726018184347522
723.5 0.5923739081276101
724.0 0.9078394413310364
724.5 1.6855257292644827
725.0 0.969835254669406
725.5 1.2464878061630382
726.0 1.0265698208819534
726.5 0.8585914002122691
727.0 0.9141733629929826
727.5 1.058706324558287
728.0 0.9226026899434849
728.5 0.5885850833728703
729.0 0.8302661518687038
729.5 0.6377909026500315
730.0 0.6264001660284284
730.5 0.724832367468999
731.0 0.705901507573065
731.5 0.8254629201917238
732.0 0.6641633688457851
732.5 0.5708939248608005
733.0 0.887689608616239
733.5 1.4112532668314928
734.0 0.9721580592440378
734.5 1.2035720091032203
735.0 0.8648202327385687
735.5 0.6615702668186547
736.0 0.7860087017221742
736.5 0.9737991881908411
737.0 0.879525427278413
737.5 0.9748783707960689
738.0 0.9073420784630115
738.5 0.8235434128992405
739.0 1.3776722994309982
739.5 0.875073955919976
740.0 0.693108738686814
740.5 1.0560293006214923
741.0 1.1656193880218138
741.5 0.8983076319379029
742.0 1.0693201567790878
742.5 0.8847279313522763
743.0 0.6893531189091561
743.5 0.6517382004820684
744.0 0.7605290100279865
744.5 1.1264875830370533
745.0 0.8744596248585232
745.5 1.0855428424484361
746.0 0.7524014757857074
746.5 0.592329694212113
747.0 0.9046234301180096
747.5 0.6313463787178484
748.0 1.0585631508789404
748.5 1.060823037601625
749.0 0.988726590803736
749.5 1.327479844588725
750.0 0.8614022009056727
750.5 0.8004652735651254
751.0 0.8339967704148779
751.5 0.974811215452446
752.0 1.1899633574327348
752.5 1.1027972344337238
753.0 1.276962268234018
753.5 0.54061384836943
754.0 0.42309917961033977
754.5 0.7717609964533929
755.0 0.669640889647476
755.5 0.8833205296826296
756.0 0.6538900048229798
756.5 0.6073803569417411
757.0 0.5711715856356043
757.5 0.5359610645631451
758.0 0.5672799126500988
758.5 0.8050795518869085
759.0 0.8067854088309606
759.5 0.8245874706087578
760.0 1.0040894170832342
760.5 0.9624019770101121
761.0 0.7291678825783295
761.5 0.4104671848516485
762.0 1.0313298475998445
762.5 1.0275054271986814
763.0 0.8447110400274713
763.5 0.7991627589177588
764.0 1.0804660250365274
764.5 0.9343840890788093
765.0 0.630595223481518
765.5 1.3179205078083398
766.0 0.915635055785316
766.5 1.3664647957170342
767.0 0.68248814859755
767.5 0.576190224653407
768.0 0.871300402829146
768.5 0.7251506825955668
769.0 0.8956434614637698
769.5 1.1583627962927334
770.0 0.681685042912729
770.5 0.8233631578816136
771.0 1.2778854010078635
771.5 0.7072499390764244
772.0 0.771839686407772
772.5 0.6998629024136352
773.0 1.0587195427829508
773.5 1.346058146555007
774.0 0.9864752141578533
774.5 1.379101971973502
775.0 1.0911512591033845
775.5 0.8351050186752077
776.0 1.0206365433458644
776.5 0.38116628885778725
777.0 0.7290829518066084
777.5 0.9520255458445257
778.0 0.6524740632203918
778.5 0.6710497114897711
779.0 0.7687726534408593
779.5 0.5224136824698571
780.0 0.6150681499358521
780.5 1.0595527044095925
781.0 0.8216790440322724
781.5 1.189444965462544
782.0 1.0033717108051456
782.5 1.1468824861551328
783.0 1.1718434394679709
783.5 0.6918915000580591
784.0 0.7466695287380618
784.5 0.7997322913938117
785.0 0.9114085445886875
785.5 0.9615556158577425
786.0 0.6206601880020794
786.5 0.6496342602675019
787.0 1.2574552630022657
787.5 1.0069151880016012
788.0 0.6499610657425219
788.5 0.9783339858269886
789.0 0.6651186943120592
789.5 1.1362088069619087
790.0 0.9349731509972161
790.5 0.7761110629067391
791.0 0.9101817018257506
791.5 0.5704263358418911
792.0 0.9626926249294709
792.5 0.6789266108847887
793.0 1.1850663175427678
793.5 1.379864786019481
794.0 1.340547481335649
794.5 0.6968415454055897
795.0 0.5556852043160593
795.5 0.7636491993885064
796.0 0.7144163286089098
796.5 0.6728764522903105
797.0 0.9233425042741124
797.5 0.9368046309349705
798.0 1.0007251983711931
798.5 1.1580044362594704
799.0 1.1004634625526624
799.5 0.8154149890077347
800.0 0.702156314997946
800.5 1.2199543891192852
801.0 0.8535113538628027
801.5 1.1689992319736304
802.0 0.7804443444275321
802.5 0.761643112410562
803.0 0.8054481230641063
803.5 0.8915013742646227
804.0 0.7324446598635326
804.5 0.8866179093716922
805.0 0.7761607810007678
805.5 0.8074352886209382
806.0 1.0462623468447538
806.5 0.7535532213549341
807.0 1.2900349347932596
807.5 1.109031649809635
808.0 0.9176619027529814
808.5 0.9346681636979197
809.0 1.2141460065632033
809.5 0.7143717696216818
810.0 1.1984082429602858
810.5 0.5469745556133797
811.0 1.0936031259801522
811.5 0.608092913130245
812.0 0.8269993577761114
812.5 0.765972848956646
813.0 1.5412341134583136
813.5 1.114375646877579
814.0 0.7332624133354797
814.5 0.7729680173806043
815.0 0.767045508584481
815.5 0.6853741373209239
816.0 0.6983711509599861
816.5 1.0882060946207246
817.0 0.6579058358676919
817.5 1.055551897278185
818.0 1.0422330110619829
818.5 1.2807841191746472
819.0 0.7434331756424702
819.5 1.35555060129069
820.0 0.6122222905805692
820.5 0.3201255672194923
821.0 0.6492661316684247
821.5 0.791186250588178
822.0 0.9379136786832303
822.5 0.7747649571178497
823.0 1.2199745222016607
823.5 1.131611432030615
824.0 0.8714561127469682
824.5 0.6777932046732518
825.0 0.625826467241247
825.5 0.7973676472879968
826.0 1.335660941550372
826.5 1.1480357819976477
827.0 0.695244421750612
827.5 0.7993011795497798
828.0 1.344925165194541
828.5 0.7425130626552716
829.0 0.6680603339099221
829.5 0.5304935107068931
830.0 0.8162149845925228
830.5 1.03405653125914
831.0 0.5676190087644633
831.5 1.0685419281510256
832.0 0.7374116686984732
832.5 0.9316207559866244
833.0 0.6975229780132335
833.5 1.254040292434842
834.0 0.9825664667385977
834.5 1.225705049952333
835.0 1.2375190306235573
835.5 1.2059277310633438
836.0 0.8411034512848001
836.5 0.7640199538871004
837.0 1.2683941527178093
837.5 0.8227452400886521
838.0 1.5335960975279512
838.5 0.7389510480855543
839.0 0.9760100208260687
839.5 0.7413467966143449
840.0 0.8240473350029174
840.5 0.7275395326734677
841.0 0.7398107885495127
841.5 0.7891894111716833
842.0 0.8682604865969802
842.5 0.5490168148767374
843.0 0.5844198580648886
843.5 1.0671798312449503
844.0 1.032143905248979
844.5 0.6140633435955595
845.0 1.1545564415694862
845.5 0.7854169636944471
846.0 0.9971770346068327
846.5 1.1093671997082573
847.0 0.6096145245570534
847.5 0.8259154265374251
848.0 1.0691455263403065
848.5 0.8481865087116033
849.0 0.8874793068318875
849.5 1.17360977621366
850.0 0.7722572314081033
850.5 0.7869400522644777
851.0 0.7548483980121856
851.5 0.7625745980139771
852.0 1.0914493899839117
852.5 0.7690995157210022
853.0 0.9506484512267268
853.5 0.849438544171146
854.0 0.9516677124340978
854.5 0.6588826678526978
855.0 0.9482885910138761
855.5 0.7161945889321185
856.0 0.8183734519147969
856.5 0.8270135697152796
857.0 1.0949055605830549
857.5 1.409651577514579
858.0 0.8389173350567289
858.5 0.5305456281857447
859.0 0.749360452955951
859.5 1.1504873199378074
860.0 0.8075322954178958
860.5 1.4339212715751155
861.0 0.889109702954624
861.5 0.8156637834429752
862.0 1.0691091307466587
862.5 0.92728153454336
863.0 1.4420665076490027
863.5 0.8509626043451943
864.0 0.7708658211076422
864.5 0.9746630544223809
865.0 1.0454576261000121
865.5 0.7774833305280449
866.0 0.7092683952386802
866.5 0.7313108192063307
867.0 1.0128589089527522
867.5 0.993761062905834
868.0 0.9837292782528018
868.5 0.6933011205093365
869.0 0.6427337087011302
869.5 0.5385161206680011
870.0 1.1002783935526594
870.5 0.7488148355790266
871.0 1.1005556455623633
871.5 1.2082129790813894
872.0 1.1552407521785195
872.5 0.7607393072217938
873.0 1.233877116491153
873.5 0.7028181521887548
874.0 0.6572010602480709
874.5 1.0466832677686941
875.0 0.9988299649954533
875.5 0.6883030461435786
876.0 0.5330871518468836
876.5 1.1092179083116003
877.0 0.7044038041492487
877.5 0.7121338989850088
878.0 1.1459565918181362
878.5 0.940038515099347
879.0 0.2713367487807098
879.5 0.5494976874338673
880.0 0.7403816064626964
880.5 1.2864806738408876
881.0 0.8017031317520855
881.5 0.5118387519509686
882.0 0.9447390185740476
882.5 0.8800063333093178
883.0 0.6793959429088204
883.5 0.8658749194223336
884.0 1.08837570913217
884.5 0.8975314674767121
885.0 0.8774591677074787
885.5 0.9541204226285862
886.0 0.6882531421178417
886.5 0.7237606207231394
887.0 1.242381477680068
887.5 0.7677867906618389
888.0 0.9591518683031273
888.5 1.0169901734210254
889.0 0.9186223295858378
889.5 1.1831172681664253
890.0 0.8617164616894534
890.5 0.972068875787984
891.0 0.9394905601543917
891.5 0.979424835121353
892.0 1.0331977133642274
892.5 0.9691539143364376
893.0 1.3907931774343596
893.5 0.7984322367412688
894.0 1.0159391183195043
894.5 1.1515668887101773
895.0 0.8746900427286219
895.5 1.1028416439556321
896.0 1.0254881911225175
896.5 0.6692696191432898
897.0 0.9297508925667815
897.5 0.7674518224175246
898.0 0.7065207925162503
898.5 1.0262022143196585
899.0 0.7491803463605713
899.5 0.987492208921761
900.0 1.232448256245581
900.5 0.8725878726863404
901.0 0.8928906334707305
901.5 0.780214102563866
902.0 1.081706013336276
902.5 1.0135079171844947
903.0 1.1014548947814136
903.5 0.7946641621544361
904.0 0.86537266074515
904.5 0.8317872789159066
905.0 1.0665899646781036
905.5 0.9551318088947158
906.0 1.202767164349024
906.5 0.8001403540701866
907.0 1.2177058672515937
907.5 0.8136135020390609
908.0 0.7941097454063435
908.5 0.7823182036466831
909.0 0.9310706453097282
909.5 1.0771405781926378
910.0 0.7354766931426451
910.5 0.8870621524776665
911.0 1.0819126689105556
911.5 0.8680847786418695
912.0 1.1348128052530375
912.5 1.1298065579626604
913.0 1.466723765445177
913.5 1.0040760008540126
914.0 0.9271843354578735
914.5 1.216577032083899
915.0 1.6875540884927516
915.5 0.886366090545713
916.0 1.000569442778411
916.5 0.9654473846691246
917.0 0.8281905403793834
917.5 0.6452558639048862
918.0 0.7249353200443847
918.5 1.077475185587775
919.0 1.0197047332972833
919.5 0.8028413798282628
920.0 0.5805976435521696
920.5 0.6081517729164474
921.0 1.1931090486283122
921.5 0.6581145346590425
922.0 0.8131311435058672
922.5 0.6931797611375691
923.0 0.6757011781419275
923.5 0.5970459546948244
924.0 0.7916954094368721
924.5 1.072288119809644
925.0 0.3989120939665546
925.5 0.8340729721595309
926.0 0.7591165873237663
926.5 0.5528607646930694
927.0 1.1621095418959806
927.5 0.8509549652337918
928.0 0.8853983088791488
928.5 0.8047745499873511
929.0 0.7952624048054397
929.5 0.9114744782570907
930.0 1.0635841536077906
930.5 1.18614697528151
931.0 0.8197226317500746
931.5 0.6267161754498933
932.0 0.44937470874773133
932.5 1.4492295111903184
933.0 0.8007114975696376
933.5 0.9600341592242692
934.0 1.1698093106507124
934.5 1.0288832845315317
935.0 1.1882981384546056
935.5 0.8584123586515218
936.0 1.0014945253629672
936.5 0.98565086040716
937.0 0.9060783485177788
937.5 1.2846438475684194
938.0 0.7735280537574267
938.5 0.8813170259416837
939.0 1.1136007870503168
939.5 0.4984421601440459
940.0 0.681891112619669
940.5 1.1388014333311376
941.0 1.3014078520091794
941.5 1.3244296811035725
942.0 0.797989202239648
942.5 0.8056859277707454
943.0 0.9075732383865995
943.5 0.628549836937425
944.0 0.8512173538465135
944.5 0.6437950163566841
945.0 1.2983035314262756
945.5 0.997075967803631
946.0 0.7810062237776036
946.5 0.7765754590203635
947.0 0.7189429501043556
947.5 1.3042694027231168
948.0 0.7839611323670952
948.5 1.6992900406442706
949.0 0.9298253607233775
949.5 0.9199078229755898
950.0 0.5701074049205563
950.5 1.0172114845118814
951.0 0.8622538117910337
951.5 0.6807708041305034
952.0 0.7698911037144852
952.5 1.011872747272557
953.0 1.3540572759306255
953.5 1.3023852957034185
954.0 0.8123501744975795
954.5 1.0046915849491265
955.0 0.2
955.5 0.7403776941538722
956.0 1.0192923889886867
956.5 0.8684725171116359
957.0 1.1816868538646648
957.5 1.2667274242970763
958.0 1.3461010802309104
958.5 1.0553139833513656
959.0 0.7835722093365016
959.5 0.8973255884402778
960.0 0.704647780924909
960.5 1.0787823025541539
961.0 1.270770647538828
961.5 1.0331778563327356
962.0 1.0660593473176123
962.5 1.0315622252452528
963.0 0.952707101028017
963.5 0.8848038550269892
964.0 1.4493192456991397
964.5 0.8576770667912872
965.0 0.8249890226272489
965.5 1.1728377565110497
966.0 0.6024270757602146
966.5 0.8898902409004132
967.0 0.7320730501783355
967.5 1.094410740340253
968.0 0.8550042526975804
968.5 0.7551681107951402
969.0 1.3715921981928008
969.5 0.8005631865684102
970.0 1.360271044557303
970.5 1.2157025520094136
971.0 0.8687914157586737
971.5 1.2153861499924852
972.0 1.0070831673542502
972.5 0.5985998888514406
973.0 0.9645674348997912
973.5 0.6649016699676382
974.0 0.6986284210887101
974.5 0.8454977667406329
975.0 1.1375691309444864
975.5 1.438758248099309
976.0 0.6877026836594424
976.5 0.9794440421428041
977.0 1.3968954376390612
977.5 1.0936417505718925
978.0 1.082196348885578
978.5 0.647209756492841
979.0 0.4895903290384936
979.5 1.3827376200831403
980.0 0.9446604251771075
980.5 0.9568754881363695
981.0 1.0731467215120827
981.5 1.0816828418914533
982.0 0.8063946959040172
982.5 1.0379580568348563
983.0 1.3152779090943385
983.5 0.8704468016413529
984.0 1.3714055168819126
984.5 0.8455306723794869
985.0 0.777042329382168
985.5 0.5805999334483037
986.0 0.9581040286138477
986.5 1.3442270641714074
987.0 1.1324449128517702
987.5 1.000444514441508
988.0 1.0716429497526854
988.5 0.8226792769942592
989.0 0.7105804907029334
989.5 1.172257473594312
990.0 0.5882114898564843
990.5 0.716911320468384
991.0 0.8138412168616151
991.5 1.2255986073363228
992.0 1.4372731359382005
992.5 0.588750633076267
993.0 0.930003472846985
993.5 0.6559925916577741
994.0 0.8453024386495201
994.5 0.8715013468449431
995.0 1.103429337609344
995.5 0.9929047426869311
996.0 1.2668661817815208
996.5 1.0823546240013386
997.0 0.7964945310813695
997.5 1.2256071966679651
998.0 0.7683885318625299
998.5 1.0218626865083174
999.0 0.7626177860122609
999.5 0.5306438807099861
1000.0 0.9067628755002379
1000.5 0.8167415917539953
1001.0 0.9101855107033701
1001.5 1.1952520516010705
1002.0 1.1300216826692386
1002.5 1.6236461195105765
1003.0 1.248867670900934
1003.5 1.0154857785193954
1004.0 1.0852427671271911
1004.5 0.8242503299295298
1005.0 0.7908522602928068
1005.5 0.543851451026311
1006.0 0.7524037227493682
1006.5 1.2839711345652363
1007.0 0.9068593200203201
1007.5 0.6362467225397503
1008.0 0.7773257241985164
1008.5 0.8743037723285549
1009.0 1.236259934863031
1009.5 0.598322577187733
1010.0 0.5477013431263975
1010.5 0.7954550479486335
1011.0 0.9197873640751983
1011.5 0.8061680417445101
1012.0 0.7016252839284309
1012.5 0.9068976294170515
1013.0 1.0143003486595927
1013.5 0.7821989090104441
1014.0 0.8181842450736485
1014.5 0.6476729444809068
1015.0 0.8825626373537758
1015.5 0.5431077856474451
1016.0 0.6262150870786349
1016.5 0.6141349629103572
1017.0 0.60054977702655
1017.5 0.8597050239436008
1018.0 0.648016788478835
1018.5 0.8530498804549603
1019.0 0.6855896853188463
1019.5 0.6522285279430268
1020.0 0.6929834478990431
1020.5 0.5717479406829395
1021.0 1.0219202419941595
1021.5 0.760732527199285
1022.0 0.9206075516502956
1022.5 0.6617361288587421
1023.0 1.1018788400452797
1023.5 0.9162612292399841
1024.0 0.4920716044094817
1024.5 1.184707970083077
1025.0 0.8026278582394484
1025.5 0.4875356136901046
1026.0 0.9384131448707868
1026.5 0.846383564384951
1027.0 1.1387259955113302
1027.5 0.6997506250547825
1028.0 0.7196974989226026
1028.5 0.751039539985751
1029.0 0.7278749289920557
1029.5 0.9760520964824149
1030.0 0.8850823192561763
1030.5 1.091014511013619
1031.0 0.5989811958325896
1031.5 0.9221737437359278
1032.0 0.882213793177453
1032.5 0.6929512753670517
1033.0 1.1397390503775675
1033.5 1.0595942896253778
1034.0 0.8332077520293035
1034.5 0.26138129576694547
1035.0 0.7031839755882592
1035.5 0.8988808024377192
1036.0 0.6824326376824686
1036.5 0.9926955398714894
1037.0 0.9953390069080178
1037.5 0.7357445306546204
1038.0 1.3651819329319848
1038.5 0.8077049882776681
1039.0 0.9603685190115006
1039.5 0.8390945633146693
1040.0 0.9700267808304806
1040.5 0.9539400723476459
1041.0 0.7271814145590709
1041.5 0.8351330295911903
1042.0 0.7240089443127093
1042.5 0.6516328830739029
1043.0 0.8333217860204528
1043.5 1.1737175206184092
1044.0 0.7855748023597242
1044.5 1.2037380391241457
1045.0 0.6728668640560169
1045.5 1.2245332800469684
1046.0 0.667707254454428
1046.5 1.0404823180399667
1047.0 0.8612582201858204
1047.5 0.8300891171899387
1048.0 0.7568878887953565
1048.5 0.83572203839402
1049.0 0.705375998833532
1049.5 0.9347915076943474
1050.0 0.6662841417179199
1050.5 0.5908344975299717
1051.0 0.6916313419180841
1051.5 0.6310977340506418
1052.0 1.0942028232222858
1052.5 0.8155281789643547
1053.0 0.8610705167501084
1053.5 1.0921864873451095
1054.0 0.7492380084667385
1054.5 0.8168636646780373
1055.0 0.9986476854255046
1055.5 1.05230137563677
1056.0 0.49633605749616144
1056.5 1.3466886415302424
1057.0 0.9583642664680584
1057.5 1.0240355984701317
1058.0 0.6829552214134604
1058.5 0.9090394864341413
1059.0 0.8626215365911669
1059.5 1.4499911549717863
1060.0 0.846315483703072
1060.5 0.7101797362497515
1061.0 0.8063875120539665
1061.5 0.5590162150339932
1062.0 0.7310367590054003
1062.5 1.1012500930484705
1063.0 0.9425984042569824
1063.5 0.7276344879773399
1064.0 0.8908387535682898
1064.5 0.6861676241413157
1065.0 0.7267415124838756
1065.5 0.9008931552662618
1066.0 1.2317683814269997
1066.5 0.8856166309326408
1067.0 0.7513994790973993
1067.5 0.8558071808635603
1068.0 1.3929955496938513
1068.5 0.8899334811776511
1069.0 1.1859544141350111
1069.5 1.2519341673163
1070.0 0.990438277261648
1070.5 1.488081497736411
1071.0 1.233019133015147
1071.5 0.6671692273147414
1072.0 0.6238139272813962
1072.5 1.1186086607971952
1073.0 0.9191240753271879
1073.5 0.7536430212693804
1074.0 0.5803865944538678
1074.5 0.607871649818267
1075.0 0.6888579062974949
1075.5 0.571313591907072
1076.0 0.9189512946026781
1076.5 0.6345950077760851
1077.0 1.0590776852598878
1077.5 0.8792031924785608
1078.0 0.9506752408127616
1078.5 1.3732859440878762
1079.0 0.6280278258304801
1079.5 0.8677738839824924
1080.0 0.891325562433749
1080.5 0.8016904985243025
1081.0 1.3536188142984933
1081.5 0.745102832708288
1082.0 1.1609712072402356
1082.5 0.916061406357243
1083.0 0.8767471212354706
1083.5 1.056213921683216
1084.0 1.117845081843995
1084.5 0.6833188240322574
1085.0 0.8652536309366232
1085.5 1.0404577743495689
1086.0 0.6825483514580499
1086.5 1.0410455941963594
1087.0 0.7324741814410405
1087.5 0.7054119868402127
1088.0 1.0875240959862773
1088.5 1.1247682456194061
1089.0 1.0809726352016513
1089.5 0.5622841296238759
1090.0 0.8031447118483975
1090.5 0.6826643076964549
1091.0 1.0588415187316356
1091.5 0.8143302095108086
1092.0 0.8530361134866935
1092.5 1.0277632873318012
1093.0 0.9306990311232912
1093.5 0.6156294206244619
1094.0 1.2654374241802446
1094.5 0.8773587707164596
1095.0 0.8068520736961415
1095.5 1.084140732085706
1096.0 0.7605421590607555
1096.5 0.658133850209496
1097.0 0.8192918595910887
1097.5 0.509166542698555
1098.0 0.6459435695592666
1098.5 0.695493610255242
1099.0 0.9943532726201207
1099.5 1.6210050940345726
1100.0 1.2106394473618836
1100.5 0.25837667544185744
1101.0 0.8283537116943174
1101.5 0.6416076082482931
1102.0 0.6493368242965756
1102.5 1.0277884789471385
1103.0 0.9711443589117321
1103.5 0.7312505221002716
1104.0 1.187029728345197
1104.5 1.0748811208574454
1105.0 1.2463161740458775
1105.5 1.1719593015287009
1106.0 0.882260269772426
1106.5 0.7996127750303164
1107.0 0.695646328525968
1107.5 1.3853894984165833
1108.0 1.0497152174103181
1108.5 0.8344760772106523
1109.0 0.7864898769343518
1109.5 0.5967496315569247
1110.0 1.2350591506662316
1110.5 1.1007234387146083
1111.0 0.6552186778134239
1111.5 0.9157071213602868
1112.0 0.6711839906184149
1112.5 1.4765475485923387
1113.0 0.9464666357784541
1113.5 0.9020139375387062
1114.0 0.6378786794991834
1114.5 0.6460606789988423
1115.0 0.8781930914080003
1115.5 0.6067769361675355
1116.0 1.3943069176826943
1116.5 1.5227109804095535
1117.0 1.1290643086677952
1117.5 0.991686955498297
1118.0 0.8766265306229846
1118.5 1.0407173563402958
1119.0 0.7655032946020317
1119.5 0.6522156210359337
1120.0 0.8578075625529179
1120.5 0.7060440455276098
1121.0 0.7786597995233241
1121.5 0.8068599023686216
1122.0 0.9142442403361666
1122.5 0.8771559000612734
1123.0 1.011946355461816
1123.5 0.8516431064808253
1124.0 0.7217428074507486
1124.5 1.1876816431545072
1125.0 1.1810767604611199
1125.5 0.9789346876102025
1126.0 1.0166535985011087
1126.5 0.7277725941195261
1127.0 0.7447286812344873
1127.5 0.5789914204907434
1128.0 0.9415708125376402
1128.5 1.2912893388153113
1129.0 0.7636313016217138
1129.5 1.0895882111097122
1130.0 0.7878747474443759
1130.5 0.7137780243984351
1131.0 1.3505948508729353
1131.5 1.3973700251606693
1132.0 0.9120056270264312
1132.5 0.809586456854081
1133.0 1.0711917263134692
1133.5 1.5034380267187206
1134.0 0.8819482862186117
1134.5 1.0627986785214363
1135.0 0.827278177621641
1135.5 1.070067430134711
1136.0 0.9753269760064827
1136.5 0.644487539839502
1137.0 1.0668194591081699
1137.5 0.7844115777049844
1138.0 0.6485262177381084
1138.5 1.0926553089503328
1139.0 1.6767331608184501
1139.5 0.6824774247942579
1140.0 1.0810607445831704
1140.5 1.328082058952976
1141.0 0.8828459644322967
1141.5 0.625341307960323
1142.0 0.8011860875868535
1142.5 1.4234104143856938
1143.0 0.6718510038856864
1143.5 0.5406297950994462
1144.0 0.704478827852995
1144.5 0.9527987497394599
1145.0 0.7861726909286646
1145.5 0.686819274413037
1146.0 0.7353838765240683
1146.5 0.8790332876037359
1147.0 0.634411630980473
1147.5 1.1823102251952036
1148.0 0.9945017542573681
1148.5 0.9641992858462568
1149.0 0.8926601377262345
1149.5 0.5074755565103191
1150.0 0.9058986107627226
1150.5 0.6082477966062518
1151.0 0.6575912031188774
1151.5 1.066316472717467
1152.0 0.9332609883441731
1152.5 0.8708759158543415
1153.0 0.527156309881622
1153.5 0.576606294568307
1154.0 0.7384293499340195
1154.5 0.9454722141561163
1155.0 1.3992858234798757
1155.5 1.236933759116421
1156.0 1.0118434631901423
1156.5 1.2136131125026641
1157.0 0.9027286154556555
1157.5 0.4809072760164591
1158.0 1.0033961774385194
1158.5 0.6908429403542398
1159.0 0.8909564432910206
1159.5 1.355709538154605
1160.0 1.2215417278896252
1160.5 1.1090124547060276
1161.0 0.4762006601542014
1161.5 0.7034683070603089
1162.0 0.8886449253938389
1162.5 1.1329627401538203
1163.0 0.9417894376151614
1163.5 0.6250089631298148
1164.0 0.717743437204093
1164.5 0.7786355846875413
1165.0 0.8742910207646953
1165.5 0.9793931514772367
1166.0 0.958124232538914
1166.5 1.0344783404673619
1167.0 0.8619670994278068
1167.5 0.6533448768407497
1168.0 1.0882943843939095
1168.5 1.2110609005731858
1169.0 0.9128981883789853
1169.5 0.8313204280439859
1170.0 0.4797661066014246
1170.5 0.9598659094821291
1171.0 1.3100386673540423
1171.5 0.9827932827056429
1172.0 0.8522338893115927
1172.5 0.21278516971841288
1173.0 0.9059125628434961
1173.5 1.461409688184545
1174.0 0.6863855718858468
1174.5 1.1739329686036681
1175.0 0.9229785968005729
1175.5 1.154907901007098
1176.0 0.8554730953334341
1176.5 0.7985295324897722
1177.0 1.30663183553364
1177.5 0.7355597346501745
1178.0 0.7754526433918421
1178.5 0.7758182309368546
1179.0 0.8936763027469846
1179.5 1.0122010664731569
1180.0 0.9667700785794503
1180.5 1.042603270440144
1181.0 0.9413468537447337
1181.5 1.115984463281332
1182.0 0.5279116982075702
1182.5 0.8150493807742006
1183.0 1.24195841580627
1183.5 1.096619736076963
1184.0 1.077758652139008
1184.5 0.721590253861734
1185.0 0.8897032179566413
1185.5 1.3865291131629385
1186.0 0.6826405431431294
1186.5 0.7625042760564925
1187.0 0.8125350380340732
1187.5 0.9608804397423638
1188.0 1.0377189683484387
1188.5 0.653098042999422
1189.0 1.1841685236800195
1189.5 0.9919770227516013
1190.0 0.661854746712143
1190.5 0.5614842686783581
1191.0 1.297572693548839
1191.5 0.813678715142327
1192.0 0.5328353234346292
1192.5 0.5206482038293871
1193.0 0.8128010946925581
1193.5 0.7274353267111651
1194.0 0.824063812587196
1194.5 0.5537856655603756
1195.0 0.8271040457928119
1195.5 0.4703860260279182
1196.0 0.9302141561911181
1196.5 0.9014137350619361
1197.0 1.3490782154732948
1197.5 0.7833362515410585
1198.0 0.8112415501294988
1198.5 1.2796691868907688
1199.0 1.11242696513653
1199.5 1.173641570734852
1200.0 0.8542981731774258
1200.5 1.5109979161575646
1201.0 1.2318723737388275
1201.5 0.8316497696736831
1202.0 1.2254253255586485
1202.5 0.9943098595182738
1203.0 0.7507596046614691
1203.5 1.0875608086357071
1204.0 0.6652481922157791
1204.5 1.682686149026724
1205.0 0.7008851332125882
1205.5 1.072173883238746
1206.0 1.2219107043940798
1206.5 0.756249568772863
1207.0 0.6969584397961823
1207.5 1.258362033162609
1208.0 1.3356185125977575
1208.5 0.4980040692749446
1209.0 0.9058674390228728
1209.5 1.0400519987453332
1210.0 1.1828100999573503
1210.5 0.6974278417870095
1211.0 0.8089421147985618
1211.5 1.443388858597367
1212.0 0.7454854725945683
1212.5 0.675515697575888
1213.0 1.05468868004779
1213.5 0.8584928157491553
1214.0 0.8709661517148917
1214.5 1.111132546075487
1215.0 1.1203570925483788
1215.5 1.3813134275857966
1216.0 0.8815998181070395
1216.5 1.2816883731285955
1217.0 0.6721890733272946
1217.5 0.8956084664223365
1218.0 0.793380188261279
1218.5 0.7611432746990886
1219.0 1.209696621100594
1219.5 1.0996247982678624
1220.0 1.4056225904041413
1220.5 0.8777790609801083
1221.0 1.1490499344341985
1221.5 1.1452217264528497
1222.0 0.890818345683978
1222.5 0.7701618442530538
1223.0 0.9446949863147014
1223.5 0.7375966181091389
1224.0 0.8144950697177225
1224.5 1.0273271280868612
1225.0 0.9789585650210684
1225.5 0.8442781090603482
1226.0 0.7580956756425523
1226.5 1.169052174540481
1227.0 0.9854659439759627
1227.5 0.7489172502877746
1228.0 0.7992713346675842
1228.5 0.6039009239426111
1229.0 0.6997230914057888
1229.5 0.9692985492420154
1230.0 0.5906972190883515
1230.5 0.9892727724581698
1231.0 1.1719260508094567
1231.5 0.6317112982719035
1232.0 0.7036055105941235
1232.5 1.2101282527515225
1233.0 0.9440506110500981
1233.5 0.8312721025935439
1234.0 0.9941786522100016
1234.5 0.5444344586937109
1235.0 0.8017888025248341
1235.5 0.8985072530037368
1236.0 0.6989984004894807
1236.5 0.8411530306386474
1237.0 0.8289460375198485
1237.5 1.1318751271099752
1238.0 0.8738974619758195
1238.5 1.0090516531580984
1239.0 1.0689715280946532
1239.5 1.3157557587769229
1240.0 0.9916209459362009
1240.5 1.2401740044780842
1241.0 1.2383610551073123
1241.5 1.0584018695219046
1242.0 0.5390735689241697
1242.5 1.4212621751283931
1243.0 0.6137584366707738
1243.5 1.0996961133258651
1244.0 0.9005104815651424
1244.5 1.1962355846885409
1245.0 0.7532608938163283
1245.5 1.2623660669914698
1246.0 1.024638025469615
1246.5 0.9733501043568308
1247.0 0.8852728098265894
1247.5 0.5558360539202982
1248.0 0.6105274370595315
1248.5 0.9178269692250038
1249.0 0.9427064203999869
1249.5 1.2344419381895158
1250.0 0.9966937113123331
1250.5 0.710412111309439
1251.0 1.015330528357309
1251.5 1.0460704126302698
1252.0 0.7982876135825014
1252.5 0.9467336448232536
1253.0 1.420684971823856
1253.5 1.1162587456625443
1254.0 0.8022645444762448
1254.5 0.7569363775066253
1255.0 0.8289332396628939
1255.5 1.2968039960783186
1256.0 0.8281359464894373
1256.5 0.6222520645491403
1257.0 0.5775450040060142
1257.5 0.9908418135403184
1258.0 0.8425934341065495
1258.5 0.918008723123044
1259.0 0.7777128874885499
1259.5 0.7249410993931351
1260.0 0.7062407885467772
1260.5 0.9755993036230874
1261.0 0.975766127763082
1261.5 0.7096936811694958
1262.0 0.8460606607169527
1262.5 0.8679486475283684
1263.0 0.7878544462267663
1263.5 0.7997800697797774
1264.0 1.0788691613704091
1264.5 0.790482845342745
1265.0 0.7547159509501971
1265.5 0.6170914569492221
1266.0 0.8916472572949845
1266.5 0.750243585210185
1267.0 1.0087053029537103
1267.5 0.8092310227056777
1268.0 1.1831444020337805
1268.5 0.4739059218752045
1269.0 0.6725793454732851
1269.5 1.1230612514403497
1270.0 0.666749918737896
1270.5 0.849541451187037
1271.0 0.8820299700643708
1271.5 0.7452650477770871
1272.0 0.7977482137798773
1272.5 1.1479873171813122
1273.0 0.9900430780459598
1273.5 1.1381028060212235
1274.0 1.6514268069369742
1274.5 1.3243278841412627
1275.0 0.7265556897581248
1275.5 1.0256742498499272
1276.0 1.396929430376114
1276.5 1.6977976734275746
1277.0 0.8035511232444363
1277.5 0.9869218151242379
1278.0 0.989847565771848
1278.5 0.9681090593294072
1279.0 0.8811016049797542
1279.5 0.7419056505000301
1280.0 1.4050368141745824
1280.5 0.6501755435122841
1281.0 0.7348729475711553
1281.5 0.8544929055641821
1282.0 0.5773377583971542
1282.5 0.8546540642289822
1283.0 0.7389005856647741
1283.5 1.2549202652480924
1284.0 0.804902591118908
1284.5 1.169296935225675
1285.0 1.189845186344849
1285.5 0.7754859897438278
1286.0 1.1834385372014693
1286.5 1.0264250223790998
1287.0 0.6271521035186578
1287.5 0.8768162353350591
1288.0 0.5296307495510144
1288.5 1.4382581462734931
1289.0 1.0840432999344545
1289.5 0.4441403743369806
1290.0 0.9300416343935362
1290.5 0.9740947240477487
1291.0 0.6328822147620944
1291.5 0.8257199410400564
1292.0 1.0807947820662767
1292.5 0.929246684236319
1293.0 0.7319111547263881
1293.5 0.6057347871038681
1294.0 1.4268892629514356
1294.5 1.31837557641586
1295.0 0.8439965024947781
1295.5 0.8113360883287337
1296.0 0.825532592611719
1296.5 1.174741772232807
1297.0 0.7826576059410331
1297.5 1.1635665067087855
1298.0 0.9419171554992206
1298.5 0.8173766799979775
1299.0 1.086926729041601
1299.5 1.5028442840200988
1300.0 0.6164984444019249
1300.5 0.7047702473124899
1301.0 1.030753264910562
1301.5 0.7544149714539932
1302.0 1.057069664609776
1302.5 0.8690500449759707
1303.0 0.790998946234102
1303.5 1.0148155672467802
1304.0 0.6812348698820803
1304.5 0.6342663334827767
1305.0 0.9327121581515618
1305.5 0.8240035259107461
1306.0 1.2297705604464129
1306.5 0.7816012631117559
1307.0 1.3195478286344122
1307.5 0.6811821488514903
1308.0 0.4917005054124879
1308.5 1.0844653256111334
1309.0 1.202151989378005
1309.5 0.7721792099632915
1310.0 1.015066423529234
1310.5 0.9348599723419395
1311.0 0.6921047952495596
1311.5 0.7165935876477108
1312.0 1.1541014135347165
1312.5 0.7712140530424603
1313.0 0.6950853817639762
1313.5 0.7277340907488364
1314.0 1.0845179624357457
1314.5 0.594791595207221
1315.0 0.6520859257427465
1315.5 0.7272688474439418
1316.0 1.1026969615769042
1316.5 0.5637936209934395
1317.0 1.311056984398136
1317.5 0.9553371140577425
1318.0 0.9600117106795536
1318.5 1.6896161218357184
1319.0 1.0276597144292419
1319.5 1.108638706803187
1320.0 0.9081360754931568
1320.5 0.9664508339206491
1321.0 0.9788971407420015
1321.5 0.682443296661684
1322.0 1.308238370911874
1322.5 0.6527921300106969
1323.0 0.8422602516634946
1323.5 0.7995212262039252
1324.0 0.8700236720444738
1324.5 0.7210697141849107
1325.0 1.1907236391390486
1325.5 0.7358628364045956
1326.0 1.0211330719890916
1326.5 0.7382561078608676
1327.0 1.0029251394538141
1327.5 0.9624245272264254
1328.0 0.5384643101698331
1328.5 1.0132525052709302
1329.0 1.2480895040256592
1329.5 1.053899685146276
1330.0 0.9060440759322601
1330.5 0.8241178108248087
1331.0 0.4508633950585841
1331.5 0.6703509902413489
1332.0 1.2648141814292977
1332.5 0.7168242630854178
1333.0 0.647746786062144
1333.5 0.7003226055907696
1334.0 0.9043624287503517
1334.5 0.9484984119927322
1335.0 0.9099757283325319
1335.5 0.8168765576972206
1336.0 0.379392446328225
1336.5 0.9665780415199892
1337.0 0.7232870287930575
1337.5 0.7790271432619766
1338.0 0.6707212138323828
1338.5 0.6070138569779725
1339.0 0.7962150085521127
1339.5 0.8011179127621915
1340.0 1.0552083615928067
1340.5 0.7241934963113503
1341.0 0.8360815131346513
1341.5 0.738428828975463
1342.0 1.0660636622177029
1342.5 0.704235800094195
1343.0 0.9770598546751008
1343.5 0.9032133000130829
1344.0 0.8507851492998167
1344.5 0.5902678182454988
1345.0 0.47060653081190956
1345.5 0.9699591437495543
1346.0 0.7609592669266096
1346.5 0.8132366306539216
1347.0 0.9651053135529193
1347.5 0.9132486437028402
1348.0 1.1105900301213942
1348.5 0.5820385911002279
1349.0 1.1401440588347784
1349.5 0.902252883950175
1350.0 0.841489820602653
1350.5 0.775051050358023
1351.0 1.1484699192979764
1351.5 0.7046022352801282
1352.0 0.5374434322226506
1352.5 0.6946623862421344
1353.0 0.8080926926316668
1353.5 0.7767689293391473
1354.0 0.5348558362241664
1354.5 0.8070766956677814
1355.0 1.3854729825115928
1355.5 1.1657963311941781
1356.0 0.8527416998999147
1356.5 0.60322803035332
1357.0 1.1152255159930542
1357.5 0.5286827890720089
1358.0 1.2601224453435902
1358.5 0.6822539744546499
1359.0 1.1709036821050727
1359.5 0.7063161612910239
1360.0 0.46555228968247586
1360.5 1.016155220787919
1361.0 1.5051225510319912
1361.5 0.6265559576594406
1362.0 0.7894888010543849
1362.5 1.0025031889031855
1363.0 0.9875380091002214
1363.5 1.017672545659836
1364.0 0.9781741060037253
1364.5 0.9647431087082653
1365.0 1.2462474578107976
1365.5 0.2
1366.0 0.6974734346846868
1366.5 1.2009964510538667
1367.0 0.8233159120805535
1367.5 1.2627659702647696
1368.0 0.8326605850276703
1368.5 1.1188814916932706
1369.0 1.1356754231139117
1369.5 1.044228051611752
1370.0 0.933583622022197
1370.5 1.1466035604706717
1371.0 0.8912025213600974
1371.5 0.9443635619579978
1372.0 1.372751724525434
1372.5 0.8767427308278659
1373.0 0.896301146530248
1373.5 1.3783219984269048
1374.0 0.8327100254123441
1374.5 0.7724354281159145
1375.0 1.3182380976898935
1375.5 0.9899597264297246
1376.0 1.1746061603738867
1376.5 0.8388959130312922
1377.0 0.8117004780952577
1377.5 0.8602312532753909
1378.0 0.8155443291697673
1378.5 0.8333500781495662
1379.0 1.6033725298279173
1379.5 1.084925063126506
1380.0 1.3809939935888131
1380.5 1.3153034086080406
1381.0 1.1399520057834112
1381.5 0.6952891752386141
1382.0 0.682370041969852
1382.5 0.7925027310075794
1383.0 0.8005707074401911
1383.5 0.6010932595196016
1384.0 0.6743699412701415
1384.5 1.327345406069527
1385.0 0.5750838323116215
1385.5 1.0233381126352996
1386.0 0.9672139647556248
1386.5 0.8956855177120826
1387.0 0.7496380680250905
1387.5 0.781896752236016
1388.0 0.9062971693008455
1388.5 0.8105588273844065
1389.0 0.9595274717847885
1389.5 0.9238297800611218
1390.0 0.5726941658885445
1390.5 0.6551534612721162
1391.0 0.8936464090584469
1391.5 0.8988254475945054
1392.0 0.8456299987616456
1392.5 0.9219379094758501
1393.0 0.985184762421498
1393.5 0.7046725406726981
1394.0 0.5433760262833143
1394.5 0.7037452315480262
1395.0 1.0142117123469334
1395.5 0.6445866303990032
1396.0 0.7665548286925461
1396.5 0.6656627782742964
1397.0 1.1066523239385526
1397.5 0.9415713952526994
1398.0 0.6734082705428145
1398.5 1.02534177360518
1399.0 1.169015852517825
1399.5 0.7796151348310182
1400.0 1.0080718683051204
1400.5 0.9996344538731754
1401.0 1.173121835693988
1401.5 0.8512212775616466
1402.0 0.8142006597078029
1402.5 0.7693796560641571
1403.0 1.1545228733354003
1403.5 0.8582870445771404
1404.0 0.9132153613232739
1404.5 0.7276781040916547
1405.0 1.0320984640734503
1405.5 0.9008660484258018
1406.0 0.8423527483947426
1406.5 0.8077773632482459
1407.0 0.9275853466384154
1407.5 0.7418434843086097
1408.0 0.9359290945558363
1408.5 0.813568003400558
1409.0 0.7813930120358232
1409.5 0.5831311561139233
1410.0 0.9238412197086036
1410.5 1.3469454765263567
1411.0 0.7923540962960782
1411.5 0.9698309198772307
1412.0 0.872814427010759
1412.5 0.7069593473698321
1413.0 0.8154803949975932
1413.5 0.6559589218489982
1414.0 1.0892946553235971
1414.5 0.6709077134083785
1415.0 0.8370365278215631
1415.5 0.906694934373486
1416.0 0.7177136583433483
1416.5 0.7254338576519563
1417.0 1.0768324431331728
1417.5 1.1393479686066943
1418.0 1.0125311436541362
1418.5 0.849481492298864
1419.0 0.6550369882254976
1419.5 0.7849774070569611
1420.0 0.925712655206517
1420.5 0.6373805639321981
1421.0 0.8386842089420746
1421.5 1.455726393872106
1422.0 1.7948113301114659
1422.5 1.1507050891162545
1423.0 1.3707320813873842
1423.5 0.6066657967803609
1424.0 0.645360615231485
1424.5 1.0768720752241312
1425.0 0.7474616531424702
1425.5 0.7143328485233549
1426.0 0.6579645742491708
1426.5 0.5690747774972066
1427.0 0.5913891246921295
1427.5 0.6779054283906346
1428.0 1.5127346422035959
1428.5 1.3096999590700156
1429.0 1.4896839205727934
1429.5 1.3135856288049417
1430.0 1.2834160383855964
1430.5 0.8551286186376907
1431.0 1.282134593289522
1431.5 0.8901595122012749
1432.0 0.7551002149656225
1432.5 1.0443509805970397
1433.0 0.5270298067190051
1433.5 0.6838394983929985
1434.0 1.1718058887798857
1434.5 0.9298847969320672
1435.0 1.0644810431318916
1435.5 0.9887213711788868
1436.0 0.6845742824186671
1436.5 1.3091530099004522
1437.0 0.935032602688153
1437.5 0.9658869350084787
1438.0 0.5043294988569338
1438.5 0.8071775896315931
1439.0 1.0154336579912968
