0 0.6656572802810619
0.5 0.9443733517715107
1.0 1.1704928723341068
1.5 0.7715761404147493
2.0 0.73455360067777
2.5 0.6309716656155253
3.0 1.0504824257327188
3.5 0.889862146307413
4.0 0.6651267639820075
4.5 1.0167969827274423
5.0 0.7779661674698861
5.5 1.230209821340881
6.0 0.6448740875002741
6.5 0.5384974121726567
7.0 0.7182462949478967
7.5 0.996329421228918
8.0 0.8539546510247861
8.5 0.753892582391126
9.0 0.7268828866426884
9.5 0.5832125032133044
10.0 0.7196261556307684
10.5 0.7032961209587565
11.0 0.7427440930745468
11.5 0.7275209210987508
12.0 0.7920756395379763
12.5 0.7231931676332168
13.0 0.627262637077356
13.5 0.7480178313064146
14.0 0.6893437925545579
14.5 0.9990322102285882
15.0 0.8293623797770233
15.5 0.7509658326018184
16.0 0.9915319165317957
16.5 0.747119809116753
17.0 0.8873556388729049
17.5 0.6985686983561519
18.0 0.9693631055976307
18.5 0.936256762812645
19.0 0.6096051859591338
19.5 0.8646108313248086
20.0 0.6524574719113062
20.5 0.735326043237982
21.0 0.7897479152754318
21.5 0.6992444012427665
22.0 0.7413465979934897
22.5 0.7423118400317273
23.0 1.111714880555394
23.5 0.7846777717448778
24.0 0.6079558700834711
24.5 0.6403399926886535
25.0 0.654155194537052
25.5 0.8251043199765548
26.0 1.0405165663675646
26.5 0.9033116053162402
27.0 0.7353813045672155
27.5 0.798734716693972
28.0 0.9007598725751771
28.5 0.6637547551478804
29.0 0.5099245431154722
29.5 0.4279004588173398
30.0 0.7032427192068027
30.5 0.7780185759406866
31.0 1.0429426222616431
31.5 0.6895004108690627
32.0 0.5171274230430079
32.5 1.0227925122052992
33.0 0.8286351181898628
33.5 0.8637033532463694
34.0 1.1418533148952954
34.5 0.7007158231928975
35.0 0.7045709418822217
35.5 0.7460690588408527
36.0 0.92685521466478
36.5 0.8247508250534419
37.0 0.7519762257320713
37.5 1.0764766855588732
38.0 0.8903279485711124
38.5 0.7136144817831718
39.0 0.8021704536996161
39.5 0.9634952843020539
40.0 0.9020226144659601
40.5 0.9411040272541337
41.0 0.9219079042009883
41.5 0.6015963953094543
42.0 0.9702585511376784
42.5 0.7982363270748046
43.0 0.975243217324359
43.5 1.126780562113837
44.0 0.8752468605706452
44.5 0.7599909784378108
45.0 1.0132237694906632
45.5 1.0564504142387288
46.0 0.6768059751794346
46.5 0.798463639357861
47.0 0.8512532290297249
47.5 0.8455150784036064
48.0 0.9611156067375142
48.5 0.5260402648433256
49.0 0.7406367554630966
49.5 1.0285497621430557
50.0 1.0387915132018288
50.5 0.9826700628364118
51.0 0.9788835274344865
51.5 0.6770734417467319
52.0 0.6625498960278469
52.5 0.5042815658142545
53.0 0.9102125253985001
53.5 0.7701442123672035
54.0 0.9529807299337472
54.5 0.8577304802559391
55.0 0.9906567855518478
55.5 0.7708048376928738
56.0 0.8199835545841497
56.5 0.7062061838958029
57.0 0.6323475811381554
57.5 0.8117175281496474
58.0 0.9222543498769191
58.5 0.993411726293046
59.0 0.8451120040281997
59.5 0.9274922296020511
60.0 0.8503225242291205
60.5 0.5492850907676158
61.0 0.666644841991328
61.5 0.7158484198025055
62.0 0.5600139019951789
62.5 0.7882512932222612
63.0 1.0471042150898817
63.5 0.8663656174128518
64.0 1.1031638223173585
64.5 0.7053552166842674
65.0 0.606332026006583
65.5 0.8231046706403425
66.0 0.7968595305416426
66.5 0.6472418365743067
67.0 0.5015927698235335
67.5 0.5632444942449685
68.0 0.8019065263305546
68.5 0.9066172625864455
69.0 0.8284926247369362
69.5 0.7268517668439771
70.0 0.8156126808228716
70.5 0.6339187960519224
71.0 0.8634304734998712
71.5 0.89421160692152
72.0 0.7868206171859402
72.5 0.6659776638342547
73.0 0.8448472164085916
73.5 0.6637646670204668
74.0 1.0696337186264575
74.5 0.618128867480028
75.0 0.7306254748858096
75.5 0.8920546947967978
76.0 1.0559778016815133
76.5 0.8561184433137856
77.0 0.803848681433159
77.5 0.902353415300305
78.0 0.5695391776214387
78.5 1.206074704823617
79.0 0.8297149079102973
79.5 0.6113817213983417
80.0 1.0090381701338538
80.5 0.7540380721506031
81.0 0.7803155777791357
81.5 0.9281756023065657
82.0 0.5805277809571899
82.5 0.8482204670528464
83.0 0.6059595584006026
83.5 0.6579098250053458
84.0 0.8855796957975655
84.5 1.1283845940437716
85.0 0.6743120269384755
85.5 0.7464284710240182
86.0 0.49131863690774036
86.5 0.9858111264937772
87.0 1.1319802618991541
87.5 0.47865921669322314
88.0 0.810326671660536
88.5 0.7212406865391683
89.0 0.6334370828887685
89.5 0.6652354169878643
90.0 0.6125256225471543
90.5 0.7198283134190582
91.0 0.7439709584544156
91.5 0.4336532099177007
92.0 0.8442432311611032
92.5 0.9949452855285166
93.0 0.7954313131218158
93.5 1.2946822682649524
94.0 0.8289698982415369
94.5 0.570404270250757
95.0 0.959209694845238
95.5 0.7252172172469177
96.0 1.17001580215572
96.5 0.753865262366687
97.0 0.7867508972213562
97.5 0.9445807124143719
98.0 0.6725033699990551
98.5 0.9197948964778124
99.0 0.9257301749284903
99.5 1.0761796842502032
100.0 0.8323860295396057
100.5 0.8938827018093268
101.0 0.8116337059536606
101.5 0.9265013097254208
102.0 0.8765272192965778
102.5 0.6906403647187154
103.0 0.6603792543077895
103.5 0.6431611279736485
104.0 1.02421914465292
104.5 0.8394031774177689
105.0 0.8498212247436098
105.5 0.6781129426905812
106.0 0.5277031899438865
106.5 0.6164870639241947
107.0 0.9247959676421946
107.5 0.6391910820091424
108.0 0.6042337306813395
108.5 0.7893177314626967
109.0 0.82903303027667
109.5 0.7924311960371222
110.0 0.6623990072155421
110.5 0.9787275166176586
111.0 0.8739341303072861
111.5 0.7767073179814712
112.0 0.46961174396745714
112.5 0.8477308860198004
113.0 0.8453950405564834
113.5 0.8825658727790244
114.0 0.834543546695689
114.5 0.6969402093311177
115.0 0.765241070654987
115.5 0.5303964040037369
116.0 0.6244476936344545
116.5 0.6373121418828664
117.0 1.3591048072555292
117.5 0.730376885560811
118.0 0.9801600006087966
118.5 0.942578243233014
119.0 0.696487851298989
119.5 0.5583932062237045
120.0 0.791219595936246
120.5 0.8749806609796712
121.0 0.9413327875988307
121.5 0.5679883570006309
122.0 1.0646827635915228
122.5 0.6197261086343417
123.0 1.027253421501846
123.5 0.7076956474310866
124.0 0.9943340686406281
124.5 0.7616321993193436
125.0 0.8797426870353771
125.5 0.5783331560823894
126.0 0.7059867853667828
126.5 0.682135785892233
127.0 1.0956361287187757
127.5 0.6692057191054546
128.0 0.7912728415872229
128.5 0.783574385315378
129.0 0.7725074172875941
129.5 0.6968583462055205
130.0 0.8355993810774973
130.5 0.8680802692421107
131.0 0.9468586266080967
131.5 0.8074054295814156
132.0 1.0154519485547315
132.5 0.6909284416747306
133.0 0.8203831498988456
133.5 0.7343905033994798
134.0 0.9052361853602531
134.5 0.6420382710171874
135.0 0.6963510245942657
135.5 0.7168962217075114
136.0 1.0793455162689216
136.5 0.4484631271262354
137.0 0.8274202860691038
137.5 0.8224525890563663
138.0 0.5737432911924351
138.5 0.7156116991823781
139.0 1.1464909135245884
139.5 0.9737627592331939
140.0 0.8476506154372179
140.5 0.8193649847997081
141.0 0.8392356422585181
141.5 1.0638577730776326
142.0 0.9635843697859038
142.5 0.6864905936483109
143.0 0.6647473831323363
143.5 0.778700840124866
144.0 0.7101086117924005
144.5 1.024038283845732
145.0 0.6403949479348928
145.5 0.7395416447755417
146.0 0.8591386753350699
146.5 0.9046780886406712
147.0 0.8527518715523312
147.5 0.8779450257338541
148.0 0.7312059211248305
148.5 1.0826667057374673
149.0 0.7335462044937778
149.5 0.8215796348066124
150.0 0.7305000202224494
150.5 0.8318151269569719
151.0 0.7618081096142296
151.5 0.7988426983661183
152.0 1.263288572211167
152.5 0.8431568157593141
153.0 0.4336453221715616
153.5 0.8918091261723831
154.0 0.6576329463163991
154.5 0.719213188330339
155.0 0.8056714024163603
155.5 0.9795952742742042
156.0 1.471006187744079
156.5 1.0687846377629122
157.0 0.9131273061415203
157.5 1.1073885779578645
158.0 0.6874178766357475
158.5 1.043247621452497
159.0 1.1853705593075514
159.5 0.8525626586268151
160.0 0.890605014849401
160.5 0.6780613213289786
161.0 0.723073680813328
161.5 0.8394242332074406
162.0 0.6672553011472611
162.5 0.7159730688214557
163.0 0.65447290788841
163.5 0.7453880425671517
164.0 0.5381573618167321
164.5 0.7083884211232053
165.0 0.9653984415242118
165.5 0.5990395992829973
166.0 0.7090027347399692
166.5 0.7298947272102119
167.0 0.8366909410549757
167.5 0.9928015001987414
168.0 0.9362111821691154
168.5 0.7079801233175984
169.0 1.1908683938253037
169.5 0.7912832511468387
170.0 0.6393892248992707
170.5 0.8371035322668384
171.0 0.8032403263860092
171.5 0.916857262552687
172.0 0.8719432155704303
172.5 0.6897122395743198
173.0 0.7147030754461399
173.5 0.8204612374794444
174.0 1.0262585334431198
174.5 0.7834011870229758
175.0 0.9208621398967681
175.5 0.7768994124355256
176.0 0.6374862132654728
176.5 0.689377297568943
177.0 0.5478583433770654
177.5 0.7966714987692196
178.0 0.7524779897200653
178.5 1.041394868805448
179.0 0.9598880075808055
179.5 0.5485900132032273
180.0 0.7865788774773878
180.5 0.8416980671622486
181.0 1.0706489568144029
181.5 1.0068756440060982
182.0 0.657252743540254
182.5 0.46504851333016345
183.0 0.7803871603643451
183.5 1.0688938565341135
184.0 0.7091054225822756
184.5 0.8322226917172089
185.0 0.8285366553391029
185.5 0.7631088329020016
186.0 0.7850184355958517
186.5 0.6879251771236559
187.0 0.9629454307028996
187.5 0.5223768175702157
188.0 0.8876580793778885
188.5 0.8980919504767484
189.0 0.8649346676518679
189.5 0.8512874715931259
190.0 0.7929764662578844
190.5 0.7937536326027333
191.0 0.8390763039546335
191.5 0.8010312633611049
192.0 1.0235942506723203
192.5 0.7128799770994314
193.0 1.4230322279817498
193.5 0.7249522771601229
194.0 0.9988249975726539
194.5 0.4556607081341677
195.0 0.7521984717748647
195.5 0.7740461470687341
196.0 0.7136344894366214
196.5 0.8136502828674308
197.0 0.881963146680294
197.5 0.7746794411623557
198.0 0.813230480056993
198.5 0.5511754471700693
199.0 0.9828412664662873
199.5 0.7113497387582928
200.0 0.772438207355843
200.5 0.8622152629927557
201.0 0.7467083239894584
201.5 0.6529817456560838
202.0 0.8788237356874411
202.5 0.8917878257049348
203.0 0.8744603458981792
203.5 0.9879496468980821
204.0 0.8411024136196974
204.5 0.588783749405088
205.0 0.7263830507828783
205.5 0.6895481947945927
206.0 1.5079529812505483
206.5 0.7704421966209908
207.0 1.1512616643418692
207.5 0.8901621358492263
208.0 0.8963610208544106
208.5 0.898589733231291
209.0 0.8922959206924517
209.5 0.8135077711085188
210.0 0.811512799162204
210.5 1.0273245965432747
211.0 1.0326342971341358
211.5 0.6483762239442861
212.0 0.6898740366323821
212.5 0.8329478403007423
213.0 0.8051985860423483
213.5 0.8255678247367305
214.0 0.7594919660235627
214.5 0.5936295336820885
215.0 0.8022976830748731
215.5 0.613789983449611
216.0 0.7634932000327384
216.5 0.8061118304558446
217.0 0.9044095738589167
217.5 0.7388201271620801
218.0 0.7590020698915563
218.5 0.8248195535339707
219.0 0.8755602979204605
219.5 0.681950893011365
220.0 0.7879244916177668
220.5 0.8685630366018722
221.0 0.7907318291100793
221.5 0.5422037994838403
222.0 0.9249873712975869
222.5 0.618057453637316
223.0 0.9578541393751445
223.5 0.6735322832159527
224.0 0.761018855780878
224.5 0.5166839378273449
225.0 0.8258527533968265
225.5 0.5007175352291676
226.0 0.8258946965510396
226.5 0.8141085911123674
227.0 0.6127973547686014
227.5 0.9253081487132155
228.0 1.0156228213317655
228.5 0.7674563839239794
229.0 0.8916006525739327
229.5 0.7279361245959015
230.0 1.0519653978602186
230.5 0.8514399769018086
231.0 1.0566932510759508
231.5 0.5614722839891896
232.0 0.8792283625266957
232.5 0.7317983627178284
233.0 0.8618540167736456
233.5 0.9433415762148574
234.0 0.7918652969522618
234.5 0.8283974867794148
235.0 0.8892057328769174
235.5 0.7482213211514079
236.0 0.7133856660471672
236.5 0.7150200228154802
237.0 0.673890826163989
237.5 0.7719447488061483
238.0 0.7923567960157658
238.5 0.8557543543388675
239.0 0.5161289508874882
239.5 1.1199423996125968
240.0 1.0771267350976597
240.5 1.0290891219010743
241.0 0.8032125773955745
241.5 0.8545264028286017
242.0 0.8937601841159502
242.5 0.6839807541359321
243.0 0.9507023410791033
243.5 0.532998011148669
244.0 0.7203762782028885
244.5 0.9236210108530272
245.0 0.9350469008665805
245.5 0.5881548429129076
246.0 0.8513566825919421
246.5 0.8903378326007485
247.0 0.7736604963916034
247.5 0.9800529285152484
248.0 0.6992854970748167
248.5 0.6403418770441248
249.0 0.847856358217811
249.5 0.7813315938126145
250.0 0.9615484171864039
250.5 0.8019033448731498
251.0 0.6822725783044385
251.5 0.8600767935181254
252.0 0.7809875652462478
252.5 0.614801681823617
253.0 0.8581175046754491
253.5 0.840806785932673
254.0 0.693059347147633
254.5 0.9455499844889049
255.0 0.7236382761438666
255.5 0.6520306692354176
256.0 0.8551752555389451
256.5 0.8148200563728167
257.0 0.8034564652842291
257.5 0.8372795117149532
258.0 0.9132919290199666
258.5 0.5712226841989595
259.0 0.5529357795040253
259.5 0.8812462179750465
260.0 0.9254448854175765
260.5 0.4728253128536746
261.0 0.5269433904538526
261.5 0.8088836442340094
262.0 0.7759935811311738
262.5 0.6449883424900036
263.0 0.8732493659078076
263.5 0.7641004929312205
264.0 0.7697001305574658
264.5 0.9053383284262753
265.0 0.6426805104202844
265.5 0.8158832046423843
266.0 1.0120365205981978
266.5 0.9356184406415378
267.0 0.8014164147926881
267.5 0.957831109141533
268.0 0.4562074618403889
268.5 0.841452672875916
269.0 0.6663222281949592
269.5 0.5701088351264831
270.0 0.7611188261486663
270.5 0.9792925048884382
271.0 0.6157073295821978
271.5 0.6045993385655271
272.0 0.8512829853065421
272.5 0.8098823746459339
273.0 0.5351120618704968
273.5 0.936223147435949
274.0 0.7170597532722034
274.5 1.0185960905416043
275.0 0.902235362507837
275.5 0.8962394465489143
276.0 0.454388599646457
276.5 0.597792361758574
277.0 0.8987216250147165
277.5 0.9080549178248603
278.0 0.8307208912969175
278.5 0.9343579367096114
279.0 0.966886700283302
279.5 0.7923690548041349
280.0 1.0416526875919385
280.5 0.7936298789670639
281.0 0.48916920134981007
281.5 0.8351239610006818
282.0 0.4898201707304867
282.5 0.7748716999302365
283.0 0.5436228599494741
283.5 0.9655091751660889
284.0 0.8384127407076438
284.5 0.6505093442350753
285.0 1.1097852785293996
285.5 0.563739340251644
286.0 0.664250356074888
286.5 0.47372590351251803
287.0 0.7871228128099681
287.5 0.8438233781887565
288.0 1.0858830452028092
288.5 1.027078797095825
289.0 0.6862197606212106
289.5 0.7695923508391624
290.0 0.8591108667446885
290.5 0.7298238229553132
291.0 0.7019875028141505
291.5 0.4462665941472844
292.0 0.7230380415371956
292.5 0.9001783625164164
293.0 0.7299798364683182
293.5 0.812965294501286
294.0 0.9096134085385229
294.5 0.886710069336496
295.0 0.9195006989892547
295.5 0.6449585405837595
296.0 0.9945147263696632
296.5 0.8031624145152377
297.0 0.45330408904010083
297.5 0.8293926401151422
298.0 0.5237324213531781
298.5 0.6428436019971269
299.0 0.8185910259697033
299.5 0.5285204263017218
300.0 0.9440344830178125
300.5 0.8575127493937367
301.0 0.9258850089574938
301.5 0.6715866483839082
302.0 0.7609122701981645
302.5 0.6668365076298848
303.0 0.5984717329803009
303.5 0.7543042208147523
304.0 1.160355214337522
304.5 1.1772233589766536
305.0 0.7330279833613533
305.5 0.7000954943758446
306.0 0.8675987866665016
306.5 0.9907999981823775
307.0 0.6621508703577781
307.5 1.0243800533136753
308.0 0.6791080047872327
308.5 0.7416114294098513
309.0 0.7297567695812146
309.5 0.643785462714109
310.0 0.8837711410409392
310.5 0.7621445955611403
311.0 0.9613038980039491
311.5 0.7604234112068873
312.0 0.9845284216557557
312.5 0.8833175015529756
313.0 0.7282597120399517
313.5 0.6178608979312394
314.0 0.8134399486338624
314.5 0.8014636405292703
315.0 0.6865998751606123
315.5 0.9804260343593981
316.0 0.9230250074209913
316.5 0.6003019146532114
317.0 0.5024232085705493
317.5 0.7248375356502
318.0 0.7680732947263442
318.5 0.886070085432654
319.0 1.1837384707646046
319.5 0.8589348847219547
320.0 0.7970891586266962
320.5 1.0013828679825159
321.0 0.9686429300187456
321.5 0.9830243256975393
322.0 1.0429972278912691
322.5 0.8232481570676766
323.0 0.6628111125825419
323.5 0.7930565748517598
324.0 0.8869665923004671
324.5 0.8440004491373069
325.0 0.7076140014026151
325.5 0.9253386134804812
326.0 0.7758959152318958
326.5 0.6768923857201455
327.0 0.9115469506278775
327.5 0.9057064622760688
328.0 0.7954939800498042
328.5 0.6809730001876902
329.0 0.7182671413714328
329.5 0.7285070776811762
330.0 0.8693006539414536
330.5 1.0368233655685628
331.0 0.8740263369935509
331.5 1.0202298046408322
332.0 0.8772161948603518
332.5 0.6261528387875601
333.0 0.6135662594494221
333.5 0.714639937833321
334.0 1.0760197539853438
334.5 0.4630959503975666
335.0 0.7315686826875303
335.5 0.7382549953658524
336.0 0.7853271084940558
336.5 0.8052727025569387
337.0 0.6844705220324507
337.5 0.6949131150835073
338.0 0.6109411531573564
338.5 0.8675862749065384
339.0 1.1615188923498212
339.5 0.6045702912881894
340.0 0.8261026390853412
340.5 0.8620699187778491
341.0 0.8989017150597247
341.5 1.0701459819912051
342.0 0.687984902223742
342.5 1.0364880369085552
343.0 0.5267013242330292
343.5 0.52357362638954
344.0 0.6651964392568468
344.5 0.8110953579234121
345.0 0.7603304205389717
345.5 0.7295808740654156
346.0 0.8340435122143894
346.5 0.6166034772252209
347.0 0.8458364180167228
347.5 0.6184424690063077
348.0 0.6130238355341406
348.5 0.9211934049233903
349.0 0.8387183762434729
349.5 0.7532858577331564
350.0 0.8281515836305025
350.5 0.724323905448733
351.0 0.7040494810281064
351.5 0.752014672428944
352.0 1.090733397603938
352.5 0.6913722347518072
353.0 0.657770692998674
353.5 0.8108625349267786
354.0 0.7050793756346556
354.5 0.837268217128692
355.0 0.6148194176597628
355.5 0.8195876981704122
356.0 1.0187183644145104
356.5 0.8462181430159412
357.0 0.7447147872599817
357.5 0.4434000731257889
358.0 0.8466859498949046
358.5 0.9241002038016443
359.0 0.8969210485474168
359.5 0.6479354432139472
360.0 0.6957825808411123
360.5 0.7265051848228758
361.0 0.6664184847333914
361.5 1.0950539262529588
362.0 0.6461488135458886
362.5 0.7311421434699963
363.0 0.48442002525680417
363.5 0.8635180286352051
364.0 0.787589151288389
364.5 0.6835704852771993
365.0 1.1222883943883124
365.5 0.803019089713377
366.0 0.855647895951534
366.5 0.9098533219781703
367.0 0.9781514539160976
367.5 0.807266700630455
368.0 0.8688749953231223
368.5 0.6331260103837523
369.0 0.6814412886536689
369.5 0.6454156791916814
370.0 0.795476553902672
370.5 0.8340957941122368
371.0 0.825069456146837
371.5 0.9314686820705885
372.0 1.159349579951026
372.5 0.6009304216747322
373.0 0.873807981189579
373.5 0.91097032022382
374.0 0.8053635436323421
374.5 0.7736195835187567
375.0 0.5327316161410821
375.5 0.7572606236464303
376.0 0.6096898441428508
376.5 1.0051927984783606
377.0 0.5500341243124023
377.5 0.7370216402321303
378.0 0.5237764290704504
378.5 0.993329343038671
379.0 0.6613627192845631
379.5 0.5006991624356785
380.0 0.8431607085040709
380.5 0.6387935006713071
381.0 0.7088255489777817
381.5 0.8897384051693759
382.0 1.0049408678769751
382.5 0.938744415354716
383.0 0.8637874312904792
383.5 0.7405964493031725
384.0 0.9108423116046062
384.5 0.8161266153830627
385.0 0.7916839558005766
385.5 0.9116604014996592
386.0 0.6348342662920377
386.5 0.628967590283726
387.0 0.7356105066916787
387.5 1.1103392596524624
388.0 0.7999031145910396
388.5 0.761079508022491
389.0 0.8340958845989495
389.5 0.8858876272453298
390.0 1.156399507728603
390.5 0.7401816790329856
391.0 0.5827124442865738
391.5 0.9725084299762745
392.0 0.9499274293730162
392.5 0.8351101544784989
393.0 0.6423695006113902
393.5 0.7135572873647267
394.0 0.7495812100518626
394.5 0.8615549497383496
395.0 0.9092130743813318
395.5 0.8215715255068985
396.0 0.7666848500803627
396.5 0.703053349630968
397.0 0.5686498767736464
397.5 0.9235670291290875
398.0 0.5938832674380259
398.5 0.9291404577564352
399.0 1.1767291013632497
399.5 0.9206586033499058
400.0 0.6756456461022944
400.5 0.7121891718979453
401.0 0.9202348947470641
401.5 0.648281156579818
402.0 0.7008815837968381
402.5 0.7196777864018928
403.0 0.6522877564603998
403.5 0.8670274905956632
404.0 1.1340036694815614
404.5 1.2553546728503215
405.0 0.6547993081919314
405.5 0.990766350289215
406.0 0.9009276528697914
406.5 0.7377699005548344
407.0 0.8445282081616275
407.5 0.6594946674215658
408.0 0.6399395700584931
408.5 0.725113022522266
409.0 0.737505494160975
409.5 1.0411426491107219
410.0 0.8611759926280316
410.5 0.9480453521033922
411.0 0.8761280442575421
411.5 0.8243808072034093
412.0 0.8134907553758914
412.5 0.564139868842258
413.0 0.793080137550181
413.5 0.8306432824828551
414.0 0.7772405907473521
414.5 0.792158422292986
415.0 0.914461667291884
415.5 0.8289504168522089
416.0 0.769204862331097
416.5 0.6216718135387975
417.0 0.799422495550947
417.5 1.1122589384759438
418.0 0.5271902876479422
418.5 0.7000695963511394
419.0 0.7025601255240632
419.5 0.7381044448052252
420.0 1.0990173391747509
420.5 0.8460963834320722
421.0 0.8245858787611544
421.5 0.7639191985665874
422.0 0.8220898148637201
422.5 0.6426171653392234
423.0 0.8046227744807255
423.5 0.5156192423464874
424.0 0.7337547027285738
424.5 0.5198490180134961
425.0 0.612869142581072
425.5 0.9074532716283787
426.0 0.8668204923063451
426.5 0.7363104577024857
427.0 0.6943173486897312
427.5 1.0906306225493294
428.0 0.5790416083215066
428.5 1.1278220234343532
429.0 0.7788897212420616
429.5 0.8052782324899189
430.0 0.8345563937111937
430.5 0.724459514679962
431.0 0.8469704294932805
431.5 0.8226537120255784
432.0 0.7227164659275311
432.5 0.6602749722021604
433.0 0.6728309720855539
433.5 0.6049244212364233
434.0 0.5542472731516206
434.5 0.8574356614077732
435.0 0.9435877613882293
435.5 1.009777327042654
436.0 0.6880654746466924
436.5 0.5297827374853936
437.0 0.8232805270315025
437.5 0.7310021778862785
438.0 0.4661201326529925
438.5 0.9514390609765231
439.0 0.8498523257603572
439.5 0.995873555828936
440.0 1.003369336590342
440.5 0.9352047594487951
441.0 0.7165208006231252
441.5 0.7665579982985143
442.0 0.526352381245208
442.5 0.8403705953533116
443.0 0.8003746133112205
443.5 0.6423485328793637
444.0 0.7400169751125707
444.5 0.8739936538014148
445.0 0.9236435908182374
445.5 0.7859572311036792
446.0 0.8656768835468358
446.5 1.0106614489477512
447.0 0.8721500853566476
447.5 0.9414044445927481
448.0 0.7575986710481664
448.5 0.7915779235743616
449.0 0.848966487066885
449.5 0.8081025076330052
450.0 0.7375133286467233
450.5 0.7526717615593003
451.0 0.7082361175882369
451.5 0.591437159016991
452.0 0.7368601692886846
452.5 0.29179159474916433
453.0 0.5207331675239626
453.5 0.7416658305362173
454.0 0.6803696249090074
454.5 1.0649484191163807
455.0 0.7769565580594393
455.5 0.7867839801557556
456.0 0.8042482984576791
456.5 0.6458734066564635
457.0 0.6820799343791913
457.5 0.7946141297053788
458.0 1.009937747176362
458.5 1.1177984725045256
459.0 0.7769292400257457
459.5 0.7688698471861485
460.0 0.7949570627797836
460.5 0.9405166957721218
461.0 0.821958360482269
461.5 1.0171299524397126
462.0 0.8046805488294295
462.5 0.5294742744561458
463.0 0.8323799765874949
463.5 0.8811191818525093
464.0 0.8759197414545481
464.5 0.8645375267693021
465.0 0.6757589932933523
465.5 0.6914742713406856
466.0 0.8386774948507114
466.5 1.0964753535537723
467.0 0.7588551730817822
467.5 1.029736259396401
468.0 0.7505459451273114
468.5 0.7951188068867716
469.0 0.7637649236210576
469.5 0.8346240820169144
470.0 0.6227178121679497
470.5 0.8722352692872173
471.0 0.7853076663676168
471.5 0.6356177555360605
472.0 0.6754019062726847
472.5 0.5191132197021826
473.0 0.893588953169153
473.5 1.1214772906087989
474.0 0.8015015732240613
474.5 0.5790599259756465
475.0 0.7987402230561068
475.5 0.566780405909189
476.0 0.9577656523935794
476.5 0.9639574662270805
477.0 0.6692306165615515
477.5 1.0579703885150185
478.0 0.883474449534802
478.5 1.0248648139412695
479.0 0.7739106782805487
479.5 0.5784748554454404
480.0 0.7996268607190631
480.5 0.5881767755270755
481.0 0.9838862449145616
481.5 0.912676274993962
482.0 0.864379909183134
482.5 0.7221087303051832
483.0 0.8440837627231377
483.5 1.0813635310030585
484.0 0.9643442676229111
484.5 0.542366441869127
485.0 0.990240186454216
485.5 0.7331885037962194
486.0 0.6245361831808376
486.5 0.7357567268972414
487.0 0.9581337622620376
487.5 0.539339652186676
488.0 1.1567035564536776
488.5 0.6283289569334347
489.0 1.1958538015719096
489.5 0.6769445897028621
490.0 0.6512743594414955
490.5 0.5078350933212341
491.0 0.8533493041856721
491.5 1.0150782494995716
492.0 0.7163441711540477
492.5 0.6099675970495506
493.0 0.7777386083902613
493.5 0.7184280113733805
494.0 0.806235520533964
494.5 0.5643763207190414
495.0 0.719822359355941
495.5 0.6308388872237918
496.0 0.8152380461410234
496.5 0.4107093809361349
497.0 0.6075350660583171
497.5 0.6711795348771041
498.0 0.7275314225600047
498.5 0.8712822498498838
499.0 0.8329820966829318
499.5 1.0125513767098515
500.0 0.6556267702987929
500.5 0.4526332807389795
501.0 0.8274307146528994
501.5 0.6460149761861006
502.0 0.7583558361630698
502.5 0.6134315796451106
503.0 0.7898042193733364
503.5 1.116261977452219
504.0 0.6578038072403327
504.5 0.9775957906688175
505.0 0.9151783401541487
505.5 0.39796469241845694
506.0 0.918307297936306
506.5 0.6919189894768363
507.0 0.9912037854006931
507.5 0.8500409839072485
508.0 0.7612304217712871
508.5 1.0711709561790428
509.0 0.7563327325483377
509.5 0.7064539381087189
510.0 0.7913333531896932
510.5 0.6892306117290286
511.0 0.7158764999710974
511.5 0.693149670025754
512.0 0.8338228015542091
512.5 0.6101273001251606
513.0 0.6104492277901827
513.5 0.7150125955351458
514.0 0.8107677523911934
514.5 1.135121621315152
515.0 0.7590339674739092
515.5 0.8561787165419885
516.0 1.1470446766659013
516.5 0.9340938737459497
517.0 0.8586665146055634
517.5 0.8008178455420394
518.0 0.4026022058762959
518.5 0.6361096703604014
519.0 0.7924103765645685
519.5 0.7875077972812212
520.0 0.7928605778969519
520.5 0.8438413167819929
521.0 0.6127587673298711
521.5 0.7378029656939691
522.0 0.9705253409696699
522.5 0.8386138539178309
523.0 1.0433678387905079
523.5 0.5334340907035476
524.0 0.8168883438875325
524.5 0.5459525458691663
525.0 0.9166802253432003
525.5 0.7040346075709102
526.0 1.0425037551322909
526.5 0.8739154431203826
527.0 1.1055781773048972
527.5 0.864681582347076
528.0 0.6665830284744764
528.5 0.5572716574058237
529.0 0.6507739518379709
529.5 1.3068209364577503
530.0 0.6095159350020223
530.5 0.8426190571685126
531.0 0.9987259525503509
531.5 0.6201020712105652
532.0 0.6930482374395117
532.5 0.7121728013364559
533.0 0.5679525780339774
533.5 1.220214980352134
534.0 0.824512189657608
534.5 0.7302218078520402
535.0 0.8056561701803804
535.5 0.807665794564216
536.0 1.1406379155408333
536.5 0.6122848388491884
537.0 0.9850196502316593
537.5 1.0372622272071295
538.0 0.5957587259454347
538.5 0.7170024608591599
539.0 0.7564225073085938
539.5 0.8853022579360346
540.0 0.7669732215354743
540.5 0.6708079498238169
541.0 0.6493907519748688
541.5 0.956993549434726
542.0 0.954372864993412
542.5 0.837001175160939
543.0 0.8016064859610004
543.5 0.7372293486114061
544.0 0.9134411181987212
544.5 1.2188425030863905
545.0 0.7499275967978221
545.5 0.7802241503802873
546.0 0.7667662615705946
546.5 0.9045944859276811
547.0 0.6767466291179165
547.5 0.8300067677753538
548.0 0.7682585064634149
548.5 0.669282326348664
549.0 0.7324568171685818
549.5 0.7878892356859619
550.0 0.8241234172007954
550.5 0.8399545004889061
551.0 0.8612443569180539
551.5 0.7238334158304223
552.0 1.1550819267616803
552.5 0.8825904552887152
553.0 0.6346321151471956
553.5 0.8828214601530437
554.0 0.761280418320151
554.5 0.6493451931136167
555.0 0.8208356820975808
555.5 1.0202735994915517
556.0 1.0045903213316132
556.5 0.7741471116929107
557.0 0.8514769926658328
557.5 1.0954734184871224
558.0 1.0861164913442858
558.5 0.794809065821892
559.0 0.8558661366414352
559.5 1.0608865875814137
560.0 0.8553735346274681
560.5 0.781323880443038
561.0 0.5680389001093251
561.5 0.9573855136908987
562.0 1.0338904396930806
562.5 0.9340494790571359
563.0 0.9015010521591775
563.5 0.4932636118830554
564.0 0.9980068040120796
564.5 0.8708458186190118
565.0 0.605388532609149
565.5 0.6976329859765735
566.0 0.7025128899218614
566.5 0.6850001422568369
567.0 0.8343543546849184
567.5 0.8644648041684371
568.0 0.7271827543435183
568.5 0.6598568125018893
569.0 0.5937025897953829
569.5 0.7488057422719032
570.0 0.8124093704414173
570.5 0.7892245164304588
571.0 0.9490375245227625
571.5 0.5149054692851336
572.0 0.7340072637724053
572.5 0.7118475242049918
573.0 0.9975177278250815
573.5 0.6804555837903344
574.0 0.7348718811259973
574.5 1.1154571292023168
575.0 1.061800187140595
575.5 1.0358910209994545
576.0 0.8217467370779826
576.5 0.7523360511355643
577.0 0.8665904748296633
577.5 1.012681372533213
578.0 0.4088844827680046
578.5 0.8236385487210516
579.0 1.010878753105969
579.5 0.7837466546867037
580.0 0.6666419779960722
580.5 0.8110217609307048
581.0 0.7676448183412198
581.5 0.7700315550799648
582.0 0.6161819509290019
582.5 0.6714431769010427
583.0 0.7978619069680521
583.5 0.7809117800421812
584.0 0.6529073455970843
584.5 0.9436146578818179
585.0 0.8418532311262252
585.5 0.8923952908398867
586.0 0.49553991035912437
586.5 0.5076480699295045
587.0 0.5944221480964241
587.5 0.8217917806030496
588.0 0.8747596164452468
588.5 0.7180857749318921
589.0 0.8697472975271567
589.5 0.9027189583694357
590.0 0.5066793158950408
590.5 0.8149619434133816
591.0 0.7833708980990997
591.5 1.0186585544235531
592.0 0.8222064675630278
592.5 1.0017135750654085
593.0 0.6256083602649049
593.5 0.6819611339069396
594.0 0.7221965925664796
594.5 0.5013604357403703
595.0 0.7394686791553817
595.5 0.6280011839045403
596.0 0.6305585401871505
596.5 0.8754076936897124
597.0 1.0058399261695032
597.5 0.7298829431704354
598.0 0.9933792098139684
598.5 0.63387109455608
599.0 0.8077441991566227
599.5 0.6060103710772407
600.0 0.633669147964047
600.5 0.5047475949467716
601.0 0.9634014628438675
601.5 1.0894806797250327
602.0 0.7499386961953858
602.5 0.77246566769823
603.0 0.8570539599753244
603.5 0.7592285759716679
604.0 1.0057200543262468
604.5 0.719094817714244
605.0 0.947429584195828
605.5 0.9194358157681439
606.0 0.87271966766221
606.5 0.8637195975633973
607.0 0.7186611934087941
607.5 0.5741295995258698
608.0 0.593854719500398
608.5 0.6440257641602202
609.0 0.8252126160384786
609.5 0.7238122751720631
610.0 0.6778209089253723
610.5 0.7068519513787073
611.0 0.4559168722663506
611.5 0.674805500152746
612.0 0.5814769036884155
612.5 0.7586539371826606
613.0 0.7709636340119046
613.5 0.8840043844323059
614.0 0.572157626286046
614.5 0.5868088537836715
615.0 0.8204761454476561
615.5 0.8502815186930146
616.0 0.6139740574418995
616.5 0.8024599873325793
617.0 0.7456860919125394
617.5 0.9917710262641373
618.0 0.7813832053203349
618.5 0.8782300622841213
619.0 0.6406372086918853
619.5 0.8559703566313219
620.0 0.7391877596943721
620.5 1.079996338181225
621.0 0.9488386404626286
621.5 0.7780568618266168
622.0 0.7538381947842592
622.5 0.9563030832939338
623.0 0.8205406919164593
623.5 0.5726169273324103
624.0 0.7610910739953913
624.5 0.7478883923743407
625.0 0.7007291231840874
625.5 0.7958656274855386
626.0 0.7903887083706965
626.5 0.8005566707642248
627.0 0.7961709122831304
627.5 0.5792140595262745
628.0 0.7145773291886404
628.5 0.6978867781516881
629.0 1.0607136765508136
629.5 0.6817555991462259
630.0 0.5335891320045771
630.5 0.7764328404090708
631.0 0.7257624820256918
631.5 0.9485248869264714
632.0 0.9206919655329818
632.5 0.8439249253194525
633.0 1.0832154102861828
633.5 0.6948411738583038
634.0 0.7983450008521975
634.5 1.2392395005868004
635.0 0.6982342891924789
635.5 0.7664177451533951
636.0 0.6648651061302223
636.5 0.8426849608260747
637.0 0.8811907387267893
637.5 0.7758919130115182
638.0 0.9167216788020149
638.5 0.868716581606001
639.0 0.8626351000184446
639.5 0.6841508450365992
640.0 0.7227828678745163
640.5 0.9766032148695954
641.0 0.7678418836959895
641.5 0.8433614726115801
642.0 0.9464799608505075
642.5 0.8883244217583903
643.0 0.9605320578068637
643.5 1.0139930407262758
644.0 0.9073197099712341
644.5 0.5308340359875358
645.0 0.8103720043735294
645.5 0.5573367204738039
646.0 1.1146530954118101
646.5 0.6889011683366235
647.0 0.8003916476834676
647.5 1.1866239599077777
648.0 0.8105649390914442
648.5 0.6729059985404091
649.0 0.8453871345020012
649.5 1.063033067364112
650.0 0.6787166286001671
650.5 0.7669611339564026
651.0 0.6853024895755985
651.5 0.7090384776093894
652.0 0.7396442304728921
652.5 0.8323641541760565
653.0 1.3011198162109323
653.5 0.8501643823566981
654.0 0.8489929061771078
654.5 0.6876035154109195
655.0 0.6155515797497658
655.5 0.7216869901629227
656.0 0.8967736972852003
656.5 0.8784985544929922
657.0 0.9590999658329591
657.5 0.6316840608058012
658.0 0.5285275034192018
658.5 0.6298039539561686
659.0 0.5852895239220243
659.5 0.9867224965006447
660.0 0.7707363340511011
660.5 0.8679109359763828
661.0 0.661726620888117
661.5 0.7677235123478621
662.0 0.6735243920866485
662.5 0.9417425021821677
663.0 0.8561969721423717
663.5 0.9876483799994746
664.0 0.6416295210663918
664.5 0.8919072394779873
665.0 0.8049384666022459
665.5 0.7702485078661764
666.0 0.582274110563028
666.5 0.868246351960697
667.0 0.766067498915566
667.5 0.5493709269190691
668.0 0.9223219708636586
668.5 0.5394779145943885
669.0 0.7004273272219155
669.5 0.9234548553223718
670.0 0.707404555240656
670.5 0.6426971583287511
671.0 0.9600962385763971
671.5 1.2121688473641252
672.0 0.5878209005899875
672.5 0.6413016503564508
673.0 0.5763886011412734
673.5 0.8265281179985229
674.0 1.0113094277337566
674.5 0.7507989885401679
675.0 0.5734824226943677
675.5 1.0297470076592208
676.0 0.6698609443030468
676.5 0.9822110766168147
677.0 0.7640141331250038
677.5 0.8850353730630622
678.0 0.5168251293949366
678.5 0.9593542062119238
679.0 0.7875668243599341
679.5 0.6788602800767132
680.0 0.8084711035448924
680.5 0.8911196453099073
681.0 0.8883706646634714
681.5 0.8542566360166246
682.0 1.1910648248612614
682.5 0.7730442952674617
683.0 1.1447238842266276
683.5 0.9933664164688074
684.0 0.6508122077184765
684.5 0.5853153530324384
685.0 0.8176072795406065
685.5 0.9334644415373583
686.0 0.6035423070935961
686.5 0.6666377383749221
687.0 0.8752782115069495
687.5 0.744233781762223
688.0 0.6409312928958979
688.5 0.6022361248901507
689.0 0.7991436543944302
689.5 0.5207466136758965
690.0 1.1221029617919758
690.5 0.7228641403576018
691.0 0.7149730259645398
691.5 0.5879505641574532
692.0 0.7862143108110067
692.5 0.5794001499870398
693.0 0.9135177895221062
693.5 0.7558275456440257
694.0 0.48968360073454603
694.5 0.8773429612682082
695.0 0.5892631379881716
695.5 1.0565089321672072
696.0 0.9519145547965802
696.5 0.8330370984727098
697.0 0.6399633330011236
697.5 0.8084259812172061
698.0 0.7717188108485133
698.5 0.8739180196481745
699.0 0.8227920776234108
699.5 0.6258280590684543
700.0 0.6379891599511571
700.5 0.6878051472124651
701.0 0.9691814860909442
701.5 0.8172573649844938
702.0 0.9801961330622075
702.5 1.0067394893447736
703.0 0.7339073359895717
703.5 0.5909997558716393
704.0 0.5838637576388815
704.5 0.8706309502630574
705.0 0.7143690263876841
705.5 1.0764563899809405
706.0 0.640931841848366
706.5 0.8068108128287816
707.0 0.9250457842904093
707.5 0.5495981987004377
708.0 1.2156425091183358
708.5 0.7533029446170141
709.0 0.6683281945042221
709.5 0.8873778909071558
710.0 1.0456581631664146
710.5 0.7236030031261749
711.0 0.828292506045052
711.5 0.950743722834037
712.0 0.7427150050398805
712.5 0.6796355358045352
713.0 0.791441618448625
713.5 0.4809189380579945
714.0 0.8917497833399116
714.5 0.8739663715631836
715.0 0.7684920976340452
715.5 0.7111675140484889
716.0 0.6843081925912559
716.5 0.8858957575387395
717.0 1.0091842137603138
717.5 0.6601229227521489
718.0 0.6860643167739443
718.5 0.6894317474753539
719.0 0.6328650428205718
719.5 0.9902238804788541
720.0 0.7422645763213029
720.5 0.7292280111511984
721.0 1.1921515277534016
721.5 1.1026993722784393
722.0 0.8327761773174469
722.5 0.5094682972956481
723.0 0.7684287128390977
723.5 0.7816956619057966
724.0 0.579837321167987
724.5 0.8575347264873564
725.0 0.8310688281102401
725.5 0.5342930089503943
726.0 0.861653946349616
726.5 0.749005339385065
727.0 0.7368829872422943
727.5 0.7180734883127622
728.0 0.7392269577356946
728.5 0.9956279133189294
729.0 0.7803422470683323
729.5 0.8927448917657393
730.0 0.9903151873055267
730.5 1.0879349702527932
731.0 0.6793589567450121
731.5 0.5309407880577575
732.0 0.596943815688584
732.5 0.7927958232620482
733.0 0.7808364138727398
733.5 0.6919124787954616
734.0 0.7090979412613861
734.5 0.7636668419487721
735.0 0.4740168501434998
735.5 0.7675256259884122
736.0 1.0854080366322145
736.5 1.0092303211241547
737.0 0.7416851070527453
737.5 0.756203971992818
738.0 0.9297780919807754
738.5 1.0598956598628537
739.0 0.8123663623519963
739.5 0.7421346679737402
740.0 0.665611886522701
740.5 0.5891169446931628
741.0 0.9229187606984339
741.5 0.6712367740473018
742.0 0.9177999493399965
742.5 0.817631421668252
743.0 0.7394825822831537
743.5 0.765430141077613
744.0 0.8195760135803728
744.5 0.8049688806823305
745.0 0.7446442016754917
745.5 0.7400833201806019
746.0 0.9092636354370653
746.5 0.6093224305936062
747.0 0.5682207368651708
747.5 0.9555161803336929
748.0 0.72139799786395
748.5 0.7311777444903399
749.0 0.6769713124453467
749.5 1.1031035185698617
750.0 0.617609136581757
750.5 0.8238113059704467
751.0 0.9181544413748427
751.5 0.8072210005248035
752.0 0.7939746411063722
752.5 0.7223166096030924
753.0 0.8271168936223329
753.5 0.7987950329280048
754.0 0.9291482936432716
754.5 1.0222926284315945
755.0 1.106723206021121
755.5 0.5502997751833993
756.0 0.5520923771696777
756.5 0.5322926497762449
757.0 0.8103408768665343
757.5 0.7571865085146157
758.0 0.8121538353283786
758.5 0.8950694775648065
759.0 0.8339806652532604
759.5 0.8929029210814422
760.0 0.5003901930315097
760.5 0.813533409537465
761.0 0.7148692766753738
761.5 0.6043119098167302
762.0 1.158867756027247
762.5 0.7035137479714026
763.0 0.6456470993928021
763.5 0.9783354808039613
764.0 0.6498995214378837
764.5 0.8062412439569361
765.0 0.6988069040150158
765.5 0.5970982367435744
766.0 0.7328206730483273
766.5 0.7215958556221918
767.0 0.5712598106779994
767.5 1.0928882458913178
768.0 0.787931533140821
768.5 0.8438663331737841
769.0 0.8806543364258415
769.5 0.9705543841431157
770.0 0.6699834678482075
770.5 0.7764253811791013
771.0 0.6176604564139561
771.5 0.8933850981030516
772.0 0.6674383693113404
772.5 0.6537962623281768
773.0 0.6655107979386025
773.5 0.760890793155724
774.0 0.41285218546441393
774.5 1.080682286087555
775.0 0.7093590146674111
775.5 0.9198994471135951
776.0 0.8381056623457124
776.5 0.9180929451318633
777.0 0.8455724451747096
777.5 1.0607835526757585
778.0 0.6992126548762667
778.5 0.7542972409680683
779.0 0.8304748401086197
779.5 0.7685552764772734
780.0 0.8981069200377527
780.5 0.8748948975670308
781.0 1.1752930084782935
781.5 0.7055118309964419
782.0 0.8623643091587962
782.5 0.9072812477480146
783.0 0.774551608472906
783.5 0.4900161449369488
784.0 0.7519043649759527
784.5 0.9193130874466022
785.0 0.8661326439983699
785.5 0.6106544080824265
786.0 0.6289895217138363
786.5 0.6533022054221914
787.0 0.8897760810353468
787.5 0.4922399412636207
788.0 0.66529710058326
788.5 0.47841688029724005
789.0 1.072813786854453
789.5 0.626158225880481
790.0 0.5736821914227952
790.5 0.4976409218358109
791.0 0.6160828899898855
791.5 0.7840017713092602
792.0 0.7765883577759105
792.5 0.49593684009757355
793.0 0.8691719888948086
793.5 1.030791102344209
794.0 0.9299254476651653
794.5 0.6811838549302791
795.0 0.6944205466673942
795.5 0.9027294733940208
796.0 0.8231899916643133
796.5 0.5765024390134317
797.0 0.6502379399175456
797.5 0.5730205661247416
798.0 0.8044067797963871
798.5 0.675297641626113
799.0 0.696230210693422
799.5 0.49936011255035906
800.0 0.6218407859760597
800.5 0.9602485193399445
801.0 0.49978849693521454
801.5 0.6647224573571968
802.0 0.8949637683473248
802.5 0.7481654646533646
803.0 0.9349049579931559
803.5 0.4837035591118688
804.0 0.9938924121906388
804.5 0.7350751614874808
805.0 0.7548274695987843
805.5 0.8147897315205301
806.0 0.7381360511692667
806.5 0.6993129135285562
807.0 0.7427196889099927
807.5 1.067809627194054
808.0 0.667485470671586
808.5 0.7148294089759478
809.0 0.7345084813108731
809.5 1.0676888415489074
810.0 0.8507473035784634
810.5 0.7507057898257699
811.0 0.7120396473669619
811.5 0.8299331127317227
812.0 0.5989234355976355
812.5 0.7359409435011436
813.0 0.4129201048074988
813.5 1.058420794225756
814.0 1.00512067747244
814.5 0.8922902987671442
815.0 0.8107595986989442
815.5 0.8563812685623025
816.0 0.8271448724060995
816.5 0.7475617736034772
817.0 0.6114829589680435
817.5 1.1450649369829242
818.0 0.8059683737910598
818.5 0.8723221004563957
819.0 0.777477926208769
819.5 0.8701740250814092
820.0 0.7785452941558646
820.5 0.8418607621141291
821.0 0.8478649383691981
821.5 1.0611451345172203
822.0 0.9499241956151989
822.5 0.7326046917003421
823.0 0.8671920266213264
823.5 0.7135029462545355
824.0 0.9470879678325037
824.5 0.7456683911202681
825.0 0.6391336762150661
825.5 0.9286955755306345
826.0 1.0794435577382537
826.5 0.6149514581320076
827.0 0.676071554414887
827.5 0.8714815530758127
828.0 1.09115394398353
828.5 0.5782396339355157
829.0 0.48817784238345957
829.5 0.6340690751243513
830.0 0.911161334425389
830.5 1.000105395204689
831.0 1.0127256172776697
831.5 1.0876705134501696
832.0 0.9341370277722965
832.5 0.5808726874163095
833.0 0.6704608854993537
833.5 0.835304264083059
834.0 1.239585103942517
834.5 0.8142181374922651
835.0 0.8200636918147519
835.5 0.8140875114509686
836.0 0.6008003439941656
836.5 0.7664647867515928
837.0 1.0301956739926563
837.5 0.7877198346352233
838.0 0.8978183656015155
838.5 0.49347483837522754
839.0 0.6404403725594923
839.5 0.928496803772366
840.0 0.9608778376591225
840.5 0.7165674562046138
841.0 0.4800301564826582
841.5 0.7207291252599966
842.0 0.8609897060515567
842.5 0.8751990483761591
843.0 0.8402821006009786
843.5 0.9303405006489686
844.0 0.7502790407821454
844.5 0.5746049100675481
845.0 0.6936252774386871
845.5 0.8311805407436033
846.0 0.7745772189190003
846.5 0.9251388233608866
847.0 1.1032358129514006
847.5 0.8347035831317551
848.0 0.8228309858525886
848.5 0.828395554351945
849.0 1.1423148301244526
849.5 0.6827861564712272
850.0 0.9791244539084538
850.5 1.0425768039185634
851.0 0.9445584059936163
851.5 0.7793724177867307
852.0 0.7952896306536947
852.5 0.8846617954043133
853.0 1.0148347308413024
853.5 0.9459560664832197
854.0 0.9179499672696119
854.5 0.794115548670676
855.0 0.6555937997688315
855.5 0.7359819640441191
856.0 0.5818466986661314
856.5 0.8806724553702651
857.0 0.8613018726555608
857.5 0.8757681556893886
858.0 0.5126013242922032
858.5 1.0223852677095318
859.0 0.7333775244901387
859.5 0.7591661013051729
860.0 0.8380352250480438
860.5 0.8127261150639686
861.0 0.9865293053248423
861.5 0.7661515939409789
862.0 0.7267237661912473
862.5 0.8970351932503572
863.0 0.8811523024114396
863.5 0.9588064450732996
864.0 0.95496789855527
864.5 0.6476805260126146
865.0 0.823634862223376
865.5 0.7788090481510288
866.0 0.7722544174451159
866.5 0.4522913458140894
867.0 0.5774329158020532
867.5 0.8139607562601834
868.0 0.7473733297892566
868.5 0.8515562837640994
869.0 0.8074943633561209
869.5 0.9323644753005522
870.0 1.184283891846195
870.5 0.6943639363705691
871.0 0.8298616199131457
871.5 0.6999484380030361
872.0 0.6984156571718494
872.5 0.8161026353367109
873.0 0.6829367852526937
873.5 0.907303405003419
874.0 0.9569775199078357
874.5 0.8145082488689424
875.0 0.9555913745137257
875.5 0.5913128852915943
876.0 0.7934615949881891
876.5 0.576451528252888
877.0 0.5526078270491854
877.5 0.9337485779937527
878.0 0.7635689660222065
878.5 0.8197812317283268
879.0 0.8466835267893831
879.5 0.634766588094573
880.0 0.8548653377881311
880.5 0.784404141789169
881.0 0.7553015891757109
881.5 0.7859525847855153
882.0 0.8762938660848993
882.5 0.9201427244843319
883.0 0.7952078123814454
883.5 0.9599855231943106
884.0 0.3477615598768203
884.5 0.6857102082264319
885.0 1.0711683729611883
885.5 0.7550948814876658
886.0 0.8726879051228053
886.5 0.7288464516402968
887.0 0.9036838922961703
887.5 0.7573691232537751
888.0 0.8660583442483928
888.5 0.883051311734161
889.0 0.7979904269638344
889.5 0.8084164408687456
890.0 0.6353660637008636
890.5 0.7767747063598212
891.0 0.9899216080822375
891.5 0.8626449573333799
892.0 0.7044342371865255
892.5 0.7417383126380778
893.0 0.4984608038237276
893.5 0.7163797659380968
894.0 0.9385215293351836
894.5 0.7003066469360524
895.0 0.8294475673308999
895.5 0.7580025682503607
896.0 0.819068571846576
896.5 0.8117742308056122
897.0 0.8355868808912295
897.5 0.6003758504790839
898.0 0.4419535563631657
898.5 0.9219735987085889
899.0 0.8909982379990109
899.5 0.7550671156917624
900.0 0.7303251979510135
900.5 0.9004645238478907
901.0 0.916320494669319
901.5 0.6049283770348761
902.0 0.7423293470943666
902.5 0.6650282848950695
903.0 1.0324821045874815
903.5 0.8481169523371171
904.0 0.9076284504431684
904.5 0.7265690878262098
905.0 0.7230288714669719
905.5 0.6816480500635931
906.0 0.8422190790157568
906.5 0.8404295769877344
907.0 0.7367893286564617
907.5 0.5841684788476993
908.0 0.9186864282491292
908.5 0.9315366135261172
909.0 0.6236441722101624
909.5 0.6861799783831763
910.0 0.8680441533106549
910.5 0.7626161501762587
911.0 0.901274131425139
911.5 0.7762066778369278
912.0 0.6412853397856089
912.5 0.474738806331407
913.0 0.6861908645218027
913.5 0.7371667097041399
914.0 0.8478296203325623
914.5 0.70101026450871
915.0 0.43546862568206807
915.5 1.1096817012655327
916.0 0.595236853016786
916.5 0.8876672564684289
917.0 0.6441493143747509
917.5 0.9120621703569844
918.0 0.7618552453302532
918.5 0.7675852680161752
919.0 0.8346026111993903
919.5 0.764801219831484
920.0 1.1996387164570574
920.5 0.9124755299620527
921.0 0.9174703980758402
921.5 0.6314894627206032
922.0 0.9089589535681517
922.5 0.9452289510135676
923.0 0.8199785711425491
923.5 0.4746429524865006
924.0 0.5348945104643474
924.5 0.8862439288101757
925.0 0.8054101913397967
925.5 0.9092375015615574
926.0 0.7888715750368169
926.5 0.9479928935174714
927.0 1.0463693156074525
927.5 0.6271681032715719
928.0 0.7302265895522186
928.5 1.011146005601383
929.0 1.0513522376697293
929.5 0.6941629200223183
930.0 0.7221145789732467
930.5 0.8448604062378708
931.0 0.5080573403523203
931.5 0.7376173051935946
932.0 0.7662820462846262
932.5 0.8220667872031655
933.0 0.73184538876735
933.5 1.04395901332425
934.0 0.7492520769937574
934.5 0.5705872444486934
935.0 1.0183199184324971
935.5 0.8761743666632728
936.0 0.6251970209979205
936.5 0.7172411953701461
937.0 0.7421746934506913
937.5 0.6693723357268448
938.0 0.7747039970247211
938.5 0.7776644068352362
939.0 0.985588514426135
939.5 0.7273803879870513
940.0 0.7779071426120856
940.5 1.0188921953088643
941.0 0.8926754922170665
941.5 0.7004510411751934
942.0 0.6474976999582605
942.5 0.8957568172753713
943.0 0.6022322804247622
943.5 1.1137994546665455
944.0 0.5866556999642063
944.5 0.8664990780821133
945.0 1.0557739587701411
945.5 0.8080896862968376
946.0 0.9877156463723976
946.5 0.600466214007037
947.0 0.8255345028655732
947.5 0.869782588836391
948.0 0.7826024821988294
948.5 0.8253490927403961
949.0 1.0761657257258328
949.5 0.8441991615891169
950.0 0.9063095546434581
950.5 0.7855036525080221
951.0 0.6105585067149633
951.5 0.8184425956156679
952.0 1.1106345809204248
952.5 0.7357747115649369
953.0 0.5535826129103703
953.5 0.6910294946753353
954.0 1.0078545983821985
954.5 0.4428575257588347
955.0 0.6752752371376266
955.5 0.9798074654909839
956.0 0.5998363835578978
956.5 0.5538176049171162
957.0 0.6581518646666524
957.5 0.5526700786350195
958.0 0.663684217157789
958.5 1.066409761499761
959.0 0.7331193988057191
959.5 0.9904918989815904
960.0 0.5200844170386301
960.5 0.815047877235848
961.0 0.6430868568019433
961.5 0.8295928105208641
962.0 1.0754924865353601
962.5 0.7539787034229557
963.0 0.7240006823953888
963.5 0.8028094637466852
964.0 0.6555653783974574
964.5 0.8471218060439647
965.0 0.801166937476308
965.5 0.8799510855207799
966.0 0.9915994169857683
966.5 0.7013657782878848
967.0 0.7539332013105462
967.5 0.7716944796090418
968.0 0.8733861137497437
968.5 0.8413948118161154
969.0 0.705651724192013
969.5 0.8276826757235507
970.0 0.70805321755752
970.5 0.909209062077682
971.0 0.6155347288853031
971.5 0.7876974000195422
972.0 0.7534055084860608
972.5 0.777119310809897
973.0 0.7923189179300818
973.5 1.0365173550741464
974.0 0.6871266895012328
974.5 0.755322585900106
975.0 0.9214169453126253
975.5 0.6498910788578848
976.0 1.1176425984832261
976.5 0.8374779746465928
977.0 0.8419417220462361
977.5 0.67154747980004
978.0 0.8723211255537222
978.5 0.8554648991196976
979.0 0.5801196174296419
979.5 0.6596043986596253
980.0 0.7550631479054273
980.5 0.8445626005458069
981.0 1.0295920555317681
981.5 0.6060028653602326
982.0 0.8642888609013135
982.5 0.7624788012158517
983.0 0.7226787227825879
983.5 0.5191915361832872
984.0 1.2618639766767674
984.5 0.8505196820735896
985.0 1.0659473631870418
985.5 0.7992782874451021
986.0 0.5940246437424519
986.5 0.9487812842941692
987.0 0.8425173147221046
987.5 1.1589702127005015
988.0 0.7552710607468248
988.5 0.6934088971069166
989.0 0.64872314249312
989.5 0.5733783009416409
990.0 0.7872369513466958
990.5 0.5864612517039032
991.0 0.6823646563095873
991.5 0.7005096714102326
992.0 0.7452283701436984
992.5 1.013054727548273
993.0 0.6467812984685506
993.5 0.7800782131642072
994.0 0.8085066249326858
994.5 0.6855553134235005
995.0 0.6690761479074641
995.5 0.6534889378642504
996.0 0.529782204349774
996.5 0.6224856199408635
997.0 1.0017531949890954
997.5 0.9118354702837335
998.0 0.7587980384578975
998.5 0.7903754765866717
999.0 0.5939355649533815
999.5 0.770286992506555
1000.0 0.5763221771431839
1000.5 0.7044269481060286
1001.0 0.8504118201041391
1001.5 0.7343030361630425
1002.0 0.5484029429318351
1002.5 0.9781165305246811
1003.0 0.948616458799505
1003.5 0.6626875061433866
1004.0 0.8071829775218072
1004.5 0.9448091729737644
1005.0 0.9430978173923472
1005.5 1.058808938294289
1006.0 0.8589462861299035
1006.5 0.7948797603215096
1007.0 1.065985469087002
1007.5 0.882385998887168
1008.0 0.5830977142749123
1008.5 0.8443923723276712
1009.0 0.9185914807336579
1009.5 0.7759435887034112
1010.0 0.749760853262256
1010.5 0.5417009548167996
1011.0 0.71631803475327
1011.5 0.8101472232586606
1012.0 0.9190713230233447
1012.5 0.8934843545469515
1013.0 0.962715959761968
1013.5 1.060190346523604
1014.0 0.9251080154317741
1014.5 1.0683523362350917
1015.0 0.8640325597377799
1015.5 1.1616908877297893
1016.0 0.7192822553094977
1016.5 0.8684078911906893
1017.0 0.6208543828934858
1017.5 1.1992457746250964
1018.0 0.5573273219990635
1018.5 0.8634338269957913
1019.0 0.6843015625465538
1019.5 0.8005607050682265
1020.0 0.6331648135811918
1020.5 0.622202455998863
1021.0 1.0710944284398711
1021.5 0.6438628834759357
1022.0 1.1059843621472816
1022.5 0.8644327217156259
1023.0 0.8640416396530446
1023.5 0.5772591541947487
1024.0 0.9406957577080932
1024.5 0.7296581949378992
1025.0 0.8568781608479624
1025.5 1.5800310048220718
1026.0 0.8101420145771252
1026.5 0.8906358813273687
1027.0 0.8817949132785312
1027.5 0.6270307344359504
1028.0 0.6836264175114279
1028.5 0.9421250657193345
1029.0 0.6288194444947786
1029.5 0.9552686466248431
1030.0 0.7252309776325359
1030.5 0.6524296559589389
1031.0 0.8341735726317221
1031.5 0.9192780946047776
1032.0 0.6335092280013304
1032.5 0.6939358378374717
1033.0 0.7296853969557217
1033.5 0.6433197101441571
1034.0 0.7144087390752645
1034.5 0.7931414343599639
1035.0 0.4759307695298343
1035.5 0.8242419233515452
1036.0 0.764565988855982
1036.5 0.9420398566617028
1037.0 0.6457352696791637
1037.5 0.7690428908996637
1038.0 0.8185050730353332
1038.5 0.5590411908002517
1039.0 0.7754790359365569
1039.5 0.5968241361690552
1040.0 0.5614035401534013
1040.5 0.9914901376319943
1041.0 0.8553805538800501
1041.5 0.9183272790145656
1042.0 0.7538658363485187
1042.5 0.837494008669104
1043.0 0.4944295396276393
1043.5 0.34945160283146
1044.0 0.9300888870944505
1044.5 0.5930884531787698
1045.0 0.7957966778224164
1045.5 0.7701992095590072
1046.0 1.078644705924374
1046.5 0.7282447516624788
1047.0 0.6193076665625177
1047.5 0.851694031501775
1048.0 0.7341119267121492
1048.5 0.9255576696848742
1049.0 0.759042526401589
1049.5 0.7790539323752121
1050.0 0.8613673672154321
1050.5 0.6734811853534879
1051.0 0.8239822348756599
1051.5 0.9397644891754848
1052.0 0.9406222489787802
1052.5 0.7661875662505239
1053.0 0.6298986671148926
1053.5 0.75012992541876
1054.0 0.7659858786795588
1054.5 0.6278240691782131
1055.0 0.8441793808168558
1055.5 0.8769689754807785
1056.0 0.7291255153621976
1056.5 0.7487687101797161
1057.0 0.9365292887854918
1057.5 0.565233728663886
1058.0 0.8164057137713074
1058.5 0.5043007730256324
1059.0 0.4216129155252094
1059.5 0.7814819522006207
1060.0 0.5395742535921978
1060.5 0.6321754593957114
1061.0 0.6791082856066767
1061.5 0.7597215026874569
1062.0 0.8017044458398274
1062.5 0.8798078693759983
1063.0 0.5302120090309839
1063.5 0.7527792444233057
1064.0 0.7967062393361418
1064.5 1.0155180502153605
1065.0 0.6470713796823604
1065.5 0.9041608536309084
1066.0 0.6925260161396747
1066.5 0.6938363760140467
1067.0 0.7875459712800807
1067.5 0.5266158929085621
1068.0 0.7433982784600895
1068.5 0.8253202658211442
1069.0 0.7130765855966237
1069.5 0.8379866659119486
1070.0 0.9707903803137636
1070.5 0.785015542634423
1071.0 0.7393477188304441
1071.5 1.0859351121543654
1072.0 1.0015282157393723
1072.5 0.7498115895511427
1073.0 1.000642409354323
1073.5 0.6789875986926307
1074.0 0.46570305838092085
1074.5 0.8961916356977901
1075.0 0.5121568478366243
1075.5 0.8170199558169926
1076.0 0.8584537116092528
1076.5 0.7922593927649004
1077.0 1.0762628974717794
1077.5 1.2289387751731193
1078.0 0.8651930670122759
1078.5 0.7808042257538863
1079.0 0.761956629011238
1079.5 0.9897718184679042
1080.0 0.7816087007013659
1080.5 0.6798443571846511
1081.0 0.9025876118898792
1081.5 0.9453829312041752
1082.0 0.6829379931620126
1082.5 0.746859971761814
1083.0 0.4307684930927506
1083.5 0.5227479412491918
1084.0 0.9232053381418115
1084.5 0.5366969866381582
1085.0 0.7841643493515283
1085.5 0.791532757646702
1086.0 0.9500113341597295
1086.5 0.7903134632404987
1087.0 0.8503813503166213
1087.5 0.7225595295280922
1088.0 0.9848519763460537
1088.5 0.9420301935312964
1089.0 1.0133856450818874
1089.5 0.8200115413961928
1090.0 0.753819330073007
1090.5 0.7466713350373531
1091.0 0.9854536040628782
1091.5 0.8441175652690247
1092.0 0.8947877703842285
1092.5 0.9138121822921199
1093.0 0.8096253636616412
1093.5 0.6381153030717994
1094.0 0.6627930606977509
1094.5 0.7300188762665916
1095.0 1.3060656278106064
1095.5 0.7924350514859767
1096.0 1.0741504317644954
1096.5 0.7977421608772446
1097.0 1.0363255006395118
1097.5 0.9321465295892488
1098.0 1.032248899906657
1098.5 1.023660470630052
1099.0 0.83917315493132
1099.5 0.9374400976126973
1100.0 1.0625852280638388
1100.5 0.6282769813228997
1101.0 0.7809923499253572
1101.5 0.668742561023625
1102.0 1.0290053175973217
1102.5 0.8381622759702442
1103.0 0.895595243594435
1103.5 0.8954552898700785
1104.0 0.8520795090878329
1104.5 0.9132728335712481
1105.0 0.9316341757002968
1105.5 0.6916219597883342
1106.0 0.5664482297456618
1106.5 0.7564512951103808
1107.0 0.6640708763385887
1107.5 0.7003863631518412
1108.0 0.7843853595669394
1108.5 0.5112079481880345
1109.0 0.8792242539868612
1109.5 0.6838964630147419
1110.0 0.7045937160639602
1110.5 0.5904803074183527
1111.0 1.0045874928361538
1111.5 0.8199634400677174
1112.0 0.6183059890171791
1112.5 0.7983066987575298
1113.0 0.869426411970102
1113.5 0.9880872143449386
1114.0 0.7965413347898538
1114.5 0.7986975562329596
1115.0 0.944434350280936
1115.5 0.8260240502766883
1116.0 0.8239413689545054
1116.5 0.5832621578152543
1117.0 0.9993025934851707
1117.5 0.7337919031850675
1118.0 0.7179773549650939
1118.5 0.8645002158665923
1119.0 0.6361955544248981
1119.5 0.6646525790127831
1120.0 0.5181722157720507
1120.5 0.8273400468806149
1121.0 0.7061994746736979
1121.5 0.6881448285070764
1122.0 0.7552669783216857
1122.5 0.6661715757592976
1123.0 0.8803514114148006
1123.5 0.9017990470423186
1124.0 0.683534340154082
1124.5 0.7254777190081065
1125.0 0.4854038291920285
1125.5 0.7139990983443923
1126.0 0.7948857812755503
1126.5 0.7848282817865755
1127.0 0.863880420704979
1127.5 0.6486181968063832
1128.0 0.9238208423295433
1128.5 0.9031677424106264
1129.0 0.6992238073504047
1129.5 0.30212414463146164
1130.0 0.930104537792811
1130.5 1.0459400928117626
1131.0 0.7453517971635684
1131.5 0.9917842694234419
1132.0 0.8755400499046213
1132.5 0.6450022472495576
1133.0 0.8490684170681091
1133.5 0.9310227255418242
1134.0 0.6814259744681022
1134.5 0.687744220327043
1135.0 0.6597523022950238
1135.5 0.7397927789277493
1136.0 0.5211638239030445
1136.5 0.6449451074574346
1137.0 0.6289803738797406
1137.5 0.6841002578186653
1138.0 0.6038665210457606
1138.5 0.6205658628600157
1139.0 0.8301606206442986
1139.5 0.8019165816599632
1140.0 0.9496411008971701
1140.5 0.6626361965599554
1141.0 0.7086229579833928
1141.5 0.7120470150113568
1142.0 0.8790709842611413
1142.5 0.7795110937860124
1143.0 0.7626455716032317
1143.5 0.9352190312924773
1144.0 0.7915726559126055
1144.5 0.7771197832081569
1145.0 0.7898180202759053
1145.5 0.7943659132995217
1146.0 0.8650999313381202
1146.5 1.03328250468188
1147.0 0.48299811044527396
1147.5 0.7688684847825429
1148.0 0.6921933459992129
1148.5 1.12893828902298
1149.0 0.5742924045127336
1149.5 0.8830595559619931
1150.0 0.8790193150475516
1150.5 0.8583191869610868
1151.0 0.6398690655057242
1151.5 0.8734198716608141
1152.0 1.0249467895639266
1152.5 0.6583960038969086
1153.0 0.7104352341897394
1153.5 0.5648909855451217
1154.0 0.8597849118632949
1154.5 0.9629456692234355
1155.0 0.7306949198873954
1155.5 0.8362653233397153
1156.0 1.0256695406592675
1156.5 0.8390389422283495
1157.0 0.6970451471799508
1157.5 0.8324217175435435
1158.0 0.6308825667924394
1158.5 0.7188101165691043
1159.0 0.7459112603069809
1159.5 1.0675423126477805
1160.0 0.8684030145498193
1160.5 0.7318753766145356
1161.0 0.9376215614203227
1161.5 0.7554213167910334
1162.0 0.6975129321008997
1162.5 0.7471447783176591
1163.0 0.8258233279016869
1163.5 0.6724557454686179
1164.0 0.6432705190397866
1164.5 0.6428818476767568
1165.0 1.137907011907701
1165.5 0.7763345374418731
1166.0 0.6622533724483699
1166.5 1.0034988768240534
1167.0 0.7912067428452508
1167.5 0.6544967171453934
1168.0 0.7379502129355796
1168.5 1.105172761050805
1169.0 0.8214443580455926
1169.5 0.6209386441286568
1170.0 0.7096604438936591
1170.5 0.9800609921630212
1171.0 0.7914125485480463
1171.5 0.7020215141522048
1172.0 0.8022429010711614
1172.5 0.6994301380321635
1173.0 0.6026351804280143
1173.5 0.9349917184275904
1174.0 0.9751118933271232
1174.5 0.8749259276980237
1175.0 1.0268127204249238
1175.5 0.6968661635660356
1176.0 0.7659097276472571
1176.5 0.8203042634434256
1177.0 0.9237545204038052
1177.5 0.8581443042084236
1178.0 0.5256680940601723
1178.5 0.5445284090212308
1179.0 0.7169332453111055
1179.5 0.5433297754528885
1180.0 0.5002025828832698
1180.5 0.7250846567771094
1181.0 0.6612622042503712
1181.5 0.6511177763805287
1182.0 0.7742639865565589
1182.5 0.8060842110197493
1183.0 0.9829785859966289
1183.5 0.6954243019896658
1184.0 0.9167012680605175
1184.5 0.8527681514140492
1185.0 0.9724638962059134
1185.5 0.8672140923976138
1186.0 1.0864364240466413
1186.5 0.6643187682765801
1187.0 0.7346531478647296
1187.5 1.0608615690764887
1188.0 0.8489952149934181
1188.5 0.8617979045299841
1189.0 0.6324427846508776
1189.5 0.5863902925606861
1190.0 0.6506984099317633
1190.5 0.6180780905687082
1191.0 0.7441498496613684
1191.5 0.7766637282865934
1192.0 0.7190475619283276
1192.5 0.8674307297976027
1193.0 0.875515356345382
1193.5 0.8313690590612166
1194.0 0.5422539300335659
1194.5 0.8396984512437904
1195.0 0.9705632520015357
1195.5 0.9937272398308622
1196.0 0.7386252143079759
1196.5 0.7104265006536679
1197.0 0.9927773489557881
1197.5 0.7854146611723319
1198.0 0.8760307550827349
1198.5 0.7476679774755328
1199.0 0.5715198220066842
1199.5 0.8212018846762686
1200.0 0.9908132729241501
1200.5 1.2964868845420212
1201.0 0.9383614573366605
1201.5 0.7101245153791451
1202.0 1.0335862461545873
1202.5 0.7787339570721872
1203.0 1.0995855154912806
1203.5 0.6344566245942485
1204.0 0.8883044472910044
1204.5 0.9707908819522446
1205.0 0.530198000699515
1205.5 0.7962725382117081
1206.0 0.8217838920973188
1206.5 0.7631122371060854
1207.0 0.6638606658606945
1207.5 0.8070454255727444
1208.0 0.6973574814461416
1208.5 1.1465637846760521
1209.0 0.8460487028975081
1209.5 0.7856090436717895
1210.0 0.5958085929263112
1210.5 0.7217772782339023
1211.0 0.6395294014064683
1211.5 0.9777852359293373
1212.0 0.749015703128473
1212.5 0.8461975669778232
1213.0 0.9118013816961346
1213.5 0.8407566614443673
1214.0 0.6972164421439718
1214.5 0.7263614641579959
1215.0 1.1378090812959212
1215.5 0.7445711754838747
1216.0 1.1411225212900677
1216.5 0.7849597858591475
1217.0 0.9382660377555792
1217.5 0.6594602630872262
1218.0 0.8857500378310615
1218.5 1.0762395700939977
1219.0 0.8047713003051222
1219.5 1.0796025981871251
1220.0 0.962143973982009
1220.5 0.8756403882839052
1221.0 0.5135140056245864
1221.5 0.8606085042615277
1222.0 0.7862182831663793
1222.5 0.7544552369665012
1223.0 0.8299260416558688
1223.5 0.7960201662502235
1224.0 1.0053950412535149
1224.5 0.9381807330773573
1225.0 0.9972689806889672
1225.5 0.7212135457260054
1226.0 0.8962515880734137
1226.5 0.6516848519325703
1227.0 0.6063030366349061
1227.5 0.7468003309328023
1228.0 0.8457619034347248
1228.5 0.7761486046010735
1229.0 1.2158347526301665
1229.5 0.7500895638884431
1230.0 0.6890675448007153
1230.5 0.8157984031685349
1231.0 0.7980705435273653
1231.5 0.6267907565342546
1232.0 0.8730313937708831
1232.5 0.7781843631374036
1233.0 0.7172838129124826
1233.5 0.8560841567799173
1234.0 0.9282398306774936
1234.5 0.9136535876075715
1235.0 0.8383288739223969
1235.5 0.7357867523969612
1236.0 0.6369163515748649
1236.5 0.7049738840180325
1237.0 1.0384424069977696
1237.5 0.7299218217916226
1238.0 1.0161981811426857
1238.5 0.6819776721975088
1239.0 0.7878475042662721
1239.5 0.7375750040737414
1240.0 0.8528783527972728
1240.5 0.7873865200828566
1241.0 1.0048813225934423
1241.5 0.7963942120788747
1242.0 0.7917909353814307
1242.5 1.0385157044431805
1243.0 0.7707227164177812
1243.5 0.7610667031445658
1244.0 0.5051138355599407
1244.5 0.7194428697344323
1245.0 0.6654209591399625
1245.5 0.828223935786166
1246.0 1.0287694176482864
1246.5 1.0427080884663107
1247.0 0.9119759899157621
1247.5 0.6344650685511353
1248.0 0.4646090728579717
1248.5 0.9576316265982674
1249.0 0.9649241531583492
1249.5 0.9184922828582982
1250.0 0.866896675186252
1250.5 0.8352908312009893
1251.0 0.9895675719786253
1251.5 1.0486786254904512
1252.0 0.8729286354500908
1252.5 0.8012744237530475
1253.0 0.9624541304823288
1253.5 0.4885772710477559
1254.0 0.8427711711304646
1254.5 0.9714705828263857
1255.0 0.8359639346873794
1255.5 0.5737862793991297
1256.0 0.866008121119975
1256.5 0.8577548864006328
1257.0 1.0352599730344958
1257.5 0.6911781105683623
1258.0 0.7374987053314418
1258.5 1.0670997636429975
1259.0 0.7653225545988442
1259.5 0.5468796249174611
1260.0 0.9632697054986403
1260.5 0.6760216870905142
1261.0 0.7523239653156107
1261.5 0.8667993050798284
1262.0 0.889382526377679
1262.5 1.2093360077499224
1263.0 0.698461810586823
1263.5 0.48361945717739857
1264.0 0.9228954577046696
1264.5 1.145884505426144
1265.0 0.8952484116411064
1265.5 1.0191344006971679
1266.0 0.8283503867639295
1266.5 0.8377326215031876
1267.0 0.9558671820744947
1267.5 0.783715241601946
1268.0 0.7086049297690686
1268.5 0.8412652650791135
1269.0 0.4571279315164035
1269.5 0.9159660582168647
1270.0 0.6801636413390255
1270.5 0.7907704966825058
1271.0 0.8148998393730753
1271.5 0.8693903653884831
1272.0 0.5754156030630605
1272.5 1.0759752416194552
1273.0 0.9616984960861881
1273.5 0.9441682610632449
1274.0 0.8961414025360666
1274.5 0.766338371856585
1275.0 0.9924376816743091
1275.5 0.7874925873371763
1276.0 0.6300708398768784
1276.5 0.6694220128492252
1277.0 0.9500266421156496
1277.5 0.8212354642195657
1278.0 1.024041926503588
1278.5 0.5086032141862606
1279.0 0.9627284226678525
1279.5 0.7854261077567399
1280.0 0.7973594946561118
1280.5 0.7102310475399483
1281.0 0.822965319003026
1281.5 0.6575173119196605
1282.0 0.9869628162492067
1282.5 0.9782760956978445
1283.0 0.6998898697527189
1283.5 0.7128578923565341
1284.0 0.9061558583285193
1284.5 0.7759274735265385
1285.0 0.49187269032607406
1285.5 0.6792228328150325
1286.0 0.70748211590866
1286.5 0.7468983689379337
1287.0 0.7238876350790265
1287.5 0.7867534865181196
1288.0 0.6921380433073592
1288.5 0.6007140310743513
1289.0 0.73193150388673
1289.5 0.7385425451716813
1290.0 0.6677144682046041
1290.5 0.7216097394784329
1291.0 0.4359676411424492
1291.5 0.5873787550120098
1292.0 0.7749022726498982
1292.5 0.9092884750793955
1293.0 0.6220756710454967
1293.5 0.7585491251925213
1294.0 0.47574795384827345
1294.5 0.6992950523908998
1295.0 0.9884433973002138
1295.5 0.7239865178671129
1296.0 0.685875502867326
1296.5 1.0523217884210538
1297.0 0.5411274041320565
1297.5 0.7139580777435481
1298.0 0.8943723215157546
1298.5 0.72960078470681
1299.0 0.6962095322905386
1299.5 0.5565698607943468
1300.0 0.8324641778487658
1300.5 0.955544246186836
1301.0 0.9463638151431125
1301.5 0.7702079010801115
1302.0 0.6534109529748564
1302.5 0.6683641939637968
1303.0 0.58552977481047
1303.5 0.9462763638102549
1304.0 0.9003451384212089
1304.5 1.024861465402491
1305.0 0.5936698797724113
1305.5 0.9896543567379594
1306.0 0.6786891283655244
1306.5 1.1264930866291154
1307.0 0.6647983120470994
1307.5 0.878906750208396
1308.0 0.6885534888881795
1308.5 0.7871555442379656
1309.0 0.6176637577827515
1309.5 0.7196430838204185
1310.0 0.8304787356633194
1310.5 0.7103602412571657
1311.0 0.7282813264254862
1311.5 0.7196499455711896
1312.0 0.6653043365416397
1312.5 0.6669051491692095
1313.0 0.7726370967531048
1313.5 0.7273453941085481
1314.0 0.7405238661742979
1314.5 0.8278356584060568
1315.0 0.901253678514321
1315.5 1.2669610157669522
1316.0 0.8512303364424467
1316.5 0.8227680360226817
1317.0 1.0862870550702914
1317.5 0.8216379710963408
1318.0 0.7471077818840842
1318.5 0.8907872454142501
1319.0 0.6229760542195999
1319.5 0.7758225504206397
1320.0 0.9298024483228291
1320.5 0.606348618170043
1321.0 0.6814799235337603
1321.5 0.8560121793989779
1322.0 0.5713186654699295
1322.5 0.7639315068146998
1323.0 0.6634173484161467
1323.5 0.6364007515368515
1324.0 0.594658857056916
1324.5 0.7995294448523269
1325.0 1.233857284900411
1325.5 0.6324091642279909
1326.0 0.6198658595439761
1326.5 0.768227627003651
1327.0 0.8430531582038597
1327.5 0.8231898422839685
1328.0 0.6367046109312321
1328.5 0.7582317137836607
1329.0 0.8035158600684592
1329.5 0.9549919733493071
1330.0 0.7783583759265471
1330.5 1.1010166049524697
1331.0 0.7717833226596167
1331.5 0.6452238638116197
1332.0 0.7621581710602701
1332.5 0.6696266081354376
1333.0 0.6673073909731266
1333.5 0.48887703171057495
1334.0 1.0827978328720205
1334.5 0.9213808112828115
1335.0 0.9245772368401843
1335.5 0.7803835093331937
1336.0 0.3673604715655485
1336.5 0.6032538865083605
1337.0 1.0921369942506356
1337.5 0.920622947298116
1338.0 0.8491735017718622
1338.5 0.7424817043563352
1339.0 0.7094196713365217
1339.5 0.8235974377441435
1340.0 0.8612526580396637
1340.5 0.9698809467045212
1341.0 0.9177175558051303
1341.5 0.9036403442910796
1342.0 0.5576116075857995
1342.5 1.2300974500132478
1343.0 0.7171717029210635
1343.5 0.6116949945154013
1344.0 0.7606659436968632
1344.5 0.6894866248264727
1345.0 0.6523775063661252
1345.5 0.6141737649538398
1346.0 1.0536427032053983
1346.5 0.9646211602499715
1347.0 0.8784195121190128
1347.5 0.704686051235949
1348.0 0.887825217790587
1348.5 1.1479238931612856
1349.0 0.8937419296563299
1349.5 0.9064987503028066
1350.0 0.7365462134671644
1350.5 0.6776370237572171
1351.0 0.8755213948949051
1351.5 0.7196371547886635
1352.0 0.6963759023286288
1352.5 0.7113799832188088
1353.0 1.0072093143457024
1353.5 0.7698134534067188
1354.0 0.8671090684376683
1354.5 0.5896716166177128
1355.0 0.9551013392979462
1355.5 0.5101287572965834
1356.0 0.7930296069768492
1356.5 0.8995902589207025
1357.0 1.059546011196669
1357.5 0.6449811555441306
1358.0 0.5818676476840763
1358.5 0.7469295691729831
1359.0 0.654284693154682
1359.5 0.7310650990323895
1360.0 0.8461505379901524
1360.5 0.8598505618559439
1361.0 0.6832957285217334
1361.5 0.6782775855251284
1362.0 0.9159111830100645
1362.5 0.6736662599068456
1363.0 0.7533158364951761
1363.5 0.6157835949880446
1364.0 0.5993322015428455
1364.5 1.15487661104696
1365.0 0.5319295119604811
1365.5 0.7443944811193167
1366.0 1.0539755086187348
1366.5 0.8818621974949226
1367.0 0.9451360810717628
1367.5 0.9125462067666934
1368.0 0.565079789793005
1368.5 0.6012315079026949
1369.0 0.805284509827155
1369.5 0.6536820603485995
1370.0 0.6926716537447759
1370.5 0.7866767930636351
1371.0 0.7086832085680425
1371.5 0.905702807281505
1372.0 0.9541683526047875
1372.5 1.0341531512075262
1373.0 0.7974659313327805
1373.5 1.0939928559048577
1374.0 0.759788890614375
1374.5 0.6785641317547635
1375.0 0.694423633773165
1375.5 0.8176976167295872
1376.0 0.7543761156733686
1376.5 0.6140145430475719
1377.0 0.7053797845991991
1377.5 0.7319811972487943
1378.0 0.6533151071691232
1378.5 1.0344974442965102
1379.0 0.8189285582956312
1379.5 0.6615941090660777
1380.0 1.0988414447897592
1380.5 0.8645039583399892
1381.0 0.7572378446436634
1381.5 0.6757476971695413
1382.0 1.1835883068714383
1382.5 0.8262736933840027
1383.0 0.7635774801665138
1383.5 0.7884466070723131
1384.0 0.7537251993044277
1384.5 0.5173601248768797
1385.0 0.9682003832862165
1385.5 0.8878851025930974
1386.0 0.7824779673806852
1386.5 0.8641090627743278
1387.0 0.8676294174128566
1387.5 0.7006455503826631
1388.0 0.6789099268640144
1388.5 1.0258905923290298
1389.0 0.5476373104322079
1389.5 0.5161438090384378
1390.0 0.909468684009767
1390.5 0.778800582581263
1391.0 0.7307840549901731
1391.5 0.6552286327675443
1392.0 0.8564991824011116
1392.5 0.8290599590760407
1393.0 0.7188283086563667
1393.5 0.7799568527572214
1394.0 0.7916638537489686
1394.5 0.7139327213198106
1395.0 0.7348445838090543
1395.5 0.563114029962583
1396.0 0.6928373834906798
1396.5 1.135199931004398
1397.0 0.8298353691140137
1397.5 0.7092016669406391
1398.0 1.0336426261412917
1398.5 0.7918772814203087
1399.0 0.7450388256949467
1399.5 0.7954140249714384
1400.0 0.7991701977515437
1400.5 0.6938984980250638
1401.0 0.7893820060177633
1401.5 0.9347672341053983
1402.0 0.7501312044775378
1402.5 1.0548291419540952
1403.0 0.9993058191724882
1403.5 0.8728897690182904
1404.0 0.8678888072905453
1404.5 1.0053461425489933
1405.0 0.8975388886680536
1405.5 0.7474999677411724
1406.0 0.7158644037722997
1406.5 0.8657906385963634
1407.0 0.9803313691590549
1407.5 0.6656528441556706
1408.0 0.8331211448043294
1408.5 0.7158491691716009
1409.0 0.8610064086257706
1409.5 0.6925348627597283
1410.0 1.1744416988883644
1410.5 0.6235030227575369
1411.0 0.7046826308411787
1411.5 0.5477215809762868
1412.0 0.7725792137932469
1412.5 0.9238239017891822
1413.0 0.922402552131383
1413.5 0.7406217368637609
1414.0 1.0129733642208247
1414.5 0.8725866676101208
1415.0 0.9543634750714998
1415.5 1.0718178652661141
1416.0 1.0202920659659598
1416.5 0.7563460166417435
1417.0 0.7889482225450205
1417.5 0.7744796025052151
1418.0 0.9430063220551439
1418.5 0.9422610265987358
1419.0 0.9106994899215137
1419.5 0.9689239224462646
1420.0 0.7326451311938043
1420.5 0.9019199606529853
1421.0 0.8686495648970207
1421.5 0.6974914686452993
1422.0 0.6064752625017027
1422.5 0.8161256234950828
1423.0 0.7542090914704156
1423.5 0.6759837979524064
1424.0 0.9703585674056527
1424.5 0.7150058846414191
1425.0 0.7145380137843632
1425.5 0.7406200965553682
1426.0 0.812911119693384
1426.5 1.1668850429874191
1427.0 0.6245315427658547
1427.5 1.0587571949772805
1428.0 0.8555639293214201
1428.5 0.6862806903214307
1429.0 0.4942826668395596
1429.5 0.5279918495162061
1430.0 0.9133178810884436
1430.5 0.5943340691449774
1431.0 0.7140581416708865
1431.5 0.9357578617339988
1432.0 0.959577476837095
1432.5 0.8816256554867055
1433.0 0.9365569617587911
1433.5 0.7893759520791555
1434.0 0.9745836660702383
1434.5 0.8094267937932731
1435.0 0.9699759079323195
1435.5 0.8393267866335186
1436.0 0.6025240377094536
1436.5 0.6020427045026404
1437.0 0.679835413504325
1437.5 0.9250536632373157
1438.0 0.7881387478541306
1438.5 0.6702715937119161
1439.0 0.9060981139429203
