0 1.0668926339029445
0.5 1.0122470222195794
1.0 1.0890100234013718
1.5 0.6222346305959169
2.0 1.0581107883977041
2.5 0.724310725846713
3.0 0.5292895091415387
3.5 0.8731336331686885
4.0 0.7688847838428438
4.5 0.5682290236262393
5.0 0.6842592014688671
5.5 0.8752553360024733
6.0 1.3827216878066086
6.5 1.2563924294608362
7.0 1.0244150855939271
7.5 1.128039377618407
8.0 0.8200373926222724
8.5 0.791750795091299
9.0 0.9449446850562226
9.5 0.8102013244557477
10.0 0.9602949348997452
10.5 0.8990626696540266
11.0 0.9317144491259943
11.5 0.7124976801176265
12.0 1.1108108060255681
12.5 0.6924025457724357
13.0 0.7514040716051323
13.5 0.7806820451827248
14.0 0.8847004075473441
14.5 1.244477890714394
15.0 0.6274020101135829
15.5 0.9554205359738623
16.0 0.7555442787152375
16.5 1.1230621364661113
17.0 1.1716767167523756
17.5 0.8033325038144585
18.0 0.9249608606736996
18.5 0.9641943253568928
19.0 0.9140408142707193
19.5 0.8557502246052183
20.0 1.2445740255510227
20.5 0.51462670074666
21.0 0.8365090823757934
21.5 0.8222562689650971
22.0 1.356393270796235
22.5 0.9561985070264822
23.0 0.8102070733099275
23.5 0.9529346301680577
24.0 0.9782341629936996
24.5 1.0585160700479213
25.0 0.9556690531422019
25.5 0.7440898947985172
26.0 1.2663720510682683
26.5 0.5799678824673333
27.0 0.7009784123800928
27.5 0.9114058739199624
28.0 0.677663756785138
28.5 0.8549649678837911
29.0 1.6331025088195035
29.5 0.8514653620076469
30.0 0.9577429246084753
30.5 0.6764640154799686
31.0 0.9771592155565041
31.5 0.8757388150764249
32.0 0.9549867086434982
32.5 0.7348953909196142
33.0 0.7602997398126974
33.5 0.716093701296626
34.0 1.3365701354910007
34.5 0.9862075618305097
35.0 0.9374896836586022
35.5 0.956660323819781
36.0 1.153714738136471
36.5 0.8898947687380367
37.0 0.7277895186609251
37.5 1.23081700306453
38.0 0.877278030982378
38.5 0.8044104289034952
39.0 1.1480795712872214
39.5 1.042400563623543
40.0 1.1341846989867377
40.5 0.3259696316595879
41.0 0.8731789462119977
41.5 0.8564552675891415
42.0 1.5935383040423576
42.5 1.2056615136479574
43.0 0.9604487003538867
43.5 1.6651357681709413
44.0 1.2964743333477204
44.5 0.8271700162941761
45.0 0.6534082759926674
45.5 0.7169493980348483
46.0 0.7644915890517432
46.5 0.8267383819998516
47.0 1.4001417777867977
47.5 1.3055995202919082
48.0 0.9177702272040889
48.5 0.8743110908232312
49.0 0.6435082022373328
49.5 1.2095322701838933
50.0 0.7283252538586004
50.5 1.0329798648070359
51.0 0.667660207153104
51.5 0.8920442771957133
52.0 0.6152344734932589
52.5 0.7480873070994115
53.0 0.6583128372808567
53.5 0.8615863611844886
54.0 0.6210403846835968
54.5 0.6680163740064341
55.0 0.9210848165249387
55.5 0.852871315742915
56.0 0.7275871707057305
56.5 0.9640633385783478
57.0 0.846346027066234
57.5 0.7597586349029375
58.0 1.3294598360256993
58.5 0.913088311765794
59.0 0.49810661209777873
59.5 0.7837094050564916
60.0 1.058936000684489
60.5 1.0543062432271428
61.0 0.7158559663983771
61.5 0.8653822599859947
62.0 0.8551049933611228
62.5 1.0497501241288283
63.0 1.0229942425816003
63.5 0.7786903546846935
64.0 0.7182475541990199
64.5 0.8585390238773803
65.0 0.6341536265854795
65.5 0.989122702511731
66.0 0.7959387178471944
66.5 0.848816063607013
67.0 0.9375672767679437
67.5 0.6072839279938314
68.0 1.0288488801962572
68.5 0.7867966546163137
69.0 1.1726732458491247
69.5 1.3380401068660839
70.0 0.5446028714393282
70.5 0.4275558402949057
71.0 1.2376218330028075
71.5 1.076613945509294
72.0 0.8496332062725522
72.5 0.6043635868850624
73.0 0.5498203530375325
73.5 0.7423249598866919
74.0 0.9453888447368467
74.5 1.0538956992638238
75.0 1.1574369410526708
75.5 1.1773481640519605
76.0 0.6495825713358848
76.5 0.8214755004682028
77.0 0.8681881336861925
77.5 1.4656156511267135
78.0 0.8135317037162202
78.5 0.9178357175568151
79.0 0.761158274666349
79.5 1.113952780803252
80.0 0.6252722598146103
80.5 1.0462109464260574
81.0 0.8816604040405973
81.5 0.9167057504191753
82.0 1.0374363936732207
82.5 1.0374841140880313
83.0 0.8427286300602379
83.5 0.7935308230996113
84.0 0.6596239697859283
84.5 0.599490531957894
85.0 0.5335100537227981
85.5 0.9733726665578701
86.0 1.044084104352301
86.5 0.9168582365510065
87.0 0.5533344964627384
87.5 1.199890932014283
88.0 1.4702943356403573
88.5 1.0526063386445004
89.0 0.7263630248913664
89.5 0.8873816097355741
90.0 0.7155925570738524
90.5 1.240186179249741
91.0 0.7943715458533045
91.5 0.5774566708604056
92.0 1.059218890928153
92.5 1.0522534656497742
93.0 1.0491149200763061
93.5 1.0862165957882275
94.0 1.1930250461451113
94.5 1.268581318428662
95.0 0.9749410827258393
95.5 1.2359075626964402
96.0 0.8600121540607277
96.5 1.0961717114703815
97.0 0.9741305954327423
97.5 1.055704848712923
98.0 1.106239084618548
98.5 0.8786391708384398
99.0 0.4471436937992318
99.5 1.0180709356182813
100.0 0.5825214091888655
100.5 0.597413272562799
101.0 1.1135008652393703
101.5 1.0229074579848647
102.0 0.6081256477465996
102.5 0.4236704811858961
103.0 0.6929388280026886
103.5 0.9662757332830838
104.0 0.865278837099276
104.5 1.3535196766552284
105.0 0.798610338326931
105.5 0.984716505327387
106.0 1.4023204244986403
106.5 1.1918285855183703
107.0 0.7149461771666703
107.5 0.6994561622613213
108.0 0.732858920476624
108.5 1.5651897468187945
109.0 0.937243317784
109.5 0.6708013447393443
110.0 0.947167213917485
110.5 0.9572348050175024
111.0 0.730522497894036
111.5 1.267952193753418
112.0 1.1237431878344948
112.5 1.0877791978494042
113.0 0.9121075414680904
113.5 1.1500157804497433
114.0 0.8610080376542095
114.5 0.9222897399113019
115.0 0.7689434011959275
115.5 0.9552948195504605
116.0 1.3205951505898457
116.5 1.0520961493393048
117.0 0.7932649534802111
117.5 0.6560484365250464
118.0 0.9616470461947156
118.5 1.1040172440509186
119.0 0.8757014778877134
119.5 0.8776113748826718
120.0 0.6411795813670831
120.5 0.9347764940013327
121.0 1.0205911921460908
121.5 0.6929055204026358
122.0 0.5587788556329052
122.5 1.109680937821628
123.0 1.0294445990825736
123.5 1.6590182271279856
124.0 0.875322284895047
124.5 0.8657248071382857
125.0 0.8611378202887773
125.5 0.5984268070247916
126.0 0.7958117193150174
126.5 0.8700569273680665
127.0 1.2584741796403547
127.5 1.1008341782727302
128.0 0.8820864807009126
128.5 0.8784356068036349
129.0 0.7113279791290139
129.5 1.2071429126615174
130.0 0.8199508699826824
130.5 0.9242278863841775
131.0 1.2572633779939149
131.5 0.4252863753035004
132.0 1.0501542065095268
132.5 1.3067336660772306
133.0 0.9746042927188917
133.5 0.8045375315273526
134.0 0.7361245401915142
134.5 0.7138513582818296
135.0 1.127907816683204
135.5 1.2680535003651872
136.0 0.7464338768565995
136.5 0.6843663196360904
137.0 0.9538668360975096
137.5 1.7982661937718625
138.0 0.8708128377021648
138.5 0.8569364830325394
139.0 1.4520959165180782
139.5 0.4896586902130978
140.0 1.209367056338329
140.5 1.038773124066914
141.0 1.0467246988696715
141.5 0.672092945895703
142.0 1.347868408004142
142.5 0.9440216945804674
143.0 0.8824792733652789
143.5 0.7693192238993085
144.0 1.1354038898244363
144.5 0.7666251067949503
145.0 0.6624885572044741
145.5 1.5121220419295738
146.0 1.5503579821500342
146.5 0.8316379355487813
147.0 0.6368982307013256
147.5 1.0488043749930447
148.0 1.400381422310724
148.5 1.0874339376634226
149.0 0.7381495885138031
149.5 0.8649306002952682
150.0 0.8770532227785569
150.5 1.3030359017449231
151.0 0.6045681154290227
151.5 0.7569276000150817
152.0 0.5366135644223418
152.5 0.72592985272052
153.0 0.5921019244940722
153.5 1.2718797207118748
154.0 0.6155964901327953
154.5 0.9678681867708394
155.0 0.7891722896129498
155.5 0.9044273736007435
156.0 0.8355099425226684
156.5 0.9752074032825316
157.0 0.74159472565396
157.5 0.7895488787746048
158.0 0.6207187499301543
158.5 1.3330022025372061
159.0 0.8015023564726687
159.5 0.9861734550382077
160.0 0.9108388557558904
160.5 0.6571572165567803
161.0 1.2055802960931818
161.5 0.8284281071076528
162.0 0.7592844289568355
162.5 0.8553593468820728
163.0 0.8979272061632011
163.5 0.9855673819743196
164.0 0.7313692995484965
164.5 0.9020825818344167
165.0 1.3126613158182185
165.5 0.9973649909887448
166.0 0.9775291522889749
166.5 0.9455551107113234
167.0 0.8415107968281543
167.5 1.0681380466810357
168.0 1.2111735501080902
168.5 0.9475556962161569
169.0 0.6877361825413604
169.5 0.6387876073409151
170.0 0.7185024201948657
170.5 0.8276901862425587
171.0 1.2360851664954953
171.5 0.8583675698449857
172.0 0.8884649565328959
172.5 0.7109435250842541
173.0 0.8418739773018837
173.5 0.9350738827873821
174.0 0.6804571325410353
174.5 1.1778756100046022
175.0 0.8460431735019722
175.5 0.6560466302001113
176.0 0.8752442021875284
176.5 0.8303463027165359
177.0 0.981140694968127
177.5 1.5706230117595208
178.0 0.8300455530191091
178.5 0.8924738431187814
179.0 0.9584051236886735
179.5 0.8483813193000225
180.0 0.6799172597121419
180.5 0.9404840455575594
181.0 0.7921599421832678
181.5 0.8963707728586536
182.0 1.5483895407459332
182.5 0.6975703718328041
183.0 0.7763895711229163
183.5 0.8470649115375889
184.0 0.6993695520011676
184.5 0.8491991841912889
185.0 0.8813806210138935
185.5 0.7939686768832401
186.0 0.9038647122328652
186.5 0.8184938838903886
187.0 0.9261335194024478
187.5 0.5851595654099384
188.0 1.0776048755767587
188.5 1.0202361939072069
189.0 0.8920487079892994
189.5 0.873535957044703
190.0 0.9493054377858415
190.5 0.6754971490784678
191.0 1.405822158406003
191.5 0.7148355918007379
192.0 1.03886708620722
192.5 0.902909613014348
193.0 1.0083222084807022
193.5 0.6987810945179234
194.0 0.9913670937741674
194.5 0.7616381961360448
195.0 1.0863747017072112
195.5 1.0323133699933806
196.0 0.6135713824761502
196.5 1.1020314719298088
197.0 0.860097314483461
197.5 1.1021845672000903
198.0 0.8016342349594914
198.5 0.8586400971187765
199.0 0.822142028944713
199.5 0.8309251559294288
200.0 1.1766792806772077
200.5 0.5829704826805415
201.0 0.6611775162848562
201.5 1.2646711036752474
202.0 1.1423624134791837
202.5 0.6514006923668831
203.0 0.758708587930277
203.5 1.2667798159710975
204.0 0.6974962226703421
204.5 0.9465392843556102
205.0 0.8909059002726298
205.5 0.9789197815493217
206.0 0.919014209789528
206.5 0.9736835382371807
207.0 0.7926468278063112
207.5 0.5277753145279603
208.0 1.1218664946381651
208.5 1.4830766571885046
209.0 0.7846401411462673
209.5 1.1720680828976593
210.0 1.140984282858915
210.5 0.7590544982811698
211.0 1.0358108015197838
211.5 1.0424075126658912
212.0 0.36928529751791095
212.5 0.7197699270819656
213.0 1.023909802736016
213.5 1.2208159754090921
214.0 0.8229487995610395
214.5 0.7700587123813085
215.0 1.1315413475051552
215.5 0.7969772097775801
216.0 0.6522804108694794
216.5 0.8252708714231662
217.0 0.9178717191093888
217.5 0.7678555600863679
218.0 1.0801105875446204
218.5 1.138978141038149
219.0 0.4080231769374114
219.5 0.5383254783562923
220.0 0.8764990871196465
220.5 0.6599276395699625
221.0 0.8270031993283372
221.5 0.9765672577210469
222.0 0.7732157387619076
222.5 0.5551620520136288
223.0 0.8832737747296391
223.5 1.1128098508447355
224.0 0.5489967132685425
224.5 1.1328381277980675
225.0 0.748868281610698
225.5 0.4978117970955084
226.0 0.928598893887763
226.5 1.053803952001461
227.0 0.7206843505584364
227.5 0.5369217717717718
228.0 0.8422746731582067
228.5 0.7927612736031544
229.0 0.783151655631493
229.5 0.9217486801985733
230.0 0.9300734233382334
230.5 1.1152167824939725
231.0 0.8135059223793308
231.5 0.7859847673570839
232.0 0.7452215791919472
232.5 0.8640306144907255
233.0 0.7308351876564461
233.5 1.0565346532352275
234.0 0.8217819618494029
234.5 1.4699126702793481
235.0 0.8390751818854886
235.5 0.7407720350767266
236.0 1.1171841879369417
236.5 0.8152081621729181
237.0 0.8746737142909776
237.5 1.2144742773518618
238.0 1.6368066706966262
238.5 0.7826909612239463
239.0 1.2295621162588208
239.5 0.6046172506336172
240.0 0.7315585358500454
240.5 0.8025027705471715
241.0 0.8105523118140281
241.5 1.0912109849559952
242.0 1.2018547507861184
242.5 0.9819512700618667
243.0 0.9056203565783008
243.5 0.7107072787806201
244.0 1.0992053156978339
244.5 0.8527311062510909
245.0 0.6336486472390745
245.5 0.8014319323716372
246.0 0.9068301214709586
246.5 0.8996778273494537
247.0 0.8407998434358761
247.5 0.9832315764922828
248.0 0.7991428253783568
248.5 0.5660840846727695
249.0 0.5485249209328091
249.5 0.8237073452808525
250.0 0.940890726179421
250.5 0.8927509979220138
251.0 1.005962236728202
251.5 0.731530958401374
252.0 0.9162088777193955
252.5 0.9377732594111841
253.0 0.8166655384402199
253.5 1.0551761712697156
254.0 0.7369173962363367
254.5 0.7700876938915173
255.0 0.4804062218012464
255.5 0.877170850285596
256.0 0.6027288589460872
256.5 0.9746344964770952
257.0 1.3137139929563557
257.5 0.8510867053410087
258.0 0.870353241176727
258.5 0.8618885707369304
259.0 1.0512023983409784
259.5 1.343201515435453
260.0 0.791322870388461
260.5 0.9963010768254218
261.0 1.5321605288139017
261.5 1.054649583058398
262.0 0.8331951959577386
262.5 0.6435078479898513
263.0 0.6568506402718801
263.5 1.2166970594730053
264.0 0.8942017382115396
264.5 1.1086572716695158
265.0 1.2908350748235313
265.5 0.7810501068894842
266.0 1.0192542344498245
266.5 0.8983850927693643
267.0 1.1418133430585744
267.5 0.8370912942322888
268.0 1.2730618917684646
268.5 1.3990729803907305
269.0 0.7807827612980907
269.5 1.0743979971276925
270.0 0.8876181014482474
270.5 0.6960347038142749
271.0 0.8134805056546163
271.5 0.7771028733231604
272.0 0.6696701822638511
272.5 0.7000765014697672
273.0 1.278373893660122
273.5 0.8761186213121464
274.0 0.801066671568835
274.5 0.675476013321306
275.0 0.9259979562174029
275.5 0.8027260784018952
276.0 1.0986200107375157
276.5 0.8494412562725697
277.0 0.8101468067258859
277.5 0.7546585944341802
278.0 0.7755041779126761
278.5 0.7369679259535961
279.0 0.33477683413187426
279.5 0.7504593865779565
280.0 1.1033731541269636
280.5 0.7763669367374653
281.0 1.1047280978502172
281.5 0.6856574420639369
282.0 0.7446722232254142
282.5 1.5026570158794113
283.0 0.8061633378972
283.5 0.8592139410805664
284.0 0.6110663128050089
284.5 1.0279856530923146
285.0 0.6357313636625834
285.5 0.8788073449705107
286.0 0.7424949965717753
286.5 0.8317811136228492
287.0 1.3721679010932935
287.5 0.782626427573479
288.0 1.0334040665997501
288.5 1.194726807990723
289.0 1.1171929989786058
289.5 0.9625578876929871
290.0 1.0144013687041746
290.5 0.8828702189501264
291.0 0.8507192400993819
291.5 0.8422966647721997
292.0 0.6458178435824572
292.5 0.5545810783846088
293.0 0.5386025866987371
293.5 0.9891764551449996
294.0 0.6307479011398499
294.5 1.4007572349985309
295.0 0.8297438321602986
295.5 0.5143984182602137
296.0 0.6705084071348528
296.5 0.8813735607141635
297.0 0.8921951581009879
297.5 0.8399961114895185
298.0 0.6496064143437719
298.5 0.7122113578907074
299.0 0.8486032157829306
299.5 0.3417840918852302
300.0 1.5532244460136986
300.5 0.61158396077472
301.0 0.9766757934163843
301.5 1.0599654354811126
302.0 1.2864998373722887
302.5 1.1254773689862305
303.0 0.8902876860228695
303.5 0.9795738752286305
304.0 0.5194774937957634
304.5 0.7194135089910789
305.0 0.9164547553675757
305.5 1.333882927745136
306.0 0.6254903614320969
306.5 0.8570291346818735
307.0 0.639688705482788
307.5 0.9747690530330488
308.0 0.7243592128142151
308.5 0.8048732740388316
309.0 0.6988939530339062
309.5 0.31638579215687435
310.0 1.081075750711396
310.5 0.6279861880513764
311.0 0.995612621698079
311.5 0.776311226494193
312.0 0.84332629903863
312.5 0.880149373648015
313.0 0.6363233854386598
313.5 0.5356530087110931
314.0 1.075534327964011
314.5 1.0018467453704225
315.0 0.829226914312108
315.5 0.7066007132924037
316.0 0.6970749684961702
316.5 0.7238176253085367
317.0 0.8180264434932998
317.5 0.7950092992171003
318.0 0.4588613864403604
318.5 0.5781367415087748
319.0 0.6119672497555018
319.5 0.6010173168471638
320.0 0.7446938817390083
320.5 0.6805854371989104
321.0 0.5912076794905824
321.5 1.4184271656084002
322.0 0.8880364987104318
322.5 0.7147779541564288
323.0 1.3755071952754152
323.5 1.2045592559143299
324.0 1.5521743525829927
324.5 1.177470965570723
325.0 0.9748872160217285
325.5 1.3190089232234143
326.0 0.7218223932610202
326.5 0.8864371208301978
327.0 0.7937316784453095
327.5 1.1316271727881144
328.0 0.3723575712290389
328.5 0.7396940099630797
329.0 1.2534037072691708
329.5 1.0507953353438373
330.0 1.599381259779784
330.5 0.8530435329892454
331.0 0.7494193907034019
331.5 1.469506282787858
332.0 0.8913101436929713
332.5 0.7962673849422232
333.0 0.807707362392587
333.5 0.905668328079498
334.0 0.9643876355443053
334.5 1.3153932526599832
335.0 0.510481630966915
335.5 1.4267776328555832
336.0 0.7978294501483665
336.5 0.8036787767059397
337.0 0.8329501965690744
337.5 0.9317826079464471
338.0 0.7582941585535555
338.5 1.2573983040311985
339.0 0.6671898275909065
339.5 0.8490640263154507
340.0 0.5379840325472003
340.5 0.5992949273848717
341.0 0.8050143152640425
341.5 1.03621522856354
342.0 0.7206533342440853
342.5 0.830518955742312
343.0 1.2150779800688567
343.5 1.1131620994020106
344.0 0.6820366132878497
344.5 0.8441681115011956
345.0 0.7030153049920458
345.5 0.7570063866304673
346.0 0.6129196811608502
346.5 1.039972730297248
347.0 0.8057300908576434
347.5 0.891615889569472
348.0 0.7241044760442419
348.5 0.9180530684347047
349.0 0.7511342640079564
349.5 1.3518089698977431
350.0 0.8632274680544787
350.5 0.6389256872063735
351.0 0.9618171486429167
351.5 1.362875176478069
352.0 0.8899804894576544
352.5 1.0048988517448365
353.0 1.0218286092581943
353.5 0.7903514088195591
354.0 1.4159760586527683
354.5 0.6331045181291899
355.0 0.419209421674009
355.5 0.7775133695173969
356.0 0.833897133585878
356.5 0.8547840097201624
357.0 1.0330994671563303
357.5 1.3526291899118834
358.0 0.7812461282735208
358.5 1.093680273381989
359.0 0.7814071548839898
359.5 0.5050206791748868
360.0 0.7798587155200665
360.5 0.9971762500705943
361.0 0.8721105552595114
361.5 1.0525810331925767
362.0 0.7981058737313143
362.5 1.0766485457656358
363.0 0.8745798582390796
363.5 1.107353100506673
364.0 1.3460634931085147
364.5 0.9338826838479286
365.0 0.5937672771081657
365.5 1.3516125629181266
366.0 1.2776665504131248
366.5 1.1207254504773716
367.0 0.8946673491812389
367.5 0.5905854888444528
368.0 0.8750427621818753
368.5 0.9403790236033582
369.0 0.9898374034230808
369.5 0.757248059381338
370.0 0.7893029028024388
370.5 0.933331728747875
371.0 1.0838403232605227
371.5 0.558902526232744
372.0 0.9509863716500249
372.5 1.092799029560481
373.0 1.013249692741111
373.5 0.7934919073174171
374.0 0.6631366182113818
374.5 1.1569988795430004
375.0 0.6935430744484199
375.5 0.8577924382031286
376.0 0.7742657448848377
376.5 1.1182856248990882
377.0 1.4859433519906178
377.5 0.723385619800752
378.0 0.7007384379800707
378.5 0.9308340892046377
379.0 1.1069661612361599
379.5 0.8915649928882596
380.0 0.7937983027728157
380.5 0.9043410554333521
381.0 1.015103173856947
381.5 0.42920117871163604
382.0 0.5855689965394298
382.5 0.7121743640931523
383.0 1.077824478394019
383.5 0.8632367003734995
384.0 0.8511708496364292
384.5 0.5924897952552475
385.0 0.92613084485008
385.5 1.2262387747590346
386.0 1.007364730114982
386.5 0.8675154868425188
387.0 0.8842996375030288
387.5 0.9415109995897486
388.0 0.41795505288940193
388.5 0.9698499986919894
389.0 0.6474544937125783
389.5 0.651380930787637
390.0 0.7005240489764063
390.5 1.1637127521069792
391.0 0.8690577891305777
391.5 1.1214605502444135
392.0 0.7986208488078002
392.5 0.7637651147958502
393.0 0.770139273025849
393.5 1.176992913211746
394.0 0.7539265822717585
394.5 0.7909337277498112
395.0 0.9890036893052734
395.5 0.9247831070915983
396.0 0.4428862832401218
396.5 1.049861077673126
397.0 0.8189495131677474
397.5 1.0603932385914385
398.0 1.055938281591493
398.5 0.7949832869306068
399.0 0.8196969737968777
399.5 0.6242071546034156
400.0 0.9188143087736896
400.5 1.030157627900882
401.0 0.8132194224708491
401.5 0.49240584667056425
402.0 1.4732171697591954
402.5 0.6165073336732058
403.0 0.9137609479853204
403.5 0.8410784166963856
404.0 0.7941875065408932
404.5 0.6750767695226145
405.0 0.7276611088296463
405.5 0.7621395702294956
406.0 0.8018331837007554
406.5 1.038181453647956
407.0 1.008946598570909
407.5 0.9094934889576607
408.0 1.0227476859382327
408.5 0.86103190756074
409.0 0.7075236787475963
409.5 0.7875641357282661
410.0 0.622822429317195
410.5 0.8905412759656721
411.0 1.6075744781123407
411.5 1.099665829978888
412.0 1.344788539344496
412.5 1.1178216439010795
413.0 0.8547774081551525
413.5 0.8796340606178668
414.0 0.9139326156304739
414.5 0.8309193456837444
415.0 0.6048899308376545
415.5 1.4846049078710397
416.0 0.7171614890692191
416.5 1.076614016743326
417.0 0.6995659493034214
417.5 0.6876096018768567
418.0 0.7586986914680647
418.5 0.6397569801057922
419.0 0.6817167892949483
419.5 0.5221510723400677
420.0 0.9127541419447641
420.5 1.017150837923637
421.0 1.2571734850890761
421.5 0.9087184882543051
422.0 0.933463070149981
422.5 0.7171175889659234
423.0 1.1047244897924657
423.5 0.8051401232817939
424.0 1.309362748315408
424.5 0.6634501667159783
425.0 0.692537580764417
425.5 0.7871502639182354
426.0 0.8756632181311442
426.5 0.7358926718177647
427.0 1.025213492997136
427.5 0.8597498263008722
428.0 0.7332160557058132
428.5 0.9096525303236167
429.0 0.9063524061567336
429.5 0.794102682658909
430.0 1.026760753266254
430.5 0.803573904197588
431.0 1.1179181520833965
431.5 0.6409237498354806
432.0 0.6996246881273982
432.5 1.1253900803773988
433.0 1.3256509513275372
433.5 0.7371548062279061
434.0 1.0382184557906657
434.5 0.9737429999061489
435.0 1.0611876746575555
435.5 0.9215216587774526
436.0 1.171005780579942
436.5 0.6952814679287875
437.0 0.6948202791808116
437.5 0.8275583189123097
438.0 1.0360621463649813
438.5 0.678121360359961
439.0 0.6745215541336698
439.5 0.8298182896396317
440.0 0.9003956003996135
440.5 1.0193047096965708
441.0 0.9349255338690798
441.5 1.5622002130710742
442.0 1.2076163996666938
442.5 0.5580027358309272
443.0 0.43322889353274247
443.5 1.3765347053989698
444.0 1.30977816515087
444.5 1.0063033619141593
445.0 0.807287146101874
445.5 0.7048206373957083
446.0 1.5691023049029669
446.5 0.8646930043837147
447.0 1.4260843651194675
447.5 0.8971560655816344
448.0 0.8050448497587962
448.5 0.9230071353783385
449.0 0.6675091898397896
449.5 0.9413454435315172
450.0 0.897010545011955
450.5 0.8282877282987213
451.0 0.9563435634578699
451.5 0.8151398665345656
452.0 1.0939236523628215
452.5 1.5778810853502099
453.0 0.8351054852234412
453.5 0.9946745056468285
454.0 1.049080109630936
454.5 0.7469238602111382
455.0 1.0389958174342784
455.5 0.9853240864486457
456.0 1.1431083797647659
456.5 0.9837227544874027
457.0 1.0492029001715726
457.5 1.2756212645109888
458.0 0.45376236442690926
458.5 0.6095020490981861
459.0 0.7148257047348461
459.5 1.0075532488452503
460.0 0.6961305874956294
460.5 1.028032712232775
461.0 0.9823469707923209
461.5 1.062979869948794
462.0 0.7672195953651908
462.5 0.7541497820748468
463.0 1.443877302928287
463.5 1.225839527369016
464.0 1.0222060705043439
464.5 1.181319194153885
465.0 1.105333991089692
465.5 0.8183652174689271
466.0 0.8778266110857573
466.5 1.1701562432537718
467.0 0.6945648602122577
467.5 0.8019108726709349
468.0 0.7532462737828842
468.5 0.632891502252854
469.0 0.9716184665565888
469.5 0.8073257517260115
470.0 0.5668784965573839
470.5 0.5087909408850433
471.0 0.8071841959042374
471.5 1.4878048720141843
472.0 1.233918685711104
472.5 0.9938188217745836
473.0 0.5176564429530554
473.5 0.7600378069118419
474.0 0.6808211780868467
474.5 0.9780006355631636
475.0 0.5294407821440978
475.5 0.6100722226956242
476.0 1.44708494020166
476.5 1.566510040620038
477.0 0.9219489004732533
477.5 1.023047680216603
478.0 0.8890010955674406
478.5 1.244329409337157
479.0 0.8016251518200588
479.5 0.6757598475553461
480.0 0.7388357698433599
480.5 0.9173119625086155
481.0 0.7102188036086263
481.5 0.6634186365840882
482.0 0.8061686590832035
482.5 1.1344754782436757
483.0 0.550310193528667
483.5 0.7698845582283398
484.0 0.8336832984465538
484.5 0.49708311489507206
485.0 0.7596175979685864
485.5 1.2223631117186398
486.0 1.1637635881243857
486.5 1.0391623166072708
487.0 0.8677000365785684
487.5 0.7176712682415136
488.0 0.5586409373398682
488.5 0.48585928968628667
489.0 1.1710187348590222
489.5 0.9922076397839037
490.0 0.8981338041587309
490.5 0.8203542773131243
491.0 0.7600127227603432
491.5 0.934015835929764
492.0 1.164691067037297
492.5 0.9982054895139949
493.0 0.7083915569356294
493.5 0.7231458760038192
494.0 0.5412301671453774
494.5 0.920403885604903
495.0 0.9249152084624486
495.5 0.8910483990338173
496.0 0.8601874993541156
496.5 0.2
497.0 0.6427022155126367
497.5 0.7538220763773291
498.0 0.6827331874254566
498.5 0.8401363944947366
499.0 0.7675271538029766
499.5 1.1873039982415525
500.0 0.5900438529445842
500.5 0.6237781015376305
501.0 1.158935943574341
501.5 0.6507599265349115
502.0 1.1527295702791838
502.5 1.0100708721095522
503.0 1.5353024112271911
503.5 0.6326755293171531
504.0 1.3129996681535974
504.5 0.6958745737695403
505.0 0.5397435179806249
505.5 0.4921040207747104
506.0 1.067954648202757
506.5 1.0830195849036999
507.0 1.0846493113694993
507.5 1.0233373040518559
508.0 1.6920326071832363
508.5 0.8374401506843392
509.0 1.0906530051947116
509.5 0.9001186420153195
510.0 1.1056546436167665
510.5 0.6460982474448118
511.0 1.1176559064876408
511.5 0.9848662324584125
512.0 0.8292654349396822
512.5 1.3951629058928612
513.0 0.8280806937280234
513.5 1.2742250474498837
514.0 0.7347460163092796
514.5 0.7025500412896537
515.0 0.8253118771297925
515.5 0.8484915258372177
516.0 1.0123036995823083
516.5 0.6458750759085292
517.0 0.8152772080658062
517.5 0.8468761766670647
518.0 0.6893373876905706
518.5 0.3963809085207462
519.0 0.4364248496265964
519.5 0.7767675198052038
520.0 0.8931166652955387
520.5 0.731461479514317
521.0 1.0638814656113649
521.5 0.6832385492540969
522.0 0.6884638461020872
522.5 0.7382881078617036
523.0 0.8539877884093866
523.5 1.00936540078827
524.0 1.0004265610152103
524.5 0.9911220205230449
525.0 0.8475000000749848
525.5 1.1350227292495159
526.0 0.9287334562813978
526.5 0.9508009838266309
527.0 0.8500901384302624
527.5 0.7017884328276862
528.0 0.7195726120411146
528.5 0.853240227070043
529.0 0.8287333300932721
529.5 1.210635938603708
530.0 0.6932953678663795
530.5 1.139429180517179
531.0 0.5316028113627684
531.5 0.6956447555731756
532.0 0.833357884251769
532.5 0.7718407819697664
533.0 1.2574661925796007
533.5 0.7015457785621331
534.0 1.098613334901951
534.5 0.9748611372655857
535.0 1.2351192384960719
535.5 0.6438649243644967
536.0 0.8427064522097105
536.5 0.9318600196406408
537.0 0.8933995418533083
537.5 0.7350758595850151
538.0 1.04592545795209
538.5 0.831097966791632
539.0 0.998611035824714
539.5 0.7360393833903682
540.0 1.3325360472353944
540.5 1.0241687743012156
541.0 0.8040121578772426
541.5 0.8501211859208172
542.0 1.449145629771885
542.5 0.8296182472550893
543.0 0.5405139445709836
543.5 0.6311949456000341
544.0 1.2621952194143151
544.5 0.6812616884950945
545.0 1.0136636592631216
545.5 0.9005672434226001
546.0 0.8036748715956958
546.5 1.2536861968630215
547.0 1.6832723785762649
547.5 0.697365872725868
548.0 1.2979920000017593
548.5 1.0530236712746768
549.0 0.7112491980810038
549.5 1.113826975984309
550.0 0.6801210156883233
550.5 0.8312849610118869
551.0 1.3641748859359948
551.5 0.7765168498993189
552.0 0.7988886972396436
552.5 0.7723527804793637
553.0 0.686960144467222
553.5 1.0219570304323313
554.0 0.7773853389632425
554.5 1.277395611286626
555.0 1.1527395437698897
555.5 0.6212655519446554
556.0 0.7161961592654107
556.5 0.7795896631468049
557.0 1.3934160618686935
557.5 1.3629413425433128
558.0 1.0322628343782798
558.5 0.8987991268134137
559.0 0.7895267424963957
559.5 0.7172360485064808
560.0 1.0723434596428798
560.5 0.6763226701607352
561.0 0.7668844331267572
561.5 0.72552193032523
562.0 0.8752424294462279
562.5 1.1012810695880715
563.0 0.6849602965811499
563.5 0.8160967241010499
564.0 0.7873304016907596
564.5 0.6211824999515663
565.0 0.9068316491579114
565.5 1.1457899277560692
566.0 0.8764595688630621
566.5 0.7277239377178706
567.0 0.6383562144685014
567.5 0.8454392996829729
568.0 1.1414605404269447
568.5 0.9310142968280142
569.0 0.9841939851651831
569.5 0.9796068652829353
570.0 1.1140650956786953
570.5 0.5696717207733866
571.0 1.0393792512389926
571.5 0.7065607677791743
572.0 0.9856640342758591
572.5 1.0313448830864582
573.0 0.6552765930906146
573.5 0.7665198691531423
574.0 0.9228356161049813
574.5 0.7095412932222402
575.0 0.5619095371938405
575.5 0.7987064876014486
576.0 1.0555594272997093
576.5 1.0629406299611
577.0 0.46215508188695265
577.5 1.0156837449619136
578.0 1.2959391240835394
578.5 0.912354447132808
579.0 0.7743566020191569
579.5 1.3293738307022505
580.0 1.4073994588344634
580.5 1.3098182834417407
581.0 0.7322159736915852
581.5 1.0105824525723366
582.0 0.987813226704032
582.5 0.781952662335129
583.0 0.6680689865843332
583.5 0.6287210576326466
584.0 0.8826649129199641
584.5 1.3683947582788645
585.0 0.8726818476160045
585.5 0.8150749673495705
586.0 1.2415501305834264
586.5 0.854849237777077
587.0 0.7838253346503359
587.5 1.096411517049399
588.0 1.2764544559036888
588.5 0.7373648549445182
589.0 1.0375622814222125
589.5 0.9721698626991095
590.0 0.9064718102348285
590.5 0.8172850611226093
591.0 0.7170880543511172
591.5 0.7159853851872096
592.0 0.6186668495662493
592.5 0.8966733992875922
593.0 0.6435420114804464
593.5 0.8260037872817406
594.0 0.8889168008896315
594.5 0.6463592341803786
595.0 0.6991257939538882
595.5 0.3731031150829156
596.0 1.085515982068383
596.5 1.1135500394716478
597.0 0.835195728997898
597.5 0.7975263699107645
598.0 0.8426416290090737
598.5 0.9485511398959368
599.0 0.9748767847917255
599.5 0.9320669609130268
600.0 0.7162594988075406
600.5 0.9478821239827591
601.0 0.4546526646095389
601.5 0.8245381299871128
602.0 0.7836135581256664
602.5 0.7533850091127977
603.0 0.6267330807760216
603.5 0.834230969800682
604.0 0.6931463763136569
604.5 0.9313321583135972
605.0 0.8736500334899304
605.5 0.8774394139503314
606.0 1.1995936384629733
606.5 0.5584322668505037
607.0 0.32888270490693394
607.5 0.8469792072123173
608.0 1.2288832196398625
608.5 0.5969524001920323
609.0 1.2467727885273083
609.5 0.8954617805147325
610.0 0.9795919721095907
610.5 1.3716266742719752
611.0 0.5037973616116302
611.5 0.9620363234989338
612.0 0.9268535875774677
612.5 1.0635460221875848
613.0 0.7483398420492782
613.5 0.855422284407937
614.0 0.6554212545522113
614.5 1.295635709798138
615.0 0.8635756003755575
615.5 0.8464495052137192
616.0 0.8359768678600308
616.5 0.43406407617495174
617.0 0.24691742853305937
617.5 0.9379794509662538
618.0 0.6545892280789065
618.5 0.9974249012158831
619.0 0.7802018453561805
619.5 0.8069766833147372
620.0 0.7733382531673549
620.5 0.7119105567337606
621.0 1.42082745387916
621.5 1.3259666637397562
622.0 0.9861568223940529
622.5 0.6939033557310025
623.0 0.6169612223199847
623.5 0.594531716357735
624.0 0.7047831628740708
624.5 0.7205521407797666
625.0 0.6593886652956779
625.5 1.0850896891955666
626.0 1.211668152516873
626.5 0.7467653460324211
627.0 1.03924391449602
627.5 0.6400646771980654
628.0 1.108085395688919
628.5 0.7412271065963809
629.0 1.15579653627436
629.5 0.7262744367069613
630.0 0.7513658898802456
630.5 0.6922774575283106
631.0 0.6742201813430622
631.5 1.057259747517939
632.0 0.983747408549104
632.5 0.9774732580232304
633.0 0.9855291828826278
633.5 0.8898311804417454
634.0 1.12412945518346
634.5 0.5025909746685728
635.0 0.9756255655718066
635.5 0.8435495552287419
636.0 0.8023469638804819
636.5 0.928990558097185
637.0 0.9759662214125624
637.5 0.8038355622625336
638.0 0.7837377171999547
638.5 0.8739372844371132
639.0 0.7543709638214812
639.5 0.749064693923754
640.0 1.0684172340670048
640.5 0.873757611689326
641.0 1.0301444560337327
641.5 0.9690716500293869
642.0 1.4763554068841784
642.5 0.8027852465090642
643.0 0.7743276502614209
643.5 0.7283427008214585
644.0 0.904604641260826
644.5 0.8277949876739834
645.0 0.6896879622524041
645.5 0.853498079397459
646.0 1.2216171611430866
646.5 1.1748325672357893
647.0 0.841764023863812
647.5 0.8559300929228796
648.0 0.7154120466143223
648.5 0.832347509494303
649.0 0.6288855190846389
649.5 0.8680128201997064
650.0 0.9838979415300495
650.5 1.1531422458323135
651.0 0.9038379161195249
651.5 0.6180464468661651
652.0 0.7691568606714803
652.5 0.740885614620844
653.0 0.8633055899614258
653.5 0.927804809818651
654.0 0.6944209473461966
654.5 0.5738012660120728
655.0 0.9871486255919666
655.5 1.1235520304000737
656.0 1.1574298083951402
656.5 0.9912309922468054
657.0 0.6603079859432979
657.5 0.7453014391607011
658.0 0.7913756077106434
658.5 1.0683770458647093
659.0 0.6044040816150995
659.5 0.9781471083880284
660.0 0.9831180790917506
660.5 0.8737591657535911
661.0 1.442603590650236
661.5 0.8825134588592259
662.0 0.7844507611078483
662.5 0.6119414598114555
663.0 1.317704306659132
663.5 0.502590100076481
664.0 1.145955349301585
664.5 0.826675835933619
665.0 0.8312643756791501
665.5 0.7849567681060131
666.0 0.7611130147745993
666.5 0.8649977134732914
667.0 0.737061670295616
667.5 0.5499873832895292
668.0 1.033371989809294
668.5 1.1994235137697926
669.0 1.1825887392400847
669.5 0.5849321064620034
670.0 0.7020888072688192
670.5 1.1087199152249765
671.0 1.2676793541111016
671.5 0.8979283069076565
672.0 0.8544923182431059
672.5 0.7723173538417338
673.0 1.2328256383041734
673.5 0.9740082801900798
674.0 1.5160382229298837
674.5 0.8879633926575681
675.0 0.8344458271032673
675.5 0.7829433861514467
676.0 0.9593222283150505
676.5 0.8988215605270725
677.0 0.7812372778884112
677.5 0.7430716255202783
678.0 0.9086885670064686
678.5 1.060287976479554
679.0 0.7579206609561847
679.5 0.6663972863012372
680.0 0.7971512695293901
680.5 0.8094386083851023
681.0 0.48820659714618275
681.5 1.3285972690411119
682.0 1.0108741097646357
682.5 1.072229087994332
683.0 1.1783136228809403
683.5 1.1090158398129344
684.0 0.9167696560738037
684.5 0.9211386295990089
685.0 0.8229270656019181
685.5 1.183341347354669
686.0 0.7729520027671408
686.5 0.7206102011042689
687.0 0.7432105600116501
687.5 0.6961796601458546
688.0 0.9276433237721653
688.5 1.2468343986135404
689.0 1.371099494314072
689.5 0.7839939324172728
690.0 1.07792349825904
690.5 0.986672796920542
691.0 1.3126292603521175
691.5 0.8503816274541096
692.0 1.03414681055685
692.5 0.951509093464521
693.0 0.8359527707743015
693.5 0.7105178548527062
694.0 0.9012268764660751
694.5 0.5476097874594525
695.0 1.0467425476353305
695.5 0.5426956094320903
696.0 1.1790383036346164
696.5 1.233771416867461
697.0 0.8719959300136751
697.5 1.0067370683446906
698.0 1.0763254043130035
698.5 0.7353032909660765
699.0 0.9866401928656656
699.5 0.923149460072579
700.0 0.49872596302519223
700.5 0.742037190480831
701.0 1.139219054840283
701.5 1.068873860608422
702.0 0.7565063836252086
702.5 0.6746627296044752
703.0 0.7514149670344771
703.5 0.8234215815849799
704.0 0.6889826310646451
704.5 0.7502985966488546
705.0 1.0848594293739067
705.5 0.7154665241021771
706.0 0.771557690935532
706.5 0.5386681505633215
707.0 0.7086955306072338
707.5 0.8009006995740875
708.0 0.8570952089211807
708.5 1.0769196113747943
709.0 0.9968186203668437
709.5 1.1431626022310462
710.0 1.1171769010806878
710.5 0.5897892695643572
711.0 1.0572105056905148
711.5 1.0497079390714394
712.0 0.6468508867648642
712.5 0.3202636081860505
713.0 0.6295522670894552
713.5 0.7833497764975612
714.0 1.2027498020509553
714.5 0.6334031210006039
715.0 0.9070638296829248
715.5 1.105534135913325
716.0 0.7530022581969564
716.5 1.298197913826597
717.0 0.7034545216733499
717.5 1.0056969102305466
718.0 1.0883886285950521
718.5 0.7964911672159785
719.0 0.9446486681779964
719.5 0.8612989392359026
720.0 1.247751392864028
720.5 0.8138990720278523
721.0 0.8541251239145128
721.5 1.112429903868219
722.0 1.023006308672743
722.5 1.7767947376524422
723.0 0.6092481110164694
723.5 0.9507169888252032
724.0 0.9564984656317688
724.5 1.1584241985966501
725.0 0.6281673361163136
725.5 0.9096975084267038
726.0 1.0188890513293432
726.5 1.0927329516893085
727.0 1.286064338131812
727.5 0.9584539499261526
728.0 0.8424733731483198
728.5 0.9654050682922042
729.0 1.0767020922016448
729.5 0.7801300923088346
730.0 0.7443169450717603
730.5 0.7433852364479443
731.0 1.0049169655761836
731.5 0.8319308045558885
732.0 0.7733336047915416
732.5 0.6219496808953885
733.0 1.7345557938323442
733.5 0.5541814257694351
734.0 0.6628323335744537
734.5 1.229477602128729
735.0 0.6424012968036228
735.5 0.6175888103113121
736.0 0.47958837744592625
736.5 0.50965151653224
737.0 1.5528146530693892
737.5 0.8881638012908368
738.0 0.6106225782020445
738.5 0.7064621057087757
739.0 1.0580850900331598
739.5 1.390591816105662
740.0 0.7885927529437977
740.5 1.122019660350629
741.0 0.653939729617218
741.5 0.908337892851312
742.0 0.8074694845493275
742.5 1.5330031177412093
743.0 0.8528707019481087
743.5 1.0200651278124409
744.0 0.6157692376349624
744.5 0.9734215201252945
745.0 0.803635523448418
745.5 0.8156248017938538
746.0 1.1499361359026643
746.5 0.8580305579088587
747.0 1.1093290047973925
747.5 0.6132254005554337
748.0 1.1453266930912684
748.5 1.6261639427272354
749.0 0.6088895912018111
749.5 0.9562995587268385
750.0 0.6571225350533249
750.5 1.0478202449919816
751.0 0.9008057336253861
751.5 0.8004278771589977
752.0 1.2790837439309437
752.5 0.2
753.0 0.9012207375397524
753.5 0.6927129005914565
754.0 1.1816189792678224
754.5 0.7104999977302827
755.0 1.0900756734345223
755.5 1.0983181122743972
756.0 1.435016134506803
756.5 1.7281108239804448
757.0 0.925205897846205
757.5 0.7008474278610223
758.0 1.0182882709521464
758.5 0.801854240669078
759.0 0.709345584789865
759.5 1.382570161911121
760.0 1.0618861814909402
760.5 0.6091970608335688
761.0 0.5602780643446197
761.5 0.8095213913404911
762.0 1.3545403775415963
762.5 0.981422308863185
763.0 0.35975968687229554
763.5 1.3539155345192837
764.0 0.9414350370154756
764.5 0.9940755009396045
765.0 0.7227010425454737
765.5 1.0808496180834009
766.0 1.0253884039299719
766.5 0.6880758454541192
767.0 0.5322451367696582
767.5 0.9761069823186693
768.0 0.6748546852618414
768.5 0.9303356063577408
769.0 0.9062897898322844
769.5 0.8253598497156802
770.0 1.5525674697941043
770.5 0.9293299470136214
771.0 1.3163437871900383
771.5 0.8492284690702037
772.0 0.8315451269846956
772.5 1.3956198469753405
773.0 0.7655987829942527
773.5 0.6297626087323629
774.0 0.9273720310602169
774.5 1.113686384073418
775.0 0.8431902632431245
775.5 1.2534457990862404
776.0 0.9370543994272972
776.5 1.1340406036756747
777.0 0.842222313095272
777.5 0.9744005963746172
778.0 1.1188310490822355
778.5 0.8117640997522362
779.0 0.8314796372264333
779.5 0.6923768146414027
780.0 1.0458462640167274
780.5 1.079384954018356
781.0 0.9308374749291354
781.5 1.2665902815196095
782.0 0.7507074223125538
782.5 0.8200863329438501
783.0 0.791030348323574
783.5 0.8087892870322855
784.0 0.6953368673335071
784.5 0.8180489949953615
785.0 0.9256576889369186
785.5 1.068528544822962
786.0 0.740534082095202
786.5 0.8924070529602459
787.0 1.0141166820136538
787.5 1.173414993879751
788.0 1.2640116674013637
788.5 0.7790109521786044
789.0 0.9731632517670621
789.5 0.7273108196061718
790.0 1.1951015973531534
790.5 0.9849440338500608
791.0 0.7447969678745631
791.5 1.0425251926983496
792.0 1.1293524113512219
792.5 0.9511192588153512
793.0 1.172630517654464
793.5 0.6982684508527177
794.0 0.7966831637932248
794.5 0.44463360361512194
795.0 1.0506782961943764
795.5 0.770803704164346
796.0 0.6703746288401853
796.5 0.6680170288795774
797.0 1.0341172659767768
797.5 0.895469103914609
798.0 0.7355140409866309
798.5 1.2537743312981204
799.0 0.902813362820844
799.5 0.8101167694740294
800.0 0.881861296175245
800.5 1.0535248891204256
801.0 1.2822823312324982
801.5 0.6139477281508146
802.0 1.194573982343483
802.5 0.6380180433781569
803.0 0.8083222817453382
803.5 0.6511875784461192
804.0 0.7461030996976337
804.5 0.6574210889477108
805.0 0.9029137786949034
805.5 0.8323830787169433
806.0 0.8228663585868117
806.5 0.7420235142680858
807.0 1.0615462594802143
807.5 1.0262980446985255
808.0 0.836311537763351
808.5 0.5888977972730984
809.0 0.8521743858542004
809.5 0.7291909284847604
810.0 0.8850975871116104
810.5 0.6245673648439525
811.0 0.7819477042922632
811.5 0.7629331110271113
812.0 0.6783822215882519
812.5 0.7588565350649927
813.0 1.0226480208798339
813.5 0.9697298897400966
814.0 0.7647451001308969
814.5 1.1148785374975514
815.0 0.781035951914186
815.5 0.524537844055414
816.0 0.9116410094217464
816.5 1.030166248608789
817.0 0.787971363976929
817.5 0.7926631358262493
818.0 1.1502519389069232
818.5 0.9184708659449663
819.0 0.7647772746621986
819.5 1.0390016411701177
820.0 0.8874226824273141
820.5 0.7902103964875615
821.0 0.7648966786583229
821.5 0.7149706195339642
822.0 0.8560906891975405
822.5 1.1363387203235393
823.0 0.6506902217504278
823.5 0.7656521828024977
824.0 1.3105906651941845
824.5 0.745113091752571
825.0 0.8223128049651327
825.5 0.6205066461057782
826.0 0.9710833416422671
826.5 0.7252838656232037
827.0 1.1893571586314635
827.5 0.8728020468075605
828.0 0.7601637191718102
828.5 1.4510385789931581
829.0 0.6841437666831782
829.5 0.9548049166869652
830.0 1.0802409090811813
830.5 1.8376305630824765
831.0 1.1740808196004613
831.5 0.7597794878985301
832.0 1.0026321101014246
832.5 0.8896527983978548
833.0 0.9974056007700234
833.5 0.6228822585703726
834.0 0.9689099452157779
834.5 1.2166668168230594
835.0 0.8969865194741111
835.5 0.765969763546879
836.0 0.638258013695242
836.5 0.6824604379380461
837.0 0.4779531604552043
837.5 1.0656226029285538
838.0 0.7671150823027477
838.5 0.9425095054072218
839.0 0.9037764631573438
839.5 0.6794892548735378
840.0 1.2440966007692429
840.5 0.9543458917960245
841.0 0.8772621103322575
841.5 0.8196980522713677
842.0 0.8323679927725429
842.5 0.9422959889120666
843.0 1.1670064593898346
843.5 0.7409675501511807
844.0 0.978269451700279
844.5 0.7332004417497449
845.0 0.9841084691194368
845.5 0.7306516069205583
846.0 0.7456257740620584
846.5 0.6902158169809482
847.0 1.0223114830419582
847.5 0.7952098963088715
848.0 0.951840005368314
848.5 1.181939076213179
849.0 0.9940696622282222
849.5 0.7567921747260415
850.0 0.887013192090623
850.5 1.1033249515616121
851.0 0.8211233729658795
851.5 0.8821315748030535
852.0 0.793169915726907
852.5 1.3013014224680615
853.0 0.6692460268011937
853.5 0.8794459809323771
854.0 1.1358417742314262
854.5 0.8034934145203122
855.0 0.8710752739972534
855.5 1.044407949572498
856.0 0.6715228213495379
856.5 0.7275050700418038
857.0 0.9297367628731245
857.5 1.0072517015392486
858.0 0.7724654917780428
858.5 0.9320781867663701
859.0 1.1034936526777464
859.5 1.1436003291074242
860.0 1.048024579883997
860.5 1.1634886907861302
861.0 0.635422727107283
861.5 1.3500668633942294
862.0 0.6293556694227678
862.5 1.0021475862484295
863.0 1.3633999144134106
863.5 0.757913086482539
864.0 0.4775899236154867
864.5 0.7738388321315641
865.0 1.2541425295560678
865.5 0.902890730327625
866.0 0.9470748993010769
866.5 0.41908352400277055
867.0 0.6054307105912482
867.5 1.117098395127949
868.0 0.8048582690396238
868.5 1.1373869304251856
869.0 0.5261687298446861
869.5 0.6081138807961599
870.0 0.5184682834967693
870.5 0.9862828362595554
871.0 0.8015164019463707
871.5 0.6648063801157453
872.0 0.7064031982897625
872.5 0.8261793353449776
873.0 0.9648030681374321
873.5 0.9050764914170073
874.0 0.723470340027651
874.5 0.7063355835526816
875.0 0.8647919820540639
875.5 1.0322216872447416
876.0 1.4566158045473618
876.5 0.8203220479200014
877.0 1.0670666373000506
877.5 0.5926981311311119
878.0 1.0025010559582157
878.5 0.506226594770983
879.0 0.7055995769134664
879.5 0.9331715194620113
880.0 0.8385280763082523
880.5 0.6476574214732718
881.0 0.6542154956068877
881.5 0.7581156672877847
882.0 0.868175534207004
882.5 1.397547206052272
883.0 1.3950572816795945
883.5 1.0393727568045366
884.0 0.9569091180641786
884.5 0.8349239872608804
885.0 0.7865254973796173
885.5 0.7354580525742366
886.0 1.0571215047409004
886.5 0.7818222786945435
887.0 0.7936532908720564
887.5 0.7731551629625361
888.0 0.7608924398990389
888.5 1.0107004582921788
889.0 0.6356333805717698
889.5 1.2864003924744587
890.0 0.406392659992103
890.5 1.0120550442879228
891.0 1.2572623355594916
891.5 1.0740104794922634
892.0 1.1843292092737578
892.5 0.896131630651155
893.0 1.041492351627989
893.5 0.7062107852505639
894.0 0.973262656174852
894.5 0.5534511272881847
895.0 1.005279920127236
895.5 0.7478525419663467
896.0 1.0281901426507578
896.5 1.159071939344376
897.0 1.0082091391712529
897.5 0.8776069937527007
898.0 1.2523629426544471
898.5 0.4860841526002111
899.0 0.7602664704837795
899.5 0.7130391039357664
900.0 1.2187062374352493
900.5 0.6750380394904186
901.0 1.0577411534356265
901.5 0.9062256172972027
902.0 0.7621356045329786
902.5 0.7173911115807741
903.0 1.2322052450379908
903.5 0.7197858451622121
904.0 0.810206829219088
904.5 0.7568901384031257
905.0 1.0412120991552742
905.5 0.9075305797530302
906.0 0.5364774428858192
906.5 0.7096934415619001
907.0 0.35896537454091154
907.5 0.8570125391595422
908.0 1.3728201808498397
908.5 1.1264068475449553
909.0 0.8758219773461401
909.5 1.0554925233809662
910.0 1.0345191091899786
910.5 0.8058337364022181
911.0 0.499609539436094
911.5 1.3363572351235335
912.0 0.7245538187041505
912.5 0.786013303310918
913.0 0.6969024998170403
913.5 1.1039612705989694
914.0 1.197871164160504
914.5 1.1141231760444394
915.0 0.6831066537139328
915.5 1.038514199611294
916.0 1.2952560033380094
916.5 1.3411114452409134
917.0 0.8734476947165517
917.5 1.2528230902764466
918.0 0.8915066340059745
918.5 0.5965630008462357
919.0 0.748607241811582
919.5 1.0258586672716068
920.0 1.2187144511192556
920.5 0.7607796820676764
921.0 0.4444055266494692
921.5 0.7662053348683358
922.0 0.5522090610288358
922.5 0.734559797360669
923.0 0.8486377027426808
923.5 0.8770329290251595
924.0 0.9957911050982002
924.5 0.9717874812086107
925.0 0.5942227306893015
925.5 1.2916667851111776
926.0 0.8574207122782653
926.5 0.6788313422664692
927.0 0.7920106913211046
927.5 0.836418304964855
928.0 1.1139441218011716
928.5 0.8528720400198462
929.0 0.4947731303658695
929.5 0.7700435148780059
930.0 0.8540897923616657
930.5 0.939873837654869
931.0 0.811387704750453
931.5 0.46680897860226606
932.0 0.9701800364675246
932.5 0.7161992708333608
933.0 1.312283892081568
933.5 0.8828683359010008
934.0 0.8859811204801403
934.5 0.8078203215552137
935.0 0.6757360319341523
935.5 1.4893014416889212
936.0 1.0102714033096067
936.5 0.6064417134936353
937.0 0.8513106285197937
937.5 0.9759018336969778
938.0 0.8980731088353853
938.5 0.9317020661726271
939.0 0.9400411680543941
939.5 0.8662866250334971
940.0 1.1038785612599367
940.5 0.8249615554576971
941.0 0.7113889239106621
941.5 0.6152986188038614
942.0 1.0638916542902588
942.5 1.347801716071739
943.0 1.031937549631714
943.5 1.2401780532427096
944.0 0.7203917284398694
944.5 0.7175871609704905
945.0 0.9866216069414304
945.5 0.7932326031597456
946.0 1.0396329633925312
946.5 0.9460264988288136
947.0 0.89855134980274
947.5 0.6540828263816361
948.0 0.8021748384722192
948.5 0.9549462491101828
949.0 0.7668617916965474
949.5 1.084005522515378
950.0 0.7563111227832491
950.5 0.8386707355956275
951.0 0.5891527256309165
951.5 0.9476758623873793
952.0 0.5767352676924735
952.5 0.8196495681992304
953.0 1.2267963471074825
953.5 0.6823204805424764
954.0 0.5379548990492447
954.5 1.2285371681519015
955.0 0.7246577440891615
955.5 0.8639861438718088
956.0 0.5433148812895454
956.5 0.7685622102708654
957.0 0.8109591998538452
957.5 0.9020399424847186
958.0 0.7720879047357254
958.5 0.9740820619511881
959.0 0.6670308733373096
959.5 0.8912862505405792
960.0 0.7619736234073536
960.5 0.6652629186199668
961.0 1.1320706365614877
961.5 0.8501560728851054
962.0 1.0167035334650807
962.5 0.7442423060675252
963.0 1.0727431391514202
963.5 0.9850898117058193
964.0 0.8900377178556729
964.5 1.3970113913184228
965.0 1.035142015448147
965.5 1.084690893847942
966.0 0.6205546213168434
966.5 1.2097221203591042
967.0 0.7720652095014022
967.5 0.8650080788815073
968.0 1.1361503910982655
968.5 0.670247030113758
969.0 0.6447728620196295
969.5 0.865024404230919
970.0 0.6684545985985813
970.5 0.7283660709652902
971.0 0.757107826822466
971.5 1.1806685181870118
972.0 1.1194881719218328
972.5 0.7391199857401936
973.0 1.0372188359045553
973.5 0.7487244231797292
974.0 1.3720227967581002
974.5 0.9815523042343437
975.0 1.4093280744597405
975.5 0.652131499449931
976.0 0.9267073594409995
976.5 0.9020181836828125
977.0 0.9143271361545555
977.5 0.6060511043893315
978.0 0.797985455143071
978.5 0.6548572673482062
979.0 0.7101300608889839
979.5 0.9038099073227631
980.0 1.0237603235375463
980.5 1.1783679211067888
981.0 0.5924077051291876
981.5 0.5170077055265005
982.0 0.8290978724475249
982.5 0.7353478443639216
983.0 0.5416040088306848
983.5 1.5381112266342696
984.0 0.667236814069068
984.5 0.9580440386960909
985.0 0.8987281851246679
985.5 1.0318053416313075
986.0 0.6237339004705151
986.5 0.6180161820979946
987.0 0.6982196092521762
987.5 0.652184241837163
988.0 0.9128195032143147
988.5 0.77215461855183
989.0 1.0940638812079242
989.5 0.9263017622393819
990.0 0.6652274256120502
990.5 0.9367309174853657
991.0 0.6750883153753499
991.5 0.2796000220360707
992.0 0.7663284814016265
992.5 0.9815344050696359
993.0 0.8227374371678298
993.5 0.8920607794492705
994.0 0.8199370720026218
994.5 0.7397319983173161
995.0 0.8543135274499052
995.5 0.9808042927872895
996.0 0.9192125652991372
996.5 1.1367123606442
997.0 0.6887280751867209
997.5 0.882162175709005
998.0 1.0953865490597885
998.5 0.7920941643598669
999.0 0.6923761881156383
999.5 0.5398240062246912
1000.0 0.7790206938980669
1000.5 0.6291500853972495
1001.0 0.7856828064266379
1001.5 0.8812284259578089
1002.0 1.3051086731823445
1002.5 1.1453819583701992
1003.0 0.744068666023554
1003.5 0.9789183242499029
1004.0 1.048062215978031
1004.5 1.2465447456038747
1005.0 0.8363710696207312
1005.5 1.5120813659960928
1006.0 0.976744193161585
1006.5 1.2210091543251913
1007.0 0.8100362415683479
1007.5 0.6678557536441473
1008.0 0.9107347781191035
1008.5 0.82324657599569
1009.0 1.0841297341460399
1009.5 0.6934691562993922
1010.0 0.6945189427784388
1010.5 0.6526199728592419
1011.0 0.7119577018868288
1011.5 0.8755069952676489
1012.0 1.1470556446830023
1012.5 0.7161805762999583
1013.0 0.8569543997446243
1013.5 0.9673176465273814
1014.0 0.9260433602061532
1014.5 0.9916576065451392
1015.0 0.7690565394165441
1015.5 1.2649034454987675
1016.0 0.9238374427310565
1016.5 0.49176398257220355
1017.0 0.9597677062224717
1017.5 0.9212996612967229
1018.0 1.3239333797355677
1018.5 0.44486909254144197
1019.0 0.6364813032114381
1019.5 1.0924485048562187
1020.0 1.0435809512507825
1020.5 0.8434925007741104
1021.0 1.0737247372879364
1021.5 1.0792399363805047
1022.0 0.7380475561920845
1022.5 0.6355469893564376
1023.0 0.9005363633131134
1023.5 0.7576734836610113
1024.0 0.7150300019468512
1024.5 1.0160183869271615
1025.0 0.8087526641104321
1025.5 1.0321539187161748
1026.0 0.9907970143403017
1026.5 0.7817530418925207
1027.0 1.1003977263003164
1027.5 0.7586192126277065
1028.0 0.9190568791866187
1028.5 0.7727093259978748
1029.0 0.9205867675391695
1029.5 1.2245932197643201
1030.0 0.8039550967473443
1030.5 1.4572991006373102
1031.0 0.7671112533781901
1031.5 0.5308444027381712
1032.0 1.2204360333129558
1032.5 0.9308319389022368
1033.0 0.4083157214531515
1033.5 0.466776509297721
1034.0 0.7795097409523256
1034.5 0.7045856408731113
1035.0 0.856357791656505
1035.5 0.9886162342187377
1036.0 1.1519459767905
1036.5 0.7915814746832688
1037.0 1.0950671364553686
1037.5 1.3094327396885874
1038.0 1.0249236993399546
1038.5 0.7534966947699654
1039.0 0.5984976734793215
1039.5 0.9937332710894669
1040.0 0.9735892575110272
1040.5 0.6808772184987816
1041.0 0.7188805678302788
1041.5 0.6836402090196603
1042.0 0.98468757980361
1042.5 0.4592166323319533
1043.0 0.7347934841669418
1043.5 0.7036938677495583
1044.0 0.9287455522174032
1044.5 0.7149749261878026
1045.0 1.2565632663812503
1045.5 0.845817540234572
1046.0 0.7911678689249467
1046.5 1.0873255223999696
1047.0 0.8132958058453692
1047.5 0.9147056964527638
1048.0 1.2221103767739394
1048.5 0.9787692832213342
1049.0 0.6108850824946013
1049.5 0.6909060010551826
1050.0 0.7495323896914108
1050.5 1.2352388523893614
1051.0 0.5709148663042432
1051.5 0.9923315076828605
1052.0 0.9279810845904317
1052.5 0.7040943602349652
1053.0 1.3080921885538097
1053.5 0.8388331633589079
1054.0 1.0326292355119429
1054.5 0.8055836569551158
1055.0 0.9134519530162923
1055.5 0.7029405573493243
1056.0 0.9831907705666012
1056.5 0.8215105383445751
1057.0 1.0993296540116844
1057.5 0.8209268230701685
1058.0 0.9813952897206094
1058.5 0.991176419988733
1059.0 0.6159393895693704
1059.5 0.608043530473195
1060.0 0.989273083992237
1060.5 0.7841741336392504
1061.0 0.6999173839517538
1061.5 0.8942633810498878
1062.0 0.7104506564874904
1062.5 0.7725136953021237
1063.0 0.831937626640868
1063.5 0.5825676588230555
1064.0 0.9548044306246577
1064.5 1.17593467332452
1065.0 0.5565417022053152
1065.5 0.5544932779616003
1066.0 1.2438432978006144
1066.5 0.9020623814820985
1067.0 0.8156610613529538
1067.5 0.7281649390646789
1068.0 0.7949655677138427
1068.5 0.8589332382355968
1069.0 1.0977051296562421
1069.5 0.8990504001934538
1070.0 0.9059395119101521
1070.5 0.7411246020128535
1071.0 0.588982595348548
1071.5 0.8249114854239346
1072.0 1.1164282815404158
1072.5 1.0767640161478025
1073.0 0.9737027561654221
1073.5 0.8166664138027538
1074.0 0.771929126693158
1074.5 1.0392416530166693
1075.0 0.8685233825882908
1075.5 0.8542161434397175
1076.0 1.4426090054736471
1076.5 1.0973841004252372
1077.0 1.1421092131275248
1077.5 0.9499098735620715
1078.0 1.0523442949086044
1078.5 1.118017135079532
1079.0 0.8808392612337625
1079.5 1.3118732698559787
1080.0 0.9348161434251976
1080.5 0.8310371390040563
1081.0 1.0777680610821663
1081.5 0.7608943123869443
1082.0 1.083924010146248
1082.5 0.7072916251625252
1083.0 0.7679114487516974
1083.5 0.8769165763703848
1084.0 0.6514216049312493
1084.5 0.8234787701668309
1085.0 1.2256069242045022
1085.5 0.3826453074060172
1086.0 0.5227821742663692
1086.5 0.9250710035196716
1087.0 0.8380453096800653
1087.5 0.8652401398784657
1088.0 0.876892571258169
1088.5 1.6777655271599228
1089.0 0.8664106914840812
1089.5 0.8802357956651667
1090.0 0.8375899391970912
1090.5 0.7260884710326303
1091.0 1.4127769046163259
1091.5 0.6752052206247119
1092.0 1.2524918020238371
1092.5 0.949447934299477
1093.0 1.2111667945599298
1093.5 0.8967900747756035
1094.0 0.9068217844987798
1094.5 0.9675917933189995
1095.0 1.2767094456717039
1095.5 0.878951934361534
1096.0 0.9686292838892179
1096.5 0.9912073910653876
1097.0 1.1095675061740742
1097.5 0.7670793814250294
1098.0 0.7759127540740116
1098.5 0.817585669025698
1099.0 0.44281758544892835
1099.5 1.4050165985900742
1100.0 0.8414905916367834
1100.5 0.4960227715243365
1101.0 1.0783716317730632
1101.5 0.5868934986273436
1102.0 1.0318009186713233
1102.5 1.1943370550819805
1103.0 1.5104544020270232
1103.5 0.8721904490218151
1104.0 0.990767684543753
1104.5 1.042981534885627
1105.0 0.9059232832632238
1105.5 0.6410670904015772
1106.0 0.6922995458858203
1106.5 1.3060866668439317
1107.0 0.7849377403101823
1107.5 0.9321810543862046
1108.0 1.0751181963340462
1108.5 0.9218471706943201
1109.0 0.6414620574611909
1109.5 0.6133458078496238
1110.0 0.6814256326150263
1110.5 0.9968533266231616
1111.0 0.9906395530639671
1111.5 1.015925441234932
1112.0 1.0833086205428604
1112.5 0.9751195528267511
1113.0 1.0286511357905943
1113.5 0.9487250780966077
1114.0 1.4064331273742878
1114.5 0.8454351487479697
1115.0 0.6686408183188994
1115.5 1.3744406644805331
1116.0 0.8389363156797041
1116.5 0.7073873750188111
1117.0 0.7812625611073454
1117.5 0.9908881651675376
1118.0 0.6005071376065643
1118.5 0.6434471737821823
1119.0 0.9312255171771104
1119.5 0.9686958438560561
1120.0 0.34521717379676387
1120.5 0.9614074474381364
1121.0 0.6565707209416947
1121.5 0.7294849466772504
1122.0 1.0631089716585762
1122.5 1.1091326712852227
1123.0 0.7556211596700495
1123.5 0.6584841108560675
1124.0 0.8316548009527688
1124.5 1.710828267799599
1125.0 0.9939742397357959
1125.5 0.9584554690319158
1126.0 0.7733196480199692
1126.5 0.9197892651552397
1127.0 0.8163552136674761
1127.5 0.8017482186275913
1128.0 0.832106774077368
1128.5 1.0696244062356444
1129.0 0.7500090671328628
1129.5 0.84211643485814
1130.0 0.9080699997624786
1130.5 0.9574849332395785
1131.0 0.8319109798822685
1131.5 1.2098671450206722
1132.0 0.7234626274492841
1132.5 1.303579145803209
1133.0 1.1634680476375279
1133.5 0.7805479638303203
1134.0 1.0298449194360735
1134.5 0.7434265252015337
1135.0 0.9039007580214067
1135.5 0.7545501052072525
1136.0 1.02907228125895
1136.5 0.9278165127235001
1137.0 0.8322940801122927
1137.5 1.0306719530580426
1138.0 0.7390938921931534
1138.5 1.014697931913245
1139.0 0.9017045353998865
1139.5 0.9211778646491551
1140.0 0.7282225674956927
1140.5 0.7683587045474292
1141.0 1.001037175971249
1141.5 1.1222895690052572
1142.0 1.2500338817175263
1142.5 0.5437200951711604
1143.0 1.6715337599926836
1143.5 1.268068739345964
1144.0 0.6663522438648952
1144.5 0.5070038341582703
1145.0 1.0358268565563433
1145.5 0.5502933021647951
1146.0 0.7022552806691771
1146.5 0.8093403471411369
1147.0 0.900266974684842
1147.5 1.0661981190876586
1148.0 1.1393014628521039
1148.5 1.031125292316934
1149.0 1.1150163714263455
1149.5 1.0485887191642
1150.0 0.9217472297794194
1150.5 0.6547865130849295
1151.0 1.0557942081989728
1151.5 0.9015290307750446
1152.0 0.7536022963426394
1152.5 0.8184056979490753
1153.0 0.6760185641714784
1153.5 0.6711128821364031
1154.0 0.7972472268974631
1154.5 0.7251718465881365
1155.0 1.0022763308870501
1155.5 0.9579494570009898
1156.0 1.4380792933765996
1156.5 1.0426945098575549
1157.0 0.8329119874258395
1157.5 1.265526298678556
1158.0 1.1749668368041977
1158.5 0.9883786118569327
1159.0 0.6125100398723562
1159.5 0.8327009459591816
1160.0 0.6805893891997368
1160.5 1.6138464288638912
1161.0 1.279566087135532
1161.5 0.797217965276931
1162.0 1.0542965451052175
1162.5 0.7563056656767562
1163.0 1.1312471162196678
1163.5 1.149332162652832
1164.0 0.6975610048428564
1164.5 1.0606412898561297
1165.0 0.6114997399492352
1165.5 0.7887793010340995
1166.0 0.7389459478412767
1166.5 0.9053400593401078
1167.0 0.6181324808681354
1167.5 0.567260512963967
1168.0 0.7873144908485523
1168.5 0.6272275389794987
1169.0 1.5429394482043444
1169.5 0.8835802422342101
1170.0 1.1384412283808296
1170.5 0.7147512778334187
1171.0 0.45051530034479875
1171.5 0.8212734564875241
1172.0 1.0665981678893468
1172.5 0.7619369169845096
1173.0 1.0599916421424433
1173.5 1.3244676231482249
1174.0 0.5944114112954598
1174.5 1.052771743548477
1175.0 0.7672997300849366
1175.5 0.9586916792937237
1176.0 1.2087041306634552
1176.5 0.7153640363122504
1177.0 1.2393271427549202
1177.5 1.1149499801573022
1178.0 1.402526678057447
1178.5 1.162854159246922
1179.0 0.4944105030099508
1179.5 0.9181950433145634
1180.0 1.0339657217440905
1180.5 0.7490238811991111
1181.0 0.8118020844025324
1181.5 0.8152825584090837
1182.0 1.69908062247146
1182.5 0.7469619986164746
1183.0 1.1927309543232423
1183.5 1.1783008643848245
1184.0 0.43506000565770325
1184.5 0.8437412343085517
1185.0 0.6177693351234043
1185.5 0.8794492700096426
1186.0 1.0491628455005584
1186.5 0.8626155513724846
1187.0 1.0376354909010226
1187.5 1.0547810657197934
1188.0 0.6575116021169558
1188.5 1.1161883132813442
1189.0 0.9053642749252755
1189.5 0.8974446154021094
1190.0 0.4274953654800213
1190.5 0.7524512550816165
1191.0 0.7715209722388673
1191.5 1.3199943128662008
1192.0 0.5680174103771648
1192.5 0.6077970282491856
1193.0 1.075609959012658
1193.5 1.0148735337452734
1194.0 0.6166881831292941
1194.5 1.4075414987688062
1195.0 0.6863620250202553
1195.5 1.0623967209237852
1196.0 0.46215369036977116
1196.5 1.2042453009772067
1197.0 0.9983639253440847
1197.5 0.8215628892643292
1198.0 0.6677018398950705
1198.5 0.676640186316521
1199.0 1.1223063168138396
1199.5 0.9292590198140835
1200.0 1.0564512126544787
1200.5 1.2587037779429733
1201.0 0.6251060919588363
1201.5 0.5075856331421489
1202.0 0.7263288079300114
1202.5 0.776387806639661
1203.0 0.7193394029962499
1203.5 0.8594223865948966
1204.0 1.2056224883443662
1204.5 1.019290283390856
1205.0 0.771476809499094
1205.5 1.273516786051462
1206.0 0.5355309225833847
1206.5 0.9957853053335837
1207.0 1.1138462987754112
1207.5 0.9471787308915232
1208.0 0.9087691995543398
1208.5 0.934747763572234
1209.0 0.6538810686881279
1209.5 0.9804320625419178
1210.0 0.9689169974241831
1210.5 0.7170209227060027
1211.0 0.9260598431130397
1211.5 1.062681344067402
1212.0 1.0967227194913032
1212.5 0.7399712226224122
1213.0 0.9374735619629434
1213.5 1.1020674571867262
1214.0 1.0703349577569463
1214.5 0.8613991998120787
1215.0 0.8428565524265719
1215.5 0.8855074366344031
1216.0 0.9039496628407129
1216.5 0.6375330947508815
1217.0 1.0181386329196114
1217.5 0.9559833158528294
1218.0 1.393801963537089
1218.5 0.36585294766805093
1219.0 1.2144089794125348
1219.5 0.7615112646126733
1220.0 0.6505760977865757
1220.5 1.0622626914776332
1221.0 0.7565117243443065
1221.5 0.7323554499612441
1222.0 0.684873126878246
1222.5 0.7246413982262241
1223.0 0.9917367631437585
1223.5 0.46488989183631446
1224.0 1.3391977091331126
1224.5 0.9906341573344286
1225.0 1.233119633373005
1225.5 0.625723869321497
1226.0 1.0133617445718328
1226.5 0.8139530147775568
1227.0 0.9902464889636708
1227.5 0.7815220837770257
1228.0 1.4459320546429753
1228.5 0.7958648173535203
1229.0 0.9595485572235425
1229.5 0.8112188906416722
1230.0 1.0246802978951872
1230.5 0.506151594214781
1231.0 0.7494893321419902
1231.5 1.0082618217464967
1232.0 0.5826383803589075
1232.5 0.6652887128443157
1233.0 1.0622431170551643
1233.5 0.7053453175394752
1234.0 0.6904731879777597
1234.5 1.212991421870718
1235.0 1.0772679289015008
1235.5 0.6923601307963967
1236.0 0.9137652174626749
1236.5 0.740070334244807
1237.0 0.6023413375369786
1237.5 0.8222196326730178
1238.0 0.5455644359140042
1238.5 1.1955050730158583
1239.0 0.7749822942156712
1239.5 1.024295677128047
1240.0 1.2655013163721027
1240.5 1.0572654461135917
1241.0 0.9034789442341924
1241.5 1.4233835348778108
1242.0 0.6672164772202753
1242.5 0.8812974483229347
1243.0 0.6351398067752427
1243.5 0.9547741423604934
1244.0 1.0718895083567765
1244.5 0.8943025893430777
1245.0 1.0604759135294735
1245.5 0.7435834367709293
1246.0 0.5378098826110003
1246.5 1.0947660491200506
1247.0 0.781922953394817
1247.5 0.7433514185411496
1248.0 0.9035934477121347
1248.5 0.9576125103707004
1249.0 0.5660707950062878
1249.5 0.8332412917592753
1250.0 0.7181116111630907
1250.5 0.8904835555763824
1251.0 0.5246323245948425
1251.5 1.0354097841510805
1252.0 0.8195446315789867
1252.5 0.27293521791192543
1253.0 0.8371066724682825
1253.5 0.910944788573753
1254.0 1.0697024599744378
1254.5 0.998268669720881
1255.0 0.7759239299681551
1255.5 1.0264185873276557
1256.0 0.5962812413173885
1256.5 0.8952026843709527
1257.0 0.6734059210581791
1257.5 0.5971825299300854
1258.0 1.039760414588717
1258.5 0.45468740348956677
1259.0 0.7394372024796677
1259.5 0.6361935633913529
1260.0 0.7454632631116265
1260.5 0.8195384205055979
1261.0 0.5208060381755754
1261.5 1.028833323970428
1262.0 1.0945359694745134
1262.5 0.7906389395759406
1263.0 1.3534321649527474
1263.5 1.2102431655204213
1264.0 0.8432246607889493
1264.5 1.4231613963840555
1265.0 0.9007318273704097
1265.5 0.6560136482449572
1266.0 0.8184386974329403
1266.5 0.6779813158758041
1267.0 1.2559650295759377
1267.5 1.1733007383878442
1268.0 0.7134552655383746
1268.5 0.8516414919714235
1269.0 0.839777997873635
1269.5 0.8248051611448814
1270.0 0.5778826691701726
1270.5 1.0789740175662175
1271.0 0.6432200137029451
1271.5 0.7911582840130512
1272.0 1.1699247720377113
1272.5 0.6455748919247781
1273.0 0.590435491430538
1273.5 0.6848798426800689
1274.0 0.8957951640577912
1274.5 0.5796330124505154
1275.0 0.6216922466531554
1275.5 0.7537347792249216
1276.0 0.9202642539205534
1276.5 1.090591126846245
1277.0 0.8515412552590724
1277.5 0.6510739531373022
1278.0 0.8235473351156559
1278.5 1.1306454646423227
1279.0 1.4294893270935254
1279.5 1.369793834822349
1280.0 0.9167223704633987
1280.5 1.072071906293796
1281.0 0.7378184005480943
1281.5 1.226157107723992
1282.0 0.5282018620724777
1282.5 0.7655169365411756
1283.0 0.8911939296720652
1283.5 0.9154483028450058
1284.0 0.7048124421824039
1284.5 1.1702625909198927
1285.0 0.8473500612268556
1285.5 0.6914881437608285
1286.0 0.8680540723030781
1286.5 0.6391384952175645
1287.0 0.9958258702148701
1287.5 1.0299312190121233
1288.0 0.8783079709251083
1288.5 1.3111585378775974
1289.0 0.721262009811931
1289.5 1.1656768559189155
1290.0 0.697364447674531
1290.5 1.2118637687092675
1291.0 0.9831098991328593
1291.5 0.5265195414858768
1292.0 1.204732324421533
1292.5 0.9179496520815587
1293.0 1.0618937608573273
1293.5 0.9105631710960116
1294.0 0.7958359044969368
1294.5 0.928735244993775
1295.0 0.6385979343166739
1295.5 0.7111385032849467
1296.0 0.7750243729128072
1296.5 0.8509963774982596
1297.0 1.6344917909611685
1297.5 1.021536990737083
1298.0 0.8847376289515717
1298.5 0.6810461703207693
1299.0 0.6030794411238373
1299.5 0.4993827144833357
1300.0 0.9736680763745724
1300.5 0.6896109233788852
1301.0 0.9133310051331798
1301.5 0.6166640138009815
1302.0 0.8878225008969275
1302.5 1.0204431828674678
1303.0 0.909680863877178
1303.5 1.5279589368046218
1304.0 0.9418397067196569
1304.5 0.6018923171587585
1305.0 0.7506340097379796
1305.5 0.7025044144226286
1306.0 0.9106482428990168
1306.5 1.0215262013271693
1307.0 0.676978590153396
1307.5 0.7500361048568613
1308.0 0.9243679041000118
1308.5 0.9982151214014454
1309.0 1.2417858264015411
1309.5 1.1069477441397408
1310.0 0.7516211941857422
1310.5 0.6767330121389605
1311.0 0.8722277961677296
1311.5 1.2424219564761267
1312.0 1.1457977762997404
1312.5 1.072236438794647
1313.0 0.905825134455322
1313.5 1.0242520698477913
1314.0 0.8814357791688289
1314.5 1.173540263308308
1315.0 1.019862073260651
1315.5 0.920762506257627
1316.0 0.7603581783956359
1316.5 1.193352756423617
1317.0 0.7597353791273402
1317.5 0.8572815567286005
1318.0 0.7268195364139466
1318.5 0.9897079599744294
1319.0 0.5830149220187054
1319.5 0.8667151066473233
1320.0 0.8617793477278162
1320.5 1.0682172418886153
1321.0 0.9719216680198923
1321.5 0.8276098248753447
1322.0 0.9662403081062094
1322.5 0.708010798956608
1323.0 1.1970487661262432
1323.5 1.37438061666332
1324.0 0.5569611575340416
1324.5 1.00056003871277
1325.0 0.777304395059695
1325.5 1.2377594786109432
1326.0 0.6242034045711504
1326.5 0.9557184122098393
1327.0 0.6143831558104338
1327.5 0.8746899782487526
1328.0 0.6556392710071768
1328.5 0.6282519087688505
1329.0 0.7190874316775612
1329.5 0.8018501827705498
1330.0 0.5710706778219246
1330.5 0.7852961984844868
1331.0 1.11708229131475
1331.5 1.171543005470837
1332.0 0.6921290376968419
1332.5 0.951597232235914
1333.0 0.9007059295898926
1333.5 0.9613921898637605
1334.0 1.2254571748952734
1334.5 1.2544089952130015
1335.0 1.1078906504130643
1335.5 0.5306620225886398
1336.0 0.7282312676440381
1336.5 0.8210406200881148
1337.0 1.5030659159591542
1337.5 0.9545899445473256
1338.0 0.7110435054541708
1338.5 0.8360506630408724
1339.0 0.7883582524649597
1339.5 0.7875540670147234
1340.0 0.7750719403388806
1340.5 0.6011608198609463
1341.0 1.3671238412303928
1341.5 1.2137026881898842
1342.0 0.5626257993339681
1342.5 0.8724990934515569
1343.0 0.8834472253594916
1343.5 0.8589493551242678
1344.0 0.9852003277549783
1344.5 0.9295608536228779
1345.0 1.3322627322574359
1345.5 1.5041299112641808
1346.0 1.4349887492075961
1346.5 1.108640646215438
1347.0 0.5657787340418006
1347.5 0.4771783004910567
1348.0 1.27441509985273
1348.5 1.1367691517505552
1349.0 0.8603107621140527
1349.5 0.8102112874015179
1350.0 0.9702256729222404
1350.5 0.8537209284209923
1351.0 0.585558210069935
1351.5 1.1542179631247094
1352.0 0.6356226441675068
1352.5 0.8654752357226181
1353.0 0.6132243478311077
1353.5 0.7875369104167779
1354.0 1.3362122562856888
1354.5 0.7255130322493839
1355.0 0.7081240026428876
1355.5 1.408200463696092
1356.0 0.7318688397233033
1356.5 0.7752369675744626
1357.0 0.6403367854966158
1357.5 1.1502624719117869
1358.0 0.9464121280383332
1358.5 1.0413803111005562
1359.0 0.9882885779299471
1359.5 0.9231219392573472
1360.0 0.7141060595816553
1360.5 1.24403366292638
1361.0 0.8307496008053824
1361.5 1.426051080945002
1362.0 1.1595413121894969
1362.5 1.1265040829279962
1363.0 0.8552192499580824
1363.5 0.647031658075731
1364.0 0.808439285777069
1364.5 0.8514576397269881
1365.0 0.864375603702699
1365.5 1.1930749025072456
1366.0 0.6513856032916239
1366.5 0.7495209728102535
1367.0 1.1026296120810797
1367.5 1.0555408443285863
1368.0 0.6775290940725456
1368.5 1.1056655425512834
1369.0 1.055696051939113
1369.5 0.8660880548099494
1370.0 0.7734879033403799
1370.5 0.7141355510574978
1371.0 1.258037769232705
1371.5 0.909227307478274
1372.0 0.6528129906297916
1372.5 0.7777287078829646
1373.0 0.8557440039207178
1373.5 1.0409279940179823
1374.0 0.886843311504506
1374.5 0.8551153606393125
1375.0 0.6626058636725936
1375.5 1.0453736148956356
1376.0 1.0733017393446365
1376.5 0.7300035666565574
1377.0 0.219604159331304
1377.5 0.6970126775670151
1378.0 0.6859584671382428
1378.5 0.7647822974009004
1379.0 0.7553801227357319
1379.5 0.9719971984270861
1380.0 0.9396864327751877
1380.5 1.194775245616122
1381.0 1.2617960550659024
1381.5 1.4208928803570195
1382.0 0.7838850117363055
1382.5 1.1253319415110867
1383.0 1.1631096457670234
1383.5 0.8849813604421004
1384.0 0.5510123078816247
1384.5 0.7763150173862237
1385.0 0.742532331378051
1385.5 0.8771081065164185
1386.0 0.9239515177721194
1386.5 1.1937725815874356
1387.0 0.6841896676202033
1387.5 1.0246093221380614
1388.0 0.8364287760898184
1388.5 0.9168826889007847
1389.0 1.2486239757909328
1389.5 0.7524845711738077
1390.0 0.9800881661904575
1390.5 0.8607773645630865
1391.0 0.5041063675564335
1391.5 0.943024911896575
1392.0 0.8862263470497883
1392.5 0.8052816131198763
1393.0 0.6961770112598339
1393.5 1.102858177665534
1394.0 1.044499375536204
1394.5 1.241116312421919
1395.0 0.6891959598976672
1395.5 0.9642669198249608
1396.0 0.905754131636527
1396.5 0.7451290661959887
1397.0 0.7021341146334766
1397.5 0.633144125713604
1398.0 0.7923603380334749
1398.5 0.8931597267409241
1399.0 0.8008199313187803
1399.5 1.0392296666833603
1400.0 0.7566041073587213
1400.5 0.86322012212865
1401.0 0.9552985628325011
1401.5 0.9542203100439314
1402.0 0.7120311374891165
1402.5 0.6403539892718392
1403.0 0.8110858151698064
1403.5 0.6227493654383313
1404.0 0.8294489068987466
1404.5 0.9908494538248607
1405.0 0.5166627319286607
1405.5 0.8054404451461787
1406.0 0.8409370048232
1406.5 0.6826877068037658
1407.0 0.9587592355414445
1407.5 0.724164133778344
1408.0 0.7268690892155083
1408.5 0.6790712851564431
1409.0 1.0498575910830148
1409.5 1.0854532104399344
1410.0 0.7278646268555761
1410.5 0.8160341904706336
1411.0 0.8811927636476189
1411.5 0.4862096760904262
1412.0 0.510108254607927
1412.5 1.0057385256581108
1413.0 0.9044033928793919
1413.5 1.1394222105383394
1414.0 1.2754476100154744
1414.5 1.1003814809604875
1415.0 1.0453978007995304
1415.5 0.7286267836476628
1416.0 0.5860615995494693
1416.5 0.6024554054334037
1417.0 0.9164997314479277
1417.5 1.1736966889694767
1418.0 0.7835258667271222
1418.5 0.6427949066190822
1419.0 1.3030665444876397
1419.5 0.5688831619412986
1420.0 0.5650865126141651
1420.5 0.7347969898309237
1421.0 1.2169483470662543
1421.5 0.816269473674614
1422.0 0.7020561004724297
1422.5 0.7019489414458564
1423.0 0.9674055732070546
1423.5 1.1614482700907425
1424.0 0.7481857559931507
1424.5 0.4540635720662126
1425.0 1.0294469669481006
1425.5 1.2432555029768397
1426.0 1.0316237417513427
1426.5 0.848384102877817
1427.0 0.8375203320306585
1427.5 0.7995736663701699
1428.0 1.063956050077706
1428.5 0.5682057259029833
1429.0 0.844093587071681
1429.5 0.895475879075545
1430.0 0.5748806825927362
1430.5 0.47327825294056103
1431.0 1.2782669672895093
1431.5 0.4200358730759907
1432.0 0.7229786430906376
1432.5 1.199737237899608
1433.0 0.7442976559417478
1433.5 0.7874850134060947
1434.0 1.0176893881280646
1434.5 0.7781992233887135
1435.0 1.1437960721595672
1435.5 0.5435409082743963
1436.0 0.5447107229395552
1436.5 0.9089036124985983
1437.0 0.7913347540964304
1437.5 0.810636374784223
1438.0 0.8504106465612232
1438.5 0.7764275312007191
1439.0 0.8532554433034875
